n_nodes,influence,n0,n1,n2,n3,n4,n5,n6
7,1196.7700,388,71430,33735,21006,16242,2675,12191
7,1184.6500,21006,388,71430,68366,16242,12191,2675
7,1182.3500,21006,388,71430,68366,16242,12191,2675
7,1181.6400,388,71430,7604,21006,16242,63539,2675
7,1181.4000,21006,388,71430,68366,16242,12191,2675
7,1181.4000,21006,388,71430,68366,16242,12191,2675
7,1181.4000,21006,388,71430,68366,16242,12191,2675
7,1181.4000,21006,388,71430,68366,16242,12191,2675
7,1181.4000,21006,388,71430,68366,16242,12191,2675
7,1173.3500,21006,388,71430,68366,16242,12191,2675
7,1168.0400,388,71430,7604,21006,16242,63539,2675
7,1168.0400,388,71430,7604,21006,16242,63539,2675
7,1168.0400,388,71430,7604,21006,16242,63539,2675
7,1168.0400,388,71430,7604,21006,16242,63539,2675
7,1168.0400,388,71430,7604,21006,16242,63539,2675
7,1167.6400,388,71430,68366,21006,16242,7520,2675
