n_nodes,influence,n0,n1,n2,n3,n4
5,708.4000,815,424,752,537,928
5,708.4000,815,424,752,537,928
5,708.4000,815,424,752,537,928
5,708.4000,815,424,752,537,928
5,708.4000,815,424,752,537,928
5,708.4000,815,424,752,537,928
5,708.4000,815,424,752,537,928
5,708.4000,815,424,752,537,928
5,708.4000,815,424,752,537,928
5,708.4000,815,424,752,537,928
5,708.4000,815,424,752,537,928
5,708.4000,815,424,752,537,928
5,708.4000,815,424,752,537,928
5,708.4000,815,424,752,537,928
5,708.4000,815,424,752,537,928
5,708.4000,815,424,752,537,928
