num_genrations,diversity,improvement,best_fitness
0,0.9986464646464647,0,45.13
1,0.9254545454545454,0.12430755594947926,50.74
2,0.7379595959595959,0.364406779661017,69.23
3,0.7360808080808081,0.3154701718907986,91.07
4,0.5284646464646465,0.08444054024376867,98.76
5,0.5094747474747474,0.2943499392466585,127.83
6,0.3694141414141413,0.08425252288195256,138.6
7,0.2969090909090909,0.11926406926406928,155.13
8,0.25056565656565655,0.02565590150196621,159.11
9,0.1806464646464646,0.02847086920998034,163.64
10,0.26428282828282856,0.04589342459056477,171.15
11,0.21228282828282796,0.050014607069821804,179.71
12,0.16268686868686866,0.018752434477769763,183.08
13,0.05181818181818154,0.018844221105527574,186.53
14,0.0547676767676768,0.0,186.53
15,0.07054545454545447,0.05907896853053134,197.55
16,0.07248484848484793,0.006479372310807396,198.83
17,0.013151515151514803,0.0009052959814916179,199.01
18,0.0019999999999995577,0.0,199.01
19,0.0,0.0,199.01
20,0.0,0.0,199.01
21,0.0019999999999995577,0.0,199.01
22,0.0,0.0,199.01
23,0.0,0.0,199.01
24,0.0,0.0,199.01
25,0.0,0.0,199.01
26,0.0,0.0,199.01
27,0.0019999999999995577,0.0,199.01
28,0.0019999999999995577,0.009346264006833896,200.87
29,0.022848484848484563,0.0,200.87
30,0.04999999999999971,0.0,200.87
31,0.022848484848484563,0.0018419873550057477,201.24
32,0.007757575757576185,0.0,201.24
33,0.009757575757575854,0.0019876764062809445,201.64
34,0.0,0.0007439000198373621,201.79
35,0.0,0.0,201.79
36,0.0019999999999995577,0.0,201.79
37,0.0,0.0,201.79
38,0.0,0.0,201.79
39,0.0,0.0,201.79
40,0.0,0.0,201.79
41,0.0,0.009613955101838535,203.73
42,0.0,0.0,203.73
43,0.0,0.0,203.73
44,0.0,0.0,203.73
45,0.0019999999999995577,0.0,203.73
46,0.0,0.0,203.73
47,0.0,0.0,203.73
48,0.0,0.0,203.73
49,0.0019999999999995577,0.0,203.73
50,0.0019999999999995577,0.0,203.73
51,0.0,0.0,203.73
52,0.0019999999999995577,0.0,203.73
53,0.0019999999999995577,0.0,203.73
54,0.0019999999999995577,0.0,203.73
55,0.0,0.0,203.73
56,0.0040000000000000036,0.0,203.73
57,0.0,0.0,203.73
58,0.0,0.0,203.73
59,0.0,0.0010798605998134732,203.95
60,0.0,0.0030399607746997037,204.57
61,0.0,0.0,204.57
62,0.0,0.0,204.57
63,0.0,0.0,204.57
64,0.0,0.0,204.57
65,0.0019999999999995577,0.0,204.57
66,0.0,0.0,204.57
67,0.0019999999999995577,0.0,204.57
68,0.0,0.0,204.57
69,0.0,0.0,204.57
70,0.0019999999999995577,0.0,204.57
71,0.0019999999999995577,0.0,204.57
72,0.0019999999999995577,0.0,204.57
73,0.0,0.0,204.57
74,0.0,0.0,204.57
75,0.0,0.0,204.57
76,0.0019999999999995577,0.0,204.57
77,0.0,0.0,204.57
78,0.0,0.0,204.57
79,0.0,0.0,204.57
80,0.0019999999999995577,0.0,204.57
81,0.0019999999999995577,0.0,204.57
82,0.0,0.0,204.57
83,0.0,0.0,204.57
84,0.0,0.0,204.57
85,0.0,0.0,204.57
86,0.0019999999999995577,0.0,204.57
87,0.0,0.0,204.57
88,0.0,0.0,204.57
89,0.0019999999999995577,0.0,204.57
90,0.0,0.0,204.57
91,0.0019999999999995577,0.0,204.57
92,0.0,0.0,204.57
93,0.0019999999999995577,0.0,204.57
94,0.0,0.0,204.57
95,0.0,0.0,204.57
96,0.0,0.0,204.57
97,0.0,0.0,204.57
98,0.0,0.0,204.57
99,0.0,0.0,204.57
100,0.0,0.0,204.57
