generation number, pop_size, worst, best, median, avg, std, diversity, improvement, number_of_selections
0, 10, 3.01, 3.1, 3.035, 3.043, 0.026851443164195132,0.9555555555555556,0,[1.e-300]
1, 10, 3.01, 3.14, 3.05, 3.058, 0.038935844667863664,0.7925925925925926,0.012903225806451623,[10.]
2, 10, 3.03, 3.14, 3.0549999999999997, 3.069, 0.03505709628591625,0.6666666666666666,0.0,[20.]
3, 10, 3.01, 3.14, 3.07, 3.075, 0.04387482193696064,0.7777777777777778,0.0,[30.]
4, 10, 3.05, 3.14, 3.085, 3.0900000000000003, 0.03224903099319424,0.7185185185185186,0.0,[40.]
5, 10, 3.04, 3.14, 3.065, 3.078, 0.03736308338453882,0.6814814814814816,0.0,[50.]
6, 10, 3.03, 3.14, 3.0549999999999997, 3.07, 0.03633180424916993,0.711111111111111,0.0,[60.]
7, 10, 3.02, 3.14, 3.075, 3.0780000000000003, 0.0444522215417858,0.8518518518518519,0.0,[70.]
8, 10, 3.03, 3.22, 3.075, 3.091, 0.05430469592954192,0.7037037037037037,0.02547770700636945,[80.]
9, 10, 3.02, 3.22, 3.0999999999999996, 3.099, 0.06670082458260924,0.7185185185185186,0.0,[90.]
10, 10, 3.02, 3.24, 3.15, 3.13, 0.08366600265340762,0.7259259259259259,0.006211180124223607,[100.]
