num_genrations,diversity,improvement,best_fitness
0,1.0,0,1177.7599999999973
1,0.81,0.054306480097812956,1241.7199999999973
2,0.30833333333333335,0.0021744032471088903,1244.4199999999973
3,0.30499999999999994,0.0,1244.4199999999973
4,0.22999999999999987,0.0,1244.4199999999973
5,0.02499999999999991,0.09975731666157721,1368.559999999997
6,0.06499999999999995,0.0,1368.559999999997
7,0.1433333333333331,0.0,1368.559999999997
8,0.12166666666666659,0.3285058747881006,1818.139999999999
9,0.20999999999999996,0.0,1818.139999999999
10,0.07333333333333325,0.03851188577337255,1888.1599999999985
11,0.09333333333333327,-0.03431912549783893,1823.359999999999
12,0.1499999999999998,-0.0006745787995789346,1822.1299999999987
13,0.17333333333333312,0.008940086601943864,1838.4199999999987
14,0.15833333333333321,0.07251879331164807,1971.7399999999986
15,0.17666666666666664,0.009494152373030947,1990.4599999999987
16,0.11499999999999977,0.0,1990.4599999999987
17,0.04833333333333323,0.0,1990.4599999999987
18,0.050000000000000044,0.6017453252012095,3188.2099999999973
19,0.050000000000000044,0.0,3188.2099999999973
20,0.1383333333333333,0.0,3188.2099999999973
21,0.23833333333333329,0.0,3188.2099999999973
22,0.050000000000000044,0.01502724099102628,3236.119999999997
23,0.10499999999999998,0.0,3236.119999999997
24,0.09333333333333327,0.0,3236.119999999997
25,0.1316666666666666,0.04241190067117416,3373.369999999997
26,0.15666666666666673,-0.036773315705066534,3249.319999999997
27,0.046666666666666634,0.0,3249.319999999997
28,0.09166666666666645,0.0,3249.319999999997
29,0.04833333333333323,0.0793919958637501,3507.2899999999972
30,0.09166666666666656,0.0,3507.2899999999972
