generation number, individual number, fitness, candidate
0, 0, 2.12, [3100, 2464]
0, 1, 2.1, [3746, 546]
0, 2, 2.08, [1831, 3740]
0, 3, 2.06, [1896, 3755]
0, 4, 2.06, [2229, 3733]
0, 5, 2.03, [1896, 3102]
0, 6, 2.02, [4301, 1040]
0, 7, 2.01, [3102, 282]
0, 8, 2.01, [1896, 1834]
0, 9, 2.0, [1541, 4301]
1, 0, 2.2, [3746, 1829]
1, 1, 2.14, [3100, 3736]
1, 2, 2.14, [3758, 1322]
1, 3, 2.14, [4301, 3749]
1, 4, 2.12, [3100, 2464]
1, 5, 2.11, [3100, 2261]
1, 6, 2.11, [3740, 1825]
1, 7, 2.1, [3746, 546]
1, 8, 2.06, [3744, 3777]
1, 9, 2.05, [3746, 699]
2, 0, 2.21, [3744, 3736]
2, 1, 2.2, [3746, 1829]
2, 2, 2.17, [3746, 3744]
2, 3, 2.15, [3755, 3749]
2, 4, 2.14, [3100, 3736]
2, 5, 2.12, [3741, 1829]
2, 6, 2.1, [3746, 291]
2, 7, 2.08, [4301, 1831]
2, 8, 2.07, [1315, 77]
2, 9, 2.06, [1834, 1829]
3, 0, 2.21, [3744, 3736]
3, 1, 2.2, [3746, 1829]
3, 2, 2.15, [3744, 1831]
3, 3, 2.14, [3744, 3740]
3, 4, 2.13, [3747, 3736]
3, 5, 2.13, [3755, 3746]
3, 6, 2.12, [3748, 3749]
3, 7, 2.08, [3746, 3754]
3, 8, 2.04, [996, 1829]
3, 9, 2.04, [1321, 702]
4, 0, 2.21, [3744, 3736]
4, 1, 2.2, [3746, 1829]
4, 2, 2.15, [3746, 3737]
4, 3, 2.14, [3750, 3736]
4, 4, 2.14, [3744, 1825]
4, 5, 2.12, [3746, 3737]
4, 6, 2.11, [3744, 2463]
4, 7, 2.11, [3747, 1831]
4, 8, 2.11, [3744, 2463]
4, 9, 2.08, [3746, 1541]
5, 0, 2.21, [3744, 3736]
5, 1, 2.2, [3746, 1829]
5, 2, 2.18, [3746, 3749]
5, 3, 2.15, [3746, 3749]
5, 4, 2.13, [3736, 1605]
5, 5, 2.13, [3744, 270]
5, 6, 2.12, [3749, 1829]
5, 7, 2.12, [3752, 3737]
5, 8, 2.11, [693, 2229]
5, 9, 2.08, [3748, 3737]
6, 0, 2.21, [3744, 3736]
6, 1, 2.2, [3746, 1829]
6, 2, 2.17, [3746, 3755]
6, 3, 2.16, [3746, 3743]
6, 4, 2.16, [3744, 2463]
6, 5, 2.14, [3744, 3752]
6, 6, 2.14, [3736, 1825]
6, 7, 2.11, [3747, 3741]
6, 8, 2.1, [3746, 3755]
6, 9, 2.1, [3100, 282]
7, 0, 2.21, [3744, 3736]
7, 1, 2.2, [3746, 1829]
7, 2, 2.16, [3746, 1825]
7, 3, 2.15, [3100, 3755]
7, 4, 2.11, [3741, 1829]
7, 5, 2.11, [3100, 3743]
7, 6, 2.1, [2490, 3736]
7, 7, 2.07, [3761, 3743]
7, 8, 2.03, [3102, 3761]
7, 9, 2.02, [693, 4301]
8, 0, 2.33, [3747, 3736]
8, 1, 2.21, [3744, 3736]
8, 2, 2.2, [3746, 1829]
8, 3, 2.16, [3744, 1825]
8, 4, 2.13, [3744, 1831]
8, 5, 2.12, [3758, 1825]
8, 6, 2.1, [3746, 3742]
8, 7, 2.1, [3746, 3755]
8, 8, 2.07, [3100, 1831]
8, 9, 2.07, [3745, 3736]
9, 0, 2.33, [3747, 3736]
9, 1, 2.21, [3744, 3736]
9, 2, 2.13, [3747, 1831]
9, 3, 2.12, [689, 4794]
9, 4, 2.1, [3747, 3736]
9, 5, 2.1, [3746, 3754]
9, 6, 2.07, [3747, 1830]
9, 7, 2.07, [270, 2595]
9, 8, 2.06, [287, 3746]
9, 9, 2.02, [4108, 72]
10, 0, 2.33, [3747, 3736]
10, 1, 2.21, [3744, 3736]
10, 2, 2.12, [689, 270]
10, 3, 2.12, [3747, 1588]
10, 4, 2.11, [3747, 1322]
10, 5, 2.1, [1830, 3741]
10, 6, 2.09, [3744, 3777]
10, 7, 2.08, [3735, 3750]
10, 8, 2.07, [3747, 293]
10, 9, 2.07, [3739, 699]
