generation number, individual number, fitness, candidate
0, 0, 16.01, [285, 11388, 73932]
0, 1, 15.89, [91978, 47392, 70193]
0, 2, 12.74, [62858, 70193, 70364]
0, 3, 12.18, [13042, 88, 85838]
0, 4, 11.54, [96144, 46, 14201]
0, 5, 11.49, [94016, 286, 14200]
0, 6, 11.23, [76776, 70364, 13042]
0, 7, 10.19, [12067, 46, 14198]
0, 8, 9.59, [285, 88, 278]
0, 9, 7.44, [281, 86, 80449]
1, 0, 16.01, [285, 11388, 73932]
1, 1, 15.89, [91978, 47392, 70193]
1, 2, 15.37, [98065, 11388, 286]
1, 3, 15.06, [285, 11388, 85839]
1, 4, 13.58, [96148, 283, 144434]
1, 5, 13.52, [90, 11388, 130282]
1, 6, 12.97, [285, 12067, 70193]
1, 7, 12.81, [91978, 70197, 70193]
1, 8, 12.23, [62858, 66171, 47392]
1, 9, 11.57, [96148, 47392, 73932]
2, 0, 20.27, [98065, 11388, 66076]
2, 1, 16.16, [76776, 11388, 56239]
2, 2, 16.01, [285, 11388, 73932]
2, 3, 15.89, [91978, 47392, 70193]
2, 4, 13.24, [285, 11388, 93406]
2, 5, 12.7, [98065, 11387, 73932]
2, 6, 12.28, [91978, 11387, 73932]
2, 7, 11.97, [90, 11388, 286]
2, 8, 11.66, [285, 42918, 70193]
2, 9, 10.0, [91978, 47392, 85839]
3, 0, 20.27, [98065, 11388, 66076]
3, 1, 18.01, [70364, 11388, 66076]
3, 2, 17.7, [286, 76776, 66076]
3, 3, 17.58, [98062, 11388, 70193]
3, 4, 16.3, [98065, 11925, 66076]
3, 5, 16.16, [76776, 11388, 56239]
3, 6, 15.5, [91978, 98062, 70193]
3, 7, 15.42, [66076, 1060, 96147]
3, 8, 12.62, [76776, 11387, 56239]
3, 9, 12.58, [80449, 11388, 56239]
4, 0, 20.28, [98062, 11388, 66076]
4, 1, 20.27, [98065, 11388, 66076]
4, 2, 19.03, [285, 11388, 66076]
4, 3, 18.01, [70364, 11388, 66076]
4, 4, 16.68, [70364, 73932, 66076]
4, 5, 14.22, [286, 11388, 70194]
4, 6, 13.14, [70364, 12067, 66076]
4, 7, 12.94, [286, 11388, 56237]
4, 8, 12.55, [98065, 76776, 66079]
4, 9, 11.83, [98065, 76776, 558]
5, 0, 20.39, [144434, 11388, 66076]
5, 1, 20.28, [98062, 11388, 66076]
5, 2, 20.27, [98065, 11388, 66076]
5, 3, 19.05, [98062, 73932, 66076]
5, 4, 18.92, [80450, 11388, 66076]
5, 5, 16.98, [80449, 11388, 66076]
5, 6, 16.92, [98062, 56241, 66076]
5, 7, 12.73, [70364, 11388, 70195]
5, 8, 9.08, [126458, 558, 62858]
5, 9, 8.18, [86543, 80450, 73931]
6, 0, 20.59, [144434, 11388, 66076]
6, 1, 20.39, [144434, 11388, 66076]
6, 2, 20.28, [98062, 11388, 66076]
6, 3, 16.55, [144434, 93407, 66076]
6, 4, 14.61, [1062, 80450, 66076]
6, 5, 14.07, [40786, 46, 66076]
6, 6, 13.54, [127089, 70196, 66076]
6, 7, 13.38, [90, 11388, 14201]
6, 8, 13.2, [85838, 40786, 66076]
6, 9, 12.59, [98062, 11387, 96148]
7, 0, 21.0, [144434, 11388, 66076]
7, 1, 20.59, [144434, 11388, 66076]
7, 2, 20.39, [144434, 11388, 66076]
7, 3, 17.46, [144434, 11925, 66076]
7, 4, 14.19, [144434, 11388, 47500]
7, 5, 13.64, [98062, 11388, 70195]
7, 6, 12.36, [144434, 59751, 11925]
7, 7, 10.63, [144434, 11387, 113477]
7, 8, 10.23, [144434, 127089, 14199]
7, 9, 10.04, [144434, 66078, 1927]
8, 0, 21.0, [144434, 11388, 66076]
8, 1, 20.59, [144434, 11388, 66076]
8, 2, 19.84, [73932, 11388, 66076]
8, 3, 19.14, [98065, 11388, 66076]
8, 4, 15.59, [94015, 96144, 66076]
8, 5, 15.21, [1927, 47392, 66076]
8, 6, 12.81, [127089, 11388, 1060]
8, 7, 12.38, [144434, 11925, 90]
8, 8, 12.29, [87, 56241, 76776]
8, 9, 10.84, [144434, 80449, 14198]
9, 0, 21.0, [144434, 11388, 66076]
9, 1, 20.59, [144434, 11388, 66076]
9, 2, 18.44, [284, 144434, 66076]
9, 3, 17.39, [86543, 11388, 66076]
9, 4, 15.05, [144434, 11388, 90]
9, 5, 14.21, [98065, 47392, 70194]
9, 6, 12.67, [283, 113477, 66076]
9, 7, 11.78, [144434, 77088, 56241]
9, 8, 11.17, [144434, 96144, 121382]
9, 9, 10.8, [85839, 281, 66171]
10, 0, 21.0, [144434, 11388, 66076]
10, 1, 20.59, [144434, 11388, 66076]
10, 2, 17.35, [144434, 11387, 66076]
10, 3, 16.68, [127089, 96147, 66076]
10, 4, 16.59, [144434, 12067, 66076]
10, 5, 10.93, [144434, 98062, 70194]
10, 6, 10.78, [13042, 127089, 90]
10, 7, 10.45, [144434, 281, 70195]
10, 8, 10.02, [88, 11387, 821]
10, 9, 9.25, [93406, 121382, 85838]
11, 0, 21.0, [144434, 11388, 66076]
11, 1, 20.59, [144434, 11388, 66076]
11, 2, 18.85, [100807, 11388, 66076]
11, 3, 17.32, [98065, 96147, 66076]
11, 4, 14.34, [144434, 13042, 70196]
11, 5, 14.25, [144434, 14200, 62858]
11, 6, 13.67, [76776, 11388, 1060]
11, 7, 13.61, [144434, 11388, 100807]
11, 8, 13.12, [98065, 89, 124712]
11, 9, 9.47, [98065, 121382, 14223]
12, 0, 21.0, [144434, 11388, 66076]
12, 1, 20.59, [144434, 11388, 66076]
12, 2, 17.96, [144434, 11388, 70193]
12, 3, 17.57, [144434, 11387, 66076]
12, 4, 17.45, [98065, 11388, 70193]
12, 5, 17.22, [98065, 13042, 66076]
12, 6, 13.94, [100807, 93408, 66076]
12, 7, 13.83, [98065, 81178, 66076]
12, 8, 12.31, [148118, 1927, 66076]
12, 9, 8.24, [66079, 14197, 40787]
13, 0, 21.0, [144434, 11388, 66076]
13, 1, 20.59, [144434, 11388, 66076]
13, 2, 17.08, [144434, 11387, 66076]
13, 3, 15.83, [144434, 279, 70193]
13, 4, 14.63, [96148, 11388, 46]
13, 5, 14.03, [285, 11388, 127089]
13, 6, 13.36, [126458, 11388, 70194]
13, 7, 11.99, [144434, 70197, 86]
13, 8, 11.15, [47500, 76776, 130282]
13, 9, 10.82, [12067, 11388, 56240]
14, 0, 21.0, [144434, 11388, 66076]
14, 1, 20.59, [144434, 11388, 66076]
14, 2, 17.55, [144434, 85838, 66076]
14, 3, 17.45, [144434, 90, 66076]
14, 4, 16.84, [285, 11388, 70193]
14, 5, 16.68, [144434, 12067, 66076]
14, 6, 16.27, [94016, 11388, 70193]
14, 7, 16.09, [47392, 12067, 66076]
14, 8, 13.11, [93408, 6376, 66076]
14, 9, 12.99, [59751, 87, 73932]
15, 0, 21.0, [144434, 11388, 66076]
15, 1, 20.59, [144434, 11388, 66076]
15, 2, 17.25, [150655, 11388, 66076]
15, 3, 16.37, [144434, 66169, 66076]
15, 4, 16.01, [62858, 11388, 144434]
15, 5, 15.02, [80449, 66076, 62858]
15, 6, 14.59, [144434, 11388, 66079]
15, 7, 12.71, [144434, 127088, 86]
15, 8, 12.03, [98065, 100807, 14200]
15, 9, 11.96, [70365, 11388, 93406]
16, 0, 21.0, [144434, 11388, 66076]
16, 1, 20.59, [144434, 11388, 66076]
16, 2, 18.84, [144434, 14197, 66076]
16, 3, 16.28, [96147, 70364, 66076]
16, 4, 15.67, [144434, 11388, 14198]
16, 5, 15.1, [94015, 14198, 66076]
16, 6, 14.41, [127089, 93407, 66076]
16, 7, 14.33, [98065, 11388, 14199]
16, 8, 13.59, [126458, 11388, 47392]
16, 9, 11.17, [144434, 11925, 1061]
17, 0, 21.0, [144434, 11388, 66076]
17, 1, 20.59, [144434, 11388, 66076]
17, 2, 16.38, [127089, 70364, 66076]
17, 3, 14.57, [127089, 11388, 98065]
17, 4, 14.42, [66078, 90, 66076]
17, 5, 13.86, [96147, 40786, 66076]
17, 6, 13.38, [46, 56240, 59751]
17, 7, 12.68, [93406, 42918, 66076]
17, 8, 12.1, [144434, 86, 98065]
17, 9, 11.97, [144434, 70195, 121382]
18, 0, 21.0, [144434, 11388, 66076]
18, 1, 20.59, [144434, 11388, 66076]
18, 2, 19.34, [100807, 11388, 66076]
18, 3, 18.86, [144434, 91978, 66076]
18, 4, 15.63, [144434, 6376, 70193]
18, 5, 15.4, [144434, 70364, 47392]
18, 6, 15.0, [150655, 282, 66076]
18, 7, 14.88, [144434, 11388, 56241]
18, 8, 14.32, [66076, 14199, 40788]
18, 9, 11.87, [98065, 11388, 1927]
19, 0, 21.0, [144434, 11388, 66076]
19, 1, 20.59, [144434, 11388, 66076]
19, 2, 19.07, [98065, 11388, 66076]
19, 3, 18.83, [144434, 96148, 66076]
19, 4, 17.55, [144434, 11925, 66076]
19, 5, 16.86, [127088, 91978, 66076]
19, 6, 15.21, [1061, 14198, 66076]
19, 7, 13.97, [144434, 76776, 14201]
19, 8, 13.96, [94015, 96147, 66076]
19, 9, 12.98, [144434, 86, 90]
20, 0, 21.0, [144434, 11388, 66076]
20, 1, 20.59, [144434, 11388, 66076]
20, 2, 17.58, [144434, 11925, 66076]
20, 3, 17.14, [144434, 6376, 66076]
20, 4, 16.79, [127089, 96148, 66076]
20, 5, 15.11, [14201, 11388, 73932]
20, 6, 14.5, [144434, 96144, 286]
20, 7, 13.66, [144434, 70365, 86]
20, 8, 12.11, [280, 11388, 279]
20, 9, 10.47, [98065, 281, 91978]
21, 0, 21.0, [144434, 11388, 66076]
21, 1, 20.59, [144434, 11388, 66076]
21, 2, 20.36, [98065, 11388, 66076]
21, 3, 17.49, [98065, 96148, 66076]
21, 4, 16.08, [144434, 11388, 14197]
21, 5, 15.49, [144434, 11388, 279]
21, 6, 15.49, [70197, 11388, 66076]
21, 7, 13.56, [70196, 11388, 93407]
21, 8, 13.01, [127089, 85839, 285]
21, 9, 11.09, [144434, 73931, 98063]
22, 0, 21.0, [144434, 11388, 66076]
22, 1, 20.59, [144434, 11388, 66076]
22, 2, 19.29, [144434, 56240, 66076]
22, 3, 16.96, [144434, 11388, 70196]
22, 4, 16.83, [85838, 56240, 66076]
22, 5, 16.01, [284, 96148, 66076]
22, 6, 14.64, [144434, 66167, 14201]
22, 7, 14.28, [98065, 11388, 66079]
22, 8, 11.57, [56239, 11388, 56237]
22, 9, 11.03, [96148, 11388, 113478]
23, 0, 21.0, [144434, 11388, 66076]
23, 1, 20.59, [144434, 11388, 66076]
23, 2, 19.87, [98065, 11388, 66076]
23, 3, 17.04, [144434, 66076, 98065]
23, 4, 13.04, [144434, 73931, 121382]
23, 5, 12.16, [144434, 87, 278]
23, 6, 11.76, [144434, 56239, 42918]
23, 7, 11.53, [144434, 280, 66079]
23, 8, 10.91, [127089, 150655, 56239]
23, 9, 9.07, [14223, 11388, 70195]
24, 0, 21.0, [144434, 11388, 66076]
24, 1, 20.59, [144434, 11388, 66076]
24, 2, 18.22, [144434, 86, 66076]
24, 3, 17.5, [11388, 96648, 66076]
24, 4, 17.33, [144434, 85838, 66076]
24, 5, 15.95, [66167, 40788, 66076]
24, 6, 15.66, [94016, 11925, 66076]
24, 7, 15.27, [46, 11925, 66076]
24, 8, 14.68, [14201, 11388, 56239]
24, 9, 12.34, [144434, 11387, 121382]
25, 0, 21.0, [144434, 11388, 66076]
25, 1, 20.59, [144434, 11388, 66076]
25, 2, 20.14, [144434, 88, 66076]
25, 3, 16.54, [144434, 11925, 66076]
25, 4, 16.17, [70193, 11388, 121382]
25, 5, 14.72, [93406, 96147, 66076]
25, 6, 13.49, [144434, 66169, 70196]
25, 7, 11.54, [286, 11388, 1927]
25, 8, 10.24, [98063, 113477, 47392]
25, 9, 9.01, [11388, 93407, 14223]
26, 0, 21.0, [144434, 11388, 66076]
26, 1, 20.59, [144434, 11388, 66076]
26, 2, 18.01, [126458, 11388, 66076]
26, 3, 17.31, [144434, 11387, 66076]
26, 4, 16.95, [144434, 148118, 66076]
26, 5, 14.9, [76776, 11388, 278]
26, 6, 12.44, [144434, 11388, 98062]
26, 7, 12.44, [144434, 14201, 85838]
26, 8, 12.12, [144434, 14197, 66079]
26, 9, 11.06, [127089, 12067, 70194]
27, 0, 21.0, [144434, 11388, 66076]
27, 1, 20.59, [144434, 11388, 66076]
27, 2, 19.51, [98065, 11388, 66076]
27, 3, 18.92, [73932, 286, 66076]
27, 4, 14.91, [144434, 11388, 66079]
27, 5, 14.02, [144434, 121382, 70199]
27, 6, 13.01, [1062, 93407, 66076]
27, 7, 11.54, [144434, 12067, 66078]
27, 8, 10.86, [144434, 11387, 86543]
27, 9, 8.64, [127089, 11925, 281]
28, 0, 21.0, [144434, 11388, 66076]
28, 1, 20.59, [144434, 11388, 66076]
28, 2, 19.73, [98065, 11388, 66076]
28, 3, 18.83, [98065, 286, 66076]
28, 4, 14.62, [98065, 11388, 121382]
28, 5, 13.02, [144434, 56241, 14200]
28, 6, 12.0, [144434, 12067, 285]
28, 7, 11.63, [81178, 94017, 66076]
28, 8, 10.37, [62858, 279, 88]
28, 9, 8.89, [81178, 11388, 281]
29, 0, 21.0, [144434, 11388, 66076]
29, 1, 20.59, [144434, 11388, 66076]
29, 2, 18.75, [127088, 11388, 66076]
29, 3, 16.97, [144434, 11925, 66076]
29, 4, 15.08, [70199, 11388, 56240]
29, 5, 14.04, [62858, 11388, 100807]
29, 6, 13.85, [127089, 11388, 86]
29, 7, 13.54, [127089, 11388, 121382]
29, 8, 13.52, [1062, 62858, 70193]
29, 9, 13.49, [96148, 11388, 127088]
30, 0, 21.0, [144434, 11388, 66076]
30, 1, 20.59, [144434, 11388, 66076]
30, 2, 18.62, [127089, 11388, 66076]
30, 3, 16.43, [144434, 11388, 70194]
30, 4, 14.85, [70193, 11388, 70195]
30, 5, 14.07, [127088, 11388, 70194]
30, 6, 13.86, [127088, 11388, 80450]
30, 7, 12.8, [66167, 80450, 121382]
30, 8, 12.53, [86543, 11388, 70194]
30, 9, 11.22, [70194, 283, 124712]
31, 0, 21.0, [144434, 11388, 66076]
31, 1, 20.59, [144434, 11388, 66076]
31, 2, 17.02, [127089, 11388, 70193]
31, 3, 15.81, [144434, 70194, 66076]
31, 4, 15.31, [127089, 94015, 66076]
31, 5, 14.34, [113478, 11388, 66076]
31, 6, 13.98, [87, 11388, 285]
31, 7, 12.95, [280, 14200, 70193]
31, 8, 12.49, [13042, 66078, 66167]
31, 9, 11.71, [127089, 11387, 70194]
32, 0, 21.0, [144434, 11388, 66076]
32, 1, 20.59, [144434, 11388, 66076]
32, 2, 19.64, [47392, 11388, 66076]
32, 3, 14.1, [144434, 286, 73931]
32, 4, 13.54, [127089, 11388, 66079]
32, 5, 11.75, [113478, 96147, 70193]
32, 6, 10.96, [144434, 46, 42918]
32, 7, 10.83, [56240, 113478, 98062]
32, 8, 10.75, [284, 98062, 127089]
32, 9, 10.15, [98065, 66078, 821]
33, 0, 21.0, [144434, 11388, 66076]
33, 1, 20.59, [144434, 11388, 66076]
33, 2, 18.99, [127089, 11388, 66076]
33, 3, 16.48, [144434, 286, 70193]
33, 4, 14.55, [144434, 66076, 113477]
33, 5, 14.1, [96148, 11388, 73931]
33, 6, 12.7, [144434, 93408, 70193]
33, 7, 12.37, [144434, 121382, 70195]
33, 8, 11.99, [1061, 279, 73932]
33, 9, 11.71, [66171, 11388, 90]
34, 0, 21.0, [144434, 11388, 66076]
34, 1, 20.59, [144434, 11388, 66076]
34, 2, 17.88, [98065, 11388, 70193]
34, 3, 16.32, [144434, 286, 70193]
34, 4, 15.3, [144434, 11388, 279]
34, 5, 14.78, [144434, 91978, 85839]
34, 6, 12.29, [144434, 86, 94017]
34, 7, 11.85, [70195, 11388, 280]
34, 8, 10.79, [144434, 127089, 59751]
34, 9, 10.62, [93407, 286, 96148]
35, 0, 21.0, [144434, 11388, 66076]
35, 1, 20.59, [144434, 11388, 66076]
35, 2, 16.77, [80449, 11388, 66076]
35, 3, 16.7, [96144, 70365, 66076]
35, 4, 16.18, [144434, 11388, 62858]
35, 5, 15.93, [98065, 12067, 66076]
35, 6, 15.55, [221360, 85839, 66076]
35, 7, 15.19, [144434, 11388, 66079]
35, 8, 14.51, [127089, 70194, 66076]
35, 9, 14.23, [144434, 12067, 70193]
36, 0, 21.0, [144434, 11388, 66076]
36, 1, 20.59, [144434, 11388, 66076]
36, 2, 19.1, [80450, 11388, 66076]
36, 3, 15.75, [144434, 11388, 282]
36, 4, 15.27, [144434, 11388, 121382]
36, 5, 14.48, [40787, 11388, 70193]
36, 6, 14.0, [73932, 89, 85838]
36, 7, 10.26, [86543, 14201, 98065]
36, 8, 10.09, [144434, 12067, 126458]
36, 9, 10.03, [80449, 59751, 70199]
37, 0, 21.0, [144434, 11388, 66076]
37, 1, 20.59, [144434, 11388, 66076]
37, 2, 19.5, [56239, 11388, 66076]
37, 3, 16.03, [73932, 11388, 80450]
37, 4, 14.68, [70365, 558, 66076]
37, 5, 14.19, [144434, 11925, 89]
37, 6, 13.18, [144434, 11387, 70364]
37, 7, 12.13, [66169, 11388, 14201]
37, 8, 11.61, [86543, 11388, 87]
37, 9, 11.35, [144434, 281, 46]
38, 0, 21.0, [144434, 11388, 66076]
38, 1, 20.59, [144434, 11388, 66076]
38, 2, 15.34, [88, 11388, 94016]
38, 3, 15.08, [221360, 283, 66076]
38, 4, 14.2, [56239, 11388, 14198]
38, 5, 13.48, [144434, 56241, 70194]
38, 6, 13.26, [11387, 12067, 66076]
38, 7, 13.07, [81178, 70364, 66076]
38, 8, 12.43, [144434, 11387, 14201]
38, 9, 12.02, [56237, 11388, 90]
39, 0, 21.0, [144434, 11388, 66076]
39, 1, 20.59, [144434, 11388, 66076]
39, 2, 19.73, [46, 11388, 66076]
39, 3, 16.66, [86, 283, 66076]
39, 4, 15.38, [89, 11388, 59751]
39, 5, 15.07, [47500, 90, 66076]
39, 6, 13.6, [144434, 11388, 98065]
39, 7, 13.04, [98065, 70194, 14198]
39, 8, 10.56, [144434, 40787, 14199]
39, 9, 9.86, [144434, 12067, 86543]
40, 0, 21.0, [144434, 11388, 66076]
40, 1, 20.59, [144434, 11388, 66076]
40, 2, 19.66, [98062, 88, 66076]
40, 3, 18.91, [62858, 11388, 66076]
40, 4, 16.87, [127089, 285, 66076]
40, 5, 15.99, [42918, 11388, 66076]
40, 6, 15.9, [90, 91978, 66076]
40, 7, 15.07, [86, 558, 66076]
40, 8, 14.74, [80450, 89, 70194]
40, 9, 11.51, [77088, 130282, 62858]
41, 0, 21.0, [144434, 11388, 66076]
41, 1, 20.59, [144434, 11388, 66076]
41, 2, 18.7, [283, 11388, 66076]
41, 3, 18.61, [283, 11388, 66076]
41, 4, 18.28, [62858, 98065, 66076]
41, 5, 16.19, [278, 70193, 66076]
41, 6, 14.23, [96147, 11388, 56239]
41, 7, 14.01, [144434, 88, 70195]
41, 8, 12.35, [144434, 11925, 70365]
41, 9, 10.07, [285, 11925, 121382]
42, 0, 21.0, [144434, 11388, 66076]
42, 1, 20.59, [144434, 11388, 66076]
42, 2, 17.18, [144434, 11925, 66076]
42, 3, 14.64, [113478, 11388, 66076]
42, 4, 13.43, [283, 11388, 127088]
42, 5, 12.33, [144434, 98065, 70194]
42, 6, 11.7, [144434, 14198, 823]
42, 7, 11.07, [144434, 12067, 85838]
42, 8, 10.57, [144434, 11387, 40788]
42, 9, 10.55, [144434, 11387, 100807]
43, 0, 21.0, [144434, 11388, 66076]
43, 1, 20.59, [144434, 11388, 66076]
43, 2, 19.32, [62858, 11388, 66076]
43, 3, 17.0, [144434, 823, 66076]
43, 4, 15.61, [47392, 11388, 70196]
43, 5, 15.43, [130282, 11925, 66076]
43, 6, 12.56, [47500, 81178, 66076]
43, 7, 11.86, [286, 11388, 42918]
43, 8, 11.56, [46, 14199, 127089]
43, 9, 9.97, [96144, 80449, 100807]
44, 0, 21.0, [144434, 11388, 66076]
44, 1, 20.59, [144434, 11388, 66076]
44, 2, 16.85, [62858, 11388, 70193]
44, 3, 15.7, [89, 11388, 91978]
44, 4, 15.19, [144434, 11388, 14198]
44, 5, 14.9, [47392, 11388, 87]
44, 6, 13.71, [14198, 42918, 66076]
44, 7, 13.48, [70364, 80449, 66076]
44, 8, 12.38, [144434, 70194, 56237]
44, 9, 12.01, [98065, 11388, 40786]
45, 0, 21.0, [144434, 11388, 66076]
45, 1, 20.59, [144434, 11388, 66076]
45, 2, 17.34, [89, 11925, 66076]
45, 3, 16.08, [89, 11388, 70196]
45, 4, 15.74, [144434, 11388, 96148]
45, 5, 15.3, [144434, 11388, 284]
45, 6, 14.61, [98065, 93408, 66076]
45, 7, 14.26, [144434, 62858, 91978]
45, 8, 13.67, [56241, 70196, 11388]
45, 9, 12.48, [66170, 11388, 62858]
46, 0, 21.0, [144434, 11388, 66076]
46, 1, 20.59, [144434, 11388, 66076]
46, 2, 16.45, [93407, 11388, 66076]
46, 3, 16.43, [279, 76776, 66076]
46, 4, 15.51, [127089, 11925, 66076]
46, 5, 15.29, [87, 279, 66076]
46, 6, 14.5, [89, 11388, 278]
46, 7, 14.04, [127089, 11388, 96148]
46, 8, 13.46, [144434, 126458, 85839]
46, 9, 11.97, [98065, 6376, 13042]
47, 0, 21.0, [144434, 11388, 66076]
47, 1, 20.59, [144434, 11388, 66076]
47, 2, 19.87, [144434, 73932, 66076]
47, 3, 17.87, [144434, 11387, 66076]
47, 4, 17.29, [144434, 11387, 66076]
47, 5, 15.91, [279, 11387, 66076]
47, 6, 14.82, [127089, 12067, 66076]
47, 7, 14.41, [280, 558, 66076]
47, 8, 13.62, [144434, 76776, 70195]
47, 9, 12.48, [279, 11388, 66079]
48, 0, 21.0, [144434, 11388, 66076]
48, 1, 20.59, [144434, 11388, 66076]
48, 2, 20.37, [144434, 11388, 66076]
48, 3, 19.14, [285, 11388, 66076]
48, 4, 15.52, [62858, 11388, 98062]
48, 5, 13.45, [144434, 1060, 70196]
48, 6, 13.25, [144434, 59751, 279]
48, 7, 12.42, [70195, 6376, 66076]
48, 8, 11.54, [144434, 66079, 148118]
48, 9, 11.31, [70196, 11388, 12067]
49, 0, 21.0, [144434, 11388, 66076]
49, 1, 20.59, [144434, 11388, 66076]
49, 2, 17.74, [88, 11387, 66076]
49, 3, 14.79, [62858, 11388, 70194]
49, 4, 14.69, [281, 14198, 66076]
49, 5, 13.13, [127089, 11388, 98062]
49, 6, 12.97, [285, 11388, 148118]
49, 7, 12.81, [144434, 66171, 70195]
49, 8, 10.9, [66167, 66079, 70194]
49, 9, 9.61, [144434, 821, 56237]
50, 0, 21.0, [144434, 11388, 66076]
50, 1, 20.59, [144434, 11388, 66076]
50, 2, 20.06, [85839, 11388, 66076]
50, 3, 19.87, [98065, 11388, 66076]
50, 4, 16.61, [62858, 11387, 66076]
50, 5, 15.01, [127089, 11388, 70196]
50, 6, 14.92, [278, 11388, 70196]
50, 7, 13.54, [100807, 11388, 66079]
50, 8, 12.3, [70196, 47392, 47500]
50, 9, 11.72, [144434, 12067, 70194]
