generation number, pop_size, worst, best, median, avg, std, diversity, improvement, number_of_selections
0, 10, 6.47, 14.53, 10.82, 10.911, 2.200315659172565,0.9185185185185185,0,[1.e-300]
1, 10, 11.99, 15.37, 12.985, 13.159, 1.1117324318378048,0.8148148148148149,0.05781142463867859,[10.]
2, 10, 11.1, 15.66, 13.44, 13.291, 1.6445999513559522,0.837037037037037,0.01886792452830195,[20.]
3, 10, 11.52, 17.81, 15.415, 15.206, 1.5484069232601616,0.8148148148148149,0.1372924648786717,[30.]
4, 10, 11.86, 19.61, 16.044999999999998, 15.770999999999997, 2.666418759309947,0.7777777777777778,0.1010668163952836,[40.]
5, 10, 12.79, 19.61, 16.42, 16.421999999999997, 2.148291414124257,0.6962962962962963,0.0,[50.]
6, 10, 12.02, 19.61, 14.78, 15.252, 2.5495481952691144,0.7333333333333333,0.0,[60.]
7, 10, 13.2, 19.61, 15.785, 16.054, 2.1802990620554787,0.6666666666666667,0.0,[70.]
8, 10, 12.17, 19.61, 13.73, 14.906, 2.6223546670883398,0.6962962962962963,0.0,[80.]
9, 10, 11.85, 19.61, 15.165, 15.684999999999999, 2.331060917264926,0.7111111111111111,0.0,[90.]
10, 10, 12.2, 19.61, 16.235, 15.739999999999998, 2.3378408842348533,0.6814814814814815,0.0,[100.]
