n_nodes,influence,n0,n1,n2,n3,n4,n5,n6,n7,n8,n9,n10,n11,n12,n13,n14,n15,n16,n17,n18,n19
20,690.2700,59275,652,2227,45355,9388,4969,25400,49213,68159,51392,19665,49885,5728,53474,4456,873,75377,9074,9592,5887
20,616.8200,68159,42086,652,51392,74615,49213,74495,25400,2227,59275,62797,5728,31845,67559,4456,873,75377,9074,9592,5887
20,616.8200,68159,42086,652,51392,74615,49213,74495,25400,2227,59275,62797,5728,31845,67559,4456,873,75377,9074,9592,5887
20,606.2900,68159,42086,652,51392,74615,49213,74495,25400,2227,59275,62797,5728,31845,67559,4456,873,75377,9074,9592,5887
20,604.8200,59275,652,2227,45355,9388,4969,25400,49213,68159,51392,19665,49885,5728,53474,42086,67559,4456,9074,74615,74495
20,601.7100,59275,652,74495,2227,25400,49213,68159,51392,62797,7906,19744,42086,67559,4456,873,75377,9074,74615,9592,5887
20,594.8500,68159,42086,652,51392,74615,49213,74495,25400,2227,59275,62797,5728,31845,67559,4456,873,75377,9074,9592,5887
20,594.8500,68159,42086,652,51392,74615,49213,74495,25400,2227,59275,62797,5728,31845,67559,4456,873,75377,9074,9592,5887
20,594.8500,68159,42086,652,51392,74615,49213,74495,25400,2227,59275,62797,5728,31845,67559,4456,873,75377,9074,9592,5887
20,593.2600,68159,42086,652,51392,74615,49213,74495,25400,2227,59275,62797,5728,31845,67559,4456,873,75377,9074,9592,5887
20,587.4100,68159,42086,652,51392,74615,49213,74495,25400,2227,59275,62797,5728,31845,67559,4456,873,75377,9074,9592,5887
20,587.3100,68159,42086,652,51392,74615,49213,74495,25400,2227,59275,62797,5728,31845,67559,4456,873,75377,9074,9592,5887
20,581.7100,59275,652,2227,5887,25400,49213,68159,51392,62797,7906,31845,42086,67559,4456,873,75377,9074,74615,9592,74495
20,578.1700,59275,652,2227,5887,25400,49213,68159,51392,62797,7906,31845,42086,67559,4456,873,75377,9074,74615,9592,74495
20,578.1700,59275,652,2227,5887,25400,49213,68159,51392,62797,7906,31845,42086,67559,4456,873,75377,9074,74615,9592,74495
20,578.1700,59275,652,2227,5887,25400,49213,68159,51392,62797,7906,31845,42086,67559,4456,873,75377,9074,74615,9592,74495
20,578.1700,59275,652,2227,5887,25400,49213,68159,51392,62797,7906,31845,42086,67559,4456,873,75377,9074,74615,9592,74495
20,578.1700,59275,652,2227,5887,25400,49213,68159,51392,62797,7906,31845,42086,67559,4456,873,75377,9074,74615,9592,74495
20,578.1700,59275,652,2227,5887,25400,49213,68159,51392,62797,7906,31845,42086,67559,4456,873,75377,9074,74615,9592,74495
20,578.1700,59275,652,2227,5887,25400,49213,68159,51392,62797,7906,31845,42086,67559,4456,873,75377,9074,74615,9592,74495
20,578.1700,59275,652,2227,5887,25400,49213,68159,51392,62797,7906,31845,42086,67559,4456,873,75377,9074,74615,9592,74495
20,564.1400,59275,652,2227,5887,25400,49213,68159,51392,62797,7906,31845,42086,67559,4456,873,75377,9074,74615,9592,74495
20,507.0600,68159,42086,652,51392,74615,49213,74495,25400,19665,59275,62797,5728,31845,67559,4456,873,75377,9074,9592,5887
20,501.3300,59275,652,5887,25400,49213,68159,51392,57732,19665,5728,31845,42086,67559,4456,873,75377,9074,74615,9592,74495
20,501.3300,59275,652,5887,25400,49213,68159,51392,57732,19665,5728,31845,42086,67559,4456,873,75377,9074,74615,9592,74495
20,496.1400,68159,42086,652,51392,74615,49213,74495,25400,19665,59275,62797,5728,31845,67559,4456,873,75377,9074,9592,5887
20,496.1400,68159,42086,652,51392,74615,49213,74495,25400,19665,59275,62797,5728,31845,67559,4456,873,75377,9074,9592,5887
20,496.1400,68159,42086,652,51392,74615,49213,74495,25400,19665,59275,62797,5728,31845,67559,4456,873,75377,9074,9592,5887
20,496.1400,68159,42086,652,51392,74615,49213,74495,25400,19665,59275,62797,5728,31845,67559,4456,873,75377,9074,9592,5887
20,496.1400,68159,42086,652,51392,74615,49213,74495,25400,19665,59275,62797,5728,31845,67559,4456,873,75377,9074,9592,5887
20,493.3200,68159,42086,652,51392,74615,49213,74495,25400,19665,59275,62797,5728,31845,67559,4456,873,75377,9074,9592,5887
20,493.3200,68159,42086,652,51392,74615,49213,74495,25400,19665,59275,62797,5728,31845,67559,4456,873,75377,9074,9592,5887
