n_nodes,influence,n0,n1,n2,n3,n4,n5,n6,n7,n8,n9
10,196.6700,3858,4,4624,8,3031,3304,21,1978,7,24
10,194.9100,4,7,8,3304,4624,3858,4454,21,3031,24
10,194.9100,4,7,8,3304,4624,3858,4454,21,3031,24
10,194.9100,4,7,8,3304,4624,3858,4454,21,3031,24
10,194.9100,4,7,8,3304,4624,3858,4454,21,3031,24
10,194.9100,4,7,8,3304,4624,3858,4454,21,3031,24
10,194.9100,4,7,8,3304,4624,3858,4454,21,3031,24
10,194.9100,4,7,8,3304,4624,3858,4454,21,3031,24
10,194.9100,4,7,8,3304,4624,3858,4454,21,3031,24
10,194.9100,4,7,8,3304,4624,3858,4454,21,3031,24
10,194.9100,4,7,8,3304,4624,3858,4454,21,3031,24
10,194.9100,4,7,8,3304,4624,3858,4454,21,3031,24
10,194.9100,4,7,8,3304,4624,3858,4454,21,3031,24
10,194.9100,4,7,8,3304,4624,3858,4454,21,3031,24
10,194.9100,4,7,8,3304,4624,3858,4454,21,3031,24
10,194.5900,3858,4,4624,8,3031,3304,21,5426,7,24
10,194.5900,3858,4,4624,8,3031,3304,21,5426,7,24
10,193.3500,4,7,8,3304,3121,3858,21,3031,24,1978
10,192.9900,3858,4,4624,8,3031,3304,21,1978,7,24
10,192.9900,3858,4,4624,8,3031,3304,21,1978,7,24
10,192.9900,3858,4,4624,8,3031,3304,21,1978,7,24
10,192.9900,3858,4,4624,8,3031,3304,21,1978,7,24
10,192.4900,3858,4,4624,8,3031,3304,21,1978,7,24
10,192.4900,3858,4,4624,8,3031,3304,21,1978,7,24
10,192.4900,3858,4,4624,8,3031,3304,21,1978,7,24
10,192.4900,3858,4,4624,8,3031,3304,21,1978,7,24
10,192.4900,3858,4,4624,8,3031,3304,21,1978,7,24
10,192.4900,3858,4,4624,8,3031,3304,21,1978,7,24
10,192.4900,3858,4,4624,8,3031,3304,21,1978,7,24
10,192.4900,3858,4,4624,8,3031,3304,21,1978,7,24
10,192.4900,3858,4,4624,8,3031,3304,21,1978,7,24
10,192.4900,3858,4,4624,8,3031,3304,21,1978,7,24
