generation number, individual number, fitness, candidate
0, 0, 10.43, [98, 103]
0, 1, 10.21, [2597, 154]
0, 2, 9.8, [1811, 81]
0, 3, 6.94, [2764, 283]
0, 4, 6.22, [303, 222]
0, 5, 6.18, [3135, 1086]
0, 6, 6.0, [343, 193]
0, 7, 5.45, [2596, 541]
0, 8, 5.3, [3135, 285]
0, 9, 4.98, [558, 2765]
1, 0, 13.71, [77, 103]
1, 1, 11.22, [220, 300]
1, 2, 10.43, [98, 103]
1, 3, 10.21, [2597, 154]
1, 4, 9.42, [2767, 103]
1, 5, 9.18, [1811, 296]
1, 6, 8.93, [98, 297]
1, 7, 8.66, [91, 154]
1, 8, 7.4, [91, 280]
1, 9, 6.44, [2597, 616]
2, 0, 14.44, [77, 103]
2, 1, 13.9, [2596, 277]
2, 2, 13.71, [77, 103]
2, 3, 12.97, [77, 302]
2, 4, 11.61, [220, 300]
2, 5, 11.22, [220, 300]
2, 6, 10.28, [1080, 103]
2, 7, 10.09, [77, 537]
2, 8, 7.11, [265, 154]
2, 9, 6.75, [91, 2527]
3, 0, 18.92, [77, 269]
3, 1, 14.93, [220, 269]
3, 2, 14.44, [77, 103]
3, 3, 14.12, [274, 269]
3, 4, 13.9, [2596, 277]
3, 5, 11.52, [283, 277]
3, 6, 10.27, [209, 103]
3, 7, 9.54, [274, 103]
3, 8, 9.2, [4849, 300]
3, 9, 7.87, [76, 300]
4, 0, 18.92, [77, 269]
4, 1, 17.85, [77, 269]
4, 2, 16.94, [295, 335]
4, 3, 15.56, [2512, 269]
4, 4, 14.93, [220, 269]
4, 5, 12.82, [265, 269]
4, 6, 11.35, [159, 1811]
4, 7, 10.63, [1811, 302]
4, 8, 9.84, [259, 285]
4, 9, 6.77, [1095, 264]
5, 0, 18.92, [77, 269]
5, 1, 17.85, [77, 269]
5, 2, 12.43, [335, 269]
5, 3, 11.43, [77, 2593]
5, 4, 10.21, [91, 103]
5, 5, 7.89, [302, 3716]
5, 6, 7.45, [380, 2525]
5, 7, 6.83, [380, 3135]
5, 8, 5.92, [261, 285]
5, 9, 5.39, [537, 265]
6, 0, 21.32, [77, 295]
6, 1, 18.92, [77, 269]
6, 2, 17.85, [77, 269]
6, 3, 13.96, [103, 269]
6, 4, 10.71, [2512, 1088]
6, 5, 10.24, [2595, 193]
6, 6, 10.17, [279, 2065]
6, 7, 8.58, [2762, 279]
6, 8, 7.86, [274, 297]
6, 9, 6.5, [285, 2767]
7, 0, 24.0, [269, 295]
7, 1, 21.32, [77, 295]
7, 2, 18.92, [77, 269]
7, 3, 17.68, [537, 295]
7, 4, 17.28, [295, 1087]
7, 5, 14.77, [77, 279]
7, 6, 12.6, [265, 269]
7, 7, 9.49, [335, 259]
7, 8, 9.15, [1811, 283]
7, 9, 8.59, [193, 2593]
8, 0, 24.0, [269, 295]
8, 1, 21.32, [77, 295]
8, 2, 17.34, [274, 295]
8, 3, 16.25, [2156, 295]
8, 4, 14.68, [269, 2764]
8, 5, 11.28, [2597, 2512]
8, 6, 9.01, [250, 209]
8, 7, 8.38, [159, 1082]
8, 8, 7.94, [2770, 250]
8, 9, 6.0, [220, 316]
9, 0, 24.0, [269, 295]
9, 1, 21.87, [279, 295]
9, 2, 21.32, [77, 295]
9, 3, 20.51, [2595, 295]
9, 4, 18.05, [295, 260]
9, 5, 10.94, [300, 1080]
9, 6, 9.36, [534, 1811]
9, 7, 8.94, [541, 77]
9, 8, 8.88, [285, 300]
9, 9, 8.51, [874, 1086]
10, 0, 25.24, [269, 295]
10, 1, 24.0, [269, 295]
10, 2, 21.87, [279, 295]
10, 3, 18.23, [260, 295]
10, 4, 15.07, [269, 1088]
10, 5, 12.69, [77, 250]
10, 6, 8.11, [226, 380]
10, 7, 7.57, [2770, 1082]
10, 8, 7.47, [2950, 209]
10, 9, 6.28, [380, 876]
11, 0, 25.24, [269, 295]
11, 1, 24.0, [269, 295]
11, 2, 22.05, [279, 295]
11, 3, 13.15, [269, 876]
11, 4, 12.25, [103, 2512]
11, 5, 10.63, [209, 103]
11, 6, 10.2, [2530, 1811]
11, 7, 9.46, [279, 2712]
11, 8, 8.17, [2574, 2512]
11, 9, 7.41, [302, 265]
12, 0, 25.24, [269, 295]
12, 1, 24.0, [269, 295]
12, 2, 19.96, [302, 295]
12, 3, 15.59, [269, 3155]
12, 4, 14.43, [269, 2530]
12, 5, 12.74, [269, 2530]
12, 6, 12.43, [2512, 259]
12, 7, 7.73, [2593, 874]
12, 8, 6.56, [1811, 226]
12, 9, 5.23, [278, 260]
13, 0, 25.24, [269, 295]
13, 1, 24.0, [269, 295]
13, 2, 18.73, [269, 277]
13, 3, 13.88, [269, 2950]
13, 4, 13.8, [269, 2514]
13, 5, 13.75, [277, 2593]
13, 6, 10.9, [269, 3334]
13, 7, 10.09, [302, 2597]
13, 8, 7.8, [2597, 303]
13, 9, 7.33, [1086, 263]
14, 0, 25.24, [269, 295]
14, 1, 24.0, [269, 295]
14, 2, 18.66, [295, 296]
14, 3, 17.55, [280, 295]
14, 4, 14.75, [269, 2513]
14, 5, 14.17, [1082, 277]
14, 6, 8.41, [2597, 2595]
14, 7, 7.21, [278, 1088]
14, 8, 6.87, [2525, 91]
14, 9, 5.9, [288, 265]
15, 0, 25.24, [269, 295]
15, 1, 24.0, [269, 295]
15, 2, 20.33, [295, 2711]
15, 3, 17.24, [269, 259]
15, 4, 11.57, [269, 102]
15, 5, 9.65, [279, 222]
15, 6, 8.45, [250, 2514]
15, 7, 8.07, [285, 2711]
15, 8, 8.07, [285, 193]
15, 9, 6.49, [874, 2767]
16, 0, 25.24, [269, 295]
16, 1, 24.0, [269, 295]
16, 2, 14.78, [269, 2512]
16, 3, 12.64, [269, 3135]
16, 4, 10.72, [2530, 259]
16, 5, 10.31, [1086, 103]
16, 6, 9.93, [191, 279]
16, 7, 8.12, [1082, 2767]
16, 8, 7.07, [558, 2530]
16, 9, 5.51, [2156, 154]
17, 0, 25.24, [269, 295]
17, 1, 24.0, [269, 295]
17, 2, 21.77, [279, 295]
17, 3, 14.45, [259, 77]
17, 4, 12.51, [269, 283]
17, 5, 11.42, [159, 103]
17, 6, 11.23, [103, 98]
17, 7, 8.41, [622, 279]
17, 8, 7.73, [541, 259]
17, 9, 7.0, [288, 266]
18, 0, 25.24, [269, 295]
18, 1, 24.0, [269, 295]
18, 2, 17.73, [288, 295]
18, 3, 15.01, [279, 77]
18, 4, 14.21, [269, 279]
18, 5, 11.93, [269, 537]
18, 6, 11.42, [2595, 2512]
18, 7, 11.32, [259, 2514]
18, 8, 5.99, [2525, 280]
18, 9, 5.16, [266, 291]
19, 0, 25.24, [269, 295]
19, 1, 24.0, [269, 295]
19, 2, 19.26, [380, 295]
19, 3, 10.79, [285, 77]
19, 4, 10.72, [103, 81]
19, 5, 10.63, [269, 2532]
19, 6, 10.27, [2513, 2597]
19, 7, 7.9, [209, 264]
19, 8, 7.3, [541, 2711]
19, 9, 6.44, [2525, 2514]
20, 0, 25.24, [269, 295]
20, 1, 24.0, [269, 295]
20, 2, 18.25, [191, 295]
20, 3, 12.76, [269, 303]
20, 4, 8.76, [1811, 2770]
20, 5, 8.57, [2514, 250]
20, 6, 6.8, [256, 2770]
20, 7, 6.71, [622, 2514]
20, 8, 6.54, [3716, 81]
20, 9, 5.35, [263, 537]
21, 0, 25.24, [269, 295]
21, 1, 24.0, [269, 295]
21, 2, 15.11, [269, 2513]
21, 3, 12.0, [269, 278]
21, 4, 10.5, [103, 159]
21, 5, 10.3, [615, 1811]
21, 6, 9.26, [103, 283]
21, 7, 8.36, [2597, 2514]
21, 8, 8.26, [209, 380]
21, 9, 6.72, [2770, 283]
22, 0, 25.24, [269, 295]
22, 1, 24.7, [269, 295]
22, 2, 24.0, [269, 295]
22, 3, 18.92, [2593, 295]
22, 4, 9.69, [81, 2512]
22, 5, 8.68, [1811, 4849]
22, 6, 8.41, [193, 2514]
22, 7, 7.23, [3716, 98]
22, 8, 6.47, [154, 278]
22, 9, 5.58, [263, 4602]
23, 0, 25.24, [269, 295]
23, 1, 24.7, [269, 295]
23, 2, 22.38, [277, 295]
23, 3, 22.24, [279, 295]
23, 4, 13.67, [269, 2515]
23, 5, 13.41, [269, 2530]
23, 6, 10.66, [269, 316]
23, 7, 9.43, [103, 265]
23, 8, 6.42, [1086, 609]
23, 9, 5.81, [285, 2525]
24, 0, 25.24, [269, 295]
24, 1, 24.7, [269, 295]
24, 2, 21.51, [279, 295]
24, 3, 16.69, [278, 295]
24, 4, 13.71, [277, 2525]
24, 5, 12.12, [269, 876]
24, 6, 9.79, [2525, 279]
24, 7, 8.54, [2595, 222]
24, 8, 8.13, [77, 274]
24, 9, 7.66, [2513, 2512]
25, 0, 25.24, [269, 295]
25, 1, 24.7, [269, 295]
25, 2, 15.46, [269, 2512]
25, 3, 12.92, [2711, 77]
25, 4, 12.71, [269, 283]
25, 5, 10.31, [2597, 250]
25, 6, 8.33, [2597, 288]
25, 7, 7.9, [103, 2762]
25, 8, 7.39, [279, 316]
25, 9, 6.29, [3135, 226]
26, 0, 25.24, [269, 295]
26, 1, 24.7, [269, 295]
26, 2, 16.13, [256, 295]
26, 3, 14.64, [269, 2513]
26, 4, 14.44, [269, 1082]
26, 5, 13.44, [269, 2950]
26, 6, 13.41, [103, 259]
26, 7, 9.14, [259, 265]
26, 8, 7.76, [615, 2514]
26, 9, 6.56, [226, 537]
27, 0, 25.24, [269, 295]
27, 1, 24.7, [269, 295]
27, 2, 18.74, [260, 295]
27, 3, 15.72, [269, 2513]
27, 4, 13.03, [269, 876]
27, 5, 12.49, [269, 622]
27, 6, 12.41, [277, 2770]
27, 7, 7.52, [193, 264]
27, 8, 7.21, [2599, 288]
27, 9, 7.08, [191, 274]
28, 0, 25.24, [269, 295]
28, 1, 25.1, [269, 295]
28, 2, 24.7, [269, 295]
28, 3, 16.42, [2156, 295]
28, 4, 12.36, [269, 2762]
28, 5, 8.41, [279, 261]
28, 6, 8.29, [260, 1088]
28, 7, 7.96, [266, 2513]
28, 8, 7.65, [279, 343]
28, 9, 7.56, [263, 154]
29, 0, 25.24, [269, 295]
29, 1, 25.1, [269, 295]
29, 2, 24.42, [269, 295]
29, 3, 19.52, [295, 1082]
29, 4, 13.81, [269, 191]
29, 5, 13.28, [269, 2950]
29, 6, 7.92, [226, 2950]
29, 7, 7.82, [1087, 2512]
29, 8, 7.53, [1087, 250]
29, 9, 7.06, [301, 2513]
30, 0, 25.24, [269, 295]
30, 1, 25.1, [269, 295]
30, 2, 15.0, [269, 874]
30, 3, 11.8, [279, 2512]
30, 4, 9.59, [2597, 256]
30, 5, 9.56, [81, 2595]
30, 6, 8.68, [1086, 874]
30, 7, 8.18, [209, 2599]
30, 8, 7.8, [303, 2599]
30, 9, 6.0, [98, 149]
31, 0, 25.24, [269, 295]
31, 1, 25.1, [269, 295]
31, 2, 18.37, [285, 295]
31, 3, 14.54, [269, 91]
31, 4, 11.08, [269, 2532]
31, 5, 10.34, [1811, 1086]
31, 6, 10.0, [3155, 98]
31, 7, 9.14, [103, 222]
31, 8, 8.51, [2065, 98]
31, 9, 8.04, [1811, 622]
32, 0, 25.24, [269, 295]
32, 1, 25.1, [269, 295]
32, 2, 19.72, [226, 295]
32, 3, 19.04, [81, 295]
32, 4, 14.71, [269, 91]
32, 5, 11.9, [98, 259]
32, 6, 10.99, [269, 316]
32, 7, 8.18, [2525, 2530]
32, 8, 8.01, [1811, 541]
32, 9, 7.41, [2596, 615]
33, 0, 25.24, [269, 295]
33, 1, 25.1, [269, 295]
33, 2, 18.55, [285, 295]
33, 3, 13.74, [269, 2514]
33, 4, 9.09, [1080, 250]
33, 5, 8.76, [91, 874]
33, 6, 8.64, [264, 103]
33, 7, 7.53, [98, 609]
33, 8, 6.77, [2514, 285]
33, 9, 5.83, [285, 191]
34, 0, 25.24, [269, 295]
34, 1, 25.1, [269, 295]
34, 2, 21.13, [295, 103]
34, 3, 20.48, [3155, 295]
34, 4, 20.24, [1088, 295]
34, 5, 13.97, [2950, 269]
34, 6, 12.54, [261, 277]
34, 7, 11.81, [269, 1087]
34, 8, 9.16, [2762, 259]
34, 9, 8.92, [3155, 81]
35, 0, 25.24, [269, 295]
35, 1, 25.1, [269, 295]
35, 2, 17.87, [288, 295]
35, 3, 12.48, [269, 296]
35, 4, 10.69, [98, 2597]
35, 5, 9.48, [2596, 1811]
35, 6, 7.86, [558, 250]
35, 7, 7.77, [1086, 98]
35, 8, 7.14, [222, 81]
35, 9, 6.45, [2767, 874]
36, 0, 25.24, [269, 295]
36, 1, 25.1, [269, 295]
36, 2, 22.44, [277, 295]
36, 3, 11.11, [288, 269]
36, 4, 10.86, [269, 102]
36, 5, 10.74, [269, 316]
36, 6, 8.57, [2515, 1088]
36, 7, 7.67, [256, 615]
36, 8, 6.57, [2767, 191]
36, 9, 5.06, [3716, 1087]
37, 0, 25.24, [269, 295]
37, 1, 25.1, [269, 295]
37, 2, 18.08, [191, 295]
37, 3, 9.74, [288, 279]
37, 4, 8.88, [193, 2514]
37, 5, 8.26, [537, 2512]
37, 6, 8.12, [285, 193]
37, 7, 7.08, [1095, 283]
37, 8, 5.7, [2593, 876]
37, 9, 5.65, [288, 876]
38, 0, 25.24, [269, 295]
38, 1, 25.1, [269, 295]
38, 2, 15.77, [269, 2513]
38, 3, 14.54, [269, 1082]
38, 4, 9.64, [103, 283]
38, 5, 8.1, [534, 2595]
38, 6, 7.61, [4602, 1811]
38, 7, 7.31, [541, 3155]
38, 8, 6.31, [285, 260]
38, 9, 6.0, [3155, 616]
39, 0, 25.24, [269, 295]
39, 1, 25.1, [269, 295]
39, 2, 16.97, [269, 300]
39, 3, 14.08, [269, 226]
39, 4, 12.24, [269, 104]
39, 5, 8.77, [609, 1811]
39, 6, 8.59, [4602, 279]
39, 7, 6.34, [2765, 226]
39, 8, 6.1, [1086, 2527]
39, 9, 5.99, [4849, 2530]
40, 0, 25.24, [269, 295]
40, 1, 25.1, [269, 295]
40, 2, 17.67, [3135, 295]
40, 3, 16.07, [275, 295]
40, 4, 10.91, [279, 226]
40, 5, 10.38, [279, 2065]
40, 6, 7.17, [263, 2596]
40, 7, 7.03, [300, 102]
40, 8, 6.74, [154, 280]
40, 9, 6.31, [256, 2525]
41, 0, 25.24, [269, 295]
41, 1, 25.1, [269, 295]
41, 2, 15.4, [269, 250]
41, 3, 14.79, [2711, 269]
41, 4, 11.17, [277, 149]
41, 5, 10.69, [2595, 250]
41, 6, 6.59, [283, 263]
41, 7, 6.47, [2599, 303]
41, 8, 6.44, [288, 263]
41, 9, 6.08, [265, 303]
42, 0, 25.27, [269, 295]
42, 1, 25.24, [269, 295]
42, 2, 25.1, [269, 295]
42, 3, 21.51, [279, 295]
42, 4, 14.18, [269, 2514]
42, 5, 13.86, [269, 103]
42, 6, 9.78, [2595, 380]
42, 7, 9.27, [300, 335]
42, 8, 9.08, [279, 2712]
42, 9, 8.0, [193, 2065]
43, 0, 25.27, [269, 295]
43, 1, 25.24, [269, 295]
43, 2, 18.75, [191, 295]
43, 3, 16.07, [1811, 269]
43, 4, 12.86, [615, 269]
43, 5, 11.55, [1811, 2512]
43, 6, 10.64, [1088, 2513]
43, 7, 9.18, [2597, 2595]
43, 8, 8.24, [159, 2530]
43, 9, 5.96, [297, 2527]
44, 0, 25.27, [269, 295]
44, 1, 25.24, [269, 295]
44, 2, 13.01, [269, 283]
44, 3, 12.58, [269, 303]
44, 4, 10.33, [300, 2514]
44, 5, 9.63, [302, 250]
44, 6, 8.75, [380, 874]
44, 7, 8.14, [303, 2513]
44, 8, 7.17, [1080, 265]
44, 9, 7.03, [1086, 280]
45, 0, 25.27, [269, 295]
45, 1, 25.24, [269, 295]
45, 2, 20.73, [300, 295]
45, 3, 17.33, [269, 259]
45, 4, 11.58, [269, 2762]
45, 5, 9.81, [302, 2595]
45, 6, 8.04, [296, 220]
45, 7, 7.97, [285, 98]
45, 8, 7.68, [222, 615]
45, 9, 5.83, [265, 280]
46, 0, 25.27, [269, 295]
46, 1, 25.24, [269, 295]
46, 2, 19.12, [302, 295]
46, 3, 16.05, [2514, 295]
46, 4, 15.77, [269, 300]
46, 5, 13.26, [277, 2525]
46, 6, 12.2, [2762, 269]
46, 7, 10.0, [98, 2711]
46, 8, 6.53, [103, 149]
46, 9, 6.26, [285, 2596]
47, 0, 25.27, [269, 295]
47, 1, 25.27, [269, 295]
47, 2, 25.24, [269, 295]
47, 3, 13.43, [269, 615]
47, 4, 11.49, [2762, 277]
47, 5, 10.3, [259, 260]
47, 6, 8.83, [302, 91]
47, 7, 8.42, [2764, 1088]
47, 8, 7.56, [226, 2530]
47, 9, 6.26, [285, 264]
48, 0, 25.27, [269, 295]
48, 1, 25.27, [269, 295]
48, 2, 20.2, [220, 295]
48, 3, 16.29, [219, 295]
48, 4, 15.76, [219, 295]
48, 5, 13.61, [277, 2514]
48, 6, 11.8, [277, 2762]
48, 7, 9.16, [154, 250]
48, 8, 9.1, [2711, 263]
48, 9, 8.46, [209, 154]
49, 0, 25.27, [269, 295]
49, 1, 25.27, [269, 295]
49, 2, 18.87, [154, 295]
49, 3, 12.81, [269, 297]
49, 4, 12.71, [1811, 259]
49, 5, 12.43, [269, 278]
49, 6, 10.6, [77, 2599]
49, 7, 7.72, [265, 193]
49, 8, 7.55, [209, 2599]
49, 9, 6.48, [380, 2527]
50, 0, 25.27, [269, 295]
50, 1, 25.27, [269, 295]
50, 2, 18.91, [269, 277]
50, 3, 16.7, [295, 2765]
50, 4, 14.61, [269, 1082]
50, 5, 13.58, [269, 2514]
50, 6, 12.51, [269, 296]
50, 7, 12.23, [300, 1811]
50, 8, 10.34, [1811, 250]
50, 9, 7.42, [2764, 1086]
