generation number, pop_size, worst, best, median, avg, std, diversity, improvement, number_of_selections
0, 10, 9.03, 14.07, 10.335, 10.594000000000001, 1.3482225335603912,0.9777777777777777,0,[1.e-300]
1, 10, 9.89, 15.65, 12.17, 12.187999999999999, 1.708688385867944,0.9037037037037037,0.11229566453447051,[1.e-300]
2, 10, 11.13, 17.43, 13.93, 13.970999999999998, 1.7930669256890552,0.7703703703703704,0.11373801916932903,[1.e-300]
3, 10, 13.48, 17.43, 14.815000000000001, 15.201999999999998, 1.3327025174434093,0.6962962962962963,0.0,[1.e-300]
4, 10, 9.81, 18.51, 14.594999999999999, 14.517, 2.91915758396151,0.7851851851851852,0.06196213425129098,[1.e-300]
5, 10, 12.03, 18.51, 16.63, 15.892, 2.1579796106543734,0.6962962962962963,0.0,[1.e-300]
6, 10, 15.68, 18.51, 16.515, 16.796, 0.9302924271432078,0.5851851851851853,0.0,[1.e-300]
7, 10, 15.87, 19.49, 16.535, 17.27, 1.3882795107614319,0.5407407407407407,0.052944354403025216,[1.e-300]
8, 10, 11.93, 19.49, 16.655, 16.256000000000004, 2.6311335960000206,0.8,0.0,[1.e-300]
9, 10, 10.82, 19.49, 16.075, 15.95, 3.0801038943516175,0.7111111111111111,0.0,[1.e-300]
10, 10, 8.39, 20.03, 17.61, 15.631, 4.4386314332235335,0.7407407407407408,0.02770651616213457,[1.e-300]
