generation number, pop_size, worst, best, median, avg, std, diversity, improvement, number_of_selections
0, 10, 3.03, 3.12, 3.08, 3.075, 0.02617250465660484,0.9111111111111111,0,[1.e-300]
1, 10, 3.06, 3.14, 3.105, 3.1029999999999998, 0.023259406699226073,0.837037037037037,0.006410256410256416,[10.]
2, 10, 3.09, 3.19, 3.12, 3.1260000000000003, 0.029051678092667912,0.8222222222222222,0.015923566878980836,[20.]
3, 10, 3.09, 3.19, 3.11, 3.1209999999999996, 0.03047950130825638,0.7111111111111111,0.0,[30.]
4, 10, 3.09, 3.23, 3.145, 3.147, 0.04360045871318332,0.7851851851851852,0.012539184952978068,[40.]
5, 10, 3.07, 3.23, 3.115, 3.13, 0.0475394572960189,0.8444444444444444,0.0,[50.]
6, 10, 3.08, 3.23, 3.11, 3.126, 0.04454211490264017,0.8592592592592593,0.0,[60.]
7, 10, 3.05, 3.23, 3.0949999999999998, 3.117, 0.06450581369148059,0.8666666666666667,0.0,[70.]
8, 10, 3.08, 3.23, 3.115, 3.133, 0.050606323715519964,0.7037037037037037,0.0,[80.]
9, 10, 3.06, 3.23, 3.13, 3.13, 0.05513619500836087,0.8,0.0,[90.]
10, 10, 3.08, 3.23, 3.105, 3.1340000000000003, 0.052952809179494915,0.6740740740740742,0.0,[100.]
