num_genrations,diversity,improvement,best_fitness
0,0.9966666666666667,0,992.762
1,0.825,0.000805832616478137,993.562
2,0.6683333333333333,0.0006783673288631994,994.236
3,0.5816666666666667,0.0003037508197249153,994.538
4,0.45500000000000007,0.00015484576758253215,994.692
5,0.3783333333333333,0.0,994.692
6,0.3633333333333334,5.428816156154229e-05,994.746
7,0.2683333333333333,0.0003035950885955017,995.048
8,0.355,2.6129392752865807e-05,995.074
9,0.32833333333333325,0.0,995.074
10,0.09999999999999987,0.0,995.074
