n_nodes,influence,n0,n1,n2,n3,n4
5,1136.3700,32899,4969,15798,20317,4287
5,1050.6800,32899,4969,10327,20317,4287
5,1038.5500,32899,4969,10327,20317,4287
5,1029.4800,32899,4969,10327,20317,4287
5,1025.4400,32899,4969,10327,20317,4287
5,1019.2200,32899,4969,10327,20317,4287
5,1016.7400,32899,4969,10327,20317,4287
5,1016.7400,32899,4969,10327,20317,4287
5,1016.7400,32899,4969,10327,20317,4287
5,1016.7400,32899,4969,10327,20317,4287
5,732.6700,32899,10327,15798,20317,4287
5,727.1700,32899,10327,15798,20317,4287
5,727.1700,32899,10327,15798,20317,4287
5,727.1700,32899,10327,15798,20317,4287
5,727.1700,32899,10327,15798,20317,4287
5,727.1700,32899,10327,15798,20317,4287
