generation number, individual number, fitness, candidate
0, 0, 13.26, [87, 66167, 70194]
0, 1, 12.07, [66169, 130282, 73932]
0, 2, 9.88, [821, 85838, 56239]
0, 3, 9.67, [90, 86, 46]
0, 4, 8.84, [284, 11387, 56237]
0, 5, 7.64, [93407, 126458, 94016]
0, 6, 7.6, [278, 40788, 14200]
0, 7, 7.28, [86, 12067, 281]
0, 8, 7.2, [100807, 823, 81178]
0, 9, 6.0, [1060, 1927, 12067]
1, 0, 13.64, [87, 91978, 73932]
1, 1, 13.26, [87, 66167, 70194]
1, 2, 12.8, [86, 85838, 73932]
1, 3, 12.42, [62858, 66167, 70194]
1, 4, 12.07, [66169, 130282, 73932]
1, 5, 11.91, [823, 66167, 70194]
1, 6, 11.86, [90, 85838, 56239]
1, 7, 11.42, [821, 91978, 73932]
1, 8, 10.75, [285, 98062, 70198]
1, 9, 10.53, [66169, 130282, 56240]
2, 0, 16.99, [66076, 91978, 76776]
2, 1, 14.31, [87, 66167, 76776]
2, 2, 13.64, [87, 91978, 73932]
2, 3, 13.53, [86, 91978, 73932]
2, 4, 13.47, [88, 91978, 70194]
2, 5, 13.26, [87, 66167, 70194]
2, 6, 13.01, [87, 66171, 73932]
2, 7, 12.93, [281, 66167, 73932]
2, 8, 12.89, [87, 91978, 85839]
2, 9, 12.3, [87, 96148, 70194]
3, 0, 18.05, [66076, 91978, 85839]
3, 1, 17.32, [66076, 66167, 70364]
3, 2, 16.99, [66076, 91978, 76776]
3, 3, 15.85, [89, 66167, 73932]
3, 4, 14.63, [89, 91978, 76776]
3, 5, 14.31, [87, 66167, 76776]
3, 6, 14.06, [130282, 66167, 73932]
3, 7, 13.78, [86, 96148, 76776]
3, 8, 13.2, [66076, 91978, 70198]
3, 9, 12.79, [90, 91978, 76776]
4, 0, 18.05, [66076, 91978, 85839]
4, 1, 17.94, [66076, 96148, 85839]
4, 2, 17.32, [66076, 66167, 70364]
4, 3, 13.12, [66079, 66167, 76776]
4, 4, 12.62, [1061, 91978, 89]
4, 5, 12.55, [66079, 66167, 76776]
4, 6, 11.21, [89, 93408, 70364]
4, 7, 10.7, [66169, 91978, 70364]
4, 8, 10.41, [98063, 85838, 76776]
4, 9, 9.94, [80449, 284, 56239]
5, 0, 18.86, [66076, 66167, 47392]
5, 1, 18.05, [66076, 91978, 85839]
5, 2, 17.94, [66076, 96148, 85839]
5, 3, 17.92, [66076, 56239, 76776]
5, 4, 16.99, [66076, 66167, 14200]
5, 5, 16.4, [66076, 96148, 70364]
5, 6, 16.11, [66076, 85838, 282]
5, 7, 15.37, [70193, 96148, 85839]
5, 8, 15.24, [11388, 66167, 70364]
5, 9, 11.9, [66079, 96144, 85839]
6, 0, 19.18, [66076, 66167, 47392]
6, 1, 19.07, [66076, 66167, 47392]
6, 2, 18.86, [66076, 66167, 47392]
6, 3, 18.05, [66076, 91978, 85839]
6, 4, 17.67, [66076, 96148, 47392]
6, 5, 16.07, [70193, 96148, 47392]
6, 6, 15.13, [70193, 91978, 47392]
6, 7, 14.09, [59751, 56239, 70194]
6, 8, 13.82, [59751, 66167, 85839]
6, 9, 11.27, [56237, 96148, 85839]
7, 0, 19.18, [66076, 66167, 47392]
7, 1, 19.07, [66076, 66167, 47392]
7, 2, 18.22, [66076, 56240, 47392]
7, 3, 16.7, [66076, 66167, 150655]
7, 4, 13.78, [11388, 144434, 221360]
7, 5, 13.5, [66079, 66167, 100807]
7, 6, 12.22, [96147, 66167, 91978]
7, 7, 12.13, [66079, 56240, 70364]
7, 8, 11.76, [96148, 148118, 47392]
7, 9, 10.7, [70195, 14197, 56240]
8, 0, 19.18, [66076, 66167, 47392]
8, 1, 19.07, [66076, 66167, 47392]
8, 2, 18.57, [66076, 144434, 73931]
8, 3, 15.48, [66076, 282, 96648]
8, 4, 15.17, [66076, 1060, 100807]
8, 5, 14.74, [70194, 66076, 285]
8, 6, 14.54, [66076, 150655, 73931]
8, 7, 14.26, [66076, 284, 86543]
8, 8, 13.49, [66079, 144434, 62858]
8, 9, 11.07, [1927, 56240, 47392]
9, 0, 19.18, [66076, 66167, 47392]
9, 1, 19.11, [66076, 86, 47392]
9, 2, 19.07, [66076, 66167, 47392]
9, 3, 18.07, [66076, 66167, 59751]
9, 4, 17.31, [66076, 282, 73931]
9, 5, 16.59, [66076, 127089, 56241]
9, 6, 15.82, [66076, 66171, 73931]
9, 7, 12.11, [150655, 56240, 47392]
9, 8, 11.64, [85839, 144434, 47392]
9, 9, 11.42, [73932, 558, 86]
10, 0, 19.18, [66076, 66167, 47392]
10, 1, 19.11, [66076, 86, 47392]
10, 2, 18.95, [66076, 46, 47392]
10, 3, 17.44, [66076, 1060, 144434]
10, 4, 15.31, [66076, 66171, 90]
10, 5, 14.44, [70196, 66167, 59751]
10, 6, 14.31, [66076, 86, 66078]
10, 7, 13.22, [77088, 47392, 88]
10, 8, 11.85, [66169, 66167, 47392]
10, 9, 11.09, [284, 66171, 62858]
