num_genrations,diversity,improvement,best_fitness
0,0.9948326771653543,0,43.13163272250402
1,0.9671998031496063,0.011128929111670958,43.6116416055434
2,0.9097933070866142,0.2221829750082519,53.301405882456685
3,0.8109498031496063,0.059774502489541026,56.48747090107363
4,0.47933070866141736,0.1322559770404665,63.95827655564004
5,0.5695127952755905,0.039088166419908886,66.45828831357746
6,0.5872047244094487,0.14955771009427718,76.39763773054136
7,0.5376476377952755,0.016400775812953,77.65061825959917
8,0.5075787401574803,0.00988497136846694,78.41819239783906
9,0.388853346456693,0.005767644148906378,78.87048062639028
10,0.3958415354330711,0.015508690803135404,80.09365852391964
