generation number, pop_size, worst, best, median, avg, std, diversity, improvement, number_of_selections
0, 10, 2.05, 2.13, 2.09, 2.09, 0.024899799195977488,0.9666666666666667,0,[1.e-300]
1, 10, 2.05, 2.15, 2.09, 2.094, 0.03006659275674583,0.9,0.009389671361502356,[1.e-300]
2, 10, 2.05, 2.15, 2.085, 2.0919999999999996, 0.03187475490101845,0.8888888888888888,0.0,[1.e-300]
3, 10, 2.06, 2.15, 2.105, 2.1069999999999998, 0.027221315177632373,0.9111111111111111,0.0,[1.e-300]
4, 10, 2.06, 2.16, 2.135, 2.1179999999999994, 0.037363083384538774,0.8666666666666667,0.004651162790697782,[1.e-300]
5, 10, 2.02, 2.16, 2.1100000000000003, 2.107, 0.04859012245302542,0.9333333333333333,0.0,[1.e-300]
6, 10, 2.06, 2.17, 2.0949999999999998, 2.11, 0.03714835124201344,0.8222222222222222,0.0046296296296295305,[1.e-300]
7, 10, 2.08, 2.17, 2.13, 2.1270000000000002, 0.026851443164195132,0.8222222222222222,0.0,[1.e-300]
8, 10, 2.04, 2.17, 2.105, 2.101, 0.04548626166217666,0.8333333333333334,0.0,[1.e-300]
9, 10, 2.03, 2.17, 2.0700000000000003, 2.09, 0.05157518783291058,0.9222222222222222,0.0,[1.e-300]
10, 10, 2.06, 2.17, 2.0949999999999998, 2.1069999999999998, 0.04001249804748511,0.8777777777777778,0.0,[1.e-300]
