num_genrations,diversity,improvement,best_fitness
0,0.9916666666666667,0,26.78
1,0.7761904761904761,0.0,26.78
2,0.24404761904761885,0.023151605675877426,27.4
3,0.28095238095238106,0.14890510948905117,31.48
4,0.1785714285714286,0.020012706480304922,32.11
5,0.017857142857142794,0.02024291497975704,32.76
6,0.017857142857142794,-0.012820512820512657,32.34
7,0.03571428571428559,0.02844774273345685,33.26
8,0.06428571428571428,0.0,33.26
9,0.08333333333333326,0.0,33.26
10,0.11190476190476184,0.03397474443776316,34.39
