generation number, pop_size, worst, best, median, avg, std, diversity, improvement, number_of_selections
0, 10, 5.1, 8.85, 6.445, 6.794, 1.352244060811509,1.0,0,[1.e-300]
1, 10, 6.55, 11.01, 8.645, 8.388, 1.2010228973670736,0.7888888888888889,0.24406779661016953,[1.e-300]
2, 10, 6.15, 11.37, 8.91, 8.948, 1.7366968647406487,0.8666666666666667,0.032697547683923654,[1.e-300]
3, 10, 7.62, 13.41, 9.49, 9.744, 1.728202534427027,0.9222222222222223,0.17941952506596315,[1.e-300]
4, 10, 6.0, 13.41, 9.445, 10.181999999999999, 2.3355504704458863,0.9111111111111111,0.0,[1.e-300]
5, 10, 6.59, 13.7, 9.36, 9.955, 2.5223173868488473,0.9111111111111111,0.021625652498135656,[1.e-300]
6, 10, 7.48, 13.7, 10.254999999999999, 10.454, 2.4790933826703663,0.888888888888889,0.0,[1.e-300]
7, 10, 4.6, 13.7, 9.095, 9.482999999999999, 3.0849442458495098,0.9111111111111111,0.0,[1.e-300]
8, 10, 5.37, 13.7, 8.805, 9.253, 2.9827505762299333,0.8777777777777778,0.0,[1.e-300]
9, 10, 6.28, 13.7, 10.11, 10.228, 2.7525362849561126,0.8888888888888888,0.0,[1.e-300]
10, 10, 6.22, 13.7, 10.09, 10.175, 2.4006051320448347,0.8666666666666667,0.0,[1.e-300]
