num_genrations,diversity,improvement,best_fitness
0,0.99989898989899,0,21.22
1,0.9502121212121212,0.0032987747408105695,21.29
2,0.7774242424242425,0.0,21.29
3,0.732,0.0,21.29
4,0.5015151515151516,0.0,21.29
5,0.046525252525252636,0.0004697040864256253,21.3
6,0.008969696969696739,0.002816901408450644,21.36
7,0.008949494949494707,0.0,21.36
8,0.00994949494949493,0.0,21.36
9,0.0030000000000001137,0.0018726591760299227,21.4
10,0.00797979797979853,0.0,21.4
11,0.008979797979797755,0.0,21.4
12,0.006999999999999895,0.0,21.4
13,0.010949494949495264,0.0,21.4
14,0.006000000000000116,0.0,21.4
15,0.008000000000000562,0.0,21.4
16,0.00893939393939358,0.0,21.4
17,0.00898989898989866,0.0,21.4
18,0.005989898989899101,0.0,21.4
19,0.0030000000000001137,0.0,21.4
20,0.0069898989898987685,0.0,21.4
21,0.0040000000000000036,0.001401869158878558,21.43
22,0.012969696969697075,0.0,21.43
23,0.008000000000000451,0.0,21.43
24,0.010949494949495264,0.0,21.43
25,0.004999999999999671,0.0,21.43
26,0.010949494949495264,0.0,21.43
27,0.010959595959596391,0.0,21.43
28,0.006000000000000116,0.0,21.43
29,0.005989898989899101,0.0,21.43
30,0.007989898989899546,0.0,21.43
31,0.006979797979797975,0.0,21.43
32,0.009979797979798088,0.0,21.43
33,0.015919191919191777,0.0,21.43
34,0.006979797979797975,0.0,21.43
35,0.009969696969696962,0.0,21.43
36,0.00996969696969674,0.0,21.43
37,0.006000000000000116,0.0,21.43
38,0.008959595959595723,0.0,21.43
39,0.0040000000000000036,0.0,21.43
40,0.008999999999999786,0.0,21.43
41,0.012979797979798313,0.0,21.43
42,0.009979797979798088,0.0,21.43
43,0.009979797979798088,0.0,21.43
44,0.015777777777777557,0.0,21.43
45,0.009979797979797977,0.0,21.43
46,0.00497979797979764,0.0,21.43
47,0.003989898989898988,0.0,21.43
48,0.003989898989898988,0.0,21.43
49,0.011969696969696741,0.0,21.43
50,0.009909090909090978,0.0,21.43
51,0.010898989898990075,0.0,21.43
52,0.00898989898989877,0.0,21.43
53,0.006000000000000116,0.0,21.43
54,0.006000000000000116,0.0,21.43
55,0.0109797979797982,0.0,21.43
56,0.004999999999999893,0.0,21.43
57,0.006999999999999895,0.0,21.43
58,0.01495959595959595,0.0,21.43
59,0.01493939393939403,0.0,21.43
60,0.00497979797979764,0.0,21.43
61,0.01295959595959617,0.0,21.43
62,0.003979797979797972,0.0,21.43
63,0.006909090909090865,0.0,21.43
64,0.011969696969696741,0.0,21.43
65,0.001989898989898542,0.0,21.43
66,0.00598989898989899,0.0,21.43
67,0.009979797979797977,0.0,21.43
68,0.008949494949494707,0.0,21.43
69,0.006959595959595832,0.0,21.43
70,0.009919191919191772,0.0,21.43
71,0.009989898989898882,0.0,21.43
72,0.013777777777777889,0.0,21.43
73,0.009939393939394026,0.0,21.43
74,0.0109797979797982,0.0,21.43
75,0.008979797979797866,0.0,21.43
76,0.009989898989898882,0.0,21.43
77,0.009969696969696962,0.0,21.43
78,0.01388888888888884,0.0,21.43
79,0.011979797979797868,0.0,21.43
80,0.012929292929293346,0.0,21.43
81,0.010717171717172125,0.0,21.43
82,0.007868686868686914,0.0,21.43
83,0.009989898989898993,0.0,21.43
84,0.008909090909090756,0.0,21.43
85,0.007989898989899435,0.0,21.43
86,0.007989898989898991,0.0,21.43
87,0.0019999999999995577,0.0,21.43
88,0.013979797979798203,0.0,21.43
89,0.004999999999999671,0.0,21.43
90,0.011909090909090758,0.0,21.43
91,0.003989898989898988,0.0,21.43
92,0.007969696969697404,0.0,21.43
93,0.0069898989898988795,0.0,21.43
94,0.0069898989898987685,0.0,21.43
95,0.008979797979797755,0.0,21.43
96,0.007969696969697404,0.0,21.43
97,0.013888888888888618,0.0,21.43
98,0.010959595959596391,0.0,21.43
99,0.009969696969696962,0.0,21.43
100,0.013929292929293124,0.0,21.43
