generation number, individual number, fitness, candidate
0, 0, 7.5, [91277, 278]
0, 1, 5.86, [123523, 33300]
0, 2, 5.72, [558, 100140]
0, 3, 4.79, [70639, 11925]
0, 4, 4.67, [77358, 123524]
0, 5, 4.52, [10375, 33299]
0, 6, 4.17, [1063, 123524]
0, 7, 3.52, [149059, 95674]
0, 8, 3.0, [11935, 558]
0, 9, 2.0, [11935, 134365]
1, 0, 10.75, [91277, 33297]
1, 1, 7.5, [91277, 278]
1, 2, 7.17, [134361, 100140]
1, 3, 6.37, [70639, 86]
1, 4, 6.3, [149059, 278]
1, 5, 6.28, [134361, 11925]
1, 6, 6.19, [558, 86]
1, 7, 6.05, [134361, 33300]
1, 8, 5.86, [123523, 33300]
1, 9, 5.55, [73703, 134365]
2, 0, 11.02, [66169, 65899]
2, 1, 10.75, [91277, 33297]
2, 2, 8.05, [134361, 86]
2, 3, 7.5, [91277, 278]
2, 4, 6.94, [70639, 70638]
2, 5, 6.36, [91277, 80662]
2, 6, 6.3, [70639, 86]
2, 7, 6.25, [1062, 46]
2, 8, 5.54, [134361, 1060]
2, 9, 5.1, [134362, 278]
3, 0, 11.29, [91277, 33297]
3, 1, 11.02, [66169, 65899]
3, 2, 10.95, [91277, 33297]
3, 3, 10.75, [91277, 33297]
3, 4, 9.47, [821, 33297]
3, 5, 9.1, [66166, 33297]
3, 6, 8.5, [66166, 33297]
3, 7, 8.08, [66169, 80449]
3, 8, 7.71, [150015, 65901]
3, 9, 7.32, [66166, 86]
4, 0, 11.48, [66169, 65899]
4, 1, 11.29, [91277, 33297]
4, 2, 11.17, [66169, 65899]
4, 3, 11.02, [66169, 65899]
4, 4, 10.51, [134361, 65899]
4, 5, 10.32, [33296, 33297]
4, 6, 9.97, [113171, 65899]
4, 7, 8.61, [80661, 282]
4, 8, 7.81, [56240, 91276]
4, 9, 7.28, [1063, 70638]
5, 0, 11.48, [66169, 65899]
5, 1, 11.29, [91277, 33297]
5, 2, 10.85, [88, 33296]
5, 3, 9.52, [88, 98062]
5, 4, 8.97, [66169, 33298]
5, 5, 8.44, [134365, 33297]
5, 6, 6.85, [33296, 65900]
5, 7, 6.79, [1061, 148118]
5, 8, 5.16, [62858, 1927]
5, 9, 4.69, [67331, 283]
6, 0, 11.58, [88, 33298]
6, 1, 11.48, [66169, 65899]
6, 2, 11.29, [91277, 33297]
6, 3, 11.23, [46, 65899]
6, 4, 10.66, [91277, 33297]
6, 5, 10.47, [56240, 33296]
6, 6, 9.49, [66169, 33298]
6, 7, 7.76, [284, 100140]
6, 8, 7.32, [90, 98065]
6, 9, 7.26, [66169, 90]
7, 0, 11.58, [88, 33298]
7, 1, 11.48, [66169, 65899]
7, 2, 11.34, [86, 65899]
7, 3, 9.61, [62858, 33298]
7, 4, 9.48, [88, 73703]
7, 5, 9.14, [86, 33298]
7, 6, 8.93, [87, 33298]
7, 7, 8.05, [56240, 1060]
7, 8, 7.99, [88, 70640]
7, 9, 7.27, [46, 113171]
8, 0, 11.58, [88, 33298]
8, 1, 11.48, [66169, 65899]
8, 2, 10.79, [278, 65899]
8, 3, 9.71, [66169, 11387]
8, 4, 9.22, [66169, 11387]
8, 5, 8.91, [87, 33298]
8, 6, 7.81, [88, 65900]
8, 7, 7.66, [88, 65900]
8, 8, 6.84, [100140, 91276]
8, 9, 6.63, [86, 70639]
9, 0, 11.77, [88, 33297]
9, 1, 11.71, [80450, 65899]
9, 2, 11.58, [88, 33298]
9, 3, 11.48, [66169, 65899]
9, 4, 10.69, [66169, 65899]
9, 5, 9.81, [278, 11387]
9, 6, 8.57, [113173, 11387]
9, 7, 8.27, [279, 33298]
9, 8, 8.13, [90, 33298]
9, 9, 7.35, [6376, 33298]
10, 0, 11.77, [88, 33297]
10, 1, 11.71, [80450, 65899]
10, 2, 11.38, [73703, 65899]
10, 3, 11.12, [86, 33297]
10, 4, 8.44, [100140, 98063]
10, 5, 8.04, [90, 33298]
10, 6, 7.86, [150015, 80450]
10, 7, 7.82, [88, 86]
10, 8, 7.56, [118602, 77358]
10, 9, 7.16, [65901, 123523]
11, 0, 11.77, [88, 33297]
11, 1, 11.71, [80450, 65899]
11, 2, 11.46, [46, 65899]
11, 3, 10.86, [80450, 11388]
11, 4, 10.11, [65897, 100141]
11, 5, 10.11, [80449, 33297]
11, 6, 8.52, [88, 70640]
11, 7, 7.69, [66171, 91277]
11, 8, 7.38, [66059, 278]
11, 9, 6.87, [80450, 33299]
12, 0, 11.95, [80450, 65899]
12, 1, 11.77, [88, 33297]
12, 2, 11.71, [80450, 65899]
12, 3, 10.77, [279, 65899]
12, 4, 9.24, [80450, 33298]
12, 5, 8.12, [62858, 98065]
12, 6, 7.83, [46, 279]
12, 7, 7.66, [80450, 150654]
12, 8, 7.24, [88, 70639]
12, 9, 6.98, [88, 65900]
13, 0, 12.26, [62858, 65899]
13, 1, 11.95, [80450, 65899]
13, 2, 11.77, [88, 33297]
13, 3, 9.17, [80450, 56240]
13, 4, 8.62, [80450, 62858]
13, 5, 8.28, [80656, 278]
13, 6, 8.11, [88, 149059]
13, 7, 6.61, [90, 70640]
13, 8, 6.16, [118606, 62858]
13, 9, 5.86, [823, 278]
14, 0, 12.26, [62858, 65899]
14, 1, 11.95, [80450, 65899]
14, 2, 11.44, [80449, 65899]
14, 3, 11.09, [66169, 65899]
14, 4, 10.75, [66167, 33297]
14, 5, 10.57, [33297, 65897]
14, 6, 8.69, [98063, 31634]
14, 7, 7.3, [98065, 113173]
14, 8, 6.95, [66167, 56240]
14, 9, 6.61, [62858, 1062]
15, 0, 12.26, [62858, 65899]
15, 1, 11.95, [80450, 65899]
15, 2, 10.19, [11388, 56237]
15, 3, 9.38, [66167, 88]
15, 4, 8.15, [62858, 65901]
15, 5, 7.76, [62858, 90]
15, 6, 6.65, [71858, 31634]
15, 7, 6.02, [558, 86]
15, 8, 5.49, [11935, 73703]
15, 9, 5.19, [118606, 91276]
16, 0, 12.26, [62858, 65899]
16, 1, 12.24, [80656, 65899]
16, 2, 11.95, [80450, 65899]
16, 3, 8.88, [80450, 56240]
16, 4, 8.82, [278, 70638]
16, 5, 8.57, [66167, 118602]
16, 6, 8.13, [80450, 91277]
16, 7, 7.32, [62858, 33300]
16, 8, 6.46, [113172, 88]
16, 9, 5.78, [284, 134362]
17, 0, 12.26, [62858, 65899]
17, 1, 12.24, [80656, 65899]
17, 2, 11.43, [80661, 65899]
17, 3, 11.11, [100140, 65899]
17, 4, 9.87, [70638, 56240]
17, 5, 9.12, [80661, 100141]
17, 6, 8.43, [80661, 90]
17, 7, 8.25, [33298, 156909]
17, 8, 8.0, [66167, 73700]
17, 9, 7.9, [279, 282]
18, 0, 12.82, [88, 65899]
18, 1, 12.26, [62858, 65899]
18, 2, 12.24, [80656, 65899]
18, 3, 11.42, [91277, 65899]
18, 4, 8.73, [56239, 33296]
18, 5, 8.32, [80661, 150015]
18, 6, 7.33, [56241, 123523]
18, 7, 6.64, [80661, 66170]
18, 8, 6.58, [134361, 150015]
18, 9, 5.23, [90, 1062]
19, 0, 12.82, [88, 65899]
19, 1, 12.26, [62858, 65899]
19, 2, 10.24, [56237, 65899]
19, 3, 9.34, [46, 33296]
19, 4, 7.66, [88, 70639]
19, 5, 7.37, [279, 56237]
19, 6, 7.04, [558, 33298]
19, 7, 6.81, [66059, 1062]
19, 8, 6.75, [118602, 70639]
19, 9, 5.62, [821, 90]
20, 0, 13.12, [11387, 65899]
20, 1, 12.82, [88, 65899]
20, 2, 12.26, [62858, 65899]
20, 3, 10.72, [65899, 150654]
20, 4, 10.4, [56240, 33296]
20, 5, 9.65, [88, 127089]
20, 6, 8.36, [56237, 80450]
20, 7, 8.28, [88, 70640]
20, 8, 8.21, [1927, 65899]
20, 9, 7.79, [279, 80661]
21, 0, 13.12, [11387, 65899]
21, 1, 12.82, [88, 65899]
21, 2, 11.26, [56241, 65899]
21, 3, 8.44, [95674, 65899]
21, 4, 8.37, [88, 70640]
21, 5, 8.24, [46, 66171]
21, 6, 7.92, [11387, 65900]
21, 7, 7.52, [80656, 280]
21, 8, 7.33, [66167, 282]
21, 9, 5.47, [283, 134362]
22, 0, 13.12, [11387, 65899]
22, 1, 12.82, [88, 65899]
22, 2, 9.65, [11387, 91277]
22, 3, 9.53, [56239, 89]
22, 4, 8.3, [11387, 71858]
22, 5, 8.05, [56240, 91276]
22, 6, 7.52, [66171, 33298]
22, 7, 6.48, [11926, 286]
22, 8, 6.29, [113173, 70640]
22, 9, 6.16, [62858, 66167]
23, 0, 13.12, [11387, 65899]
23, 1, 12.82, [88, 65899]
23, 2, 10.94, [279, 65899]
23, 3, 10.73, [150655, 65899]
23, 4, 10.47, [278, 33297]
23, 5, 8.39, [11387, 280]
23, 6, 7.7, [100807, 89]
23, 7, 6.68, [284, 150015]
23, 8, 6.68, [56239, 134361]
23, 9, 6.43, [6376, 279]
24, 0, 13.12, [11387, 65899]
24, 1, 12.82, [88, 65899]
24, 2, 11.29, [150652, 65899]
24, 3, 10.1, [11387, 73703]
24, 4, 9.17, [33298, 80450]
24, 5, 8.56, [1927, 65899]
24, 6, 8.46, [88, 12067]
24, 7, 8.43, [46, 31634]
24, 8, 7.7, [286, 282]
24, 9, 6.3, [88, 67331]
25, 0, 13.12, [11387, 65899]
25, 1, 12.82, [88, 65899]
25, 2, 10.11, [11387, 73703]
25, 3, 8.68, [88, 70640]
25, 4, 8.44, [98062, 283]
25, 5, 8.4, [90, 118602]
25, 6, 6.82, [33299, 66059]
25, 7, 6.62, [113171, 150652]
25, 8, 5.8, [70639, 62858]
25, 9, 5.25, [149059, 156909]
26, 0, 13.12, [11387, 65899]
26, 1, 12.82, [88, 65899]
26, 2, 10.74, [11387, 56240]
26, 3, 9.78, [86, 11387]
26, 4, 8.71, [66167, 46]
26, 5, 8.56, [88, 283]
26, 6, 8.14, [98065, 80661]
26, 7, 7.49, [11387, 70639]
26, 8, 7.1, [56240, 149059]
26, 9, 6.85, [558, 56240]
27, 0, 13.12, [11387, 65899]
27, 1, 12.82, [88, 65899]
27, 2, 9.58, [149059, 65899]
27, 3, 9.43, [823, 65899]
27, 4, 8.75, [98063, 73703]
27, 5, 7.49, [286, 123523]
27, 6, 7.13, [150654, 282]
27, 7, 6.65, [66169, 66170]
27, 8, 6.14, [278, 70640]
27, 9, 5.75, [134361, 6376]
28, 0, 13.12, [11387, 65899]
28, 1, 12.82, [88, 65899]
28, 2, 12.12, [88, 11388]
28, 3, 12.06, [56240, 11388]
28, 4, 9.02, [118602, 100140]
28, 5, 8.54, [91276, 89]
28, 6, 8.38, [11387, 70640]
28, 7, 7.97, [11387, 149059]
28, 8, 7.64, [90, 98063]
28, 9, 7.62, [286, 70640]
29, 0, 13.12, [11387, 65899]
29, 1, 12.82, [88, 65899]
29, 2, 9.12, [33298, 65899]
29, 3, 8.39, [88, 70640]
29, 4, 7.88, [10375, 11388]
29, 5, 7.5, [6376, 11388]
29, 6, 7.32, [11387, 65900]
29, 7, 6.92, [56240, 65900]
29, 8, 6.65, [56240, 70639]
29, 9, 6.38, [11387, 11925]
30, 0, 13.12, [11387, 65899]
30, 1, 12.82, [88, 65899]
30, 2, 12.63, [11387, 65899]
30, 3, 11.64, [86, 11388]
30, 4, 9.38, [87, 80656]
30, 5, 8.74, [88, 56239]
30, 6, 8.65, [46, 98063]
30, 7, 7.88, [88, 65900]
30, 8, 7.52, [11925, 286]
30, 9, 6.01, [66170, 90]
31, 0, 13.12, [11387, 65899]
31, 1, 12.84, [11387, 33297]
31, 2, 12.82, [88, 65899]
31, 3, 10.14, [66171, 33297]
31, 4, 9.99, [6376, 65899]
31, 5, 8.42, [11387, 1060]
31, 6, 8.27, [91276, 11387]
31, 7, 7.83, [66059, 56241]
31, 8, 7.22, [11387, 65900]
31, 9, 6.77, [62858, 150653]
32, 0, 13.12, [11387, 65899]
32, 1, 12.84, [11387, 33297]
32, 2, 12.13, [118602, 65899]
32, 3, 11.44, [46, 65899]
32, 4, 10.07, [221360, 118602]
32, 5, 9.53, [86, 70638]
32, 6, 8.97, [10375, 65899]
32, 7, 8.23, [56240, 70640]
32, 8, 8.06, [100140, 31634]
32, 9, 7.05, [80450, 33299]
33, 0, 13.12, [11387, 65899]
33, 1, 12.84, [11387, 33297]
33, 2, 12.6, [88, 65899]
33, 3, 10.44, [113173, 65899]
33, 4, 9.73, [11387, 65901]
33, 5, 9.64, [33298, 65899]
33, 6, 9.35, [87, 11387]
33, 7, 7.36, [65897, 284]
33, 8, 6.79, [144434, 150015]
33, 9, 5.9, [33300, 33299]
34, 0, 14.3, [11388, 65899]
34, 1, 13.12, [11387, 65899]
34, 2, 12.84, [11387, 33297]
34, 3, 10.21, [11388, 144434]
34, 4, 10.13, [90, 33297]
34, 5, 9.67, [89, 98062]
34, 6, 8.09, [11935, 65899]
34, 7, 7.59, [88, 71858]
34, 8, 6.72, [88, 70639]
34, 9, 6.03, [1062, 56239]
35, 0, 14.33, [11388, 33297]
35, 1, 14.3, [11388, 65899]
35, 2, 14.02, [11388, 33297]
35, 3, 13.12, [11387, 65899]
35, 4, 10.51, [11925, 33297]
35, 5, 9.86, [11388, 70640]
35, 6, 9.09, [10375, 65899]
35, 7, 8.29, [98063, 56240]
35, 8, 6.56, [823, 56237]
35, 9, 5.9, [90, 113171]
36, 0, 14.33, [11388, 33297]
36, 1, 14.3, [11388, 65899]
36, 2, 10.45, [12067, 33297]
36, 3, 10.41, [144434, 33297]
36, 4, 9.86, [100141, 127089]
36, 5, 9.56, [148118, 100141]
36, 6, 9.24, [33300, 65899]
36, 7, 7.55, [150653, 33298]
36, 8, 7.22, [11925, 285]
36, 9, 6.35, [87, 33299]
37, 0, 14.33, [11388, 33297]
37, 1, 14.3, [11388, 65899]
37, 2, 11.47, [65899, 148118]
37, 3, 11.28, [11388, 66059]
37, 4, 10.98, [98065, 65899]
37, 5, 10.0, [11388, 33299]
37, 6, 9.95, [12067, 33297]
37, 7, 9.71, [11388, 33299]
37, 8, 8.57, [14223, 33297]
37, 9, 6.46, [281, 88]
38, 0, 14.33, [11388, 33297]
38, 1, 14.3, [11388, 65899]
38, 2, 11.38, [91277, 65899]
38, 3, 10.29, [11388, 56237]
38, 4, 9.58, [11388, 1061]
38, 5, 9.36, [148118, 11387]
38, 6, 8.31, [80656, 284]
38, 7, 7.93, [65900, 33297]
38, 8, 6.75, [11925, 148118]
38, 9, 6.54, [56237, 33300]
39, 0, 14.33, [11388, 33297]
39, 1, 14.3, [11388, 65899]
39, 2, 11.36, [80661, 33297]
39, 3, 10.27, [12067, 65899]
39, 4, 9.25, [11388, 65900]
39, 5, 9.2, [11388, 65900]
39, 6, 8.36, [113173, 70638]
39, 7, 7.9, [33297, 113172]
39, 8, 7.88, [91277, 283]
39, 9, 6.87, [11926, 11387]
40, 0, 14.33, [11388, 33297]
40, 1, 14.3, [11388, 65899]
40, 2, 11.53, [80661, 65899]
40, 3, 11.15, [11388, 285]
40, 4, 11.02, [11388, 148118]
40, 5, 10.08, [285, 33297]
40, 6, 7.56, [6376, 118602]
40, 7, 6.79, [1062, 46]
40, 8, 6.5, [823, 80450]
40, 9, 6.49, [144434, 134361]
41, 0, 14.33, [11388, 33297]
41, 1, 14.3, [11388, 65899]
41, 2, 13.9, [11388, 33297]
41, 3, 10.69, [100140, 33297]
41, 4, 10.39, [12067, 65899]
41, 5, 10.19, [11925, 33297]
41, 6, 9.52, [118602, 65901]
41, 7, 9.42, [86, 56240]
41, 8, 8.93, [11388, 65900]
41, 9, 8.91, [80661, 46]
42, 0, 14.33, [11388, 33297]
42, 1, 14.3, [11388, 65899]
42, 2, 12.56, [11387, 65899]
42, 3, 10.2, [11925, 33297]
42, 4, 9.72, [11387, 65901]
42, 5, 9.43, [46, 33298]
42, 6, 8.4, [62858, 286]
42, 7, 7.2, [156909, 73703]
42, 8, 6.85, [144436, 56240]
42, 9, 6.78, [66059, 33300]
43, 0, 14.33, [11388, 33297]
43, 1, 14.3, [11388, 65899]
43, 2, 10.39, [11387, 80656]
43, 3, 9.79, [11925, 33297]
43, 4, 9.71, [11388, 70640]
43, 5, 9.01, [10375, 33297]
43, 6, 8.97, [10375, 65899]
43, 7, 8.82, [11388, 70639]
43, 8, 7.72, [11388, 10375]
43, 9, 7.36, [91277, 283]
44, 0, 14.33, [11388, 33297]
44, 1, 14.3, [11388, 65899]
44, 2, 12.51, [11387, 33297]
44, 3, 11.91, [221360, 11388]
44, 4, 11.31, [11388, 80661]
44, 5, 11.31, [11388, 80661]
44, 6, 10.54, [118602, 11387]
44, 7, 10.21, [31634, 33297]
44, 8, 8.3, [11387, 33299]
44, 9, 7.75, [150015, 56239]
45, 0, 14.33, [11388, 33297]
45, 1, 14.3, [11388, 65899]
45, 2, 14.22, [11388, 65899]
45, 3, 10.83, [88, 100141]
45, 4, 10.21, [11388, 283]
45, 5, 9.5, [221360, 86]
45, 6, 9.29, [11388, 65900]
45, 7, 6.78, [123523, 150015]
45, 8, 6.42, [87, 11926]
45, 9, 6.4, [56239, 65900]
46, 0, 14.33, [11388, 33297]
46, 1, 14.3, [11388, 65899]
46, 2, 13.51, [11388, 33297]
46, 3, 12.26, [118602, 65899]
46, 4, 10.42, [150015, 33297]
46, 5, 9.66, [156909, 65899]
46, 6, 8.9, [73703, 31634]
46, 7, 7.88, [86, 11925]
46, 8, 7.3, [86, 33300]
46, 9, 6.33, [127088, 56240]
47, 0, 14.33, [11388, 33297]
47, 1, 14.3, [11388, 65899]
47, 2, 11.84, [11388, 33298]
47, 3, 10.91, [11388, 33298]
47, 4, 10.6, [11388, 98065]
47, 5, 9.89, [11388, 66167]
47, 6, 9.74, [31634, 33297]
47, 7, 9.25, [11926, 65899]
47, 8, 8.78, [66169, 88]
47, 9, 6.06, [11926, 90]
48, 0, 14.33, [11388, 33297]
48, 1, 14.3, [11388, 65899]
48, 2, 10.22, [285, 33297]
48, 3, 8.87, [11388, 134362]
48, 4, 8.0, [280, 88]
48, 5, 7.7, [285, 148118]
48, 6, 7.67, [150655, 282]
48, 7, 7.42, [11925, 33298]
48, 8, 6.36, [100140, 113173]
48, 9, 6.19, [150652, 70639]
49, 0, 14.33, [11388, 33297]
49, 1, 14.3, [11388, 65899]
49, 2, 13.09, [11387, 65899]
49, 3, 11.78, [11388, 100141]
49, 4, 10.85, [33297, 150652]
49, 5, 10.24, [11388, 33299]
49, 6, 10.2, [33297, 12067]
49, 7, 9.7, [6376, 65899]
49, 8, 9.4, [80661, 33298]
49, 9, 6.66, [113171, 80450]
50, 0, 14.33, [11388, 33297]
50, 1, 14.3, [11388, 65899]
50, 2, 10.14, [134361, 33297]
50, 3, 9.21, [11926, 65899]
50, 4, 8.93, [11388, 65900]
50, 5, 8.87, [118602, 283]
50, 6, 8.84, [10375, 33297]
50, 7, 8.72, [11935, 65899]
50, 8, 8.37, [10375, 33297]
50, 9, 6.9, [558, 33298]
