generation number, pop_size, worst, best, median, avg, std, diversity, improvement, number_of_selections
0, 10, 3.03, 3.11, 3.08, 3.075, 0.026925824035672542,0.9111111111111111,0,[1.e-300]
1, 10, 3.07, 3.23, 3.11, 3.1229999999999998, 0.0456179789118282,0.9037037037037037,0.03858520900321547,[10.]
2, 10, 3.1, 3.23, 3.14, 3.1470000000000002, 0.034073450074801635,0.8222222222222222,0.0,[20.]
3, 10, 3.07, 3.23, 3.1, 3.1109999999999998, 0.04846648326421057,0.888888888888889,0.0,[30.]
4, 10, 3.1, 3.23, 3.16, 3.16, 0.043588989435406775,0.7333333333333334,0.0,[40.]
5, 10, 3.08, 3.23, 3.125, 3.1390000000000002, 0.052239831546435946,0.7925925925925926,0.0,[50.]
6, 10, 3.07, 3.23, 3.18, 3.166, 0.05607138307550485,0.6888888888888889,0.0,[60.]
7, 10, 3.06, 3.23, 3.105, 3.1359999999999997, 0.059531504264548896,0.6962962962962963,0.0,[70.]
8, 10, 3.1, 3.23, 3.135, 3.149, 0.04276680956068621,0.7851851851851852,0.0,[80.]
9, 10, 3.08, 3.23, 3.17, 3.156, 0.05180733538795454,0.762962962962963,0.0,[90.]
10, 10, 3.07, 3.23, 3.115, 3.1290000000000004, 0.05146843692983115,0.7037037037037037,0.0,[100.]
