num_genrations,diversity,improvement,best_fitness
0,0.9891666666666666,0,38.75
1,0.8516666666666667,0.0,38.75
2,0.7441666666666666,0.01367741935483874,39.28
3,0.7133333333333334,0.15860488798370664,45.51
4,0.505,0.05097780707536806,47.83
5,0.12416666666666654,0.04097846539828561,49.79
6,0.15749999999999997,0.07330789315123516,53.44
7,0.1466666666666666,0.0,53.44
8,0.1941666666666666,0.030314371257485116,55.06
9,0.1449999999999999,0.004540501271340356,55.31
10,0.14249999999999996,0.06364129452178623,58.83
