generation number, individual number, fitness, candidate
0, 0, 8.68, [286, 221360]
0, 1, 7.97, [89, 1060]
0, 2, 7.51, [66167, 283]
0, 3, 7.33, [80450, 150655]
0, 4, 6.03, [1062, 66169]
0, 5, 5.74, [144434, 66170]
0, 6, 5.32, [67332, 80450]
0, 7, 5.3, [150653, 150652]
0, 8, 4.85, [280, 558]
0, 9, 4.52, [67332, 134361]
1, 0, 14.67, [65899, 11388]
1, 1, 9.12, [46, 221360]
1, 2, 8.68, [286, 221360]
1, 3, 8.42, [286, 46]
1, 4, 7.97, [89, 1060]
1, 5, 7.59, [46, 283]
1, 6, 7.59, [56240, 1060]
1, 7, 7.28, [90, 144434]
1, 8, 7.24, [56240, 823]
1, 9, 6.15, [221360, 281]
2, 0, 14.67, [65899, 11388]
2, 1, 12.78, [65899, 100141]
2, 2, 11.48, [86, 11388]
2, 3, 11.45, [65899, 66169]
2, 4, 11.44, [65899, 33296]
2, 5, 10.78, [98065, 11388]
2, 6, 9.87, [1063, 11388]
2, 7, 9.12, [46, 221360]
2, 8, 8.35, [100140, 65897]
2, 9, 7.72, [283, 86]
3, 0, 14.67, [65899, 11388]
3, 1, 12.78, [65899, 100141]
3, 2, 11.47, [46, 11388]
3, 3, 10.45, [86, 11387]
3, 4, 9.31, [65900, 11388]
3, 5, 8.76, [100141, 279]
3, 6, 8.64, [33298, 113173]
3, 7, 8.62, [90, 100141]
3, 8, 6.63, [67332, 100141]
3, 9, 6.08, [281, 65897]
4, 0, 14.67, [65899, 11388]
4, 1, 14.11, [65899, 11388]
4, 2, 12.78, [65899, 100141]
4, 3, 11.19, [46, 11388]
4, 4, 10.91, [65899, 150652]
4, 5, 10.07, [113171, 11388]
4, 6, 8.81, [80450, 73700]
4, 7, 8.35, [98062, 46]
4, 8, 7.65, [46, 12067]
4, 9, 7.61, [65900, 11387]
5, 0, 14.67, [65899, 11388]
5, 1, 14.11, [65899, 11388]
5, 2, 13.4, [33297, 11388]
5, 3, 11.22, [100140, 11388]
5, 4, 11.05, [127089, 11388]
5, 5, 10.42, [56240, 100141]
5, 6, 7.31, [80661, 150653]
5, 7, 7.11, [279, 113173]
5, 8, 5.81, [70639, 66169]
5, 9, 5.28, [286, 134365]
6, 0, 14.67, [65899, 11388]
6, 1, 14.11, [65899, 11388]
6, 2, 11.26, [33297, 80450]
6, 3, 11.19, [65899, 98065]
6, 4, 9.25, [118606, 11388]
6, 5, 8.88, [80662, 11388]
6, 6, 8.68, [100140, 65897]
6, 7, 7.44, [149059, 80656]
6, 8, 7.18, [148118, 284]
6, 9, 6.84, [56241, 134361]
7, 0, 14.67, [65899, 11388]
7, 1, 14.11, [65899, 11388]
7, 2, 13.85, [65899, 11388]
7, 3, 12.59, [100141, 11388]
7, 4, 11.15, [65899, 80449]
7, 5, 11.09, [285, 33297]
7, 6, 9.07, [279, 11387]
7, 7, 8.6, [91277, 56240]
7, 8, 7.51, [118606, 33296]
7, 9, 6.6, [56239, 149059]
8, 0, 14.67, [65899, 11388]
8, 1, 14.11, [65899, 11388]
8, 2, 11.0, [65899, 56239]
8, 3, 10.26, [70640, 11388]
8, 4, 9.09, [33298, 66059]
8, 5, 9.03, [127089, 66059]
8, 6, 8.39, [118602, 144434]
8, 7, 7.61, [284, 73700]
8, 8, 7.52, [91277, 65901]
8, 9, 7.27, [80656, 66170]
9, 0, 14.67, [65899, 11388]
9, 1, 14.11, [65899, 11388]
9, 2, 11.49, [100141, 11387]
9, 3, 11.0, [91277, 11388]
9, 4, 10.1, [65899, 12067]
9, 5, 8.46, [278, 118602]
9, 6, 8.39, [87, 286]
9, 7, 8.12, [11387, 156909]
9, 8, 7.41, [70640, 98062]
9, 9, 7.29, [558, 56240]
10, 0, 14.67, [65899, 11388]
10, 1, 14.11, [65899, 11388]
10, 2, 13.36, [65899, 11387]
10, 3, 10.03, [66171, 33297]
10, 4, 9.75, [118602, 33296]
10, 5, 9.2, [65899, 10375]
10, 6, 9.0, [65897, 80450]
10, 7, 8.42, [127088, 11388]
10, 8, 7.64, [100141, 11926]
10, 9, 6.96, [12067, 66169]
11, 0, 14.67, [65899, 11388]
11, 1, 14.11, [65899, 11388]
11, 2, 13.57, [33297, 11388]
11, 3, 12.98, [65899, 11387]
11, 4, 9.54, [1062, 11388]
11, 5, 7.59, [65900, 89]
11, 6, 7.08, [80662, 65897]
11, 7, 6.25, [283, 149059]
11, 8, 6.04, [283, 11926]
11, 9, 4.77, [67332, 12067]
12, 0, 14.67, [65899, 11388]
12, 1, 14.11, [65899, 11388]
12, 2, 9.75, [65899, 1062]
12, 3, 9.5, [33299, 11388]
12, 4, 8.89, [33298, 98062]
12, 5, 8.46, [70640, 88]
12, 6, 7.65, [90, 65901]
12, 7, 6.62, [71858, 87]
12, 8, 5.73, [1061, 12067]
12, 9, 5.09, [98065, 127088]
13, 0, 14.67, [65899, 11388]
13, 1, 14.11, [65899, 11388]
13, 2, 13.83, [33297, 11388]
13, 3, 13.33, [33297, 11388]
13, 4, 9.54, [33297, 1062]
13, 5, 9.1, [65899, 11926]
13, 6, 8.78, [11387, 11388]
13, 7, 8.18, [91276, 88]
13, 8, 7.5, [98063, 150655]
13, 9, 7.32, [150652, 123523]
14, 0, 14.67, [65899, 11388]
14, 1, 14.11, [65899, 11388]
14, 2, 13.24, [33297, 11388]
14, 3, 12.8, [65899, 11387]
14, 4, 11.2, [65899, 90]
14, 5, 9.36, [70638, 80661]
14, 6, 8.33, [33297, 14223]
14, 7, 8.16, [1061, 88]
14, 8, 7.62, [33297, 14223]
14, 9, 7.1, [14223, 11388]
15, 0, 14.67, [65899, 11388]
15, 1, 14.11, [65899, 11388]
15, 2, 10.92, [87, 11388]
15, 3, 9.28, [56240, 283]
15, 4, 8.49, [98062, 65901]
15, 5, 8.41, [65899, 11935]
15, 6, 5.99, [91276, 284]
15, 7, 5.73, [144434, 823]
15, 8, 5.34, [221360, 87893]
15, 9, 4.97, [1063, 12067]
16, 0, 14.67, [65899, 11388]
16, 1, 14.11, [65899, 11388]
16, 2, 11.83, [65899, 148118]
16, 3, 10.85, [56239, 11388]
16, 4, 9.55, [56237, 11387]
16, 5, 8.12, [66171, 80450]
16, 6, 6.89, [46, 558]
16, 7, 6.27, [66169, 56237]
16, 8, 5.0, [87893, 66059]
16, 9, 4.09, [1062, 127088]
17, 0, 14.67, [65899, 11388]
17, 1, 14.11, [65899, 11388]
17, 2, 10.69, [33297, 33296]
17, 3, 10.6, [65899, 56239]
17, 4, 10.01, [65899, 123523]
17, 5, 7.97, [11388, 87893]
17, 6, 6.81, [118602, 821]
17, 7, 6.32, [149059, 66059]
17, 8, 5.97, [70640, 33300]
17, 9, 5.0, [113172, 91277]
18, 0, 14.67, [65899, 11388]
18, 1, 14.11, [65899, 11388]
18, 2, 10.38, [33297, 65897]
18, 3, 9.17, [285, 56240]
18, 4, 8.49, [33298, 56239]
18, 5, 7.18, [70639, 33296]
18, 6, 7.07, [56237, 98065]
18, 7, 6.72, [150652, 11925]
18, 8, 6.16, [65901, 11926]
18, 9, 6.03, [66166, 144434]
19, 0, 14.67, [65899, 11388]
19, 1, 14.11, [65899, 11388]
19, 2, 10.93, [65899, 56239]
19, 3, 10.57, [283, 11388]
19, 4, 10.1, [65899, 33297]
19, 5, 9.77, [33299, 11388]
19, 6, 9.44, [33299, 11388]
19, 7, 8.68, [134362, 11388]
19, 8, 8.25, [65899, 95674]
19, 9, 7.49, [285, 11925]
20, 0, 14.67, [65899, 11388]
20, 1, 14.11, [65899, 11388]
20, 2, 9.68, [89, 80450]
20, 3, 9.21, [31634, 33297]
20, 4, 7.76, [70640, 118602]
20, 5, 7.65, [77358, 100141]
20, 6, 7.39, [127089, 150015]
20, 7, 7.37, [62858, 87]
20, 8, 6.7, [12067, 98062]
20, 9, 6.2, [95674, 70638]
21, 0, 14.67, [65899, 11388]
21, 1, 14.11, [65899, 11388]
21, 2, 11.13, [86, 11388]
21, 3, 10.79, [33297, 56239]
21, 4, 9.9, [280, 11388]
21, 5, 8.85, [281, 11388]
21, 6, 7.17, [89, 11926]
21, 7, 7.09, [65900, 80450]
21, 8, 6.5, [65900, 80450]
21, 9, 6.0, [70639, 80450]
22, 0, 14.67, [65899, 11388]
22, 1, 14.11, [65899, 11388]
22, 2, 11.34, [65899, 66167]
22, 3, 9.66, [86, 100141]
22, 4, 9.58, [33297, 11925]
22, 5, 8.09, [86, 66167]
22, 6, 6.74, [70640, 56239]
22, 7, 6.45, [70640, 90]
22, 8, 6.38, [70640, 80449]
22, 9, 5.85, [98065, 11926]
23, 0, 14.67, [65899, 11388]
23, 1, 14.11, [65899, 11388]
23, 2, 10.29, [70638, 118602]
23, 3, 9.44, [33297, 144434]
23, 4, 8.58, [127089, 98063]
23, 5, 7.53, [150015, 282]
23, 6, 6.78, [70640, 66167]
23, 7, 6.64, [33300, 1061]
23, 8, 6.29, [70640, 66169]
23, 9, 5.58, [6376, 284]
24, 0, 14.67, [65899, 11388]
24, 1, 14.11, [65899, 11388]
24, 2, 11.08, [286, 11388]
24, 3, 10.3, [65899, 123523]
24, 4, 8.53, [56239, 33298]
24, 5, 8.39, [65899, 113172]
24, 6, 8.34, [70638, 11925]
24, 7, 8.05, [11387, 71858]
24, 8, 8.04, [70638, 11925]
24, 9, 6.45, [144434, 280]
25, 0, 14.67, [65899, 11388]
25, 1, 14.11, [65899, 11388]
25, 2, 10.38, [11388, 284]
25, 3, 9.79, [33297, 123523]
25, 4, 9.64, [65899, 149059]
25, 5, 9.16, [134362, 11388]
25, 6, 8.52, [73703, 66169]
25, 7, 8.22, [87, 73700]
25, 8, 7.09, [31634, 1061]
25, 9, 6.15, [123523, 33300]
26, 0, 14.67, [65899, 11388]
26, 1, 14.11, [65899, 11388]
26, 2, 11.63, [11388, 46]
26, 3, 11.03, [98062, 11388]
26, 4, 10.68, [80450, 33297]
26, 5, 8.83, [65899, 33300]
26, 6, 8.8, [73703, 62858]
26, 7, 7.45, [221360, 11925]
26, 8, 7.27, [70640, 150652]
26, 9, 5.38, [33300, 71858]
27, 0, 14.67, [65899, 11388]
27, 1, 14.11, [65899, 11388]
27, 2, 11.58, [80661, 11388]
27, 3, 9.35, [100141, 282]
27, 4, 9.17, [65900, 11388]
27, 5, 8.13, [150652, 286]
27, 6, 7.13, [31634, 1060]
27, 7, 6.32, [1927, 100141]
27, 8, 6.01, [98062, 281]
27, 9, 5.99, [100140, 558]
28, 0, 14.67, [65899, 11388]
28, 1, 14.11, [65899, 11388]
28, 2, 9.64, [156909, 11388]
28, 3, 9.43, [65899, 11926]
28, 4, 9.35, [33298, 56240]
28, 5, 8.88, [56239, 88]
28, 6, 7.47, [12067, 80661]
28, 7, 5.65, [150654, 66166]
28, 8, 5.55, [127088, 66167]
28, 9, 5.3, [73700, 127088]
29, 0, 14.67, [65899, 11388]
29, 1, 14.11, [65899, 11388]
29, 2, 9.74, [70640, 11388]
29, 3, 9.25, [65899, 11926]
29, 4, 9.14, [100141, 221360]
29, 5, 9.12, [100141, 73700]
29, 6, 8.05, [6376, 80656]
29, 7, 7.43, [6376, 11388]
29, 8, 7.41, [33300, 80450]
29, 9, 7.37, [33296, 823]
30, 0, 14.67, [65899, 11388]
30, 1, 14.11, [65899, 11388]
30, 2, 11.95, [118602, 11388]
30, 3, 10.95, [90, 11388]
30, 4, 10.67, [56237, 11388]
30, 5, 8.32, [65899, 11935]
30, 6, 7.83, [149059, 89]
30, 7, 6.59, [66170, 282]
30, 8, 4.82, [150015, 150655]
30, 9, 4.21, [113171, 14223]
31, 0, 14.67, [65899, 11388]
31, 1, 14.11, [65899, 11388]
31, 2, 12.77, [65899, 11387]
31, 3, 10.55, [65899, 11925]
31, 4, 9.33, [65899, 11926]
31, 5, 9.11, [65899, 558]
31, 6, 8.63, [33298, 91277]
31, 7, 8.34, [66171, 11387]
31, 8, 8.32, [66167, 73703]
31, 9, 7.72, [70640, 56240]
32, 0, 14.67, [65899, 11388]
32, 1, 14.23, [65899, 11388]
32, 2, 14.11, [65899, 11388]
32, 3, 13.36, [65899, 11387]
32, 4, 12.86, [65899, 11387]
32, 5, 9.28, [91277, 100141]
32, 6, 9.13, [90, 100141]
32, 7, 9.03, [56241, 89]
32, 8, 8.24, [65897, 62858]
32, 9, 7.34, [66169, 221360]
33, 0, 14.67, [65899, 11388]
33, 1, 14.23, [65899, 11388]
33, 2, 11.12, [286, 11388]
33, 3, 10.93, [65899, 46]
33, 4, 10.82, [118602, 11387]
33, 5, 9.54, [65899, 113171]
33, 6, 9.38, [80662, 33297]
33, 7, 8.04, [282, 91277]
33, 8, 7.29, [150652, 6376]
33, 9, 6.75, [284, 56239]
34, 0, 14.67, [65899, 11388]
34, 1, 14.23, [65899, 11388]
34, 2, 13.46, [33297, 11388]
34, 3, 10.41, [283, 11388]
34, 4, 9.95, [70638, 118602]
34, 5, 9.86, [286, 11387]
34, 6, 8.32, [56240, 80450]
34, 7, 7.07, [283, 123523]
34, 8, 6.7, [73703, 823]
34, 9, 5.93, [65900, 283]
35, 0, 14.67, [65899, 11388]
35, 1, 14.23, [65899, 11388]
35, 2, 10.82, [65899, 66059]
35, 3, 10.08, [33297, 12067]
35, 4, 9.36, [65899, 100807]
35, 5, 9.32, [33299, 11388]
35, 6, 7.86, [282, 73700]
35, 7, 6.59, [90, 123523]
35, 8, 6.58, [134362, 73703]
35, 9, 5.22, [113173, 821]
36, 0, 14.67, [65899, 11388]
36, 1, 14.23, [65899, 11388]
36, 2, 11.51, [65899, 73703]
36, 3, 10.63, [65899, 12067]
36, 4, 9.36, [73703, 33298]
36, 5, 9.28, [284, 88]
36, 6, 8.25, [56240, 80449]
36, 7, 7.52, [62858, 280]
36, 8, 6.87, [1060, 66059]
36, 9, 5.88, [558, 66169]
37, 0, 14.67, [65899, 11388]
37, 1, 14.23, [65899, 11388]
37, 2, 11.29, [80450, 11388]
37, 3, 10.77, [65899, 62858]
37, 4, 9.15, [65899, 66166]
37, 5, 7.84, [77358, 56240]
37, 6, 7.8, [70638, 70640]
37, 7, 7.78, [123524, 11387]
37, 8, 7.62, [156909, 33296]
37, 9, 5.74, [11935, 65897]
38, 0, 14.67, [65899, 11388]
38, 1, 14.23, [65899, 11388]
38, 2, 13.11, [33297, 56240]
38, 3, 10.27, [65899, 87]
38, 4, 10.12, [33296, 56240]
38, 5, 7.97, [278, 150652]
38, 6, 6.92, [80450, 77358]
38, 7, 6.32, [71858, 91277]
38, 8, 6.3, [90, 66166]
38, 9, 5.72, [98065, 66170]
39, 0, 14.67, [65899, 11388]
39, 1, 14.23, [65899, 11388]
39, 2, 11.7, [33297, 11387]
39, 3, 10.74, [65899, 66171]
39, 4, 10.59, [33298, 11388]
39, 5, 9.76, [65899, 66170]
39, 6, 8.63, [66171, 11388]
39, 7, 7.99, [65901, 62858]
39, 8, 7.2, [65900, 56240]
39, 9, 6.8, [127089, 66166]
40, 0, 14.67, [65899, 11388]
40, 1, 14.23, [65899, 11388]
40, 2, 12.43, [33297, 88]
40, 3, 10.98, [98065, 11388]
40, 4, 10.95, [33297, 70638]
40, 5, 9.02, [65900, 11388]
40, 6, 8.17, [90, 127089]
40, 7, 7.97, [98062, 150015]
40, 8, 7.41, [33300, 62858]
40, 9, 6.27, [284, 156909]
41, 0, 14.67, [65899, 11388]
41, 1, 14.23, [65899, 11388]
41, 2, 12.99, [65899, 56240]
41, 3, 11.77, [33298, 11388]
41, 4, 10.39, [33297, 144434]
41, 5, 10.08, [65899, 280]
41, 6, 10.02, [65899, 77358]
41, 7, 9.83, [127089, 88]
41, 8, 6.11, [90, 71858]
41, 9, 4.88, [150654, 144436]
42, 0, 14.67, [65899, 11388]
42, 1, 14.23, [65899, 11388]
42, 2, 11.74, [65899, 33296]
42, 3, 11.1, [65899, 62858]
42, 4, 10.61, [279, 33297]
42, 5, 10.41, [33297, 65901]
42, 6, 8.47, [221360, 62858]
42, 7, 5.85, [134361, 12067]
42, 8, 5.0, [66059, 113172]
42, 9, 4.33, [823, 118606]
43, 0, 14.67, [65899, 11388]
43, 1, 14.23, [65899, 11388]
43, 2, 11.1, [33297, 70638]
43, 3, 9.41, [66170, 11388]
43, 4, 8.24, [86, 283]
43, 5, 7.88, [284, 80450]
43, 6, 7.76, [87, 31634]
43, 7, 7.55, [56239, 284]
43, 8, 6.92, [87, 278]
43, 9, 6.58, [89, 113172]
44, 0, 14.67, [65899, 11388]
44, 1, 14.27, [65899, 11388]
44, 2, 14.23, [65899, 11388]
44, 3, 14.07, [65899, 11388]
44, 4, 11.48, [65899, 65901]
44, 5, 11.28, [65899, 91277]
44, 6, 10.78, [33297, 70638]
44, 7, 10.29, [33297, 12067]
44, 8, 9.82, [33297, 12067]
44, 9, 7.64, [148118, 66169]
45, 0, 14.67, [65899, 11388]
45, 1, 14.27, [65899, 11388]
45, 2, 11.47, [65899, 98062]
45, 3, 10.54, [56239, 11388]
45, 4, 8.41, [100141, 12067]
45, 5, 7.97, [88, 66166]
45, 6, 6.65, [77358, 150015]
45, 7, 6.44, [100141, 95674]
45, 8, 6.13, [1061, 150655]
45, 9, 6.0, [95674, 118602]
46, 0, 14.67, [65899, 11388]
46, 1, 14.27, [65899, 11388]
46, 2, 11.09, [65899, 65897]
46, 3, 11.06, [65899, 100140]
46, 4, 10.91, [62858, 11388]
46, 5, 9.56, [56239, 89]
46, 6, 9.27, [65899, 11926]
46, 7, 9.15, [113171, 11388]
46, 8, 8.08, [65899, 14223]
46, 9, 7.34, [156909, 286]
47, 0, 14.67, [65899, 11388]
47, 1, 14.27, [65899, 11388]
47, 2, 9.5, [66059, 89]
47, 3, 7.69, [87, 66167]
47, 4, 6.99, [80450, 100807]
47, 5, 5.9, [70640, 80662]
47, 6, 5.8, [113173, 6376]
47, 7, 5.69, [33299, 123523]
47, 8, 5.32, [127088, 80450]
47, 9, 5.32, [149059, 134361]
48, 0, 14.67, [65899, 11388]
48, 1, 14.27, [65899, 11388]
48, 2, 11.78, [221360, 11388]
48, 3, 11.6, [65899, 46]
48, 4, 9.93, [65899, 280]
48, 5, 9.35, [33297, 91276]
48, 6, 8.52, [100140, 98063]
48, 7, 6.97, [66059, 11925]
48, 8, 6.68, [66059, 12067]
48, 9, 6.39, [1060, 286]
49, 0, 14.67, [65899, 11388]
49, 1, 14.27, [65899, 11388]
49, 2, 11.01, [33298, 11388]
49, 3, 9.57, [33299, 11388]
49, 4, 8.72, [77358, 33297]
49, 5, 8.42, [286, 86]
49, 6, 7.98, [150652, 286]
49, 7, 7.44, [283, 150654]
49, 8, 6.48, [80450, 80662]
49, 9, 6.33, [65900, 46]
50, 0, 14.67, [65899, 11388]
50, 1, 14.27, [65899, 11388]
50, 2, 8.64, [70639, 11388]
50, 3, 7.75, [80661, 11925]
50, 4, 7.08, [286, 113171]
50, 5, 6.93, [56237, 12067]
50, 6, 6.82, [33298, 127088]
50, 7, 6.64, [71858, 150652]
50, 8, 6.44, [286, 285]
50, 9, 4.13, [10375, 1063]
