num_genrations,diversity,improvement,best_fitness
0,0.9946236559139785,0,823.51
1,0.9008064516129033,0.0,823.51
2,0.7553763440860215,0.0,823.51
3,0.49932795698924737,0.058748527643865886,871.89
4,0.20833333333333337,0.0003096720916629183,872.16
5,0.3715053763440861,0.04766327279398282,913.73
6,0.37715053763440864,0.03716634016613227,947.69
7,0.16626344086021494,0.00018993552744035494,947.87
8,0.2056451612903225,0.013208562355597267,960.39
9,0.15981182795698912,0.002301148491758594,962.6
10,0.06330645161290316,0.001288177851651786,963.84
