n_nodes,influence,n0,n1,n2,n3,n4
5,9.0900,173520,219505,4097,229576,207855
5,9.0900,173520,219505,4097,229576,207855
5,9.0900,173520,219505,4097,229576,207855
5,9.0900,173520,219505,4097,229576,207855
5,9.0900,173520,219505,4097,229576,207855
5,9.0900,173520,219505,4097,229576,207855
5,9.0900,173520,219505,4097,229576,207855
5,9.0900,173520,219505,4097,229576,207855
5,9.0900,173520,219505,4097,229576,207855
5,9.0900,173520,219505,4097,229576,207855
5,9.0900,173520,219505,4097,229576,207855
5,9.0900,173520,219505,4097,229576,207855
5,9.0900,173520,219505,4097,229576,207855
5,9.0900,173520,219505,4097,229576,207855
5,9.0900,173520,219505,4097,229576,207855
5,9.0900,173520,219505,4097,229576,207855
