generation number, individual number, fitness, candidate
0, 0, 68.68, [520, 5117, 934]
0, 1, 30.87, [1353, 5117, 697]
0, 2, 12.35, [934, 1025, 450]
0, 3, 12.0, [247, 694, 487]
0, 4, 10.0, [1028, 834, 656]
0, 5, 8.18, [2070, 1580, 1555]
0, 6, 8.05, [741, 483, 1289]
0, 7, 6.0, [78, 1378, 1574]
0, 8, 5.0, [1394, 450, 780]
0, 9, 5.0, [1048, 1569, 247]
1, 0, 68.68, [520, 5117, 934]
1, 1, 64.06, [520, 5117, 1569]
1, 2, 63.73, [520, 5117, 1569]
1, 3, 37.77, [520, 2436, 1827]
1, 4, 33.68, [1225, 5117, 834]
1, 5, 33.66, [2340, 5117, 1048]
1, 6, 30.87, [1353, 5117, 697]
1, 7, 29.88, [1353, 5117, 798]
1, 8, 13.51, [1353, 336, 934]
1, 9, 13.0, [429, 970, 934]
2, 0, 68.68, [520, 5117, 934]
2, 1, 64.06, [520, 5117, 1569]
2, 2, 44.04, [520, 1430, 934]
2, 3, 42.23, [520, 1029, 934]
2, 4, 38.11, [439, 5117, 1569]
2, 5, 37.23, [520, 1048, 3147]
2, 6, 36.65, [520, 1003, 1028]
2, 7, 31.14, [2490, 5117, 1569]
2, 8, 8.0, [990, 697, 666]
2, 9, 6.52, [247, 3, 1569]
3, 0, 68.68, [520, 5117, 934]
3, 1, 66.83, [520, 2340, 5117]
3, 2, 64.06, [520, 5117, 1569]
3, 3, 34.48, [694, 5117, 1555]
3, 4, 32.4, [635, 5117, 841]
3, 5, 32.09, [1540, 5117, 1569]
3, 6, 31.84, [495, 5117, 1569]
3, 7, 29.62, [1003, 5117, 2490]
3, 8, 9.0, [2436, 785, 78]
3, 9, 8.56, [15, 1430, 1414]
4, 0, 68.68, [520, 5117, 934]
4, 1, 66.83, [520, 2340, 5117]
4, 2, 65.78, [520, 5117, 1827]
4, 3, 63.81, [520, 5117, 2667]
4, 4, 40.62, [520, 711, 934]
4, 5, 38.65, [520, 483, 1574]
4, 6, 38.51, [656, 5117, 934]
4, 7, 35.59, [520, 922, 1569]
4, 8, 35.56, [520, 2490, 3639]
4, 9, 35.35, [520, 216, 1603]
5, 0, 68.68, [520, 5117, 934]
5, 1, 66.83, [520, 2340, 5117]
5, 2, 42.4, [1514, 5117, 439]
5, 3, 42.13, [520, 439, 841]
5, 4, 36.68, [520, 1509, 798]
5, 5, 36.35, [520, 1353, 1048]
5, 6, 31.9, [1540, 5117, 1229]
5, 7, 12.0, [2070, 902, 934]
5, 8, 11.0, [476, 1045, 905]
5, 9, 8.0, [902, 831, 934]
6, 0, 68.68, [520, 5117, 934]
6, 1, 66.83, [520, 2340, 5117]
6, 2, 63.47, [520, 5117, 1028]
6, 3, 53.15, [483, 5117, 2846]
6, 4, 43.74, [520, 905, 934]
6, 5, 39.62, [520, 2340, 2667]
6, 6, 36.47, [520, 1967, 831]
6, 7, 32.26, [1394, 902, 5117]
6, 8, 14.0, [741, 439, 934]
6, 9, 10.0, [1219, 1567, 2340]
7, 0, 68.68, [520, 5117, 934]
7, 1, 66.83, [520, 2340, 5117]
7, 2, 45.44, [520, 934, 2032]
7, 3, 36.72, [735, 5117, 716]
7, 4, 36.38, [520, 2667, 1967]
7, 5, 35.5, [520, 1419, 697]
7, 6, 33.0, [1540, 5117, 78]
7, 7, 32.48, [247, 5117, 1028]
7, 8, 29.44, [816, 819, 2846]
7, 9, 15.0, [809, 970, 934]
8, 0, 68.68, [520, 5117, 934]
8, 1, 66.83, [520, 2340, 5117]
8, 2, 42.74, [520, 841, 934]
8, 3, 39.65, [520, 666, 819]
8, 4, 38.7, [1347, 934, 5117]
8, 5, 38.41, [520, 751, 691]
8, 6, 36.41, [520, 716, 690]
8, 7, 35.12, [690, 5117, 816]
8, 8, 15.35, [964, 710, 2032]
8, 9, 10.53, [735, 336, 2340]
9, 0, 68.68, [520, 5117, 934]
9, 1, 66.83, [520, 2340, 5117]
9, 2, 64.44, [520, 786, 5117]
9, 3, 62.68, [520, 5117, 1225]
9, 4, 44.47, [520, 487, 934]
9, 5, 41.47, [520, 751, 819]
9, 6, 38.13, [520, 841, 1603]
9, 7, 36.38, [520, 666, 2667]
9, 8, 28.5, [1045, 2846, 2340]
9, 9, 10.0, [1381, 1157, 1514]
10, 0, 68.68, [520, 5117, 934]
10, 1, 66.83, [520, 2340, 5117]
10, 2, 64.22, [520, 850, 5117]
10, 3, 43.65, [520, 934, 751]
10, 4, 41.5, [520, 2341, 934]
10, 5, 40.44, [520, 429, 873]
10, 6, 38.56, [520, 905, 1394]
10, 7, 38.28, [520, 3, 697]
10, 8, 33.13, [1827, 5117, 429]
10, 9, 13.7, [964, 2340, 1419]
