generation number, individual number, fitness, candidate
0, 0, 9.28, [1825, 1896]
0, 1, 9.06, [2229, 271]
0, 2, 8.45, [181, 1834]
0, 3, 7.64, [3737, 1315]
0, 4, 7.48, [1987, 4128]
0, 5, 7.37, [3746, 1040]
0, 6, 7.26, [3752, 3740]
0, 7, 5.82, [1605, 352]
0, 8, 4.53, [275, 270]
0, 9, 2.0, [1686, 699]
1, 0, 12.34, [1825, 284]
1, 1, 9.28, [1825, 1896]
1, 2, 9.06, [2229, 271]
1, 3, 8.42, [2229, 2490]
1, 4, 7.95, [2229, 2490]
1, 5, 7.46, [1032, 270]
1, 6, 6.78, [702, 1896]
1, 7, 6.73, [3397, 1896]
1, 8, 6.59, [3754, 2490]
1, 9, 6.26, [1830, 271]
2, 0, 12.34, [1825, 3105]
2, 1, 12.34, [1825, 284]
2, 2, 9.9, [1831, 271]
2, 3, 9.28, [1825, 1896]
2, 4, 8.36, [2463, 284]
2, 5, 7.76, [2156, 1896]
2, 6, 7.61, [3734, 282]
2, 7, 7.18, [3753, 4128]
2, 8, 6.28, [3754, 3739]
2, 9, 5.11, [2595, 2490]
3, 0, 13.06, [1831, 282]
3, 1, 12.34, [1825, 3105]
3, 2, 12.34, [1825, 284]
3, 3, 9.79, [3741, 3736]
3, 4, 9.09, [1830, 284]
3, 5, 7.8, [3742, 3102]
3, 6, 6.1, [1828, 3105]
3, 7, 5.75, [1833, 271]
3, 8, 4.61, [3735, 3750]
3, 9, 4.43, [1686, 4129]
4, 0, 14.48, [1825, 77]
4, 1, 14.21, [1825, 77]
4, 2, 13.44, [1831, 282]
4, 3, 13.43, [1825, 282]
4, 4, 13.06, [1831, 282]
4, 5, 12.34, [1825, 3105]
4, 6, 8.34, [291, 3742]
4, 7, 8.19, [693, 359]
4, 8, 8.18, [1896, 284]
4, 9, 5.27, [2464, 702]
5, 0, 14.48, [1825, 77]
5, 1, 14.21, [1825, 77]
5, 2, 13.17, [1831, 282]
5, 3, 12.13, [1825, 159]
5, 4, 11.03, [1825, 3739]
5, 5, 8.98, [282, 1321]
5, 6, 8.92, [1831, 996]
5, 7, 7.55, [1831, 263]
5, 8, 6.81, [2400, 181]
5, 9, 6.15, [3105, 1826]
6, 0, 15.08, [1825, 77]
6, 1, 14.48, [1825, 77]
6, 2, 14.21, [1825, 77]
6, 3, 14.2, [1825, 77]
6, 4, 13.84, [1831, 282]
6, 5, 11.86, [1315, 77]
6, 6, 11.79, [1831, 159]
6, 7, 10.77, [1831, 275]
6, 8, 9.73, [2463, 282]
6, 9, 8.6, [1831, 263]
7, 0, 15.08, [1825, 77]
7, 1, 14.48, [1825, 77]
7, 2, 12.83, [181, 77]
7, 3, 11.51, [3745, 77]
7, 4, 10.84, [1825, 101]
7, 5, 10.43, [291, 77]
7, 6, 9.94, [271, 3736]
7, 7, 8.63, [4131, 159]
7, 8, 7.33, [1588, 1831]
7, 9, 6.77, [1322, 352]
8, 0, 15.08, [1825, 77]
8, 1, 14.48, [1825, 77]
8, 2, 12.56, [2229, 282]
8, 3, 10.75, [1831, 3760]
8, 4, 10.5, [3100, 693]
8, 5, 9.03, [3737, 159]
8, 6, 7.99, [1825, 263]
8, 7, 7.99, [181, 1896]
8, 8, 6.65, [4131, 3760]
8, 9, 5.25, [1896, 293]
9, 0, 15.08, [1825, 77]
9, 1, 14.48, [1825, 77]
9, 2, 12.2, [1825, 181]
9, 3, 10.46, [1040, 77]
9, 4, 10.08, [1825, 3755]
9, 5, 7.91, [3750, 3752]
9, 6, 7.85, [1833, 3105]
9, 7, 6.5, [295, 2598]
9, 8, 6.4, [1092, 119]
9, 9, 6.17, [3734, 3100]
10, 0, 15.08, [1825, 77]
10, 1, 14.48, [1825, 77]
10, 2, 13.93, [689, 77]
10, 3, 11.72, [1322, 77]
10, 4, 9.51, [1315, 284]
10, 5, 8.89, [1686, 77]
10, 6, 7.39, [3756, 3397]
10, 7, 6.73, [4130, 1032]
10, 8, 6.67, [3777, 3741]
10, 9, 6.36, [1828, 181]
11, 0, 15.08, [1825, 77]
11, 1, 14.48, [1825, 77]
11, 2, 11.31, [689, 159]
11, 3, 10.51, [1825, 1831]
11, 4, 10.49, [1833, 77]
11, 5, 10.16, [1833, 77]
11, 6, 10.16, [101, 3100]
11, 7, 9.84, [77, 270]
11, 8, 8.44, [3100, 1321]
11, 9, 7.48, [24, 2463]
12, 0, 15.08, [1825, 77]
12, 1, 14.48, [1825, 77]
12, 2, 12.44, [1831, 159]
12, 3, 12.04, [1825, 284]
12, 4, 11.6, [3397, 77]
12, 5, 11.13, [2229, 3105]
12, 6, 11.03, [4131, 77]
12, 7, 9.6, [546, 3100]
12, 8, 9.09, [689, 1092]
12, 9, 9.06, [689, 275]
13, 0, 15.08, [1825, 77]
13, 1, 14.48, [1825, 77]
13, 2, 11.75, [1825, 693]
13, 3, 11.02, [3747, 77]
13, 4, 9.82, [1825, 2595]
13, 5, 8.96, [2464, 77]
13, 6, 8.87, [1825, 271]
13, 7, 7.72, [1831, 3734]
13, 8, 7.57, [2595, 275]
13, 9, 7.32, [2261, 702]
14, 0, 15.08, [1825, 77]
14, 1, 14.48, [1825, 77]
14, 2, 11.14, [3736, 352]
14, 3, 9.85, [72, 2156]
14, 4, 9.83, [3736, 2595]
14, 5, 7.0, [996, 693]
14, 6, 5.79, [3746, 1686]
14, 7, 5.5, [270, 4794]
14, 8, 5.0, [279, 3735]
14, 9, 4.52, [3747, 263]
15, 0, 15.08, [1825, 77]
15, 1, 14.48, [1825, 77]
15, 2, 11.87, [3736, 159]
15, 3, 10.32, [1825, 269]
15, 4, 10.31, [1825, 359]
15, 5, 9.94, [72, 159]
15, 6, 8.8, [3752, 24]
15, 7, 8.1, [359, 159]
15, 8, 7.69, [3736, 263]
15, 9, 7.48, [1830, 3744]
16, 0, 15.08, [1825, 77]
16, 1, 14.48, [1825, 77]
16, 2, 12.22, [1825, 159]
16, 3, 11.9, [3746, 77]
16, 4, 10.15, [1825, 2595]
16, 5, 9.92, [1825, 291]
16, 6, 9.84, [3736, 291]
16, 7, 9.79, [3741, 72]
16, 8, 7.03, [295, 702]
16, 9, 6.24, [1826, 159]
17, 0, 15.08, [1825, 77]
17, 1, 14.48, [1825, 77]
17, 2, 12.57, [1825, 3752]
17, 3, 10.6, [3777, 77]
17, 4, 10.04, [181, 229]
17, 5, 9.96, [1825, 3755]
17, 6, 9.45, [1825, 3759]
17, 7, 8.77, [270, 689]
17, 8, 8.37, [24, 3739]
17, 9, 7.72, [270, 3741]
18, 0, 15.08, [1825, 77]
18, 1, 14.48, [1825, 77]
18, 2, 11.8, [72, 1831]
18, 3, 11.09, [1825, 275]
18, 4, 11.03, [3100, 159]
18, 5, 10.03, [4794, 77]
18, 6, 9.5, [181, 1541]
18, 7, 8.57, [270, 693]
18, 8, 8.11, [291, 159]
18, 9, 7.92, [3745, 3744]
19, 0, 15.08, [1825, 77]
19, 1, 14.48, [1825, 77]
19, 2, 10.8, [1825, 279]
19, 3, 8.86, [1825, 2490]
19, 4, 8.11, [2598, 72]
19, 5, 7.68, [3739, 270]
19, 6, 6.8, [1833, 1829]
19, 7, 5.96, [72, 263]
19, 8, 5.91, [3744, 1686]
19, 9, 5.1, [1833, 996]
20, 0, 15.08, [1825, 77]
20, 1, 14.48, [1825, 77]
20, 2, 8.79, [3756, 159]
20, 3, 8.63, [702, 3744]
20, 4, 7.64, [275, 3760]
20, 5, 7.33, [3761, 3105]
20, 6, 6.87, [119, 3747]
20, 7, 6.26, [1092, 4108]
20, 8, 5.37, [3777, 1321]
20, 9, 5.28, [4301, 3754]
21, 0, 15.08, [1825, 77]
21, 1, 14.48, [1825, 77]
21, 2, 12.19, [1825, 284]
21, 3, 11.51, [3743, 77]
21, 4, 9.92, [3759, 77]
21, 5, 8.83, [1826, 77]
21, 6, 8.67, [284, 77]
21, 7, 8.28, [3736, 1828]
21, 8, 7.59, [3761, 181]
21, 9, 7.17, [3397, 359]
22, 0, 15.08, [1825, 77]
22, 1, 14.48, [1825, 77]
22, 2, 11.3, [3742, 159]
22, 3, 10.55, [1834, 77]
22, 4, 10.06, [229, 181]
22, 5, 8.01, [1833, 284]
22, 6, 7.6, [1830, 3744]
22, 7, 6.48, [3753, 279]
22, 8, 5.94, [4794, 3746]
22, 9, 5.66, [3102, 3397]
23, 0, 15.08, [1825, 77]
23, 1, 14.48, [1825, 77]
23, 2, 9.51, [181, 3746]
23, 3, 9.3, [1830, 159]
23, 4, 8.99, [1686, 77]
23, 5, 8.3, [4794, 2229]
23, 6, 7.28, [2156, 2490]
23, 7, 7.24, [1830, 1987]
23, 8, 6.79, [3742, 263]
23, 9, 6.7, [1830, 3737]
24, 0, 15.08, [1825, 77]
24, 1, 14.48, [1825, 77]
24, 2, 9.48, [181, 275]
24, 3, 7.45, [3739, 3750]
24, 4, 7.42, [3749, 269]
24, 5, 7.0, [279, 269]
24, 6, 6.81, [3741, 3756]
24, 7, 5.45, [3735, 3746]
24, 8, 5.0, [1006, 352]
24, 9, 4.28, [4794, 3759]
25, 0, 15.08, [1825, 77]
25, 1, 14.48, [1825, 77]
25, 2, 11.28, [1825, 3754]
25, 3, 10.88, [1831, 275]
25, 4, 10.87, [181, 159]
25, 5, 10.52, [1825, 270]
25, 6, 9.58, [3749, 3100]
25, 7, 9.0, [284, 275]
25, 8, 7.65, [3734, 1831]
25, 9, 6.77, [2463, 24]
26, 0, 15.08, [1825, 77]
26, 1, 14.48, [1825, 77]
26, 2, 12.28, [1825, 284]
26, 3, 10.38, [1825, 270]
26, 4, 8.94, [699, 77]
26, 5, 7.61, [3733, 275]
26, 6, 7.58, [263, 1831]
26, 7, 7.5, [3756, 101]
26, 8, 6.88, [271, 159]
26, 9, 6.45, [181, 263]
27, 0, 15.08, [1825, 77]
27, 1, 14.48, [1825, 77]
27, 2, 11.92, [1830, 77]
27, 3, 11.05, [1825, 3754]
27, 4, 9.49, [181, 1315]
27, 5, 8.27, [279, 1322]
27, 6, 6.83, [4129, 2598]
27, 7, 6.65, [3760, 3749]
27, 8, 6.12, [3750, 3740]
27, 9, 5.96, [1896, 3760]
28, 0, 15.08, [1825, 77]
28, 1, 14.48, [1825, 77]
28, 2, 10.45, [1825, 546]
28, 3, 9.91, [689, 1322]
28, 4, 9.79, [1833, 77]
28, 5, 9.75, [1825, 3745]
28, 6, 9.56, [3100, 1987]
28, 7, 8.19, [1830, 1315]
28, 8, 6.9, [1686, 3100]
28, 9, 6.56, [3754, 1896]
29, 0, 15.08, [1825, 77]
29, 1, 14.48, [1825, 77]
29, 2, 9.57, [4130, 3736]
29, 3, 9.52, [1322, 2156]
29, 4, 8.82, [3736, 4184]
29, 5, 8.58, [284, 77]
29, 6, 7.6, [4131, 352]
29, 7, 7.47, [2598, 702]
29, 8, 6.91, [1987, 1322]
29, 9, 6.0, [1833, 3753]
30, 0, 15.08, [1825, 77]
30, 1, 14.48, [1825, 77]
30, 2, 12.46, [3105, 77]
30, 3, 11.3, [3744, 282]
30, 4, 10.3, [1825, 24]
30, 5, 10.28, [3736, 2261]
30, 6, 9.75, [1833, 3736]
30, 7, 8.66, [1828, 77]
30, 8, 8.62, [4129, 2156]
30, 9, 8.36, [702, 3397]
31, 0, 15.08, [1825, 77]
31, 1, 14.48, [1825, 77]
31, 2, 8.14, [1831, 4301]
31, 3, 8.13, [546, 229]
31, 4, 7.71, [702, 270]
31, 5, 7.43, [1092, 352]
31, 6, 6.88, [3743, 3741]
31, 7, 6.18, [271, 3753]
31, 8, 6.12, [3755, 1833]
31, 9, 6.08, [546, 293]
32, 0, 15.08, [1825, 77]
32, 1, 14.48, [1825, 77]
32, 2, 10.94, [546, 77]
32, 3, 10.8, [1833, 77]
32, 4, 10.08, [3750, 1825]
32, 5, 9.79, [1315, 3100]
32, 6, 9.41, [3755, 3100]
32, 7, 7.94, [1830, 229]
32, 8, 6.12, [3747, 271]
32, 9, 5.91, [3777, 1896]
33, 0, 15.08, [1825, 77]
33, 1, 14.48, [1825, 77]
33, 2, 11.34, [1825, 4128]
33, 3, 9.08, [3750, 702]
33, 4, 8.29, [3746, 1834]
33, 5, 7.26, [24, 3745]
33, 6, 7.21, [359, 275]
33, 7, 7.0, [1322, 3755]
33, 8, 6.96, [1825, 1826]
33, 9, 5.31, [3740, 295]
34, 0, 15.08, [1825, 77]
34, 1, 14.48, [1825, 77]
34, 2, 10.57, [3753, 77]
34, 3, 10.34, [119, 77]
34, 4, 10.05, [275, 77]
34, 5, 8.11, [1541, 3739]
34, 6, 7.65, [1830, 702]
34, 7, 5.55, [1321, 4130]
34, 8, 5.42, [3756, 3102]
34, 9, 5.28, [1828, 4128]
35, 0, 15.08, [1825, 77]
35, 1, 14.48, [1825, 77]
35, 2, 10.89, [1825, 275]
35, 3, 10.55, [3744, 1831]
35, 4, 8.3, [1828, 77]
35, 5, 8.06, [72, 295]
35, 6, 7.99, [3105, 271]
35, 7, 7.14, [1830, 3739]
35, 8, 6.09, [546, 271]
35, 9, 5.52, [1830, 2400]
36, 0, 15.08, [1825, 77]
36, 1, 14.96, [3736, 77]
36, 2, 14.48, [1825, 77]
36, 3, 11.15, [3750, 77]
36, 4, 11.03, [3747, 77]
36, 5, 7.95, [1830, 1831]
36, 6, 7.84, [3760, 229]
36, 7, 7.65, [1828, 1831]
36, 8, 7.53, [1315, 270]
36, 9, 5.85, [4794, 702]
37, 0, 15.08, [1825, 77]
37, 1, 14.96, [3736, 77]
37, 2, 14.62, [1831, 77]
37, 3, 10.7, [3758, 77]
37, 4, 10.38, [1825, 275]
37, 5, 8.55, [3736, 2490]
37, 6, 7.79, [3736, 263]
37, 7, 7.71, [4131, 702]
37, 8, 7.06, [1831, 1605]
37, 9, 4.95, [3744, 1588]
38, 0, 15.08, [1825, 77]
38, 1, 14.96, [3736, 77]
38, 2, 11.95, [1825, 159]
38, 3, 11.58, [3750, 77]
38, 4, 10.74, [3758, 77]
38, 5, 10.5, [1825, 3741]
38, 6, 10.32, [3758, 77]
38, 7, 9.84, [1831, 1040]
38, 8, 7.97, [689, 3760]
38, 9, 6.78, [279, 4108]
39, 0, 15.08, [1825, 77]
39, 1, 14.96, [3736, 77]
39, 2, 10.71, [3736, 1315]
39, 3, 10.06, [3736, 3760]
39, 4, 8.58, [3742, 119]
39, 5, 8.37, [1828, 77]
39, 6, 8.06, [2229, 1605]
39, 7, 7.61, [1829, 546]
39, 8, 6.78, [3750, 2595]
39, 9, 6.73, [1833, 3737]
40, 0, 15.08, [1825, 77]
40, 1, 14.96, [3736, 77]
40, 2, 11.87, [3743, 77]
40, 3, 11.32, [3754, 77]
40, 4, 8.14, [3736, 996]
40, 5, 7.97, [3747, 3742]
40, 6, 7.49, [270, 1315]
40, 7, 7.04, [702, 1987]
40, 8, 6.48, [3755, 3737]
40, 9, 5.13, [271, 3753]
41, 0, 15.08, [1825, 77]
41, 1, 14.96, [3736, 77]
41, 2, 14.48, [1825, 77]
41, 3, 11.73, [1825, 159]
41, 4, 10.08, [1831, 3754]
41, 5, 9.63, [3741, 693]
41, 6, 9.26, [3743, 159]
41, 7, 8.87, [3748, 1825]
41, 8, 6.28, [3105, 699]
41, 9, 5.09, [3754, 263]
42, 0, 15.08, [1825, 77]
42, 1, 14.96, [3736, 77]
42, 2, 11.09, [3736, 275]
42, 3, 10.98, [1831, 275]
42, 4, 10.26, [3736, 3739]
42, 5, 10.06, [3736, 3750]
42, 6, 9.41, [1322, 181]
42, 7, 9.24, [3759, 282]
42, 8, 6.54, [101, 287]
42, 9, 6.08, [1834, 33]
43, 0, 15.08, [1825, 77]
43, 1, 14.96, [3736, 77]
43, 2, 12.15, [1825, 3105]
43, 3, 11.76, [3754, 77]
43, 4, 10.85, [1833, 77]
43, 5, 9.42, [279, 3752]
43, 6, 9.12, [3105, 1322]
43, 7, 9.08, [3100, 3744]
43, 8, 8.84, [1828, 77]
43, 9, 8.41, [2463, 3742]
44, 0, 15.08, [1825, 77]
44, 1, 14.96, [3736, 77]
44, 2, 12.79, [3742, 77]
44, 3, 9.32, [3736, 4130]
44, 4, 8.56, [1826, 77]
44, 5, 8.0, [279, 275]
44, 6, 6.56, [119, 4131]
44, 7, 6.42, [3754, 3761]
44, 8, 6.42, [699, 2156]
44, 9, 6.06, [1828, 159]
45, 0, 15.08, [1825, 77]
45, 1, 14.96, [3736, 77]
45, 2, 11.84, [1032, 77]
45, 3, 11.1, [4129, 77]
45, 4, 8.26, [3742, 3747]
45, 5, 7.96, [119, 72]
45, 6, 6.47, [181, 3397]
45, 7, 6.44, [24, 293]
45, 8, 6.24, [2595, 3748]
45, 9, 6.08, [3758, 3755]
46, 0, 15.08, [1825, 77]
46, 1, 14.96, [3736, 77]
46, 2, 11.14, [3742, 159]
46, 3, 10.96, [1032, 1825]
46, 4, 7.78, [3102, 3742]
46, 5, 7.76, [3733, 3747]
46, 6, 7.62, [2261, 3746]
46, 7, 6.62, [291, 3750]
46, 8, 6.21, [3105, 4129]
46, 9, 5.44, [3743, 1828]
47, 0, 15.08, [1825, 77]
47, 1, 14.96, [3736, 77]
47, 2, 12.5, [1825, 284]
47, 3, 11.66, [3736, 3105]
47, 4, 10.95, [1825, 275]
47, 5, 10.91, [1825, 1032]
47, 6, 10.65, [3736, 269]
47, 7, 9.25, [3742, 275]
47, 8, 6.44, [4128, 1605]
47, 9, 5.0, [1826, 287]
48, 0, 15.08, [1825, 77]
48, 1, 14.96, [3736, 77]
48, 2, 14.09, [3736, 77]
48, 3, 12.98, [693, 77]
48, 4, 10.93, [1825, 1541]
48, 5, 8.81, [2464, 77]
48, 6, 7.78, [3754, 270]
48, 7, 6.96, [3747, 4131]
48, 8, 6.9, [2260, 291]
48, 9, 5.61, [4130, 2598]
49, 0, 15.08, [1825, 77]
49, 1, 14.96, [3736, 77]
49, 2, 14.27, [1831, 77]
49, 3, 13.11, [181, 77]
49, 4, 12.9, [3746, 77]
49, 5, 11.55, [3754, 77]
49, 6, 10.73, [1833, 77]
49, 7, 10.29, [3736, 119]
49, 8, 8.95, [3742, 269]
49, 9, 6.39, [546, 3777]
50, 0, 15.08, [1825, 77]
50, 1, 14.96, [3736, 77]
50, 2, 12.2, [3736, 159]
50, 3, 10.56, [1831, 3749]
50, 4, 10.04, [3736, 3756]
50, 5, 8.96, [3100, 285]
50, 6, 8.44, [3736, 3759]
50, 7, 8.2, [3749, 689]
50, 8, 7.3, [996, 3742]
50, 9, 6.54, [1040, 3747]
