generation number, individual number, fitness, candidate
0, 0, 7.35, [100140, 66171]
0, 1, 6.96, [123524, 221360]
0, 2, 6.61, [66170, 98063]
0, 3, 6.47, [80449, 150653]
0, 4, 6.31, [70638, 113172]
0, 5, 6.22, [149059, 31634]
0, 6, 6.17, [156909, 113173]
0, 7, 5.17, [77358, 149059]
0, 8, 4.88, [67332, 278]
0, 9, 3.8, [11935, 149059]
1, 0, 11.3, [100140, 11388]
1, 1, 9.44, [100140, 33298]
1, 2, 8.64, [98062, 221360]
1, 3, 8.25, [100140, 98062]
1, 4, 7.54, [100140, 66169]
1, 5, 7.48, [118602, 150653]
1, 6, 7.35, [100140, 66171]
1, 7, 7.31, [123524, 56240]
1, 8, 6.96, [123524, 221360]
1, 9, 6.2, [123524, 62858]
2, 0, 11.44, [80450, 11388]
2, 1, 11.3, [100140, 11388]
2, 2, 10.05, [100140, 11387]
2, 3, 9.62, [100140, 33298]
2, 4, 9.44, [100140, 33298]
2, 5, 6.35, [150654, 12067]
2, 6, 6.13, [90, 558]
2, 7, 6.11, [33299, 12067]
2, 8, 5.0, [11925, 66166]
2, 9, 3.74, [11935, 1060]
3, 0, 14.53, [33297, 11388]
3, 1, 11.44, [80450, 11388]
3, 2, 11.3, [100140, 11388]
3, 3, 9.52, [91277, 100141]
3, 4, 9.43, [87, 11387]
3, 5, 8.93, [278, 11387]
3, 6, 8.64, [89, 11925]
3, 7, 8.51, [80450, 148118]
3, 8, 6.88, [113171, 56241]
3, 9, 6.39, [144434, 33300]
4, 0, 14.53, [33297, 11388]
4, 1, 12.41, [100141, 65899]
4, 2, 11.44, [80450, 11388]
4, 3, 10.6, [80450, 11387]
4, 4, 9.73, [134361, 11388]
4, 5, 9.47, [100141, 148118]
4, 6, 9.31, [80662, 11388]
4, 7, 9.21, [127089, 70638]
4, 8, 8.9, [80449, 100141]
4, 9, 7.02, [33298, 11926]
5, 0, 14.53, [33297, 11388]
5, 1, 12.41, [100141, 65899]
5, 2, 11.06, [98065, 65899]
5, 3, 10.53, [113173, 11388]
5, 4, 9.7, [66166, 65899]
5, 5, 8.48, [100141, 11925]
5, 6, 8.47, [100141, 66171]
5, 7, 7.8, [80450, 11925]
5, 8, 7.4, [33297, 70639]
5, 9, 7.4, [91277, 278]
6, 0, 14.53, [33297, 11388]
6, 1, 12.41, [100141, 65899]
6, 2, 9.82, [100141, 65897]
6, 3, 9.26, [11387, 90]
6, 4, 8.86, [86, 56241]
6, 5, 8.67, [33297, 70640]
6, 6, 8.19, [100141, 12067]
6, 7, 7.39, [33297, 11935]
6, 8, 7.32, [100141, 11926]
6, 9, 7.25, [148118, 33299]
7, 0, 14.53, [33297, 11388]
7, 1, 12.41, [100141, 65899]
7, 2, 12.15, [33297, 88]
7, 3, 11.5, [100141, 11387]
7, 4, 10.92, [65899, 65897]
7, 5, 9.69, [823, 65899]
7, 6, 9.61, [113171, 11388]
7, 7, 9.37, [65901, 33298]
7, 8, 9.05, [33297, 70640]
7, 9, 8.87, [33298, 65899]
8, 0, 14.53, [33297, 11388]
8, 1, 12.41, [100141, 65899]
8, 2, 10.43, [65899, 11925]
8, 3, 10.27, [90, 11388]
8, 4, 10.24, [33297, 283]
8, 5, 9.71, [65899, 31634]
8, 6, 9.36, [113171, 11388]
8, 7, 9.14, [33297, 31634]
8, 8, 7.71, [144436, 11387]
8, 9, 6.99, [33297, 70639]
9, 0, 14.53, [33297, 11388]
9, 1, 13.85, [33297, 11388]
9, 2, 12.41, [100141, 65899]
9, 3, 10.67, [65899, 1061]
9, 4, 10.3, [284, 65899]
9, 5, 9.76, [33299, 65899]
9, 6, 9.64, [113171, 11388]
9, 7, 9.26, [65899, 11926]
9, 8, 9.08, [113171, 11388]
9, 9, 9.0, [100141, 118602]
10, 0, 14.53, [33297, 11388]
10, 1, 13.85, [33297, 11388]
10, 2, 11.55, [33297, 62858]
10, 3, 10.02, [113173, 11388]
10, 4, 9.28, [91277, 56240]
10, 5, 8.92, [86, 66169]
10, 6, 8.8, [98065, 80656]
10, 7, 8.57, [821, 11388]
10, 8, 8.12, [65901, 73700]
10, 9, 7.3, [80449, 66169]
11, 0, 14.53, [33297, 11388]
11, 1, 13.85, [33297, 11388]
11, 2, 11.34, [33297, 283]
11, 3, 10.95, [73700, 11388]
11, 4, 10.08, [284, 11388]
11, 5, 9.84, [100141, 31634]
11, 6, 9.03, [66169, 11387]
11, 7, 8.66, [113173, 56240]
11, 8, 7.79, [56237, 65901]
11, 9, 6.07, [66169, 62858]
12, 0, 14.53, [33297, 11388]
12, 1, 13.85, [33297, 11388]
12, 2, 11.92, [80656, 11388]
12, 3, 9.8, [113171, 11388]
12, 4, 8.94, [80656, 148118]
12, 5, 8.79, [33297, 33300]
12, 6, 8.5, [33298, 98065]
12, 7, 6.75, [11925, 56237]
12, 8, 6.64, [33299, 283]
12, 9, 6.27, [90, 150653]
13, 0, 14.53, [33297, 11388]
13, 1, 13.85, [33297, 11388]
13, 2, 9.71, [33297, 65901]
13, 3, 9.29, [33297, 11925]
13, 4, 8.0, [65901, 283]
13, 5, 7.79, [73700, 150015]
13, 6, 6.44, [80449, 70640]
13, 7, 5.96, [280, 278]
13, 8, 5.66, [149059, 11925]
13, 9, 5.42, [113171, 12067]
14, 0, 14.53, [33297, 11388]
14, 1, 13.85, [33297, 11388]
14, 2, 11.88, [33298, 11388]
14, 3, 11.44, [33298, 88]
14, 4, 9.23, [56239, 11387]
14, 5, 8.93, [46, 70638]
14, 6, 8.76, [33297, 11926]
14, 7, 7.89, [67331, 11388]
14, 8, 6.95, [56239, 91276]
14, 9, 6.65, [11387, 11926]
15, 0, 14.53, [33297, 11388]
15, 1, 13.85, [33297, 11388]
15, 2, 8.68, [221360, 156909]
15, 3, 8.18, [66167, 46]
15, 4, 7.56, [80661, 11925]
15, 5, 6.96, [150654, 279]
15, 6, 6.92, [148118, 134361]
15, 7, 6.87, [65897, 1063]
15, 8, 6.78, [71858, 283]
15, 9, 6.76, [33298, 821]
16, 0, 14.53, [33297, 11388]
16, 1, 13.85, [33297, 11388]
16, 2, 11.01, [33297, 148118]
16, 3, 10.27, [33297, 65901]
16, 4, 8.09, [221360, 11925]
16, 5, 6.99, [221360, 11926]
16, 6, 6.7, [33299, 46]
16, 7, 6.47, [66167, 12067]
16, 8, 5.97, [33299, 11925]
16, 9, 5.4, [33299, 156909]
17, 0, 14.53, [33297, 11388]
17, 1, 13.85, [33297, 11388]
17, 2, 11.15, [100141, 11387]
17, 3, 10.69, [90, 11388]
17, 4, 10.63, [283, 11388]
17, 5, 9.64, [33298, 148118]
17, 6, 9.02, [90, 100141]
17, 7, 8.4, [65899, 71858]
17, 8, 8.22, [91277, 80450]
17, 9, 7.39, [221360, 71858]
18, 0, 14.53, [33297, 11388]
18, 1, 13.85, [33297, 11388]
18, 2, 11.73, [33297, 73703]
18, 3, 10.11, [221360, 118602]
18, 4, 9.54, [11387, 286]
18, 5, 9.52, [90, 11387]
18, 6, 9.27, [1062, 11388]
18, 7, 8.07, [100141, 71858]
18, 8, 7.68, [87, 62858]
18, 9, 6.11, [33299, 150015]
19, 0, 14.53, [33297, 11388]
19, 1, 14.42, [65899, 11388]
19, 2, 13.85, [33297, 11388]
19, 3, 11.21, [33297, 282]
19, 4, 11.08, [65899, 73703]
19, 5, 9.3, [89, 73700]
19, 6, 8.34, [33297, 1927]
19, 7, 8.05, [279, 33298]
19, 8, 6.88, [73700, 12067]
19, 9, 6.19, [282, 118606]
20, 0, 14.53, [33297, 11388]
20, 1, 14.42, [65899, 11388]
20, 2, 14.26, [65899, 11388]
20, 3, 10.53, [33297, 90]
20, 4, 8.52, [91276, 88]
20, 5, 8.21, [66171, 11388]
20, 6, 6.6, [6376, 91277]
20, 7, 5.96, [113172, 100141]
20, 8, 5.37, [123524, 150655]
20, 9, 5.16, [31634, 87893]
21, 0, 14.53, [33297, 11388]
21, 1, 14.42, [65899, 11388]
21, 2, 11.43, [286, 11388]
21, 3, 9.29, [33298, 80661]
21, 4, 8.46, [33300, 118602]
21, 5, 8.36, [80661, 285]
21, 6, 7.14, [70640, 56239]
21, 7, 6.66, [279, 113171]
21, 8, 5.56, [56237, 281]
21, 9, 4.95, [113172, 80449]
22, 0, 14.53, [33297, 11388]
22, 1, 14.42, [65899, 11388]
22, 2, 9.3, [33297, 11926]
22, 3, 9.0, [150652, 70638]
22, 4, 8.81, [11387, 11388]
22, 5, 8.8, [11387, 11388]
22, 6, 8.76, [118602, 90]
22, 7, 7.84, [10375, 11388]
22, 8, 6.87, [278, 56239]
22, 9, 6.86, [150653, 98065]
23, 0, 14.53, [33297, 11388]
23, 1, 14.42, [65899, 11388]
23, 2, 14.19, [65899, 11388]
23, 3, 11.29, [89, 11387]
23, 4, 10.0, [118602, 80656]
23, 5, 9.83, [33299, 11388]
23, 6, 8.7, [80656, 56241]
23, 7, 7.99, [118602, 11925]
23, 8, 6.62, [89, 134365]
23, 9, 5.79, [56237, 62858]
24, 0, 14.53, [33297, 11388]
24, 1, 14.42, [65899, 11388]
24, 2, 12.75, [65899, 11387]
24, 3, 11.25, [33298, 11388]
24, 4, 10.97, [33297, 80450]
24, 5, 10.26, [283, 33297]
24, 6, 8.16, [113172, 11388]
24, 7, 8.08, [33299, 80656]
24, 8, 6.61, [80450, 144434]
24, 9, 6.34, [282, 71858]
25, 0, 14.53, [33297, 11388]
25, 1, 14.42, [65899, 11388]
25, 2, 10.86, [65899, 12067]
25, 3, 10.76, [89, 118602]
25, 4, 10.16, [65899, 12067]
25, 5, 9.81, [144434, 11388]
25, 6, 9.2, [56240, 80450]
25, 7, 7.88, [91276, 86]
25, 8, 7.77, [148118, 279]
25, 9, 5.28, [65900, 70640]
26, 0, 14.53, [33297, 11388]
26, 1, 14.42, [65899, 11388]
26, 2, 9.56, [33298, 118602]
26, 3, 9.13, [70639, 11388]
26, 4, 8.94, [98065, 118602]
26, 5, 8.88, [89, 11925]
26, 6, 8.36, [89, 12067]
26, 7, 8.02, [33297, 1927]
26, 8, 7.22, [558, 11387]
26, 9, 6.22, [148118, 144436]
27, 0, 14.53, [33297, 11388]
27, 1, 14.42, [65899, 11388]
27, 2, 14.33, [65899, 11388]
27, 3, 13.92, [65899, 11388]
27, 4, 11.39, [33297, 118602]
27, 5, 10.84, [65899, 11925]
27, 6, 9.83, [80449, 11388]
27, 7, 9.73, [33299, 11388]
27, 8, 8.64, [89, 11925]
27, 9, 8.26, [65899, 113172]
28, 0, 14.53, [33297, 11388]
28, 1, 14.47, [65899, 11388]
28, 2, 14.42, [65899, 11388]
28, 3, 13.27, [65899, 88]
28, 4, 11.89, [80656, 11388]
28, 5, 11.68, [11387, 100141]
28, 6, 11.22, [65899, 148118]
28, 7, 10.83, [65899, 279]
28, 8, 9.9, [11388, 113173]
28, 9, 7.59, [12067, 98062]
29, 0, 14.53, [33297, 11388]
29, 1, 14.47, [65899, 11388]
29, 2, 11.07, [65899, 90]
29, 3, 10.4, [65899, 90]
29, 4, 9.39, [65900, 11388]
29, 5, 8.65, [144434, 65897]
29, 6, 7.99, [1927, 11388]
29, 7, 7.94, [65899, 87893]
29, 8, 7.77, [91277, 46]
29, 9, 7.58, [33298, 12067]
30, 0, 14.53, [33297, 11388]
30, 1, 14.47, [65899, 11388]
30, 2, 13.37, [33297, 11388]
30, 3, 12.24, [33297, 11387]
30, 4, 11.23, [65899, 87]
30, 5, 8.81, [70639, 11388]
30, 6, 7.33, [91276, 33298]
30, 7, 6.83, [284, 278]
30, 8, 5.89, [10375, 282]
30, 9, 5.74, [150654, 90]
31, 0, 14.53, [33297, 11388]
31, 1, 14.47, [65899, 11388]
31, 2, 11.48, [33297, 98063]
31, 3, 10.29, [33299, 11388]
31, 4, 9.96, [150654, 11388]
31, 5, 9.08, [65900, 11388]
31, 6, 9.08, [148118, 56240]
31, 7, 8.91, [65899, 821]
31, 8, 8.54, [70639, 11388]
31, 9, 7.23, [1061, 127089]
32, 0, 14.53, [33297, 11388]
32, 1, 14.47, [65899, 11388]
32, 2, 9.14, [65899, 118606]
32, 3, 9.0, [33297, 823]
32, 4, 8.55, [33297, 127088]
32, 5, 8.39, [65899, 134365]
32, 6, 7.67, [33299, 100141]
32, 7, 6.32, [558, 80661]
32, 8, 5.69, [279, 11926]
32, 9, 5.36, [65901, 127088]
33, 0, 14.53, [33297, 11388]
33, 1, 14.47, [65899, 11388]
33, 2, 10.69, [285, 11388]
33, 3, 10.06, [123523, 11388]
33, 4, 9.53, [88, 31634]
33, 5, 9.04, [33296, 56237]
33, 6, 8.12, [11388, 87893]
33, 7, 8.04, [56237, 286]
33, 8, 7.1, [65901, 150655]
33, 9, 6.77, [46, 118606]
34, 0, 14.53, [33297, 11388]
34, 1, 14.47, [65899, 11388]
34, 2, 14.46, [65899, 11388]
34, 3, 10.07, [33297, 12067]
34, 4, 7.88, [221360, 11925]
34, 5, 7.55, [71858, 100141]
34, 6, 6.88, [150654, 33300]
34, 7, 6.75, [88, 127088]
34, 8, 6.15, [80662, 11925]
34, 9, 4.92, [67331, 31634]
35, 0, 14.53, [33297, 11388]
35, 1, 14.47, [65899, 11388]
35, 2, 10.46, [65899, 11925]
35, 3, 10.25, [33299, 11388]
35, 4, 9.27, [65899, 11926]
35, 5, 9.16, [73700, 100141]
35, 6, 8.94, [285, 98063]
35, 7, 8.75, [56241, 70638]
35, 8, 8.73, [156909, 11387]
35, 9, 7.9, [113173, 118602]
36, 0, 14.53, [33297, 11388]
36, 1, 14.47, [65899, 11388]
36, 2, 11.78, [65899, 98063]
36, 3, 11.36, [65899, 46]
36, 4, 10.97, [33297, 86]
36, 5, 10.08, [150015, 11388]
36, 6, 9.08, [65900, 11388]
36, 7, 8.15, [33297, 11935]
36, 8, 8.03, [65897, 221360]
36, 9, 6.27, [65901, 134362]
37, 0, 14.53, [33297, 11388]
37, 1, 14.47, [65899, 11388]
37, 2, 12.91, [33297, 11387]
37, 3, 11.96, [33297, 11387]
37, 4, 11.87, [80656, 11388]
37, 5, 11.4, [33298, 11388]
37, 6, 11.05, [33298, 11388]
37, 7, 10.13, [11388, 113173]
37, 8, 8.3, [66059, 80661]
37, 9, 7.16, [134361, 98062]
38, 0, 14.53, [33297, 11388]
38, 1, 14.47, [65899, 11388]
38, 2, 13.85, [65899, 11388]
38, 3, 12.59, [33297, 11387]
38, 4, 11.64, [33297, 80656]
38, 5, 10.57, [33297, 66169]
38, 6, 10.13, [31634, 11387]
38, 7, 7.26, [65900, 11387]
38, 8, 5.63, [1062, 150015]
38, 9, 4.64, [134365, 98065]
39, 0, 14.53, [33297, 11388]
39, 1, 14.47, [65899, 11388]
39, 2, 12.72, [33297, 56240]
39, 3, 12.1, [33297, 11387]
39, 4, 11.69, [65899, 98062]
39, 5, 10.1, [73703, 11387]
39, 6, 8.27, [1927, 11388]
39, 7, 7.14, [70640, 148118]
39, 8, 6.44, [62858, 1060]
39, 9, 6.34, [87, 1062]
40, 0, 14.53, [33297, 11388]
40, 1, 14.47, [65899, 11388]
40, 2, 11.82, [33297, 80661]
40, 3, 10.86, [100141, 11387]
40, 4, 9.89, [33297, 87]
40, 5, 9.22, [80656, 285]
40, 6, 9.22, [65900, 11388]
40, 7, 8.88, [33297, 11926]
40, 8, 7.27, [6376, 56240]
40, 9, 6.2, [144434, 1061]
41, 0, 14.53, [33297, 11388]
41, 1, 14.47, [65899, 11388]
41, 2, 10.81, [65899, 56237]
41, 3, 10.31, [33297, 65899]
41, 4, 9.97, [33298, 11387]
41, 5, 9.9, [56240, 80661]
41, 6, 9.22, [33297, 11926]
41, 7, 8.21, [98063, 148118]
41, 8, 7.19, [113173, 80661]
41, 9, 6.77, [33300, 11925]
42, 0, 14.53, [33297, 11388]
42, 1, 14.47, [65899, 11388]
42, 2, 13.56, [33297, 11388]
42, 3, 10.77, [86, 11388]
42, 4, 10.08, [33297, 66167]
42, 5, 9.44, [66169, 89]
42, 6, 9.4, [123524, 11388]
42, 7, 8.69, [33300, 65899]
42, 8, 6.55, [90, 91276]
42, 9, 6.33, [33299, 144434]
43, 0, 14.53, [33297, 11388]
43, 1, 14.47, [65899, 11388]
43, 2, 11.67, [33297, 56240]
43, 3, 10.19, [33297, 11925]
43, 4, 9.97, [86, 33296]
43, 5, 9.19, [33298, 127089]
43, 6, 9.18, [98062, 70638]
43, 7, 7.0, [134362, 118602]
43, 8, 6.55, [80662, 62858]
43, 9, 6.34, [65900, 66059]
44, 0, 14.53, [33297, 11388]
44, 1, 14.47, [65899, 11388]
44, 2, 11.41, [33297, 286]
44, 3, 11.25, [33297, 80450]
44, 4, 10.09, [65899, 33297]
44, 5, 7.41, [91276, 285]
44, 6, 6.76, [70640, 73703]
44, 7, 6.72, [46, 65900]
44, 8, 6.5, [67331, 11387]
44, 9, 6.46, [286, 11926]
45, 0, 14.53, [33297, 11388]
45, 1, 14.47, [65899, 11388]
45, 2, 10.72, [33297, 66059]
45, 3, 10.63, [33297, 91277]
45, 4, 9.38, [33297, 11926]
45, 5, 8.49, [56241, 118602]
45, 6, 7.0, [73700, 150654]
45, 7, 6.45, [80450, 11926]
45, 8, 6.06, [144436, 86]
45, 9, 5.72, [282, 1927]
46, 0, 14.53, [33297, 11388]
46, 1, 14.47, [65899, 11388]
46, 2, 11.17, [33297, 90]
46, 3, 11.05, [33297, 73703]
46, 4, 9.33, [66059, 89]
46, 5, 9.19, [65899, 134362]
46, 6, 7.96, [31634, 90]
46, 7, 7.46, [33297, 1927]
46, 8, 6.83, [123523, 100140]
46, 9, 6.33, [62858, 10375]
47, 0, 14.53, [33297, 11388]
47, 1, 14.47, [65899, 11388]
47, 2, 13.65, [33297, 11388]
47, 3, 11.9, [33298, 11388]
47, 4, 10.21, [56240, 100141]
47, 5, 9.0, [150654, 11387]
47, 6, 8.98, [86, 73703]
47, 7, 8.8, [56240, 12067]
47, 8, 6.82, [66169, 66167]
47, 9, 6.61, [66170, 66059]
48, 0, 14.53, [33297, 11388]
48, 1, 14.47, [65899, 11388]
48, 2, 9.84, [11388, 113173]
48, 3, 9.51, [33297, 11926]
48, 4, 8.9, [118602, 283]
48, 5, 8.28, [66167, 100140]
48, 6, 7.33, [33298, 12067]
48, 7, 7.13, [1061, 127089]
48, 8, 4.53, [70639, 91276]
48, 9, 4.48, [150653, 11926]
49, 0, 14.53, [33297, 11388]
49, 1, 14.47, [65899, 11388]
49, 2, 11.18, [46, 11388]
49, 3, 11.05, [33297, 70638]
49, 4, 10.63, [282, 33297]
49, 5, 10.58, [90, 11388]
49, 6, 10.52, [65899, 12067]
49, 7, 10.18, [11387, 80450]
49, 8, 9.36, [90, 100141]
49, 9, 7.61, [148118, 1060]
50, 0, 14.53, [33297, 11388]
50, 1, 14.47, [65899, 11388]
50, 2, 11.77, [33298, 11388]
50, 3, 10.94, [33297, 70638]
50, 4, 9.6, [118602, 65897]
50, 5, 9.17, [65900, 11388]
50, 6, 9.02, [33297, 33298]
50, 7, 7.32, [46, 12067]
50, 8, 7.1, [65900, 33296]
50, 9, 6.94, [65900, 46]
