num_genrations,diversity,improvement,best_fitness
0,0.9985887096774193,0,630.35
1,0.8925403225806452,0.0,630.35
2,0.4951612903225806,-0.8912984849686683,68.52
3,0.4264112903225805,0.015178050204319999,69.56
4,0.19254032258064524,0.0024439332949971492,69.73
5,0.21129032258064517,0.01548831206080594,70.81
6,0.16572580645161294,0.02584380737184011,72.64
7,0.1401209677419355,0.012114537444933859,73.52
8,0.10564516129032275,0.003672470076169889,73.79
9,0.09919354838709682,0.29136739395582056,95.29
10,0.11754032258064517,0.0,95.29
