num_genrations,diversity,improvement,best_fitness
0,0.9973684210526316,0,252.04
1,0.7583333333333333,0.004443739089033505,253.16
2,0.5175438596491229,0.09223416021488384,276.51
3,0.5583333333333333,0.16606994322086008,322.43
4,0.49517543859649116,0.09189591539248827,352.06
5,0.013157894736842035,-0.04879850025563826,334.88
6,0.047368421052631504,0.12915074056378403,378.13
7,0.04254385964912277,0.0,378.13
8,0.04912280701754379,0.0,378.13
9,0.07763157894736838,0.0,378.13
10,0.10921052631578965,0.026181471980535734,388.03
