n_nodes,influence,n0,n1,n2,n3,n4,n5,n6,n7,n8,n9,n10,n11,n12,n13,n14,n15,n16,n17,n18
19,388.0300,3204,762,5260,5139,4508,1055,7327,7981,5176,3392,6987,4044,2637,7245,3539,1372,6897,1267,3449
19,386.3200,3204,6795,5260,5139,4508,7327,1055,4899,7981,6987,7057,7245,3539,1372,3392,1389,6897,1267,3449
19,378.1300,3204,6795,5260,5139,4508,7327,1055,4899,7981,6987,7057,7245,3539,1372,6749,1389,6897,1267,3449
19,378.1300,3204,6795,5260,5139,4508,7327,1055,4899,7981,6987,7057,7245,3539,1372,6749,1389,6897,1267,3449
19,378.1300,3204,6795,5260,5139,4508,7327,1055,4899,7981,6987,7057,7245,3539,1372,6749,1389,6897,1267,3449
19,378.1300,3204,6795,5260,5139,4508,7327,1055,4899,7981,6987,7057,7245,3539,1372,6749,1389,6897,1267,3449
19,377.0100,3204,6795,5260,5139,4508,7327,1055,4899,7981,6987,7057,7245,3539,1372,6749,1389,6897,1267,3449
19,374.3000,3204,6795,5260,5139,4508,7327,1055,7981,5176,6987,7057,7245,3539,1372,6749,1389,6897,1267,3449
19,374.3000,3204,6795,5260,5139,4508,7327,1055,7981,5176,6987,7057,7245,3539,1372,6749,1389,6897,1267,3449
19,373.7300,3204,6795,5260,5139,4508,7327,1055,7981,5176,6987,7057,7245,3539,1372,6749,1389,6897,1267,3449
19,370.1800,3204,6795,5260,5139,4508,7327,1055,4899,7981,6987,7057,7245,3539,1372,6749,1389,6897,1267,3449
19,368.2600,3204,6795,5260,5139,4508,7327,1055,7981,5176,6987,7057,7245,3539,1372,6749,1389,6897,1267,3449
19,367.6200,3204,6795,5260,5139,4508,7327,1055,4899,7981,3392,6987,2637,7245,3539,1372,4044,6897,1267,3449
19,367.3500,3204,6795,5260,5139,4508,7327,1055,7981,5176,3392,6987,2637,7245,3539,1372,4044,6897,1267,3449
19,358.6100,3204,6795,5260,5139,4508,7327,1055,7981,5176,3392,6987,2637,7245,3539,1372,4044,6897,1267,3449
19,358.6100,3204,6795,5260,5139,4508,7327,1055,7981,5176,3392,6987,2637,7245,3539,1372,4044,6897,1267,3449
