n_nodes,influence,n0,n1,n2,n3,n4,n5,n6,n7,n8
9,38.3600,68,36,620,13,139,688,374,61,31
9,38.1900,99,36,620,13,139,688,374,61,31
9,38.1900,99,36,620,13,139,688,374,61,31
9,38.1900,99,36,620,13,139,688,374,61,31
9,38.1900,99,36,620,13,139,688,374,61,31
9,38.1900,99,36,620,13,139,688,374,61,31
9,38.1900,99,36,620,13,139,688,374,61,31
9,38.1900,99,36,620,13,139,688,374,61,31
9,38.1900,99,36,620,13,139,688,374,61,31
9,38.1900,99,36,620,13,139,688,374,61,31
9,38.1900,99,36,620,13,139,688,374,61,31
9,38.1900,99,36,620,13,139,688,374,61,31
9,38.1900,99,36,620,13,139,688,374,61,31
9,38.1900,99,36,620,13,139,688,374,61,31
9,38.1900,99,36,620,13,139,688,374,61,31
9,38.1900,99,36,620,13,139,688,374,61,31
