generation number, pop_size, worst, best, median, avg, std, diversity, improvement, number_of_selections
0, 10, 7.31, 18.44, 11.850000000000001, 12.603, 3.508729257152795,0.9777777777777777,0,[1.e-300]
1, 10, 11.63, 23.11, 15.645, 16.113, 3.071442820564954,0.837037037037037,0.25325379609544457,[1.e-300]
2, 10, 16.79, 23.11, 19.445, 19.549, 2.120624672119044,0.6888888888888889,0.0,[1.e-300]
3, 10, 14.64, 30.02, 22.175, 21.354000000000003, 4.518526751055038,0.7333333333333334,0.2990047598442233,[1.e-300]
4, 10, 12.19, 30.02, 19.44, 19.058, 5.276068233069015,0.8444444444444444,0.0,[1.e-300]
5, 10, 13.71, 30.02, 22.045, 21.721, 5.5428664966784105,0.6814814814814815,0.0,[1.e-300]
6, 10, 11.12, 30.02, 17.01, 18.797, 6.36307480704101,0.8666666666666667,0.0,[1.e-300]
7, 10, 7.22, 30.02, 18.755000000000003, 17.872, 8.307250808781447,0.8148148148148149,0.0,[1.e-300]
8, 10, 6.56, 30.02, 19.525, 19.657, 6.681775288050325,0.8,0.0,[1.e-300]
9, 10, 16.18, 30.02, 26.275, 24.631, 4.241208436283225,0.6592592592592592,0.0,[1.e-300]
10, 10, 7.24, 30.02, 15.309999999999999, 18.105, 8.333694558837635,0.837037037037037,0.0,[1.e-300]
