num_genrations,diversity,improvement,best_fitness
0,0.9999753937007874,0,317.0699999999992
1,0.9696604330708661,0.6039991169142481,508.57999999999936
2,0.9230807086614173,7.865035982532477e-05,508.6199999999993
3,0.8272391732283464,0.029137666627342483,523.4399999999982
4,0.5312746062992127,0.0,523.4399999999982
5,0.5726870078740158,0.3793558000917022,722.0099999999982
6,0.5375246062992125,0.00119111923657585,722.8699999999983
7,0.5374261811023622,0.0034861040021027124,725.3899999999983
8,0.3933562992125983,0.10728022167385837,803.2099999999982
9,0.27937992125984246,0.0,803.2099999999982
10,0.3728346456692915,0.16822499719874057,938.3299999999983
