n_nodes,influence,n0,n1,n2,n3,n4
5,115.5004,11744,12770,2212,65613,2705
5,99.7520,11744,2212,12770,7735,8186
5,98.8040,11744,2212,12770,23439,8186
5,98.8040,11744,2212,12770,23439,8186
5,98.8040,11744,2212,12770,23439,8186
5,98.8040,11744,2212,12770,23439,8186
5,98.8040,11744,2212,12770,23439,8186
5,98.8040,11744,2212,12770,23439,8186
5,98.8040,11744,2212,12770,23439,8186
5,97.5764,11744,2212,12770,66460,8186
5,95.7441,11744,12770,5492,23439,8186
5,95.7441,11744,12770,5492,23439,8186
5,94.2166,11744,12770,2212,30430,68606
5,94.2166,11744,12770,2212,30430,68606
5,94.2166,11744,12770,2212,30430,68606
5,94.1089,11744,12770,2212,23439,30922
5,93.3613,11744,2212,12770,65613,68606
5,93.3613,11744,2212,12770,65613,68606
5,93.3613,11744,2212,12770,65613,68606
5,93.3613,11744,2212,12770,65613,68606
5,93.3613,11744,2212,12770,65613,68606
5,93.3613,11744,2212,12770,65613,68606
5,93.3613,11744,2212,12770,65613,68606
5,93.3613,11744,2212,12770,65613,68606
5,92.6381,11744,12770,2212,57636,63617
5,92.3357,11744,12770,2212,65613,57636
5,92.3357,11744,12770,2212,65613,57636
5,86.5246,11744,24197,45452,7735,8186
5,86.5246,11744,24197,45452,7735,8186
5,86.5246,11744,24197,45452,7735,8186
5,86.5246,11744,24197,45452,7735,8186
5,86.5246,11744,24197,45452,7735,8186
