generation number, individual number, fitness, candidate
0, 0, 3.13, [283, 284, 14199]
0, 1, 3.1, [127088, 88, 124712]
0, 2, 3.09, [76776, 66078, 90]
0, 3, 3.08, [77088, 127088, 76776]
0, 4, 3.08, [94016, 56239, 77088]
0, 5, 3.05, [86, 94016, 96147]
0, 6, 3.05, [127088, 96147, 70197]
0, 7, 3.04, [14223, 281, 42918]
0, 8, 3.04, [124712, 127088, 821]
0, 9, 3.01, [62858, 42918, 70197]
1, 0, 3.21, [47500, 284, 14199]
1, 1, 3.17, [283, 127088, 90]
1, 2, 3.15, [127088, 284, 89]
1, 3, 3.13, [283, 284, 14199]
1, 4, 3.12, [283, 88, 80449]
1, 5, 3.11, [56239, 88, 124712]
1, 6, 3.1, [283, 88, 80450]
1, 7, 3.1, [127088, 284, 88]
1, 8, 3.1, [283, 88, 80450]
1, 9, 3.1, [127088, 88, 124712]
2, 0, 3.21, [47500, 284, 14199]
2, 1, 3.19, [87, 284, 14198]
2, 2, 3.18, [13042, 284, 283]
2, 3, 3.17, [283, 127088, 90]
2, 4, 3.16, [56240, 70194, 1061]
2, 5, 3.14, [42918, 70364, 14199]
2, 6, 3.13, [47500, 89, 14199]
2, 7, 3.12, [127088, 70364, 14199]
2, 8, 3.1, [85838, 284, 90]
2, 9, 3.1, [47500, 70197, 89]
3, 0, 3.21, [47500, 284, 14199]
3, 1, 3.19, [87, 284, 14198]
3, 2, 3.15, [11387, 14201, 1061]
3, 3, 3.15, [47500, 284, 88]
3, 4, 3.14, [282, 284, 14199]
3, 5, 3.14, [70193, 282, 46]
3, 6, 3.14, [87, 56241, 14199]
3, 7, 3.12, [66076, 85839, 87]
3, 8, 3.11, [87, 70365, 14201]
3, 9, 3.1, [66078, 284, 130282]
4, 0, 3.25, [14223, 284, 14198]
4, 1, 3.21, [76776, 284, 80450]
4, 2, 3.21, [47500, 284, 14199]
4, 3, 3.19, [87, 284, 14198]
4, 4, 3.15, [81178, 1060, 88]
4, 5, 3.14, [85839, 284, 14199]
4, 6, 3.11, [70194, 284, 14199]
4, 7, 3.09, [283, 14223, 40787]
4, 8, 3.07, [47500, 85839, 1061]
4, 9, 3.07, [823, 70196, 279]
5, 0, 3.25, [14223, 284, 14198]
5, 1, 3.21, [76776, 284, 80450]
5, 2, 3.15, [821, 88, 80449]
5, 3, 3.15, [98063, 284, 14198]
5, 4, 3.12, [13042, 284, 80450]
5, 5, 3.11, [14223, 284, 130282]
5, 6, 3.11, [94016, 284, 14198]
5, 7, 3.08, [281, 284, 94016]
5, 8, 3.08, [130282, 284, 85839]
5, 9, 3.08, [40787, 284, 14199]
6, 0, 3.25, [14223, 284, 14198]
6, 1, 3.21, [76776, 284, 80450]
6, 2, 3.15, [14197, 284, 80450]
6, 3, 3.13, [127088, 284, 14198]
6, 4, 3.13, [76776, 284, 66076]
6, 5, 3.11, [87, 284, 88]
6, 6, 3.11, [14200, 284, 80449]
6, 7, 3.11, [1061, 284, 80450]
6, 8, 3.08, [821, 88, 66167]
6, 9, 3.06, [14223, 284, 96148]
7, 0, 3.25, [14223, 284, 14198]
7, 1, 3.21, [76776, 284, 80450]
7, 2, 3.18, [70196, 284, 14198]
7, 3, 3.15, [14197, 70193, 80450]
7, 4, 3.11, [76776, 85838, 14198]
7, 5, 3.11, [1061, 113477, 11387]
7, 6, 3.1, [13042, 284, 80450]
7, 7, 3.09, [14223, 77088, 80450]
7, 8, 3.07, [14223, 284, 14200]
7, 9, 3.07, [76776, 284, 130282]
8, 0, 3.25, [14223, 284, 14198]
8, 1, 3.21, [76776, 284, 80450]
8, 2, 3.2, [46, 284, 14198]
8, 3, 3.15, [76776, 46, 14198]
8, 4, 3.14, [14197, 284, 66076]
8, 5, 3.1, [76776, 284, 81178]
8, 6, 3.1, [70196, 1060, 80450]
8, 7, 3.08, [76776, 284, 70193]
8, 8, 3.08, [14223, 284, 46]
8, 9, 3.06, [88, 284, 80450]
9, 0, 3.25, [14223, 284, 14198]
9, 1, 3.21, [76776, 284, 80450]
9, 2, 3.15, [66170, 284, 14198]
9, 3, 3.14, [76776, 284, 66078]
9, 4, 3.13, [70364, 284, 85839]
9, 5, 3.12, [93406, 284, 14198]
9, 6, 3.1, [70194, 284, 80450]
9, 7, 3.1, [11387, 284, 14198]
9, 8, 3.09, [56240, 284, 80450]
9, 9, 3.08, [150655, 284, 281]
10, 0, 3.25, [14223, 284, 14198]
10, 1, 3.21, [76776, 284, 80450]
10, 2, 3.16, [62858, 284, 66076]
10, 3, 3.15, [70364, 284, 66078]
10, 4, 3.13, [76776, 86, 14198]
10, 5, 3.13, [281, 284, 98063]
10, 6, 3.12, [66170, 284, 70196]
10, 7, 3.11, [14223, 286, 14198]
10, 8, 3.1, [70193, 284, 14198]
10, 9, 3.09, [14199, 56239, 66078]
