generation number, individual number, fitness, candidate
0, 0, 28.83, [5117, 1603]
0, 1, 10.0, [1138, 922]
0, 2, 9.0, [716, 2490]
0, 3, 8.0, [476, 1229]
0, 4, 6.0, [429, 2070]
0, 5, 4.0, [974, 1378]
0, 6, 3.0, [609, 697]
0, 7, 3.0, [711, 495]
0, 8, 2.59, [841, 1028]
0, 9, 2.0, [3639, 2341]
1, 0, 29.95, [5117, 1229]
1, 1, 28.83, [5117, 1603]
1, 2, 28.75, [5117, 1225]
1, 3, 10.0, [716, 697]
1, 4, 10.0, [1138, 922]
1, 5, 8.0, [934, 2490]
1, 6, 7.0, [785, 1603]
1, 7, 7.0, [785, 1603]
1, 8, 5.0, [1567, 2490]
1, 9, 4.04, [1025, 1394]
2, 0, 30.06, [5117, 609]
2, 1, 29.95, [5117, 1229]
2, 2, 28.98, [5117, 780]
2, 3, 28.83, [5117, 1603]
2, 4, 9.0, [439, 1229]
2, 5, 9.0, [1138, 1045]
2, 6, 6.0, [970, 1229]
2, 7, 6.0, [697, 1414]
2, 8, 6.0, [2341, 834]
2, 9, 2.0, [1580, 731]
3, 0, 35.56, [520, 1229]
3, 1, 30.06, [5117, 609]
3, 2, 29.95, [5117, 1229]
3, 3, 10.0, [690, 439]
3, 4, 9.0, [1414, 873]
3, 5, 8.0, [716, 609]
3, 6, 6.0, [656, 922]
3, 7, 3.0, [902, 1028]
3, 8, 3.0, [710, 483]
3, 9, 3.0, [216, 609]
4, 0, 38.54, [520, 336]
4, 1, 35.56, [520, 1229]
4, 2, 30.06, [5117, 609]
4, 3, 9.0, [2032, 816]
4, 4, 8.0, [1603, 934]
4, 5, 5.0, [1567, 1229]
4, 6, 4.96, [1347, 339]
4, 7, 4.0, [1540, 1967]
4, 8, 3.53, [841, 1419]
4, 9, 3.26, [1289, 609]
5, 0, 38.54, [520, 336]
5, 1, 35.56, [520, 1229]
5, 2, 31.7, [5117, 1827]
5, 3, 29.81, [5117, 320]
5, 4, 9.43, [2032, 1347]
5, 5, 8.0, [716, 609]
5, 6, 7.0, [487, 1540]
5, 7, 6.0, [1540, 816]
5, 8, 4.0, [216, 902]
5, 9, 2.0, [666, 1229]
6, 0, 38.54, [520, 336]
6, 1, 36.47, [520, 902]
6, 2, 35.56, [520, 1229]
6, 3, 35.47, [520, 483]
6, 4, 31.79, [5117, 1347]
6, 5, 31.41, [5117, 1347]
6, 6, 9.8, [964, 429]
6, 7, 8.42, [905, 336]
6, 8, 6.0, [819, 816]
6, 9, 5.0, [495, 1827]
7, 0, 38.54, [520, 336]
7, 1, 36.47, [520, 902]
7, 2, 34.98, [520, 320]
7, 3, 11.54, [964, 336]
7, 4, 11.0, [785, 834]
7, 5, 10.0, [2070, 1381]
7, 6, 9.5, [964, 1229]
7, 7, 6.16, [1347, 1540]
7, 8, 4.0, [690, 902]
7, 9, 4.0, [1509, 98]
8, 0, 38.57, [520, 1347]
8, 1, 38.54, [520, 336]
8, 2, 36.47, [520, 902]
8, 3, 36.38, [450, 520]
8, 4, 35.35, [520, 1580]
8, 5, 13.0, [1138, 1514]
8, 6, 10.0, [1138, 902]
8, 7, 6.0, [873, 320]
8, 8, 5.0, [662, 1580]
8, 9, 2.0, [731, 1028]
9, 0, 38.57, [520, 1347]
9, 1, 38.54, [520, 336]
9, 2, 9.48, [656, 336]
9, 3, 7.0, [1414, 974]
9, 4, 6.49, [336, 1580]
9, 5, 6.47, [1048, 336]
9, 6, 5.38, [635, 1347]
9, 7, 5.23, [1229, 1347]
9, 8, 5.0, [656, 609]
9, 9, 5.0, [690, 1574]
10, 0, 38.57, [520, 1347]
10, 1, 38.56, [520, 336]
10, 2, 38.54, [520, 336]
10, 3, 36.81, [520, 1289]
10, 4, 35.06, [520, 320]
10, 5, 24.47, [2846, 483]
10, 6, 8.16, [816, 1347]
10, 7, 7.0, [1514, 450]
10, 8, 5.0, [819, 731]
10, 9, 3.0, [798, 902]
