n_nodes,influence,n0,n1,n2,n3,n4
5,1563.7800,71399,44,375,770,766
5,1539.8600,71399,44,375,770,766
5,1522.2300,71399,44,375,4092,766
5,1508.9700,71399,44,375,4092,766
5,1508.9700,71399,44,375,4092,766
5,1508.9700,71399,44,375,4092,766
5,1508.0700,71399,44,375,4092,766
5,1507.5900,71399,44,375,4092,766
5,1507.2700,71399,44,375,4092,766
5,1505.2900,71399,44,375,4092,766
5,1504.6200,71399,44,375,4092,766
5,1502.8900,71399,44,375,4092,766
5,1501.2900,71399,44,375,4092,766
5,1501.2900,71399,44,375,4092,766
5,1500.6100,71399,44,375,4092,766
5,1500.6100,71399,44,375,4092,766
5,1498.2600,71399,44,375,4092,766
5,1496.4100,71399,44,375,4092,766
5,1496.1900,71399,44,375,4092,766
5,1495.9800,71399,44,375,4092,766
5,1495.9800,71399,44,375,4092,766
5,1495.9800,71399,44,375,4092,766
5,1495.9800,71399,44,375,4092,766
5,1495.9800,71399,44,375,4092,766
5,1495.9800,71399,44,375,4092,766
5,1495.9800,71399,44,375,4092,766
5,1495.9800,71399,44,375,4092,766
5,1495.9800,71399,44,375,4092,766
5,1495.9800,71399,44,375,4092,766
5,1495.9800,71399,44,375,4092,766
5,1495.9800,71399,44,375,4092,766
5,1495.9800,71399,44,375,4092,766
