n_nodes,influence,n0,n1,n2,n3,n4,n5,n6,n7,n8,n9
10,44.3600,2560,6181,3965,6987,1197,7245,5524,6038,3449,6907
10,43.6400,2560,5524,6184,6987,1197,7245,6038,3449,6907,6181
10,43.0100,2560,5524,6184,6987,1197,7245,6038,3449,6907,3583
10,43.0100,2560,5524,6184,6987,1197,7245,6038,3449,6907,3583
10,43.0100,2560,5524,6184,6987,1197,7245,6038,3449,6907,3583
10,43.0100,2560,5524,6184,6987,1197,7245,6038,3449,6907,3583
10,43.0000,2560,6184,6987,1197,7245,5524,8038,3449,6907,2334
10,42.9500,2560,5524,2066,969,1197,7245,6038,3449,6907,3583
10,42.8300,2560,5524,6184,6987,1197,7245,6038,3449,6907,2334
10,42.8300,2560,5524,6184,6987,1197,7245,6038,3449,6907,2334
10,42.8300,2560,5524,6184,6987,1197,7245,6038,3449,6907,2334
10,42.5000,2560,5524,6184,6987,1197,7245,6038,3449,6907,3583
10,42.2100,2560,5524,2066,969,1197,7245,6038,3449,6907,6181
10,41.9300,2560,5524,6184,6987,1197,7245,6038,3449,6907,6181
10,41.8200,2560,6184,6987,7614,7245,5524,6038,3449,6907,3583
10,41.8100,2560,5524,6184,6987,1197,7245,6038,3449,6907,6181
10,41.4500,2560,5524,2066,969,1197,7245,6038,3449,6907,6181
10,41.4500,2560,5524,2066,969,1197,7245,6038,3449,6907,6181
10,41.3500,2560,5524,6184,6987,1197,7245,6038,3449,6907,6181
10,41.3500,2560,5524,6184,6987,1197,7245,6038,3449,6907,6181
10,41.3500,2560,5524,6184,6987,1197,7245,6038,3449,6907,6181
10,41.3500,2560,5524,6184,6987,1197,7245,6038,3449,6907,6181
10,41.3500,2560,5524,6184,6987,1197,7245,6038,3449,6907,6181
10,41.3500,2560,5524,6184,6987,1197,7245,6038,3449,6907,6181
10,41.3500,2560,5524,6184,6987,1197,7245,6038,3449,6907,6181
10,41.3500,2560,5524,6184,6987,1197,7245,6038,3449,6907,6181
10,41.3500,2560,5524,6184,6987,1197,7245,6038,3449,6907,6181
10,39.1100,2560,6184,6987,1197,7245,5524,6038,3449,6123,2334
10,39.0300,2560,5524,6184,6987,1197,6038,3026,3257,6907,2334
10,38.7500,3257,6500,3942,6184,1772,3026,2411,3449,6907,2334
10,38.3800,2560,6181,6184,6987,1197,7245,5524,6038,3449,1097
10,37.0000,2560,5524,6184,6987,1197,7245,3026,3257,6907,2334
