generation number, pop_size, worst, best, median, avg, std, diversity, improvement, number_of_selections
0, 10, 3.03, 3.18, 3.0949999999999998, 3.098, 0.042614551505325074,0.9851851851851852,0,[1.e-300]
1, 10, 3.07, 3.18, 3.115, 3.12, 0.03605551275463996,0.8814814814814815,0.0,[10.]
2, 10, 3.08, 3.19, 3.13, 3.1350000000000002, 0.036400549446402634,0.7851851851851852,0.0031446540880502474,[20.]
3, 10, 3.05, 3.19, 3.125, 3.1229999999999998, 0.04428317965096907,0.8074074074074074,0.0,[30.]
4, 10, 3.06, 3.2, 3.13, 3.1350000000000002, 0.043416586692184844,0.7555555555555555,0.0031347962382445864,[40.]
5, 10, 3.09, 3.2, 3.11, 3.125, 0.03667424164178457,0.7925925925925926,0.0,[50.]
6, 10, 3.07, 3.2, 3.145, 3.1380000000000003, 0.04166533331199934,0.6888888888888889,0.0,[60.]
7, 10, 3.11, 3.2, 3.14, 3.143, 0.03001666203960731,0.6444444444444445,0.0,[70.]
8, 10, 3.05, 3.2, 3.125, 3.1260000000000003, 0.04498888751680804,0.7037037037037037,0.0,[80.]
9, 10, 3.04, 3.2, 3.08, 3.0989999999999998, 0.051662365412357976,0.8962962962962963,0.0,[90.]
10, 10, 3.04, 3.2, 3.125, 3.127, 0.05586591089385369,0.7777777777777778,0.0,[100.]
