generation number, pop_size, worst, best, median, avg, std, diversity, improvement, number_of_selections
0, 10, 2.0, 2.05, 2.03, 2.029, 0.01813835714721699,0.9888888888888889,0,[1.e-300]
1, 10, 2.05, 2.09, 2.0549999999999997, 2.062, 0.014000000000000038,0.9333333333333333,0.019512195121951237,[1.e-300]
2, 10, 2.05, 2.11, 2.08, 2.081, 0.018681541692269394,0.9111111111111111,0.00956937799043063,[1.e-300]
3, 10, 2.05, 2.13, 2.0949999999999998, 2.09, 0.026832815729997486,0.9555555555555556,0.009478672985782,[1.e-300]
4, 10, 2.05, 2.14, 2.1, 2.1029999999999998, 0.026095976701399824,0.8777777777777778,0.004694835680751282,[1.e-300]
5, 10, 2.04, 2.14, 2.075, 2.082, 0.03091924966748065,0.9,0.0,[1.e-300]
6, 10, 2.05, 2.14, 2.1, 2.0940000000000003, 0.03006659275674586,0.8777777777777778,0.0,[1.e-300]
7, 10, 2.05, 2.14, 2.07, 2.081, 0.02913760456866695,0.9,0.0,[1.e-300]
8, 10, 2.06, 2.14, 2.08, 2.0869999999999997, 0.02685144316419509,0.9444444444444444,0.0,[1.e-300]
9, 10, 2.04, 2.14, 2.0700000000000003, 2.083, 0.03318132004607412,0.9111111111111111,0.0,[1.e-300]
10, 10, 2.05, 2.14, 2.0949999999999998, 2.098, 0.02925747767665565,0.8888888888888888,0.0,[1.e-300]
