generation number, individual number, fitness, candidate
0, 0, 3.18, [285, 56239, 821]
0, 1, 3.16, [150015, 89, 73703]
0, 2, 3.14, [89, 1060, 148118]
0, 3, 3.13, [33297, 1061, 282]
0, 4, 3.08, [70639, 1061, 823]
0, 5, 3.08, [6376, 56241, 821]
0, 6, 3.07, [80656, 70639, 66167]
0, 7, 3.07, [62858, 113172, 80662]
0, 8, 3.05, [70639, 71858, 221360]
0, 9, 3.02, [67331, 67332, 113173]
1, 0, 3.21, [285, 62858, 821]
1, 1, 3.2, [90, 56239, 821]
1, 2, 3.19, [148118, 89, 821]
1, 3, 3.18, [285, 56239, 821]
1, 4, 3.16, [150015, 89, 73703]
1, 5, 3.14, [283, 284, 150015]
1, 6, 3.14, [285, 56241, 821]
1, 7, 3.13, [285, 62858, 73703]
1, 8, 3.13, [150655, 89, 821]
1, 9, 3.13, [90, 1061, 821]
2, 0, 3.25, [90, 66169, 821]
2, 1, 3.21, [285, 62858, 821]
2, 2, 3.2, [285, 56239, 87]
2, 3, 3.2, [90, 56239, 821]
2, 4, 3.16, [284, 62858, 821]
2, 5, 3.13, [65899, 98062, 86]
2, 6, 3.11, [285, 56239, 134362]
2, 7, 3.1, [285, 148118, 821]
2, 8, 3.09, [90, 89, 821]
2, 9, 3.09, [283, 62858, 80450]
3, 0, 3.26, [285, 66169, 86]
3, 1, 3.25, [90, 66169, 821]
3, 2, 3.21, [285, 62858, 821]
3, 3, 3.19, [282, 66169, 87]
3, 4, 3.16, [66169, 150654, 86]
3, 5, 3.16, [286, 56239, 87]
3, 6, 3.15, [90, 98062, 87]
3, 7, 3.15, [90, 56237, 821]
3, 8, 3.14, [90, 66169, 150655]
3, 9, 3.14, [285, 56237, 821]
4, 0, 3.26, [285, 66169, 86]
4, 1, 3.25, [90, 66169, 821]
4, 2, 3.16, [283, 66169, 86]
4, 3, 3.16, [90, 62858, 86]
4, 4, 3.15, [150654, 113173, 284]
4, 5, 3.13, [285, 56241, 86]
4, 6, 3.12, [10375, 66169, 98063]
4, 7, 3.11, [285, 66169, 823]
4, 8, 3.1, [285, 62858, 821]
4, 9, 3.1, [285, 56240, 821]
5, 0, 3.26, [285, 66169, 86]
5, 1, 3.25, [90, 66169, 821]
5, 2, 3.13, [283, 98062, 89]
5, 3, 3.12, [283, 66169, 821]
5, 4, 3.12, [90, 62858, 86]
5, 5, 3.11, [285, 282, 66059]
5, 6, 3.1, [11387, 66169, 14223]
5, 7, 3.1, [1062, 66169, 821]
5, 8, 3.08, [90, 66169, 284]
5, 9, 3.07, [285, 62858, 134362]
6, 0, 3.26, [285, 66169, 86]
6, 1, 3.25, [90, 66169, 821]
6, 2, 3.2, [285, 66169, 150653]
6, 3, 3.15, [11387, 66169, 821]
6, 4, 3.15, [285, 66169, 86]
6, 5, 3.14, [90, 66166, 86]
6, 6, 3.12, [90, 150015, 86]
6, 7, 3.11, [285, 66169, 86]
6, 8, 3.1, [285, 56240, 821]
6, 9, 3.09, [80450, 66169, 113172]
7, 0, 3.26, [285, 66169, 86]
7, 1, 3.25, [90, 66169, 821]
7, 2, 3.21, [285, 66169, 90]
7, 3, 3.16, [1060, 150654, 86]
7, 4, 3.15, [282, 66169, 821]
7, 5, 3.13, [282, 66169, 86]
7, 6, 3.11, [90, 66169, 86]
7, 7, 3.1, [285, 150653, 56239]
7, 8, 3.09, [285, 66166, 1061]
7, 9, 3.08, [46, 66166, 98063]
8, 0, 3.26, [285, 66169, 86]
8, 1, 3.25, [90, 66169, 821]
8, 2, 3.23, [285, 66169, 150654]
8, 3, 3.16, [150653, 100141, 86]
8, 4, 3.14, [90, 66169, 150655]
8, 5, 3.13, [90, 100141, 33297]
8, 6, 3.13, [90, 66169, 821]
8, 7, 3.12, [11388, 66169, 86]
8, 8, 3.12, [65897, 12067, 823]
8, 9, 3.11, [282, 1060, 86]
9, 0, 3.26, [285, 66169, 86]
9, 1, 3.25, [90, 66169, 821]
9, 2, 3.19, [285, 66169, 73700]
9, 3, 3.18, [284, 66169, 33300]
9, 4, 3.18, [285, 65901, 88]
9, 5, 3.18, [285, 56241, 821]
9, 6, 3.14, [284, 66169, 86]
9, 7, 3.11, [118606, 65901, 821]
9, 8, 3.1, [90, 66169, 150652]
9, 9, 3.1, [285, 62858, 821]
10, 0, 3.26, [285, 66169, 86]
10, 1, 3.25, [90, 66169, 821]
10, 2, 3.16, [89, 284, 86]
10, 3, 3.16, [56241, 80656, 86]
10, 4, 3.15, [73703, 66169, 66171]
10, 5, 3.13, [285, 150655, 823]
10, 6, 3.11, [90, 66169, 88]
10, 7, 3.1, [11387, 150655, 86]
10, 8, 3.09, [1062, 66169, 86]
10, 9, 3.07, [285, 66169, 33297]
11, 0, 3.26, [285, 66169, 86]
11, 1, 3.25, [90, 66169, 821]
11, 2, 3.21, [283, 284, 86]
11, 3, 3.18, [90, 66169, 821]
11, 4, 3.18, [90, 1061, 86]
11, 5, 3.17, [90, 150652, 821]
11, 6, 3.15, [285, 66169, 823]
11, 7, 3.14, [285, 56241, 150654]
11, 8, 3.12, [1060, 11387, 66171]
11, 9, 3.11, [285, 80661, 86]
12, 0, 3.26, [285, 66169, 86]
12, 1, 3.25, [90, 66169, 821]
12, 2, 3.18, [286, 1061, 821]
12, 3, 3.16, [221360, 66169, 86]
12, 4, 3.15, [65901, 66169, 86]
12, 5, 3.14, [90, 1061, 86]
12, 6, 3.13, [285, 90, 86]
12, 7, 3.12, [11388, 66167, 284]
12, 8, 3.1, [90, 66169, 46]
12, 9, 3.09, [283, 56240, 86]
13, 0, 3.26, [285, 66169, 86]
13, 1, 3.25, [90, 66169, 821]
13, 2, 3.17, [118606, 1061, 86]
13, 3, 3.13, [285, 91276, 150655]
13, 4, 3.13, [286, 66169, 90]
13, 5, 3.12, [285, 821, 66169]
13, 6, 3.12, [285, 66169, 823]
13, 7, 3.1, [285, 65901, 86]
13, 8, 3.1, [285, 1061, 823]
13, 9, 3.09, [87, 66169, 70638]
14, 0, 3.26, [285, 66169, 86]
14, 1, 3.25, [90, 66169, 821]
14, 2, 3.2, [90, 127089, 73703]
14, 3, 3.16, [90, 66169, 821]
14, 4, 3.15, [90, 56240, 86]
14, 5, 3.13, [285, 66169, 823]
14, 6, 3.13, [90, 66169, 150653]
14, 7, 3.12, [90, 66169, 88]
14, 8, 3.09, [90, 66169, 821]
14, 9, 3.09, [56239, 62858, 95674]
15, 0, 3.26, [285, 66169, 86]
15, 1, 3.25, [90, 66169, 821]
15, 2, 3.19, [56240, 66169, 150652]
15, 3, 3.18, [90, 66169, 73700]
15, 4, 3.16, [285, 66169, 86]
15, 5, 3.14, [282, 66169, 86]
15, 6, 3.13, [123524, 66169, 86]
15, 7, 3.13, [283, 66169, 86]
15, 8, 3.13, [285, 56240, 821]
15, 9, 3.12, [283, 66169, 86]
16, 0, 3.26, [285, 66169, 86]
16, 1, 3.25, [90, 66169, 821]
16, 2, 3.21, [87, 66169, 282]
16, 3, 3.17, [285, 66169, 12067]
16, 4, 3.15, [56240, 66169, 88]
16, 5, 3.14, [90, 100140, 86]
16, 6, 3.12, [113172, 66169, 86]
16, 7, 3.12, [285, 66169, 148118]
16, 8, 3.11, [283, 66169, 86]
16, 9, 3.1, [285, 150654, 73700]
17, 0, 3.26, [285, 66169, 86]
17, 1, 3.25, [90, 66169, 821]
17, 2, 3.2, [286, 66169, 12067]
17, 3, 3.18, [86, 66169, 12067]
17, 4, 3.17, [90, 66169, 86]
17, 5, 3.16, [90, 66169, 282]
17, 6, 3.12, [285, 66167, 221360]
17, 7, 3.11, [90, 62858, 86]
17, 8, 3.11, [46, 66169, 86]
17, 9, 3.1, [285, 56241, 80450]
18, 0, 3.26, [285, 66169, 86]
18, 1, 3.25, [90, 66169, 821]
18, 2, 3.18, [286, 66169, 86]
18, 3, 3.14, [90, 62858, 86]
18, 4, 3.11, [90, 66169, 88]
18, 5, 3.1, [285, 56241, 821]
18, 6, 3.1, [6376, 66169, 46]
18, 7, 3.09, [90, 66169, 821]
18, 8, 3.09, [56240, 66169, 821]
18, 9, 3.09, [86, 66169, 80656]
19, 0, 3.26, [285, 66169, 86]
19, 1, 3.25, [90, 66169, 821]
19, 2, 3.22, [285, 66169, 86]
19, 3, 3.15, [90, 66169, 87]
19, 4, 3.15, [279, 66169, 148118]
19, 5, 3.14, [282, 66169, 821]
19, 6, 3.12, [100140, 56241, 150015]
19, 7, 3.1, [282, 66169, 821]
19, 8, 3.1, [90, 66169, 12067]
19, 9, 3.1, [284, 66169, 86]
20, 0, 3.26, [285, 66169, 86]
20, 1, 3.25, [90, 66169, 821]
20, 2, 3.17, [98062, 66169, 56237]
20, 3, 3.14, [90, 66169, 89]
20, 4, 3.14, [90, 33297, 821]
20, 5, 3.13, [283, 66169, 80450]
20, 6, 3.13, [285, 282, 281]
20, 7, 3.12, [282, 11388, 86]
20, 8, 3.12, [148118, 66167, 56237]
20, 9, 3.11, [285, 66169, 86]
21, 0, 3.26, [285, 66169, 86]
21, 1, 3.25, [90, 66169, 821]
21, 2, 3.18, [285, 66169, 823]
21, 3, 3.17, [285, 56241, 821]
21, 4, 3.16, [284, 66169, 86]
21, 5, 3.16, [86, 66169, 821]
21, 6, 3.15, [282, 66169, 86]
21, 7, 3.13, [285, 67331, 821]
21, 8, 3.12, [283, 66169, 86]
21, 9, 3.11, [90, 66166, 86]
22, 0, 3.26, [285, 66169, 86]
22, 1, 3.25, [90, 66169, 821]
22, 2, 3.15, [285, 66169, 86]
22, 3, 3.14, [283, 66169, 86]
22, 4, 3.13, [823, 66169, 88]
22, 5, 3.12, [113173, 66169, 148118]
22, 6, 3.11, [283, 66169, 823]
22, 7, 3.1, [86, 98062, 283]
22, 8, 3.09, [95674, 56240, 86]
22, 9, 3.08, [285, 66169, 14223]
23, 0, 3.26, [285, 66169, 86]
23, 1, 3.25, [90, 66169, 821]
23, 2, 3.21, [90, 62858, 86]
23, 3, 3.18, [88, 66169, 821]
23, 4, 3.17, [284, 66169, 86]
23, 5, 3.13, [86, 66169, 821]
23, 6, 3.09, [90, 113173, 86]
23, 7, 3.09, [56241, 66169, 86]
23, 8, 3.08, [285, 66169, 823]
23, 9, 3.07, [283, 67331, 821]
24, 0, 3.26, [285, 66169, 86]
24, 1, 3.25, [90, 66169, 821]
24, 2, 3.17, [285, 66169, 86]
24, 3, 3.14, [284, 66169, 823]
24, 4, 3.13, [284, 66169, 86]
24, 5, 3.13, [90, 80656, 86]
24, 6, 3.12, [65899, 66169, 86]
24, 7, 3.11, [90, 56240, 86]
24, 8, 3.11, [90, 56241, 821]
24, 9, 3.1, [285, 56241, 821]
25, 0, 3.26, [285, 66169, 86]
25, 1, 3.25, [90, 66169, 821]
25, 2, 3.19, [285, 66169, 821]
25, 3, 3.16, [90, 66169, 821]
25, 4, 3.14, [284, 66169, 88]
25, 5, 3.14, [98062, 66169, 86]
25, 6, 3.12, [286, 66169, 86]
25, 7, 3.11, [285, 127089, 280]
25, 8, 3.1, [285, 67331, 823]
25, 9, 3.1, [283, 66169, 823]
26, 0, 3.26, [285, 66169, 86]
26, 1, 3.25, [90, 66169, 821]
26, 2, 3.17, [285, 66169, 823]
26, 3, 3.15, [1060, 66169, 62858]
26, 4, 3.13, [283, 66169, 86]
26, 5, 3.12, [90, 66169, 46]
26, 6, 3.11, [90, 66169, 46]
26, 7, 3.09, [86, 66169, 821]
26, 8, 3.09, [91276, 66169, 821]
26, 9, 3.09, [285, 66169, 88]
27, 0, 3.26, [285, 66169, 86]
27, 1, 3.25, [90, 66169, 821]
27, 2, 3.19, [86, 66169, 88]
27, 3, 3.15, [285, 66169, 86]
27, 4, 3.12, [283, 66169, 821]
27, 5, 3.09, [285, 66169, 86]
27, 6, 3.09, [281, 80450, 150015]
27, 7, 3.09, [285, 66166, 821]
27, 8, 3.08, [33300, 62858, 56237]
27, 9, 3.06, [6376, 66169, 221360]
28, 0, 3.26, [285, 66169, 86]
28, 1, 3.25, [90, 66169, 821]
28, 2, 3.18, [282, 66169, 46]
28, 3, 3.16, [283, 11387, 86]
28, 4, 3.14, [285, 1061, 86]
28, 5, 3.13, [90, 56241, 86]
28, 6, 3.11, [113172, 66169, 11926]
28, 7, 3.1, [285, 113172, 150655]
28, 8, 3.08, [285, 66169, 823]
28, 9, 3.08, [282, 98063, 80656]
29, 0, 3.26, [285, 66169, 86]
29, 1, 3.25, [90, 66169, 821]
29, 2, 3.2, [1060, 66169, 86]
29, 3, 3.19, [285, 62858, 46]
29, 4, 3.17, [282, 11388, 86]
29, 5, 3.17, [285, 66169, 823]
29, 6, 3.14, [283, 66169, 91276]
29, 7, 3.13, [90, 62858, 86]
29, 8, 3.13, [285, 284, 33297]
29, 9, 3.12, [66167, 66169, 71858]
30, 0, 3.33, [150654, 56240, 86]
30, 1, 3.26, [285, 66169, 86]
30, 2, 3.25, [90, 66169, 821]
30, 3, 3.16, [11388, 33296, 88]
30, 4, 3.12, [90, 66169, 113172]
30, 5, 3.12, [98062, 66169, 1060]
30, 6, 3.11, [285, 56241, 281]
30, 7, 3.1, [100141, 118606, 86]
30, 8, 3.09, [90, 12067, 86]
30, 9, 3.09, [65901, 66169, 89]
31, 0, 3.33, [150654, 56240, 86]
31, 1, 3.26, [285, 66169, 86]
31, 2, 3.25, [90, 56240, 89]
31, 3, 3.21, [90, 62858, 86]
31, 4, 3.16, [150655, 66169, 821]
31, 5, 3.15, [150652, 56239, 88]
31, 6, 3.14, [150654, 56241, 821]
31, 7, 3.13, [33296, 80656, 86]
31, 8, 3.12, [11388, 56240, 90]
31, 9, 3.08, [150654, 33296, 279]
32, 0, 3.33, [150654, 56240, 86]
32, 1, 3.26, [285, 66169, 86]
32, 2, 3.15, [150654, 98063, 86]
32, 3, 3.14, [150654, 150652, 89]
32, 4, 3.13, [90, 56240, 89]
32, 5, 3.13, [282, 56240, 86]
32, 6, 3.12, [95674, 1060, 86]
32, 7, 3.11, [285, 80662, 62858]
32, 8, 3.1, [284, 286, 80662]
32, 9, 3.1, [100141, 286, 86]
33, 0, 3.33, [150654, 56240, 86]
33, 1, 3.26, [285, 66169, 86]
33, 2, 3.22, [150654, 56240, 86]
33, 3, 3.2, [285, 56240, 90]
33, 4, 3.17, [285, 56240, 14223]
33, 5, 3.15, [150654, 56240, 86]
33, 6, 3.14, [150654, 56241, 86]
33, 7, 3.14, [65901, 98063, 86]
33, 8, 3.12, [285, 56240, 80656]
33, 9, 3.11, [150654, 56241, 86]
34, 0, 3.33, [150654, 56240, 86]
34, 1, 3.26, [285, 66169, 86]
34, 2, 3.21, [150654, 66169, 284]
34, 3, 3.16, [150654, 56241, 86]
34, 4, 3.15, [150654, 90, 86]
34, 5, 3.14, [285, 56240, 89]
34, 6, 3.14, [1062, 56240, 86]
34, 7, 3.12, [127089, 150653, 86]
34, 8, 3.12, [56239, 66166, 62858]
34, 9, 3.09, [821, 56240, 86]
35, 0, 3.33, [150654, 56240, 86]
35, 1, 3.26, [285, 66169, 86]
35, 2, 3.22, [150652, 66169, 86]
35, 3, 3.19, [285, 148118, 86]
35, 4, 3.18, [150654, 62858, 86]
35, 5, 3.16, [150654, 66169, 88]
35, 6, 3.16, [285, 56240, 90]
35, 7, 3.14, [285, 56241, 113173]
35, 8, 3.13, [80662, 56241, 86]
35, 9, 3.13, [150652, 66169, 86]
36, 0, 3.33, [150654, 56240, 86]
36, 1, 3.26, [285, 66169, 86]
36, 2, 3.22, [150654, 66169, 89]
36, 3, 3.17, [150655, 66169, 86]
36, 4, 3.15, [150654, 127089, 86]
36, 5, 3.13, [150652, 66169, 86]
36, 6, 3.13, [285, 66169, 86]
36, 7, 3.13, [285, 66169, 90]
36, 8, 3.12, [150652, 821, 86]
36, 9, 3.09, [285, 66169, 86]
37, 0, 3.33, [150654, 56240, 86]
37, 1, 3.26, [285, 66169, 86]
37, 2, 3.19, [150652, 56240, 86]
37, 3, 3.15, [150654, 56240, 86]
37, 4, 3.15, [285, 66169, 56240]
37, 5, 3.15, [150655, 113172, 88]
37, 6, 3.12, [156909, 56241, 118606]
37, 7, 3.12, [150654, 66169, 33296]
37, 8, 3.11, [150654, 66169, 90]
37, 9, 3.1, [33300, 56240, 86]
38, 0, 3.33, [150654, 56240, 86]
38, 1, 3.26, [285, 66169, 86]
38, 2, 3.17, [150654, 66166, 86]
38, 3, 3.16, [150655, 56239, 86]
38, 4, 3.15, [285, 56239, 86]
38, 5, 3.15, [80450, 56240, 86]
38, 6, 3.14, [150015, 66169, 86]
38, 7, 3.13, [285, 62858, 86]
38, 8, 3.12, [283, 56240, 86]
38, 9, 3.11, [148118, 113172, 88]
39, 0, 3.33, [150654, 56240, 86]
39, 1, 3.26, [285, 66169, 86]
39, 2, 3.23, [150652, 56240, 86]
39, 3, 3.18, [285, 66170, 86]
39, 4, 3.16, [90, 56240, 86]
39, 5, 3.14, [1062, 56240, 86]
39, 6, 3.11, [150654, 66169, 46]
39, 7, 3.1, [98063, 66169, 86]
39, 8, 3.08, [33300, 66166, 11926]
39, 9, 3.08, [150654, 56239, 89]
40, 0, 3.33, [150654, 56240, 86]
40, 1, 3.26, [285, 66169, 86]
40, 2, 3.24, [90, 56240, 86]
40, 3, 3.17, [285, 56240, 87]
40, 4, 3.16, [150654, 86, 88]
40, 5, 3.15, [150652, 134362, 88]
40, 6, 3.12, [285, 56240, 90]
40, 7, 3.11, [150652, 66169, 87]
40, 8, 3.07, [150654, 66166, 86]
40, 9, 3.07, [150654, 67331, 86]
41, 0, 3.33, [150654, 56240, 86]
41, 1, 3.26, [285, 66169, 86]
41, 2, 3.15, [285, 279, 86]
41, 3, 3.13, [150652, 56240, 86]
41, 4, 3.11, [73703, 281, 90]
41, 5, 3.11, [65897, 91277, 86]
41, 6, 3.11, [67332, 56241, 86]
41, 7, 3.08, [150654, 66169, 284]
41, 8, 3.07, [150654, 91276, 87]
41, 9, 3.06, [80662, 56240, 282]
42, 0, 3.33, [150654, 56240, 86]
42, 1, 3.26, [285, 66169, 86]
42, 2, 3.16, [150655, 56240, 88]
42, 3, 3.12, [148118, 91277, 86]
42, 4, 3.11, [33296, 56240, 86]
42, 5, 3.1, [150654, 80662, 88]
42, 6, 3.1, [134365, 66169, 86]
42, 7, 3.08, [98062, 67331, 86]
42, 8, 3.08, [150654, 56241, 14223]
42, 9, 3.08, [150654, 91276, 12067]
43, 0, 3.33, [150654, 56240, 86]
43, 1, 3.26, [285, 66169, 86]
43, 2, 3.2, [148118, 283, 86]
43, 3, 3.18, [150655, 56240, 89]
43, 4, 3.15, [150654, 56240, 279]
43, 5, 3.12, [127089, 91277, 56237]
43, 6, 3.1, [150654, 66169, 88]
43, 7, 3.08, [150654, 66169, 87]
43, 8, 3.07, [33297, 1060, 134362]
43, 9, 3.07, [33300, 67332, 86]
44, 0, 3.33, [150654, 56240, 86]
44, 1, 3.26, [285, 66169, 86]
44, 2, 3.22, [150654, 56240, 86]
44, 3, 3.2, [150652, 66169, 86]
44, 4, 3.19, [150654, 56240, 284]
44, 5, 3.17, [150652, 283, 86]
44, 6, 3.15, [285, 56240, 90]
44, 7, 3.14, [148118, 56239, 86]
44, 8, 3.13, [285, 56240, 89]
44, 9, 3.12, [285, 62858, 86]
45, 0, 3.33, [150654, 56240, 86]
45, 1, 3.26, [285, 66169, 86]
45, 2, 3.22, [33297, 71858, 86]
45, 3, 3.19, [285, 56237, 86]
45, 4, 3.18, [150654, 67331, 86]
45, 5, 3.13, [91276, 284, 86]
45, 6, 3.13, [156909, 66169, 86]
45, 7, 3.12, [67332, 66170, 86]
45, 8, 3.12, [285, 56240, 12067]
45, 9, 3.1, [285, 87, 86]
46, 0, 3.33, [150654, 56240, 86]
46, 1, 3.26, [285, 66169, 86]
46, 2, 3.21, [285, 56240, 286]
46, 3, 3.18, [86, 56240, 281]
46, 4, 3.16, [285, 56240, 46]
46, 5, 3.13, [150654, 66169, 87]
46, 6, 3.13, [90, 56240, 86]
46, 7, 3.13, [150652, 56240, 87]
46, 8, 3.12, [150015, 66169, 86]
46, 9, 3.11, [150654, 66169, 89]
47, 0, 3.33, [150654, 56240, 86]
47, 1, 3.26, [285, 66169, 86]
47, 2, 3.2, [285, 66169, 86]
47, 3, 3.17, [150654, 66169, 89]
47, 4, 3.16, [285, 66169, 86]
47, 5, 3.16, [285, 56240, 89]
47, 6, 3.15, [285, 56240, 90]
47, 7, 3.14, [150654, 67331, 86]
47, 8, 3.13, [150015, 66169, 86]
47, 9, 3.12, [285, 66169, 90]
48, 0, 3.33, [150654, 56240, 86]
48, 1, 3.26, [285, 66169, 86]
48, 2, 3.19, [65897, 66169, 86]
48, 3, 3.18, [285, 150655, 86]
48, 4, 3.17, [150652, 66169, 86]
48, 5, 3.16, [150654, 11388, 86]
48, 6, 3.15, [285, 66169, 46]
48, 7, 3.14, [113172, 56237, 56240]
48, 8, 3.13, [150015, 113173, 86]
48, 9, 3.12, [33300, 56237, 86]
49, 0, 3.33, [150654, 56240, 86]
49, 1, 3.26, [285, 66169, 86]
49, 2, 3.18, [150654, 113173, 284]
49, 3, 3.18, [285, 12067, 86]
49, 4, 3.17, [150654, 66169, 90]
49, 5, 3.15, [150654, 150655, 90]
49, 6, 3.14, [285, 56240, 66167]
49, 7, 3.14, [31634, 56240, 86]
49, 8, 3.14, [150654, 221360, 86]
49, 9, 3.14, [11388, 123524, 127089]
50, 0, 3.33, [150654, 56240, 86]
50, 1, 3.26, [285, 66169, 86]
50, 2, 3.17, [150654, 282, 66169]
50, 3, 3.16, [150654, 70638, 86]
50, 4, 3.15, [285, 66169, 66059]
50, 5, 3.12, [150015, 56240, 284]
50, 6, 3.12, [150654, 80656, 278]
50, 7, 3.12, [65897, 113173, 98063]
50, 8, 3.11, [150654, 113173, 46]
50, 9, 3.09, [285, 11387, 87]
