n_nodes,influence,n0,n1,n2,n3,n4
5,23.5700,19903,208959,29002,72024,238548
5,23.5700,19903,208959,29002,72024,238548
5,23.5700,19903,208959,29002,72024,238548
5,23.5700,19903,208959,29002,72024,238548
5,23.5700,19903,208959,29002,72024,238548
5,23.5700,19903,208959,29002,72024,238548
5,23.5700,19903,208959,29002,72024,238548
5,23.5700,19903,208959,29002,72024,238548
5,23.5700,19903,208959,29002,72024,238548
5,23.5700,19903,208959,29002,72024,238548
5,23.5700,19903,29002,238548,72024,5365
5,23.5700,19903,208959,29002,72024,238548
5,23.5700,19903,208959,29002,72024,238548
5,23.5700,19903,29002,238548,72024,32467
5,23.5700,19903,208959,29002,72024,238548
5,23.5700,19903,208959,29002,72024,238548
5,23.5700,19903,208959,29002,72024,238548
5,23.5700,19903,208959,29002,72024,238548
5,23.5700,19903,208959,29002,72024,238548
5,23.5700,19903,208959,29002,72024,238548
5,23.5700,19903,208959,29002,72024,238548
5,23.5700,19903,208959,29002,72024,238548
5,23.5700,19903,208959,29002,72024,238548
5,23.5700,19903,208959,29002,72024,238548
5,23.5700,19903,208959,29002,72024,238548
5,23.5700,19903,208959,29002,72024,238548
5,23.5700,19903,208959,29002,72024,238548
5,23.5700,19903,208959,29002,72024,238548
5,23.5700,19903,208959,29002,72024,238548
5,23.5700,19903,208959,29002,72024,238548
5,23.5700,19903,208959,29002,72024,238548
5,23.5700,19903,208959,29002,72024,238548
