generation number, individual number, fitness, candidate
0, 0, 3.15, [295, 81, 2597]
0, 1, 3.11, [193, 279, 295]
0, 2, 3.1, [277, 261, 3716]
0, 3, 3.1, [159, 2712, 250]
0, 4, 3.09, [274, 279, 295]
0, 5, 3.08, [154, 2596, 77]
0, 6, 3.06, [98, 2513, 222]
0, 7, 3.05, [219, 222, 2530]
0, 8, 3.04, [2711, 615, 278]
0, 9, 3.03, [102, 209, 269]
1, 0, 3.16, [193, 77, 295]
1, 1, 3.15, [295, 81, 2597]
1, 2, 3.11, [2512, 274, 2597]
1, 3, 3.11, [193, 279, 295]
1, 4, 3.08, [295, 81, 260]
1, 5, 3.08, [295, 1082, 3135]
1, 6, 3.06, [2530, 288, 2597]
1, 7, 3.05, [193, 2597, 876]
1, 8, 3.05, [250, 615, 2597]
1, 9, 3.04, [222, 259, 2512]
2, 0, 3.16, [193, 77, 295]
2, 1, 3.15, [295, 81, 2597]
2, 2, 3.14, [4849, 2597, 295]
2, 3, 3.14, [2512, 274, 295]
2, 4, 3.1, [263, 2514, 283]
2, 5, 3.09, [4849, 279, 295]
2, 6, 3.08, [193, 149, 295]
2, 7, 3.08, [295, 81, 76]
2, 8, 3.05, [295, 81, 76]
2, 9, 3.04, [193, 2597, 283]
3, 0, 3.16, [193, 77, 295]
3, 1, 3.15, [2512, 240, 295]
3, 2, 3.15, [193, 159, 295]
3, 3, 3.15, [295, 81, 2597]
3, 4, 3.11, [2711, 274, 295]
3, 5, 3.11, [2513, 2597, 295]
3, 6, 3.09, [295, 541, 274]
3, 7, 3.09, [250, 81, 77]
3, 8, 3.08, [4849, 77, 2513]
3, 9, 3.06, [193, 2597, 316]
4, 0, 3.16, [259, 77, 295]
4, 1, 3.16, [193, 77, 295]
4, 2, 3.15, [295, 343, 77]
4, 3, 3.15, [2512, 240, 295]
4, 4, 3.11, [193, 277, 295]
4, 5, 3.11, [4849, 2597, 295]
4, 6, 3.09, [2530, 81, 77]
4, 7, 3.08, [220, 2597, 295]
4, 8, 3.08, [4849, 2597, 295]
4, 9, 3.07, [283, 81, 77]
5, 0, 3.16, [259, 77, 295]
5, 1, 3.16, [193, 77, 295]
5, 2, 3.11, [81, 77, 91]
5, 3, 3.1, [2512, 77, 2530]
5, 4, 3.08, [193, 77, 541]
5, 5, 3.08, [1088, 295, 77]
5, 6, 3.03, [193, 2595, 303]
5, 7, 3.03, [259, 2712, 244]
5, 8, 3.02, [259, 240, 2513]
5, 9, 3.01, [259, 4849, 278]
6, 0, 3.18, [335, 77, 874]
6, 1, 3.16, [259, 77, 295]
6, 2, 3.16, [193, 77, 295]
6, 3, 3.15, [81, 1095, 295]
6, 4, 3.15, [193, 2596, 295]
6, 5, 3.12, [193, 77, 81]
6, 6, 3.08, [259, 76, 295]
6, 7, 3.07, [193, 77, 250]
6, 8, 3.05, [291, 77, 2525]
6, 9, 3.02, [193, 616, 250]
7, 0, 3.18, [335, 77, 874]
7, 1, 3.16, [259, 77, 295]
7, 2, 3.15, [193, 2764, 295]
7, 3, 3.12, [193, 77, 2770]
7, 4, 3.09, [1086, 77, 295]
7, 5, 3.08, [226, 77, 295]
7, 6, 3.08, [335, 274, 295]
7, 7, 3.07, [193, 77, 256]
7, 8, 3.07, [280, 2596, 295]
7, 9, 3.06, [193, 2764, 874]
8, 0, 3.18, [259, 77, 295]
8, 1, 3.18, [335, 77, 874]
8, 2, 3.17, [2599, 77, 295]
8, 3, 3.16, [259, 77, 295]
8, 4, 3.13, [280, 2764, 295]
8, 5, 3.12, [259, 77, 220]
8, 6, 3.1, [226, 77, 295]
8, 7, 3.09, [259, 77, 2762]
8, 8, 3.06, [259, 1086, 159]
8, 9, 3.06, [335, 154, 2770]
9, 0, 3.18, [259, 77, 295]
9, 1, 3.18, [335, 77, 874]
9, 2, 3.08, [2599, 274, 295]
9, 3, 3.08, [259, 2764, 874]
9, 4, 3.08, [3155, 220, 874]
9, 5, 3.07, [291, 77, 301]
9, 6, 3.05, [280, 874, 302]
9, 7, 3.05, [335, 77, 226]
9, 8, 3.04, [81, 250, 149]
9, 9, 3.04, [259, 77, 219]
10, 0, 3.18, [226, 77, 295]
10, 1, 3.18, [259, 77, 295]
10, 2, 3.18, [335, 77, 874]
10, 3, 3.17, [226, 77, 295]
10, 4, 3.13, [259, 2527, 295]
10, 5, 3.11, [280, 77, 874]
10, 6, 3.1, [335, 209, 874]
10, 7, 3.08, [335, 77, 876]
10, 8, 3.07, [2596, 277, 301]
10, 9, 3.06, [259, 77, 2770]
11, 0, 3.18, [226, 77, 295]
11, 1, 3.18, [259, 77, 295]
11, 2, 3.16, [259, 3716, 295]
11, 3, 3.12, [259, 77, 876]
11, 4, 3.11, [296, 266, 295]
11, 5, 3.1, [2764, 269, 303]
11, 6, 3.07, [226, 77, 2770]
11, 7, 3.07, [335, 77, 316]
11, 8, 3.06, [335, 615, 874]
11, 9, 3.03, [4602, 1069, 2156]
12, 0, 3.18, [226, 77, 295]
12, 1, 3.18, [259, 77, 295]
12, 2, 3.15, [191, 240, 295]
12, 3, 3.14, [297, 77, 295]
12, 4, 3.11, [259, 77, 283]
12, 5, 3.07, [259, 77, 876]
12, 6, 3.07, [226, 2770, 154]
12, 7, 3.06, [303, 76, 295]
12, 8, 3.06, [335, 1811, 2574]
12, 9, 3.04, [159, 283, 2515]
13, 0, 3.18, [226, 77, 295]
13, 1, 3.18, [259, 77, 295]
13, 2, 3.11, [154, 77, 295]
13, 3, 3.1, [191, 77, 2513]
13, 4, 3.1, [193, 77, 295]
13, 5, 3.1, [191, 2764, 295]
13, 6, 3.09, [81, 240, 295]
13, 7, 3.08, [226, 380, 295]
13, 8, 3.08, [280, 240, 295]
13, 9, 3.06, [259, 77, 154]
14, 0, 3.18, [226, 77, 295]
14, 1, 3.18, [259, 77, 295]
14, 2, 3.11, [622, 77, 2595]
14, 3, 3.1, [2574, 77, 295]
14, 4, 3.1, [98, 295, 296]
14, 5, 3.07, [154, 274, 3155]
14, 6, 3.07, [280, 77, 622]
14, 7, 3.06, [259, 77, 2530]
14, 8, 3.06, [259, 76, 295]
14, 9, 3.05, [81, 3334, 295]
15, 0, 3.18, [226, 77, 295]
15, 1, 3.18, [259, 77, 295]
15, 2, 3.17, [615, 77, 295]
15, 3, 3.11, [259, 77, 2597]
15, 4, 3.07, [259, 77, 2712]
15, 5, 3.07, [615, 2512, 261]
15, 6, 3.06, [226, 265, 2532]
15, 7, 3.04, [2574, 302, 2514]
15, 8, 3.03, [2762, 1080, 296]
15, 9, 3.02, [259, 77, 263]
16, 0, 3.18, [226, 77, 295]
16, 1, 3.18, [259, 77, 295]
16, 2, 3.13, [2765, 269, 295]
16, 3, 3.13, [81, 77, 295]
16, 4, 3.12, [259, 77, 2530]
16, 5, 3.09, [226, 77, 159]
16, 6, 3.08, [301, 274, 295]
16, 7, 3.08, [1069, 2513, 295]
16, 8, 3.07, [266, 534, 295]
16, 9, 3.07, [302, 77, 102]
17, 0, 3.22, [2770, 77, 295]
17, 1, 3.18, [226, 279, 295]
17, 2, 3.18, [226, 77, 295]
17, 3, 3.18, [259, 77, 295]
17, 4, 3.14, [226, 274, 295]
17, 5, 3.13, [265, 77, 295]
17, 6, 3.13, [259, 77, 302]
17, 7, 3.08, [616, 250, 295]
17, 8, 3.08, [2527, 274, 295]
17, 9, 3.07, [226, 876, 295]
18, 0, 3.22, [2770, 77, 295]
18, 1, 3.18, [226, 279, 295]
18, 2, 3.09, [558, 77, 250]
18, 3, 3.09, [2770, 1086, 2530]
18, 4, 3.08, [343, 77, 4602]
18, 5, 3.08, [259, 77, 104]
18, 6, 3.06, [291, 1086, 263]
18, 7, 3.04, [259, 265, 295]
18, 8, 3.04, [2770, 77, 2767]
18, 9, 3.02, [226, 2711, 380]
19, 0, 3.22, [2770, 77, 295]
19, 1, 3.18, [226, 279, 295]
19, 2, 3.09, [2770, 77, 2513]
19, 3, 3.08, [2765, 77, 250]
19, 4, 3.08, [103, 77, 295]
19, 5, 3.07, [2595, 2593, 616]
19, 6, 3.07, [2770, 77, 240]
19, 7, 3.06, [558, 77, 316]
19, 8, 3.03, [303, 81, 380]
19, 9, 3.02, [226, 244, 250]
20, 0, 3.22, [2770, 77, 295]
20, 1, 3.18, [226, 279, 295]
20, 2, 3.13, [2765, 279, 295]
20, 3, 3.12, [226, 2764, 295]
20, 4, 3.1, [2574, 77, 295]
20, 5, 3.07, [2770, 103, 295]
20, 6, 3.07, [2770, 2525, 2762]
20, 7, 3.05, [263, 4849, 2513]
20, 8, 3.03, [616, 77, 219]
20, 9, 3.02, [2770, 537, 316]
21, 0, 3.22, [2770, 77, 295]
21, 1, 3.18, [874, 279, 295]
21, 2, 3.18, [226, 279, 295]
21, 3, 3.14, [226, 274, 295]
21, 4, 3.12, [2762, 77, 277]
21, 5, 3.11, [2065, 279, 295]
21, 6, 3.11, [226, 76, 295]
21, 7, 3.09, [226, 77, 2596]
21, 8, 3.09, [1088, 77, 874]
21, 9, 3.08, [2770, 2767, 295]
22, 0, 3.22, [2770, 77, 295]
22, 1, 3.18, [874, 279, 295]
22, 2, 3.11, [874, 279, 2527]
22, 3, 3.1, [2599, 259, 295]
22, 4, 3.09, [2770, 380, 295]
22, 5, 3.08, [226, 279, 2599]
22, 6, 3.07, [77, 274, 615]
22, 7, 3.06, [1811, 263, 1082]
22, 8, 3.06, [874, 77, 297]
22, 9, 3.05, [874, 159, 2711]
23, 0, 3.22, [2770, 77, 295]
23, 1, 3.18, [874, 279, 295]
23, 2, 3.16, [874, 2764, 295]
23, 3, 3.13, [2765, 279, 295]
23, 4, 3.1, [2770, 77, 2514]
23, 5, 3.09, [220, 77, 154]
23, 6, 3.09, [259, 77, 615]
23, 7, 3.08, [874, 2593, 2065]
23, 8, 3.07, [226, 260, 295]
23, 9, 3.06, [874, 279, 316]
24, 0, 3.25, [2770, 77, 295]
24, 1, 3.22, [2770, 77, 295]
24, 2, 3.18, [874, 279, 295]
24, 3, 3.15, [537, 77, 295]
24, 4, 3.11, [2765, 2764, 295]
24, 5, 3.1, [2770, 380, 295]
24, 6, 3.09, [874, 279, 295]
24, 7, 3.09, [2765, 274, 295]
24, 8, 3.04, [288, 77, 285]
24, 9, 3.03, [2765, 219, 250]
25, 0, 3.25, [2770, 77, 295]
25, 1, 3.22, [2770, 77, 295]
25, 2, 3.17, [103, 77, 295]
25, 3, 3.11, [874, 616, 295]
25, 4, 3.11, [2574, 2764, 295]
25, 5, 3.1, [263, 191, 295]
25, 6, 3.09, [874, 77, 3716]
25, 7, 3.08, [2711, 380, 2530]
25, 8, 3.07, [2762, 261, 256]
25, 9, 3.04, [256, 149, 102]
26, 0, 3.25, [2770, 77, 295]
26, 1, 3.22, [2770, 77, 295]
26, 2, 3.11, [537, 77, 295]
26, 3, 3.09, [103, 2597, 295]
26, 4, 3.07, [193, 1811, 250]
26, 5, 3.06, [2770, 2764, 295]
26, 6, 3.06, [2764, 77, 2513]
26, 7, 3.05, [2156, 2527, 269]
26, 8, 3.04, [1082, 2764, 4602]
26, 9, 3.03, [2574, 616, 283]
27, 0, 3.25, [2770, 77, 295]
27, 1, 3.22, [2950, 77, 295]
27, 2, 3.22, [2770, 77, 295]
27, 3, 3.1, [2532, 1095, 295]
27, 4, 3.1, [2765, 77, 295]
27, 5, 3.09, [2770, 279, 2530]
27, 6, 3.09, [149, 2950, 295]
27, 7, 3.08, [874, 77, 2595]
27, 8, 3.06, [291, 77, 2530]
27, 9, 3.05, [537, 2712, 285]
28, 0, 3.25, [2770, 77, 295]
28, 1, 3.22, [2950, 77, 295]
28, 2, 3.13, [874, 279, 295]
28, 3, 3.1, [2595, 77, 4602]
28, 4, 3.08, [2770, 76, 295]
28, 5, 3.07, [2770, 77, 288]
28, 6, 3.06, [2770, 1095, 343]
28, 7, 3.06, [2532, 76, 295]
28, 8, 3.05, [2770, 77, 343]
28, 9, 3.04, [2770, 274, 278]
29, 0, 3.25, [2770, 77, 295]
29, 1, 3.22, [2950, 77, 295]
29, 2, 3.13, [534, 77, 3135]
29, 3, 3.1, [191, 77, 295]
29, 4, 3.09, [2770, 278, 295]
29, 5, 3.08, [2595, 259, 295]
29, 6, 3.07, [2770, 77, 2767]
29, 7, 3.07, [2770, 103, 302]
29, 8, 3.07, [2595, 77, 876]
29, 9, 3.05, [2770, 77, 2593]
30, 0, 3.25, [2770, 77, 295]
30, 1, 3.22, [2950, 77, 295]
30, 2, 3.11, [2512, 2764, 91]
30, 3, 3.09, [2711, 297, 285]
30, 4, 3.08, [2593, 77, 291]
30, 5, 3.07, [191, 77, 259]
30, 6, 3.07, [874, 77, 283]
30, 7, 3.06, [2770, 77, 2513]
30, 8, 3.05, [283, 296, 2514]
30, 9, 3.04, [874, 278, 2532]
31, 0, 3.25, [2770, 77, 295]
31, 1, 3.22, [2950, 77, 295]
31, 2, 3.12, [2512, 77, 269]
31, 3, 3.08, [2770, 2512, 2525]
31, 4, 3.07, [874, 209, 537]
31, 5, 3.07, [2711, 297, 269]
31, 6, 3.07, [256, 2599, 283]
31, 7, 3.06, [2593, 77, 534]
31, 8, 3.05, [2770, 265, 244]
31, 9, 3.05, [1069, 2764, 295]
32, 0, 3.25, [2770, 77, 295]
32, 1, 3.22, [2950, 77, 295]
32, 2, 3.13, [191, 77, 295]
32, 3, 3.13, [250, 81, 295]
32, 4, 3.1, [2156, 77, 380]
32, 5, 3.08, [2770, 303, 2514]
32, 6, 3.07, [874, 77, 259]
32, 7, 3.07, [260, 77, 295]
32, 8, 3.05, [275, 250, 295]
32, 9, 3.03, [2950, 274, 343]
33, 0, 3.25, [2770, 77, 295]
33, 1, 3.22, [2770, 274, 295]
33, 2, 3.22, [2950, 77, 295]
33, 3, 3.13, [275, 295, 266]
33, 4, 3.11, [1095, 149, 295]
33, 5, 3.11, [226, 1095, 295]
33, 6, 3.08, [2770, 81, 159]
33, 7, 3.08, [266, 91, 77]
33, 8, 3.05, [2770, 285, 265]
33, 9, 3.02, [874, 1095, 1082]
34, 0, 3.25, [2770, 77, 295]
34, 1, 3.22, [2770, 274, 295]
34, 2, 3.09, [2950, 77, 1080]
34, 3, 3.08, [3716, 274, 295]
34, 4, 3.06, [2770, 274, 335]
34, 5, 3.06, [275, 98, 77]
34, 6, 3.06, [2770, 2597, 250]
34, 7, 3.05, [2770, 266, 283]
34, 8, 3.05, [622, 77, 266]
34, 9, 3.02, [534, 335, 622]
35, 0, 3.25, [2770, 77, 295]
35, 1, 3.22, [2770, 274, 295]
35, 2, 3.13, [2770, 275, 295]
35, 3, 3.12, [874, 2950, 295]
35, 4, 3.11, [1080, 2767, 295]
35, 5, 3.09, [2765, 2525, 295]
35, 6, 3.07, [2770, 77, 1086]
35, 7, 3.05, [2950, 3716, 295]
35, 8, 3.04, [2765, 77, 1080]
35, 9, 3.03, [2527, 534, 3135]
36, 0, 3.25, [2770, 77, 295]
36, 1, 3.22, [2770, 274, 295]
36, 2, 3.17, [874, 274, 295]
36, 3, 3.12, [2770, 191, 295]
36, 4, 3.12, [874, 2770, 295]
36, 5, 3.12, [2770, 1087, 295]
36, 6, 3.07, [874, 77, 266]
36, 7, 3.07, [2515, 275, 295]
36, 8, 3.06, [240, 874, 380]
36, 9, 3.05, [300, 303, 154]
37, 0, 3.25, [2770, 77, 295]
37, 1, 3.22, [2770, 274, 295]
37, 2, 3.1, [1811, 2762, 261]
37, 3, 3.09, [2525, 77, 295]
37, 4, 3.07, [874, 2599, 1080]
37, 5, 3.06, [2770, 275, 103]
37, 6, 3.05, [2765, 2593, 2711]
37, 7, 3.04, [2770, 2530, 295]
37, 8, 3.03, [874, 541, 4849]
37, 9, 3.02, [263, 77, 2950]
38, 0, 3.25, [2770, 77, 295]
38, 1, 3.22, [2770, 274, 295]
38, 2, 3.15, [1811, 219, 295]
38, 3, 3.09, [2597, 274, 295]
38, 4, 3.09, [102, 264, 295]
38, 5, 3.08, [2762, 302, 279]
38, 6, 3.07, [226, 3716, 264]
38, 7, 3.06, [2770, 77, 876]
38, 8, 3.06, [297, 250, 2514]
38, 9, 3.04, [2770, 263, 261]
39, 0, 3.25, [2770, 77, 295]
39, 1, 3.23, [159, 77, 295]
39, 2, 3.22, [2770, 274, 295]
39, 3, 3.12, [226, 2767, 295]
39, 4, 3.12, [193, 279, 295]
39, 5, 3.11, [2770, 275, 295]
39, 6, 3.08, [2770, 275, 295]
39, 7, 3.08, [2527, 274, 295]
39, 8, 3.07, [300, 275, 295]
39, 9, 3.04, [279, 76, 2515]
40, 0, 3.25, [2770, 77, 295]
40, 1, 3.23, [159, 77, 295]
40, 2, 3.15, [2764, 77, 295]
40, 3, 3.14, [159, 301, 295]
40, 4, 3.14, [103, 274, 295]
40, 5, 3.08, [537, 295, 534]
40, 6, 3.07, [2770, 77, 316]
40, 7, 3.06, [2770, 77, 209]
40, 8, 3.05, [159, 274, 2513]
40, 9, 3.04, [261, 77, 2513]
41, 0, 3.25, [2770, 77, 295]
41, 1, 3.23, [159, 77, 295]
41, 2, 3.13, [874, 77, 1095]
41, 3, 3.13, [159, 2515, 295]
41, 4, 3.1, [2764, 265, 295]
41, 5, 3.09, [874, 301, 295]
41, 6, 3.09, [273, 2599, 295]
41, 7, 3.07, [2770, 2711, 256]
41, 8, 3.06, [2770, 76, 295]
41, 9, 3.06, [2512, 77, 2764]
42, 0, 3.25, [2770, 77, 295]
42, 1, 3.23, [159, 77, 295]
42, 2, 3.11, [159, 2574, 295]
42, 3, 3.11, [874, 2764, 295]
42, 4, 3.07, [159, 77, 250]
42, 5, 3.07, [159, 1080, 2513]
42, 6, 3.07, [2595, 283, 295]
42, 7, 3.07, [2770, 77, 1082]
42, 8, 3.04, [159, 609, 2527]
42, 9, 3.02, [2770, 2513, 2712]
43, 0, 3.25, [2770, 77, 295]
43, 1, 3.23, [159, 77, 295]
43, 2, 3.12, [2765, 283, 295]
43, 3, 3.12, [154, 77, 295]
43, 4, 3.11, [274, 2764, 295]
43, 5, 3.08, [274, 77, 250]
43, 6, 3.08, [277, 2525, 283]
43, 7, 3.06, [2770, 77, 244]
43, 8, 3.06, [159, 2767, 250]
43, 9, 3.05, [3155, 1088, 91]
44, 0, 3.25, [2770, 77, 295]
44, 1, 3.23, [159, 77, 295]
44, 2, 3.11, [2770, 279, 269]
44, 3, 3.1, [2770, 297, 295]
44, 4, 3.07, [2765, 265, 295]
44, 5, 3.06, [622, 77, 275]
44, 6, 3.05, [2765, 2764, 295]
44, 7, 3.05, [2770, 283, 2599]
44, 8, 3.05, [2770, 2764, 240]
44, 9, 3.03, [277, 3334, 291]
45, 0, 3.25, [2770, 77, 295]
45, 1, 3.23, [159, 77, 295]
45, 2, 3.12, [277, 297, 295]
45, 3, 3.1, [2770, 274, 295]
45, 4, 3.1, [300, 303, 269]
45, 5, 3.09, [3716, 77, 1811]
45, 6, 3.08, [303, 537, 250]
45, 7, 3.08, [2514, 104, 269]
45, 8, 3.07, [2770, 265, 295]
45, 9, 3.06, [2767, 2712, 295]
46, 0, 3.25, [2770, 77, 295]
46, 1, 3.23, [159, 77, 295]
46, 2, 3.2, [2527, 91, 295]
46, 3, 3.12, [2770, 259, 269]
46, 4, 3.07, [159, 77, 2513]
46, 5, 3.06, [159, 77, 104]
46, 6, 3.06, [277, 77, 2530]
46, 7, 3.05, [874, 250, 295]
46, 8, 3.04, [159, 222, 2514]
46, 9, 3.03, [264, 77, 295]
47, 0, 3.25, [2770, 77, 295]
47, 1, 3.23, [159, 77, 295]
47, 2, 3.16, [159, 259, 295]
47, 3, 3.09, [2525, 616, 295]
47, 4, 3.08, [2527, 77, 876]
47, 5, 3.07, [2770, 77, 300]
47, 6, 3.07, [159, 77, 2065]
47, 7, 3.06, [2770, 91, 250]
47, 8, 3.04, [335, 77, 263]
47, 9, 3.04, [102, 1080, 2530]
48, 0, 3.25, [2770, 77, 295]
48, 1, 3.23, [159, 77, 295]
48, 2, 3.19, [874, 259, 295]
48, 3, 3.18, [2595, 77, 295]
48, 4, 3.14, [159, 2764, 295]
48, 5, 3.12, [2514, 77, 295]
48, 6, 3.1, [2770, 259, 2530]
48, 7, 3.08, [2525, 275, 295]
48, 8, 3.08, [2770, 2514, 295]
48, 9, 3.04, [874, 256, 240]
49, 0, 3.25, [2770, 77, 295]
49, 1, 3.23, [159, 77, 295]
49, 2, 3.15, [2770, 874, 295]
49, 3, 3.1, [2156, 2711, 295]
49, 4, 3.08, [3334, 876, 295]
49, 5, 3.07, [2770, 77, 2513]
49, 6, 3.07, [2712, 77, 295]
49, 7, 3.06, [264, 77, 303]
49, 8, 3.06, [2595, 2525, 295]
49, 9, 3.06, [278, 316, 2530]
50, 0, 3.25, [2770, 77, 295]
50, 1, 3.23, [159, 77, 295]
50, 2, 3.16, [277, 191, 295]
50, 3, 3.13, [2770, 91, 295]
50, 4, 3.13, [295, 159, 297]
50, 5, 3.11, [277, 104, 295]
50, 6, 3.11, [2767, 2513, 295]
50, 7, 3.1, [2765, 2574, 295]
50, 8, 3.07, [2595, 77, 2574]
50, 9, 3.04, [159, 149, 295]
