generation number, individual number, fitness, candidate
0, 0, 12.82, [72, 181, 1605]
0, 1, 12.02, [1987, 3748, 282]
0, 2, 11.35, [3777, 2463, 72]
0, 3, 10.79, [359, 101, 3777]
0, 4, 10.72, [263, 77, 546]
0, 5, 8.75, [1834, 119, 1040]
0, 6, 8.18, [1828, 4130, 229]
0, 7, 5.04, [1321, 4184, 1686]
0, 8, 3.95, [1006, 263, 3102]
0, 9, 3.64, [4301, 2464, 4794]
1, 0, 16.72, [287, 181, 1831]
1, 1, 15.09, [72, 77, 2261]
1, 2, 14.6, [2229, 4108, 284]
1, 3, 13.43, [263, 181, 1831]
1, 4, 13.09, [72, 181, 1987]
1, 5, 12.82, [72, 181, 1605]
1, 6, 12.59, [287, 181, 2463]
1, 7, 12.02, [1987, 3748, 282]
1, 8, 9.13, [1896, 101, 1605]
1, 9, 9.09, [3777, 1605, 287]
2, 0, 18.83, [279, 77, 1831]
2, 1, 16.72, [287, 181, 1831]
2, 2, 16.63, [287, 181, 1831]
2, 3, 16.41, [279, 181, 1831]
2, 4, 15.09, [72, 77, 2261]
2, 5, 14.82, [996, 181, 1831]
2, 6, 14.61, [693, 181, 1830]
2, 7, 13.32, [287, 77, 285]
2, 8, 13.32, [3745, 3741, 1831]
2, 9, 12.34, [287, 159, 2261]
3, 0, 20.1, [77, 181, 1831]
3, 1, 18.83, [279, 77, 1831]
3, 2, 18.61, [1032, 77, 1831]
3, 3, 16.72, [287, 181, 1831]
3, 4, 15.24, [287, 1315, 1831]
3, 5, 14.88, [279, 3397, 1831]
3, 6, 14.16, [279, 2598, 1831]
3, 7, 13.64, [279, 285, 1831]
3, 8, 13.62, [287, 77, 2400]
3, 9, 13.24, [279, 181, 1830]
4, 0, 20.1, [77, 181, 1831]
4, 1, 18.85, [1541, 77, 1831]
4, 2, 18.83, [279, 77, 1831]
4, 3, 15.74, [1092, 3742, 1831]
4, 4, 15.33, [77, 3755, 24]
4, 5, 14.79, [3759, 181, 1831]
4, 6, 13.1, [1834, 77, 4794]
4, 7, 11.91, [3745, 285, 1831]
4, 8, 11.82, [699, 1825, 352]
4, 9, 10.99, [3100, 996, 3750]
5, 0, 20.1, [77, 181, 1831]
5, 1, 18.85, [1541, 77, 1831]
5, 2, 17.54, [77, 1032, 3742]
5, 3, 17.51, [159, 181, 1831]
5, 4, 15.0, [77, 352, 1834]
5, 5, 14.47, [270, 3744, 1831]
5, 6, 14.28, [279, 159, 2156]
5, 7, 13.49, [275, 181, 287]
5, 8, 12.91, [77, 3734, 3741]
5, 9, 12.78, [159, 1828, 1831]
6, 0, 20.1, [77, 181, 1831]
6, 1, 18.85, [1541, 77, 1831]
6, 2, 18.37, [77, 1541, 1831]
6, 3, 17.53, [77, 3777, 1831]
6, 4, 16.91, [77, 181, 3750]
6, 5, 15.62, [119, 181, 1831]
6, 6, 14.63, [159, 1987, 1831]
6, 7, 14.54, [77, 352, 3759]
6, 8, 13.33, [159, 77, 1829]
6, 9, 11.73, [77, 1588, 4131]
7, 0, 20.1, [77, 181, 1831]
7, 1, 18.85, [1541, 77, 1831]
7, 2, 16.71, [271, 3736, 1831]
7, 3, 16.63, [77, 287, 1829]
7, 4, 15.74, [1831, 1896, 282]
7, 5, 14.3, [275, 3777, 1831]
7, 6, 13.44, [3746, 3748, 1831]
7, 7, 11.57, [1541, 1828, 1831]
7, 8, 10.35, [263, 181, 1830]
7, 9, 9.64, [293, 4108, 1829]
8, 0, 20.1, [77, 181, 1831]
8, 1, 19.28, [77, 3736, 1829]
8, 2, 18.88, [77, 1032, 1831]
8, 3, 18.85, [1541, 77, 1831]
8, 4, 18.52, [77, 3736, 1830]
8, 5, 18.41, [284, 181, 1831]
8, 6, 16.39, [1541, 3736, 1829]
8, 7, 16.15, [77, 181, 2463]
8, 8, 14.52, [293, 181, 1831]
8, 9, 14.24, [271, 77, 3105]
9, 0, 20.1, [77, 181, 1831]
9, 1, 19.28, [77, 3736, 1829]
9, 2, 18.86, [77, 3736, 1830]
9, 3, 17.64, [3752, 3736, 1831]
9, 4, 17.16, [77, 689, 1829]
9, 5, 17.13, [77, 3736, 295]
9, 6, 16.8, [352, 3100, 1831]
9, 7, 16.7, [77, 3397, 1829]
9, 8, 16.12, [77, 4108, 1829]
9, 9, 15.36, [77, 3777, 1829]
10, 0, 20.1, [77, 181, 1831]
10, 1, 19.28, [77, 3736, 1829]
10, 2, 19.12, [77, 3755, 1831]
10, 3, 18.49, [3100, 181, 1831]
10, 4, 18.26, [275, 3736, 1831]
10, 5, 17.91, [77, 3737, 1831]
10, 6, 17.63, [77, 3743, 1831]
10, 7, 16.21, [77, 3397, 1830]
10, 8, 15.99, [3752, 181, 1829]
10, 9, 14.62, [77, 4108, 1829]
11, 0, 20.1, [77, 181, 1831]
11, 1, 19.28, [77, 3736, 1829]
11, 2, 17.94, [77, 3736, 546]
11, 3, 17.66, [77, 3736, 1834]
11, 4, 16.94, [77, 3397, 1829]
11, 5, 16.53, [3754, 3736, 1831]
11, 6, 15.94, [77, 275, 689]
11, 7, 15.25, [77, 3754, 1541]
11, 8, 14.42, [77, 181, 1686]
11, 9, 12.95, [3100, 181, 4184]
12, 0, 20.1, [77, 181, 1831]
12, 1, 19.53, [77, 181, 1825]
12, 2, 19.28, [77, 3736, 1829]
12, 3, 18.29, [77, 3739, 1831]
12, 4, 17.49, [3736, 1315, 1831]
12, 5, 15.66, [77, 3736, 1588]
12, 6, 15.49, [77, 3736, 282]
12, 7, 15.49, [77, 181, 33]
12, 8, 14.02, [77, 3755, 1834]
12, 9, 14.0, [1322, 4131, 1831]
13, 0, 20.1, [77, 181, 1831]
13, 1, 19.53, [77, 181, 1825]
13, 2, 18.15, [77, 24, 1831]
13, 3, 15.85, [270, 181, 1831]
13, 4, 15.09, [3755, 181, 1825]
13, 5, 14.41, [699, 3736, 1831]
13, 6, 14.14, [77, 4108, 3747]
13, 7, 13.9, [77, 181, 1828]
13, 8, 13.63, [275, 4130, 1825]
13, 9, 11.46, [1315, 181, 996]
14, 0, 20.1, [77, 181, 1831]
14, 1, 19.53, [77, 181, 1825]
14, 2, 16.61, [77, 1321, 1831]
14, 3, 15.5, [3745, 181, 1825]
14, 4, 14.88, [77, 1829, 1830]
14, 5, 14.26, [77, 181, 1826]
14, 6, 14.09, [77, 1829, 3102]
14, 7, 13.94, [3755, 181, 1830]
14, 8, 13.03, [263, 693, 1831]
14, 9, 12.76, [279, 3753, 3100]
15, 0, 20.1, [77, 181, 1831]
15, 1, 19.53, [77, 181, 1825]
15, 2, 18.06, [77, 181, 1829]
15, 3, 17.31, [77, 1040, 1825]
15, 4, 15.98, [2229, 101, 1831]
15, 5, 15.1, [77, 181, 546]
15, 6, 13.5, [72, 181, 3748]
15, 7, 13.25, [77, 3734, 229]
15, 8, 12.21, [285, 1032, 282]
15, 9, 9.87, [4301, 181, 1834]
16, 0, 20.1, [77, 181, 1831]
16, 1, 19.53, [77, 181, 1825]
16, 2, 16.82, [275, 181, 1825]
16, 3, 16.62, [101, 181, 1831]
16, 4, 15.93, [77, 3742, 2490]
16, 5, 15.75, [269, 181, 1831]
16, 6, 14.93, [77, 1987, 1829]
16, 7, 14.78, [3749, 101, 1831]
16, 8, 13.82, [77, 1040, 1830]
16, 9, 12.37, [2229, 181, 2463]
17, 0, 20.1, [77, 181, 1831]
17, 1, 19.53, [77, 181, 1825]
17, 2, 18.76, [77, 3744, 1825]
17, 3, 16.86, [77, 4108, 1831]
17, 4, 16.13, [3742, 3777, 282]
17, 5, 15.56, [3745, 181, 1825]
17, 6, 14.88, [3105, 4108, 1831]
17, 7, 14.65, [275, 181, 3105]
17, 8, 13.47, [352, 271, 1831]
17, 9, 11.8, [2464, 3745, 1831]
18, 0, 20.1, [77, 181, 1831]
18, 1, 19.63, [3736, 181, 1831]
18, 2, 19.53, [77, 181, 1825]
18, 3, 15.96, [275, 3744, 1831]
18, 4, 15.94, [4130, 181, 1825]
18, 5, 12.42, [3734, 3744, 1831]
18, 6, 12.22, [4108, 181, 1831]
18, 7, 11.74, [263, 3744, 1825]
18, 8, 11.03, [3750, 3397, 269]
18, 9, 10.52, [1315, 181, 1588]
19, 0, 20.1, [77, 181, 1831]
19, 1, 19.63, [3736, 181, 1831]
19, 2, 16.74, [77, 293, 1831]
19, 3, 16.33, [275, 181, 1831]
19, 4, 16.26, [275, 181, 1831]
19, 5, 16.23, [3737, 181, 1825]
19, 6, 15.39, [3758, 181, 1825]
19, 7, 14.94, [77, 1605, 3105]
19, 8, 14.69, [77, 3100, 159]
19, 9, 13.9, [3733, 359, 1831]
20, 0, 20.1, [77, 181, 1831]
20, 1, 19.63, [3736, 181, 1831]
20, 2, 17.95, [3736, 279, 1831]
20, 3, 17.17, [282, 3397, 1831]
20, 4, 13.49, [3733, 3761, 1831]
20, 5, 13.18, [263, 181, 1831]
20, 6, 13.01, [275, 996, 1831]
20, 7, 12.92, [1322, 181, 1092]
20, 8, 10.96, [263, 4130, 1831]
20, 9, 10.73, [3748, 181, 1834]
21, 0, 20.1, [77, 181, 1831]
21, 1, 19.63, [3736, 181, 1831]
21, 2, 17.36, [3736, 3397, 1831]
21, 3, 16.91, [3736, 181, 1315]
21, 4, 15.77, [77, 3397, 1322]
21, 5, 14.16, [77, 181, 1588]
21, 6, 14.04, [3737, 1092, 1831]
21, 7, 13.78, [3735, 181, 1831]
21, 8, 13.77, [77, 3761, 1315]
21, 9, 13.67, [3746, 3748, 1831]
22, 0, 20.1, [77, 181, 1831]
22, 1, 19.63, [3736, 181, 1831]
22, 2, 19.13, [3736, 181, 1831]
22, 3, 17.16, [3736, 3777, 1831]
22, 4, 17.15, [3736, 4131, 1831]
22, 5, 16.56, [3746, 181, 1831]
22, 6, 14.56, [77, 4108, 1315]
22, 7, 13.91, [3736, 1040, 1315]
22, 8, 12.87, [359, 181, 1032]
22, 9, 10.57, [3735, 181, 24]
23, 0, 20.1, [77, 181, 1831]
23, 1, 19.63, [3736, 181, 1831]
23, 2, 17.07, [3736, 72, 1829]
23, 3, 17.05, [77, 352, 689]
23, 4, 16.42, [3736, 2156, 702]
23, 5, 16.33, [3736, 181, 1830]
23, 6, 15.52, [275, 689, 1831]
23, 7, 14.99, [77, 3777, 1829]
23, 8, 13.89, [77, 181, 1588]
23, 9, 12.44, [3736, 3777, 1833]
24, 0, 20.1, [77, 181, 1831]
24, 1, 19.63, [3736, 181, 1831]
24, 2, 17.83, [77, 3397, 689]
24, 3, 17.69, [3736, 181, 3105]
24, 4, 17.64, [77, 359, 1831]
24, 5, 17.41, [77, 181, 3749]
24, 6, 16.85, [3736, 3397, 1831]
24, 7, 16.1, [77, 1828, 1831]
24, 8, 14.15, [77, 181, 3734]
24, 9, 12.07, [263, 352, 1831]
25, 0, 20.18, [77, 181, 1825]
25, 1, 20.1, [77, 181, 1831]
25, 2, 19.63, [3736, 181, 1831]
25, 3, 18.12, [3736, 1315, 1831]
25, 4, 17.1, [3736, 181, 3742]
25, 5, 16.81, [77, 4131, 1831]
25, 6, 15.9, [2229, 3397, 1831]
25, 7, 15.06, [3736, 2490, 1831]
25, 8, 14.03, [77, 181, 1588]
25, 9, 12.7, [3736, 3777, 3750]
26, 0, 20.18, [77, 181, 1825]
26, 1, 20.1, [77, 181, 1831]
26, 2, 17.19, [3736, 181, 1829]
26, 3, 16.43, [77, 3397, 3105]
26, 4, 15.52, [3736, 1315, 1829]
26, 5, 13.52, [699, 181, 1831]
26, 6, 12.04, [263, 1315, 1831]
26, 7, 11.03, [3736, 3777, 1588]
26, 8, 9.67, [3748, 3737, 4129]
26, 9, 9.52, [3753, 3397, 4130]
27, 0, 20.18, [77, 181, 1825]
27, 1, 20.1, [77, 181, 1831]
27, 2, 17.94, [3736, 3397, 1825]
27, 3, 17.31, [77, 275, 1831]
27, 4, 16.28, [77, 352, 1829]
27, 5, 14.82, [3742, 1834, 1825]
27, 6, 14.42, [159, 1987, 1831]
27, 7, 14.16, [3736, 3102, 1829]
27, 8, 13.25, [77, 2463, 1833]
27, 9, 12.07, [77, 4301, 1833]
28, 0, 20.18, [77, 181, 1825]
28, 1, 20.1, [77, 181, 1831]
28, 2, 18.94, [77, 181, 3736]
28, 3, 17.42, [159, 181, 1825]
28, 4, 17.35, [77, 359, 1831]
28, 5, 14.97, [275, 352, 1831]
28, 6, 13.06, [2400, 3397, 1825]
28, 7, 12.76, [3759, 4108, 1831]
28, 8, 11.11, [77, 275, 1826]
28, 9, 10.61, [295, 119, 101]
29, 0, 20.71, [3736, 181, 1831]
29, 1, 20.18, [77, 181, 1825]
29, 2, 20.1, [77, 181, 1831]
29, 3, 17.34, [77, 4108, 1825]
29, 4, 17.24, [159, 181, 1825]
29, 5, 16.56, [77, 2490, 1831]
29, 6, 15.3, [689, 181, 3746]
29, 7, 14.79, [1825, 3397, 1831]
29, 8, 14.56, [159, 1825, 1896]
29, 9, 13.06, [3743, 4108, 1825]
30, 0, 20.71, [3736, 181, 1831]
30, 1, 20.18, [77, 181, 1825]
30, 2, 15.68, [77, 3749, 4128]
30, 3, 15.33, [77, 3397, 1830]
30, 4, 14.3, [282, 1006, 1831]
30, 5, 13.16, [3736, 270, 4129]
30, 6, 12.48, [3736, 101, 1588]
30, 7, 11.74, [3105, 181, 4184]
30, 8, 11.66, [3745, 181, 1896]
30, 9, 11.4, [3777, 4108, 1825]
31, 0, 20.71, [3736, 181, 1831]
31, 1, 20.18, [77, 181, 1825]
31, 2, 18.45, [3749, 77, 1831]
31, 3, 16.8, [77, 3397, 3105]
31, 4, 16.75, [101, 2156, 1831]
31, 5, 16.43, [3736, 181, 689]
31, 6, 15.94, [77, 3749, 1829]
31, 7, 14.93, [3736, 181, 1833]
31, 8, 14.18, [77, 181, 1588]
31, 9, 13.94, [159, 181, 2463]
32, 0, 20.71, [3736, 181, 1831]
32, 1, 20.18, [77, 181, 1825]
32, 2, 19.32, [77, 689, 1831]
32, 3, 18.2, [3743, 77, 1831]
32, 4, 16.25, [24, 181, 1831]
32, 5, 15.39, [269, 181, 1831]
32, 6, 15.09, [3736, 77, 699]
32, 7, 14.98, [3758, 181, 1825]
32, 8, 13.9, [3749, 3777, 1831]
32, 9, 13.88, [3745, 181, 3105]
33, 0, 20.71, [3736, 181, 1831]
33, 1, 20.18, [77, 181, 1825]
33, 2, 18.25, [159, 689, 1825]
33, 3, 17.28, [77, 3777, 1831]
33, 4, 16.52, [3736, 4130, 1831]
33, 5, 15.45, [3755, 181, 1825]
33, 6, 15.07, [3736, 689, 1829]
33, 7, 14.25, [77, 181, 1588]
33, 8, 12.92, [3735, 181, 1831]
33, 9, 11.23, [3735, 3777, 1831]
34, 0, 20.71, [3736, 181, 1831]
34, 1, 20.18, [77, 181, 1825]
34, 2, 16.29, [3736, 3777, 1831]
34, 3, 16.05, [3736, 4108, 1825]
34, 4, 14.85, [4129, 3739, 1831]
34, 5, 14.45, [77, 181, 1588]
34, 6, 13.96, [3744, 3777, 1831]
34, 7, 13.9, [77, 181, 1588]
34, 8, 13.6, [3736, 181, 1828]
34, 9, 13.48, [3736, 181, 1828]
35, 0, 20.71, [3736, 181, 1831]
35, 1, 20.18, [77, 181, 1825]
35, 2, 18.32, [77, 3397, 1831]
35, 3, 17.4, [3755, 77, 1831]
35, 4, 16.41, [77, 181, 1834]
35, 5, 16.36, [3754, 181, 1825]
35, 6, 16.07, [3749, 181, 1825]
35, 7, 15.73, [3745, 181, 1831]
35, 8, 15.51, [3758, 181, 1831]
35, 9, 11.16, [2595, 4129, 1322]
36, 0, 20.71, [3736, 181, 1831]
36, 1, 20.18, [77, 181, 1825]
36, 2, 18.58, [77, 3397, 1831]
36, 3, 17.0, [77, 33, 1825]
36, 4, 16.6, [77, 181, 1834]
36, 5, 15.67, [77, 3397, 3739]
36, 6, 14.97, [3755, 77, 359]
36, 7, 14.82, [287, 4128, 1831]
36, 8, 7.85, [2490, 3740, 269]
36, 9, 7.67, [1322, 1588, 1834]
37, 0, 20.71, [3736, 181, 1831]
37, 1, 20.18, [77, 181, 1825]
37, 2, 18.33, [77, 3397, 1831]
37, 3, 17.81, [159, 181, 1831]
37, 4, 17.09, [3736, 181, 1830]
37, 5, 16.97, [3736, 181, 1829]
37, 6, 15.64, [77, 181, 275]
37, 7, 14.37, [3737, 3397, 1831]
37, 8, 14.33, [3736, 181, 1826]
37, 9, 12.22, [3736, 3777, 1321]
38, 0, 20.71, [3736, 181, 1831]
38, 1, 20.18, [77, 181, 1825]
38, 2, 18.27, [77, 181, 693]
38, 3, 17.85, [3736, 4108, 1825]
38, 4, 17.29, [77, 4108, 1831]
38, 5, 14.99, [3736, 181, 1896]
38, 6, 14.85, [3736, 3397, 4128]
38, 7, 14.64, [3758, 702, 1831]
38, 8, 12.87, [4184, 24, 1831]
38, 9, 12.05, [3736, 3397, 1588]
39, 0, 20.71, [3736, 181, 1831]
39, 1, 20.18, [77, 181, 1825]
39, 2, 18.51, [3736, 2229, 1831]
39, 3, 17.82, [159, 181, 1831]
39, 4, 17.32, [3736, 1092, 1825]
39, 5, 17.05, [3754, 181, 1825]
39, 6, 15.44, [3736, 3777, 693]
39, 7, 14.91, [77, 4108, 1830]
39, 8, 13.84, [3754, 4108, 1831]
39, 9, 12.88, [293, 119, 1831]
40, 0, 20.71, [3736, 181, 1831]
40, 1, 20.18, [77, 181, 1825]
40, 2, 18.41, [77, 3397, 1831]
40, 3, 17.87, [3105, 181, 1825]
40, 4, 17.3, [3736, 4129, 1825]
40, 5, 17.08, [77, 4108, 1831]
40, 6, 16.64, [77, 4108, 1831]
40, 7, 16.19, [3736, 181, 1322]
40, 8, 15.66, [3736, 181, 1833]
40, 9, 13.16, [2400, 181, 282]
41, 0, 20.71, [3736, 181, 1831]
41, 1, 20.18, [77, 181, 1825]
41, 2, 18.74, [77, 4108, 1831]
41, 3, 18.36, [77, 3744, 1831]
41, 4, 17.51, [77, 4108, 1831]
41, 5, 16.6, [3105, 3397, 1831]
41, 6, 15.93, [3742, 3397, 1825]
41, 7, 15.45, [3755, 181, 1825]
41, 8, 15.17, [3736, 3397, 1830]
41, 9, 15.14, [295, 181, 1831]
42, 0, 20.71, [3736, 181, 1831]
42, 1, 20.18, [77, 181, 1825]
42, 2, 19.69, [77, 2156, 1831]
42, 3, 17.84, [3736, 3397, 1825]
42, 4, 17.21, [77, 4108, 1831]
42, 5, 16.1, [275, 181, 1825]
42, 6, 15.38, [3755, 181, 1825]
42, 7, 13.93, [4129, 3755, 1831]
42, 8, 13.47, [3736, 181, 1588]
42, 9, 13.33, [3737, 3747, 1831]
43, 0, 20.71, [3736, 181, 1831]
43, 1, 20.18, [77, 181, 1825]
43, 2, 16.51, [3736, 689, 1829]
43, 3, 16.18, [275, 181, 1831]
43, 4, 15.37, [3736, 3758, 1825]
43, 5, 15.15, [3749, 2156, 1831]
43, 6, 14.89, [284, 77, 1831]
43, 7, 14.59, [2400, 181, 1831]
43, 8, 12.38, [77, 3397, 1686]
43, 9, 11.75, [3747, 181, 2490]
44, 0, 20.71, [3736, 181, 1831]
44, 1, 20.2, [3736, 181, 1831]
44, 2, 20.18, [77, 181, 1825]
44, 3, 18.55, [77, 3747, 1825]
44, 4, 18.37, [77, 3397, 1831]
44, 5, 16.66, [3736, 181, 1830]
44, 6, 16.31, [3736, 3760, 1831]
44, 7, 16.22, [77, 181, 1834]
44, 8, 16.15, [3746, 181, 1825]
44, 9, 15.67, [270, 181, 1825]
45, 0, 20.71, [3736, 181, 1831]
45, 1, 20.2, [3736, 181, 1831]
45, 2, 16.65, [3736, 3746, 2229]
45, 3, 16.64, [159, 3747, 1831]
45, 4, 15.98, [3736, 3777, 1825]
45, 5, 14.18, [3736, 1541, 269]
45, 6, 13.98, [229, 4108, 1831]
45, 7, 12.98, [3736, 3756, 4130]
45, 8, 12.62, [3736, 4108, 4129]
45, 9, 9.91, [1588, 3761, 1831]
46, 0, 20.71, [3736, 181, 1831]
46, 1, 20.2, [3736, 181, 1831]
46, 2, 19.61, [3736, 1831, 181]
46, 3, 15.29, [3736, 3747, 1829]
46, 4, 14.69, [159, 3777, 1831]
46, 5, 14.0, [3736, 3397, 1987]
46, 6, 12.36, [1032, 352, 4128]
46, 7, 12.1, [3737, 2464, 77]
46, 8, 11.88, [270, 181, 1830]
46, 9, 10.72, [3736, 3749, 4794]
47, 0, 20.71, [3736, 181, 1831]
47, 1, 20.2, [3736, 181, 1831]
47, 2, 18.15, [3736, 229, 1831]
47, 3, 17.91, [77, 4129, 1831]
47, 4, 17.66, [3736, 3750, 1831]
47, 5, 15.54, [4130, 181, 1831]
47, 6, 15.07, [2261, 2156, 1831]
47, 7, 13.68, [3736, 4794, 3105]
47, 8, 12.58, [3754, 2464, 1831]
47, 9, 11.89, [3736, 1987, 996]
48, 0, 20.71, [3736, 181, 1831]
48, 1, 20.2, [3736, 181, 1831]
48, 2, 19.21, [77, 702, 1831]
48, 3, 18.84, [3736, 181, 2229]
48, 4, 17.1, [3736, 702, 1831]
48, 5, 16.6, [3736, 4131, 1831]
48, 6, 15.43, [3752, 3733, 1831]
48, 7, 14.49, [101, 181, 3744]
48, 8, 13.19, [2400, 181, 1831]
48, 9, 9.84, [1605, 3777, 1831]
49, 0, 20.71, [3736, 181, 1831]
49, 1, 20.2, [3736, 181, 1831]
49, 2, 14.11, [291, 3747, 1831]
49, 3, 13.69, [3736, 1830, 359]
49, 4, 10.91, [546, 2260, 1831]
49, 5, 10.76, [702, 2598, 1830]
49, 6, 10.62, [2595, 181, 4794]
49, 7, 10.17, [3102, 3737, 1829]
49, 8, 9.24, [3758, 1987, 1829]
49, 9, 8.28, [4108, 181, 2598]
50, 0, 20.71, [3736, 181, 1831]
50, 1, 20.2, [3736, 181, 1831]
50, 2, 16.41, [3736, 3739, 1831]
50, 3, 15.51, [4128, 3397, 1831]
50, 4, 15.49, [284, 181, 3744]
50, 5, 15.2, [293, 181, 1831]
50, 6, 14.01, [291, 3397, 1831]
50, 7, 13.85, [275, 4108, 1831]
50, 8, 13.19, [3736, 3747, 1830]
50, 9, 12.7, [3736, 4108, 2261]
