num_genrations,diversity,improvement,best_fitness
0,0.9933333333333333,0,30.36
1,0.6233333333333333,0.3323451910408433,40.45
2,0.4033333333333333,0.022249690976514178,41.35
3,0.30666666666666664,0.04474002418379689,43.2
4,0.07333333333333325,0.011805555555555508,43.71
5,0.02499999999999991,0.0,43.71
6,0.09166666666666656,0.0,43.71
7,0.10499999999999976,0.022191718142301507,44.68
8,0.09166666666666645,0.012085944494180823,45.22
9,0.06499999999999984,0.0,45.22
10,0.0,0.0,45.22
11,0.02499999999999991,0.07032286598850065,48.4
12,0.0,-0.06570247933884298,45.22
13,0.02499999999999991,0.015479876160990775,45.92
14,0.0,-0.015243902439024452,45.22
15,0.0,0.0,45.22
16,0.0,0.0,45.22
17,0.02499999999999991,0.013931888544891698,45.85
18,0.06499999999999995,0.0,45.85
19,0.07999999999999996,0.0,45.85
20,0.09999999999999976,0.027699018538713108,47.12
21,0.0,0.0,47.12
22,0.0,0.0,47.12
23,0.0,0.0,47.12
24,0.0,0.0,47.12
25,0.0,0.00254668930390502,47.24
26,0.0,0.0,47.24
27,0.0,0.0,47.24
28,0.02499999999999991,0.020745131244707806,48.22
29,0.0,0.0,48.22
30,0.0,0.0,48.22
