n_nodes,influence,n0,n1,n2,n3,n4,n5,n6,n7,n8,n9,n10,n11,n12,n13,n14,n15,n16,n17,n18,n19
20,219.8100,7689,2710,13469,24765,14599,14924,13008,6610,13142,23896,4952,15066,16730,24924,16994,9572,1765,6774,24568,23038
20,219.0700,7689,2710,13469,24765,14599,14924,13008,6610,13142,23896,4952,15066,16730,24924,16994,9572,1765,6774,24568,23038
20,219.0700,7689,2710,13469,24765,14599,14924,13008,6610,13142,23896,4952,15066,16730,24924,16994,9572,1765,6774,24568,23038
20,219.0700,7689,2710,13469,24765,14599,14924,13008,6610,13142,23896,4952,15066,16730,24924,16994,9572,1765,6774,24568,23038
20,219.0700,7689,2710,13469,24765,14599,14924,13008,6610,13142,23896,4952,15066,16730,24924,16994,9572,1765,6774,24568,23038
20,219.0700,7689,2710,13469,24765,14599,14924,13008,6610,13142,23896,4952,15066,16730,24924,16994,9572,1765,6774,24568,23038
20,219.0700,7689,2710,13469,24765,14599,14924,13008,6610,13142,23896,4952,15066,16730,24924,16994,9572,1765,6774,24568,23038
20,219.0700,7689,2710,13469,24765,14599,14924,13008,6610,13142,23896,4952,15066,16730,24924,16994,9572,1765,6774,24568,23038
20,219.0700,7689,2710,13469,24765,14599,14924,13008,6610,13142,23896,4952,15066,16730,24924,16994,9572,1765,6774,24568,23038
20,219.0700,7689,2710,13469,24765,14599,14924,13008,6610,13142,23896,4952,15066,16730,24924,16994,9572,1765,6774,24568,23038
20,219.0700,7689,2710,13469,24765,14599,14924,13008,6610,13142,23896,4952,15066,16730,24924,16994,9572,1765,6774,24568,23038
20,219.0700,7689,2710,13469,24765,14599,14924,13008,6610,13142,23896,4952,15066,16730,24924,16994,9572,1765,6774,24568,23038
20,219.0700,7689,2710,13469,24765,14599,14924,13008,6610,13142,23896,4952,15066,16730,24924,16994,9572,1765,6774,24568,23038
20,219.0700,7689,2710,13469,24765,14599,14924,13008,6610,13142,23896,4952,15066,16730,24924,16994,9572,1765,6774,24568,23038
20,219.0700,7689,2710,13469,24765,14599,14924,13008,6610,13142,23896,4952,15066,16730,24924,16994,9572,1765,6774,24568,23038
20,219.0700,7689,2710,13469,24765,14599,14924,13008,6610,13142,23896,4952,15066,16730,24924,16994,9572,1765,6774,24568,23038
20,219.0700,7689,2710,13469,24765,14599,14924,13008,6610,13142,23896,4952,15066,16730,24924,16994,9572,1765,6774,24568,23038
20,219.0700,7689,2710,13469,24765,14599,14924,13008,6610,13142,23896,4952,15066,16730,24924,16994,9572,1765,6774,24568,23038
20,219.0700,7689,2710,13469,24765,14599,14924,13008,6610,13142,23896,4952,15066,16730,24924,16994,9572,1765,6774,24568,23038
20,219.0700,7689,2710,13469,24765,14599,14924,13008,6610,13142,23896,4952,15066,16730,24924,16994,9572,1765,6774,24568,23038
20,219.0700,7689,2710,13469,24765,14599,14924,13008,6610,13142,23896,4952,15066,16730,24924,16994,9572,1765,6774,24568,23038
20,219.0700,7689,2710,13469,24765,14599,14924,13008,6610,13142,23896,4952,15066,16730,24924,16994,9572,1765,6774,24568,23038
20,219.0700,7689,2710,13469,24765,14599,14924,13008,6610,13142,23896,4952,15066,16730,24924,16994,9572,1765,6774,24568,23038
20,219.0700,7689,2710,13469,24765,14599,14924,13008,6610,13142,23896,4952,15066,16730,24924,16994,9572,1765,6774,24568,23038
20,219.0700,7689,2710,13469,24765,14599,14924,13008,6610,13142,23896,4952,15066,16730,24924,16994,9572,1765,6774,24568,23038
20,219.0700,7689,2710,13469,24765,14599,14924,13008,6610,13142,23896,4952,15066,16730,24924,16994,9572,1765,6774,24568,23038
20,219.0700,7689,2710,13469,24765,14599,14924,13008,6610,13142,23896,4952,15066,16730,24924,16994,9572,1765,6774,24568,23038
20,219.0700,7689,2710,13469,24765,14599,14924,13008,6610,13142,23896,4952,15066,16730,24924,16994,9572,1765,6774,24568,23038
20,219.0700,7689,2710,13469,24765,14599,14924,13008,6610,13142,23896,4952,15066,16730,24924,16994,9572,1765,6774,24568,23038
20,219.0700,7689,2710,13469,24765,14599,14924,13008,6610,13142,23896,4952,15066,16730,24924,16994,9572,1765,6774,24568,23038
20,219.0700,7689,2710,13469,24765,14599,14924,13008,6610,13142,23896,4952,15066,16730,24924,16994,9572,1765,6774,24568,23038
20,219.0700,7689,2710,13469,24765,14599,14924,13008,6610,13142,23896,4952,15066,16730,24924,16994,9572,1765,6774,24568,23038
20,219.0700,7689,2710,13469,24765,14599,14924,13008,6610,13142,23896,4952,15066,16730,24924,16994,9572,1765,6774,24568,23038
20,219.0700,7689,2710,13469,24765,14599,14924,13008,6610,13142,23896,4952,15066,16730,24924,16994,9572,1765,6774,24568,23038
20,219.0700,7689,2710,13469,24765,14599,14924,13008,6610,13142,23896,4952,15066,16730,24924,16994,9572,1765,6774,24568,23038
20,219.0700,7689,2710,13469,24765,14599,14924,13008,6610,13142,23896,4952,15066,16730,24924,16994,9572,1765,6774,24568,23038
20,219.0700,7689,2710,13469,24765,14599,14924,13008,6610,13142,23896,4952,15066,16730,24924,16994,9572,1765,6774,24568,23038
20,219.0700,7689,2710,13469,24765,14599,14924,13008,6610,13142,23896,4952,15066,16730,24924,16994,9572,1765,6774,24568,23038
20,219.0700,7689,2710,13469,24765,14599,14924,13008,6610,13142,23896,4952,15066,16730,24924,16994,9572,1765,6774,24568,23038
20,219.0700,7689,2710,13469,24765,14599,14924,13008,6610,13142,23896,4952,15066,16730,24924,16994,9572,1765,6774,24568,23038
20,219.0700,7689,2710,13469,24765,14599,14924,13008,6610,13142,23896,4952,15066,16730,24924,16994,9572,1765,6774,24568,23038
20,219.0700,7689,2710,13469,24765,14599,14924,13008,6610,13142,23896,4952,15066,16730,24924,16994,9572,1765,6774,24568,23038
20,219.0700,7689,2710,13469,24765,14599,14924,13008,6610,13142,23896,4952,15066,16730,24924,16994,9572,1765,6774,24568,23038
20,219.0700,7689,2710,13469,24765,14599,14924,13008,6610,13142,23896,4952,15066,16730,24924,16994,9572,1765,6774,24568,23038
20,219.0700,7689,2710,13469,24765,14599,14924,13008,6610,13142,23896,4952,15066,16730,24924,16994,9572,1765,6774,24568,23038
20,219.0700,7689,2710,13469,24765,14599,14924,13008,6610,13142,23896,4952,15066,16730,24924,16994,9572,1765,6774,24568,23038
20,219.0700,7689,2710,13469,24765,14599,14924,13008,6610,13142,23896,4952,15066,16730,24924,16994,9572,1765,6774,24568,23038
20,219.0700,7689,2710,13469,24765,14599,14924,13008,6610,13142,23896,4952,15066,16730,24924,16994,9572,1765,6774,24568,23038
20,219.0700,7689,2710,13469,24765,14599,14924,13008,6610,13142,23896,4952,15066,16730,24924,16994,9572,1765,6774,24568,23038
20,217.1200,7689,2710,13469,24765,14599,14924,13008,6610,13142,23896,4952,15066,16730,24924,16994,9572,1765,6774,24568,23038
20,217.0500,7689,2710,13469,24765,14599,14924,13008,6610,13142,23896,4952,15066,16730,24924,16994,9572,1765,6774,24568,23038
20,217.0500,7689,2710,13469,24765,14599,14924,13008,6610,13142,23896,4952,15066,16730,24924,16994,9572,1765,6774,24568,23038
20,215.6300,14599,7689,2710,13469,24765,14924,13008,6610,13142,23896,4952,16730,15066,24924,16994,9572,11028,6774,24568,23038
20,215.1100,7689,2710,13469,24765,14599,14924,13008,6610,13142,23896,4952,15066,16730,24924,16994,9572,1765,6774,24568,23038
20,214.9000,7689,2710,13469,24765,14599,14924,13008,6610,13142,23896,4952,15066,16730,24924,16994,9572,1765,6774,24568,23038
20,214.9000,7689,2710,13469,24765,14599,14924,13008,6610,13142,23896,4952,15066,16730,24924,16994,9572,1765,6774,24568,23038
20,214.8400,7689,2710,13469,24765,14599,14924,13008,6610,13142,23896,4952,15066,16730,24924,16994,9572,1765,6774,24568,23038
20,214.6300,7689,2710,13469,24765,14599,14924,13008,6610,13142,23896,4952,15066,16730,24924,16994,9572,1765,6774,24568,23038
20,214.3200,7689,2710,13469,24765,14599,14924,13008,6610,13142,23896,4952,15066,16730,24924,16994,9572,1765,6774,24568,23038
20,214.0400,7689,2710,13469,24765,14599,14924,13008,6610,13142,23896,4952,15066,16730,24924,16994,9572,1765,6774,24568,23038
20,214.0100,7689,2710,13469,24765,14599,14924,13008,6610,13142,23896,4952,15066,16730,24924,16994,9572,1765,6774,24568,23038
20,213.8300,7689,2710,13469,24765,14599,14924,13008,6610,13142,23896,4952,15066,16730,24924,16994,9572,1765,6774,24568,23038
20,213.7600,7689,2710,13469,24765,14599,14924,13008,6610,13142,23896,4952,15066,16730,24924,16994,9572,1765,6774,24568,23038
20,213.7400,7689,2710,13469,24765,14599,14924,13008,6610,13142,23896,4952,15066,16730,24924,16994,9572,1765,6774,24568,23038
20,213.4800,7689,2710,13469,24765,14599,14924,13008,6610,13142,23896,4952,15066,16730,24924,16994,9572,1765,6774,24568,23038
20,213.3800,7689,2710,13469,24765,14599,14924,13008,6610,13142,23896,4952,15066,16730,24924,16994,9572,1765,6774,24568,23038
20,213.2500,7689,2710,13469,24765,14599,14924,13008,6610,13142,23896,4952,15066,16730,24924,16994,9572,1765,6774,24568,23038
20,213.2400,7689,2710,13469,24765,14599,14924,13008,6610,13142,23896,4952,15066,16730,24924,16994,9572,1765,6774,24568,23038
20,213.0200,7689,2710,13469,24765,14599,14924,13008,6610,13142,23896,4952,15066,16730,24924,16994,9572,1765,6774,24568,23038
20,213.0200,7689,2710,13469,24765,14599,14924,13008,6610,13142,23896,4952,15066,16730,24924,16994,9572,1765,6774,24568,23038
20,212.9800,7689,2710,13469,24765,14599,14924,13008,6610,13142,23896,4952,15066,16730,24924,16994,9572,1765,6774,24568,23038
20,212.7500,7689,2710,13469,24765,14599,14924,13008,6610,13142,23896,4952,15066,16730,24924,16994,9572,1765,6774,24568,23038
20,212.5200,7689,2710,13469,24765,14599,14924,13008,6610,13142,23896,4952,15066,16730,24924,16994,9572,1765,6774,24568,23038
20,212.3500,7689,2710,13469,24765,14599,14924,13008,6610,13142,23896,4952,15066,16730,24924,16994,9572,1765,6774,24568,23038
20,212.0800,7689,2710,13469,24765,14599,14924,13008,6610,13142,23896,4952,15066,16730,24924,16994,9572,1765,6774,24568,23038
20,211.9100,7689,2710,13469,24765,14599,14924,13008,6610,13142,23896,4952,15066,16730,24924,16994,9572,1765,6774,24568,23038
20,211.8900,14599,7689,2710,13469,24765,14924,13008,6610,13142,23896,4952,18619,15066,24924,16994,9572,1765,6774,24568,23038
20,211.8600,7689,2710,13469,24765,14599,14924,13008,6610,13142,23896,4952,15066,16730,24924,16994,9572,1765,6774,24568,23038
20,211.6300,7689,2710,13469,24765,14599,14924,13008,6610,13142,23896,4952,15066,16730,24924,16994,9572,1765,6774,24568,23038
20,211.5700,7689,2710,13469,24765,14599,14924,13008,6610,13142,23896,4952,15066,16730,24924,16994,9572,1765,6774,24568,23038
20,211.4300,7689,2710,13469,24765,14599,14924,13008,6610,13142,23896,4952,15066,16730,24924,16994,9572,1765,6774,24568,23038
20,211.3700,7689,2710,13469,24765,14599,14924,13008,6610,13142,23896,4952,15066,16730,24924,16994,9572,1765,6774,24568,23038
20,211.3100,7689,2710,13469,24765,14599,14924,13008,6610,13142,23896,4952,15066,16730,24924,16994,9572,1765,6774,24568,23038
20,211.2300,7689,2710,13469,24765,14599,14924,13008,6610,13142,23896,4952,15066,16730,24924,16994,9572,1765,6774,24568,23038
20,211.0700,7689,2710,13469,24765,14599,14924,13008,6610,13142,23896,4952,15066,16730,24924,16994,9572,1765,6774,24568,23038
20,210.9600,7689,2710,13469,24765,14599,14924,13008,6610,13142,23896,4952,15066,16730,24924,16994,9572,1765,6774,24568,23038
20,210.6600,7689,2710,13469,24765,14599,14924,13008,6610,13142,23896,4952,15066,16730,24924,16994,9572,1765,6774,24568,23038
20,210.5500,7689,2710,13469,24765,14599,14924,13008,6610,13142,23896,4952,15066,16730,24924,16994,9572,1765,6774,24568,23038
20,210.3200,7689,2710,13469,24765,14599,14924,13008,6610,13142,23896,4952,15066,16730,24924,16994,9572,1765,6774,24568,23038
20,210.1700,7689,2710,13469,24765,14599,14924,13008,6610,13142,23896,4952,15066,16730,24924,16994,9572,1765,6774,24568,23038
20,210.1000,7689,2710,13469,24765,14599,14924,13008,6610,13142,23896,4952,15066,16730,24924,16994,9572,1765,6774,24568,23038
20,210.0300,7689,2710,13469,24765,14599,14924,13008,6610,13142,23896,4952,15066,16730,24924,16994,9572,1765,6774,24568,23038
20,209.7700,7689,2710,13469,24765,14599,14924,13008,6610,13142,23896,4952,15066,16730,24924,16994,9572,1765,6774,24568,23038
20,209.7700,7689,2710,13469,24765,14599,14924,13008,6610,13142,23896,4952,15066,16730,24924,16994,9572,1765,6774,24568,23038
20,209.5900,7689,2710,13469,24765,14599,14924,13008,6610,13142,23896,4952,15066,16730,24924,16994,9572,1765,6774,24568,23038
20,209.2400,14599,7689,2710,13469,24765,14924,13008,6610,13142,23896,4952,16730,15066,24924,21468,9572,1765,6774,24568,23038
20,208.9100,7689,2710,13469,24765,14599,14924,13008,6610,13142,23896,4952,15066,16730,24924,16994,9572,1765,6774,24568,23038
20,208.6300,7689,2710,13469,24765,14599,14924,13008,6610,13142,23896,4952,15066,16730,24924,16994,9572,1765,6774,24568,23038
20,208.4500,7689,2710,13469,24765,14599,14924,13008,6610,13142,23896,4952,15066,16730,24924,16994,9572,1765,6774,24568,23038
20,208.3800,7689,2710,13469,24765,14599,14924,13008,6610,13142,23896,4952,15066,16730,24924,16994,9572,1765,6774,24568,23038
