generation number, individual number, fitness, candidate
0, 0, 2.09, [2527, 295]
0, 1, 2.04, [285, 2593]
0, 2, 2.04, [244, 269]
0, 3, 2.04, [154, 98]
0, 4, 2.03, [274, 4602]
0, 5, 2.03, [380, 288]
0, 6, 2.02, [2527, 244]
0, 7, 2.01, [278, 2950]
0, 8, 2.0, [2527, 240]
0, 9, 2.0, [4602, 3334]
1, 0, 2.09, [2527, 295]
1, 1, 2.07, [2530, 91]
1, 2, 2.07, [2593, 295]
1, 3, 2.07, [534, 295]
1, 4, 2.04, [2574, 615]
1, 5, 2.04, [244, 283]
1, 6, 2.04, [285, 2593]
1, 7, 2.02, [2514, 98]
1, 8, 2.02, [2514, 2593]
1, 9, 2.01, [2712, 2065]
2, 0, 2.09, [2514, 295]
2, 1, 2.09, [2527, 295]
2, 2, 2.09, [154, 1811]
2, 3, 2.08, [266, 295]
2, 4, 2.05, [2514, 1811]
2, 5, 2.04, [103, 91]
2, 6, 2.04, [265, 4602]
2, 7, 2.04, [263, 295]
2, 8, 2.02, [266, 874]
2, 9, 2.01, [2527, 2513]
2, 10, 2.01, [2527, 102]
3, 0, 2.16, [3155, 295]
3, 1, 2.14, [295, 537]
3, 2, 2.13, [81, 295]
3, 3, 2.09, [2593, 295]
3, 4, 2.09, [300, 1811]
3, 5, 2.09, [2514, 295]
3, 6, 2.09, [2527, 295]
3, 7, 2.08, [104, 295]
3, 8, 2.06, [1088, 250]
3, 9, 2.05, [261, 1811]
3, 10, 2.05, [295, 91]
3, 11, 2.04, [2514, 274]
4, 0, 2.16, [3155, 295]
4, 1, 2.14, [295, 537]
4, 2, 2.12, [874, 2512]
4, 3, 2.09, [269, 2513]
4, 4, 2.07, [81, 103]
4, 5, 2.07, [541, 295]
4, 6, 2.04, [2595, 343]
4, 7, 2.04, [295, 537]
4, 8, 2.03, [303, 1080]
4, 9, 2.03, [541, 537]
4, 10, 2.03, [103, 537]
4, 11, 2.03, [2525, 2770]
4, 12, 2.02, [264, 2593]
5, 0, 2.16, [3155, 295]
5, 1, 2.14, [295, 537]
5, 2, 2.12, [874, 295]
5, 3, 2.1, [269, 2530]
5, 4, 2.1, [269, 2532]
5, 5, 2.09, [81, 103]
5, 6, 2.09, [3155, 295]
5, 7, 2.06, [2765, 256]
5, 8, 2.06, [295, 2513]
5, 9, 2.04, [250, 103]
5, 10, 2.04, [3155, 615]
5, 11, 2.02, [2513, 103]
5, 12, 2.02, [616, 537]
6, 0, 2.16, [3155, 295]
6, 1, 2.14, [2711, 295]
6, 2, 2.14, [295, 537]
6, 3, 2.07, [874, 295]
6, 4, 2.06, [2156, 295]
6, 5, 2.05, [3155, 2599]
6, 6, 2.05, [226, 537]
6, 7, 2.04, [874, 263]
6, 8, 2.04, [265, 2530]
6, 9, 2.03, [2593, 2596]
6, 10, 2.03, [874, 1088]
6, 11, 2.01, [259, 2156]
6, 12, 2.01, [3334, 266]
7, 0, 2.17, [295, 277]
7, 1, 2.16, [3155, 295]
7, 2, 2.14, [2711, 295]
7, 3, 2.11, [2156, 295]
7, 4, 2.07, [874, 301]
7, 5, 2.06, [874, 278]
7, 6, 2.05, [219, 295]
7, 7, 2.05, [2711, 302]
7, 8, 2.03, [1088, 537]
7, 9, 2.03, [2593, 283]
7, 10, 2.03, [3155, 2530]
7, 11, 2.03, [2767, 274]
7, 12, 2.02, [1095, 3334]
7, 13, 2.02, [343, 1086]
8, 0, 2.17, [295, 277]
8, 1, 2.16, [3155, 295]
8, 2, 2.08, [2762, 295]
8, 3, 2.06, [316, 295]
8, 4, 2.05, [260, 250]
8, 5, 2.05, [2593, 876]
8, 6, 2.04, [874, 2513]
8, 7, 2.04, [3155, 303]
8, 8, 2.04, [102, 269]
8, 9, 2.03, [2530, 277]
8, 10, 2.02, [2711, 263]
8, 11, 2.02, [81, 3155]
8, 12, 2.02, [263, 250]
8, 13, 2.02, [1088, 1095]
8, 14, 2.02, [1086, 259]
9, 0, 2.17, [295, 277]
9, 1, 2.16, [3155, 295]
9, 2, 2.11, [295, 2512]
9, 3, 2.07, [3155, 265]
9, 4, 2.07, [250, 277]
9, 5, 2.05, [274, 91]
9, 6, 2.05, [2593, 77]
9, 7, 2.05, [269, 275]
9, 8, 2.05, [2762, 277]
9, 9, 2.04, [2762, 263]
9, 10, 2.04, [3155, 380]
9, 11, 2.03, [874, 876]
9, 12, 2.03, [2593, 250]
9, 13, 2.03, [2593, 1080]
9, 14, 2.02, [283, 876]
10, 0, 2.17, [295, 277]
10, 1, 2.16, [3155, 295]
10, 2, 2.11, [256, 277]
10, 3, 2.11, [295, 2525]
10, 4, 2.06, [283, 77]
10, 5, 2.06, [2593, 300]
10, 6, 2.05, [2595, 159]
10, 7, 2.04, [3155, 2515]
10, 8, 2.04, [609, 283]
10, 9, 2.04, [380, 4602]
10, 10, 2.03, [3155, 300]
10, 11, 2.02, [2512, 219]
10, 12, 2.02, [316, 77]
10, 13, 2.02, [3155, 273]
10, 14, 2.01, [288, 1082]
