generation number, individual number, fitness, candidate
0, 0, 10.83, [11388, 46]
0, 1, 8.08, [76776, 11387]
0, 2, 7.28, [56239, 150655]
0, 3, 6.84, [283, 66171]
0, 4, 6.81, [285, 283]
0, 5, 6.78, [98063, 279]
0, 6, 6.36, [76776, 93406]
0, 7, 6.35, [47500, 91978]
0, 8, 5.94, [823, 86]
0, 9, 2.77, [40788, 40786]
1, 0, 11.02, [11388, 88]
1, 1, 10.83, [11388, 46]
1, 2, 10.04, [73932, 46]
1, 3, 10.02, [11388, 73931]
1, 4, 10.01, [73932, 46]
1, 5, 8.1, [14200, 46]
1, 6, 8.08, [76776, 11387]
1, 7, 6.73, [1062, 46]
1, 8, 6.44, [283, 93407]
1, 9, 6.08, [11388, 6376]
2, 0, 11.42, [11387, 66076]
2, 1, 11.02, [11388, 88]
2, 2, 10.83, [11388, 46]
2, 3, 8.58, [94016, 70194]
2, 4, 8.37, [96144, 46]
2, 5, 7.47, [70197, 88]
2, 6, 7.43, [12067, 88]
2, 7, 7.35, [73932, 150655]
2, 8, 7.2, [124712, 127089]
2, 9, 6.89, [11925, 46]
3, 0, 12.54, [66076, 91978]
3, 1, 11.42, [11387, 66076]
3, 2, 11.02, [11388, 88]
3, 3, 10.97, [12067, 66076]
3, 4, 10.4, [11388, 70194]
3, 5, 8.88, [13042, 66167]
3, 6, 7.74, [77088, 88]
3, 7, 7.35, [11387, 86]
3, 8, 7.07, [11387, 86]
3, 9, 7.06, [11388, 81178]
4, 0, 12.76, [66076, 279]
4, 1, 12.54, [66076, 91978]
4, 2, 11.42, [11387, 66076]
4, 3, 8.57, [70194, 130282]
4, 4, 8.38, [94016, 70196]
4, 5, 8.3, [70196, 124712]
4, 6, 7.11, [100807, 1061]
4, 7, 6.5, [14198, 70195]
4, 8, 6.5, [93407, 91978]
4, 9, 6.12, [12067, 91978]
5, 0, 13.31, [66076, 90]
5, 1, 12.76, [66076, 279]
5, 2, 12.54, [66076, 91978]
5, 3, 12.29, [66076, 90]
5, 4, 10.62, [70193, 279]
5, 5, 9.38, [70193, 126458]
5, 6, 8.73, [6376, 144434]
5, 7, 7.05, [124712, 14201]
5, 8, 6.76, [281, 70196]
5, 9, 6.3, [6376, 14197]
6, 0, 14.81, [66076, 144434]
6, 1, 13.31, [66076, 90]
6, 2, 12.76, [66076, 279]
6, 3, 12.51, [66076, 282]
6, 4, 10.68, [70193, 279]
6, 5, 9.74, [70193, 90]
6, 6, 8.98, [76776, 90]
6, 7, 8.36, [66167, 70195]
6, 8, 7.42, [283, 66171]
6, 9, 7.4, [286, 66171]
7, 0, 14.81, [66076, 144434]
7, 1, 13.41, [66076, 127089]
7, 2, 13.31, [66076, 90]
7, 3, 13.18, [66076, 127089]
7, 4, 7.98, [86, 127089]
7, 5, 6.42, [1060, 14198]
7, 6, 6.28, [14201, 47500]
7, 7, 6.15, [70364, 40788]
7, 8, 4.43, [40786, 14198]
7, 9, 4.23, [47500, 150655]
8, 0, 14.81, [66076, 144434]
8, 1, 13.41, [66076, 127089]
8, 2, 11.1, [66076, 93406]
8, 3, 10.77, [98065, 11388]
8, 4, 9.26, [144434, 285]
8, 5, 9.21, [283, 144434]
8, 6, 8.16, [70194, 127089]
8, 7, 7.1, [11387, 285]
8, 8, 6.95, [6376, 100807]
8, 9, 6.11, [821, 127089]
9, 0, 14.81, [66076, 144434]
9, 1, 13.41, [66076, 127089]
9, 2, 11.83, [66076, 11925]
9, 3, 10.96, [70193, 285]
9, 4, 8.74, [70194, 127089]
9, 5, 8.26, [127088, 86]
9, 6, 8.01, [98065, 284]
9, 7, 7.38, [98065, 93406]
9, 8, 6.58, [87, 93406]
9, 9, 6.46, [283, 56237]
10, 0, 15.55, [66076, 11388]
10, 1, 14.81, [66076, 144434]
10, 2, 13.41, [66076, 127089]
10, 3, 12.15, [66076, 90]
10, 4, 11.8, [70193, 98065]
10, 5, 10.44, [144434, 76776]
10, 6, 9.54, [127089, 70196]
10, 7, 8.38, [70194, 127089]
10, 8, 7.17, [90, 46]
10, 9, 7.13, [124712, 59751]
11, 0, 15.55, [66076, 11388]
11, 1, 14.81, [66076, 144434]
11, 2, 10.15, [89, 56239]
11, 3, 9.56, [66076, 70195]
11, 4, 9.56, [127088, 11388]
11, 5, 9.4, [70365, 11388]
11, 6, 8.32, [286, 127089]
11, 7, 8.18, [66167, 148118]
11, 8, 6.73, [278, 284]
11, 9, 6.44, [6376, 284]
12, 0, 15.55, [66076, 11388]
12, 1, 14.81, [66076, 144434]
12, 2, 13.4, [66076, 46]
12, 3, 10.56, [94016, 70193]
12, 4, 9.73, [70196, 56239]
12, 5, 8.62, [89, 11387]
12, 6, 8.55, [89, 11925]
12, 7, 7.61, [281, 144434]
12, 8, 7.04, [66167, 558]
12, 9, 6.68, [6376, 14198]
13, 0, 15.55, [66076, 11388]
13, 1, 14.81, [66076, 144434]
13, 2, 11.43, [70196, 144434]
13, 3, 10.24, [66076, 66079]
13, 4, 8.76, [66079, 144434]
13, 5, 8.64, [286, 100807]
13, 6, 8.09, [47500, 144434]
13, 7, 7.91, [96648, 144434]
13, 8, 7.8, [89, 86]
13, 9, 6.98, [70195, 46]
14, 0, 15.55, [66076, 11388]
14, 1, 14.81, [66076, 144434]
14, 2, 13.51, [66076, 98065]
14, 3, 13.38, [66076, 127089]
14, 4, 12.14, [66076, 11925]
14, 5, 11.74, [66076, 11925]
14, 6, 9.75, [73932, 70364]
14, 7, 8.42, [70196, 11387]
14, 8, 8.34, [121382, 98065]
14, 9, 7.91, [127088, 62858]
15, 0, 15.55, [66076, 11388]
15, 1, 14.81, [66076, 144434]
15, 2, 12.78, [66076, 100807]
15, 3, 12.65, [66076, 100807]
15, 4, 11.47, [66076, 11925]
15, 5, 9.95, [100807, 89]
15, 6, 9.58, [70193, 98063]
15, 7, 8.21, [14198, 286]
15, 8, 7.08, [87, 284]
15, 9, 5.97, [14198, 823]
16, 0, 15.55, [66076, 11388]
16, 1, 14.81, [66076, 144434]
16, 2, 14.61, [66076, 73932]
16, 3, 13.16, [70193, 11388]
16, 4, 12.52, [66076, 46]
16, 5, 9.57, [66079, 11388]
16, 6, 8.65, [85839, 14201]
16, 7, 7.38, [80450, 56241]
16, 8, 6.26, [823, 96144]
16, 9, 6.15, [66079, 280]
17, 0, 15.55, [66076, 11388]
17, 1, 14.81, [66076, 144434]
17, 2, 14.41, [66076, 85839]
17, 3, 14.02, [66076, 144434]
17, 4, 11.86, [148118, 66076]
17, 5, 11.27, [70196, 11388]
17, 6, 10.88, [70193, 91978]
17, 7, 10.88, [70193, 80450]
17, 8, 9.43, [286, 73932]
17, 9, 7.76, [281, 11388]
18, 0, 15.55, [66076, 11388]
18, 1, 14.81, [66076, 144434]
18, 2, 13.88, [66076, 47392]
18, 3, 11.48, [66076, 11925]
18, 4, 10.92, [70193, 90]
18, 5, 9.35, [98065, 56240]
18, 6, 8.0, [96147, 130282]
18, 7, 7.69, [282, 91978]
18, 8, 7.15, [14201, 121382]
18, 9, 5.81, [14223, 86]
19, 0, 15.55, [66076, 11388]
19, 1, 14.81, [66076, 144434]
19, 2, 12.9, [70193, 144434]
19, 3, 11.09, [88, 144434]
19, 4, 10.75, [66076, 94017]
19, 5, 9.8, [73932, 127089]
19, 6, 9.56, [70365, 11388]
19, 7, 9.02, [70193, 1063]
19, 8, 8.48, [100807, 98065]
19, 9, 6.73, [40788, 47392]
20, 0, 15.55, [66076, 11388]
20, 1, 14.81, [66076, 144434]
20, 2, 13.66, [66076, 98065]
20, 3, 13.1, [66076, 127089]
20, 4, 12.23, [70193, 144434]
20, 5, 10.98, [70196, 144434]
20, 6, 10.47, [70193, 91978]
20, 7, 10.07, [96148, 11388]
20, 8, 9.7, [70199, 11388]
20, 9, 9.1, [70193, 12067]
21, 0, 15.55, [66076, 11388]
21, 1, 14.81, [66076, 144434]
21, 2, 10.99, [66076, 221360]
21, 3, 10.05, [96148, 11388]
21, 4, 9.09, [70199, 56239]
21, 5, 8.32, [70194, 279]
21, 6, 7.81, [70196, 1061]
21, 7, 7.32, [70196, 1062]
21, 8, 7.21, [127089, 124712]
21, 9, 6.44, [90, 93407]
22, 0, 15.55, [66076, 11388]
22, 1, 14.81, [66076, 144434]
22, 2, 14.47, [66076, 144434]
22, 3, 8.81, [70194, 14197]
22, 4, 7.98, [88, 94015]
22, 5, 7.55, [59751, 66078]
22, 6, 6.99, [86, 47500]
22, 7, 5.75, [66079, 6376]
22, 8, 5.24, [66079, 126458]
22, 9, 4.67, [70195, 40787]
23, 0, 15.55, [66076, 11388]
23, 1, 14.81, [66076, 144434]
23, 2, 12.34, [66076, 70365]
23, 3, 11.07, [66076, 12067]
23, 4, 10.54, [70193, 96148]
23, 5, 10.19, [11388, 286]
23, 6, 10.16, [88, 98065]
23, 7, 10.1, [56239, 88]
23, 8, 7.34, [14199, 94016]
23, 9, 7.14, [56237, 98065]
24, 0, 15.55, [66076, 11388]
24, 1, 14.81, [66076, 144434]
24, 2, 11.37, [1062, 66076]
24, 3, 10.66, [76776, 11388]
24, 4, 9.71, [70194, 144434]
24, 5, 9.55, [85839, 86]
24, 6, 7.69, [93407, 98065]
24, 7, 6.85, [70195, 80450]
24, 8, 6.81, [14198, 1060]
24, 9, 6.75, [90, 282]
25, 0, 15.55, [66076, 11388]
25, 1, 14.81, [66076, 144434]
25, 2, 13.56, [66076, 98065]
25, 3, 9.02, [70364, 73931]
25, 4, 9.02, [70195, 11388]
25, 5, 7.99, [80450, 14199]
25, 6, 7.07, [127089, 56241]
25, 7, 7.04, [70196, 1060]
25, 8, 6.57, [150655, 70194]
25, 9, 6.18, [46, 86543]
26, 0, 15.55, [66076, 11388]
26, 1, 14.81, [66076, 144434]
26, 2, 12.7, [70193, 11388]
26, 3, 12.68, [66076, 91978]
26, 4, 9.38, [144434, 56241]
26, 5, 7.6, [11388, 113477]
26, 6, 7.45, [66079, 96147]
26, 7, 7.08, [66079, 59751]
26, 8, 5.9, [87, 56237]
26, 9, 4.91, [70195, 40788]
27, 0, 15.55, [66076, 11388]
27, 1, 14.81, [66076, 144434]
27, 2, 13.24, [66076, 96148]
27, 3, 13.13, [66076, 73931]
27, 4, 11.15, [66076, 150655]
27, 5, 8.61, [70193, 94017]
27, 6, 8.36, [121382, 56239]
27, 7, 8.18, [88, 70365]
27, 8, 6.45, [11387, 121382]
27, 9, 5.37, [66170, 93407]
28, 0, 15.55, [66076, 11388]
28, 1, 14.81, [66076, 144434]
28, 2, 10.89, [66076, 6376]
28, 3, 9.1, [76776, 96148]
28, 4, 7.43, [88, 823]
28, 5, 7.26, [70195, 98065]
28, 6, 5.77, [93406, 85838]
28, 7, 5.37, [823, 1060]
28, 8, 5.08, [150655, 66079]
28, 9, 4.38, [66079, 1927]
29, 0, 15.55, [66076, 11388]
29, 1, 14.81, [66076, 144434]
29, 2, 14.54, [89, 66076]
29, 3, 12.99, [66076, 96144]
29, 4, 12.77, [66076, 14201]
29, 5, 9.39, [89, 59751]
29, 6, 8.68, [124712, 73932]
29, 7, 8.42, [73932, 6376]
29, 8, 6.75, [127089, 11387]
29, 9, 6.38, [279, 6376]
30, 0, 15.55, [66076, 11388]
30, 1, 14.81, [66076, 144434]
30, 2, 14.14, [66076, 285]
30, 3, 11.79, [13042, 66076]
30, 4, 10.07, [40788, 66076]
30, 5, 7.89, [59751, 127089]
30, 6, 7.2, [89, 86]
30, 7, 7.02, [90, 121382]
30, 8, 6.31, [70195, 96144]
30, 9, 6.09, [14223, 11388]
31, 0, 15.55, [66076, 11388]
31, 1, 14.81, [66076, 144434]
31, 2, 11.02, [98062, 11388]
31, 3, 9.91, [285, 144434]
31, 4, 8.65, [70199, 98065]
31, 5, 8.44, [46, 14197]
31, 6, 6.88, [285, 11925]
31, 7, 5.69, [12067, 13042]
31, 8, 4.9, [1927, 285]
31, 9, 4.79, [96648, 70365]
32, 0, 15.55, [66076, 11388]
32, 1, 14.81, [66076, 144434]
32, 2, 12.69, [66076, 127089]
32, 3, 11.17, [66076, 12067]
32, 4, 10.75, [62858, 11388]
32, 5, 9.81, [98062, 76776]
32, 6, 8.81, [98062, 283]
32, 7, 7.88, [821, 11388]
32, 8, 7.14, [285, 11387]
32, 9, 7.07, [14198, 93406]
33, 0, 15.55, [66076, 11388]
33, 1, 14.81, [66076, 144434]
33, 2, 13.2, [66076, 127089]
33, 3, 11.31, [70196, 11388]
33, 4, 8.4, [80450, 144434]
33, 5, 7.91, [121382, 86]
33, 6, 7.84, [94015, 144434]
33, 7, 6.82, [66079, 100807]
33, 8, 5.67, [11387, 94015]
33, 9, 5.23, [14200, 558]
34, 0, 15.55, [66076, 11388]
34, 1, 14.81, [66076, 144434]
34, 2, 12.94, [66076, 127089]
34, 3, 12.62, [66076, 127089]
34, 4, 9.09, [124712, 11388]
34, 5, 9.05, [46, 62858]
34, 6, 8.38, [80450, 100807]
34, 7, 7.3, [286, 124712]
34, 8, 7.01, [86543, 98062]
34, 9, 6.07, [150655, 73931]
35, 0, 15.55, [66076, 11388]
35, 1, 14.81, [66076, 144434]
35, 2, 12.02, [66076, 70365]
35, 3, 9.84, [90, 144434]
35, 4, 9.3, [70196, 127089]
35, 5, 8.66, [70196, 14198]
35, 6, 8.38, [130282, 62858]
35, 7, 8.22, [93407, 89]
35, 8, 6.84, [96648, 46]
35, 9, 6.09, [73931, 12067]
36, 0, 15.55, [66076, 11388]
36, 1, 14.81, [66076, 144434]
36, 2, 12.02, [70193, 47392]
36, 3, 10.89, [70193, 283]
36, 4, 10.24, [11388, 46]
36, 5, 9.12, [85839, 80450]
36, 6, 8.47, [94015, 11388]
36, 7, 7.92, [90, 127089]
36, 8, 7.45, [66079, 127089]
36, 9, 7.09, [113478, 11388]
37, 0, 15.55, [66076, 11388]
37, 1, 14.81, [66076, 144434]
37, 2, 14.43, [66076, 73932]
37, 3, 13.14, [66076, 127089]
37, 4, 13.0, [66076, 96147]
37, 5, 8.38, [96148, 56239]
37, 6, 8.02, [86, 88]
37, 7, 7.51, [278, 100807]
37, 8, 6.14, [11387, 70195]
37, 9, 6.0, [47392, 81178]
38, 0, 15.55, [66076, 11388]
38, 1, 14.81, [66076, 144434]
38, 2, 10.18, [70194, 144434]
38, 3, 10.09, [40786, 66076]
38, 4, 9.59, [282, 144434]
38, 5, 9.55, [121382, 11388]
38, 6, 9.29, [94016, 144434]
38, 7, 9.01, [70364, 73932]
38, 8, 8.73, [90, 66167]
38, 9, 7.45, [11925, 85839]
39, 0, 15.55, [66076, 11388]
39, 1, 14.81, [66076, 144434]
39, 2, 14.08, [85839, 66076]
39, 3, 10.89, [11388, 70194]
39, 4, 9.31, [66079, 144434]
39, 5, 8.34, [98062, 85838]
39, 6, 8.22, [70194, 70196]
39, 7, 6.89, [70199, 11925]
39, 8, 6.8, [93406, 100807]
39, 9, 6.54, [81178, 144434]
40, 0, 15.55, [66076, 11388]
40, 1, 14.81, [66076, 144434]
40, 2, 12.86, [66076, 127089]
40, 3, 10.24, [47392, 70364]
40, 4, 8.69, [66078, 144434]
40, 5, 7.63, [73931, 14198]
40, 6, 7.03, [66079, 279]
40, 7, 6.18, [96148, 94017]
40, 8, 6.15, [280, 11387]
40, 9, 5.71, [70195, 70194]
41, 0, 15.55, [66076, 11388]
41, 1, 14.81, [66076, 144434]
41, 2, 12.72, [66076, 100807]
41, 3, 11.07, [70196, 11388]
41, 4, 8.67, [56241, 98062]
41, 5, 8.23, [46, 59751]
41, 6, 8.22, [88, 1061]
41, 7, 7.63, [94016, 96144]
41, 8, 7.26, [70364, 12067]
41, 9, 6.65, [558, 76776]
42, 0, 15.55, [66076, 11388]
42, 1, 14.9, [66076, 144434]
42, 2, 14.81, [66076, 144434]
42, 3, 12.68, [66076, 127088]
42, 4, 10.85, [66076, 12067]
42, 5, 8.42, [87, 100807]
42, 6, 7.99, [66171, 13042]
42, 7, 7.22, [70196, 12067]
42, 8, 5.86, [56241, 11925]
42, 9, 5.0, [127089, 81178]
43, 0, 15.55, [66076, 11388]
43, 1, 14.9, [66076, 144434]
43, 2, 11.74, [66076, 11387]
43, 3, 10.89, [66076, 40788]
43, 4, 8.67, [70195, 11388]
43, 5, 8.48, [59751, 98065]
43, 6, 8.11, [11387, 47392]
43, 7, 6.33, [85838, 90]
43, 8, 6.27, [126458, 127089]
43, 9, 6.22, [70195, 127088]
44, 0, 15.55, [66076, 11388]
44, 1, 15.09, [66076, 11388]
44, 2, 14.9, [66076, 144434]
44, 3, 11.52, [66076, 6376]
44, 4, 9.62, [47392, 286]
44, 5, 9.05, [70195, 11388]
44, 6, 7.14, [47392, 12067]
44, 7, 6.77, [66078, 70365]
44, 8, 6.47, [1063, 59751]
44, 9, 6.03, [56239, 56241]
45, 0, 15.55, [66076, 11388]
45, 1, 15.09, [66076, 11388]
45, 2, 11.64, [144434, 11388]
45, 3, 10.88, [70194, 11388]
45, 4, 8.74, [89, 66079]
45, 5, 7.62, [76776, 70195]
45, 6, 6.48, [87, 80449]
45, 7, 6.21, [113477, 46]
45, 8, 6.17, [284, 11925]
45, 9, 5.86, [70194, 40786]
46, 0, 15.55, [66076, 11388]
46, 1, 15.09, [66076, 11388]
46, 2, 14.83, [66076, 11388]
46, 3, 13.52, [66076, 285]
46, 4, 8.96, [284, 73932]
46, 5, 8.11, [46, 14201]
46, 6, 8.04, [70194, 14201]
46, 7, 6.42, [14199, 11925]
46, 8, 6.37, [85838, 66171]
46, 9, 5.7, [11925, 278]
47, 0, 15.55, [66076, 11388]
47, 1, 15.09, [66076, 11388]
47, 2, 14.11, [66076, 62858]
47, 3, 12.93, [96148, 66076]
47, 4, 8.16, [87, 56241]
47, 5, 6.6, [91978, 11925]
47, 6, 6.5, [86, 80449]
47, 7, 5.74, [11387, 77088]
47, 8, 5.65, [66079, 148118]
47, 9, 5.0, [130282, 42918]
48, 0, 15.55, [66076, 11388]
48, 1, 15.09, [66076, 11388]
48, 2, 11.95, [66076, 11387]
48, 3, 9.19, [86, 76776]
48, 4, 7.43, [77088, 56240]
48, 5, 7.42, [66078, 285]
48, 6, 6.86, [46, 94017]
48, 7, 6.76, [66079, 14200]
48, 8, 6.48, [86543, 66167]
48, 9, 4.58, [94017, 11925]
49, 0, 15.55, [66076, 11388]
49, 1, 15.09, [66076, 11388]
49, 2, 13.65, [66076, 73932]
49, 3, 12.02, [66076, 14200]
49, 4, 9.5, [87, 11388]
49, 5, 8.57, [89, 11387]
49, 6, 8.39, [96147, 46]
49, 7, 6.84, [283, 11387]
49, 8, 6.8, [94015, 46]
49, 9, 6.7, [14201, 11387]
50, 0, 15.55, [66076, 11388]
50, 1, 15.09, [66076, 11388]
50, 2, 10.71, [144434, 70364]
50, 3, 10.42, [282, 11388]
50, 4, 10.24, [80450, 11388]
50, 5, 10.05, [96148, 11388]
50, 6, 8.56, [14200, 88]
50, 7, 7.63, [66171, 14198]
50, 8, 6.43, [100807, 1063]
50, 9, 6.24, [285, 90]
