generation number, pop_size, worst, best, median, avg, std, diversity, improvement, number_of_selections
0, 10, 4.0, 17.0, 5.73, 7.345000000000001, 3.9300362593747153,1.0,0,[1.e-300]
1, 10, 5.0, 17.0, 9.5, 10.448, 3.8624261805243605,0.8555555555555556,0.0,[1.e-300]
2, 10, 5.0, 17.0, 7.5, 9.901, 4.7442184814782715,0.8222222222222222,0.0,[1.e-300]
3, 10, 4.0, 17.0, 13.5, 11.556999999999999, 4.996422820378596,0.8666666666666667,0.0,[1.e-300]
4, 10, 2.62, 17.0, 12.0, 9.814, 5.217938673461006,0.8777777777777778,0.0,[1.e-300]
5, 10, 2.0, 17.0, 8.76, 10.001999999999999, 4.477056622380378,0.9444444444444444,0.0,[1.e-300]
6, 10, 3.0, 17.0, 7.0, 8.9, 4.825971404805462,0.9111111111111111,0.0,[1.e-300]
7, 10, 5.0, 17.0, 8.5, 9.7, 4.313930922024599,0.9333333333333333,0.0,[1.e-300]
8, 10, 3.47, 17.0, 13.0, 11.747, 5.292644046221133,0.8777777777777778,0.0,[1.e-300]
9, 10, 6.0, 17.0, 7.5, 9.5, 4.129164564412516,0.9333333333333333,0.0,[1.e-300]
10, 10, 6.54, 17.0, 12.0, 11.854000000000001, 4.093878845300627,0.8555555555555556,0.0,[1.e-300]
