num_genrations,diversity,improvement,best_fitness
0,1.0,0,252.45999999999896
1,0.8898148148148148,0.42691911589955056,360.23999999999904
2,0.4027777777777779,-0.29852320675105587,252.69999999999897
3,0.03981481481481475,0.0,252.69999999999897
4,0.1138888888888887,0.0007914523149979796,252.89999999999895
5,0.12407407407407389,0.0084223013048636,255.02999999999895
6,0.08796296296296302,0.0,255.02999999999895
7,0.10555555555555551,0.0,255.02999999999895
8,0.15833333333333333,0.021095557385405708,260.40999999999894
9,0.1777777777777777,0.0005376137629122804,260.54999999999893
10,0.10277777777777763,0.0,260.54999999999893
