n_nodes,influence,n0,n1,n2
3,14.0200,238272,69971,246883
3,14.0200,238272,69971,246883
3,14.0200,238272,69971,246883
3,14.0200,238272,69971,246883
3,14.0200,238272,69971,246883
3,14.0200,238272,69971,246883
3,14.0200,238272,69971,246883
3,14.0200,238272,69971,246883
3,14.0200,238272,69971,246883
3,14.0200,238272,69971,246883
3,14.0200,238272,69971,246883
3,14.0200,238272,69971,246883
3,14.0200,238272,69971,246883
3,14.0200,238272,69971,246883
3,14.0200,238272,69971,246883
3,14.0200,238272,69971,246883
