generation number, individual number, fitness, candidate
0, 0, 14.79, [3747, 3100, 3736]
0, 1, 13.35, [1032, 2598, 3752]
0, 2, 12.37, [3739, 4128, 1541]
0, 3, 9.86, [3746, 3761, 2595]
0, 4, 9.76, [4301, 2463, 181]
0, 5, 9.17, [3743, 1605, 1830]
0, 6, 9.13, [3102, 1315, 4131]
0, 7, 8.0, [2260, 275, 285]
0, 8, 7.0, [1588, 181, 3777]
0, 9, 5.91, [1322, 3734, 1006]
1, 0, 15.07, [3736, 2598, 3752]
1, 1, 14.79, [3747, 3100, 3736]
1, 2, 14.75, [1541, 2598, 3736]
1, 3, 14.3, [1541, 2598, 3736]
1, 4, 13.95, [1541, 2598, 3736]
1, 5, 13.44, [1032, 3100, 3737]
1, 6, 13.35, [1032, 2598, 3752]
1, 7, 12.67, [3739, 3100, 3752]
1, 8, 11.61, [3747, 3100, 3754]
1, 9, 11.4, [3747, 3100, 3754]
2, 0, 15.07, [3736, 2598, 3752]
2, 1, 15.02, [3739, 181, 3736]
2, 2, 14.79, [3747, 3100, 3736]
2, 3, 13.83, [3736, 3105, 3749]
2, 4, 13.11, [72, 693, 4130]
2, 5, 12.97, [3736, 3742, 3737]
2, 6, 11.61, [3746, 2598, 275]
2, 7, 11.2, [1541, 3752, 4184]
2, 8, 11.06, [702, 2598, 3754]
2, 9, 10.74, [1541, 1588, 3752]
3, 0, 17.03, [3747, 2229, 3736]
3, 1, 15.07, [3736, 2598, 3752]
3, 2, 15.02, [3739, 181, 3736]
3, 3, 14.92, [3736, 3105, 3758]
3, 4, 14.35, [3736, 4130, 3752]
3, 5, 14.19, [3756, 2156, 284]
3, 6, 13.85, [3736, 2156, 3749]
3, 7, 13.4, [3739, 1315, 3736]
3, 8, 12.95, [3736, 2598, 4108]
3, 9, 12.92, [3741, 3752, 3736]
4, 0, 17.21, [3747, 77, 3736]
4, 1, 17.03, [3747, 2229, 3736]
4, 2, 15.47, [3736, 3748, 2229]
4, 3, 15.07, [3736, 2598, 3752]
4, 4, 14.33, [33, 3752, 3736]
4, 5, 13.03, [3739, 1987, 3736]
4, 6, 11.62, [3737, 2598, 2229]
4, 7, 11.55, [3737, 2598, 2229]
4, 8, 11.12, [3105, 1828, 72]
4, 9, 10.97, [3747, 181, 3748]
5, 0, 17.34, [3750, 77, 3736]
5, 1, 17.21, [3747, 77, 3736]
5, 2, 17.03, [3747, 2229, 3736]
5, 3, 14.31, [3748, 159, 3736]
5, 4, 14.23, [3754, 2229, 4131]
5, 5, 13.75, [1322, 285, 3736]
5, 6, 12.17, [3745, 2229, 1896]
5, 7, 11.18, [275, 3755, 3746]
5, 8, 10.46, [3736, 2598, 263]
5, 9, 10.1, [3747, 3742, 4184]
6, 0, 17.34, [3750, 77, 3736]
6, 1, 17.21, [3747, 77, 3736]
6, 2, 16.0, [3754, 77, 3744]
6, 3, 13.43, [996, 77, 3737]
6, 4, 13.3, [3748, 2463, 3736]
6, 5, 12.79, [3747, 2463, 181]
6, 6, 12.65, [3755, 2229, 4131]
6, 7, 12.48, [3747, 2229, 3755]
6, 8, 12.41, [3748, 1896, 3736]
6, 9, 11.48, [3747, 159, 3749]
7, 0, 17.4, [3739, 77, 3736]
7, 1, 17.34, [3750, 77, 3736]
7, 2, 17.21, [3747, 77, 3736]
7, 3, 16.21, [3747, 77, 3752]
7, 4, 16.02, [3750, 2229, 3736]
7, 5, 15.89, [3752, 77, 3744]
7, 6, 14.91, [1006, 77, 3736]
7, 7, 14.37, [3748, 159, 3736]
7, 8, 14.32, [4108, 77, 702]
7, 9, 11.64, [3754, 77, 1588]
8, 0, 17.4, [3739, 77, 3736]
8, 1, 17.34, [3750, 77, 3736]
8, 2, 16.69, [3750, 1831, 3736]
8, 3, 14.84, [3750, 159, 3736]
8, 4, 14.39, [3750, 159, 3736]
8, 5, 12.86, [3747, 77, 3740]
8, 6, 11.95, [3739, 2229, 699]
8, 7, 11.94, [1092, 4301, 3736]
8, 8, 11.8, [3739, 3761, 3736]
8, 9, 11.63, [3747, 293, 3736]
9, 0, 19.06, [3752, 77, 3736]
9, 1, 17.4, [3739, 77, 3736]
9, 2, 17.34, [3750, 77, 3736]
9, 3, 16.75, [3753, 1831, 3736]
9, 4, 15.93, [3739, 284, 3736]
9, 5, 15.36, [3752, 77, 3759]
9, 6, 15.24, [3739, 284, 3736]
9, 7, 14.35, [3750, 77, 3749]
9, 8, 14.24, [3740, 77, 1541]
9, 9, 13.69, [3749, 1032, 3736]
10, 0, 19.06, [3752, 77, 3736]
10, 1, 17.4, [3739, 77, 3736]
10, 2, 16.18, [1541, 3105, 3736]
10, 3, 16.16, [3742, 77, 270]
10, 4, 14.62, [3750, 77, 3754]
10, 5, 12.72, [4184, 77, 3743]
10, 6, 12.06, [229, 2595, 3737]
10, 7, 10.95, [3752, 2261, 3750]
10, 8, 10.93, [293, 263, 3736]
10, 9, 9.82, [1834, 275, 1833]
