n_nodes,influence,n0,n1,n2,n3,n4,n5,n6,n7,n8,n9,n10,n11,n12,n13,n14
15,58.1400,207844,147716,172499,129161,81581,109012,21867,210887,78782,75550,59283,80949,133045,98041,52801
15,58.1100,147716,210887,129161,150857,21867,81581,159205,11791,225200,228531,59283,80949,133045,98041,52801
15,57.9700,207844,147716,172499,169844,58879,123596,146818,11791,225200,228531,59283,80949,133045,98041,52801
15,57.8800,207844,147716,172499,129161,81581,109012,21867,210887,78782,75550,59283,80949,133045,98041,52801
15,57.8300,207844,147716,172499,169844,58879,123596,146818,11791,225200,228531,59283,80949,133045,98041,52801
15,57.8300,207844,147716,172499,169844,58879,123596,146818,11791,225200,228531,59283,80949,133045,98041,52801
15,57.7300,207844,125195,1852,169844,58879,123596,146818,11791,225200,228531,59283,27715,230781,98041,52801
15,57.6400,52801,146818,207844,147716,123596,11791,225200,172499,169844,227730,59283,80949,133045,98041,58879
15,57.4400,207844,147716,172499,169844,58879,123596,146818,11791,225200,228531,59283,80949,133045,98041,52801
15,57.4300,207844,147716,172499,169844,58879,123596,146818,11791,225200,228531,59283,80949,133045,98041,52801
15,57.4300,207844,147716,172499,169844,58879,123596,146818,11791,225200,228531,59283,80949,133045,98041,52801
15,57.4300,207844,147716,172499,169844,58879,123596,146818,11791,225200,228531,59283,80949,133045,98041,52801
15,57.3400,52801,207844,147716,142004,129161,21867,81581,75550,172499,109012,59283,80949,133045,98041,78782
15,57.3400,52801,207844,147716,142004,129161,21867,81581,75550,172499,109012,59283,80949,133045,98041,78782
15,57.3400,52801,207844,147716,142004,129161,21867,81581,75550,172499,109012,59283,80949,133045,98041,78782
15,57.3400,52801,207844,147716,142004,129161,21867,81581,75550,172499,109012,59283,80949,133045,98041,78782
15,57.2600,147716,210887,129161,150857,21867,81581,159205,11791,225200,228531,59283,80949,133045,98041,52801
15,57.2100,207844,147716,172499,129161,81581,109012,21867,210887,78782,75550,59283,80949,133045,98041,52801
15,57.2100,207844,147716,172499,129161,81581,109012,21867,210887,78782,75550,59283,80949,133045,98041,52801
15,57.2100,207844,147716,172499,129161,81581,109012,21867,210887,78782,75550,59283,80949,133045,98041,52801
15,57.2100,207844,147716,172499,129161,81581,109012,21867,210887,78782,75550,59283,80949,133045,98041,52801
15,57.2100,207844,147716,172499,129161,81581,109012,21867,210887,78782,75550,59283,80949,133045,98041,52801
15,57.2100,207844,147716,172499,129161,81581,109012,21867,210887,78782,75550,59283,80949,133045,98041,52801
15,57.2100,207844,147716,172499,129161,81581,109012,21867,210887,78782,75550,59283,80949,133045,98041,52801
15,57.2100,207844,147716,172499,129161,81581,109012,21867,210887,78782,75550,59283,80949,133045,98041,52801
15,57.2100,207844,147716,172499,129161,81581,109012,21867,210887,78782,75550,59283,80949,133045,98041,52801
15,57.1000,207844,147716,172499,169844,58879,123596,146818,11791,225200,228531,59283,80949,133045,98041,52801
15,56.9400,52801,207844,147716,210887,129161,21867,81581,75550,172499,109012,59283,104822,133045,98041,78782
15,56.7900,52801,147716,210887,129161,21867,81581,75550,4494,172499,109012,59283,80949,133045,98041,78782
15,56.7900,52801,147716,210887,129161,21867,81581,75550,4494,172499,109012,59283,80949,133045,98041,78782
15,56.7900,52801,147716,210887,129161,21867,81581,75550,4494,172499,109012,59283,80949,133045,98041,78782
15,56.7900,52801,147716,210887,129161,21867,81581,75550,4494,172499,109012,59283,80949,133045,98041,78782
