n_nodes,influence,n0,n1,n2,n3,n4,n5,n6,n7,n8,n9,n10,n11,n12,n13,n14
15,27.0900,72130,182567,77864,39529,238548,215398,233958,249138,141247,205721,114142,2691,228272,84926,123456
15,26.9800,72130,182567,77864,39529,238548,215398,233958,249138,141247,205721,114142,2691,228272,84926,123456
15,26.9800,72130,182567,77864,39529,238548,215398,233958,249138,141247,205721,114142,2691,228272,84926,123456
15,26.9800,72130,182567,77864,39529,238548,215398,233958,249138,141247,205721,114142,2691,228272,84926,123456
15,26.9800,72130,182567,77864,39529,238548,215398,233958,249138,141247,205721,114142,2691,228272,84926,123456
15,26.9800,72130,182567,77864,39529,238548,215398,233958,249138,141247,205721,114142,2691,228272,84926,123456
15,26.9800,72130,182567,77864,39529,238548,215398,233958,249138,141247,205721,114142,2691,228272,84926,123456
15,26.9800,72130,182567,77864,39529,238548,215398,233958,249138,141247,205721,114142,2691,228272,84926,123456
15,26.9800,72130,182567,77864,39529,238548,215398,233958,249138,141247,205721,114142,2691,228272,84926,123456
15,26.9800,72130,182567,77864,39529,238548,215398,233958,249138,141247,205721,114142,2691,228272,84926,123456
15,26.9800,72130,182567,77864,39529,238548,215398,233958,249138,141247,205721,114142,2691,228272,84926,123456
15,26.9800,72130,182567,77864,39529,238548,215398,233958,249138,141247,205721,114142,2691,228272,84926,123456
15,26.9800,72130,182567,77864,39529,238548,215398,233958,249138,141247,205721,114142,2691,228272,84926,123456
15,26.9800,72130,182567,77864,39529,238548,215398,233958,249138,141247,205721,114142,2691,228272,84926,123456
15,26.9800,72130,182567,77864,39529,238548,215398,233958,249138,141247,205721,114142,2691,228272,84926,123456
15,26.9800,72130,182567,77864,39529,238548,215398,233958,249138,141247,205721,114142,2691,228272,84926,123456
15,26.9800,72130,182567,77864,39529,238548,215398,233958,249138,141247,205721,114142,2691,228272,84926,123456
15,26.9800,72130,182567,77864,39529,238548,215398,233958,249138,141247,205721,114142,2691,228272,84926,123456
15,26.9800,72130,182567,77864,39529,238548,215398,233958,249138,141247,205721,114142,2691,228272,84926,123456
15,26.9800,72130,182567,77864,39529,238548,215398,233958,249138,141247,205721,114142,2691,228272,84926,123456
15,26.9800,72130,182567,77864,39529,238548,215398,233958,249138,141247,205721,114142,2691,228272,84926,123456
15,26.9800,72130,182567,77864,39529,238548,215398,233958,249138,141247,205721,114142,2691,228272,84926,123456
15,26.9800,72130,182567,77864,39529,238548,215398,233958,249138,141247,205721,114142,2691,228272,84926,123456
15,26.9800,72130,182567,77864,39529,238548,215398,233958,249138,141247,205721,114142,2691,228272,84926,123456
15,26.9800,72130,182567,77864,39529,238548,215398,233958,249138,141247,205721,114142,2691,228272,84926,123456
15,26.9800,72130,182567,77864,39529,238548,215398,233958,249138,141247,205721,114142,2691,228272,84926,123456
15,26.9800,72130,182567,77864,39529,238548,215398,233958,249138,141247,205721,114142,2691,228272,84926,123456
15,26.9800,72130,182567,77864,39529,238548,215398,233958,249138,141247,205721,114142,2691,228272,84926,123456
15,26.9800,72130,182567,77864,39529,238548,215398,233958,249138,141247,205721,114142,2691,228272,84926,123456
15,26.9800,72130,182567,77864,39529,238548,215398,233958,249138,141247,205721,114142,2691,228272,84926,123456
15,26.9800,72130,182567,77864,39529,238548,215398,233958,249138,141247,205721,114142,2691,228272,84926,123456
15,26.9800,72130,182567,77864,39529,238548,215398,233958,249138,141247,205721,114142,2691,228272,84926,123456
