generation number, individual number, fitness, candidate
0, 0, 12.05, [119, 279, 3105]
0, 1, 11.79, [229, 693, 2156]
0, 2, 10.93, [1833, 1315, 3739]
0, 3, 10.22, [359, 4108, 229]
0, 4, 10.22, [269, 295, 1092]
0, 5, 9.89, [3758, 291, 2260]
0, 6, 8.16, [295, 1826, 1541]
0, 7, 8.14, [3734, 4301, 2229]
0, 8, 6.0, [3735, 4301, 1032]
0, 9, 5.07, [4130, 1588, 4184]
1, 0, 13.25, [1833, 3741, 3105]
1, 1, 12.84, [119, 101, 2156]
1, 2, 12.84, [119, 101, 2156]
1, 3, 12.47, [119, 24, 2156]
1, 4, 12.46, [702, 693, 3105]
1, 5, 12.36, [702, 693, 3105]
1, 6, 12.05, [119, 279, 3105]
1, 7, 11.79, [229, 693, 2156]
1, 8, 11.66, [229, 279, 4131]
1, 9, 11.59, [229, 24, 3105]
2, 0, 14.62, [1825, 229, 4130]
2, 1, 13.25, [1833, 3741, 3105]
2, 2, 12.84, [119, 101, 2156]
2, 3, 12.04, [1833, 359, 3752]
2, 4, 11.94, [1833, 3741, 4129]
2, 5, 11.85, [996, 3741, 3105]
2, 6, 11.3, [996, 3741, 3105]
2, 7, 10.83, [1833, 3758, 2156]
2, 8, 10.51, [1833, 101, 269]
2, 9, 9.55, [2464, 3741, 702]
3, 0, 15.31, [1825, 359, 2156]
3, 1, 14.97, [1825, 229, 269]
3, 2, 14.62, [1825, 229, 4130]
3, 3, 14.18, [119, 101, 1831]
3, 4, 13.6, [3397, 101, 2156]
3, 5, 13.25, [1833, 3741, 3105]
3, 6, 12.63, [996, 101, 3752]
3, 7, 12.2, [2463, 3741, 3105]
3, 8, 11.0, [1833, 229, 4129]
3, 9, 10.42, [1826, 101, 2156]
4, 0, 18.07, [1825, 693, 282]
4, 1, 17.01, [1825, 229, 2229]
4, 2, 16.53, [1825, 229, 2229]
4, 3, 15.31, [1825, 359, 2156]
4, 4, 14.97, [1825, 229, 269]
4, 5, 13.22, [1825, 359, 291]
4, 6, 12.53, [3760, 1896, 2156]
4, 7, 11.09, [275, 1896, 3741]
4, 8, 10.72, [4794, 546, 2156]
4, 9, 8.39, [3102, 2598, 2156]
5, 0, 19.27, [1825, 229, 77]
5, 1, 18.07, [1825, 693, 282]
5, 2, 17.01, [1825, 229, 2229]
5, 3, 16.08, [1825, 24, 2229]
5, 4, 15.91, [1825, 3397, 2229]
5, 5, 15.02, [1825, 229, 3397]
5, 6, 14.51, [1825, 693, 2463]
5, 7, 13.83, [1833, 229, 282]
5, 8, 13.82, [1825, 229, 285]
5, 9, 13.41, [3733, 702, 3746]
6, 0, 19.27, [1825, 229, 77]
6, 1, 18.73, [1825, 229, 77]
6, 2, 18.6, [1825, 702, 77]
6, 3, 18.07, [1825, 693, 282]
6, 4, 17.39, [1825, 229, 3752]
6, 5, 15.56, [1825, 3397, 72]
6, 6, 15.34, [1825, 293, 282]
6, 7, 14.68, [1825, 693, 1987]
6, 8, 13.39, [1825, 229, 1829]
6, 9, 12.13, [1826, 229, 282]
7, 0, 19.27, [1825, 229, 77]
7, 1, 18.73, [1825, 229, 77]
7, 2, 18.08, [1825, 24, 77]
7, 3, 17.26, [1825, 1322, 282]
7, 4, 16.59, [1825, 2400, 77]
7, 5, 14.22, [2229, 229, 4131]
7, 6, 13.87, [1825, 4130, 275]
7, 7, 11.21, [3753, 693, 3754]
7, 8, 9.69, [1825, 3734, 4794]
7, 9, 9.05, [270, 4128, 1006]
8, 0, 19.27, [1825, 229, 77]
8, 1, 18.73, [1825, 229, 77]
8, 2, 16.03, [1830, 1322, 77]
8, 3, 15.63, [1825, 689, 3737]
8, 4, 13.73, [1831, 702, 291]
8, 5, 13.19, [1825, 229, 996]
8, 6, 12.94, [3742, 4130, 275]
8, 7, 12.55, [279, 229, 275]
8, 8, 12.07, [3752, 229, 2400]
8, 9, 11.89, [1686, 229, 282]
9, 0, 19.27, [1825, 229, 77]
9, 1, 19.14, [1831, 229, 77]
9, 2, 18.76, [1831, 229, 77]
9, 3, 18.73, [1825, 229, 77]
9, 4, 17.48, [3105, 702, 77]
9, 5, 15.99, [1825, 1322, 159]
9, 6, 15.53, [1825, 702, 1541]
9, 7, 13.55, [1825, 3743, 3749]
9, 8, 12.57, [119, 295, 77]
9, 9, 11.95, [1825, 1322, 263]
10, 0, 19.27, [1825, 229, 77]
10, 1, 19.14, [1831, 229, 77]
10, 2, 17.57, [1831, 229, 282]
10, 3, 16.43, [1825, 24, 3100]
10, 4, 15.19, [1833, 229, 77]
10, 5, 14.12, [1825, 3743, 2595]
10, 6, 13.3, [1588, 229, 77]
10, 7, 13.2, [1825, 229, 2400]
10, 8, 12.94, [2260, 229, 3744]
10, 9, 12.06, [1831, 229, 263]
11, 0, 19.79, [1825, 3746, 77]
11, 1, 19.27, [1825, 229, 77]
11, 2, 19.14, [1831, 229, 77]
11, 3, 19.13, [1825, 229, 77]
11, 4, 16.39, [1831, 229, 159]
11, 5, 15.06, [119, 229, 77]
11, 6, 13.32, [2490, 284, 3100]
11, 7, 13.17, [352, 1032, 3100]
11, 8, 12.38, [2595, 229, 3754]
11, 9, 12.11, [3753, 702, 72]
12, 0, 19.79, [1825, 3746, 77]
12, 1, 19.27, [1825, 229, 77]
12, 2, 18.09, [1831, 3755, 77]
12, 3, 17.52, [4128, 3742, 77]
12, 4, 17.03, [1825, 3746, 284]
12, 5, 15.31, [1825, 284, 77]
12, 6, 15.04, [1834, 3746, 77]
12, 7, 13.39, [1825, 285, 101]
12, 8, 13.06, [1828, 229, 77]
12, 9, 13.02, [3748, 1833, 77]
13, 0, 19.79, [1825, 3746, 77]
13, 1, 19.27, [1825, 229, 77]
13, 2, 18.16, [1825, 3745, 77]
13, 3, 17.18, [693, 3746, 77]
13, 4, 15.41, [1825, 1040, 689]
13, 5, 13.01, [1825, 3745, 4131]
13, 6, 12.88, [4128, 4130, 77]
13, 7, 11.95, [1831, 3759, 1987]
13, 8, 9.5, [2260, 229, 263]
13, 9, 9.12, [1987, 3755, 2595]
14, 0, 19.79, [1825, 3746, 77]
14, 1, 19.27, [1825, 229, 77]
14, 2, 17.9, [1825, 3756, 77]
14, 3, 15.51, [1830, 229, 77]
14, 4, 13.63, [1825, 1321, 3741]
14, 5, 13.28, [1825, 2595, 2261]
14, 6, 12.95, [1825, 3750, 293]
14, 7, 12.35, [2595, 3746, 689]
14, 8, 11.75, [229, 3746, 3750]
14, 9, 11.54, [1828, 1040, 77]
15, 0, 20.4, [1825, 3100, 77]
15, 1, 19.79, [1825, 3746, 77]
15, 2, 19.27, [1825, 229, 77]
15, 3, 15.36, [1825, 3734, 77]
15, 4, 15.29, [1830, 229, 77]
15, 5, 15.17, [1825, 1321, 3752]
15, 6, 14.8, [1825, 229, 3749]
15, 7, 13.65, [1825, 4129, 3745]
15, 8, 13.47, [1825, 1831, 4130]
15, 9, 12.03, [1825, 3747, 4184]
16, 0, 20.4, [1825, 3100, 77]
16, 1, 19.79, [1825, 3746, 77]
16, 2, 16.83, [1825, 275, 77]
16, 3, 16.54, [1825, 3100, 275]
16, 4, 16.04, [4128, 3100, 2229]
16, 5, 15.54, [3758, 229, 77]
16, 6, 15.15, [359, 3744, 77]
16, 7, 12.45, [3737, 3749, 3105]
16, 8, 12.37, [1825, 3746, 263]
16, 9, 11.26, [3733, 702, 269]
17, 0, 20.4, [1825, 3100, 77]
17, 1, 19.79, [1825, 3746, 77]
17, 2, 19.24, [1825, 3741, 77]
17, 3, 18.15, [1825, 3100, 159]
17, 4, 16.16, [3745, 3100, 77]
17, 5, 16.04, [1830, 3100, 2229]
17, 6, 15.22, [4130, 3746, 77]
17, 7, 11.67, [2400, 3100, 275]
17, 8, 11.28, [279, 3100, 293]
17, 9, 10.39, [1826, 1322, 689]
18, 0, 20.4, [1825, 3100, 77]
18, 1, 20.31, [1831, 3100, 77]
18, 2, 19.79, [1825, 3746, 77]
18, 3, 18.19, [1825, 3747, 77]
18, 4, 16.32, [1825, 285, 77]
18, 5, 15.53, [3741, 1541, 77]
18, 6, 13.78, [1825, 3100, 3102]
18, 7, 11.91, [1825, 3741, 3735]
18, 8, 11.27, [293, 3100, 271]
18, 9, 10.25, [3740, 3100, 3758]
19, 0, 20.4, [1825, 3100, 77]
19, 1, 20.31, [1831, 3100, 77]
19, 2, 19.01, [1831, 3760, 77]
19, 3, 16.37, [1321, 3736, 77]
19, 4, 14.87, [1831, 3739, 3733]
19, 5, 14.82, [1830, 4130, 77]
19, 6, 13.91, [3749, 3747, 77]
19, 7, 13.73, [1831, 3100, 263]
19, 8, 11.39, [1833, 269, 159]
19, 9, 9.01, [1833, 1834, 275]
20, 0, 20.4, [1825, 3100, 77]
20, 1, 20.31, [1831, 3100, 77]
20, 2, 16.06, [1825, 3759, 77]
20, 3, 15.97, [1825, 3100, 546]
20, 4, 14.62, [1831, 3742, 33]
20, 5, 14.39, [1830, 3753, 77]
20, 6, 14.27, [1831, 3100, 263]
20, 7, 13.64, [1825, 3760, 269]
20, 8, 13.21, [1831, 1321, 3746]
20, 9, 12.04, [3745, 1825, 3756]
21, 0, 20.42, [1825, 3100, 77]
21, 1, 20.4, [1825, 3100, 77]
21, 2, 20.31, [1831, 3100, 77]
21, 3, 15.19, [1825, 3752, 33]
21, 4, 14.72, [282, 3100, 77]
21, 5, 14.44, [1830, 3759, 77]
21, 6, 14.06, [1831, 3100, 263]
21, 7, 13.04, [1825, 3102, 702]
21, 8, 13.04, [1315, 3100, 3750]
21, 9, 12.54, [1826, 3100, 693]
22, 0, 20.42, [1825, 3100, 77]
22, 1, 20.4, [1825, 3100, 77]
22, 2, 17.68, [1825, 689, 284]
22, 3, 16.75, [1831, 3100, 3746]
22, 4, 16.13, [1833, 3752, 77]
22, 5, 15.13, [3733, 287, 77]
22, 6, 14.83, [1830, 3100, 72]
22, 7, 11.31, [1686, 3100, 229]
22, 8, 11.27, [1830, 3100, 4184]
22, 9, 10.91, [1825, 1588, 3758]
23, 0, 20.5, [1825, 77, 3752]
23, 1, 20.42, [1825, 3100, 77]
23, 2, 20.4, [1825, 3100, 77]
23, 3, 18.66, [1825, 1032, 77]
23, 4, 17.64, [1825, 119, 77]
23, 5, 13.14, [1825, 3754, 293]
23, 6, 13.12, [279, 3100, 3750]
23, 7, 12.65, [1825, 4301, 284]
23, 8, 12.03, [3752, 3100, 263]
23, 9, 10.62, [295, 4301, 77]
24, 0, 20.5, [1825, 77, 3752]
24, 1, 20.42, [1825, 3100, 77]
24, 2, 17.87, [1825, 2260, 3736]
24, 3, 15.96, [1825, 1831, 3752]
24, 4, 15.54, [1825, 352, 159]
24, 5, 14.38, [2260, 3100, 3752]
24, 6, 14.23, [1825, 3100, 3102]
24, 7, 13.77, [1825, 3741, 271]
24, 8, 12.95, [1833, 77, 119]
24, 9, 12.53, [2598, 1833, 77]
25, 0, 20.67, [1825, 77, 3100]
25, 1, 20.5, [1825, 77, 3752]
25, 2, 20.42, [1825, 3100, 77]
25, 3, 17.35, [352, 77, 3752]
25, 4, 17.09, [3777, 3752, 77]
25, 5, 16.72, [4129, 77, 3100]
25, 6, 16.11, [546, 1831, 3752]
25, 7, 15.93, [181, 3753, 77]
25, 8, 15.9, [1825, 1040, 3752]
25, 9, 13.45, [689, 77, 159]
26, 0, 20.67, [1825, 77, 3100]
26, 1, 20.5, [1825, 77, 3752]
26, 2, 16.68, [1825, 3752, 275]
26, 3, 16.57, [1825, 2260, 3752]
26, 4, 16.42, [359, 77, 3100]
26, 5, 16.3, [1321, 77, 3752]
26, 6, 15.08, [1830, 693, 3752]
26, 7, 14.37, [352, 1829, 3100]
26, 8, 13.03, [1828, 77, 101]
26, 9, 10.96, [24, 263, 3100]
27, 0, 20.67, [1825, 77, 3100]
27, 1, 20.5, [1825, 77, 3752]
27, 2, 16.26, [1825, 275, 3752]
27, 3, 13.12, [1825, 546, 295]
27, 4, 12.66, [1686, 77, 702]
27, 5, 12.16, [689, 2260, 3743]
27, 6, 11.58, [285, 3749, 3100]
27, 7, 10.04, [1825, 4301, 3761]
27, 8, 9.31, [1040, 279, 285]
27, 9, 8.38, [1686, 3749, 4131]
28, 0, 20.67, [1825, 77, 3100]
28, 1, 20.5, [1825, 77, 3752]
28, 2, 18.0, [1830, 77, 3752]
28, 3, 17.87, [1825, 159, 3100]
28, 4, 17.58, [1825, 77, 3753]
28, 5, 17.45, [1825, 159, 3752]
28, 6, 16.49, [1825, 270, 3100]
28, 7, 16.47, [1825, 270, 3100]
28, 8, 15.99, [1834, 77, 3752]
28, 9, 15.02, [1825, 275, 702]
29, 0, 20.67, [1825, 77, 3100]
29, 1, 20.5, [1825, 77, 3752]
29, 2, 17.45, [3754, 77, 3100]
29, 3, 16.88, [1825, 287, 3752]
29, 4, 15.12, [1825, 4128, 1032]
29, 5, 14.77, [1825, 3754, 3752]
29, 6, 14.53, [1826, 77, 3752]
29, 7, 14.25, [1830, 77, 275]
29, 8, 13.46, [1825, 287, 2598]
29, 9, 13.26, [3754, 287, 3100]
30, 0, 20.67, [1825, 77, 3100]
30, 1, 20.5, [1825, 77, 3752]
30, 2, 17.64, [1825, 2260, 3736]
30, 3, 15.94, [689, 3736, 3100]
30, 4, 15.07, [1825, 285, 3100]
30, 5, 13.93, [1825, 263, 3100]
30, 6, 13.8, [1831, 119, 24]
30, 7, 13.59, [1825, 270, 3758]
30, 8, 13.51, [352, 269, 3100]
30, 9, 12.99, [2463, 77, 996]
31, 0, 20.67, [1825, 77, 3100]
31, 1, 20.5, [1825, 77, 3752]
31, 2, 17.48, [1825, 77, 3737]
31, 3, 16.24, [1825, 546, 3752]
31, 4, 15.89, [1828, 77, 3736]
31, 5, 15.75, [1828, 77, 3736]
31, 6, 14.48, [1825, 546, 181]
31, 7, 14.28, [1092, 77, 3758]
31, 8, 13.88, [287, 2260, 3100]
31, 9, 11.76, [1825, 2260, 4301]
32, 0, 20.67, [1825, 77, 3100]
32, 1, 20.5, [1825, 77, 3752]
32, 2, 17.96, [1825, 275, 3736]
32, 3, 16.38, [1825, 2598, 3752]
32, 4, 16.35, [1825, 3760, 3736]
32, 5, 16.05, [4108, 77, 3752]
32, 6, 15.68, [1987, 77, 3752]
32, 7, 14.57, [291, 77, 3741]
32, 8, 13.77, [1833, 77, 3737]
32, 9, 13.2, [1825, 263, 3752]
33, 0, 20.67, [1825, 77, 3100]
33, 1, 20.5, [1825, 77, 3752]
33, 2, 19.61, [1825, 159, 3736]
33, 3, 18.88, [24, 77, 3736]
33, 4, 18.77, [1825, 77, 101]
33, 5, 15.81, [1825, 270, 3100]
33, 6, 13.82, [1831, 295, 1322]
33, 7, 13.53, [1825, 275, 3753]
33, 8, 13.18, [1825, 4108, 3759]
33, 9, 12.91, [1825, 2261, 3749]
34, 0, 20.67, [1825, 77, 3100]
34, 1, 20.5, [1825, 77, 3752]
34, 2, 19.13, [1825, 77, 3741]
34, 3, 18.18, [1825, 77, 3746]
34, 4, 17.23, [4108, 77, 3736]
34, 5, 16.57, [1825, 2595, 3100]
34, 6, 14.55, [1825, 263, 3736]
34, 7, 14.52, [1825, 159, 295]
34, 8, 12.37, [1825, 1040, 4131]
34, 9, 12.11, [2598, 295, 3752]
35, 0, 20.67, [1825, 77, 3100]
35, 1, 20.5, [1825, 77, 3752]
35, 2, 17.52, [1825, 77, 3758]
35, 3, 16.71, [1830, 77, 3100]
35, 4, 16.61, [1825, 284, 352]
35, 5, 14.82, [3777, 77, 1032]
35, 6, 14.59, [284, 3739, 3752]
35, 7, 14.51, [1825, 275, 1831]
35, 8, 12.93, [1828, 77, 3741]
35, 9, 12.73, [1825, 263, 3752]
36, 0, 20.67, [1825, 77, 3100]
36, 1, 20.5, [1825, 77, 3752]
36, 2, 18.96, [1825, 77, 3741]
36, 3, 18.8, [1825, 77, 3741]
36, 4, 17.53, [1825, 77, 3758]
36, 5, 16.28, [1833, 77, 3752]
36, 6, 16.25, [1825, 275, 3100]
36, 7, 14.66, [1825, 3758, 159]
36, 8, 13.11, [1825, 3737, 4131]
36, 9, 13.0, [3759, 77, 3756]
37, 0, 20.67, [1825, 77, 3100]
37, 1, 20.5, [1825, 77, 3752]
37, 2, 17.23, [1825, 77, 2463]
37, 3, 15.18, [1825, 3735, 77]
37, 4, 14.76, [1825, 3761, 3100]
37, 5, 14.41, [1825, 270, 1315]
37, 6, 14.05, [1828, 77, 3752]
37, 7, 13.81, [1825, 3749, 3756]
37, 8, 11.61, [1826, 229, 3100]
37, 9, 11.08, [3777, 24, 3741]
38, 0, 20.67, [1825, 77, 3100]
38, 1, 20.5, [1825, 77, 3752]
38, 2, 15.5, [1825, 2463, 3100]
38, 3, 15.38, [1825, 77, 699]
38, 4, 14.54, [1828, 3100, 77]
38, 5, 14.18, [275, 77, 3760]
38, 6, 12.93, [2463, 270, 3752]
38, 7, 12.35, [3753, 275, 3100]
38, 8, 12.19, [1825, 1829, 3750]
38, 9, 11.98, [1831, 3760, 3734]
39, 0, 20.67, [1825, 77, 3100]
39, 1, 20.5, [1825, 77, 3752]
39, 2, 16.22, [1825, 181, 24]
39, 3, 16.21, [1825, 3742, 2595]
39, 4, 15.99, [1825, 3754, 3100]
39, 5, 15.57, [1825, 2595, 3752]
39, 6, 15.5, [3752, 2156, 3100]
39, 7, 14.1, [1825, 2490, 689]
39, 8, 13.84, [1825, 3739, 3758]
39, 9, 11.51, [293, 2261, 3100]
40, 0, 20.86, [1825, 77, 3100]
40, 1, 20.67, [1825, 77, 3100]
40, 2, 20.5, [1825, 77, 3752]
40, 3, 17.79, [1830, 77, 3752]
40, 4, 17.05, [72, 77, 3754]
40, 5, 16.21, [1825, 77, 270]
40, 6, 15.61, [3737, 77, 101]
40, 7, 14.58, [4108, 159, 1825]
40, 8, 10.62, [1825, 1321, 263]
40, 9, 9.54, [1833, 275, 359]
41, 0, 20.86, [1825, 77, 3100]
41, 1, 20.67, [1825, 77, 3100]
41, 2, 17.57, [4128, 77, 689]
41, 3, 15.3, [3761, 77, 3100]
41, 4, 15.09, [1825, 702, 275]
41, 5, 14.68, [1686, 77, 3752]
41, 6, 14.11, [1825, 3743, 359]
41, 7, 12.92, [1322, 77, 4794]
41, 8, 11.75, [1825, 119, 4794]
41, 9, 10.91, [1825, 1605, 3756]
42, 0, 20.86, [1825, 77, 3100]
42, 1, 20.67, [1825, 77, 3100]
42, 2, 16.67, [4129, 77, 3100]
42, 3, 15.23, [1825, 4128, 275]
42, 4, 14.74, [1831, 77, 1588]
42, 5, 14.73, [1833, 77, 689]
42, 6, 14.63, [1825, 77, 282]
42, 7, 14.04, [4128, 77, 3740]
42, 8, 13.71, [284, 77, 2156]
42, 9, 13.69, [1828, 77, 689]
43, 0, 20.86, [1825, 77, 3100]
43, 1, 20.67, [1825, 77, 3100]
43, 2, 17.97, [1825, 77, 4131]
43, 3, 17.67, [3746, 77, 3736]
43, 4, 15.83, [270, 77, 3100]
43, 5, 15.79, [3749, 77, 3742]
43, 6, 14.96, [282, 1040, 3100]
43, 7, 14.86, [285, 77, 3100]
43, 8, 14.77, [1826, 77, 3100]
43, 9, 14.63, [229, 1032, 3100]
44, 0, 20.86, [1825, 77, 3100]
44, 1, 20.67, [1825, 77, 3100]
44, 2, 17.74, [1825, 3397, 3736]
44, 3, 16.93, [1825, 77, 2400]
44, 4, 15.4, [1825, 72, 3737]
44, 5, 14.66, [1825, 275, 1541]
44, 6, 13.99, [2598, 77, 279]
44, 7, 12.85, [293, 77, 3759]
44, 8, 11.68, [1315, 2598, 4128]
44, 9, 10.42, [291, 702, 4131]
45, 0, 20.86, [1825, 77, 3100]
45, 1, 20.67, [1825, 77, 3100]
45, 2, 15.27, [1825, 3746, 3100]
45, 3, 13.68, [1092, 3752, 3100]
45, 4, 12.66, [3750, 159, 284]
45, 5, 12.48, [3741, 77, 282]
45, 6, 12.39, [282, 77, 702]
45, 7, 10.96, [3755, 285, 3100]
45, 8, 10.21, [702, 3737, 4108]
45, 9, 10.01, [2490, 3736, 3102]
46, 0, 20.86, [1825, 77, 3100]
46, 1, 20.67, [1825, 77, 3100]
46, 2, 16.33, [1040, 77, 3100]
46, 3, 16.09, [1040, 77, 3100]
46, 4, 15.89, [282, 275, 3100]
46, 5, 15.61, [1831, 546, 284]
46, 6, 15.31, [279, 77, 3741]
46, 7, 14.85, [702, 3752, 3100]
46, 8, 14.0, [1825, 1322, 3737]
46, 9, 13.19, [1825, 3752, 1605]
47, 0, 20.86, [1825, 77, 3100]
47, 1, 20.67, [1825, 77, 3100]
47, 2, 19.3, [3105, 77, 3100]
47, 3, 16.38, [1831, 4129, 3100]
47, 4, 16.19, [3758, 77, 3100]
47, 5, 14.57, [101, 3744, 3100]
47, 6, 13.21, [1825, 263, 3100]
47, 7, 13.15, [359, 3105, 3100]
47, 8, 12.42, [24, 229, 3100]
47, 9, 11.42, [279, 3733, 1315]
48, 0, 20.86, [1825, 77, 3100]
48, 1, 20.67, [1825, 77, 3100]
48, 2, 17.72, [229, 77, 3100]
48, 3, 17.49, [1825, 275, 3100]
48, 4, 17.06, [1825, 77, 293]
48, 5, 15.49, [72, 77, 1834]
48, 6, 13.72, [1833, 77, 1834]
48, 7, 12.65, [1987, 77, 3102]
48, 8, 12.41, [3754, 77, 2464]
48, 9, 10.74, [275, 3734, 3100]
49, 0, 20.86, [1825, 77, 3100]
49, 1, 20.67, [1825, 77, 3100]
49, 2, 18.32, [1829, 77, 3100]
49, 3, 15.86, [33, 77, 3100]
49, 4, 14.2, [181, 3740, 3736]
49, 5, 14.19, [1315, 275, 3100]
49, 6, 12.63, [3754, 275, 3100]
49, 7, 12.58, [3750, 77, 699]
49, 8, 10.8, [1588, 287, 3100]
49, 9, 10.37, [1825, 1092, 1828]
50, 0, 20.86, [1825, 77, 3100]
50, 1, 20.67, [1825, 77, 3100]
50, 2, 18.18, [1825, 159, 3100]
50, 3, 15.52, [1825, 77, 4794]
50, 4, 15.03, [1825, 287, 3760]
50, 5, 14.0, [1541, 159, 2156]
50, 6, 13.98, [1829, 159, 1032]
50, 7, 13.88, [1825, 291, 1032]
50, 8, 13.86, [1829, 3105, 3741]
50, 9, 12.15, [4129, 2229, 33]
