generation number, individual number, fitness, candidate
0, 0, 3.3, [3736, 3744, 3752]
0, 1, 3.15, [3739, 4128, 1541]
0, 2, 3.09, [1032, 2598, 3752]
0, 3, 3.09, [3743, 1605, 1830]
0, 4, 3.09, [4301, 2463, 181]
0, 5, 3.09, [3746, 3761, 2595]
0, 6, 3.06, [3102, 1315, 4131]
0, 7, 3.02, [2260, 275, 285]
0, 8, 3.02, [1322, 3734, 1006]
0, 9, 3.02, [1588, 181, 3777]
1, 0, 3.3, [3736, 3744, 3752]
1, 1, 3.2, [3739, 3744, 3741]
1, 2, 3.18, [3736, 1605, 1825]
1, 3, 3.16, [3743, 3758, 3752]
1, 4, 3.16, [3750, 295, 3739]
1, 5, 3.15, [3739, 4128, 1541]
1, 6, 3.14, [3743, 4129, 3752]
1, 7, 3.14, [3739, 4130, 3752]
1, 8, 3.13, [3739, 4129, 181]
1, 9, 3.12, [3736, 3744, 119]
2, 0, 3.3, [3736, 3744, 3752]
2, 1, 3.27, [3739, 3736, 3752]
2, 2, 3.23, [3740, 3744, 3741]
2, 3, 3.21, [3736, 3744, 359]
2, 4, 3.2, [3739, 3744, 3741]
2, 5, 3.17, [3739, 3744, 1315]
2, 6, 3.17, [3736, 3744, 1833]
2, 7, 3.16, [3736, 1605, 546]
2, 8, 3.12, [3739, 3744, 291]
2, 9, 3.11, [3753, 1605, 1825]
3, 0, 3.3, [3736, 3744, 3752]
3, 1, 3.27, [3739, 3736, 3752]
3, 2, 3.2, [3740, 1322, 3752]
3, 3, 3.18, [3736, 3744, 3754]
3, 4, 3.17, [3739, 3744, 3750]
3, 5, 3.16, [3739, 3736, 3100]
3, 6, 3.14, [3739, 3736, 2261]
3, 7, 3.13, [3736, 2463, 3760]
3, 8, 3.12, [2229, 3744, 3741]
3, 9, 3.1, [3740, 3744, 3756]
4, 0, 3.3, [3736, 3744, 3752]
4, 1, 3.27, [3739, 3736, 3752]
4, 2, 3.25, [3742, 3752, 3758]
4, 3, 3.22, [269, 3744, 689]
4, 4, 3.21, [3739, 1321, 3752]
4, 5, 3.21, [3754, 3736, 4128]
4, 6, 3.16, [3755, 3744, 3752]
4, 7, 3.16, [3753, 3736, 3754]
4, 8, 3.14, [3740, 3736, 159]
4, 9, 3.13, [3740, 3754, 3752]
5, 0, 3.32, [3742, 3752, 3736]
5, 1, 3.3, [3736, 3744, 3752]
5, 2, 3.27, [3736, 3744, 3745]
5, 3, 3.27, [3739, 3736, 3752]
5, 4, 3.26, [3754, 3736, 689]
5, 5, 3.24, [3742, 689, 3759]
5, 6, 3.24, [3750, 3744, 3752]
5, 7, 3.18, [3736, 3758, 3739]
5, 8, 3.14, [3742, 699, 33]
5, 9, 3.13, [3758, 3102, 3752]
6, 0, 3.32, [3742, 3752, 3736]
6, 1, 3.3, [3736, 3744, 3752]
6, 2, 3.18, [3736, 3758, 3753]
6, 3, 3.18, [1032, 3752, 3744]
6, 4, 3.17, [3760, 3750, 3759]
6, 5, 3.15, [275, 3744, 3750]
6, 6, 3.14, [3761, 3744, 3752]
6, 7, 3.12, [1605, 689, 3100]
6, 8, 3.11, [3745, 1828, 3752]
6, 9, 3.1, [3742, 699, 295]
7, 0, 3.32, [3742, 3752, 3736]
7, 1, 3.3, [3736, 3744, 3752]
7, 2, 3.21, [3742, 3753, 3758]
7, 3, 3.21, [3742, 3750, 282]
7, 4, 3.2, [3736, 3752, 3753]
7, 5, 3.18, [3746, 3758, 3752]
7, 6, 3.18, [3742, 3744, 3736]
7, 7, 3.16, [1686, 3752, 3744]
7, 8, 3.15, [3733, 3758, 3752]
7, 9, 3.14, [3736, 3758, 3756]
8, 0, 3.32, [3742, 3752, 3736]
8, 1, 3.3, [3736, 3744, 3752]
8, 2, 3.25, [3736, 3760, 3752]
8, 3, 3.25, [2598, 3752, 3100]
8, 4, 3.24, [3736, 3752, 4108]
8, 5, 3.2, [3743, 3761, 3736]
8, 6, 3.16, [3736, 3749, 1092]
8, 7, 3.16, [3736, 2490, 3750]
8, 8, 3.15, [2260, 3752, 3755]
8, 9, 3.13, [3736, 1825, 269]
9, 0, 3.32, [3742, 3752, 3736]
9, 1, 3.3, [3736, 3744, 3752]
9, 2, 3.23, [279, 3752, 2229]
9, 3, 3.22, [3736, 3760, 101]
9, 4, 3.21, [3736, 291, 3752]
9, 5, 3.19, [2463, 3742, 3736]
9, 6, 3.18, [3742, 2229, 3743]
9, 7, 3.16, [3734, 3752, 72]
9, 8, 3.13, [3740, 3744, 270]
9, 9, 3.11, [3735, 3760, 3752]
10, 0, 3.32, [3742, 3752, 3736]
10, 1, 3.3, [3761, 3752, 3736]
10, 2, 3.3, [3736, 3744, 3752]
10, 3, 3.23, [3744, 3750, 3736]
10, 4, 3.22, [3755, 2229, 3746]
10, 5, 3.2, [2260, 3752, 3744]
10, 6, 3.18, [3752, 72, 3736]
10, 7, 3.17, [3743, 2229, 3752]
10, 8, 3.14, [3755, 3740, 3736]
10, 9, 3.13, [1825, 101, 2229]
