n_nodes,influence,n0,n1,n2,n3,n4,n5,n6,n7,n8,n9,n10,n11,n12,n13,n14,n15,n16,n17,n18,n19,n20
21,81.7976,8969,31882,17468,68492,72728,16675,55209,2346,2991,55221,8906,1868,59348,45792,66146,54498,47208,32367,21367,29176,34044
21,81.7976,8969,31882,17468,68492,72728,16675,55209,2346,2991,55221,8906,1868,59348,45792,66146,54498,47208,32367,21367,29176,34044
21,81.6309,8969,31882,68492,72728,16675,55209,2346,2991,55221,17468,8906,1868,59348,45792,66146,34908,47208,32367,21367,29176,34044
21,81.2653,55209,34044,2991,72728,16561,32367,21367,59348,16675,2346,1868,31882,45792,68492,8906,55221,47208,71051,54498,8969,29176
21,81.2653,55209,34044,2991,72728,16561,32367,21367,59348,16675,2346,1868,31882,45792,68492,8906,55221,47208,71051,54498,8969,29176
21,81.2653,8969,31882,71051,68492,72728,16675,55209,2346,2991,16561,55221,8906,1868,74506,45792,54498,47208,32367,21367,29176,34044
21,81.2653,55209,34044,2991,72728,16561,32367,21367,59348,16675,2346,1868,31882,45792,68492,8906,55221,47208,71051,54498,8969,29176
21,81.2653,55209,34044,2991,72728,16561,32367,21367,59348,16675,2346,1868,31882,45792,68492,8906,55221,47208,71051,54498,8969,29176
21,81.2653,55209,34044,2991,72728,16561,32367,21367,59348,16675,2346,1868,31882,45792,68492,8906,55221,47208,71051,54498,8969,29176
21,81.2653,55209,34044,2991,72728,16561,32367,21367,59348,16675,2346,1868,31882,45792,68492,8906,55221,47208,71051,54498,8969,29176
21,81.2653,55209,34044,2991,72728,16561,32367,21367,59348,16675,2346,1868,31882,45792,68492,8906,55221,47208,71051,54498,8969,29176
21,81.2653,55209,34044,2991,72728,16561,32367,21367,59348,16675,2346,1868,31882,45792,68492,8906,55221,47208,71051,54498,8969,29176
21,81.2653,55209,34044,2991,72728,16561,32367,21367,59348,16675,2346,1868,31882,45792,68492,8906,55221,47208,71051,54498,8969,29176
21,81.2653,55209,34044,2991,72728,16561,32367,21367,59348,16675,2346,1868,31882,45792,68492,8906,55221,47208,71051,54498,8969,29176
21,81.2653,55209,34044,2991,72728,16561,32367,21367,59348,16675,2346,1868,31882,45792,68492,8906,55221,47208,71051,54498,8969,29176
21,81.2653,55209,34044,2991,72728,16561,32367,21367,59348,16675,2346,1868,31882,45792,68492,8906,55221,47208,71051,54498,8969,29176
