generation number, pop_size, worst, best, median, avg, std, diversity, improvement, number_of_selections
0, 10, 3.0, 3.16, 3.06, 3.0780000000000003, 0.06257795138864812,0.9407407407407408,0,[1.e-300]
1, 10, 3.03, 3.2, 3.14, 3.121, 0.05430469592954198,0.6888888888888889,0.012658227848101276,[1.e-300]
2, 10, 3.01, 3.2, 3.04, 3.0809999999999995, 0.07395268757793741,0.8740740740740741,0.0,[1.e-300]
3, 10, 3.0, 3.2, 3.1, 3.109, 0.07020683727387247,0.8222222222222222,0.0,[1.e-300]
4, 10, 3.02, 3.2, 3.05, 3.0900000000000003, 0.07099295739719552,0.8518518518518519,0.0,[1.e-300]
5, 10, 3.04, 3.21, 3.1500000000000004, 3.136, 0.06036555309114633,0.6814814814814815,0.0031249999999999334,[1.e-300]
6, 10, 3.02, 3.21, 3.0700000000000003, 3.093, 0.06900000000000008,0.8,0.0,[1.e-300]
7, 10, 3.02, 3.21, 3.115, 3.111, 0.07300000000000006,0.7259259259259259,0.0,[1.e-300]
8, 10, 3.01, 3.21, 3.08, 3.0879999999999996, 0.07400000000000008,0.8222222222222222,0.0,[1.e-300]
9, 10, 3.03, 3.21, 3.1399999999999997, 3.129, 0.05734980383575871,0.6962962962962963,0.0,[1.e-300]
10, 10, 3.0, 3.21, 3.1, 3.113, 0.059338014796587235,0.6370370370370371,0.0,[1.e-300]
