num_genrations,diversity,improvement,best_fitness
0,1.0,0,25.45
1,0.8616666666666667,0.0,25.45
2,0.725,0.13241650294695487,28.82
3,0.5933333333333333,0.0,28.82
4,0.5700000000000001,0.0,28.82
5,0.5683333333333334,0.11762664816099933,32.21
6,0.4916666666666667,0.01676497981993167,32.75
7,0.12666666666666648,0.02656488549618313,33.62
8,0.0,0.006246281975014898,33.83
9,0.02499999999999991,0.040201005025125615,35.19
10,0.0,0.0,35.19
11,0.0,0.0,35.19
12,0.0,0.0,35.19
13,0.0,0.0,35.19
14,0.0,0.0,35.19
15,0.0,0.0,35.19
16,0.0,0.0,35.19
17,0.0,0.0,35.19
18,0.0,0.0,35.19
19,0.0,0.0,35.19
20,0.0,0.0,35.19
