generation number, individual number, fitness, candidate
0, 0, 3.13, [541, 77, 279]
0, 1, 3.08, [275, 277, 1086]
0, 2, 3.06, [1087, 104, 250]
0, 3, 3.06, [1082, 250, 2599]
0, 4, 3.05, [2762, 2593, 265]
0, 5, 3.04, [301, 3135, 222]
0, 6, 3.04, [266, 291, 1086]
0, 7, 3.03, [244, 256, 301]
0, 8, 3.03, [222, 2712, 275]
0, 9, 3.01, [250, 343, 2765]
1, 0, 3.15, [77, 277, 1086]
1, 1, 3.13, [541, 77, 279]
1, 2, 3.09, [1082, 250, 277]
1, 3, 3.09, [278, 277, 2599]
1, 4, 3.08, [1082, 2599, 279]
1, 5, 3.08, [275, 277, 1086]
1, 6, 3.05, [91, 250, 2599]
1, 7, 3.05, [301, 77, 279]
1, 8, 3.05, [1087, 277, 301]
1, 9, 3.04, [103, 2599, 279]
2, 0, 3.15, [77, 277, 1086]
2, 1, 3.13, [222, 250, 277]
2, 2, 3.13, [541, 77, 279]
2, 3, 3.1, [77, 3135, 279]
2, 4, 3.1, [1082, 275, 277]
2, 5, 3.08, [103, 77, 1086]
2, 6, 3.08, [2512, 277, 279]
2, 7, 3.08, [1082, 2512, 279]
2, 8, 3.07, [4602, 277, 250]
2, 9, 3.04, [77, 2950, 250]
3, 0, 3.19, [295, 277, 279]
3, 1, 3.15, [77, 277, 1086]
3, 2, 3.13, [222, 250, 277]
3, 3, 3.12, [77, 256, 279]
3, 4, 3.08, [301, 277, 279]
3, 5, 3.08, [149, 77, 1086]
3, 6, 3.08, [222, 250, 277]
3, 7, 3.06, [541, 77, 301]
3, 8, 3.05, [541, 1082, 1086]
3, 9, 3.05, [316, 277, 279]
4, 0, 3.19, [295, 277, 279]
4, 1, 3.15, [77, 277, 1086]
4, 2, 3.13, [295, 277, 266]
4, 3, 3.13, [295, 226, 1086]
4, 4, 3.1, [295, 285, 279]
4, 5, 3.09, [77, 277, 220]
4, 6, 3.09, [77, 277, 2525]
4, 7, 3.08, [77, 283, 279]
4, 8, 3.06, [2513, 277, 1086]
4, 9, 3.06, [77, 874, 541]
5, 0, 3.19, [295, 277, 279]
5, 1, 3.15, [77, 277, 1086]
5, 2, 3.12, [193, 277, 279]
5, 3, 3.11, [103, 226, 279]
5, 4, 3.08, [77, 277, 81]
5, 5, 3.08, [300, 2513, 159]
5, 6, 3.08, [295, 277, 2513]
5, 7, 3.06, [2765, 277, 279]
5, 8, 3.05, [76, 277, 279]
5, 9, 3.04, [295, 283, 220]
6, 0, 3.2, [295, 77, 1086]
6, 1, 3.19, [295, 277, 2512]
6, 2, 3.19, [295, 277, 279]
6, 3, 3.17, [193, 277, 283]
6, 4, 3.15, [77, 1086, 279]
6, 5, 3.15, [77, 277, 1086]
6, 6, 3.12, [295, 277, 285]
6, 7, 3.09, [300, 277, 279]
6, 8, 3.06, [295, 622, 3716]
6, 9, 3.06, [244, 277, 279]
7, 0, 3.2, [295, 77, 1086]
7, 1, 3.19, [295, 277, 2512]
7, 2, 3.14, [193, 77, 279]
7, 3, 3.12, [295, 91, 1086]
7, 4, 3.11, [256, 277, 1086]
7, 5, 3.11, [295, 3135, 2512]
7, 6, 3.11, [279, 277, 1086]
7, 7, 3.1, [283, 77, 279]
7, 8, 3.1, [193, 277, 1086]
7, 9, 3.1, [2950, 77, 2512]
8, 0, 3.2, [295, 77, 1086]
8, 1, 3.19, [295, 277, 2512]
8, 2, 3.18, [295, 277, 2512]
8, 3, 3.13, [295, 874, 2512]
8, 4, 3.12, [295, 264, 2512]
8, 5, 3.12, [295, 77, 159]
8, 6, 3.11, [295, 275, 1086]
8, 7, 3.1, [534, 277, 1086]
8, 8, 3.08, [193, 103, 1086]
8, 9, 3.08, [1087, 277, 1086]
9, 0, 3.2, [295, 77, 1086]
9, 1, 3.19, [295, 277, 2512]
9, 2, 3.16, [295, 77, 300]
9, 3, 3.15, [295, 279, 1086]
9, 4, 3.15, [295, 277, 265]
9, 5, 3.14, [295, 277, 222]
9, 6, 3.14, [295, 77, 269]
9, 7, 3.13, [295, 2765, 1086]
9, 8, 3.13, [1811, 77, 2512]
9, 9, 3.13, [295, 1811, 2512]
10, 0, 3.2, [295, 77, 1086]
10, 1, 3.19, [295, 277, 2512]
10, 2, 3.13, [295, 300, 2512]
10, 3, 3.12, [1811, 277, 1086]
10, 4, 3.1, [295, 277, 250]
10, 5, 3.08, [4602, 77, 222]
10, 6, 3.07, [295, 285, 2512]
10, 7, 3.07, [295, 278, 1086]
10, 8, 3.06, [295, 256, 2512]
10, 9, 3.04, [265, 77, 2512]
