n_nodes,influence,n0,n1,n2,n3,n4
5,1240.7300,6274,10327,15814,29141,15798
5,1240.7300,6274,10327,15814,29141,15798
5,1240.7300,6274,10327,15814,29141,15798
5,1240.7300,6274,10327,15814,29141,15798
5,1240.7300,6274,10327,15814,29141,15798
5,1240.7300,6274,10327,15814,29141,15798
5,1240.7300,6274,10327,15814,29141,15798
5,1240.7300,6274,10327,15814,29141,15798
5,1240.7300,6274,10327,15814,29141,15798
5,1240.7300,6274,10327,15814,29141,15798
5,1240.7300,6274,10327,15814,29141,15798
5,1152.0800,6274,15814,6511,29141,15798
5,872.6600,6274,33032,15814,29141,15798
5,872.6600,6274,33032,15814,29141,15798
5,872.6600,6274,33032,15814,29141,15798
5,872.6600,6274,33032,15814,29141,15798
