n_nodes,influence,n0,n1,n2,n3,n4
5,1200.5600,766,375,4092,3866,71399
5,1197.5100,766,375,4092,3866,71399
5,1195.5500,766,375,4092,3866,71399
5,1195.5500,766,375,4092,3866,71399
5,1195.5500,766,375,4092,3866,71399
5,1192.8400,766,375,4092,3866,71399
5,1191.8300,766,375,4092,3866,71399
5,1191.8300,766,375,4092,3866,71399
5,1191.8300,766,375,4092,3866,71399
5,1191.8300,766,375,4092,3866,71399
5,1191.8300,766,375,4092,3866,71399
5,1191.8300,766,375,4092,3866,71399
5,1191.8300,766,375,4092,3866,71399
5,1191.8300,766,375,4092,3866,71399
5,1189.8000,766,375,4092,3866,71399
5,1188.0800,766,375,4092,3866,71399
5,1188.0000,766,375,4092,3866,71399
5,1188.0000,766,375,4092,3866,71399
5,1187.6900,766,375,4092,3866,71399
5,1187.6900,766,375,4092,3866,71399
5,1187.6900,766,375,4092,3866,71399
5,1187.6900,766,375,4092,3866,71399
5,1187.6900,766,375,4092,3866,71399
5,1187.6900,766,375,4092,3866,71399
5,1187.6900,766,375,4092,3866,71399
5,1187.6900,766,375,4092,3866,71399
5,1187.6900,766,375,4092,3866,71399
5,1187.5200,766,375,4092,3866,71399
5,1187.5200,766,375,4092,3866,71399
5,1185.8900,766,375,4092,3866,71399
5,1184.8100,766,375,4092,3866,71399
5,1184.6000,766,375,4092,3866,71399
5,1183.9800,766,375,4092,3866,71399
5,1183.9800,766,375,4092,3866,71399
5,1182.9900,766,375,4092,3866,71399
5,1182.9900,766,375,4092,3866,71399
5,1182.4000,766,375,4092,3866,71399
5,1182.2000,766,375,4092,3866,71399
5,1181.7700,71399,375,2938,4092,766
5,1180.8900,766,375,4092,3866,71399
5,1180.6900,766,375,4092,1005,71399
5,1180.2300,766,375,4092,3866,71399
5,1180.1200,766,375,4092,3866,71399
5,1179.9600,766,375,4092,3866,71399
5,1179.9200,766,375,4092,3866,71399
5,1179.9200,766,375,4092,3866,71399
5,1179.9200,766,375,4092,3866,71399
5,1179.9200,766,375,4092,3866,71399
5,1179.9200,766,375,4092,3866,71399
5,1179.6300,766,375,4092,3866,71399
5,1179.6300,766,375,4092,3866,71399
5,1179.6300,766,375,4092,3866,71399
5,1179.6300,766,375,4092,3866,71399
5,1179.6300,766,375,4092,3866,71399
5,1179.6300,766,375,4092,3866,71399
5,1179.6300,766,375,4092,3866,71399
5,1179.6300,766,375,4092,3866,71399
5,1179.6300,766,375,4092,3866,71399
5,1179.6300,766,375,4092,3866,71399
5,1179.6300,766,375,4092,3866,71399
5,1179.6300,766,375,4092,3866,71399
5,1179.6300,766,375,4092,3866,71399
5,1179.6300,766,375,4092,3866,71399
5,1179.6300,766,375,4092,3866,71399
