generation number, individual number, fitness, candidate
0, 0, 3.19, [2400, 693, 3100]
0, 1, 3.1, [3747, 295, 1834]
0, 2, 3.1, [1834, 1588, 2229]
0, 3, 3.09, [2463, 3777, 3749]
0, 4, 3.07, [1829, 4129, 4184]
0, 5, 3.06, [1831, 1826, 295]
0, 6, 3.06, [3739, 1006, 2490]
0, 7, 3.05, [1828, 3753, 2260]
0, 8, 3.03, [159, 275, 546]
0, 9, 3.0, [1032, 1686, 3735]
1, 0, 3.22, [352, 3752, 3100]
1, 1, 3.19, [3747, 2229, 1831]
1, 2, 3.19, [2400, 693, 3100]
1, 3, 3.16, [3742, 3743, 4794]
1, 4, 3.14, [2400, 693, 3739]
1, 5, 3.11, [3747, 2463, 1834]
1, 6, 3.1, [3747, 295, 1834]
1, 7, 3.07, [3747, 271, 2490]
1, 8, 3.03, [1834, 1588, 4794]
1, 9, 3.03, [1834, 1032, 295]
2, 0, 3.31, [3742, 3752, 3740]
2, 1, 3.23, [3777, 3752, 3100]
2, 2, 3.22, [352, 3752, 3100]
2, 3, 3.21, [3105, 3752, 3100]
2, 4, 3.19, [3747, 2229, 1831]
2, 5, 3.17, [2400, 3752, 3758]
2, 6, 3.14, [3739, 3746, 1831]
2, 7, 3.1, [352, 693, 3760]
2, 8, 3.08, [352, 693, 3760]
2, 9, 3.07, [352, 3750, 4794]
2, 10, 3.01, [2464, 1686, 1834]
3, 0, 3.31, [3742, 3752, 3740]
3, 1, 3.26, [3742, 3754, 72]
3, 2, 3.26, [181, 3752, 3100]
3, 3, 3.23, [3777, 3752, 3100]
3, 4, 3.21, [3742, 3752, 3746]
3, 5, 3.18, [689, 3397, 3740]
3, 6, 3.17, [181, 3752, 3740]
3, 7, 3.16, [699, 3744, 3740]
3, 8, 3.11, [3105, 1541, 3736]
3, 9, 3.11, [3742, 3747, 702]
3, 10, 3.08, [3105, 1896, 4131]
4, 0, 3.31, [3742, 3752, 3740]
4, 1, 3.26, [3742, 3754, 72]
4, 2, 3.19, [3742, 3758, 3100]
4, 3, 3.18, [3742, 3753, 1092]
4, 4, 3.18, [3742, 3754, 3759]
4, 5, 3.16, [3105, 3752, 1833]
4, 6, 3.14, [181, 3752, 279]
4, 7, 3.12, [1605, 3753, 3740]
4, 8, 3.09, [689, 282, 72]
4, 9, 3.05, [2400, 2229, 72]
4, 10, 3.04, [996, 699, 3740]
5, 0, 3.31, [3742, 3752, 3740]
5, 1, 3.26, [3742, 3754, 72]
5, 2, 3.24, [3742, 3754, 3759]
5, 3, 3.22, [3736, 3754, 3100]
5, 4, 3.22, [3743, 3752, 3759]
5, 5, 3.18, [284, 3758, 3100]
5, 6, 3.17, [3752, 3754, 3740]
5, 7, 3.17, [3742, 3753, 72]
5, 8, 3.12, [3740, 3752, 72]
5, 9, 3.1, [3742, 3759, 72]
5, 10, 3.1, [3739, 3754, 3740]
6, 0, 3.31, [3742, 3752, 3740]
6, 1, 3.29, [3742, 3754, 3736]
6, 2, 3.26, [3743, 3754, 3100]
6, 3, 3.26, [3742, 3754, 72]
6, 4, 3.25, [3752, 3754, 3105]
6, 5, 3.24, [3100, 3752, 3748]
6, 6, 3.22, [3742, 3744, 72]
6, 7, 3.2, [3755, 3754, 3100]
6, 8, 3.18, [2229, 3752, 3741]
6, 9, 3.17, [1831, 3747, 3100]
6, 10, 3.17, [3752, 3754, 3740]
6, 11, 3.17, [3761, 3752, 72]
7, 0, 3.31, [3742, 3752, 3740]
7, 1, 3.29, [3742, 3754, 3736]
7, 2, 3.24, [3742, 1825, 3740]
7, 3, 3.19, [3752, 3754, 3740]
7, 4, 3.18, [3743, 3754, 3746]
7, 5, 3.18, [3742, 3753, 72]
7, 6, 3.15, [3743, 3752, 996]
7, 7, 3.15, [3742, 3754, 270]
7, 8, 3.15, [3743, 3752, 3736]
7, 9, 3.14, [3742, 3752, 3755]
7, 10, 3.13, [3742, 3752, 2598]
7, 11, 3.11, [3742, 3735, 3102]
7, 12, 3.11, [3742, 3754, 4301]
8, 0, 3.32, [3742, 3100, 3736]
8, 1, 3.31, [3742, 3752, 3740]
8, 2, 3.29, [3742, 3754, 3736]
8, 3, 3.23, [3742, 3743, 3740]
8, 4, 3.21, [3742, 3758, 3736]
8, 5, 3.2, [3742, 3760, 72]
8, 6, 3.18, [3739, 1825, 3740]
8, 7, 3.17, [996, 3752, 3736]
8, 8, 3.16, [3742, 1825, 3754]
8, 9, 3.15, [3742, 3100, 3740]
8, 10, 3.15, [3742, 3739, 72]
8, 11, 3.15, [33, 3752, 279]
8, 12, 3.14, [3750, 3754, 3740]
8, 13, 3.13, [3742, 271, 3740]
9, 0, 3.32, [3742, 3100, 3736]
9, 1, 3.31, [3742, 3752, 3740]
9, 2, 3.26, [3742, 3753, 3736]
9, 3, 3.22, [3742, 270, 3736]
9, 4, 3.16, [3742, 270, 3740]
9, 5, 3.15, [3742, 3105, 693]
9, 6, 3.15, [3743, 3100, 3740]
9, 7, 3.15, [3742, 1830, 3736]
9, 8, 3.14, [3750, 3760, 3736]
9, 9, 3.14, [3740, 3100, 72]
9, 10, 3.13, [3742, 1040, 3736]
9, 11, 3.11, [4108, 3100, 287]
9, 12, 3.11, [3742, 287, 269]
9, 13, 3.09, [1605, 3752, 546]
9, 14, 3.07, [3742, 1896, 1092]
10, 0, 3.32, [3742, 3100, 3736]
10, 1, 3.31, [3742, 3752, 3740]
10, 2, 3.28, [3742, 3758, 3736]
10, 3, 3.23, [3742, 275, 3736]
10, 4, 3.23, [3742, 3753, 3758]
10, 5, 3.22, [2595, 3100, 3736]
10, 6, 3.2, [3742, 3753, 3759]
10, 7, 3.19, [3742, 3100, 3741]
10, 8, 3.19, [3742, 295, 3736]
10, 9, 3.17, [3742, 3747, 693]
10, 10, 3.14, [33, 270, 3740]
10, 11, 3.13, [3742, 1825, 72]
10, 12, 3.09, [996, 293, 3397]
10, 13, 3.09, [4129, 1032, 3736]
10, 14, 3.07, [3742, 996, 291]
11, 0, 3.32, [3742, 3100, 3736]
11, 1, 3.31, [3742, 3752, 3740]
11, 2, 3.29, [3742, 3760, 3736]
11, 3, 3.21, [3742, 3744, 3736]
11, 4, 3.19, [3743, 3758, 3100]
11, 5, 3.19, [3740, 3752, 3736]
11, 6, 3.18, [3742, 1987, 3100]
11, 7, 3.17, [2598, 3758, 3736]
11, 8, 3.16, [3742, 3753, 3743]
11, 9, 3.16, [3745, 3100, 3758]
11, 10, 3.15, [2595, 3752, 352]
11, 11, 3.15, [3742, 275, 3759]
11, 12, 3.15, [282, 4130, 3736]
11, 13, 3.15, [4128, 3752, 359]
11, 14, 3.12, [2261, 3736, 3743]
12, 0, 3.32, [3742, 3100, 3736]
12, 1, 3.31, [3742, 3752, 3740]
12, 2, 3.27, [3742, 2229, 3736]
12, 3, 3.26, [3742, 3752, 3744]
12, 4, 3.25, [3742, 3758, 3100]
12, 5, 3.25, [3743, 3752, 3736]
12, 6, 3.24, [3741, 3752, 3736]
12, 7, 3.22, [3742, 3752, 3749]
12, 8, 3.2, [3742, 282, 3746]
12, 9, 3.2, [3742, 3753, 3759]
12, 10, 3.19, [3742, 3760, 3759]
12, 11, 3.18, [3742, 546, 3100]
12, 12, 3.18, [3741, 3744, 3736]
12, 13, 3.16, [3742, 3100, 2400]
12, 14, 3.16, [3750, 3752, 3743]
12, 15, 3.14, [3753, 3735, 3736]
13, 0, 3.37, [3743, 3752, 3736]
13, 1, 3.32, [3742, 3100, 3736]
13, 2, 3.31, [3742, 3752, 3740]
13, 3, 3.26, [3742, 2463, 3100]
13, 4, 3.24, [3742, 3756, 3736]
13, 5, 3.24, [3742, 3752, 3746]
13, 6, 3.2, [3745, 3758, 3736]
13, 7, 3.2, [3742, 3744, 3740]
13, 8, 3.19, [3750, 3752, 3736]
13, 9, 3.19, [3742, 3100, 3741]
13, 10, 3.19, [3742, 3752, 3758]
13, 11, 3.18, [3742, 4184, 3100]
13, 12, 3.15, [3741, 3100, 275]
13, 13, 3.14, [3743, 3100, 1830]
13, 14, 3.13, [3754, 2229, 3736]
13, 15, 3.12, [3742, 3749, 3736]
13, 16, 3.1, [1006, 3747, 3736]
14, 0, 3.37, [3743, 3752, 3736]
14, 1, 3.32, [3742, 3100, 3736]
14, 2, 3.28, [3742, 3752, 3755]
14, 3, 3.26, [3761, 3752, 3736]
14, 4, 3.23, [3742, 3753, 3736]
14, 5, 3.21, [3742, 3756, 3736]
14, 6, 3.21, [3742, 3753, 3736]
14, 7, 3.19, [3743, 3754, 3740]
14, 8, 3.19, [3743, 3752, 3741]
14, 9, 3.18, [3742, 3752, 3740]
14, 10, 3.18, [271, 3752, 3736]
14, 11, 3.18, [3742, 3747, 3736]
14, 12, 3.17, [3742, 3752, 3743]
14, 13, 3.17, [3739, 3100, 3746]
14, 14, 3.14, [3743, 3100, 3733]
14, 15, 3.14, [3745, 3100, 3758]
14, 16, 3.1, [3743, 3740, 3736]
14, 17, 3.1, [3750, 3752, 3740]
15, 0, 3.37, [3743, 3752, 3736]
15, 1, 3.32, [3742, 3100, 3736]
15, 2, 3.26, [3742, 3754, 3736]
15, 3, 3.24, [3742, 3753, 3736]
15, 4, 3.23, [3742, 3749, 3736]
15, 5, 3.22, [3742, 3745, 3736]
15, 6, 3.22, [2229, 3752, 3736]
15, 7, 3.22, [3746, 3752, 3755]
15, 8, 3.22, [3742, 3739, 3736]
15, 9, 3.21, [3742, 3752, 3755]
15, 10, 3.2, [3743, 3100, 3736]
15, 11, 3.19, [3742, 3752, 3743]
15, 12, 3.18, [3742, 3100, 3759]
15, 13, 3.17, [3737, 3747, 3736]
15, 14, 3.15, [3748, 3100, 3736]
15, 15, 3.14, [3743, 33, 3736]
15, 16, 3.14, [3746, 3733, 181]
15, 17, 3.14, [3746, 3747, 3736]
16, 0, 3.37, [3743, 3752, 3736]
16, 1, 3.32, [3742, 3752, 3746]
16, 2, 3.32, [3742, 3100, 3736]
16, 3, 3.29, [689, 3754, 3736]
16, 4, 3.24, [3742, 3756, 3736]
16, 5, 3.24, [3743, 3744, 3736]
16, 6, 3.23, [3742, 3744, 3736]
16, 7, 3.23, [3742, 3752, 352]
16, 8, 3.22, [4131, 1828, 3736]
16, 9, 3.21, [3761, 3752, 3736]
16, 10, 3.21, [2229, 689, 3736]
16, 11, 3.18, [3742, 3752, 3743]
16, 12, 3.17, [3743, 3756, 3736]
16, 13, 3.17, [3743, 2490, 3736]
16, 14, 3.16, [1829, 3754, 3736]
16, 15, 3.16, [3743, 3741, 3736]
16, 16, 3.14, [3742, 1006, 4128]
16, 17, 3.14, [3743, 3753, 3737]
17, 0, 3.37, [3743, 3752, 3736]
17, 1, 3.32, [689, 3753, 3736]
17, 2, 3.32, [3742, 3752, 3746]
17, 3, 3.29, [3743, 3752, 3736]
17, 4, 3.27, [689, 3754, 3736]
17, 5, 3.23, [689, 3754, 3736]
17, 6, 3.22, [689, 279, 3736]
17, 7, 3.22, [689, 3754, 3736]
17, 8, 3.22, [3743, 1092, 3736]
17, 9, 3.21, [3745, 3752, 3736]
17, 10, 3.21, [689, 3758, 3746]
17, 11, 3.19, [3756, 3754, 3736]
17, 12, 3.19, [689, 3747, 3736]
17, 13, 3.17, [3742, 3748, 3736]
17, 14, 3.17, [3750, 3752, 3736]
17, 15, 3.15, [3743, 699, 3736]
17, 16, 3.15, [689, 3758, 3746]
17, 17, 3.13, [1825, 3752, 119]
17, 18, 3.05, [3743, 263, 1322]
18, 0, 3.37, [3743, 3752, 3736]
18, 1, 3.33, [3760, 3752, 3746]
18, 2, 3.32, [689, 3753, 3736]
18, 3, 3.27, [3742, 3758, 3736]
18, 4, 3.27, [3742, 3749, 3736]
18, 5, 3.26, [689, 3736, 77]
18, 6, 3.24, [689, 3750, 3746]
18, 7, 3.24, [3752, 3753, 3736]
18, 8, 3.24, [3743, 3752, 3747]
18, 9, 3.21, [3742, 1040, 3736]
18, 10, 3.2, [3105, 3753, 3736]
18, 11, 3.2, [3734, 3752, 3746]
18, 12, 3.19, [3742, 3752, 270]
18, 13, 3.18, [269, 3752, 3736]
18, 14, 3.16, [3743, 3756, 3746]
18, 15, 3.15, [3743, 3740, 3746]
18, 16, 3.15, [3742, 3752, 263]
18, 17, 3.13, [3743, 3752, 293]
18, 18, 3.12, [3743, 4794, 1315]
18, 19, 3.1, [3743, 3747, 3736]
19, 0, 3.37, [3743, 3752, 3736]
19, 1, 3.36, [689, 3752, 3100]
19, 2, 3.33, [3760, 3752, 3746]
19, 3, 3.29, [3743, 159, 3736]
19, 4, 3.24, [3743, 3744, 3736]
19, 5, 3.23, [3742, 3752, 3755]
19, 6, 3.22, [3749, 3736, 3752]
19, 7, 3.21, [689, 3752, 3747]
19, 8, 3.2, [3743, 1833, 3736]
19, 9, 3.2, [3742, 699, 2156]
19, 10, 3.19, [689, 3736, 1829]
19, 11, 3.19, [3760, 3754, 3736]
19, 12, 3.19, [3742, 3737, 3746]
19, 13, 3.18, [119, 3752, 3736]
19, 14, 3.17, [3750, 77, 3736]
19, 15, 3.16, [3749, 3736, 3753]
19, 16, 3.16, [3760, 3758, 3749]
19, 17, 3.15, [3760, 3753, 3736]
19, 18, 3.15, [3742, 3758, 3759]
19, 19, 3.13, [3752, 77, 2463]
19, 20, 3.12, [1987, 3753, 3747]
20, 0, 3.37, [3743, 3752, 3736]
20, 1, 3.36, [689, 3752, 3100]
20, 2, 3.27, [3743, 3752, 3100]
20, 3, 3.27, [689, 4794, 3736]
20, 4, 3.24, [3746, 3752, 3100]
20, 5, 3.23, [689, 3752, 3747]
20, 6, 3.23, [3743, 3752, 3753]
20, 7, 3.22, [3750, 3752, 3100]
20, 8, 3.22, [3756, 3752, 3100]
20, 9, 3.18, [689, 101, 3100]
20, 10, 3.18, [1896, 3752, 3736]
20, 11, 3.17, [3750, 3752, 3755]
20, 12, 3.17, [3743, 3741, 2261]
20, 13, 3.17, [689, 159, 2463]
20, 14, 3.17, [3743, 3749, 3100]
20, 15, 3.16, [3749, 3752, 3736]
20, 16, 3.14, [3777, 3752, 3736]
20, 17, 3.14, [3754, 279, 3746]
20, 18, 3.14, [3743, 3752, 3747]
20, 19, 3.12, [3761, 3752, 3755]
20, 20, 3.09, [3743, 3747, 279]
20, 21, 3.08, [270, 3744, 3743]
21, 0, 3.37, [3743, 3752, 3736]
21, 1, 3.36, [689, 3752, 3100]
21, 2, 3.31, [689, 3754, 3100]
21, 3, 3.24, [3743, 3752, 3100]
21, 4, 3.22, [3750, 3752, 3736]
21, 5, 3.21, [3397, 3744, 3741]
21, 6, 3.2, [3746, 3752, 1834]
21, 7, 3.2, [3743, 3752, 3760]
21, 8, 3.2, [3742, 3752, 3736]
21, 9, 3.19, [3743, 3752, 3748]
21, 10, 3.19, [3744, 3752, 2463]
21, 11, 3.18, [3734, 3752, 3736]
21, 12, 3.17, [689, 4794, 3756]
21, 13, 3.17, [3750, 3752, 3755]
21, 14, 3.15, [689, 4794, 3746]
21, 15, 3.12, [1321, 2156, 3744]
21, 16, 3.12, [3749, 4794, 3747]
21, 17, 3.11, [3777, 2490, 3736]
21, 18, 3.11, [24, 159, 3747]
21, 19, 3.1, [3741, 1896, 3100]
21, 20, 3.1, [3746, 3750, 3734]
21, 21, 3.09, [3743, 2400, 3736]
21, 22, 3.06, [2595, 3761, 3734]
22, 0, 3.37, [3760, 3752, 3736]
22, 1, 3.37, [3743, 3752, 3736]
22, 2, 3.36, [689, 3752, 3100]
22, 3, 3.34, [3743, 3752, 3741]
22, 4, 3.28, [689, 3752, 3754]
22, 5, 3.28, [3777, 3752, 3736]
22, 6, 3.24, [689, 3752, 2400]
22, 7, 3.24, [689, 3754, 3736]
22, 8, 3.24, [3743, 3739, 3100]
22, 9, 3.24, [689, 3744, 3746]
22, 10, 3.2, [3397, 3750, 3760]
22, 11, 3.18, [3743, 3752, 689]
22, 12, 3.18, [2260, 3752, 3100]
22, 13, 3.17, [3743, 3752, 2490]
22, 14, 3.17, [279, 3752, 3100]
22, 15, 3.17, [3743, 3752, 3749]
22, 16, 3.17, [3750, 3744, 3741]
22, 17, 3.16, [3760, 3752, 3741]
22, 18, 3.16, [3749, 689, 1006]
22, 19, 3.16, [996, 1825, 3736]
22, 20, 3.15, [3744, 3752, 3760]
22, 21, 3.14, [3743, 3739, 352]
22, 22, 3.12, [263, 229, 3736]
22, 23, 3.11, [3397, 3744, 3755]
23, 0, 3.37, [3760, 3752, 3736]
23, 1, 3.37, [3743, 3752, 3736]
23, 2, 3.31, [1825, 3752, 3736]
23, 3, 3.28, [689, 693, 3746]
23, 4, 3.27, [689, 3744, 3736]
23, 5, 3.23, [3743, 3750, 3100]
23, 6, 3.23, [689, 3733, 3736]
23, 7, 3.22, [689, 4128, 3741]
23, 8, 3.21, [3755, 3752, 181]
23, 9, 3.21, [3754, 3741, 3736]
23, 10, 3.2, [101, 3752, 3754]
23, 11, 3.2, [1831, 3752, 3100]
23, 12, 3.18, [3760, 3752, 3736]
23, 13, 3.18, [3760, 3753, 3736]
23, 14, 3.17, [3777, 3739, 3736]
23, 15, 3.16, [689, 3752, 2400]
23, 16, 3.16, [3743, 3744, 3100]
23, 17, 3.15, [3397, 3749, 3736]
23, 18, 3.15, [1588, 3752, 3736]
23, 19, 3.14, [3760, 689, 3755]
23, 20, 3.13, [1032, 3752, 2400]
23, 21, 3.11, [3777, 3752, 1315]
23, 22, 3.11, [271, 3749, 3748]
23, 23, 3.1, [3777, 279, 2229]
23, 24, 3.03, [2261, 3745, 4794]
24, 0, 3.37, [3760, 3752, 3736]
24, 1, 3.37, [3743, 3752, 3736]
24, 2, 3.3, [3754, 3748, 3736]
24, 3, 3.27, [3749, 3741, 3736]
24, 4, 3.23, [3100, 3752, 3746]
24, 5, 3.22, [689, 693, 3741]
24, 6, 3.22, [1825, 3744, 3746]
24, 7, 3.22, [3760, 3752, 3736]
24, 8, 3.22, [1831, 3736, 3100]
24, 9, 3.21, [689, 3741, 3736]
24, 10, 3.21, [3760, 3752, 3758]
24, 11, 3.2, [689, 693, 3742]
24, 12, 3.19, [4130, 689, 3100]
24, 13, 3.18, [689, 693, 3746]
24, 14, 3.17, [689, 693, 3740]
24, 15, 3.17, [689, 3753, 3736]
24, 16, 3.17, [3760, 3752, 3100]
24, 17, 3.16, [689, 3752, 284]
24, 18, 3.16, [3743, 2490, 3749]
24, 19, 3.15, [1830, 3744, 3736]
24, 20, 3.15, [4128, 3752, 3741]
24, 21, 3.14, [689, 3750, 3746]
24, 22, 3.14, [3760, 3735, 3736]
24, 23, 3.11, [1541, 693, 3746]
24, 24, 3.1, [3760, 3739, 1588]
24, 25, 3.08, [3743, 3750, 271]
25, 0, 3.37, [3760, 3752, 3736]
25, 1, 3.37, [3743, 3752, 3736]
25, 2, 3.24, [3758, 3752, 3736]
25, 3, 3.23, [3760, 3748, 3758]
25, 4, 3.23, [3760, 3740, 3736]
25, 5, 3.23, [4130, 3752, 3736]
25, 6, 3.22, [3739, 3752, 3736]
25, 7, 3.21, [3749, 3741, 3752]
25, 8, 3.2, [689, 693, 3744]
25, 9, 3.2, [3760, 3752, 3740]
25, 10, 3.2, [3744, 3752, 3746]
25, 11, 3.2, [1831, 3736, 3749]
25, 12, 3.2, [3760, 3741, 3746]
25, 13, 3.19, [3755, 3740, 3736]
25, 14, 3.17, [1825, 3744, 3754]
25, 15, 3.17, [1831, 1541, 3752]
25, 16, 3.16, [3740, 3752, 3736]
25, 17, 3.16, [3749, 3760, 3746]
25, 18, 3.15, [689, 229, 3746]
25, 19, 3.15, [1825, 295, 3736]
25, 20, 3.15, [3737, 3752, 3736]
25, 21, 3.14, [3748, 693, 3741]
25, 22, 3.13, [3740, 3752, 77]
25, 23, 3.13, [33, 181, 3742]
25, 24, 3.12, [1825, 3758, 3741]
25, 25, 3.12, [3743, 3760, 3736]
25, 26, 3.09, [3745, 3752, 3777]
26, 0, 3.37, [3760, 3752, 3736]
26, 1, 3.37, [3743, 3752, 3736]
26, 2, 3.35, [3760, 3752, 689]
26, 3, 3.31, [3760, 3752, 3744]
26, 4, 3.27, [3746, 3752, 3758]
26, 5, 3.27, [3760, 3736, 3752]
26, 6, 3.26, [689, 3752, 3736]
26, 7, 3.26, [3750, 3752, 3736]
26, 8, 3.22, [3743, 3754, 3736]
26, 9, 3.21, [3758, 3736, 3740]
26, 10, 3.2, [1831, 3749, 3752]
26, 11, 3.19, [3760, 72, 3736]
26, 12, 3.19, [1896, 3752, 1006]
26, 13, 3.19, [3760, 3739, 3736]
26, 14, 3.18, [1831, 3736, 3739]
26, 15, 3.17, [2156, 3752, 3739]
26, 16, 3.17, [159, 3748, 3758]
26, 17, 3.16, [3743, 3752, 1605]
26, 18, 3.15, [1831, 119, 3749]
26, 19, 3.15, [1315, 3752, 3736]
26, 20, 3.15, [3746, 3748, 3758]
26, 21, 3.14, [3743, 3749, 3737]
26, 22, 3.13, [3760, 3752, 3746]
26, 23, 3.13, [3743, 3752, 1830]
26, 24, 3.11, [1826, 285, 3736]
26, 25, 3.11, [1987, 3752, 4131]
26, 26, 3.11, [3755, 996, 3736]
26, 27, 3.1, [284, 3752, 3740]
27, 0, 3.37, [3760, 3752, 3736]
27, 1, 3.37, [3743, 3752, 3736]
27, 2, 3.26, [689, 3750, 3744]
27, 3, 3.26, [689, 3741, 3736]
27, 4, 3.24, [3100, 3752, 3758]
27, 5, 3.23, [3760, 3756, 3736]
27, 6, 3.23, [1831, 3746, 3752]
27, 7, 3.22, [4301, 4131, 3736]
27, 8, 3.22, [3760, 3752, 1040]
27, 9, 3.22, [3105, 72, 3736]
27, 10, 3.21, [3739, 3752, 263]
27, 11, 3.21, [3746, 3752, 3758]
27, 12, 3.2, [3737, 3752, 3736]
27, 13, 3.19, [3746, 3741, 3736]
27, 14, 3.19, [3743, 3748, 3736]
27, 15, 3.18, [3760, 3753, 3736]
27, 16, 3.18, [3744, 3736, 3397]
27, 17, 3.15, [3743, 3752, 3759]
27, 18, 3.15, [3750, 3741, 3749]
27, 19, 3.14, [3743, 3754, 3747]
27, 20, 3.13, [359, 3752, 3736]
27, 21, 3.13, [3760, 3744, 1987]
27, 22, 3.13, [3777, 3749, 119]
27, 23, 3.12, [3743, 3739, 3736]
27, 24, 3.11, [3754, 352, 3750]
27, 25, 3.11, [3760, 1987, 3748]
27, 26, 3.11, [3743, 3756, 3739]
27, 27, 3.09, [284, 352, 3744]
27, 28, 3.09, [3739, 693, 3744]
28, 0, 3.37, [3760, 3752, 3736]
28, 1, 3.37, [3743, 3752, 3736]
28, 2, 3.26, [3100, 3752, 3744]
28, 3, 3.26, [3754, 3752, 3758]
28, 4, 3.25, [3752, 72, 3736]
28, 5, 3.24, [3100, 3752, 3736]
28, 6, 3.24, [3743, 3752, 3759]
28, 7, 3.23, [689, 2156, 3736]
28, 8, 3.23, [3749, 3752, 3736]
28, 9, 3.22, [3100, 3752, 3743]
28, 10, 3.22, [3745, 3752, 3736]
28, 11, 3.22, [689, 3750, 3749]
28, 12, 3.21, [1605, 3752, 3744]
28, 13, 3.2, [3100, 3752, 3737]
28, 14, 3.2, [3746, 3752, 3742]
28, 15, 3.19, [3755, 3750, 3736]
28, 16, 3.19, [4130, 3741, 3736]
28, 17, 3.18, [3741, 4129, 3736]
28, 18, 3.18, [3760, 3750, 3736]
28, 19, 3.18, [3743, 3744, 3758]
28, 20, 3.16, [3105, 3746, 3741]
28, 21, 3.14, [3743, 3754, 3758]
28, 22, 3.14, [3744, 3752, 3736]
28, 23, 3.1, [3734, 3750, 263]
28, 24, 3.1, [3743, 3756, 3746]
28, 25, 3.1, [2464, 3743, 3749]
28, 26, 3.09, [3743, 72, 3736]
28, 27, 3.08, [3737, 3740, 3744]
28, 28, 3.08, [3760, 3753, 3744]
28, 29, 3.08, [3746, 3740, 263]
29, 0, 3.37, [3760, 3752, 3736]
29, 1, 3.37, [3743, 3752, 3736]
29, 2, 3.28, [689, 3752, 3736]
29, 3, 3.27, [3742, 3752, 3736]
29, 4, 3.27, [3760, 3752, 3749]
29, 5, 3.25, [3744, 3752, 3736]
29, 6, 3.24, [689, 3741, 3736]
29, 7, 3.22, [3758, 3752, 3736]
29, 8, 3.22, [689, 3752, 3736]
29, 9, 3.2, [2260, 3752, 3736]
29, 10, 3.19, [3100, 3740, 3743]
29, 11, 3.19, [3100, 3752, 3753]
29, 12, 3.19, [1828, 3752, 546]
29, 13, 3.19, [3758, 3752, 3736]
29, 14, 3.18, [3100, 3752, 3750]
29, 15, 3.17, [3755, 3752, 3736]
29, 16, 3.16, [3100, 3749, 3759]
29, 17, 3.16, [3100, 3752, 3737]
29, 18, 3.16, [3100, 3756, 3759]
29, 19, 3.16, [271, 3752, 3750]
29, 20, 3.15, [269, 3752, 1322]
29, 21, 3.15, [3743, 3752, 3759]
29, 22, 3.15, [3740, 3752, 3759]
29, 23, 3.14, [3745, 3744, 1040]
29, 24, 3.14, [3741, 3752, 3744]
29, 25, 3.13, [3760, 3756, 269]
29, 26, 3.12, [3743, 3752, 2464]
29, 27, 3.12, [4794, 3746, 4128]
29, 28, 3.12, [689, 996, 3749]
29, 29, 3.11, [3743, 269, 3736]
29, 30, 3.11, [119, 2464, 3739]
30, 0, 3.37, [3760, 3752, 3736]
30, 1, 3.37, [3743, 3752, 3736]
30, 2, 3.28, [3760, 3750, 3736]
30, 3, 3.27, [3760, 3752, 3733]
30, 4, 3.27, [689, 3739, 3736]
30, 5, 3.26, [3734, 3752, 3736]
30, 6, 3.25, [3745, 3752, 3736]
30, 7, 3.24, [3100, 159, 3736]
30, 8, 3.23, [3760, 3752, 3743]
30, 9, 3.23, [3743, 3752, 3736]
30, 10, 3.22, [3761, 3752, 3749]
30, 11, 3.21, [3100, 3736, 3746]
30, 12, 3.21, [689, 3741, 3737]
30, 13, 3.2, [3100, 3740, 3758]
30, 14, 3.2, [3760, 3752, 1826]
30, 15, 3.19, [689, 3752, 3777]
30, 16, 3.18, [1829, 3752, 3736]
30, 17, 3.17, [269, 3752, 3736]
30, 18, 3.17, [3741, 693, 3736]
30, 19, 3.17, [3742, 270, 3749]
30, 20, 3.17, [693, 3754, 3736]
30, 21, 3.16, [3758, 181, 3736]
30, 22, 3.16, [1834, 3752, 3743]
30, 23, 3.16, [1825, 119, 3736]
30, 24, 3.15, [3743, 3752, 2261]
30, 25, 3.15, [2229, 3760, 3758]
30, 26, 3.14, [3743, 3752, 3737]
30, 27, 3.14, [3758, 3753, 3736]
30, 28, 3.14, [546, 3752, 1006]
30, 29, 3.13, [2260, 3741, 3743]
30, 30, 3.1, [3744, 3752, 282]
30, 31, 3.1, [3743, 4184, 3740]
31, 0, 3.37, [3760, 3752, 3736]
31, 1, 3.37, [3743, 3752, 3736]
31, 2, 3.31, [3759, 3752, 3736]
31, 3, 3.29, [3100, 3736, 3744]
31, 4, 3.25, [3760, 3752, 3743]
31, 5, 3.24, [3742, 3752, 3733]
31, 6, 3.22, [3760, 3742, 3746]
31, 7, 3.21, [3761, 3753, 3736]
31, 8, 3.21, [1825, 3752, 271]
31, 9, 3.2, [3100, 3741, 3746]
31, 10, 3.2, [3760, 3752, 3733]
31, 11, 3.2, [3100, 3752, 229]
31, 12, 3.19, [3745, 3752, 3100]
31, 13, 3.19, [3760, 284, 3736]
31, 14, 3.18, [689, 3739, 181]
31, 15, 3.18, [3760, 3752, 3737]
31, 16, 3.18, [291, 3752, 689]
31, 17, 3.17, [3740, 3752, 3736]
31, 18, 3.17, [3760, 3752, 181]
31, 19, 3.16, [3760, 3741, 3749]
31, 20, 3.15, [3760, 3752, 3746]
31, 21, 3.15, [3760, 295, 3733]
31, 22, 3.15, [3733, 3750, 3100]
31, 23, 3.14, [3760, 3752, 699]
31, 24, 3.14, [3745, 3752, 2261]
31, 25, 3.13, [3760, 2490, 3736]
31, 26, 3.12, [3760, 1686, 3752]
31, 27, 3.11, [3760, 693, 1830]
31, 28, 3.1, [1834, 1322, 3736]
31, 29, 3.08, [3760, 3740, 1826]
31, 30, 3.08, [3760, 271, 1829]
31, 31, 3.07, [3760, 3734, 2260]
31, 32, 3.07, [3740, 3748, 352]
32, 0, 3.37, [3760, 3752, 3736]
32, 1, 3.37, [3743, 3752, 3736]
32, 2, 3.27, [3746, 3752, 3736]
32, 3, 3.27, [275, 3752, 689]
32, 4, 3.24, [291, 3752, 689]
32, 5, 3.23, [3100, 3736, 689]
32, 6, 3.22, [1825, 3752, 3737]
32, 7, 3.22, [1825, 3752, 3755]
32, 8, 3.22, [291, 3752, 3736]
32, 9, 3.22, [3760, 3752, 3737]
32, 10, 3.21, [3742, 3752, 3760]
32, 11, 3.2, [3743, 3752, 3736]
32, 12, 3.2, [3760, 3753, 3736]
32, 13, 3.2, [269, 3752, 3733]
32, 14, 3.2, [3736, 3752, 1833]
32, 15, 3.19, [3759, 3741, 3736]
32, 16, 3.18, [3759, 3752, 284]
32, 17, 3.18, [3743, 3752, 3735]
32, 18, 3.18, [3760, 3739, 271]
32, 19, 3.17, [3740, 3752, 689]
32, 20, 3.17, [3736, 3752, 271]
32, 21, 3.17, [3743, 3750, 3736]
32, 22, 3.17, [3750, 3742, 3746]
32, 23, 3.16, [3742, 3739, 3397]
32, 24, 3.16, [3760, 3742, 1040]
32, 25, 3.15, [3760, 3752, 1040]
32, 26, 3.15, [689, 3752, 3777]
32, 27, 3.14, [3760, 3752, 1830]
32, 28, 3.12, [3761, 3752, 3736]
32, 29, 3.11, [2595, 3741, 3747]
32, 30, 3.11, [3760, 3105, 3777]
32, 31, 3.1, [3760, 3740, 1987]
32, 32, 3.09, [3736, 284, 3743]
32, 33, 3.09, [3760, 3753, 229]
33, 0, 3.37, [3760, 3752, 3736]
33, 1, 3.37, [3743, 3752, 3736]
33, 2, 3.28, [293, 3752, 3736]
33, 3, 3.28, [3100, 3736, 1825]
33, 4, 3.27, [3746, 3736, 3752]
33, 5, 3.27, [3755, 3752, 689]
33, 6, 3.25, [3744, 3733, 3736]
33, 7, 3.24, [3743, 3100, 3736]
33, 8, 3.23, [3760, 689, 3737]
33, 9, 3.22, [291, 3752, 3746]
33, 10, 3.21, [3760, 1825, 3755]
33, 11, 3.21, [3736, 3752, 689]
33, 12, 3.21, [3100, 3736, 3756]
33, 13, 3.21, [1825, 3752, 2156]
33, 14, 3.21, [3760, 3744, 3736]
33, 15, 3.2, [3760, 3754, 3736]
33, 16, 3.19, [3750, 3752, 3755]
33, 17, 3.18, [275, 3744, 3736]
33, 18, 3.18, [3742, 3741, 3736]
33, 19, 3.18, [3743, 3749, 3736]
33, 20, 3.18, [3760, 3756, 689]
33, 21, 3.17, [275, 3750, 3736]
33, 22, 3.17, [3760, 3753, 3743]
33, 23, 3.16, [3743, 3752, 282]
33, 24, 3.15, [3760, 3739, 3743]
33, 25, 3.15, [3746, 3749, 3736]
33, 26, 3.15, [3746, 3749, 3397]
33, 27, 3.11, [275, 3749, 3736]
33, 28, 3.1, [3743, 3756, 3777]
33, 29, 3.09, [3743, 3752, 3759]
33, 30, 3.09, [3759, 1040, 3736]
33, 31, 3.09, [3760, 3753, 693]
33, 32, 3.09, [3743, 3753, 3755]
33, 33, 3.08, [275, 3740, 3736]
33, 34, 3.07, [291, 3741, 271]
34, 0, 3.37, [3760, 3752, 3736]
34, 1, 3.37, [3743, 3752, 3736]
34, 2, 3.33, [2490, 3736, 689]
34, 3, 3.29, [3100, 3742, 1825]
34, 4, 3.28, [3755, 3100, 3744]
34, 5, 3.26, [293, 3752, 3736]
34, 6, 3.26, [1315, 3736, 3752]
34, 7, 3.24, [293, 3752, 3736]
34, 8, 3.24, [3760, 3752, 3736]
34, 9, 3.22, [3743, 3100, 3736]
34, 10, 3.22, [3744, 3752, 3736]
34, 11, 3.21, [3760, 3756, 3737]
34, 12, 3.21, [4128, 3752, 3736]
34, 13, 3.21, [3100, 3752, 3755]
34, 14, 3.2, [3777, 3100, 1833]
34, 15, 3.2, [3760, 3755, 3736]
34, 16, 3.19, [3100, 3742, 3737]
34, 17, 3.18, [3742, 3752, 689]
34, 18, 3.18, [3760, 3752, 3742]
34, 19, 3.18, [3100, 3737, 3752]
34, 20, 3.18, [3755, 3736, 1825]
34, 21, 3.17, [3100, 3752, 3746]
34, 22, 3.17, [3748, 1825, 3736]
34, 23, 3.17, [2490, 3736, 1825]
34, 24, 3.17, [2595, 3752, 3746]
34, 25, 3.17, [3760, 3752, 1833]
34, 26, 3.17, [3741, 33, 3736]
34, 27, 3.16, [3760, 3740, 3736]
34, 28, 3.16, [293, 3752, 3736]
34, 29, 3.16, [3758, 3736, 3752]
34, 30, 3.16, [1830, 3736, 1829]
34, 31, 3.12, [293, 3737, 3736]
34, 32, 3.12, [4128, 3734, 3736]
34, 33, 3.11, [3760, 3759, 3736]
34, 34, 3.1, [1006, 3736, 1825]
34, 35, 3.09, [3100, 2260, 293]
35, 0, 3.37, [3760, 3752, 3736]
35, 1, 3.37, [3743, 3752, 3736]
35, 2, 3.29, [3100, 3736, 3743]
35, 3, 3.27, [3749, 3752, 3736]
35, 4, 3.26, [3105, 3736, 3752]
35, 5, 3.25, [3755, 3736, 3100]
35, 6, 3.23, [352, 3736, 3752]
35, 7, 3.23, [3100, 1829, 3752]
35, 8, 3.22, [3755, 3100, 3744]
35, 9, 3.2, [3397, 3752, 3736]
35, 10, 3.2, [72, 3100, 1825]
35, 11, 3.19, [3105, 3742, 1825]
35, 12, 3.18, [3748, 3752, 3744]
35, 13, 3.18, [3745, 689, 3736]
35, 14, 3.18, [3105, 3397, 3736]
35, 15, 3.18, [4184, 1825, 3736]
35, 16, 3.17, [279, 689, 3736]
35, 17, 3.17, [3744, 3736, 2261]
35, 18, 3.17, [1315, 3736, 1040]
35, 19, 3.15, [2490, 3752, 3742]
35, 20, 3.15, [3758, 3736, 689]
35, 21, 3.15, [293, 3100, 3758]
35, 22, 3.15, [2595, 3742, 1825]
35, 23, 3.13, [3100, 3737, 1830]
35, 24, 3.13, [4794, 3742, 3752]
35, 25, 3.12, [3750, 3752, 996]
35, 26, 3.11, [3759, 3752, 1321]
35, 27, 3.1, [2490, 3736, 3741]
35, 28, 3.1, [3100, 295, 3744]
35, 29, 3.1, [3739, 3737, 3744]
35, 30, 3.09, [1315, 3744, 263]
35, 31, 3.08, [3743, 546, 3755]
35, 32, 3.08, [3100, 996, 3737]
35, 33, 3.07, [2490, 4301, 3749]
35, 34, 3.07, [3777, 3736, 3734]
35, 35, 3.05, [2490, 3760, 1833]
35, 36, 3.03, [2490, 275, 1831]
36, 0, 3.37, [3760, 3752, 3736]
36, 1, 3.37, [3743, 3752, 3736]
36, 2, 3.3, [3749, 2229, 3100]
36, 3, 3.28, [3755, 3736, 3753]
36, 4, 3.25, [3755, 3736, 3739]
36, 5, 3.24, [3100, 3736, 3750]
36, 6, 3.23, [4130, 3736, 1834]
36, 7, 3.23, [72, 689, 1825]
36, 8, 3.23, [3105, 3736, 3740]
36, 9, 3.22, [3100, 2463, 3743]
36, 10, 3.21, [3777, 3752, 3741]
36, 11, 3.19, [4794, 3739, 3752]
36, 12, 3.19, [181, 3736, 3740]
36, 13, 3.19, [3746, 3736, 3752]
36, 14, 3.19, [3745, 4129, 3736]
36, 15, 3.19, [352, 3736, 689]
36, 16, 3.19, [3744, 3752, 3736]
36, 17, 3.19, [2229, 3736, 352]
36, 18, 3.18, [3745, 3752, 1825]
36, 19, 3.18, [3744, 3735, 3736]
36, 20, 3.18, [3755, 3746, 3733]
36, 21, 3.18, [3743, 3752, 1831]
36, 22, 3.17, [3749, 3100, 3750]
36, 23, 3.17, [3105, 3742, 3755]
36, 24, 3.17, [4128, 3736, 159]
36, 25, 3.17, [3755, 3736, 3748]
36, 26, 3.16, [1831, 1321, 3100]
36, 27, 3.16, [3755, 3749, 3743]
36, 28, 3.16, [287, 3100, 3736]
36, 29, 3.16, [3105, 3100, 1686]
36, 30, 3.15, [293, 3741, 3736]
36, 31, 3.15, [3740, 1040, 3736]
36, 32, 3.15, [3760, 3741, 3742]
36, 33, 3.15, [4184, 3756, 3736]
36, 34, 3.14, [3105, 3758, 1896]
36, 35, 3.12, [3745, 2400, 3736]
36, 36, 3.11, [3748, 3100, 3736]
36, 37, 3.1, [33, 3752, 291]
37, 0, 3.37, [3760, 3752, 3736]
37, 1, 3.37, [3743, 3752, 3736]
37, 2, 3.36, [3747, 3736, 3100]
37, 3, 3.31, [3747, 3736, 3752]
37, 4, 3.3, [3100, 3754, 3752]
37, 5, 3.27, [689, 3736, 3752]
37, 6, 3.27, [3100, 3736, 3747]
37, 7, 3.23, [3746, 2229, 3758]
37, 8, 3.22, [359, 3736, 3100]
37, 9, 3.22, [3105, 3749, 3752]
37, 10, 3.2, [3760, 3739, 3736]
37, 11, 3.19, [3749, 2229, 3754]
37, 12, 3.19, [3755, 3752, 3736]
37, 13, 3.18, [3105, 3749, 3100]
37, 14, 3.18, [4130, 3744, 3752]
37, 15, 3.17, [4130, 3736, 3741]
37, 16, 3.17, [3746, 2463, 3753]
37, 17, 3.17, [689, 1834, 3736]
37, 18, 3.17, [3749, 3752, 996]
37, 19, 3.16, [3755, 3756, 3741]
37, 20, 3.16, [3100, 3737, 3743]
37, 21, 3.16, [3744, 3739, 3736]
37, 22, 3.16, [3777, 3746, 3739]
37, 23, 3.16, [4108, 3736, 3752]
37, 24, 3.15, [3760, 3740, 3755]
37, 25, 3.15, [3745, 3750, 3736]
37, 26, 3.14, [3740, 2229, 689]
37, 27, 3.14, [3777, 3736, 3742]
37, 28, 3.14, [3743, 3753, 2463]
37, 29, 3.13, [3755, 3736, 3747]
37, 30, 3.13, [3745, 3740, 3736]
37, 31, 3.12, [3760, 2156, 3100]
37, 32, 3.12, [3755, 3746, 3100]
37, 33, 3.11, [3749, 263, 3739]
37, 34, 3.11, [3755, 3736, 33]
37, 35, 3.09, [3744, 2229, 3740]
37, 36, 3.08, [3755, 3744, 3743]
37, 37, 3.07, [996, 2463, 3750]
37, 38, 3.06, [4794, 3736, 3743]
38, 0, 3.37, [3760, 3752, 3736]
38, 1, 3.37, [3743, 3752, 3736]
38, 2, 3.28, [3100, 3736, 3756]
38, 3, 3.26, [689, 2229, 3758]
38, 4, 3.26, [3743, 3742, 3736]
38, 5, 3.26, [3758, 3736, 3752]
38, 6, 3.25, [689, 3752, 3754]
38, 7, 3.23, [3743, 3752, 3737]
38, 8, 3.23, [3760, 3755, 3736]
38, 9, 3.23, [689, 3744, 3747]
38, 10, 3.23, [3100, 3754, 3752]
38, 11, 3.22, [3100, 3754, 1032]
38, 12, 3.21, [3759, 3752, 3736]
38, 13, 3.2, [3747, 3744, 1834]
38, 14, 3.19, [3743, 3100, 3733]
38, 15, 3.19, [3100, 3736, 3750]
38, 16, 3.19, [3760, 3756, 3736]
38, 17, 3.18, [3746, 3736, 3752]
38, 18, 3.17, [1828, 3736, 3752]
38, 19, 3.17, [3760, 3752, 3741]
38, 20, 3.17, [3755, 1831, 3736]
38, 21, 3.17, [3748, 3739, 3736]
38, 22, 3.16, [1833, 3736, 3758]
38, 23, 3.16, [33, 3749, 3741]
38, 24, 3.16, [3749, 291, 3736]
38, 25, 3.16, [4128, 3736, 3752]
38, 26, 3.15, [3749, 3750, 3754]
38, 27, 3.15, [3100, 3748, 270]
38, 28, 3.15, [3747, 3737, 3752]
38, 29, 3.15, [3746, 3752, 3749]
38, 30, 3.14, [4130, 3736, 4794]
38, 31, 3.14, [3752, 293, 3758]
38, 32, 3.13, [3755, 3739, 1896]
38, 33, 3.13, [3744, 3753, 3736]
38, 34, 3.12, [3741, 3752, 3753]
38, 35, 3.11, [3105, 3749, 3740]
38, 36, 3.1, [3747, 3745, 1831]
38, 37, 3.1, [3747, 3754, 3750]
38, 38, 3.1, [3744, 3739, 3743]
38, 39, 3.1, [263, 2463, 3736]
39, 0, 3.37, [3760, 3752, 3736]
39, 1, 3.37, [3743, 3752, 3736]
39, 2, 3.34, [689, 3747, 3736]
39, 3, 3.28, [3100, 3736, 3741]
39, 4, 3.28, [3760, 3752, 3737]
39, 5, 3.27, [3758, 3736, 3752]
39, 6, 3.27, [3740, 3752, 3736]
39, 7, 3.25, [3741, 3736, 3755]
39, 8, 3.25, [3100, 3736, 3749]
39, 9, 3.24, [1825, 3736, 3756]
39, 10, 3.24, [689, 3744, 3736]
39, 11, 3.23, [689, 3752, 3758]
39, 12, 3.23, [3100, 3758, 3736]
39, 13, 3.23, [3745, 3742, 3736]
39, 14, 3.22, [3760, 3752, 3736]
39, 15, 3.21, [3741, 3754, 3750]
39, 16, 3.21, [3740, 3736, 3752]
39, 17, 3.21, [3743, 3756, 3754]
39, 18, 3.21, [3100, 3752, 3747]
39, 19, 3.2, [3760, 3755, 3733]
39, 20, 3.2, [3748, 3752, 3754]
39, 21, 3.19, [3743, 3756, 3755]
39, 22, 3.18, [3747, 1831, 3754]
39, 23, 3.18, [3750, 3736, 3756]
39, 24, 3.18, [3100, 3754, 3743]
39, 25, 3.17, [3743, 3739, 3736]
39, 26, 3.17, [3100, 3736, 1541]
39, 27, 3.16, [3760, 3744, 3737]
39, 28, 3.16, [3760, 3756, 3744]
39, 29, 3.16, [119, 3100, 3102]
39, 30, 3.16, [3743, 2229, 1032]
39, 31, 3.15, [1686, 3752, 3749]
39, 32, 3.15, [1825, 693, 3736]
39, 33, 3.15, [3760, 291, 3736]
39, 34, 3.15, [3743, 3752, 3754]
39, 35, 3.14, [3760, 159, 1834]
39, 36, 3.13, [3760, 3747, 2156]
39, 37, 3.12, [3760, 3756, 295]
39, 38, 3.1, [3743, 3756, 3746]
39, 39, 3.08, [3740, 3754, 3756]
39, 40, 3.04, [33, 1040, 3758]
40, 0, 3.37, [3760, 3752, 3736]
40, 1, 3.37, [3743, 3752, 3736]
40, 2, 3.32, [689, 3756, 3754]
40, 3, 3.29, [689, 3741, 3736]
40, 4, 3.29, [3760, 3756, 3736]
40, 5, 3.29, [689, 3736, 3752]
40, 6, 3.27, [689, 3759, 3736]
40, 7, 3.27, [293, 3752, 3736]
40, 8, 3.27, [689, 3752, 3755]
40, 9, 3.26, [3100, 3758, 3741]
40, 10, 3.25, [3100, 3736, 3747]
40, 11, 3.24, [689, 3752, 3736]
40, 12, 3.24, [3100, 3752, 3733]
40, 13, 3.22, [689, 3755, 3737]
40, 14, 3.22, [3758, 3752, 3736]
40, 15, 3.21, [3100, 3736, 3760]
40, 16, 3.21, [3760, 3752, 1828]
40, 17, 3.21, [3743, 3753, 3736]
40, 18, 3.2, [3100, 3736, 4794]
40, 19, 3.2, [3743, 3752, 3739]
40, 20, 3.19, [3758, 3736, 689]
40, 21, 3.18, [3760, 3759, 3754]
40, 22, 3.17, [689, 3752, 3733]
40, 23, 3.17, [3743, 3752, 3736]
40, 24, 3.17, [3760, 3747, 3733]
40, 25, 3.16, [689, 3747, 3736]
40, 26, 3.16, [3758, 3755, 3747]
40, 27, 3.15, [3741, 3736, 3739]
40, 28, 3.15, [3100, 3746, 3743]
40, 29, 3.15, [3100, 3752, 3758]
40, 30, 3.15, [3733, 3756, 3758]
40, 31, 3.14, [3741, 3743, 3747]
40, 32, 3.14, [3100, 3737, 3752]
40, 33, 3.13, [3740, 4184, 3736]
40, 34, 3.13, [3744, 3737, 3752]
40, 35, 3.12, [3741, 3752, 3735]
40, 36, 3.11, [3100, 4130, 269]
40, 37, 3.11, [3740, 3758, 3736]
40, 38, 3.11, [3735, 3736, 3749]
40, 39, 3.1, [3743, 1831, 3736]
40, 40, 3.1, [3759, 3741, 3736]
40, 41, 3.09, [279, 101, 2229]
41, 0, 3.37, [3760, 3752, 3736]
41, 1, 3.37, [3743, 3752, 3736]
41, 2, 3.32, [3758, 3752, 3736]
41, 3, 3.31, [689, 3756, 3744]
41, 4, 3.31, [689, 3756, 3742]
41, 5, 3.3, [689, 3741, 3736]
41, 6, 3.3, [689, 3752, 3736]
41, 7, 3.28, [3759, 3752, 3736]
41, 8, 3.28, [689, 3740, 3754]
41, 9, 3.26, [689, 352, 3736]
41, 10, 3.24, [3100, 2463, 3736]
41, 11, 3.23, [3760, 3754, 3736]
41, 12, 3.23, [689, 3740, 3754]
41, 13, 3.23, [3760, 3759, 3758]
41, 14, 3.22, [3760, 1829, 3752]
41, 15, 3.21, [689, 3743, 3736]
41, 16, 3.2, [3750, 3752, 3736]
41, 17, 3.19, [689, 3736, 3740]
41, 18, 3.19, [293, 3750, 3739]
41, 19, 3.19, [689, 72, 3736]
41, 20, 3.19, [3760, 3754, 3736]
41, 21, 3.19, [3100, 3752, 3755]
41, 22, 3.19, [3760, 689, 1588]
41, 23, 3.18, [1605, 3752, 3736]
41, 24, 3.18, [689, 3756, 699]
41, 25, 3.17, [689, 3752, 3758]
41, 26, 3.17, [282, 3742, 3736]
41, 27, 3.17, [689, 3752, 3735]
41, 28, 3.17, [3760, 159, 3736]
41, 29, 3.17, [3743, 3741, 3755]
41, 30, 3.16, [3760, 3753, 3736]
41, 31, 3.16, [689, 3743, 3755]
41, 32, 3.16, [4794, 3759, 3736]
41, 33, 3.16, [3759, 3755, 3754]
41, 34, 3.14, [1829, 3750, 119]
41, 35, 3.14, [3760, 3752, 352]
41, 36, 3.14, [1322, 3752, 3758]
41, 37, 3.13, [293, 3743, 3736]
41, 38, 3.13, [3749, 3759, 3754]
41, 39, 3.13, [689, 284, 3754]
41, 40, 3.13, [3743, 181, 2598]
41, 41, 3.1, [702, 263, 3755]
41, 42, 3.09, [3743, 3740, 3733]
42, 0, 3.39, [3746, 3752, 3736]
42, 1, 3.37, [3760, 3752, 3736]
42, 2, 3.37, [3743, 3752, 3736]
42, 3, 3.29, [3760, 3752, 3736]
42, 4, 3.28, [3760, 3754, 3736]
42, 5, 3.28, [689, 3744, 3736]
42, 6, 3.27, [689, 3750, 3736]
42, 7, 3.27, [689, 3741, 3744]
42, 8, 3.26, [689, 1830, 3736]
42, 9, 3.25, [3743, 3752, 1321]
42, 10, 3.24, [689, 3743, 3736]
42, 11, 3.24, [689, 3756, 3754]
42, 12, 3.23, [3748, 3759, 3752]
42, 13, 3.21, [3743, 3736, 3740]
42, 14, 3.21, [3760, 3753, 3742]
42, 15, 3.21, [689, 3758, 3754]
42, 16, 3.19, [689, 3752, 4129]
42, 17, 3.19, [1322, 3752, 3736]
42, 18, 3.19, [689, 3742, 3754]
42, 19, 3.18, [3755, 3739, 3749]
42, 20, 3.18, [3760, 1829, 3747]
42, 21, 3.18, [3100, 3746, 3736]
42, 22, 3.17, [284, 2229, 3754]
42, 23, 3.17, [3758, 2463, 3743]
42, 24, 3.16, [3743, 1825, 1588]
42, 25, 3.15, [689, 3740, 3752]
42, 26, 3.15, [689, 3740, 3736]
42, 27, 3.15, [689, 3750, 3754]
42, 28, 3.14, [3760, 3752, 3749]
42, 29, 3.14, [3736, 3756, 3742]
42, 30, 3.14, [3760, 2229, 3736]
42, 31, 3.14, [3747, 352, 3736]
42, 32, 3.13, [3755, 1322, 3743]
42, 33, 3.13, [3734, 3752, 3736]
42, 34, 3.13, [3750, 3741, 3736]
42, 35, 3.13, [3743, 3740, 3746]
42, 36, 3.13, [3758, 2156, 3736]
42, 37, 3.13, [3743, 352, 3746]
42, 38, 3.12, [689, 3740, 3743]
42, 39, 3.11, [3748, 702, 3746]
42, 40, 3.11, [3734, 3750, 3736]
42, 41, 3.11, [689, 3755, 3736]
42, 42, 3.1, [3749, 3756, 3736]
42, 43, 3.1, [3760, 3741, 3740]
43, 0, 3.39, [3746, 3752, 3736]
43, 1, 3.37, [3760, 3752, 3736]
43, 2, 3.32, [3760, 3741, 3752]
43, 3, 3.32, [689, 3752, 3758]
43, 4, 3.32, [689, 3756, 3747]
43, 5, 3.31, [4128, 3752, 3755]
43, 6, 3.28, [3100, 3752, 3754]
43, 7, 3.27, [3743, 3752, 3736]
43, 8, 3.26, [689, 3744, 3736]
43, 9, 3.26, [3760, 3741, 3752]
43, 10, 3.25, [3746, 3744, 3736]
43, 11, 3.23, [3760, 3737, 3746]
43, 12, 3.22, [3760, 3741, 3736]
43, 13, 3.2, [3743, 3753, 3740]
43, 14, 3.2, [3753, 3759, 3736]
43, 15, 3.19, [3760, 3743, 3737]
43, 16, 3.19, [3759, 3752, 3736]
43, 17, 3.18, [3746, 3752, 3736]
43, 18, 3.17, [3743, 3736, 3748]
43, 19, 3.16, [2156, 3752, 3736]
43, 20, 3.16, [689, 3754, 3749]
43, 21, 3.16, [3760, 3740, 3736]
43, 22, 3.16, [3743, 3736, 3760]
43, 23, 3.15, [1321, 3740, 3736]
43, 24, 3.15, [689, 3736, 3752]
43, 25, 3.15, [3743, 3746, 3755]
43, 26, 3.14, [3760, 3744, 3758]
43, 27, 3.14, [3760, 3741, 1686]
43, 28, 3.14, [3743, 3740, 3736]
43, 29, 3.14, [3743, 1826, 3744]
43, 30, 3.14, [3760, 3741, 181]
43, 31, 3.13, [3748, 1315, 3752]
43, 32, 3.13, [3760, 3753, 3736]
43, 33, 3.13, [3100, 3739, 1321]
43, 34, 3.13, [689, 3740, 3749]
43, 35, 3.12, [3746, 3750, 3754]
43, 36, 3.11, [3743, 263, 3759]
43, 37, 3.1, [33, 1829, 3740]
43, 38, 3.1, [3744, 3737, 3758]
43, 39, 3.09, [3743, 1321, 3759]
43, 40, 3.09, [3746, 3740, 1826]
43, 41, 3.09, [3760, 3753, 3761]
43, 42, 3.09, [2260, 3752, 1588]
43, 43, 3.08, [3734, 3741, 3754]
43, 44, 3.07, [3755, 3743, 1321]
44, 0, 3.39, [3746, 3752, 3736]
44, 1, 3.37, [3760, 3752, 3736]
44, 2, 3.27, [689, 3739, 3736]
44, 3, 3.25, [3736, 3752, 3758]
44, 4, 3.24, [689, 3737, 3752]
44, 5, 3.24, [3100, 3741, 3736]
44, 6, 3.24, [3746, 3750, 3736]
44, 7, 3.24, [3100, 3752, 3754]
44, 8, 3.23, [689, 3741, 3736]
44, 9, 3.23, [689, 3756, 3745]
44, 10, 3.23, [3759, 3752, 3736]
44, 11, 3.23, [689, 3752, 3743]
44, 12, 3.22, [3748, 3752, 3758]
44, 13, 3.22, [3750, 3744, 3736]
44, 14, 3.2, [33, 3736, 3739]
44, 15, 3.2, [3760, 3754, 3747]
44, 16, 3.2, [689, 3756, 3755]
44, 17, 3.2, [689, 3744, 3750]
44, 18, 3.19, [3753, 3752, 3744]
44, 19, 3.19, [3100, 3752, 3758]
44, 20, 3.18, [3760, 3754, 3758]
44, 21, 3.18, [3746, 3754, 3758]
44, 22, 3.17, [3743, 3752, 3733]
44, 23, 3.17, [3743, 3737, 3750]
44, 24, 3.17, [3760, 3753, 3736]
44, 25, 3.17, [3760, 3753, 3752]
44, 26, 3.17, [3745, 3752, 3736]
44, 27, 3.16, [3760, 3752, 181]
44, 28, 3.16, [3753, 3744, 3755]
44, 29, 3.16, [3100, 3752, 3741]
44, 30, 3.15, [3746, 3753, 3759]
44, 31, 3.15, [689, 3737, 3745]
44, 32, 3.15, [3743, 3753, 3750]
44, 33, 3.15, [3743, 3753, 3739]
44, 34, 3.14, [689, 3752, 3743]
44, 35, 3.14, [3760, 3750, 3758]
44, 36, 3.14, [33, 3742, 4128]
44, 37, 3.14, [3746, 3759, 3755]
44, 38, 3.14, [3760, 352, 3754]
44, 39, 3.14, [4794, 3741, 4131]
44, 40, 3.14, [3100, 3740, 3743]
44, 41, 3.13, [3100, 3741, 3740]
44, 42, 3.12, [3745, 3752, 3747]
44, 43, 3.12, [3760, 3749, 3736]
44, 44, 3.11, [1829, 3752, 1686]
45, 0, 3.39, [3746, 3752, 3736]
45, 1, 3.37, [3760, 3752, 3736]
45, 2, 3.31, [3760, 3761, 3736]
45, 3, 3.29, [689, 3750, 3746]
45, 4, 3.27, [689, 3744, 3746]
45, 5, 3.26, [689, 3752, 3750]
45, 6, 3.26, [3100, 3752, 3754]
45, 7, 3.25, [3100, 3752, 3755]
45, 8, 3.25, [689, 3752, 3737]
45, 9, 3.25, [3100, 3752, 3760]
45, 10, 3.25, [3100, 3753, 3736]
45, 11, 3.25, [689, 3752, 3100]
45, 12, 3.24, [689, 3758, 3736]
45, 13, 3.24, [689, 3742, 3736]
45, 14, 3.23, [3750, 3741, 3746]
45, 15, 3.23, [3742, 3752, 3736]
45, 16, 3.23, [3746, 3741, 3754]
45, 17, 3.23, [3746, 3742, 3736]
45, 18, 3.22, [3736, 3741, 3755]
45, 19, 3.22, [3750, 3752, 3749]
45, 20, 3.22, [3736, 3739, 3741]
45, 21, 3.22, [689, 3754, 3744]
45, 22, 3.21, [3740, 3752, 3736]
45, 23, 3.2, [3746, 3742, 3745]
45, 24, 3.2, [3747, 3744, 3736]
45, 25, 3.2, [689, 3741, 3736]
45, 26, 3.19, [3745, 3744, 3736]
45, 27, 3.19, [3100, 3741, 3744]
45, 28, 3.19, [689, 3737, 181]
45, 29, 3.18, [3760, 3752, 3750]
45, 30, 3.18, [3760, 3753, 3736]
45, 31, 3.18, [3746, 3752, 3747]
45, 32, 3.18, [33, 3736, 3760]
45, 33, 3.17, [3736, 3740, 3754]
45, 34, 3.17, [3760, 3739, 352]
45, 35, 3.17, [3100, 3753, 3736]
45, 36, 3.16, [689, 3756, 3760]
45, 37, 3.16, [689, 3753, 3750]
45, 38, 3.16, [3740, 3752, 3743]
45, 39, 3.15, [3100, 3744, 3737]
45, 40, 3.14, [3755, 3737, 3736]
45, 41, 3.13, [4794, 3741, 3752]
45, 42, 3.13, [3760, 3736, 4301]
45, 43, 3.13, [3746, 3750, 3754]
45, 44, 3.11, [689, 3734, 3736]
46, 0, 3.39, [3746, 3752, 3736]
46, 1, 3.37, [3760, 3752, 3736]
46, 2, 3.34, [689, 2229, 3736]
46, 3, 3.34, [3755, 3752, 3736]
46, 4, 3.31, [689, 3752, 3749]
46, 5, 3.3, [689, 3754, 3746]
46, 6, 3.29, [689, 3752, 3755]
46, 7, 3.28, [3760, 3752, 3754]
46, 8, 3.28, [689, 3743, 3736]
46, 9, 3.26, [689, 3752, 3100]
46, 10, 3.25, [3746, 3752, 3758]
46, 11, 3.25, [689, 3742, 3752]
46, 12, 3.25, [689, 3745, 3746]
46, 13, 3.25, [3755, 3752, 3100]
46, 14, 3.24, [689, 3733, 3746]
46, 15, 3.24, [3760, 263, 3736]
46, 16, 3.24, [3740, 3750, 3746]
46, 17, 3.24, [3100, 3744, 3736]
46, 18, 3.23, [3100, 3105, 3752]
46, 19, 3.23, [689, 3752, 3750]
46, 20, 3.23, [3760, 3752, 3736]
46, 21, 3.22, [3760, 3750, 3754]
46, 22, 3.22, [3760, 3752, 3755]
46, 23, 3.21, [3743, 3761, 3736]
46, 24, 3.21, [3100, 3755, 3746]
46, 25, 3.2, [3750, 3744, 2229]
46, 26, 3.2, [3742, 3761, 3736]
46, 27, 3.2, [3100, 3752, 3754]
46, 28, 3.19, [3750, 3754, 3744]
46, 29, 3.19, [689, 3752, 3736]
46, 30, 3.19, [293, 3752, 3754]
46, 31, 3.18, [3746, 3752, 3761]
46, 32, 3.18, [3759, 3744, 3736]
46, 33, 3.16, [3749, 3750, 3736]
46, 34, 3.15, [3750, 3752, 3745]
46, 35, 3.15, [3749, 3752, 3755]
46, 36, 3.14, [3100, 3741, 3758]
46, 37, 3.14, [3100, 702, 3746]
46, 38, 3.14, [689, 3750, 699]
46, 39, 3.13, [3744, 3752, 3749]
46, 40, 3.13, [3735, 3755, 3760]
46, 41, 3.13, [3760, 3761, 3744]
46, 42, 3.12, [3760, 3742, 3744]
46, 43, 3.1, [4794, 3761, 3736]
46, 44, 3.09, [1833, 3759, 3746]
46, 45, 3.08, [3397, 3752, 3744]
47, 0, 3.39, [3746, 3752, 3736]
47, 1, 3.37, [3760, 3752, 3736]
47, 2, 3.32, [689, 3752, 3737]
47, 3, 3.27, [3755, 3752, 3100]
47, 4, 3.26, [689, 3752, 3745]
47, 5, 3.26, [3755, 3752, 3737]
47, 6, 3.25, [3100, 3752, 3737]
47, 7, 3.25, [3760, 3752, 3741]
47, 8, 3.25, [3746, 3752, 3740]
47, 9, 3.24, [689, 3752, 1826]
47, 10, 3.23, [689, 3736, 3749]
47, 11, 3.22, [3760, 3750, 3736]
47, 12, 3.22, [3100, 3752, 3743]
47, 13, 3.22, [3760, 33, 3100]
47, 14, 3.22, [2229, 3749, 3736]
47, 15, 3.21, [3760, 3752, 3745]
47, 16, 3.21, [3746, 3744, 3754]
47, 17, 3.21, [3760, 3743, 3746]
47, 18, 3.2, [3746, 3752, 3742]
47, 19, 3.2, [3758, 3742, 3752]
47, 20, 3.2, [689, 33, 3752]
47, 21, 3.2, [3100, 3743, 3744]
47, 22, 3.19, [3755, 3752, 3754]
47, 23, 3.19, [3746, 3747, 3736]
47, 24, 3.18, [3760, 77, 3750]
47, 25, 3.18, [689, 3752, 3741]
47, 26, 3.17, [689, 3745, 3744]
47, 27, 3.17, [689, 72, 3746]
47, 28, 3.17, [689, 3754, 3749]
47, 29, 3.17, [3734, 3745, 3100]
47, 30, 3.16, [3746, 3748, 3736]
47, 31, 3.16, [3744, 119, 3100]
47, 32, 3.15, [3740, 3750, 3736]
47, 33, 3.15, [3745, 3752, 3100]
47, 34, 3.13, [1006, 2261, 3736]
47, 35, 3.12, [2156, 3752, 229]
47, 36, 3.12, [159, 3752, 4131]
47, 37, 3.11, [3748, 4131, 3736]
47, 38, 3.11, [689, 119, 3100]
47, 39, 3.11, [24, 3752, 2464]
47, 40, 3.1, [3102, 3742, 293]
47, 41, 3.1, [3758, 2595, 229]
47, 42, 3.1, [689, 3754, 3743]
47, 43, 3.1, [3755, 1541, 3742]
47, 44, 3.07, [689, 284, 3735]
47, 45, 3.06, [269, 1315, 2464]
47, 46, 3.05, [287, 3752, 1830]
48, 0, 3.39, [3746, 3752, 3736]
48, 1, 3.37, [3760, 3752, 3736]
48, 2, 3.29, [3734, 3752, 3736]
48, 3, 3.28, [689, 3752, 3736]
48, 4, 3.27, [689, 3750, 3744]
48, 5, 3.26, [3746, 3752, 689]
48, 6, 3.26, [3100, 3752, 3737]
48, 7, 3.24, [3746, 3749, 3736]
48, 8, 3.23, [3746, 689, 3737]
48, 9, 3.23, [689, 3733, 3752]
48, 10, 3.22, [3744, 3752, 3742]
48, 11, 3.22, [689, 3741, 3749]
48, 12, 3.21, [3755, 3752, 3749]
48, 13, 3.21, [3746, 3752, 3758]
48, 14, 3.21, [689, 291, 3736]
48, 15, 3.2, [3755, 3752, 699]
48, 16, 3.2, [702, 3752, 3736]
48, 17, 3.19, [3746, 3752, 546]
48, 18, 3.19, [3760, 3752, 3755]
48, 19, 3.19, [3746, 181, 3736]
48, 20, 3.19, [3760, 3752, 3756]
48, 21, 3.18, [2229, 3752, 3743]
48, 22, 3.17, [4794, 3752, 3746]
48, 23, 3.17, [3742, 33, 3100]
48, 24, 3.17, [3760, 3752, 3735]
48, 25, 3.17, [3745, 3752, 3754]
48, 26, 3.17, [3746, 3750, 3755]
48, 27, 3.17, [3760, 3740, 3736]
48, 28, 3.17, [3733, 3752, 3100]
48, 29, 3.16, [2595, 3739, 3743]
48, 30, 3.16, [3742, 2490, 3758]
48, 31, 3.16, [689, 3752, 3740]
48, 32, 3.16, [3760, 3741, 1006]
48, 33, 3.15, [3744, 3752, 1826]
48, 34, 3.14, [3740, 3749, 3736]
48, 35, 3.14, [3755, 3749, 3741]
48, 36, 3.14, [3760, 3752, 3102]
48, 37, 3.13, [3760, 33, 702]
48, 38, 3.12, [3760, 3743, 3733]
48, 39, 3.12, [689, 3740, 3100]
48, 40, 3.11, [3760, 693, 2463]
48, 41, 3.1, [279, 689, 3743]
48, 42, 3.1, [3760, 33, 3756]
48, 43, 3.1, [1541, 693, 1829]
48, 44, 3.09, [3748, 33, 3736]
48, 45, 3.08, [3102, 3743, 3745]
48, 46, 3.05, [3758, 1826, 3740]
48, 47, 3.05, [3745, 3734, 1833]
49, 0, 3.39, [3746, 3752, 3736]
49, 1, 3.38, [689, 3752, 3733]
49, 2, 3.37, [3760, 3752, 3736]
49, 3, 3.32, [3755, 3752, 3746]
49, 4, 3.3, [3760, 3752, 3742]
49, 5, 3.3, [689, 2156, 3752]
49, 6, 3.26, [3746, 3737, 689]
49, 7, 3.23, [3742, 3753, 3736]
49, 8, 3.22, [3760, 3752, 3736]
49, 9, 3.22, [3745, 3750, 3744]
49, 10, 3.22, [3742, 4184, 3744]
49, 11, 3.21, [689, 291, 3736]
49, 12, 3.21, [3746, 3752, 3749]
49, 13, 3.2, [3755, 3756, 3736]
49, 14, 3.2, [3747, 689, 3736]
49, 15, 3.2, [3747, 3752, 3736]
49, 16, 3.2, [3746, 3742, 3749]
49, 17, 3.2, [689, 293, 546]
49, 18, 3.19, [3746, 33, 3758]
49, 19, 3.18, [3734, 3752, 3736]
49, 20, 3.18, [702, 3752, 3736]
49, 21, 3.18, [3745, 3739, 3736]
49, 22, 3.18, [3734, 3750, 3736]
49, 23, 3.18, [3746, 3752, 3749]
49, 24, 3.18, [2156, 3752, 3736]
49, 25, 3.17, [293, 3749, 3736]
49, 26, 3.16, [3745, 689, 699]
49, 27, 3.16, [3760, 3755, 3744]
49, 28, 3.16, [689, 33, 3760]
49, 29, 3.16, [3755, 3741, 3100]
49, 30, 3.15, [3743, 3752, 3736]
49, 31, 3.14, [3100, 3752, 1830]
49, 32, 3.14, [3755, 3741, 3737]
49, 33, 3.14, [1032, 3750, 3744]
49, 34, 3.14, [3745, 3752, 3733]
49, 35, 3.14, [3100, 263, 3748]
49, 36, 3.14, [3746, 3755, 3754]
49, 37, 3.13, [689, 3752, 3733]
49, 38, 3.13, [3759, 291, 3752]
49, 39, 3.13, [3745, 3744, 3737]
49, 40, 3.12, [3749, 3752, 3756]
49, 41, 3.12, [3746, 4301, 1987]
49, 42, 3.12, [282, 3750, 3744]
49, 43, 3.11, [3759, 3750, 3736]
49, 44, 3.1, [263, 3744, 181]
49, 45, 3.08, [702, 3749, 295]
49, 46, 3.08, [352, 3749, 3744]
49, 47, 3.08, [3733, 3752, 3740]
49, 48, 3.07, [159, 3752, 1040]
50, 0, 3.39, [3746, 3752, 3736]
50, 1, 3.38, [689, 3752, 3733]
50, 2, 3.33, [689, 3750, 3742]
50, 3, 3.3, [689, 3756, 3744]
50, 4, 3.29, [3742, 3752, 3736]
50, 5, 3.27, [689, 3752, 3748]
50, 6, 3.27, [689, 3752, 3755]
50, 7, 3.26, [689, 3752, 3755]
50, 8, 3.24, [3746, 3752, 3758]
50, 9, 3.23, [3755, 3760, 3746]
50, 10, 3.23, [3746, 3752, 3750]
50, 11, 3.22, [1322, 3752, 3746]
50, 12, 3.22, [3742, 3752, 3737]
50, 13, 3.21, [689, 3753, 3736]
50, 14, 3.21, [3100, 1040, 3736]
50, 15, 3.21, [3749, 3752, 3736]
50, 16, 3.21, [3746, 3733, 3752]
50, 17, 3.21, [689, 3749, 3739]
50, 18, 3.21, [3746, 3755, 3750]
50, 19, 3.2, [689, 3752, 3744]
50, 20, 3.2, [689, 3739, 3736]
50, 21, 3.2, [101, 3752, 3742]
50, 22, 3.19, [689, 4184, 3760]
50, 23, 3.19, [3760, 3752, 3737]
50, 24, 3.19, [3760, 3752, 3735]
50, 25, 3.18, [3742, 2261, 3733]
50, 26, 3.18, [689, 3752, 3761]
50, 27, 3.18, [3760, 3752, 3749]
50, 28, 3.17, [689, 3749, 3736]
50, 29, 3.17, [3747, 3741, 3736]
50, 30, 3.16, [689, 279, 3736]
50, 31, 3.16, [3755, 3741, 3737]
50, 32, 3.15, [3755, 3744, 3736]
50, 33, 3.15, [3760, 3749, 3733]
50, 34, 3.14, [689, 293, 3755]
50, 35, 3.14, [2598, 3744, 3100]
50, 36, 3.14, [3750, 3753, 3733]
50, 37, 3.14, [3760, 3750, 3733]
50, 38, 3.14, [689, 2156, 3744]
50, 39, 3.13, [3760, 291, 3744]
50, 40, 3.13, [3740, 3752, 3749]
50, 41, 3.12, [2229, 3752, 546]
50, 42, 3.12, [3746, 3754, 2156]
50, 43, 3.12, [3749, 3756, 3744]
50, 44, 3.11, [3100, 3752, 546]
50, 45, 3.11, [3750, 4184, 3736]
50, 46, 3.1, [3746, 3735, 689]
50, 47, 3.1, [3746, 293, 2261]
50, 48, 3.09, [3755, 33, 284]
50, 49, 3.09, [3752, 4184, 3733]
