generation number, individual number, fitness, candidate
0, 0, 2.15, [3753, 3742]
0, 1, 2.13, [4130, 3752]
0, 2, 2.11, [3743, 3753]
0, 3, 2.1, [3736, 2260]
0, 4, 2.1, [3754, 3750]
0, 5, 2.08, [3750, 3740]
0, 6, 2.07, [3734, 3739]
0, 7, 2.07, [1040, 3739]
0, 8, 2.05, [3740, 2156]
0, 9, 2.04, [3753, 295]
1, 0, 2.23, [3743, 3750]
1, 1, 2.18, [3105, 3742]
1, 2, 2.15, [3753, 3742]
1, 3, 2.13, [4130, 3752]
1, 4, 2.12, [4129, 3753]
1, 5, 2.1, [285, 3747]
1, 6, 2.1, [1321, 3744]
1, 7, 2.08, [101, 3742]
1, 8, 2.07, [4128, 1315]
1, 9, 2.06, [352, 3754]
2, 0, 2.23, [3743, 3750]
2, 1, 2.21, [3100, 3750]
2, 2, 2.2, [3105, 3736]
2, 3, 2.19, [3750, 3742]
2, 4, 2.18, [3750, 3742]
2, 5, 2.18, [3105, 3742]
2, 6, 2.16, [3750, 3742]
2, 7, 2.14, [3744, 3750]
2, 8, 2.12, [4128, 3750]
2, 9, 2.1, [3760, 119]
3, 0, 2.23, [3743, 3750]
3, 1, 2.21, [3100, 3750]
3, 2, 2.2, [689, 3742]
3, 3, 2.14, [689, 3750]
3, 4, 2.14, [4129, 3750]
3, 5, 2.13, [3753, 3733]
3, 6, 2.09, [3100, 269]
3, 7, 2.09, [4128, 2463]
3, 8, 2.08, [291, 3749]
3, 9, 2.07, [1834, 3744]
4, 0, 2.23, [3743, 3750]
4, 1, 2.21, [3100, 3750]
4, 2, 2.18, [3760, 3750]
4, 3, 2.16, [3750, 3742]
4, 4, 2.13, [3736, 3759]
4, 5, 2.12, [3742, 3750]
4, 6, 2.11, [3742, 3750]
4, 7, 2.1, [3743, 3750]
4, 8, 2.08, [3734, 3750]
4, 9, 2.08, [3760, 3750]
5, 0, 2.23, [3743, 3750]
5, 1, 2.21, [3100, 3750]
5, 2, 2.11, [3743, 3746]
5, 3, 2.11, [3100, 284]
5, 4, 2.1, [3748, 3746]
5, 5, 2.07, [3750, 4129]
5, 6, 2.07, [3760, 1040]
5, 7, 2.06, [996, 4130]
5, 8, 2.05, [3105, 1322]
5, 9, 2.03, [2260, 284]
6, 0, 2.24, [3100, 3752]
6, 1, 2.23, [3743, 3750]
6, 2, 2.21, [3100, 3750]
6, 3, 2.2, [689, 3746]
6, 4, 2.15, [689, 284]
6, 5, 2.15, [3100, 1831]
6, 6, 2.15, [3736, 3747]
6, 7, 2.12, [3100, 3740]
6, 8, 2.11, [3753, 3750]
6, 9, 2.06, [3743, 282]
7, 0, 2.24, [3100, 3752]
7, 1, 2.23, [3743, 3750]
7, 2, 2.16, [3742, 3750]
7, 3, 2.13, [3741, 693]
7, 4, 2.1, [3742, 1686]
7, 5, 2.07, [4129, 101]
7, 6, 2.05, [702, 4128]
7, 7, 2.04, [4128, 275]
7, 8, 2.03, [101, 2261]
7, 9, 2.01, [1987, 702]
8, 0, 2.31, [3100, 4131]
8, 1, 2.24, [3100, 3752]
8, 2, 2.23, [3743, 3750]
8, 3, 2.15, [3743, 3752]
8, 4, 2.14, [3746, 181]
8, 5, 2.14, [3741, 3750]
8, 6, 2.12, [3750, 3752]
8, 7, 2.12, [3747, 3750]
8, 8, 2.11, [3743, 3756]
8, 9, 2.1, [279, 3760]
9, 0, 2.31, [3100, 4131]
9, 1, 2.24, [3100, 3752]
9, 2, 2.17, [3100, 3742]
9, 3, 2.15, [3743, 4129]
9, 4, 2.15, [3741, 3752]
9, 5, 2.14, [3746, 4131]
9, 6, 2.13, [3747, 3742]
9, 7, 2.11, [3100, 3754]
9, 8, 2.09, [3760, 4131]
9, 9, 2.09, [284, 4131]
10, 0, 2.31, [3100, 4131]
10, 1, 2.24, [3100, 3752]
10, 2, 2.15, [3100, 1825]
10, 3, 2.14, [1092, 3742]
10, 4, 2.12, [3747, 4131]
10, 5, 2.12, [270, 4129]
10, 6, 2.08, [3753, 3750]
10, 7, 2.07, [3748, 4131]
10, 8, 2.07, [284, 3753]
10, 9, 2.05, [3737, 4129]
11, 0, 2.31, [3100, 4131]
11, 1, 2.24, [3100, 3752]
11, 2, 2.13, [4794, 3752]
11, 3, 2.12, [285, 3752]
11, 4, 2.11, [3741, 287]
11, 5, 2.1, [3740, 3752]
11, 6, 2.09, [3742, 693]
11, 7, 2.09, [2490, 3741]
11, 8, 2.07, [284, 3100]
11, 9, 2.07, [3105, 3740]
12, 0, 2.31, [3100, 4131]
12, 1, 2.24, [3100, 3752]
12, 2, 2.19, [3758, 3752]
12, 3, 2.11, [3100, 3753]
12, 4, 2.1, [1829, 3752]
12, 5, 2.07, [4128, 702]
12, 6, 2.03, [1834, 2400]
12, 7, 2.02, [4794, 271]
12, 8, 2.01, [1092, 1830]
12, 9, 2.01, [3102, 1686]
13, 0, 2.31, [3100, 4131]
13, 1, 2.24, [3100, 3752]
13, 2, 2.14, [3758, 3752]
13, 3, 2.14, [3100, 4130]
13, 4, 2.1, [3749, 284]
13, 5, 2.1, [3744, 4131]
13, 6, 2.1, [181, 284]
13, 7, 2.09, [3100, 3739]
13, 8, 2.08, [3760, 4131]
13, 9, 2.03, [2229, 4108]
14, 0, 2.31, [3100, 4131]
14, 1, 2.24, [3100, 3752]
14, 2, 2.12, [4301, 3752]
14, 3, 2.07, [3100, 3753]
14, 4, 2.05, [1987, 4108]
14, 5, 2.05, [2229, 1896]
14, 6, 2.04, [3760, 271]
14, 7, 2.04, [33, 1830]
14, 8, 2.03, [3100, 3102]
14, 9, 2.01, [2400, 359]
15, 0, 2.31, [3100, 4131]
15, 1, 2.24, [3100, 3752]
15, 2, 2.16, [3754, 3741]
15, 3, 2.13, [3740, 3754]
15, 4, 2.13, [3100, 3754]
15, 5, 2.11, [3737, 3749]
15, 6, 2.09, [279, 2229]
15, 7, 2.09, [2261, 3746]
15, 8, 2.07, [3100, 1686]
15, 9, 2.07, [4130, 279]
16, 0, 2.31, [3100, 4131]
16, 1, 2.24, [3100, 3752]
16, 2, 2.13, [3760, 3752]
16, 3, 2.11, [3744, 263]
16, 4, 2.1, [3744, 4131]
16, 5, 2.1, [3742, 4131]
16, 6, 2.06, [1831, 1834]
16, 7, 2.06, [3758, 295]
16, 8, 2.05, [1321, 3761]
16, 9, 2.03, [33, 101]
17, 0, 2.31, [3100, 4131]
17, 1, 2.24, [3100, 3752]
17, 2, 2.17, [3736, 4131]
17, 3, 2.16, [3100, 3743]
17, 4, 2.11, [2229, 271]
17, 5, 2.1, [3741, 4131]
17, 6, 2.07, [699, 3744]
17, 7, 2.05, [1040, 1896]
17, 8, 2.04, [295, 1834]
17, 9, 2.03, [181, 279]
18, 0, 2.31, [3100, 4131]
18, 1, 2.24, [3100, 3736]
18, 2, 2.24, [3100, 3752]
18, 3, 2.21, [3736, 3756]
18, 4, 2.13, [1987, 1825]
18, 5, 2.12, [4129, 3754]
18, 6, 2.1, [3100, 4129]
18, 7, 2.09, [3100, 1686]
18, 8, 2.06, [3746, 4131]
18, 9, 2.06, [1315, 3739]
19, 0, 2.31, [3100, 4131]
19, 1, 2.24, [3100, 3736]
19, 2, 2.21, [3100, 3736]
19, 3, 2.2, [3100, 3752]
19, 4, 2.19, [3100, 3105]
19, 5, 2.14, [3100, 4128]
19, 6, 2.11, [3742, 2464]
19, 7, 2.09, [1322, 3100]
19, 8, 2.05, [72, 291]
19, 9, 2.03, [2464, 3739]
20, 0, 2.31, [3100, 4131]
20, 1, 2.24, [3100, 3736]
20, 2, 2.15, [284, 3736]
20, 3, 2.11, [3736, 1830]
20, 4, 2.1, [3105, 4131]
20, 5, 2.08, [689, 3733]
20, 6, 2.08, [546, 3754]
20, 7, 2.07, [3760, 229]
20, 8, 2.06, [3740, 3759]
20, 9, 2.05, [1322, 4131]
21, 0, 2.31, [3100, 4131]
21, 1, 2.24, [3100, 3736]
21, 2, 2.16, [3100, 2464]
21, 3, 2.13, [4130, 3736]
21, 4, 2.06, [4301, 3736]
21, 5, 2.06, [3740, 3736]
21, 6, 2.06, [3745, 693]
21, 7, 2.05, [284, 4129]
21, 8, 2.02, [4301, 4131]
21, 9, 2.02, [287, 1828]
22, 0, 2.31, [3100, 4131]
22, 1, 2.24, [3100, 3736]
22, 2, 2.2, [689, 3736]
22, 3, 2.15, [3100, 3754]
22, 4, 2.14, [3100, 3755]
22, 5, 2.12, [3100, 2463]
22, 6, 2.1, [3754, 269]
22, 7, 2.09, [3742, 3745]
22, 8, 2.07, [279, 3744]
22, 9, 2.06, [4129, 24]
23, 0, 2.31, [3100, 4131]
23, 1, 2.24, [3100, 4128]
23, 2, 2.24, [3100, 3736]
23, 3, 2.21, [689, 1987]
23, 4, 2.17, [293, 3736]
23, 5, 2.14, [3100, 3754]
23, 6, 2.13, [3100, 3758]
23, 7, 2.11, [3750, 4131]
23, 8, 2.1, [3749, 4131]
23, 9, 2.06, [1825, 2490]
24, 0, 2.31, [3100, 4131]
24, 1, 2.24, [3758, 3736]
24, 2, 2.24, [3100, 4128]
24, 3, 2.08, [3745, 4130]
24, 4, 2.07, [3100, 4130]
24, 5, 2.06, [2229, 3747]
24, 6, 2.06, [3737, 4131]
24, 7, 2.06, [3736, 279]
24, 8, 2.05, [159, 3733]
24, 9, 2.04, [1826, 1040]
25, 0, 2.31, [3100, 4131]
25, 1, 2.24, [3758, 3736]
25, 2, 2.23, [3100, 3744]
25, 3, 2.2, [3100, 3754]
25, 4, 2.13, [3758, 4128]
25, 5, 2.1, [2229, 3754]
25, 6, 2.09, [3747, 4131]
25, 7, 2.09, [3759, 3747]
25, 8, 2.09, [3758, 4128]
25, 9, 2.07, [3741, 3736]
26, 0, 2.31, [3100, 4131]
26, 1, 2.24, [3758, 3736]
26, 2, 2.14, [4128, 3105]
26, 3, 2.13, [4129, 689]
26, 4, 2.13, [3747, 4131]
26, 5, 2.13, [3753, 2156]
26, 6, 2.11, [3100, 3746]
26, 7, 2.09, [3758, 3748]
26, 8, 2.05, [3733, 282]
26, 9, 2.04, [3758, 4131]
27, 0, 2.31, [3100, 4131]
27, 1, 2.24, [3758, 3736]
27, 2, 2.17, [3100, 3746]
27, 3, 2.16, [3100, 3744]
27, 4, 2.15, [3750, 4131]
27, 5, 2.12, [3758, 4128]
27, 6, 2.12, [4128, 2229]
27, 7, 2.09, [3100, 4130]
27, 8, 2.08, [285, 3736]
27, 9, 2.08, [3753, 4130]
28, 0, 2.31, [3100, 4131]
28, 1, 2.24, [3758, 3736]
28, 2, 2.14, [3744, 4131]
28, 3, 2.12, [4128, 3397]
28, 4, 2.11, [3741, 270]
28, 5, 2.11, [3100, 359]
28, 6, 2.1, [3100, 1032]
28, 7, 2.09, [3100, 285]
28, 8, 2.06, [3748, 4130]
28, 9, 2.06, [3736, 3747]
29, 0, 2.31, [3100, 4131]
29, 1, 2.24, [689, 3736]
29, 2, 2.24, [3758, 3736]
29, 3, 2.17, [3100, 3758]
29, 4, 2.15, [3758, 3105]
29, 5, 2.13, [4794, 3736]
29, 6, 2.09, [3100, 4130]
29, 7, 2.08, [3744, 4129]
29, 8, 2.08, [3758, 3105]
29, 9, 2.07, [3100, 293]
30, 0, 2.31, [3100, 4131]
30, 1, 2.24, [689, 3736]
30, 2, 2.15, [996, 3742]
30, 3, 2.14, [295, 3736]
30, 4, 2.11, [4128, 3758]
30, 5, 2.09, [3758, 3743]
30, 6, 2.08, [3739, 1006]
30, 7, 2.06, [270, 3105]
30, 8, 2.05, [3758, 3744]
30, 9, 2.03, [24, 3105]
31, 0, 2.31, [3100, 4131]
31, 1, 2.24, [689, 3736]
31, 2, 2.17, [3105, 3736]
31, 3, 2.12, [3100, 3739]
31, 4, 2.1, [1831, 3744]
31, 5, 2.1, [689, 3759]
31, 6, 2.06, [3750, 2463]
31, 7, 2.06, [352, 3748]
31, 8, 2.05, [3746, 295]
31, 9, 2.05, [996, 3105]
32, 0, 2.31, [3100, 4131]
32, 1, 2.25, [3100, 3742]
32, 2, 2.24, [689, 3736]
32, 3, 2.14, [3749, 4131]
32, 4, 2.12, [3758, 3736]
32, 5, 2.11, [3100, 3737]
32, 6, 2.07, [3105, 4130]
32, 7, 2.07, [3758, 3755]
32, 8, 2.06, [181, 996]
32, 9, 2.05, [1896, 4131]
33, 0, 2.31, [3100, 4131]
33, 1, 2.25, [3100, 3742]
33, 2, 2.14, [3760, 3742]
33, 3, 2.07, [4128, 1896]
33, 4, 2.06, [1322, 291]
33, 5, 2.06, [3760, 359]
33, 6, 2.04, [3739, 1315]
33, 7, 2.03, [101, 2261]
33, 8, 2.03, [1831, 4301]
33, 9, 2.02, [1315, 4108]
34, 0, 2.31, [3100, 4131]
34, 1, 2.25, [3100, 3742]
34, 2, 2.15, [4129, 3742]
34, 3, 2.14, [3736, 2400]
34, 4, 2.13, [3752, 279]
34, 5, 2.1, [3100, 689]
34, 6, 2.1, [3100, 4130]
34, 7, 2.08, [4130, 4128]
34, 8, 2.07, [3754, 1092]
34, 9, 2.06, [3760, 996]
35, 0, 2.31, [3100, 4131]
35, 1, 2.25, [3100, 3742]
35, 2, 2.15, [1987, 4131]
35, 3, 2.11, [3100, 3743]
35, 4, 2.11, [3752, 3761]
35, 5, 2.08, [3100, 1541]
35, 6, 2.06, [1825, 269]
35, 7, 2.06, [101, 3753]
35, 8, 2.03, [4130, 4131]
35, 9, 2.02, [101, 2229]
36, 0, 2.31, [3100, 4131]
36, 1, 2.25, [3100, 3742]
36, 2, 2.17, [3743, 4131]
36, 3, 2.13, [689, 3102]
36, 4, 2.09, [3759, 3105]
36, 5, 2.08, [689, 1321]
36, 6, 2.07, [1825, 2490]
36, 7, 2.06, [1541, 4129]
36, 8, 2.06, [1831, 1829]
36, 9, 2.03, [3759, 3761]
37, 0, 2.31, [3100, 4131]
37, 1, 2.25, [3100, 3742]
37, 2, 2.14, [3755, 284]
37, 3, 2.13, [3100, 3743]
37, 4, 2.12, [3100, 3743]
37, 5, 2.09, [3760, 4131]
37, 6, 2.09, [3100, 4108]
37, 7, 2.08, [3742, 3397]
37, 8, 2.07, [1830, 693]
37, 9, 2.04, [4794, 4129]
38, 0, 2.31, [3100, 4131]
38, 1, 2.25, [3100, 3742]
38, 2, 2.12, [3100, 4108]
38, 3, 2.11, [3750, 693]
38, 4, 2.1, [3100, 4128]
38, 5, 2.1, [3746, 4131]
38, 6, 2.09, [689, 1588]
38, 7, 2.06, [1831, 285]
38, 8, 2.05, [2156, 279]
38, 9, 2.03, [4794, 1541]
39, 0, 2.31, [3100, 4131]
39, 1, 2.25, [3100, 3742]
39, 2, 2.14, [3100, 4130]
39, 3, 2.12, [3750, 3740]
39, 4, 2.11, [702, 3742]
39, 5, 2.1, [3100, 4108]
39, 6, 2.09, [3740, 3744]
39, 7, 2.07, [3741, 693]
39, 8, 2.05, [4130, 1605]
39, 9, 2.02, [1605, 101]
40, 0, 2.31, [3100, 4131]
40, 1, 2.25, [3100, 3742]
40, 2, 2.16, [3746, 3742]
40, 3, 2.15, [3740, 3742]
40, 4, 2.11, [3750, 4128]
40, 5, 2.1, [689, 181]
40, 6, 2.09, [3100, 3759]
40, 7, 2.07, [1825, 2463]
40, 8, 2.05, [2463, 4131]
40, 9, 2.03, [3100, 270]
41, 0, 2.31, [3100, 4131]
41, 1, 2.25, [3100, 3742]
41, 2, 2.18, [3746, 4129]
41, 3, 2.17, [3100, 3750]
41, 4, 2.16, [3736, 3742]
41, 5, 2.12, [3100, 4131]
41, 6, 2.08, [2156, 4131]
41, 7, 2.07, [3100, 3761]
41, 8, 2.06, [3105, 1828]
41, 9, 2.06, [3734, 3744]
42, 0, 2.31, [3100, 4131]
42, 1, 2.25, [3100, 3742]
42, 2, 2.18, [3100, 3740]
42, 3, 2.1, [1831, 4184]
42, 4, 2.08, [3760, 4129]
42, 5, 2.07, [4131, 3746]
42, 6, 2.06, [1092, 4131]
42, 7, 2.04, [3745, 3735]
42, 8, 2.04, [1831, 4130]
42, 9, 2.03, [4301, 2156]
43, 0, 2.31, [3100, 4131]
43, 1, 2.25, [3100, 3742]
43, 2, 2.2, [3743, 3739]
43, 3, 2.11, [3100, 4128]
43, 4, 2.09, [3100, 1322]
43, 5, 2.09, [3741, 3742]
43, 6, 2.09, [3744, 359]
43, 7, 2.07, [1315, 4131]
43, 8, 2.06, [3100, 546]
43, 9, 2.03, [3733, 119]
44, 0, 2.31, [3100, 4131]
44, 1, 2.25, [3100, 3742]
44, 2, 2.18, [3736, 3739]
44, 3, 2.16, [3743, 4129]
44, 4, 2.13, [3742, 4131]
44, 5, 2.12, [3741, 3739]
44, 6, 2.11, [3100, 4128]
44, 7, 2.07, [4129, 1826]
44, 8, 2.06, [1321, 3754]
44, 9, 2.04, [2400, 4130]
45, 0, 2.31, [3100, 4131]
45, 1, 2.25, [3100, 3742]
45, 2, 2.19, [3100, 3105]
45, 3, 2.13, [3760, 4131]
45, 4, 2.1, [3100, 3105]
45, 5, 2.09, [3746, 2490]
45, 6, 2.04, [181, 4130]
45, 7, 2.04, [1322, 3734]
45, 8, 2.03, [295, 119]
45, 9, 2.03, [77, 3740]
46, 0, 2.31, [3100, 4131]
46, 1, 2.25, [3100, 3742]
46, 2, 2.13, [3100, 4130]
46, 3, 2.1, [3761, 3105]
46, 4, 2.08, [3758, 4131]
46, 5, 2.08, [1831, 3754]
46, 6, 2.06, [2229, 4130]
46, 7, 2.05, [4128, 3102]
46, 8, 2.03, [2598, 33]
46, 9, 2.01, [4108, 284]
47, 0, 2.31, [3100, 4131]
47, 1, 2.25, [3100, 3742]
47, 2, 2.21, [1831, 3742]
47, 3, 2.11, [689, 3105]
47, 4, 2.11, [3754, 3742]
47, 5, 2.1, [3761, 3105]
47, 6, 2.1, [3760, 3105]
47, 7, 2.1, [689, 263]
47, 8, 2.1, [3100, 1605]
47, 9, 2.09, [3737, 1092]
48, 0, 2.31, [3100, 4131]
48, 1, 2.25, [3100, 3742]
48, 2, 2.2, [689, 3105]
48, 3, 2.14, [3760, 3105]
48, 4, 2.13, [3100, 3756]
48, 5, 2.11, [3105, 3742]
48, 6, 2.09, [1834, 4131]
48, 7, 2.05, [181, 359]
48, 8, 2.04, [1987, 3745]
48, 9, 2.04, [3777, 4130]
49, 0, 2.31, [3100, 4131]
49, 1, 2.25, [3100, 3742]
49, 2, 2.15, [3100, 3743]
49, 3, 2.09, [3100, 996]
49, 4, 2.08, [689, 2400]
49, 5, 2.08, [3750, 1830]
49, 6, 2.08, [263, 3747]
49, 7, 2.06, [3100, 284]
49, 8, 2.05, [4301, 3105]
49, 9, 2.05, [3760, 4128]
50, 0, 2.31, [3100, 4131]
50, 1, 2.25, [3100, 3742]
50, 2, 2.13, [181, 3742]
50, 3, 2.08, [3748, 3740]
50, 4, 2.07, [3755, 4131]
50, 5, 2.06, [546, 3743]
50, 6, 2.06, [3741, 3397]
50, 7, 2.06, [3105, 2490]
50, 8, 2.06, [1315, 4130]
50, 9, 2.05, [4128, 699]
