n_nodes,influence,n0,n1,n2,n3,n4,n5,n6,n7,n8,n9,n10,n11,n12,n13,n14
15,54.4200,186883,59622,177383,197900,30153,201482,220833,130953,96522,82992,163411,198742,225720,227609,250525
15,54.4100,186883,59622,177383,197900,30153,201482,220833,130953,96522,82992,163411,198742,250525,225720,227609
15,54.3000,186883,59622,177383,197900,30153,201482,220833,130953,96522,82992,163411,198742,250525,225720,227609
15,54.2000,186883,59622,177383,197900,30153,201482,220833,130953,96522,82992,163411,198742,250525,225720,227609
15,54.2000,186883,59622,177383,197900,30153,201482,220833,130953,96522,82992,163411,198742,250525,225720,227609
15,53.6400,186883,59622,177383,197900,30153,201482,220833,130953,96522,82992,163411,198742,250525,225720,227609
15,53.5100,186883,59622,177383,197900,30153,201482,220833,130953,96522,82992,163411,198742,250525,225720,227609
15,53.3700,220833,186883,59622,177383,150925,201482,130953,197900,96522,82992,163411,198742,225720,227609,250525
15,53.3400,220833,186883,59622,177383,30153,201482,130953,197900,96522,227730,163411,198742,225720,227609,250525
15,53.1700,186883,59622,177383,197900,30153,201482,220833,130953,96522,82992,163411,198742,250525,225720,227609
15,53.1700,186883,59622,177383,197900,30153,201482,220833,130953,96522,82992,163411,198742,250525,225720,227609
15,53.1700,186883,59622,177383,197900,30153,201482,220833,130953,96522,82992,163411,198742,250525,225720,227609
15,53.1700,186883,59622,177383,197900,30153,201482,220833,130953,96522,82992,163411,198742,250525,225720,227609
15,53.1700,186883,59622,177383,197900,30153,201482,220833,130953,96522,82992,163411,198742,250525,225720,227609
15,53.1700,186883,59622,177383,197900,30153,201482,220833,130953,96522,82992,163411,198742,250525,225720,227609
15,53.1700,186883,59622,177383,197900,30153,201482,220833,130953,96522,82992,163411,198742,250525,225720,227609
15,53.1700,186883,59622,177383,197900,30153,201482,220833,130953,96522,82992,163411,198742,250525,225720,227609
15,53.1700,186883,59622,177383,197900,30153,201482,220833,130953,96522,82992,163411,198742,250525,225720,227609
15,52.8400,220833,186883,59622,87022,30153,201482,130953,197900,96522,82992,163411,198742,225720,227609,250525
15,52.6400,186883,59622,177383,197900,30153,201482,220833,130953,96522,82992,163411,198742,250525,225720,227609
15,52.5300,220833,186883,59622,30153,9990,130953,197900,96522,87022,82992,163411,198742,225720,227609,250525
15,52.5100,220833,186883,59622,177383,30153,116857,130953,197900,96522,82992,163411,198742,225720,227609,250525
15,51.7300,186883,59622,177383,197900,30153,161254,40811,53806,223890,13394,123668,198742,250525,225720,227609
15,51.4700,186883,59622,177383,197900,30153,161254,40811,53806,223890,13394,123668,198742,250525,225720,227609
15,51.4700,186883,59622,177383,197900,30153,161254,40811,53806,223890,13394,123668,198742,250525,225720,227609
15,51.4700,186883,59622,177383,197900,30153,161254,40811,53806,223890,13394,123668,198742,250525,225720,227609
15,51.0800,186883,59622,177383,197900,30153,161254,40811,53806,223890,13394,123668,198742,250525,225720,227609
15,51.0800,186883,59622,177383,197900,30153,161254,40811,53806,223890,13394,123668,198742,250525,225720,227609
15,51.0800,186883,59622,177383,197900,30153,161254,40811,53806,223890,13394,123668,198742,250525,225720,227609
15,51.0800,186883,59622,177383,197900,30153,161254,40811,53806,223890,13394,123668,198742,250525,225720,227609
15,50.9200,186883,59622,177383,197900,30153,161254,40811,53806,223890,13394,123668,198742,250525,225720,227609
15,50.9200,186883,59622,177383,197900,30153,161254,40811,53806,223890,13394,123668,198742,250525,225720,227609
