n_nodes,influence,n0,n1,n2,n3,n4,n5,n6,n7,n8,n9,n10,n11,n12
13,241.4000,290,75107,2276,59431,23560,9162,62186,66570,61613,62517,4149,10449,8732
13,236.4400,290,2276,59431,44492,14025,9162,62186,35466,61613,66570,4149,61659,8732
13,219.0400,75107,59431,9162,62186,35466,61613,23560,61659,8732,290,4149,66570,2276
13,219.0400,75107,59431,9162,62186,35466,61613,23560,61659,8732,290,4149,66570,2276
13,216.3500,290,75107,2276,59431,23560,9162,62186,62517,61613,66570,4149,61659,8732
13,216.3500,290,75107,2276,59431,23560,9162,62186,62517,61613,66570,4149,61659,8732
13,216.3500,290,75107,2276,59431,23560,9162,62186,62517,61613,66570,4149,61659,8732
13,216.3500,290,75107,2276,59431,23560,9162,62186,62517,61613,66570,4149,61659,8732
13,213.9600,290,7737,2276,59431,23560,9162,62186,35466,61613,66570,4149,61659,8732
13,213.9600,290,7737,2276,59431,23560,9162,62186,35466,61613,66570,4149,61659,8732
13,213.9600,290,7737,2276,59431,23560,9162,62186,35466,61613,66570,4149,61659,8732
13,213.9600,290,7737,2276,59431,23560,9162,62186,35466,61613,66570,4149,61659,8732
13,195.7200,290,14025,2276,59431,23560,9162,62186,35466,61613,66570,4149,61659,8732
13,195.7200,290,14025,2276,59431,23560,9162,62186,35466,61613,66570,4149,61659,8732
13,195.7200,290,14025,2276,59431,23560,9162,62186,35466,61613,66570,4149,61659,8732
13,195.7200,290,14025,2276,59431,23560,9162,62186,35466,61613,66570,4149,61659,8732
