generation number, individual number, fitness, candidate
0, 0, 41.44, [587, 520, 873]
0, 1, 15.4, [964, 247, 656]
0, 2, 13.0, [98, 2070, 873]
0, 3, 12.6, [964, 1967, 1540]
0, 4, 12.0, [834, 697, 741]
0, 5, 10.15, [990, 1555, 905]
0, 6, 9.0, [694, 662, 1028]
0, 7, 9.0, [751, 487, 1353]
0, 8, 7.55, [78, 905, 841]
0, 9, 6.37, [1419, 974, 1555]
1, 0, 43.53, [476, 520, 873]
1, 1, 41.44, [587, 520, 873]
1, 2, 17.0, [964, 247, 873]
1, 3, 15.57, [964, 1514, 1289]
1, 4, 15.45, [964, 216, 741]
1, 5, 15.4, [964, 247, 656]
1, 6, 12.0, [98, 1353, 439]
1, 7, 11.0, [834, 697, 816]
1, 8, 10.0, [587, 247, 816]
1, 9, 9.49, [336, 841, 697]
2, 0, 43.68, [476, 520, 873]
2, 1, 43.53, [476, 520, 873]
2, 2, 41.47, [587, 520, 1514]
2, 3, 41.44, [587, 520, 873]
2, 4, 41.41, [476, 520, 809]
2, 5, 41.32, [450, 520, 873]
2, 6, 31.0, [697, 1353, 5117]
2, 7, 14.0, [476, 690, 873]
2, 8, 12.01, [1289, 716, 1555]
2, 9, 10.0, [450, 247, 873]
3, 0, 43.68, [476, 520, 873]
3, 1, 43.53, [476, 520, 873]
3, 2, 42.71, [476, 520, 2340]
3, 3, 42.47, [476, 520, 2340]
3, 4, 41.68, [450, 520, 873]
3, 5, 39.35, [450, 520, 809]
3, 6, 39.35, [98, 520, 809]
3, 7, 38.41, [476, 520, 731]
3, 8, 37.38, [450, 520, 666]
3, 9, 20.0, [476, 716, 1514]
4, 0, 43.68, [476, 520, 873]
4, 1, 43.53, [476, 520, 873]
4, 2, 43.44, [476, 520, 439]
4, 3, 42.5, [476, 520, 1414]
4, 4, 42.5, [964, 520, 873]
4, 5, 39.47, [1514, 520, 2341]
4, 6, 38.47, [476, 520, 450]
4, 7, 17.47, [476, 336, 873]
4, 8, 11.0, [1967, 1567, 873]
4, 9, 8.96, [780, 1289, 873]
5, 0, 43.68, [476, 520, 873]
5, 1, 43.53, [476, 520, 873]
5, 2, 43.31, [1347, 520, 873]
5, 3, 38.72, [1025, 520, 1430]
5, 4, 35.62, [635, 520, 1225]
5, 5, 34.65, [216, 520, 247]
5, 6, 13.5, [476, 656, 841]
5, 7, 13.0, [934, 1048, 873]
5, 8, 12.0, [98, 545, 439]
5, 9, 11.0, [850, 656, 873]
6, 0, 43.68, [476, 520, 873]
6, 1, 43.53, [476, 520, 873]
6, 2, 41.74, [587, 520, 873]
6, 3, 41.41, [98, 520, 873]
6, 4, 38.65, [711, 520, 1567]
6, 5, 15.0, [476, 905, 1514]
6, 6, 15.0, [476, 1378, 934]
6, 7, 12.0, [785, 798, 1514]
6, 8, 12.0, [476, 816, 609]
6, 9, 7.16, [98, 710, 1289]
7, 0, 43.83, [476, 520, 1514]
7, 1, 43.68, [476, 520, 873]
7, 2, 43.53, [476, 520, 873]
7, 3, 41.83, [587, 520, 1514]
7, 4, 35.41, [711, 520, 3639]
7, 5, 34.71, [1419, 520, 2490]
7, 6, 12.0, [834, 902, 873]
7, 7, 11.0, [587, 247, 873]
7, 8, 11.0, [98, 1567, 2340]
7, 9, 10.0, [1353, 1138, 735]
8, 0, 43.83, [476, 520, 1514]
8, 1, 43.68, [476, 520, 873]
8, 2, 40.38, [666, 520, 1514]
8, 3, 40.38, [1003, 520, 873]
8, 4, 36.53, [587, 520, 2490]
8, 5, 20.0, [476, 439, 873]
8, 6, 15.45, [476, 247, 336]
8, 7, 14.0, [1419, 716, 873]
8, 8, 13.0, [751, 741, 1514]
8, 9, 11.55, [1141, 834, 873]
9, 0, 43.83, [476, 520, 1514]
9, 1, 43.68, [476, 520, 873]
9, 2, 42.82, [1430, 520, 873]
9, 3, 42.47, [476, 520, 2340]
9, 4, 40.44, [666, 520, 1514]
9, 5, 38.56, [716, 520, 710]
9, 6, 17.0, [476, 1381, 1514]
9, 7, 12.47, [1430, 662, 1514]
9, 8, 10.45, [476, 675, 3]
9, 9, 10.0, [476, 339, 3]
10, 0, 43.83, [476, 520, 1514]
10, 1, 43.68, [476, 520, 873]
10, 2, 42.24, [1430, 520, 2340]
10, 3, 41.8, [587, 520, 1514]
10, 4, 41.35, [587, 520, 873]
10, 5, 14.0, [476, 690, 873]
10, 6, 13.0, [476, 2436, 1514]
10, 7, 12.0, [1567, 873, 98]
10, 8, 11.51, [476, 1430, 635]
10, 9, 10.0, [476, 216, 3639]
11, 0, 43.83, [476, 520, 1514]
11, 1, 43.68, [476, 520, 873]
11, 2, 42.38, [476, 520, 2340]
11, 3, 41.71, [78, 520, 1514]
11, 4, 37.68, [587, 520, 675]
11, 5, 16.53, [1430, 1138, 1514]
11, 6, 13.0, [476, 495, 2340]
11, 7, 12.0, [476, 450, 1514]
11, 8, 12.0, [816, 1543, 2340]
11, 9, 12.0, [476, 1003, 2340]
12, 0, 43.83, [476, 520, 1514]
12, 1, 43.68, [476, 520, 873]
12, 2, 42.74, [1025, 520, 1514]
12, 3, 38.41, [902, 520, 1157]
12, 4, 36.62, [98, 520, 495]
12, 5, 16.0, [785, 970, 1514]
12, 6, 13.0, [1138, 798, 873]
12, 7, 12.0, [98, 656, 1514]
12, 8, 11.0, [902, 934, 2340]
12, 9, 11.0, [905, 694, 1514]
13, 0, 43.83, [476, 520, 1514]
13, 1, 43.68, [476, 520, 873]
13, 2, 43.41, [786, 520, 1514]
13, 3, 41.44, [587, 520, 1514]
13, 4, 40.32, [1219, 520, 816]
13, 5, 40.04, [476, 520, 1141]
13, 6, 37.45, [1289, 520, 1967]
13, 7, 29.51, [2846, 339, 970]
13, 8, 13.0, [98, 1381, 1514]
13, 9, 10.05, [1025, 495, 970]
14, 0, 43.83, [476, 520, 1514]
14, 1, 43.68, [476, 520, 873]
14, 2, 42.65, [786, 520, 2340]
14, 3, 41.74, [98, 520, 873]
14, 4, 38.32, [476, 520, 450]
14, 5, 33.06, [786, 5117, 990]
14, 6, 12.0, [476, 78, 873]
14, 7, 11.0, [905, 247, 1514]
14, 8, 10.0, [786, 635, 1514]
14, 9, 10.0, [675, 1603, 439]
15, 0, 64.77, [786, 520, 5117]
15, 1, 43.83, [476, 520, 1514]
15, 2, 43.68, [476, 520, 873]
15, 3, 43.57, [336, 520, 1514]
15, 4, 42.32, [487, 520, 2340]
15, 5, 42.23, [2032, 520, 3]
15, 6, 41.59, [98, 520, 873]
15, 7, 35.38, [690, 520, 339]
15, 8, 12.0, [98, 1225, 716]
15, 9, 11.0, [1219, 1414, 873]
16, 0, 64.93, [587, 520, 5117]
16, 1, 64.77, [786, 520, 5117]
16, 2, 43.83, [476, 520, 1514]
16, 3, 42.59, [786, 520, 2340]
16, 4, 42.53, [487, 520, 1567]
16, 5, 42.5, [656, 520, 2340]
16, 6, 41.54, [336, 520, 751]
16, 7, 40.69, [476, 520, 3]
16, 8, 34.24, [656, 841, 5117]
16, 9, 17.0, [786, 716, 1514]
17, 0, 65.68, [809, 520, 5117]
17, 1, 64.93, [587, 520, 5117]
17, 2, 64.77, [786, 520, 5117]
17, 3, 41.5, [450, 520, 1514]
17, 4, 41.29, [487, 520, 905]
17, 5, 41.17, [476, 520, 3]
17, 6, 40.53, [450, 520, 1567]
17, 7, 36.07, [841, 741, 5117]
17, 8, 31.1, [1580, 15, 5117]
17, 9, 8.0, [587, 710, 98]
18, 0, 65.68, [809, 520, 5117]
18, 1, 64.93, [587, 520, 5117]
18, 2, 63.83, [1048, 520, 5117]
18, 3, 41.5, [850, 520, 1514]
18, 4, 37.38, [587, 964, 5117]
18, 5, 37.17, [450, 520, 1028]
18, 6, 34.2, [819, 1229, 5117]
18, 7, 32.47, [786, 3639, 5117]
18, 8, 11.0, [809, 2667, 439]
18, 9, 9.0, [809, 247, 905]
19, 0, 65.68, [809, 520, 5117]
19, 1, 64.93, [587, 520, 5117]
19, 2, 63.36, [339, 520, 5117]
19, 3, 39.38, [587, 520, 751]
19, 4, 37.48, [1419, 964, 5117]
19, 5, 37.28, [609, 964, 5117]
19, 6, 34.99, [841, 816, 5117]
19, 7, 33.97, [850, 1827, 5117]
19, 8, 30.09, [1048, 1353, 5117]
19, 9, 25.55, [711, 2846, 3147]
20, 0, 65.68, [809, 520, 5117]
20, 1, 64.93, [587, 520, 5117]
20, 2, 40.71, [587, 520, 1567]
20, 3, 40.59, [450, 520, 786]
20, 4, 38.47, [819, 520, 1419]
20, 5, 37.71, [587, 520, 1509]
20, 6, 36.74, [1048, 520, 1580]
20, 7, 36.44, [339, 520, 1569]
20, 8, 33.71, [809, 495, 5117]
20, 9, 10.0, [339, 711, 1138]
21, 0, 65.68, [809, 520, 5117]
21, 1, 64.93, [587, 520, 5117]
21, 2, 41.43, [819, 520, 1289]
21, 3, 40.74, [609, 520, 934]
21, 4, 38.41, [450, 520, 780]
21, 5, 36.83, [850, 520, 1419]
21, 6, 34.06, [819, 2436, 5117]
21, 7, 32.57, [587, 429, 5117]
21, 8, 30.47, [1028, 320, 5117]
21, 9, 9.0, [587, 495, 786]
22, 0, 67.91, [873, 520, 5117]
22, 1, 65.68, [809, 520, 5117]
22, 2, 64.93, [587, 520, 5117]
22, 3, 41.44, [819, 520, 905]
22, 4, 39.19, [450, 520, 1289]
22, 5, 37.41, [587, 520, 1045]
22, 6, 37.35, [850, 520, 1048]
22, 7, 35.19, [819, 656, 5117]
22, 8, 33.25, [819, 2490, 5117]
22, 9, 12.32, [587, 964, 1289]
23, 0, 67.91, [873, 520, 5117]
23, 1, 66.92, [1514, 520, 5117]
23, 2, 65.68, [809, 520, 5117]
23, 3, 42.46, [873, 716, 5117]
23, 4, 41.44, [873, 520, 850]
23, 5, 40.35, [809, 520, 905]
23, 6, 37.61, [1569, 520, 1289]
23, 7, 34.68, [850, 1543, 5117]
23, 8, 34.04, [816, 2341, 5117]
23, 9, 32.69, [1347, 545, 5117]
24, 0, 67.91, [873, 520, 5117]
24, 1, 66.92, [1514, 520, 5117]
24, 2, 66.78, [694, 520, 5117]
24, 3, 64.66, [3147, 520, 5117]
24, 4, 40.5, [873, 520, 1045]
24, 5, 35.58, [1514, 922, 5117]
24, 6, 35.01, [1514, 2490, 5117]
24, 7, 31.91, [1157, 675, 5117]
24, 8, 28.42, [873, 2436, 2846]
24, 9, 13.0, [741, 711, 934]
25, 0, 67.91, [873, 520, 5117]
25, 1, 66.92, [1514, 520, 5117]
25, 2, 42.03, [1514, 520, 3]
25, 3, 38.93, [587, 520, 1289]
25, 4, 38.66, [1514, 834, 5117]
25, 5, 37.5, [785, 520, 716]
25, 6, 32.19, [990, 483, 5117]
25, 7, 30.82, [429, 545, 5117]
25, 8, 16.0, [873, 1138, 816]
25, 9, 12.47, [873, 1219, 336]
26, 0, 67.91, [873, 520, 5117]
26, 1, 66.92, [1514, 520, 5117]
26, 2, 64.98, [450, 520, 5117]
26, 3, 41.11, [1414, 520, 905]
26, 4, 40.97, [1514, 520, 1141]
26, 5, 39.44, [873, 834, 5117]
26, 6, 34.28, [1514, 1003, 5117]
26, 7, 32.21, [841, 691, 5117]
26, 8, 29.74, [710, 635, 5117]
26, 9, 11.5, [1430, 2436, 934]
27, 0, 67.91, [873, 520, 5117]
27, 1, 67.36, [1514, 520, 5117]
27, 2, 66.92, [1514, 520, 5117]
27, 3, 65.56, [656, 520, 5117]
27, 4, 62.53, [635, 520, 5117]
27, 5, 41.04, [1514, 520, 1141]
27, 6, 38.77, [450, 520, 1029]
27, 7, 32.0, [609, 1967, 5117]
27, 8, 30.29, [1603, 2341, 5117]
27, 9, 29.76, [635, 1029, 5117]
28, 0, 67.91, [873, 520, 5117]
28, 1, 67.36, [1514, 520, 5117]
28, 2, 63.83, [697, 520, 5117]
28, 3, 63.8, [2846, 520, 5117]
28, 4, 38.68, [780, 520, 450]
28, 5, 36.02, [873, 450, 5117]
28, 6, 34.03, [1514, 1378, 5117]
28, 7, 32.29, [841, 1048, 5117]
28, 8, 31.32, [320, 2070, 5117]
28, 9, 21.55, [873, 964, 716]
29, 0, 67.91, [873, 520, 5117]
29, 1, 67.36, [1514, 520, 5117]
29, 2, 63.67, [1229, 520, 5117]
29, 3, 44.68, [873, 520, 970]
29, 4, 39.77, [2070, 520, 731]
29, 5, 38.18, [495, 964, 5117]
29, 6, 33.89, [1514, 710, 5117]
29, 7, 32.93, [1569, 336, 5117]
29, 8, 12.0, [1514, 690, 2032]
29, 9, 10.0, [873, 1353, 1414]
30, 0, 67.91, [873, 520, 5117]
30, 1, 67.61, [1514, 520, 5117]
30, 2, 67.36, [1514, 520, 5117]
30, 3, 40.21, [1141, 520, 1567]
30, 4, 39.44, [2341, 520, 816]
30, 5, 38.14, [1347, 520, 635]
30, 6, 37.74, [1229, 520, 1219]
30, 7, 30.68, [495, 1574, 5117]
30, 8, 9.0, [1967, 495, 1381]
30, 9, 8.38, [1229, 1289, 970]
31, 0, 67.91, [873, 520, 5117]
31, 1, 67.61, [1514, 520, 5117]
31, 2, 42.86, [1514, 520, 694]
31, 3, 41.75, [1514, 716, 5117]
31, 4, 41.44, [873, 520, 1029]
31, 5, 39.71, [964, 520, 3]
31, 6, 38.33, [841, 520, 2341]
31, 7, 37.05, [1141, 716, 5117]
31, 8, 35.68, [2341, 520, 922]
31, 9, 9.5, [873, 1540, 3]
32, 0, 67.91, [873, 520, 5117]
32, 1, 67.61, [1514, 520, 5117]
32, 2, 66.65, [2340, 520, 5117]
32, 3, 39.53, [741, 520, 694]
32, 4, 38.61, [1514, 741, 5117]
32, 5, 36.54, [1514, 247, 5117]
32, 6, 35.01, [873, 15, 5117]
32, 7, 31.18, [850, 710, 5117]
32, 8, 18.52, [873, 716, 336]
32, 9, 15.0, [873, 487, 970]
33, 0, 68.06, [1514, 520, 5117]
33, 1, 67.98, [873, 520, 5117]
33, 2, 67.91, [873, 520, 5117]
33, 3, 67.61, [1514, 520, 5117]
33, 4, 66.54, [2340, 520, 5117]
33, 5, 41.05, [439, 1414, 5117]
33, 6, 40.38, [934, 520, 609]
33, 7, 40.21, [1430, 520, 850]
33, 8, 39.7, [1025, 520, 1029]
33, 9, 38.54, [841, 934, 5117]
34, 0, 68.06, [1514, 520, 5117]
34, 1, 67.98, [873, 520, 5117]
34, 2, 40.44, [1514, 520, 1543]
34, 3, 38.5, [922, 520, 694]
34, 4, 38.29, [1003, 520, 1574]
34, 5, 13.51, [873, 1025, 336]
34, 6, 13.0, [1514, 809, 970]
34, 7, 10.49, [1514, 247, 3]
34, 8, 8.51, [711, 336, 1029]
34, 9, 8.0, [873, 495, 339]
35, 0, 68.06, [1514, 520, 5117]
35, 1, 67.98, [873, 520, 5117]
35, 2, 42.38, [873, 520, 905]
35, 3, 40.56, [1514, 520, 1543]
35, 4, 40.32, [873, 520, 675]
35, 5, 39.41, [786, 520, 1569]
35, 6, 35.3, [1514, 2490, 5117]
35, 7, 34.82, [741, 731, 5117]
35, 8, 15.0, [873, 476, 974]
35, 9, 12.0, [716, 662, 697]
36, 0, 68.06, [1514, 520, 5117]
36, 1, 67.98, [873, 520, 5117]
36, 2, 39.53, [873, 520, 545]
36, 3, 39.47, [2340, 520, 1225]
36, 4, 37.6, [964, 2490, 5117]
36, 5, 36.29, [1543, 520, 1378]
36, 6, 35.63, [1514, 495, 5117]
36, 7, 33.99, [2340, 609, 5117]
36, 8, 15.0, [1514, 439, 1967]
36, 9, 11.43, [3, 716, 731]
37, 0, 68.06, [1514, 520, 5117]
37, 1, 67.98, [873, 520, 5117]
37, 2, 67.82, [1514, 520, 5117]
37, 3, 44.56, [873, 520, 2032]
37, 4, 44.5, [1514, 520, 990]
37, 5, 41.51, [873, 964, 5117]
37, 6, 35.78, [1514, 690, 5117]
37, 7, 34.38, [247, 520, 545]
37, 8, 12.0, [1514, 1567, 809]
37, 9, 11.14, [1514, 1219, 1347]
38, 0, 68.06, [1514, 520, 5117]
38, 1, 67.98, [873, 520, 5117]
38, 2, 39.38, [873, 520, 247]
38, 3, 39.32, [339, 520, 694]
38, 4, 39.0, [320, 520, 1567]
38, 5, 36.11, [873, 495, 5117]
38, 6, 34.44, [1141, 741, 5117]
38, 7, 11.31, [1555, 1003, 716]
38, 8, 10.35, [1514, 495, 1025]
38, 9, 8.0, [1514, 1603, 1574]
39, 0, 68.06, [1514, 520, 5117]
39, 1, 67.98, [1514, 520, 5117]
39, 2, 67.98, [873, 520, 5117]
39, 3, 41.61, [1514, 1289, 520]
39, 4, 40.38, [1514, 520, 873]
39, 5, 39.5, [339, 520, 2340]
39, 6, 38.2, [339, 520, 1574]
39, 7, 37.65, [429, 520, 587]
39, 8, 35.07, [2340, 5117, 873]
39, 9, 9.0, [1514, 2490, 694]
40, 0, 68.06, [1514, 520, 5117]
40, 1, 67.98, [1514, 520, 5117]
40, 2, 66.41, [2340, 520, 5117]
40, 3, 64.97, [990, 520, 5117]
40, 4, 40.56, [1514, 520, 1028]
40, 5, 38.47, [1029, 520, 450]
40, 6, 34.34, [1514, 1378, 5117]
40, 7, 28.71, [1603, 1225, 5117]
40, 8, 15.0, [873, 1138, 450]
40, 9, 14.0, [1514, 1138, 2490]
41, 0, 68.06, [1514, 520, 5117]
41, 1, 67.98, [1514, 520, 5117]
41, 2, 42.15, [1514, 716, 5117]
41, 3, 39.56, [1514, 520, 2436]
41, 4, 36.53, [675, 520, 2667]
41, 5, 35.47, [2341, 520, 2490]
41, 6, 34.55, [1514, 339, 5117]
41, 7, 14.55, [2340, 964, 873]
41, 8, 12.0, [1514, 690, 741]
41, 9, 10.5, [1514, 675, 336]
42, 0, 68.06, [1514, 520, 5117]
42, 1, 67.98, [1514, 520, 5117]
42, 2, 41.47, [1514, 520, 1029]
42, 3, 38.59, [751, 520, 697]
42, 4, 38.32, [690, 520, 786]
42, 5, 38.09, [15, 520, 1430]
42, 6, 33.09, [1567, 336, 5117]
42, 7, 32.63, [731, 98, 5117]
42, 8, 31.22, [1509, 922, 5117]
42, 9, 30.96, [2070, 1509, 5117]
43, 0, 68.06, [1514, 520, 5117]
43, 1, 67.98, [1514, 520, 5117]
43, 2, 67.07, [2340, 520, 5117]
43, 3, 57.44, [1514, 2846, 5117]
43, 4, 42.11, [2340, 520, 1430]
43, 5, 41.5, [1514, 520, 3147]
43, 6, 40.59, [1514, 520, 1569]
43, 7, 39.38, [1514, 1157, 520]
43, 8, 37.38, [15, 964, 5117]
43, 9, 17.4, [2340, 964, 2032]
44, 0, 68.06, [1514, 520, 5117]
44, 1, 67.98, [1514, 520, 5117]
44, 2, 66.64, [2340, 520, 5117]
44, 3, 36.84, [1514, 247, 5117]
44, 4, 30.5, [1138, 2846, 1394]
44, 5, 16.0, [2340, 439, 1414]
44, 6, 11.0, [1514, 834, 2436]
44, 7, 10.0, [1514, 247, 1029]
44, 8, 9.09, [922, 1347, 587]
44, 9, 9.0, [1514, 1353, 587]
45, 0, 68.06, [1514, 520, 5117]
45, 1, 67.98, [1514, 520, 5117]
45, 2, 67.54, [439, 520, 5117]
45, 3, 40.44, [2340, 520, 902]
45, 4, 36.0, [1514, 216, 5117]
45, 5, 35.81, [1514, 495, 5117]
45, 6, 34.89, [2340, 1540, 5117]
45, 7, 28.48, [2340, 2846, 1394]
45, 8, 27.89, [1430, 2846, 320]
45, 9, 13.7, [1514, 2340, 964]
46, 0, 69.01, [934, 520, 5117]
46, 1, 68.06, [1514, 520, 5117]
46, 2, 67.98, [1514, 520, 5117]
46, 3, 41.38, [1514, 520, 450]
46, 4, 41.32, [934, 520, 691]
46, 5, 38.0, [439, 2490, 5117]
46, 6, 34.71, [902, 819, 5117]
46, 7, 34.52, [2340, 731, 5117]
46, 8, 30.57, [3639, 545, 5117]
46, 9, 30.09, [1048, 751, 5117]
47, 0, 69.01, [934, 520, 5117]
47, 1, 68.06, [1514, 520, 5117]
47, 2, 66.76, [2340, 520, 5117]
47, 3, 62.73, [3, 520, 5117]
47, 4, 37.35, [2667, 520, 450]
47, 5, 35.19, [1514, 1567, 5117]
47, 6, 33.79, [2667, 1414, 5117]
47, 7, 14.56, [1514, 816, 336]
47, 8, 12.51, [1514, 3, 2032]
47, 9, 8.0, [1514, 1419, 1029]
48, 0, 69.01, [934, 520, 5117]
48, 1, 68.06, [1514, 520, 5117]
48, 2, 65.04, [1289, 520, 5117]
48, 3, 64.05, [2667, 520, 5117]
48, 4, 43.65, [934, 520, 751]
48, 5, 39.41, [934, 247, 5117]
48, 6, 39.17, [697, 520, 1567]
48, 7, 33.79, [98, 1555, 5117]
48, 8, 11.0, [974, 934, 3639]
48, 9, 6.0, [786, 798, 1003]
49, 0, 69.01, [934, 520, 5117]
49, 1, 68.06, [1514, 520, 5117]
49, 2, 42.5, [1514, 520, 751]
49, 3, 36.83, [2340, 816, 5117]
49, 4, 34.85, [694, 841, 5117]
49, 5, 33.81, [711, 1414, 5117]
49, 6, 33.27, [841, 2070, 5117]
49, 7, 31.58, [1289, 2490, 5117]
49, 8, 31.14, [1419, 2436, 5117]
49, 9, 25.1, [635, 1141, 2846]
50, 0, 69.01, [934, 520, 5117]
50, 1, 68.06, [1514, 520, 5117]
50, 2, 63.31, [798, 520, 5117]
50, 3, 41.53, [934, 520, 1048]
50, 4, 41.41, [1514, 520, 780]
50, 5, 40.56, [1514, 520, 831]
50, 6, 39.71, [1225, 520, 1138]
50, 7, 35.74, [2436, 520, 1003]
50, 8, 28.53, [1353, 694, 2846]
50, 9, 14.0, [934, 662, 751]
