n_nodes,influence,n0,n1,n2,n3,n4,n5,n6,n7,n8,n9,n10
11,50.1800,175296,149762,210595,85476,63097,39956,254582,87288,250650,148638,98303
11,50.0900,175296,149762,210595,85476,253095,39956,254582,87288,221207,9775,89812
11,50.0900,175296,149762,210595,85476,253095,39956,254582,87288,221207,9775,89812
11,50.0900,175296,149762,210595,85476,253095,39956,254582,87288,221207,9775,89812
11,50.0900,175296,149762,210595,85476,253095,39956,254582,87288,250650,148638,228560
11,50.0000,175296,149762,210595,85476,253095,150446,228560,74155,234742,250650,148638
11,50.0000,175296,149762,210595,85476,253095,150446,39956,234742,250650,148638,228560
11,50.0000,175296,149762,210595,85476,253095,150446,39956,234742,250650,148638,228560
11,50.0000,175296,149762,210595,85476,253095,150446,39956,234742,250650,148638,228560
11,50.0000,175296,149762,210595,85476,253095,150446,39956,234742,250650,148638,228560
11,50.0000,175296,149762,210595,85476,253095,150446,39956,234742,250650,148638,228560
11,50.0000,175296,149762,210595,85476,253095,150446,39956,234742,250650,148638,228560
11,50.0000,175296,149762,210595,85476,253095,150446,39956,234742,250650,148638,228560
11,50.0000,175296,149762,210595,85476,253095,150446,39956,234742,250650,148638,228560
11,50.0000,175296,149762,210595,85476,253095,150446,39956,234742,250650,148638,228560
11,50.0000,175296,149762,210595,85476,253095,150446,39956,234742,250650,148638,228560
