num_genrations,diversity,improvement,best_fitness
0,0.9966666666666667,0,24.95827342447801
1,0.8466666666666667,0.0,24.95827342447801
2,0.15833333333333321,0.0,24.95827342447801
3,0.04833333333333334,0.15119388565049313,28.731811762652278
4,0.1549999999999998,0.0,28.731811762652278
5,0.15833333333333321,0.0,28.731811762652278
6,0.09333333333333316,0.0,28.731811762652278
7,0.02499999999999991,0.06133062825252431,30.49395182888901
8,0.16166666666666651,0.007390292288837867,30.71931104594624
9,0.09833333333333327,0.0,30.71931104594624
10,0.10499999999999976,0.0,30.71931104594624
11,0.0,0.0,30.71931104594624
12,0.0,0.0,30.71931104594624
13,0.02499999999999991,0.0015451855660484973,30.766778081973392
14,0.08833333333333326,0.0345571933910738,31.829991582172397
15,0.1566666666666665,0.0,31.829991582172397
16,0.0,0.0,31.829991582172397
17,0.02499999999999991,0.11868025607376788,35.60758313397049
18,0.07166666666666655,0.0,35.60758313397049
19,0.16999999999999993,0.0,35.60758313397049
20,0.0,0.0,35.60758313397049
