generation number, pop_size, worst, best, median, avg, std, diversity, improvement, number_of_selections
0, 10, 2.01, 2.07, 2.02, 2.0269999999999997, 0.016763054614240207,0.9888888888888889,0,[1.e-300]
1, 10, 2.01, 2.07, 2.04, 2.035999999999999, 0.018000000000000013,0.9222222222222222,0.0,[10.]
2, 10, 2.01, 2.09, 2.04, 2.0409999999999995, 0.024269322199023193,0.8888888888888888,0.00966183574879228,[20.]
3, 10, 2.01, 2.09, 2.035, 2.0409999999999995, 0.025079872407968922,0.9,0.0,[30.]
4, 10, 2.02, 2.12, 2.05, 2.056, 0.029393876913398138,0.9777777777777777,0.014354066985646053,[40.]
5, 10, 2.04, 2.14, 2.045, 2.072, 0.03893584466786361,0.9333333333333333,0.009433962264150952,[50.]
6, 10, 2.01, 2.14, 2.03, 2.057, 0.05080354318352224,0.9111111111111111,0.0,[60.]
7, 10, 2.01, 2.14, 2.065, 2.0729999999999995, 0.05060632371552004,0.9,0.0,[70.]
8, 10, 2.02, 2.16, 2.075, 2.0820000000000003, 0.052115256883181596,0.8888888888888888,0.009345794392523372,[80.]
9, 10, 2.02, 2.16, 2.03, 2.068, 0.05455272678794349,0.8888888888888888,0.0,[90.]
10, 10, 2.01, 2.16, 2.025, 2.063, 0.05604462507680827,0.9666666666666667,0.0,[100.]
