generation number, individual number, fitness, candidate
0, 0, 16.34, [46, 66076, 282]
0, 1, 12.93, [70196, 11387, 88]
0, 2, 10.82, [42918, 89, 70194]
0, 3, 10.46, [66167, 821, 124712]
0, 4, 9.96, [90, 66170, 56239]
0, 5, 9.44, [14197, 821, 127088]
0, 6, 8.71, [86, 87, 11387]
0, 7, 8.27, [40787, 56241, 283]
0, 8, 7.81, [96148, 96147, 281]
0, 9, 7.09, [286, 81178, 85838]
1, 0, 16.99, [62858, 66076, 282]
1, 1, 16.34, [46, 66076, 282]
1, 2, 15.63, [46, 66076, 150655]
1, 3, 13.53, [70196, 66076, 14201]
1, 4, 13.19, [42918, 66076, 14200]
1, 5, 12.93, [70196, 11387, 88]
1, 6, 12.73, [62858, 11387, 88]
1, 7, 12.35, [70196, 11387, 14197]
1, 8, 12.35, [46, 80450, 88]
1, 9, 12.18, [87, 89, 70194]
2, 0, 18.39, [62858, 66076, 85839]
2, 1, 18.08, [88, 66076, 282]
2, 2, 16.99, [62858, 66076, 282]
2, 3, 16.49, [62858, 66076, 279]
2, 4, 16.41, [62858, 66076, 70365]
2, 5, 16.34, [46, 66076, 282]
2, 6, 13.69, [46, 66076, 70197]
2, 7, 11.67, [70196, 47500, 282]
2, 8, 10.61, [94016, 93406, 14198]
2, 9, 10.49, [62858, 283, 150655]
3, 0, 18.95, [88, 66076, 62858]
3, 1, 18.39, [62858, 66076, 85839]
3, 2, 18.17, [88, 66076, 80450]
3, 3, 18.08, [88, 66076, 282]
3, 4, 17.51, [62858, 66076, 80450]
3, 5, 16.89, [62858, 66076, 70365]
3, 6, 15.94, [62858, 66076, 98063]
3, 7, 15.72, [283, 66076, 150655]
3, 8, 15.16, [62858, 88, 85839]
3, 9, 11.46, [70196, 66076, 66170]
4, 0, 18.95, [88, 66076, 62858]
4, 1, 18.39, [62858, 66076, 85839]
4, 2, 17.69, [14198, 66076, 70193]
4, 3, 17.61, [85839, 66076, 14199]
4, 4, 16.66, [13042, 66076, 130282]
4, 5, 15.08, [150655, 66076, 80450]
4, 6, 12.11, [62858, 12067, 70196]
4, 7, 10.86, [88, 86, 89]
4, 8, 10.33, [88, 42918, 85839]
4, 9, 10.09, [284, 286, 80450]
5, 0, 19.69, [85839, 66076, 66167]
5, 1, 18.95, [88, 66076, 62858]
5, 2, 18.39, [62858, 66076, 85839]
5, 3, 14.86, [88, 66076, 70197]
5, 4, 14.55, [88, 66076, 113477]
5, 5, 13.77, [62858, 70193, 70364]
5, 6, 12.75, [88, 66167, 62858]
5, 7, 11.05, [14223, 85839, 62858]
5, 8, 10.95, [14198, 47500, 62858]
5, 9, 10.4, [62858, 47500, 14199]
6, 0, 19.69, [85839, 66076, 66167]
6, 1, 18.95, [88, 66076, 62858]
6, 2, 18.75, [88, 66076, 62858]
6, 3, 18.52, [88, 66076, 70193]
6, 4, 16.45, [85839, 66076, 1061]
6, 5, 15.73, [77088, 66076, 62858]
6, 6, 13.79, [87, 66167, 85839]
6, 7, 12.45, [96148, 56240, 66167]
6, 8, 12.1, [85839, 823, 70194]
6, 9, 11.23, [96148, 46, 1061]
7, 0, 19.69, [85839, 66076, 66167]
7, 1, 18.95, [88, 66076, 62858]
7, 2, 18.68, [88, 66076, 285]
7, 3, 17.69, [13042, 66076, 66167]
7, 4, 17.67, [85839, 66076, 14197]
7, 5, 17.56, [85839, 66076, 14199]
7, 6, 15.84, [80449, 66076, 66167]
7, 7, 15.51, [85839, 66076, 70194]
7, 8, 12.99, [77088, 66076, 70194]
7, 9, 11.84, [88, 281, 66167]
8, 0, 19.69, [85839, 66076, 66167]
8, 1, 19.1, [89, 66076, 66167]
8, 2, 18.95, [88, 66076, 62858]
8, 3, 15.81, [98063, 66076, 62858]
8, 4, 15.15, [13042, 66076, 70365]
8, 5, 14.3, [85839, 70196, 285]
8, 6, 13.25, [66078, 66076, 279]
8, 7, 11.01, [88, 81178, 285]
8, 8, 10.22, [96148, 1060, 285]
8, 9, 9.05, [81178, 96148, 62858]
9, 0, 19.69, [85839, 66076, 66167]
9, 1, 19.1, [89, 66076, 66167]
9, 2, 18.95, [94016, 66076, 66167]
9, 3, 15.95, [89, 66076, 80449]
9, 4, 15.79, [94016, 66076, 1060]
9, 5, 15.5, [85839, 66076, 40787]
9, 6, 14.81, [89, 66076, 281]
9, 7, 13.18, [56241, 66076, 40787]
9, 8, 12.47, [85839, 11387, 66167]
9, 9, 12.4, [88, 87, 66167]
10, 0, 19.69, [85839, 66076, 66167]
10, 1, 19.1, [89, 66076, 66167]
10, 2, 13.86, [85839, 279, 66167]
10, 3, 13.77, [93406, 66076, 80449]
10, 4, 12.92, [85839, 98063, 66167]
10, 5, 12.44, [98063, 85838, 70193]
10, 6, 12.34, [89, 127089, 11387]
10, 7, 10.4, [70197, 56240, 66167]
10, 8, 8.8, [66170, 56239, 66167]
10, 9, 8.49, [130282, 12067, 823]
