n_nodes,influence,n0,n1,n2,n3,n4
5,104.6900,14,118,22,720,95
5,103.7100,118,62,22,14,95
5,103.7100,118,62,22,14,95
5,103.7100,118,62,22,14,95
5,102.3100,118,62,22,14,95
5,102.3100,118,62,22,14,95
5,102.3100,118,62,22,14,95
5,102.3100,118,62,22,14,95
5,100.7200,118,940,22,14,95
5,100.7200,118,940,22,14,95
5,100.7200,118,940,22,14,95
5,100.7200,118,940,22,14,95
5,100.7200,118,940,22,14,95
5,100.7200,118,940,22,14,95
5,100.7200,118,940,22,14,95
5,100.7200,118,940,22,14,95
5,100.7200,118,940,22,14,95
5,100.7200,118,940,22,14,95
5,100.7200,118,940,22,14,95
5,100.7200,118,940,22,14,95
5,100.7200,118,940,22,14,95
5,100.7200,118,940,22,14,95
5,100.7200,118,940,22,14,95
5,100.7200,118,940,22,14,95
5,100.7200,118,940,22,14,95
5,100.7200,118,940,22,14,95
5,100.7200,118,940,22,14,95
5,100.7200,118,940,22,14,95
5,100.7200,118,940,22,14,95
5,100.7200,118,940,22,14,95
5,100.7200,118,940,22,14,95
5,100.7200,118,940,22,14,95
5,100.7200,118,940,22,14,95
5,100.7200,118,940,22,14,95
5,100.7200,118,940,22,14,95
5,100.7200,118,940,22,14,95
5,100.7200,118,940,22,14,95
5,100.7200,118,940,22,14,95
5,100.7200,118,940,22,14,95
5,100.7200,118,940,22,14,95
5,100.7200,118,940,22,14,95
5,100.7200,118,940,22,14,95
5,100.7200,118,940,22,14,95
5,100.7200,118,940,22,14,95
5,100.7200,118,940,22,14,95
5,100.7200,118,940,22,14,95
5,100.7200,118,940,22,14,95
5,100.7200,118,940,22,14,95
5,100.7200,118,940,22,14,95
5,100.7200,118,940,22,14,95
5,100.7200,118,940,22,14,95
5,100.7200,118,940,22,14,95
5,100.7200,118,940,22,14,95
5,100.7200,118,940,22,14,95
5,100.7200,118,940,22,14,95
5,97.9200,118,62,22,14,95
5,97.4900,118,62,22,14,95
5,97.1200,118,62,22,14,95
5,97.0300,118,62,22,14,95
5,97.0300,118,62,22,14,95
5,96.9800,118,940,22,14,95
5,96.9800,118,940,22,14,95
5,96.9800,118,940,22,14,95
5,96.1800,118,62,22,14,95
