num_genrations,diversity,improvement,best_fitness
0,0.9995967741935484,0,3390.74
1,0.8993951612903226,0.0,3390.74
2,0.6925403225806451,0.005113927933135583,3408.08
3,0.006250000000000089,0.0009330766883407347,3411.26
4,0.014415322580645151,0.0,3411.26
5,0.013608870967742104,0.0004074740711642832,3412.65
6,0.008770161290322598,0.0,3412.65
7,0.015725806451612923,0.0005157282463773793,3414.41
8,0.023286290322580783,0.0,3414.41
9,0.02570564516129037,0.0022112165791454987,3421.96
10,0.0254032258064516,0.0,3421.96
