n_nodes,influence,n0,n1,n2,n3,n4,n5,n6,n7,n8,n9,n10,n11,n12,n13,n14,n15,n16,n17,n18,n19
20,3421.9600,18,645,634,763,143,737,44,790,34,136,1179,71399,27,4860,1516,118,1,637,3924,40
20,3421.9600,18,645,634,763,143,737,44,790,34,136,1179,71399,27,4860,1516,118,1,637,3924,40
20,3421.9600,18,645,634,763,143,737,44,790,34,136,1179,71399,27,4860,1516,118,1,637,3924,40
20,3417.3000,18,645,634,763,143,737,44,790,34,136,1179,71399,27,1719,1516,118,1,637,3924,40
20,3414.4100,18,645,634,763,143,737,44,790,34,136,1179,71399,27,1719,1516,118,1,637,3924,40
20,3414.4100,18,645,634,763,143,737,44,790,34,136,1179,71399,27,1719,1516,118,1,637,3924,40
20,3414.4100,18,645,634,763,143,737,44,790,34,136,1179,71399,27,1719,1516,118,1,637,3924,40
20,3414.4100,18,645,634,763,143,737,44,790,34,136,1179,71399,27,1719,1516,118,1,637,3924,40
20,3414.4100,18,645,634,763,143,737,44,790,34,136,1179,71399,27,1719,1516,118,1,637,3924,40
20,3414.4100,18,645,634,763,143,737,44,790,34,136,1179,71399,27,1719,1516,118,1,637,3924,40
20,3414.4100,18,645,634,763,143,737,44,790,34,136,1179,71399,27,1719,1516,118,1,637,3924,40
20,3414.4100,18,645,634,763,143,737,44,790,34,136,1179,71399,27,1719,1516,118,1,637,3924,40
20,3414.4100,18,645,634,763,143,737,44,790,34,136,1179,71399,27,1719,1516,118,1,637,3924,40
20,3414.4100,18,645,634,763,143,737,44,790,34,136,1179,71399,27,1719,1516,118,1,637,3924,40
20,3414.4100,18,645,634,763,143,737,44,790,34,136,1179,71399,27,1719,1516,118,1,637,3924,40
20,3414.4100,18,645,634,763,143,737,44,790,34,136,1179,71399,27,1719,1516,118,1,637,3924,40
20,3414.4100,18,645,634,763,143,737,44,790,34,136,1179,71399,27,1719,1516,118,1,637,3924,40
20,3413.7500,18,645,634,763,143,737,44,790,34,136,1179,71399,27,4860,1516,118,1,637,3924,40
20,3412.6500,18,645,634,763,143,737,44,790,34,136,1179,71399,27,4860,1516,118,1,637,3924,40
20,3412.6500,18,645,634,763,143,737,44,790,34,136,1179,71399,27,4860,1516,118,1,637,3924,40
20,3412.6500,18,645,634,763,143,737,44,790,34,136,1179,71399,27,4860,1516,118,1,637,3924,40
20,3412.6500,18,645,634,763,143,737,44,790,34,136,1179,71399,27,4860,1516,118,1,637,3924,40
20,3412.6500,18,645,634,763,143,737,44,790,34,136,1179,71399,27,4860,1516,118,1,637,3924,40
20,3412.6500,18,645,634,763,143,737,44,790,34,136,1179,71399,27,4860,1516,118,1,637,3924,40
20,3412.6500,18,645,634,763,143,737,44,790,34,136,1179,71399,27,4860,1516,118,1,637,3924,40
20,3412.6500,18,645,634,763,143,737,44,790,34,136,1179,71399,27,4860,1516,118,1,637,3924,40
20,3412.6500,18,645,634,763,143,737,44,790,34,136,1179,71399,27,4860,1516,118,1,637,3924,40
20,3412.6500,18,645,634,763,143,737,44,790,34,136,1179,71399,27,4860,1516,118,1,637,3924,40
20,3412.6500,18,645,634,763,143,737,44,790,34,136,1179,71399,27,4860,1516,118,1,637,3924,40
20,3412.6500,18,645,634,763,143,737,44,790,34,136,1179,71399,27,4860,1516,118,1,637,3924,40
20,3412.6500,18,645,634,763,143,737,44,790,34,136,1179,71399,27,4860,1516,118,1,637,3924,40
20,3412.6500,18,645,634,763,143,737,44,790,34,136,1179,71399,27,4860,1516,118,1,637,3924,40
