num_genrations,diversity,improvement,best_fitness
0,0.9961693548387097,0,324.61
1,0.932997311827957,0.0,324.61
2,0.7299731182795699,0.10390930655247824,358.34
3,0.10873655913978508,0.16115979237595582,416.09
4,0.12271505376344094,0.0,416.09
5,0.20443548387096788,0.01444399048282835,422.1
6,0.19280913978494618,0.010092395167022011,426.36
7,0.0721774193548389,0.006731400694249002,429.23
8,0.0883064516129034,0.0,429.23
9,0.07298387096774206,0.00023297532791269457,429.33
10,0.027284946236559193,0.003377355414250084,430.78
