n_nodes,influence,n0,n1,n2,n3,n4
5,352.0100,10369,71403,3506,2033,255
5,292.0500,374,71403,3506,2167,255
5,277.3400,10369,71403,3506,2167,493
5,277.3400,10369,71403,3506,2167,493
5,277.3400,10369,71403,3506,2167,493
5,268.4000,10369,71403,3506,2167,493
5,267.8700,10369,3506,2167,71403,493
5,265.6100,10369,3506,2167,71403,255
5,258.8200,10369,3506,2167,71403,255
5,258.8200,10369,3506,2167,71403,255
5,258.8200,10369,3506,2167,71403,255
5,258.8200,10369,3506,2167,71403,255
5,258.8200,10369,3506,2167,71403,255
5,258.8200,10369,3506,2167,71403,255
5,258.8200,10369,3506,2167,71403,255
5,258.8200,10369,3506,2167,71403,255
5,258.8200,10369,3506,2167,71403,255
5,258.6800,10369,3506,2167,71403,255
5,255.3600,10369,3506,2167,71403,255
5,254.1700,10369,3506,2167,71403,255
5,250.7700,10369,3506,2167,71403,255
5,250.2700,10369,3506,2167,71403,255
5,250.0400,10369,3506,2167,71403,255
5,250.0400,10369,3506,2167,71403,255
5,249.1200,10369,3506,2167,71403,255
5,248.7800,10369,3506,2167,71403,255
5,248.3700,10369,3506,2167,71403,255
5,244.6700,10369,3506,2167,71403,255
5,243.8600,3506,28820,2167,71403,255
5,239.8100,54119,71403,3506,2167,255
5,239.8100,54119,71403,3506,2167,255
5,231.3100,10369,3506,2167,71403,255
