n_nodes,influence,n0,n1,n2,n3,n4
5,72.0300,2688,24,5880,4828,922
5,71.5500,2688,24,5880,5655,3447
5,71.5500,2688,24,5880,5655,3447
5,71.5500,2688,24,5880,5655,3447
5,71.2900,2688,3447,339,922,4828
5,70.7700,3447,2688,5880,4828,922
5,69.6800,3447,2688,5880,4828,922
5,69.6700,2688,24,5880,4828,2485
5,69.6600,3447,2688,5880,4828,922
5,69.6600,3447,2688,5880,4828,922
5,69.2200,3447,2688,5880,4828,922
5,69.1800,3447,2688,5880,4828,922
5,69.1800,3447,2688,5880,4828,922
5,69.1700,3447,2688,5880,922,4828
5,69.1100,3447,2688,5880,4828,922
5,68.8800,3447,2688,5880,4828,2485
5,68.8800,3447,2688,5880,4828,2485
5,68.6700,2688,3447,2350,922,4828
5,68.3700,3447,2688,5880,4828,922
5,68.3700,3447,2688,5880,4828,922
5,68.3700,3447,2688,5880,4828,922
5,68.3700,3447,2688,5880,4828,922
5,68.1700,2688,3447,3083,922,4828
5,68.1400,3447,2688,5880,4828,922
5,68.0000,3447,2688,5880,4828,922
5,67.9500,3447,2688,5880,4828,922
5,67.9500,3447,2688,5880,4828,922
5,67.9500,3447,2688,5880,4828,922
5,67.9500,3447,2688,5880,4828,922
5,67.9500,3447,2688,5880,4828,922
5,67.8200,3447,2688,5880,4828,922
5,67.5300,3447,2688,5880,4828,922
5,67.5300,3447,2688,5880,4828,922
5,67.4800,3447,2688,5880,4828,922
5,67.4800,3447,2688,5880,4828,922
5,67.4800,3447,2688,5880,4828,922
5,67.4800,3447,2688,5880,4828,922
5,67.4800,3447,2688,5880,4828,922
5,67.4800,3447,2688,5880,4828,922
5,67.4800,3447,2688,5880,4828,922
5,67.4800,3447,2688,5880,4828,922
5,67.4800,3447,2688,5880,4828,922
5,67.4800,3447,2688,5880,4828,922
5,67.4800,3447,2688,5880,4828,922
5,67.4800,3447,2688,5880,4828,922
5,67.4800,3447,2688,5880,4828,922
5,67.4800,3447,2688,5880,4828,922
5,67.4800,3447,2688,5880,4828,922
5,67.4800,3447,2688,5880,4828,922
5,67.4800,3447,2688,5880,4828,922
5,67.4800,3447,2688,5880,4828,922
5,67.4800,3447,2688,5880,4828,922
5,67.4800,3447,2688,5880,4828,922
5,67.4800,3447,2688,5880,4828,922
5,67.4800,3447,2688,5880,4828,922
5,67.4800,3447,2688,5880,4828,922
5,67.4600,3447,2688,5880,4828,922
5,67.3000,3447,2688,5880,4828,922
5,67.2000,3447,2688,5880,4828,922
5,67.0100,3447,2688,5880,4828,922
5,66.8800,3447,2688,5880,4828,2485
5,66.8200,2688,3447,679,922,4828
5,66.2700,3447,2688,5880,4828,922
5,66.2600,3447,2688,5880,4828,922
5,66.1600,3447,2688,5880,4828,922
5,66.1600,3447,2688,5880,4828,922
5,66.1600,3447,2688,5880,4828,922
5,65.9700,3568,2688,3545,2485,3447
5,65.5500,3447,2688,5880,4828,922
5,65.4700,3447,2688,5880,4828,922
5,65.3800,3447,2688,5880,4828,2485
5,65.1900,3568,2688,4083,5655,3447
5,65.1900,3568,2688,4083,5655,3447
5,65.1900,3568,2688,4083,5655,3447
5,65.1900,3568,2688,4083,5655,3447
5,65.1900,3568,2688,4083,5655,3447
5,65.1900,3568,2688,4083,5655,3447
5,64.9600,3568,2688,5880,5655,3447
5,64.8400,3447,2688,5880,922,4828
5,64.8400,3447,2688,5880,922,4828
5,64.5800,3568,2688,5880,5655,3447
5,64.5800,3568,2688,5880,5655,3447
5,64.3000,3447,2688,5880,4828,922
5,64.3000,3447,2688,5880,4828,922
5,64.3000,3447,2688,5880,4828,922
5,64.3000,3447,2688,5880,4828,922
5,64.3000,3447,2688,5880,4828,922
5,64.3000,3447,2688,5880,4828,922
5,64.1900,3568,2688,4083,5655,3447
5,64.1100,3568,2688,4083,5655,3447
5,63.9300,3568,2688,3545,2485,3447
5,63.9300,2688,6293,3447,4828,922
5,63.9300,2688,6293,3447,4828,922
5,63.9300,2688,6293,3447,4828,922
5,63.9000,3568,2688,4083,5655,3447
5,63.8800,3447,2688,5880,4828,922
5,63.7600,3447,2688,5880,4828,922
5,63.6900,3568,2688,5880,5655,3447
5,63.6900,3568,2688,5880,5655,3447
5,63.6200,3447,2688,5880,4828,922
5,63.4800,3447,2688,5880,4828,922
5,63.3000,3568,2688,5880,5655,3447
5,63.3000,3568,2688,5880,5655,3447
5,63.3000,3568,2688,5880,5655,3447
5,63.2900,3447,2688,5880,4828,922
5,63.2900,3447,2688,5880,4828,922
5,63.0300,3447,2688,5880,4828,2485
5,62.9700,2688,24,5880,922,1339
5,62.8800,3568,2688,5880,4828,922
5,62.8000,3568,2688,5880,5655,3447
5,62.8000,3568,2688,5880,5655,3447
5,62.8000,3568,2688,5880,5655,3447
5,62.8000,3568,2688,5880,5655,3447
5,62.6200,3568,2688,4083,5655,3447
5,62.6200,3568,2688,4083,5655,3447
5,62.4700,2688,3447,3297,1339,922
5,62.4700,2688,3447,3297,1339,922
5,62.2400,2688,5655,3568,3447,6247
5,62.1500,3568,2688,5880,4828,2485
5,62.1500,3568,2688,5880,4828,2485
5,62.1500,3568,2688,5880,4828,2485
5,62.0100,3568,2688,5880,5655,922
5,61.6600,2688,24,5880,4828,4402
5,61.5600,3568,2688,4083,5655,3447
5,61.5600,3568,2688,4083,5655,3447
5,61.5600,3568,2688,4083,5655,3447
5,61.5600,3568,2688,4083,5655,3447
5,61.5600,3568,2688,4083,5655,3447
