generation number, pop_size, worst, best, median, avg, std, diversity, improvement, number_of_selections
0, 10, 3.0, 16.0, 8.5, 8.988, 4.796310665501141,0.9851851851851852,0,[1.e-300]
1, 10, 8.0, 19.48, 15.715, 14.243, 3.504785442791042,0.8518518518518519,0.21750000000000003,[1.e-300]
2, 10, 8.0, 20.0, 14.5, 14.791, 3.5347006945426087,0.837037037037037,0.026694045174537964,[1.e-300]
3, 10, 11.0, 20.0, 18.0, 17.145, 2.7007230513327354,0.7925925925925926,0.0,[1.e-300]
4, 10, 9.0, 20.0, 15.77, 15.712, 3.3495904227233515,0.7481481481481481,0.0,[1.e-300]
5, 10, 11.0, 23.45, 19.775, 18.214, 4.151626669150298,0.762962962962963,0.17249999999999996,[1.e-300]
6, 10, 5.0, 23.45, 14.985, 15.264, 6.166164448017908,0.8148148148148149,0.0,[1.e-300]
7, 10, 13.0, 23.45, 15.725000000000001, 17.506999999999998, 4.133042583859982,0.8,0.0,[1.e-300]
8, 10, 11.58, 23.45, 14.97, 16.95, 4.140869473914868,0.7333333333333333,0.0,[1.e-300]
9, 10, 11.0, 23.45, 18.314999999999998, 18.224, 3.7763585634841403,0.7037037037037037,0.0,[1.e-300]
10, 10, 11.54, 24.78, 21.945, 19.319, 4.770686428597043,0.6444444444444445,0.05671641791044784,[1.e-300]
