n_nodes,influence,n0,n1,n2,n3,n4,n5,n6,n7,n8,n9
10,30.9000,6736,965,7045,8262,615,5800,492,5582,7293,126
10,30.7500,7170,7045,965,8262,615,5800,492,5582,7293,126
10,30.7500,7170,7045,965,8262,615,5800,492,5582,7293,126
10,30.7500,7170,7045,965,8262,615,5800,492,5582,7293,126
10,30.7500,7170,7045,965,8262,615,5800,492,5582,7293,126
10,30.7500,7170,7045,965,8262,615,5800,492,5582,7293,126
10,30.7500,7170,7045,965,8262,615,5800,492,5582,7293,126
10,30.7500,7170,7045,965,8262,615,5800,492,5582,7293,126
10,30.7500,7170,7045,965,8262,615,5800,492,5582,7293,126
10,30.7500,7170,7045,965,8262,615,5800,492,5582,7293,126
10,30.7500,7170,7045,965,8262,615,5800,492,5582,7293,126
10,30.7500,7170,7045,965,8262,615,5800,492,5582,7293,126
10,30.7500,7170,7045,965,8262,615,5800,492,5582,7293,126
10,30.2100,7170,1678,7045,8262,615,5800,492,5582,7293,126
10,30.0600,7170,7045,965,8262,615,5800,5582,492,7293,126
10,29.3100,7170,4868,965,8262,615,5800,5582,492,7293,126
