num_genrations,diversity,improvement,best_fitness
0,0.9998451178451179,0,111.72
1,0.9155959595959596,0.048245614035087724,117.11
2,0.7126599326599325,0.06762872513021946,125.03
3,0.6637845117845117,0.01663600735823401,127.11
4,0.4923367003367002,0.04665250570372113,133.04
5,0.39288215488215483,0.03217077570655443,137.32
6,0.32393265993265996,0.018715409263035197,139.89
7,0.2671245791245792,0.03524197583815861,144.82
8,0.14540740740740743,0.009805275514431819,146.24
9,0.14657239057239035,0.008615973741794248,147.5
10,0.15089562289562264,0.01789830508474567,150.14
11,0.11837037037037046,0.0040628746503264535,150.75
12,0.10337373737373734,0.017313432835820985,153.36
13,0.12363636363636354,0.0041731872717787315,154.0
14,0.07055892255892249,0.00883116883116892,155.36
15,0.049569023569023596,0.00373326467559207,155.94
16,0.08237037037037032,0.0,155.94
17,0.09282828282828248,0.0012184173400025505,156.13
18,0.028962962962962857,0.0042272465253314325,156.79
19,0.01507070707070679,0.0,156.79
20,0.020080808080808032,0.010013393711333769,158.36
21,0.020727272727272816,0.0,158.36
22,0.024397306397306084,0.0,158.36
23,0.010552188552188868,0.004167719120990127,159.02
24,0.007259259259259188,0.0,159.02
25,0.005986531986531984,0.0,159.02
26,0.003313131313131268,0.0,159.02
27,0.0033333333333331883,0.0,159.02
28,0.009771043771043875,0.013708967425480934,161.2
29,0.015986531986532104,0.003101736972704715,161.7
30,0.01593939393939392,0.0,161.7
31,0.0077643097643101955,0.0,161.7
32,0.00956902356902356,0.006926406926406955,162.82
33,0.010572390572390344,0.0,162.82
34,0.016942760942761037,0.0,162.82
35,0.013151515151515136,0.0009212627441346622,162.97
36,0.004639730639730666,0.0,162.97
37,0.0046195286195290786,0.0024544394673866703,163.37
38,0.013010101010100805,0.0,163.37
39,0.01672727272727259,0.0,163.37
40,0.005919191919191991,0.003795066413662267,163.99
41,0.0071313131313129885,0.0,163.99
42,0.0013333333333338526,0.0,163.99
43,0.006646464646464789,0.0,163.99
44,0.005986531986531984,0.0,163.99
45,0.003973063973063962,0.0,163.99
46,0.004531986531986831,0.0,163.99
47,0.010875420875421038,0.015671687298005933,166.56
48,0.018181818181817855,0.0027017291066281737,167.01
49,0.024936026936026923,0.008083348302496993,168.36
50,0.013764309764309868,0.0,168.36
51,0.0162895622895618,0.0,168.36
52,0.004585858585859026,0.0,168.36
53,0.0013333333333338526,0.0,168.36
54,0.006646464646464678,0.0,168.36
55,0.004659932659932808,0.0,168.36
56,0.0026599326599326956,0.0,168.36
57,0.002666666666666817,0.00011879306248504281,168.38
58,0.002653198653198796,0.0,168.38
59,0.002666666666666817,0.0,168.38
60,0.003986531986531983,0.0,168.38
61,0.0033333333333331883,0.0,168.38
62,0.0006666666666665932,0.0,168.38
63,0.002666666666666706,0.0,168.38
64,0.0039999999999998925,0.0,168.38
65,0.0019999999999995577,0.0,168.38
66,0.005319865319864947,0.0,168.38
67,0.005319865319865058,0.0,168.38
68,0.002666666666666817,0.0,168.38
69,0.0019999999999995577,0.0,168.38
70,0.002666666666666706,0.0,168.38
71,0.0013333333333338526,0.0,168.38
72,0.0033198653198652783,0.0,168.38
73,0.0033333333333331883,0.0,168.38
74,0.0026599326599326956,0.0,168.38
75,0.0032525252525252846,0.0004157263332936999,168.45
76,0.002666666666666817,0.0,168.45
77,0.0033333333333331883,0.0,168.45
78,0.0033265993265994,0.007123775601068668,169.65
79,0.003993265993265993,0.0,169.65
80,0.0013333333333338526,0.0,169.65
81,0.003993265993265882,0.0,169.65
82,0.004666666666666708,0.0,169.65
83,0.003326599326599178,0.0,169.65
84,0.0039999999999998925,0.0,169.65
85,0.004666666666666819,0.0,169.65
86,0.002666666666666706,0.0,169.65
87,0.0033265993265994,0.0,169.65
88,0.0006666666666665932,0.0,169.65
89,0.0019999999999998908,0.0,169.65
90,0.002666666666666817,0.0,169.65
91,0.0019999999999995577,0.0,169.65
92,0.0006666666666665932,0.0,169.65
93,0.003326599326599178,0.0,169.65
94,0.002666666666666817,0.0,169.65
95,0.0019999999999995577,0.0,169.65
96,0.003326599326599178,0.0,169.65
97,0.0019999999999998908,0.0,169.65
98,0.0033265993265990668,0.0,169.65
99,0.007319865319865393,0.0,169.65
100,0.0019999999999997797,0.0,169.65
