generation number, individual number, fitness, candidate
0, 0, 10.97, [300, 2597]
0, 1, 9.0, [1095, 193]
0, 2, 8.59, [2711, 226]
0, 3, 8.42, [3716, 103]
0, 4, 7.7, [256, 81]
0, 5, 6.52, [2525, 2514]
0, 6, 6.21, [2764, 874]
0, 7, 4.65, [104, 2762]
0, 8, 4.52, [4602, 1087]
0, 9, 4.24, [2762, 4602]
1, 0, 10.97, [300, 2597]
1, 1, 9.99, [1082, 2597]
1, 2, 9.89, [1082, 2597]
1, 3, 9.62, [300, 4849]
1, 4, 9.48, [2065, 2597]
1, 5, 9.29, [302, 226]
1, 6, 9.01, [302, 226]
1, 7, 9.0, [1095, 193]
1, 8, 8.75, [2065, 2597]
1, 9, 7.92, [81, 209]
2, 0, 15.68, [264, 295]
2, 1, 11.73, [264, 277]
2, 2, 11.43, [77, 81]
2, 3, 11.41, [4602, 269]
2, 4, 11.26, [300, 2599]
2, 5, 10.97, [300, 2597]
2, 6, 9.99, [1082, 2597]
2, 7, 9.23, [300, 297]
2, 8, 8.26, [1080, 154]
2, 9, 7.64, [2514, 1095]
3, 0, 19.47, [295, 226]
3, 1, 15.68, [264, 295]
3, 2, 12.73, [265, 277]
3, 3, 11.73, [264, 277]
3, 4, 11.35, [149, 269]
3, 5, 10.52, [2597, 220]
3, 6, 7.56, [3716, 159]
3, 7, 7.2, [274, 2514]
3, 8, 6.58, [1087, 874]
3, 9, 5.6, [264, 285]
4, 0, 20.48, [295, 300]
4, 1, 19.47, [295, 226]
4, 2, 15.86, [264, 295]
4, 3, 15.68, [264, 295]
4, 4, 14.76, [250, 277]
4, 5, 8.95, [265, 1811]
4, 6, 7.21, [285, 226]
4, 7, 7.04, [264, 2530]
4, 8, 7.01, [609, 226]
4, 9, 4.71, [102, 2514]
5, 0, 20.48, [295, 300]
5, 1, 19.47, [295, 226]
5, 2, 19.07, [295, 1095]
5, 3, 18.89, [269, 277]
5, 4, 17.54, [295, 291]
5, 5, 9.42, [283, 300]
5, 6, 9.23, [876, 259]
5, 7, 9.09, [1086, 2597]
5, 8, 7.51, [280, 380]
5, 9, 7.25, [2513, 2762]
6, 0, 21.07, [295, 1811]
6, 1, 20.48, [295, 300]
6, 2, 19.47, [295, 226]
6, 3, 16.52, [295, 264]
6, 4, 13.64, [2764, 277]
6, 5, 9.33, [193, 91]
6, 6, 8.28, [1088, 2530]
6, 7, 7.12, [2770, 209]
6, 8, 6.65, [264, 2065]
6, 9, 6.53, [4849, 1086]
7, 0, 21.07, [295, 1811]
7, 1, 20.48, [295, 300]
7, 2, 18.39, [295, 2512]
7, 3, 17.23, [278, 295]
7, 4, 17.04, [295, 2712]
7, 5, 11.89, [300, 2711]
7, 6, 11.64, [277, 244]
7, 7, 9.85, [259, 283]
7, 8, 9.06, [1811, 2711]
7, 9, 7.55, [283, 226]
8, 0, 21.07, [295, 1811]
8, 1, 20.48, [295, 300]
8, 2, 20.32, [295, 2711]
8, 3, 14.12, [91, 269]
8, 4, 10.72, [250, 1811]
8, 5, 9.51, [2512, 263]
8, 6, 8.23, [541, 1811]
8, 7, 7.61, [302, 2712]
8, 8, 6.71, [256, 261]
8, 9, 5.73, [274, 2527]
9, 0, 21.07, [295, 1811]
9, 1, 20.48, [295, 300]
9, 2, 20.45, [295, 2595]
9, 3, 17.21, [295, 2712]
9, 4, 16.2, [295, 264]
9, 5, 12.71, [297, 269]
9, 6, 11.67, [279, 250]
9, 7, 9.69, [2514, 300]
9, 8, 9.33, [91, 2711]
9, 9, 8.44, [193, 2593]
10, 0, 21.07, [295, 1811]
10, 1, 20.48, [295, 300]
10, 2, 15.98, [277, 1811]
10, 3, 10.26, [279, 283]
10, 4, 9.7, [2764, 1811]
10, 5, 9.27, [265, 1811]
10, 6, 9.06, [1811, 222]
10, 7, 8.31, [2065, 159]
10, 8, 7.95, [283, 302]
10, 9, 7.41, [874, 261]
11, 0, 21.07, [295, 1811]
11, 1, 20.48, [295, 300]
11, 2, 19.16, [295, 380]
11, 3, 18.81, [295, 2512]
11, 4, 17.26, [295, 297]
11, 5, 14.01, [269, 274]
11, 6, 8.82, [222, 1811]
11, 7, 8.16, [2762, 1811]
11, 8, 7.77, [2530, 260]
11, 9, 6.8, [149, 1811]
12, 0, 21.07, [295, 1811]
12, 1, 20.48, [295, 300]
12, 2, 18.95, [295, 2512]
12, 3, 9.75, [2514, 300]
12, 4, 9.02, [1811, 265]
12, 5, 8.26, [220, 2764]
12, 6, 8.0, [2764, 226]
12, 7, 6.98, [316, 300]
12, 8, 6.67, [297, 2593]
12, 9, 5.65, [2514, 4602]
13, 0, 21.07, [295, 1811]
13, 1, 20.48, [295, 300]
13, 2, 19.58, [295, 2593]
13, 3, 11.65, [874, 300]
13, 4, 11.48, [250, 300]
13, 5, 10.65, [2764, 259]
13, 6, 9.5, [2514, 1811]
13, 7, 7.53, [2762, 2595]
13, 8, 6.85, [2514, 2574]
13, 9, 5.49, [149, 226]
14, 0, 21.07, [295, 1811]
14, 1, 20.48, [295, 300]
14, 2, 19.45, [295, 380]
14, 3, 19.2, [295, 302]
14, 4, 19.07, [295, 1086]
14, 5, 15.6, [2512, 269]
14, 6, 15.02, [2595, 269]
14, 7, 10.21, [279, 2764]
14, 8, 9.22, [2770, 1811]
14, 9, 7.1, [76, 1811]
15, 0, 21.07, [295, 1811]
15, 1, 20.48, [295, 300]
15, 2, 18.27, [295, 2712]
15, 3, 15.45, [295, 250]
15, 4, 14.83, [269, 1088]
15, 5, 9.82, [278, 77]
15, 6, 9.74, [1088, 302]
15, 7, 9.54, [250, 154]
15, 8, 7.33, [283, 1095]
15, 9, 6.31, [2593, 261]
16, 0, 21.07, [295, 1811]
16, 1, 20.48, [295, 300]
16, 2, 12.83, [279, 1811]
16, 3, 12.11, [2512, 300]
16, 4, 10.15, [250, 2597]
16, 5, 8.71, [303, 103]
16, 6, 8.68, [2595, 274]
16, 7, 7.85, [291, 2711]
16, 8, 7.74, [279, 1069]
16, 9, 7.48, [874, 264]
17, 0, 21.07, [295, 1811]
17, 1, 20.48, [295, 300]
17, 2, 19.14, [295, 226]
17, 3, 13.51, [279, 300]
17, 4, 9.96, [260, 300]
17, 5, 9.88, [250, 2597]
17, 6, 9.56, [2595, 81]
17, 7, 9.52, [263, 1811]
17, 8, 8.38, [1082, 2599]
17, 9, 7.91, [285, 2711]
18, 0, 21.07, [295, 1811]
18, 1, 20.48, [295, 300]
18, 2, 20.06, [295, 2711]
18, 3, 18.71, [295, 226]
18, 4, 16.34, [295, 264]
18, 5, 12.9, [2527, 277]
18, 6, 10.1, [380, 1811]
18, 7, 9.31, [876, 300]
18, 8, 9.22, [279, 2712]
18, 9, 9.06, [159, 154]
19, 0, 21.07, [295, 1811]
19, 1, 20.48, [295, 300]
19, 2, 11.68, [1811, 2513]
19, 3, 11.66, [77, 1086]
19, 4, 9.63, [1088, 226]
19, 5, 8.53, [2764, 159]
19, 6, 8.51, [1087, 1811]
19, 7, 8.46, [3155, 264]
19, 8, 8.01, [283, 250]
19, 9, 6.88, [874, 2712]
20, 0, 23.07, [295, 277]
20, 1, 21.07, [295, 1811]
20, 2, 20.48, [295, 300]
20, 3, 14.93, [2530, 295]
20, 4, 10.93, [615, 103]
20, 5, 8.8, [541, 300]
20, 6, 8.35, [265, 1811]
20, 7, 7.78, [2764, 226]
20, 8, 7.51, [154, 264]
20, 9, 7.41, [280, 1082]
21, 0, 23.07, [295, 277]
21, 1, 21.07, [295, 1811]
21, 2, 19.21, [295, 91]
21, 3, 14.2, [154, 277]
21, 4, 14.1, [269, 103]
21, 5, 11.92, [269, 104]
21, 6, 11.48, [104, 77]
21, 7, 11.38, [300, 2597]
21, 8, 10.75, [2514, 279]
21, 9, 8.41, [91, 264]
22, 0, 23.07, [295, 277]
22, 1, 21.07, [295, 1811]
22, 2, 15.41, [295, 240]
22, 3, 13.88, [277, 263]
22, 4, 11.32, [269, 343]
22, 5, 11.17, [283, 277]
22, 6, 10.22, [278, 77]
22, 7, 9.34, [250, 91]
22, 8, 7.73, [2514, 91]
22, 9, 7.42, [1086, 260]
23, 0, 23.07, [295, 277]
23, 1, 21.07, [295, 1811]
23, 2, 19.56, [269, 277]
23, 3, 15.67, [295, 219]
23, 4, 15.18, [269, 302]
23, 5, 13.37, [2599, 277]
23, 6, 13.02, [259, 300]
23, 7, 12.53, [876, 277]
23, 8, 9.28, [263, 1811]
23, 9, 8.69, [220, 2596]
24, 0, 23.07, [295, 277]
24, 1, 21.9, [295, 259]
24, 2, 21.07, [295, 1811]
24, 3, 20.33, [295, 193]
24, 4, 18.81, [295, 874]
24, 5, 12.98, [269, 2712]
24, 6, 6.94, [2514, 256]
24, 7, 6.61, [159, 4602]
24, 8, 6.55, [285, 2530]
24, 9, 6.02, [2770, 303]
25, 0, 23.07, [295, 277]
25, 1, 21.9, [295, 259]
25, 2, 20.37, [2595, 295]
25, 3, 16.36, [295, 273]
25, 4, 14.72, [277, 2711]
25, 5, 11.39, [2513, 279]
25, 6, 10.32, [81, 103]
25, 7, 9.66, [1087, 259]
25, 8, 8.63, [3716, 2597]
25, 9, 7.21, [2764, 266]
26, 0, 23.07, [295, 277]
26, 1, 21.9, [295, 259]
26, 2, 16.55, [295, 616]
26, 3, 14.61, [295, 240]
26, 4, 12.25, [615, 77]
26, 5, 11.01, [77, 3716]
26, 6, 10.3, [2597, 77]
26, 7, 9.41, [2595, 91]
26, 8, 9.2, [2595, 1086]
26, 9, 9.15, [193, 1086]
27, 0, 23.07, [295, 277]
27, 1, 21.9, [295, 259]
27, 2, 18.48, [295, 303]
27, 3, 17.47, [295, 558]
27, 4, 12.09, [278, 269]
27, 5, 8.6, [2599, 250]
27, 6, 7.7, [278, 259]
27, 7, 6.92, [316, 103]
27, 8, 6.88, [2950, 2593]
27, 9, 6.16, [343, 2595]
28, 0, 23.07, [295, 277]
28, 1, 21.9, [295, 259]
28, 2, 15.15, [2513, 277]
28, 3, 9.54, [2530, 1811]
28, 4, 9.5, [220, 274]
28, 5, 7.43, [250, 1087]
28, 6, 7.0, [4602, 3155]
28, 7, 5.95, [280, 285]
28, 8, 5.87, [2770, 265]
28, 9, 5.83, [2764, 303]
29, 0, 23.07, [295, 277]
29, 1, 21.9, [295, 259]
29, 2, 21.83, [295, 259]
29, 3, 18.93, [295, 874]
29, 4, 12.86, [263, 277]
29, 5, 11.77, [220, 300]
29, 6, 11.64, [316, 277]
29, 7, 10.72, [2513, 2711]
29, 8, 10.43, [222, 300]
29, 9, 9.0, [1811, 2711]
30, 0, 23.07, [295, 277]
30, 1, 21.9, [295, 259]
30, 2, 19.06, [295, 81]
30, 3, 17.54, [295, 280]
30, 4, 13.59, [2530, 277]
30, 5, 11.49, [316, 277]
30, 6, 8.07, [2764, 2711]
30, 7, 6.69, [2599, 291]
30, 8, 6.44, [263, 2530]
30, 9, 5.52, [1087, 280]
31, 0, 23.07, [295, 277]
31, 1, 21.9, [295, 259]
31, 2, 14.76, [269, 81]
31, 3, 11.04, [1811, 3155]
31, 4, 8.69, [874, 1080]
31, 5, 7.93, [250, 280]
31, 6, 7.4, [876, 3155]
31, 7, 6.34, [226, 4602]
31, 8, 6.03, [2762, 81]
31, 9, 6.0, [2156, 193]
32, 0, 23.07, [295, 277]
32, 1, 21.9, [295, 259]
32, 2, 19.81, [380, 295]
32, 3, 19.8, [295, 302]
32, 4, 19.06, [295, 874]
32, 5, 17.15, [295, 274]
32, 6, 13.17, [2599, 277]
32, 7, 7.68, [2514, 1080]
32, 8, 7.38, [226, 283]
32, 9, 7.36, [874, 303]
33, 0, 23.07, [295, 277]
33, 1, 21.9, [295, 259]
33, 2, 17.66, [295, 541]
33, 3, 12.17, [159, 77]
33, 4, 10.12, [149, 277]
33, 5, 8.81, [154, 1080]
33, 6, 8.15, [4602, 1811]
33, 7, 7.8, [279, 76]
33, 8, 6.46, [244, 2512]
33, 9, 4.64, [149, 2599]
34, 0, 23.07, [295, 277]
34, 1, 21.9, [295, 259]
34, 2, 20.18, [295, 1088]
34, 3, 14.26, [296, 277]
34, 4, 13.69, [2530, 277]
34, 5, 9.17, [2711, 154]
34, 6, 8.61, [2514, 1080]
34, 7, 8.11, [1087, 2512]
34, 8, 7.55, [2065, 81]
34, 9, 7.54, [256, 2764]
35, 0, 23.07, [295, 277]
35, 1, 21.9, [295, 259]
35, 2, 14.39, [269, 226]
35, 3, 13.5, [2950, 277]
35, 4, 13.24, [2514, 277]
35, 5, 12.0, [283, 277]
35, 6, 11.97, [77, 380]
35, 7, 10.96, [209, 259]
35, 8, 9.01, [291, 300]
35, 9, 7.37, [876, 1088]
36, 0, 23.07, [295, 277]
36, 1, 21.9, [295, 259]
36, 2, 21.39, [295, 77]
36, 3, 17.88, [295, 558]
36, 4, 13.6, [154, 277]
36, 5, 13.17, [269, 303]
36, 6, 10.82, [220, 1811]
36, 7, 9.68, [2513, 226]
36, 8, 9.25, [193, 874]
36, 9, 8.15, [2711, 263]
37, 0, 23.07, [295, 277]
37, 1, 21.9, [295, 259]
37, 2, 12.5, [1082, 77]
37, 3, 10.18, [616, 277]
37, 4, 9.5, [2574, 279]
37, 5, 9.11, [1811, 3716]
37, 6, 8.94, [2595, 2593]
37, 7, 8.47, [558, 1811]
37, 8, 6.91, [2599, 104]
37, 9, 6.78, [102, 1811]
38, 0, 23.07, [295, 277]
38, 1, 21.9, [295, 259]
38, 2, 18.13, [295, 104]
38, 3, 16.34, [295, 273]
38, 4, 16.05, [295, 264]
38, 5, 15.83, [295, 76]
38, 6, 13.44, [154, 277]
38, 7, 12.73, [2513, 77]
38, 8, 10.71, [274, 259]
38, 9, 7.89, [1082, 303]
39, 0, 23.07, [295, 277]
39, 1, 21.9, [295, 259]
39, 2, 18.92, [295, 81]
39, 3, 14.17, [250, 277]
39, 4, 11.0, [380, 259]
39, 5, 10.62, [77, 191]
39, 6, 10.6, [1811, 250]
39, 7, 10.52, [2514, 259]
39, 8, 7.48, [1095, 2764]
39, 9, 7.26, [2595, 240]
40, 0, 23.07, [295, 277]
40, 1, 21.9, [295, 259]
40, 2, 16.17, [295, 102]
40, 3, 9.2, [1811, 256]
40, 4, 9.15, [103, 266]
40, 5, 8.9, [1082, 91]
40, 6, 8.49, [1086, 874]
40, 7, 8.2, [250, 2596]
40, 8, 7.89, [76, 279]
40, 9, 7.0, [2525, 81]
41, 0, 23.07, [295, 277]
41, 1, 21.9, [295, 259]
41, 2, 17.93, [295, 280]
41, 3, 17.77, [295, 104]
41, 4, 17.69, [295, 104]
41, 5, 13.64, [1811, 77]
41, 6, 13.17, [2764, 269]
41, 7, 12.09, [2711, 259]
41, 8, 7.72, [81, 2599]
41, 9, 7.66, [2530, 256]
42, 0, 23.07, [295, 277]
42, 1, 21.9, [295, 259]
42, 2, 18.26, [295, 288]
42, 3, 17.25, [295, 558]
42, 4, 14.59, [2597, 277]
42, 5, 13.61, [1811, 77]
42, 6, 10.97, [283, 77]
42, 7, 8.24, [2597, 191]
42, 8, 7.72, [1086, 288]
42, 9, 5.39, [876, 222]
43, 0, 24.05, [295, 277]
43, 1, 23.07, [295, 277]
43, 2, 21.9, [295, 259]
43, 3, 15.01, [269, 2513]
43, 4, 14.88, [269, 2711]
43, 5, 14.41, [2513, 277]
43, 6, 12.22, [876, 277]
43, 7, 12.01, [2765, 277]
43, 8, 11.97, [220, 259]
43, 9, 9.23, [2065, 2597]
44, 0, 24.05, [295, 277]
44, 1, 23.07, [295, 277]
44, 2, 20.91, [295, 1811]
44, 3, 17.81, [295, 280]
44, 4, 14.9, [2513, 277]
44, 5, 12.81, [269, 303]
44, 6, 11.32, [283, 277]
44, 7, 11.31, [103, 2711]
44, 8, 10.85, [316, 277]
44, 9, 10.79, [2597, 1088]
45, 0, 24.05, [295, 277]
45, 1, 23.07, [295, 277]
45, 2, 14.94, [2513, 277]
45, 3, 10.0, [2514, 1811]
45, 4, 9.41, [2513, 2599]
45, 5, 7.91, [2599, 226]
45, 6, 7.83, [380, 266]
45, 7, 7.81, [283, 615]
45, 8, 7.69, [291, 874]
45, 9, 7.29, [1086, 2593]
46, 0, 24.05, [295, 277]
46, 1, 23.07, [295, 277]
46, 2, 20.34, [295, 2595]
46, 3, 14.88, [2513, 277]
46, 4, 12.9, [534, 277]
46, 5, 11.84, [2513, 300]
46, 6, 8.08, [263, 91]
46, 7, 7.96, [2711, 283]
46, 8, 7.63, [874, 280]
46, 9, 6.0, [343, 2711]
47, 0, 24.05, [295, 277]
47, 1, 23.07, [295, 277]
47, 2, 19.15, [269, 277]
47, 3, 14.76, [2513, 277]
47, 4, 13.72, [2514, 269]
47, 5, 13.7, [77, 1811]
47, 6, 12.0, [876, 277]
47, 7, 11.32, [103, 220]
47, 8, 7.1, [280, 226]
47, 9, 6.19, [278, 1086]
48, 0, 24.05, [295, 277]
48, 1, 23.07, [295, 277]
48, 2, 22.52, [295, 277]
48, 3, 18.87, [295, 615]
48, 4, 15.86, [295, 2527]
48, 5, 15.64, [250, 277]
48, 6, 13.08, [2599, 269]
48, 7, 9.78, [209, 1811]
48, 8, 8.57, [250, 2599]
48, 9, 8.5, [302, 1086]
49, 0, 24.05, [295, 277]
49, 1, 23.07, [295, 277]
49, 2, 16.27, [295, 273]
49, 3, 12.55, [300, 1811]
49, 4, 11.33, [1080, 300]
49, 5, 10.92, [269, 240]
49, 6, 9.14, [193, 2599]
49, 7, 8.77, [558, 300]
49, 8, 7.81, [874, 2599]
49, 9, 6.67, [283, 2596]
50, 0, 24.05, [295, 277]
50, 1, 23.07, [295, 277]
50, 2, 10.91, [2530, 300]
50, 3, 10.67, [250, 1811]
50, 4, 9.99, [250, 1088]
50, 5, 9.28, [250, 615]
50, 6, 8.0, [149, 259]
50, 7, 7.84, [300, 273]
50, 8, 7.28, [263, 380]
50, 9, 6.93, [159, 2596]
