num_genrations,diversity,improvement,best_fitness
0,0.9916666666666667,0,21.515910771708082
1,0.875,0.0018445299259176463,21.55559751300987
2,0.7547619047619047,0.0,21.55559751300987
3,0.5571428571428572,0.007691146982973184,21.72138478178824
4,0.46785714285714297,0.010948963397064233,21.95921142869759
5,0.24047619047619062,0.011539459737252648,22.212608864840863
6,0.27142857142857135,-0.006111705518914332,22.07685194065213
7,0.2857142857142858,0.009454009182484477,22.285566701619405
8,0.23571428571428577,0.002394336612780123,22.338925849909646
9,0.23690476190476195,0.0014256068208345558,22.370772374971395
10,0.2916666666666665,0.0,22.370772374971395
