generation number, pop_size, worst, best, median, avg, std, diversity, improvement, number_of_selections
0, 10, 3.0, 46.98, 6.0, 12.291, 12.775786825084392,0.9703703703703703,0,[1.e-300]
1, 10, 11.72, 47.56, 17.225, 24.954, 14.675769962765155,0.8666666666666667,0.012345679012345795,[10.]
2, 10, 9.0, 53.2, 47.05, 37.073, 17.47498042917359,0.7185185185185186,0.11858704793944491,[20.]
3, 10, 7.0, 53.2, 28.585, 29.171000000000003, 19.442540703313444,0.8740740740740741,0.0,[30.]
4, 10, 12.0, 53.2, 44.08, 37.646, 15.61017629624983,0.7481481481481481,0.0,[40.]
5, 10, 17.0, 53.2, 48.565, 44.957, 9.74794444998534,0.6592592592592592,0.0,[50.]
6, 10, 10.0, 53.2, 14.205, 27.724, 18.783038199396817,0.8148148148148148,0.0,[60.]
7, 10, 11.5, 53.2, 48.075, 45.415, 11.552013893689706,0.6888888888888889,0.0,[70.]
8, 10, 10.0, 53.2, 14.5, 24.750999999999998, 18.491486933180898,0.7333333333333334,0.0,[80.]
9, 10, 12.0, 53.2, 44.555, 36.08800000000001, 16.36679125546605,0.7925925925925926,0.0,[90.]
10, 10, 18.01, 65.58, 51.815, 49.467, 12.217259962855827,0.725925925925926,0.23270676691729314,[100.]
