generation number, individual number, fitness, candidate
0, 0, 3.16, [56237, 80661, 89]
0, 1, 3.15, [11388, 90, 12067]
0, 2, 3.14, [66167, 87, 33297]
0, 3, 3.14, [1060, 12067, 77358]
0, 4, 3.09, [11926, 281, 56237]
0, 5, 3.08, [150653, 127089, 1063]
0, 6, 3.08, [150015, 80450, 71858]
0, 7, 3.06, [283, 11935, 12067]
0, 8, 3.05, [98062, 134361, 67332]
0, 9, 3.01, [95674, 113172, 73700]
1, 0, 3.2, [56237, 98063, 90]
1, 1, 3.16, [56237, 80661, 89]
1, 2, 3.15, [11388, 90, 12067]
1, 3, 3.11, [65901, 12067, 89]
1, 4, 3.11, [56237, 62858, 73700]
1, 5, 3.09, [1061, 100140, 1927]
1, 6, 3.09, [66170, 100140, 144434]
1, 7, 3.07, [56237, 31634, 281]
1, 8, 3.06, [56237, 279, 90]
1, 9, 3.05, [100141, 80661, 56239]
2, 0, 3.2, [56237, 98063, 90]
2, 1, 3.16, [56237, 80661, 89]
2, 2, 3.13, [56237, 90, 11387]
2, 3, 3.12, [56240, 98063, 89]
2, 4, 3.12, [100140, 98063, 286]
2, 5, 3.11, [56237, 100140, 90]
2, 6, 3.11, [71858, 283, 90]
2, 7, 3.11, [56237, 100140, 149059]
2, 8, 3.11, [56237, 98063, 86]
2, 9, 3.09, [11388, 80661, 46]
3, 0, 3.2, [56237, 98063, 90]
3, 1, 3.17, [56237, 98063, 285]
3, 2, 3.17, [56237, 98063, 282]
3, 3, 3.16, [56237, 80661, 89]
3, 4, 3.11, [80662, 98063, 89]
3, 5, 3.1, [56240, 144436, 286]
3, 6, 3.1, [56237, 98063, 150653]
3, 7, 3.1, [62858, 67332, 134362]
3, 8, 3.08, [56239, 98063, 89]
3, 9, 3.06, [33297, 113171, 14223]
4, 0, 3.2, [56237, 98063, 90]
4, 1, 3.19, [56237, 98063, 46]
4, 2, 3.17, [56237, 98063, 285]
4, 3, 3.14, [56237, 98063, 86]
4, 4, 3.13, [150654, 33296, 90]
4, 5, 3.1, [56237, 98063, 283]
4, 6, 3.1, [66167, 98063, 89]
4, 7, 3.09, [56237, 80661, 90]
4, 8, 3.09, [66166, 80661, 282]
4, 9, 3.09, [282, 144436, 70638]
5, 0, 3.2, [56237, 98063, 90]
5, 1, 3.19, [56237, 98063, 46]
5, 2, 3.18, [56237, 98063, 88]
5, 3, 3.15, [56237, 98062, 65901]
5, 4, 3.13, [62858, 127089, 89]
5, 5, 3.12, [149059, 98063, 86]
5, 6, 3.1, [11926, 118602, 90]
5, 7, 3.1, [282, 33300, 91277]
5, 8, 3.08, [91277, 98062, 46]
5, 9, 3.07, [821, 98063, 46]
6, 0, 3.2, [56237, 98063, 90]
6, 1, 3.19, [56237, 98063, 46]
6, 2, 3.15, [56239, 98063, 46]
6, 3, 3.13, [56237, 56240, 67331]
6, 4, 3.12, [56240, 127089, 89]
6, 5, 3.11, [62858, 144436, 90]
6, 6, 3.11, [56240, 98063, 46]
6, 7, 3.11, [33296, 56240, 46]
6, 8, 3.1, [1927, 98063, 90]
6, 9, 3.08, [150652, 98063, 11935]
7, 0, 3.2, [56237, 98063, 90]
7, 1, 3.19, [56237, 98063, 46]
7, 2, 3.18, [56240, 11388, 46]
7, 3, 3.16, [56237, 62858, 90]
7, 4, 3.16, [86, 98062, 46]
7, 5, 3.14, [56237, 91277, 90]
7, 6, 3.09, [33300, 98063, 90]
7, 7, 3.07, [65901, 71858, 46]
7, 8, 3.07, [33296, 80661, 88]
7, 9, 3.06, [56237, 113172, 150654]
8, 0, 3.2, [56237, 98063, 90]
8, 1, 3.19, [56237, 98063, 46]
8, 2, 3.18, [56237, 70640, 285]
8, 3, 3.12, [56240, 80450, 46]
8, 4, 3.11, [87, 11388, 46]
8, 5, 3.1, [56237, 98062, 90]
8, 6, 3.1, [134361, 77358, 90]
8, 7, 3.08, [66166, 71858, 46]
8, 8, 3.08, [100141, 98063, 11935]
8, 9, 3.07, [150654, 98063, 280]
9, 0, 3.2, [56237, 66059, 90]
9, 1, 3.2, [56237, 98063, 90]
9, 2, 3.19, [56237, 80449, 46]
9, 3, 3.19, [56237, 98063, 46]
9, 4, 3.17, [56237, 88, 90]
9, 5, 3.15, [56237, 144436, 46]
9, 6, 3.11, [56237, 70640, 283]
9, 7, 3.11, [62858, 98063, 46]
9, 8, 3.1, [56237, 144436, 285]
9, 9, 3.09, [144434, 98063, 46]
10, 0, 3.2, [56237, 66059, 90]
10, 1, 3.2, [56237, 98063, 90]
10, 2, 3.16, [62858, 98063, 46]
10, 3, 3.15, [56237, 86, 284]
10, 4, 3.14, [56237, 127088, 282]
10, 5, 3.13, [56237, 65899, 283]
10, 6, 3.11, [56237, 66059, 282]
10, 7, 3.1, [148118, 1061, 90]
10, 8, 3.08, [66166, 98063, 279]
10, 9, 3.08, [56237, 73703, 90]
