n_nodes,influence,n0,n1,n2,n3,n4
5,8.7100,127958,2691,228272,39529,84926
5,8.7100,127958,2691,228272,39529,84926
5,8.7100,127958,2691,228272,39529,84926
5,8.7100,127958,2691,228272,39529,84926
5,8.7100,127958,2691,228272,39529,84926
5,8.7100,127958,2691,228272,39529,84926
5,8.7100,127958,2691,228272,39529,84926
5,8.7100,2691,39529,228272,127958,30088
5,8.7100,127958,2691,228272,39529,84926
5,8.7100,127958,2691,228272,39529,84926
5,8.7100,127958,2691,228272,39529,84926
5,8.7100,127958,2691,228272,39529,84926
5,8.7100,2691,39529,228272,127958,30088
5,8.7100,127958,2691,228272,39529,30088
5,8.7100,127958,2691,228272,39529,84926
5,8.7100,127958,2691,228272,39529,84926
