n_nodes,influence,n0,n1,n2,n3,n4
5,199.3200,59621,35526,47498,366,2739
5,174.4000,59621,35526,20363,366,2739
5,174.4000,59621,35526,20363,366,2739
5,174.4000,59621,35526,20363,366,2739
5,133.9000,35526,2739,59621,3506,20363
5,116.6400,35526,2739,59621,3506,20363
5,116.6400,35526,2739,59621,3506,20363
5,116.6400,35526,2739,59621,3506,20363
5,116.6400,35526,2739,59621,3506,20363
5,116.6400,35526,2739,59621,3506,20363
5,116.6400,35526,2739,59621,3506,20363
5,116.6400,35526,2739,59621,3506,20363
5,116.6400,35526,2739,59621,3506,20363
5,116.6400,35526,2739,59621,3506,20363
5,116.6400,35526,2739,59621,3506,20363
5,113.5000,35526,2739,59621,3506,20363
