num_genrations,diversity,improvement,best_fitness
0,0.9980392156862745,0,385.46
1,0.8686274509803922,0.18855393555751573,458.14
2,0.7627450980392156,0.0,458.14
3,0.7151960784313726,0.005740603309032164,460.77
4,0.37892156862745097,0.07472274670659984,495.2
5,0.0588235294117645,-0.061227786752827126,464.88
6,0.040686274509804,0.012777490965410424,470.82
7,0.0691176470588235,0.032156662843549524,485.96
8,0.05147058823529416,0.003004362498971184,487.42
9,0.06666666666666665,0.0,487.42
10,0.062254901960784315,0.0,487.42
