generation number, individual number, fitness, candidate
0, 0, 3.21, [88, 87, 11387]
0, 1, 3.15, [56239, 1062, 281]
0, 2, 3.12, [821, 282, 46]
0, 3, 3.11, [87, 88, 558]
0, 4, 3.1, [821, 1062, 11387]
0, 5, 3.1, [558, 86, 65899]
0, 6, 3.09, [282, 281, 65899]
0, 7, 3.08, [558, 89, 134361]
0, 8, 3.08, [282, 56239, 1927]
0, 9, 3.04, [65899, 281, 558]
1, 0, 3.21, [88, 87, 11387]
1, 1, 3.19, [33297, 87, 134361]
1, 2, 3.19, [86, 80450, 11387]
1, 3, 3.15, [90, 87, 46]
1, 4, 3.15, [88, 90, 46]
1, 5, 3.15, [56239, 1062, 281]
1, 6, 3.13, [56237, 558, 11387]
1, 7, 3.12, [1062, 87, 46]
1, 8, 3.12, [821, 282, 6376]
1, 9, 3.12, [56237, 1062, 150652]
2, 0, 3.21, [88, 87, 11387]
2, 1, 3.19, [33297, 87, 134361]
2, 2, 3.16, [46, 80450, 11387]
2, 3, 3.16, [150652, 1062, 11387]
2, 4, 3.15, [88, 87, 89]
2, 5, 3.14, [33298, 87, 11387]
2, 6, 3.13, [88, 80450, 11925]
2, 7, 3.11, [86, 87, 10375]
2, 8, 3.08, [88, 90, 281]
2, 9, 3.07, [89, 80450, 134361]
3, 0, 3.21, [88, 87, 11387]
3, 1, 3.19, [33297, 87, 134361]
3, 2, 3.15, [46, 86, 11387]
3, 3, 3.13, [33297, 87, 11388]
3, 4, 3.13, [280, 46, 11387]
3, 5, 3.13, [88, 66166, 11387]
3, 6, 3.12, [558, 46, 11387]
3, 7, 3.12, [282, 80450, 134361]
3, 8, 3.1, [88, 46, 10375]
3, 9, 3.09, [88, 87, 134362]
4, 0, 3.21, [88, 87, 11387]
4, 1, 3.19, [56237, 87, 11387]
4, 2, 3.19, [33297, 87, 134361]
4, 3, 3.17, [89, 87, 11387]
4, 4, 3.12, [88, 87, 11387]
4, 5, 3.11, [1927, 87, 66166]
4, 6, 3.11, [33299, 87, 11387]
4, 7, 3.1, [88, 87, 134362]
4, 8, 3.1, [88, 87, 134362]
4, 9, 3.09, [65899, 1927, 11387]
5, 0, 3.21, [88, 87, 11387]
5, 1, 3.19, [56237, 87, 11387]
5, 2, 3.17, [66167, 87, 89]
5, 3, 3.15, [56237, 89, 558]
5, 4, 3.13, [33297, 86, 11387]
5, 5, 3.12, [88, 46, 56239]
5, 6, 3.12, [821, 87, 134361]
5, 7, 3.11, [33297, 87, 282]
5, 8, 3.1, [279, 87, 134361]
5, 9, 3.09, [33297, 87, 10375]
6, 0, 3.28, [56237, 90, 56239]
6, 1, 3.21, [88, 87, 11387]
6, 2, 3.2, [88, 86, 11387]
6, 3, 3.19, [56237, 87, 11387]
6, 4, 3.16, [56237, 86, 11388]
6, 5, 3.15, [56237, 11388, 821]
6, 6, 3.14, [33297, 46, 11387]
6, 7, 3.09, [88, 89, 280]
6, 8, 3.08, [56237, 1927, 86]
6, 9, 3.08, [88, 821, 90]
7, 0, 3.28, [56237, 90, 56239]
7, 1, 3.21, [88, 87, 11387]
7, 2, 3.16, [56239, 86, 11387]
7, 3, 3.14, [88, 80450, 56239]
7, 4, 3.14, [56237, 46, 56239]
7, 5, 3.13, [56237, 90, 281]
7, 6, 3.12, [56237, 90, 1062]
7, 7, 3.12, [150652, 89, 65899]
7, 8, 3.1, [281, 33297, 11387]
7, 9, 3.1, [134361, 87, 11387]
8, 0, 3.28, [56237, 90, 56239]
8, 1, 3.22, [56237, 87, 33297]
8, 2, 3.21, [88, 87, 11387]
8, 3, 3.19, [56237, 80450, 62858]
8, 4, 3.17, [56240, 86, 80450]
8, 5, 3.14, [88, 280, 56239]
8, 6, 3.13, [88, 90, 56240]
8, 7, 3.11, [80450, 90, 56239]
8, 8, 3.09, [278, 11387, 56239]
8, 9, 3.09, [90, 87, 281]
9, 0, 3.28, [56237, 90, 56239]
9, 1, 3.22, [56237, 87, 33297]
9, 2, 3.18, [134361, 56240, 33297]
9, 3, 3.17, [33297, 87, 56239]
9, 4, 3.14, [56237, 285, 11387]
9, 5, 3.13, [56237, 90, 89]
9, 6, 3.13, [62858, 558, 88]
9, 7, 3.13, [56240, 87, 56239]
9, 8, 3.13, [88, 87, 46]
9, 9, 3.09, [62858, 90, 33297]
10, 0, 3.28, [56237, 90, 56239]
10, 1, 3.24, [56237, 88, 56239]
10, 2, 3.22, [56237, 90, 89]
10, 3, 3.22, [56237, 87, 33297]
10, 4, 3.19, [56237, 56240, 282]
10, 5, 3.16, [56237, 90, 150652]
10, 6, 3.15, [56237, 87, 80450]
10, 7, 3.13, [56237, 282, 33297]
10, 8, 3.12, [33297, 283, 56239]
10, 9, 3.07, [134362, 90, 56239]
