generation number, pop_size, worst, best, median, avg, std, diversity, improvement, number_of_selections
0, 10, 7.74, 15.64, 10.495000000000001, 11.068, 2.895160790008044,0.9777777777777777,0,[1.e-300]
1, 10, 11.15, 15.68, 14.375, 14.084000000000003, 1.4695318982587617,0.7777777777777778,0.0025575447570331936,[10.]
2, 10, 11.74, 15.98, 14.39, 14.338000000000003, 1.4160141242233428,0.7925925925925926,0.019132653061224535,[20.]
3, 10, 12.36, 16.88, 14.379999999999999, 14.481, 1.5129074657757493,0.8222222222222222,0.05632040050062569,[30.]
4, 10, 12.33, 16.88, 14.23, 14.315000000000001, 1.5927099547626364,0.8,0.0,[40.]
5, 10, 12.07, 16.88, 13.455, 14.002, 1.516244043681623,0.8888888888888888,0.0,[50.]
6, 10, 11.37, 17.57, 13.524999999999999, 14.044000000000002, 2.069223042593524,0.8518518518518519,0.04087677725118491,[60.]
7, 10, 12.2, 17.57, 15.74, 15.251999999999999, 1.955800603333581,0.8148148148148149,0.0,[70.]
8, 10, 10.55, 17.57, 15.465, 14.828, 2.1793659628433217,0.8,0.0,[80.]
9, 10, 13.38, 17.57, 15.245000000000001, 15.575, 1.3710671026612813,0.762962962962963,0.0,[90.]
10, 10, 13.45, 17.57, 15.04, 15.259, 1.514757076233678,0.6962962962962963,0.0,[100.]
