generation number, individual number, fitness, candidate
0, 0, 2.07, [1715, 1091]
0, 1, 2.04, [717, 521]
0, 2, 2.04, [785, 751]
0, 3, 2.03, [1223, 2989]
0, 4, 2.02, [521, 1146]
0, 5, 2.02, [1040, 1146]
0, 6, 2.01, [3662, 1223]
0, 7, 2.0, [1131, 1157]
0, 8, 2.0, [1279, 1107]
0, 9, 2.0, [645, 1078]
1, 0, 2.11, [1425, 1091]
1, 1, 2.09, [1401, 1091]
1, 2, 2.07, [1715, 1091]
1, 3, 2.05, [1078, 521]
1, 4, 2.05, [695, 521]
1, 5, 2.04, [717, 521]
1, 6, 2.03, [1652, 521]
1, 7, 2.03, [1767, 521]
1, 8, 2.01, [1430, 751]
1, 9, 2.01, [717, 1078]
2, 0, 2.16, [1509, 831]
2, 1, 2.11, [1425, 1091]
2, 2, 2.09, [1425, 1107]
2, 3, 2.09, [1401, 1091]
2, 4, 2.08, [1025, 1091]
2, 5, 2.05, [788, 1091]
2, 6, 2.04, [1287, 1091]
2, 7, 2.03, [326, 1091]
2, 8, 2.02, [1146, 1091]
2, 9, 2.01, [1247, 1767]
3, 0, 2.18, [1509, 1131]
3, 1, 2.16, [1509, 831]
3, 2, 2.11, [1425, 1091]
3, 3, 2.06, [1425, 785]
3, 4, 2.05, [1141, 1091]
3, 5, 2.04, [1190, 1091]
3, 6, 2.03, [1190, 751]
3, 7, 2.01, [521, 831]
3, 8, 2.01, [905, 831]
3, 9, 2.0, [831, 1437]
4, 0, 2.21, [1509, 1619]
4, 1, 2.18, [1509, 1695]
4, 2, 2.18, [1509, 1131]
4, 3, 2.16, [1509, 831]
4, 4, 2.11, [576, 1091]
4, 5, 2.07, [1401, 831]
4, 6, 2.06, [1425, 1287]
4, 7, 2.04, [1025, 3124]
4, 8, 2.02, [576, 645]
4, 9, 2.01, [1125, 326]
5, 0, 2.21, [1509, 1619]
5, 1, 2.19, [1767, 1509]
5, 2, 2.18, [1509, 1695]
5, 3, 2.16, [1509, 1287]
5, 4, 2.07, [1425, 975]
5, 5, 2.04, [1652, 576]
5, 6, 2.04, [1223, 905]
5, 7, 2.03, [1091, 3662]
5, 8, 2.0, [1247, 1619]
5, 9, 2.0, [1107, 1131]
6, 0, 2.21, [1509, 1619]
6, 1, 2.19, [1767, 1509]
6, 2, 2.14, [1437, 1509]
6, 3, 2.1, [1107, 1509]
6, 4, 2.05, [3662, 1425]
6, 5, 2.05, [1078, 1247]
6, 6, 2.02, [788, 1040]
6, 7, 2.01, [975, 5684]
6, 8, 2.0, [645, 1767]
6, 9, 2.0, [1040, 1619]
7, 0, 2.21, [1509, 1619]
7, 1, 2.19, [1767, 1509]
7, 2, 2.15, [1509, 3124]
7, 3, 2.08, [1350, 1425]
7, 4, 2.06, [1025, 576]
7, 5, 2.03, [1652, 1157]
7, 6, 2.03, [1028, 1125]
7, 7, 2.03, [576, 3124]
7, 8, 2.02, [717, 905]
7, 9, 2.02, [5684, 521]
8, 0, 2.21, [1509, 1619]
8, 1, 2.19, [1767, 1509]
8, 2, 2.18, [1509, 1040]
8, 3, 2.1, [1509, 645]
8, 4, 2.09, [576, 1425]
8, 5, 2.03, [1350, 1695]
8, 6, 2.02, [1146, 521]
8, 7, 2.02, [1201, 1247]
8, 8, 2.02, [1652, 2989]
8, 9, 2.01, [1141, 3124]
9, 0, 2.21, [1509, 1619]
9, 1, 2.19, [1767, 1509]
9, 2, 2.14, [1091, 1509]
9, 3, 2.13, [1509, 1767]
9, 4, 2.1, [1350, 1401]
9, 5, 2.09, [1125, 1350]
9, 6, 2.06, [1425, 1157]
9, 7, 2.04, [1225, 1350]
9, 8, 2.03, [1247, 521]
9, 9, 2.03, [1350, 1695]
10, 0, 2.21, [1509, 1619]
10, 1, 2.19, [1767, 1509]
10, 2, 2.14, [1509, 831]
10, 3, 2.13, [1190, 1509]
10, 4, 2.08, [1091, 1141]
10, 5, 2.06, [1328, 1425]
10, 6, 2.0, [775, 1347]
10, 7, 2.0, [1279, 1247]
10, 8, 2.0, [1347, 1619]
10, 9, 2.0, [1028, 1619]
