generation number, pop_size, worst, best, median, avg, std, diversity, improvement, number_of_selections
0, 10, 8.0, 64.02, 13.485, 18.804000000000002, 15.595119877705333,0.9481481481481482,0,[1.e-300]
1, 10, 9.92, 64.43, 18.74, 30.008, 22.3844954376908,0.837037037037037,0.006404248672290078,[10.]
2, 10, 6.08, 68.23, 40.445, 39.25, 26.221358851135083,0.8148148148148149,0.05897873661337881,[20.]
3, 10, 8.08, 71.16, 41.089999999999996, 39.675999999999995, 27.954777123060737,0.7481481481481482,0.042942986955884395,[30.]
4, 10, 11.8, 71.16, 42.94, 40.919, 26.603586769456484,0.7851851851851852,0.0,[40.]
5, 10, 11.0, 71.16, 64.84, 45.954, 26.3909413246288,0.7851851851851852,0.0,[50.]
6, 10, 11.0, 71.16, 65.79, 46.415, 26.76660353873834,0.7185185185185186,0.0,[60.]
7, 10, 18.49, 71.16, 66.34, 57.55799999999999, 19.577333219823377,0.7185185185185186,0.0,[70.]
8, 10, 12.0, 71.16, 68.61, 62.456, 16.99877948559837,0.6518518518518519,0.0,[80.]
9, 10, 15.0, 71.16, 65.445, 61.039, 15.618297890615352,0.674074074074074,0.0,[90.]
10, 10, 16.63, 71.16, 67.43, 57.787, 20.550874944877652,0.5555555555555556,0.0,[100.]
