generation number, individual number, fitness, candidate
0, 0, 2.07, [1543, 336]
0, 1, 2.04, [990, 1514]
0, 2, 2.03, [873, 905]
0, 3, 2.03, [1543, 78]
0, 4, 2.03, [1827, 1414]
0, 5, 2.02, [690, 902]
0, 6, 2.02, [1028, 2032]
0, 7, 2.02, [850, 1157]
0, 8, 2.01, [1967, 1574]
0, 9, 2.0, [1289, 320]
1, 0, 2.07, [1543, 336]
1, 1, 2.05, [990, 635]
1, 2, 2.04, [974, 476]
1, 3, 2.04, [990, 1514]
1, 4, 2.03, [1543, 216]
1, 5, 2.03, [1543, 320]
1, 6, 2.03, [850, 1514]
1, 7, 2.02, [587, 635]
1, 8, 2.02, [697, 1381]
1, 9, 2.02, [964, 1514]
2, 0, 2.12, [5117, 1347]
2, 1, 2.07, [1543, 336]
2, 2, 2.05, [990, 697]
2, 3, 2.05, [990, 635]
2, 4, 2.02, [809, 336]
2, 5, 2.02, [690, 78]
2, 6, 2.02, [735, 476]
2, 7, 2.02, [974, 656]
2, 8, 2.01, [798, 809]
2, 9, 2.01, [1430, 1028]
3, 0, 2.15, [5117, 934]
3, 1, 2.12, [5117, 1347]
3, 2, 2.11, [5117, 809]
3, 3, 2.07, [1543, 336]
3, 4, 2.06, [5117, 1514]
3, 5, 2.05, [922, 1347]
3, 6, 2.04, [819, 1347]
3, 7, 2.03, [247, 990]
3, 8, 2.03, [902, 697]
3, 9, 2.02, [710, 1967]
4, 0, 2.15, [5117, 934]
4, 1, 2.14, [5117, 1219]
4, 2, 2.13, [5117, 1347]
4, 3, 2.12, [5117, 1347]
4, 4, 2.08, [5117, 694]
4, 5, 2.08, [816, 934]
4, 6, 2.07, [934, 710]
4, 7, 2.05, [439, 922]
4, 8, 2.02, [1025, 710]
4, 9, 2.02, [873, 710]
5, 0, 2.15, [5117, 934]
5, 1, 2.14, [5117, 1219]
5, 2, 2.08, [439, 934]
5, 3, 2.07, [5117, 819]
5, 4, 2.06, [735, 934]
5, 5, 2.06, [841, 780]
5, 6, 2.02, [1347, 495]
5, 7, 2.01, [1555, 2667]
5, 8, 2.01, [1138, 711]
5, 9, 2.01, [786, 1967]
6, 0, 2.15, [5117, 934]
6, 1, 2.14, [5117, 1219]
6, 2, 2.09, [5117, 336]
6, 3, 2.06, [5117, 1574]
6, 4, 2.06, [439, 819]
6, 5, 2.05, [78, 934]
6, 6, 2.05, [98, 905]
6, 7, 2.04, [5117, 711]
6, 8, 2.04, [2340, 902]
6, 9, 2.03, [2667, 780]
7, 0, 2.23, [5117, 520]
7, 1, 2.15, [5117, 934]
7, 2, 2.14, [5117, 247]
7, 3, 2.14, [5117, 1219]
7, 4, 2.04, [974, 1219]
7, 5, 2.04, [5117, 735]
7, 6, 2.03, [922, 974]
7, 7, 2.02, [216, 1574]
7, 8, 2.01, [635, 834]
7, 9, 2.01, [3, 1574]
8, 0, 2.23, [5117, 520]
8, 1, 2.16, [964, 520]
8, 2, 2.15, [5117, 934]
8, 3, 2.13, [819, 520]
8, 4, 2.04, [780, 1347]
8, 5, 2.03, [495, 450]
8, 6, 2.02, [1157, 809]
8, 7, 2.02, [690, 834]
8, 8, 2.01, [1543, 1157]
8, 9, 2.01, [2667, 970]
9, 0, 2.23, [5117, 520]
9, 1, 2.16, [964, 520]
9, 2, 2.13, [78, 520]
9, 3, 2.11, [662, 520]
9, 4, 2.1, [5117, 741]
9, 5, 2.03, [1540, 690]
9, 6, 2.02, [694, 2070]
9, 7, 2.02, [780, 1025]
9, 8, 2.01, [834, 476]
9, 9, 2.01, [450, 751]
10, 0, 2.23, [5117, 520]
10, 1, 2.16, [964, 520]
10, 2, 2.13, [694, 520]
10, 3, 2.07, [902, 78]
10, 4, 2.05, [1967, 1381]
10, 5, 2.05, [2340, 1028]
10, 6, 2.03, [1414, 1028]
10, 7, 2.02, [841, 785]
10, 8, 2.02, [1141, 1025]
10, 9, 2.02, [850, 694]
