n_nodes,influence,n0,n1,n2,n3,n4,n5,n6,n7,n8
9,22553.1700,37857,398,13155,72964,11045,18444,59541,67000,36856
9,22553.1700,37857,398,13155,72964,11045,18444,59541,67000,36856
9,22553.1700,37857,398,13155,72964,11045,18444,59541,67000,36856
9,22553.1700,37857,398,13155,72964,11045,18444,59541,67000,36856
9,22553.1700,37857,398,13155,72964,11045,18444,59541,67000,36856
9,22553.1700,37857,398,13155,72964,11045,18444,59541,67000,36856
9,22553.1700,37857,398,13155,72964,11045,18444,59541,67000,36856
9,22553.1700,37857,398,13155,72964,11045,18444,59541,67000,36856
9,22553.1700,37857,398,13155,72964,11045,18444,59541,67000,36856
9,22553.1700,37857,398,13155,72964,11045,18444,59541,67000,36856
9,22553.1700,37857,398,13155,72964,11045,18444,59541,67000,36856
9,22553.1700,37857,398,13155,72964,11045,18444,59541,67000,36856
9,22553.1700,37857,398,13155,72964,11045,18444,59541,67000,36856
9,22553.1700,37857,398,13155,72964,11045,18444,59541,67000,36856
9,22553.1700,37857,398,13155,72964,11045,18444,59541,67000,36856
9,22553.1700,37857,398,13155,72964,11045,18444,59541,67000,36856
