generation number, individual number, fitness, candidate
0, 0, 7.0, [1906, 695]
0, 1, 6.0, [1025, 5684]
0, 2, 6.0, [905, 1287]
0, 3, 5.0, [1090, 1141]
0, 4, 4.0, [585, 1287]
0, 5, 4.0, [1695, 320]
0, 6, 3.0, [645, 1247]
0, 7, 3.0, [1247, 970]
0, 8, 2.0, [2094, 1064]
0, 9, 2.0, [3124, 1906]
1, 0, 11.0, [1025, 140]
1, 1, 11.0, [1025, 140]
1, 2, 8.58, [1025, 1402]
1, 3, 7.53, [905, 1402]
1, 4, 7.0, [1906, 695]
1, 5, 6.0, [1025, 5684]
1, 6, 3.0, [1611, 1368]
1, 7, 3.0, [1906, 1403]
1, 8, 2.0, [1090, 1611]
1, 9, 2.0, [970, 5684]
2, 0, 13.0, [1125, 1425]
2, 1, 11.0, [1025, 140]
2, 2, 11.0, [1025, 140]
2, 3, 9.0, [749, 140]
2, 4, 8.85, [1990, 326]
2, 5, 7.48, [1223, 975]
2, 6, 7.0, [1020, 576]
2, 7, 6.0, [1025, 1028]
2, 8, 5.46, [1827, 697]
2, 9, 5.0, [970, 905]
3, 0, 13.0, [1125, 1425]
3, 1, 11.0, [1025, 576]
3, 2, 11.0, [1025, 576]
3, 3, 11.0, [1025, 140]
3, 4, 9.0, [1040, 1425]
3, 5, 9.0, [785, 140]
3, 6, 7.0, [1168, 2171]
3, 7, 6.0, [1025, 5684]
3, 8, 5.0, [749, 1403]
3, 9, 5.0, [1827, 326]
4, 0, 13.0, [1125, 1425]
4, 1, 11.0, [1025, 576]
4, 2, 10.53, [1226, 1224]
4, 3, 9.0, [785, 576]
4, 4, 8.58, [1025, 1328]
4, 5, 8.0, [140, 1611]
4, 6, 6.0, [1125, 1906]
4, 7, 6.0, [1025, 314]
4, 8, 6.0, [1025, 2110]
4, 9, 4.0, [1058, 1168]
5, 0, 13.0, [1125, 1425]
5, 1, 11.47, [1417, 1224]
5, 2, 11.0, [1068, 576]
5, 3, 11.0, [695, 1332]
5, 4, 11.0, [785, 1425]
5, 5, 11.0, [1025, 576]
5, 6, 7.0, [1247, 1068]
5, 7, 7.0, [1125, 585]
5, 8, 6.52, [1223, 1767]
5, 9, 6.0, [1058, 1620]
6, 0, 13.0, [1125, 1425]
6, 1, 11.47, [1417, 1224]
6, 2, 11.0, [695, 2332]
6, 3, 9.0, [1141, 1332]
6, 4, 9.0, [785, 576]
6, 5, 8.0, [717, 1480]
6, 6, 6.51, [1223, 1059]
6, 7, 6.0, [1025, 5684]
6, 8, 6.0, [1090, 1332]
6, 9, 5.51, [3662, 1407]
7, 0, 13.0, [1125, 1425]
7, 1, 12.54, [785, 1224]
7, 2, 11.47, [1417, 1224]
7, 3, 8.0, [1125, 320]
7, 4, 8.0, [695, 571]
7, 5, 8.0, [785, 2320]
7, 6, 8.0, [785, 2332]
7, 7, 7.0, [1417, 1620]
7, 8, 7.0, [695, 5684]
7, 9, 6.0, [2332, 1190]
8, 0, 13.0, [1125, 1425]
8, 1, 12.54, [785, 1224]
8, 2, 11.0, [1125, 1480]
8, 3, 10.46, [1368, 1224]
8, 4, 10.42, [1368, 1224]
8, 5, 9.0, [1620, 1480]
8, 6, 9.0, [1131, 1425]
8, 7, 8.0, [785, 2320]
8, 8, 7.0, [1417, 1620]
8, 9, 7.0, [1141, 320]
9, 0, 13.0, [1125, 1425]
9, 1, 12.54, [785, 1224]
9, 2, 9.0, [785, 1480]
9, 3, 9.0, [1125, 751]
9, 4, 8.0, [1125, 1620]
9, 5, 7.0, [4227, 1480]
9, 6, 6.0, [1611, 751]
9, 7, 4.0, [785, 1201]
9, 8, 3.46, [1695, 788]
9, 9, 3.0, [1424, 1146]
10, 0, 16.0, [1091, 1125]
10, 1, 13.0, [1125, 1425]
10, 2, 12.54, [785, 1224]
10, 3, 10.48, [1368, 1224]
10, 4, 10.0, [1401, 1403]
10, 5, 9.0, [787, 1425]
10, 6, 9.0, [1368, 1425]
10, 7, 8.0, [1125, 749]
10, 8, 4.0, [749, 2110]
10, 9, 2.0, [787, 2094]
11, 0, 65.87, [1509, 1125]
11, 1, 16.0, [1091, 1125]
11, 2, 13.0, [1125, 1425]
11, 3, 12.0, [1091, 1518]
11, 4, 10.47, [788, 1425]
11, 5, 10.0, [326, 140]
11, 6, 9.0, [1311, 1425]
11, 7, 7.0, [1125, 1078]
11, 8, 6.0, [1028, 1125]
11, 9, 5.0, [1131, 1125]
12, 0, 65.87, [1509, 1125]
12, 1, 16.0, [1091, 1125]
12, 2, 13.0, [1430, 1425]
12, 3, 12.0, [1091, 1225]
12, 4, 9.0, [2332, 1125]
12, 5, 6.53, [1223, 4227]
12, 6, 6.41, [697, 1125]
12, 7, 3.48, [1767, 788]
12, 8, 3.0, [1247, 1347]
12, 9, 3.0, [1168, 1157]
13, 0, 65.87, [1509, 1125]
13, 1, 61.99, [1509, 1368]
13, 2, 16.0, [1091, 1125]
13, 3, 12.9, [1990, 1425]
13, 4, 11.0, [1125, 695]
13, 5, 10.0, [1332, 1125]
13, 6, 8.0, [140, 1146]
13, 7, 7.0, [1403, 1125]
13, 8, 6.57, [1402, 785]
13, 9, 6.0, [421, 975]
14, 0, 65.87, [1509, 1125]
14, 1, 61.99, [1509, 1368]
14, 2, 19.0, [1091, 1425]
14, 3, 12.56, [785, 1224]
14, 4, 9.5, [1990, 1125]
14, 5, 9.04, [1350, 1518]
14, 6, 7.25, [1990, 785]
14, 7, 7.0, [1351, 1368]
14, 8, 5.0, [1131, 1125]
14, 9, 5.0, [1437, 751]
15, 0, 65.87, [1509, 1125]
15, 1, 61.99, [1509, 1368]
15, 2, 15.76, [1350, 1425]
15, 3, 12.0, [1091, 1368]
15, 4, 10.52, [1311, 1224]
15, 5, 9.0, [421, 1125]
15, 6, 9.0, [1131, 1425]
15, 7, 7.86, [1226, 1350]
15, 8, 5.0, [1403, 2377]
15, 9, 4.0, [571, 1368]
16, 0, 65.87, [1509, 1125]
16, 1, 61.99, [1509, 1368]
16, 2, 61.03, [1509, 1107]
16, 3, 17.41, [1401, 1224]
16, 4, 13.05, [1224, 1402]
16, 5, 11.0, [1068, 2171]
16, 6, 9.0, [905, 140]
16, 7, 7.0, [1652, 1125]
16, 8, 7.0, [1403, 1125]
16, 9, 5.0, [2377, 1157]
17, 0, 65.87, [1509, 1125]
17, 1, 61.99, [1509, 1368]
17, 2, 20.49, [1091, 1224]
17, 3, 6.0, [1906, 1332]
17, 4, 6.0, [2332, 1107]
17, 5, 5.0, [1146, 785]
17, 6, 4.0, [749, 1149]
17, 7, 4.0, [645, 785]
17, 8, 3.0, [1090, 585]
17, 9, 2.0, [1059, 1368]
18, 0, 65.87, [1509, 1125]
18, 1, 63.27, [1509, 1480]
18, 2, 61.99, [1509, 1368]
18, 3, 9.0, [2332, 1125]
18, 4, 7.0, [1990, 1332]
18, 5, 6.0, [1311, 1125]
18, 6, 6.0, [1125, 1168]
18, 7, 5.0, [1906, 521]
18, 8, 3.0, [1287, 1064]
18, 9, 2.0, [1695, 2094]
19, 0, 65.87, [1509, 1125]
19, 1, 63.27, [1509, 1480]
19, 2, 61.94, [1509, 314]
19, 3, 61.59, [1509, 2094]
19, 4, 13.0, [1401, 1125]
19, 5, 9.0, [2377, 1480]
19, 6, 8.0, [320, 1025]
19, 7, 6.0, [1226, 1430]
19, 8, 4.0, [1475, 1157]
19, 9, 3.0, [775, 1619]
20, 0, 65.87, [1509, 1125]
20, 1, 63.27, [1509, 1480]
20, 2, 62.16, [1509, 1368]
20, 3, 61.0, [1509, 1935]
20, 4, 14.0, [1425, 1480]
20, 5, 13.0, [1091, 975]
20, 6, 9.0, [2377, 1480]
20, 7, 6.0, [1020, 1125]
20, 8, 6.0, [1090, 1442]
20, 9, 4.0, [1620, 1497]
21, 0, 65.87, [1509, 1125]
21, 1, 63.27, [1509, 1480]
21, 2, 62.2, [1509, 1368]
21, 3, 9.0, [749, 1480]
21, 4, 9.0, [1401, 1906]
21, 5, 7.44, [1328, 1141]
21, 6, 7.0, [1247, 1125]
21, 7, 6.0, [717, 521]
21, 8, 6.0, [1430, 1279]
21, 9, 3.0, [1146, 1368]
22, 0, 65.87, [1509, 1125]
22, 1, 63.27, [1509, 1480]
22, 2, 61.41, [1509, 1497]
22, 3, 61.11, [1509, 1580]
22, 4, 12.0, [1351, 1480]
22, 5, 9.0, [751, 1068]
22, 6, 7.0, [576, 1715]
22, 7, 6.0, [1059, 1125]
22, 8, 5.0, [1827, 2989]
22, 9, 4.0, [2377, 1368]
23, 0, 65.87, [1509, 1125]
23, 1, 63.59, [1509, 717]
23, 2, 63.27, [1509, 1480]
23, 3, 9.0, [320, 1480]
23, 4, 8.0, [749, 1125]
23, 5, 8.0, [2377, 1068]
23, 6, 6.0, [970, 1125]
23, 7, 5.46, [1407, 2989]
23, 8, 4.0, [2110, 571]
23, 9, 3.0, [1403, 1497]
24, 0, 65.87, [1509, 1125]
24, 1, 63.59, [1509, 717]
24, 2, 61.21, [1509, 1497]
24, 3, 13.0, [1091, 1475]
24, 4, 11.58, [1417, 1224]
24, 5, 8.0, [1146, 1480]
24, 6, 7.0, [2110, 2320]
24, 7, 7.0, [585, 1125]
24, 8, 6.58, [1068, 697]
24, 9, 5.47, [1223, 1328]
25, 0, 65.87, [1509, 1125]
25, 1, 63.59, [1509, 717]
25, 2, 61.56, [1509, 1311]
25, 3, 61.46, [1509, 1619]
25, 4, 15.41, [1224, 2171]
25, 5, 11.0, [1332, 576]
25, 6, 7.49, [788, 1125]
25, 7, 7.45, [1068, 788]
25, 8, 3.0, [1146, 1497]
25, 9, 3.0, [1028, 717]
26, 0, 65.87, [1509, 1125]
26, 1, 64.38, [1509, 785]
26, 2, 63.59, [1509, 717]
26, 3, 62.34, [1509, 1378]
26, 4, 62.24, [1509, 1378]
26, 5, 12.0, [1091, 3662]
26, 6, 10.0, [1332, 1068]
26, 7, 9.0, [1064, 1350]
26, 8, 7.0, [521, 749]
26, 9, 6.0, [1518, 1068]
27, 0, 65.87, [1509, 1125]
27, 1, 64.38, [1509, 785]
27, 2, 10.0, [1025, 1125]
27, 3, 8.96, [1350, 645]
27, 4, 8.0, [2320, 785]
27, 5, 6.12, [1230, 571]
27, 6, 6.0, [1332, 1378]
27, 7, 6.0, [1028, 1125]
27, 8, 5.0, [1417, 1064]
27, 9, 4.0, [1475, 717]
28, 0, 65.87, [1509, 1125]
28, 1, 64.38, [1509, 785]
28, 2, 62.01, [1509, 3124]
28, 3, 11.0, [1068, 2320]
28, 4, 9.06, [1350, 645]
28, 5, 6.0, [1347, 2332]
28, 6, 5.0, [1475, 785]
28, 7, 4.0, [1230, 1695]
28, 8, 4.0, [1040, 785]
28, 9, 2.0, [1378, 2094]
29, 0, 65.87, [1509, 1125]
29, 1, 64.38, [1509, 785]
29, 2, 62.43, [1509, 1157]
29, 3, 61.85, [1509, 1168]
29, 4, 10.46, [1224, 1767]
29, 5, 10.08, [1350, 585]
29, 6, 7.0, [695, 831]
29, 7, 6.0, [1518, 1125]
29, 8, 5.0, [1020, 905]
29, 9, 5.0, [421, 1225]
30, 0, 65.87, [1509, 1125]
30, 1, 64.38, [1509, 785]
30, 2, 64.23, [1509, 1332]
30, 3, 62.67, [1509, 1368]
30, 4, 62.1, [1509, 787]
30, 5, 7.0, [1351, 1168]
30, 6, 4.58, [1328, 1378]
30, 7, 4.53, [3124, 1402]
30, 8, 4.0, [2989, 785]
30, 9, 3.0, [5684, 1475]
31, 0, 65.87, [1509, 1125]
31, 1, 64.38, [1509, 785]
31, 2, 62.44, [1509, 1368]
31, 3, 61.7, [1509, 1715]
31, 4, 10.0, [2171, 326]
31, 5, 7.54, [2171, 697]
31, 6, 7.0, [695, 3124]
31, 7, 7.0, [1480, 1619]
31, 8, 3.0, [1058, 717]
31, 9, 3.0, [1078, 1149]
32, 0, 65.87, [1509, 1125]
32, 1, 64.38, [1509, 785]
32, 2, 61.33, [1509, 1619]
32, 3, 12.0, [1091, 1437]
32, 4, 9.0, [1351, 571]
32, 5, 7.53, [1407, 571]
32, 6, 6.57, [421, 788]
32, 7, 6.0, [1827, 1475]
32, 8, 6.0, [1580, 1442]
32, 9, 3.0, [1403, 787]
33, 0, 65.87, [1509, 1125]
33, 1, 64.38, [1509, 785]
33, 2, 43.44, [1378, 6917]
33, 3, 9.0, [1442, 1141]
33, 4, 7.0, [831, 1480]
33, 5, 6.0, [314, 1125]
33, 6, 6.0, [2320, 1368]
33, 7, 5.0, [787, 1125]
33, 8, 5.0, [2332, 1619]
33, 9, 4.0, [320, 787]
34, 0, 65.87, [1509, 1125]
34, 1, 64.75, [1509, 1402]
34, 2, 64.38, [1509, 785]
34, 3, 62.17, [1509, 1368]
34, 4, 48.4, [1091, 6917]
34, 5, 43.61, [1212, 6917]
34, 6, 42.49, [1146, 6917]
34, 7, 6.0, [1442, 787]
34, 8, 4.0, [2094, 785]
34, 9, 2.0, [1378, 1131]
35, 0, 65.87, [1509, 1125]
35, 1, 64.75, [1509, 1402]
35, 2, 61.19, [1509, 1190]
35, 3, 47.58, [1480, 6917]
35, 4, 16.0, [1091, 1125]
35, 5, 11.0, [1401, 785]
35, 6, 6.0, [1226, 1025]
35, 7, 5.0, [1141, 2094]
35, 8, 5.0, [1149, 521]
35, 9, 3.0, [1935, 1368]
36, 0, 65.87, [1509, 1125]
36, 1, 64.75, [1509, 1402]
36, 2, 14.46, [1091, 1223]
36, 3, 11.0, [1401, 749]
36, 4, 9.0, [2332, 1827]
36, 5, 8.0, [1068, 2377]
36, 6, 6.0, [3662, 1125]
36, 7, 5.56, [1403, 1402]
36, 8, 5.52, [1223, 1328]
36, 9, 4.0, [1378, 785]
37, 0, 65.87, [1509, 1125]
37, 1, 64.75, [1509, 1402]
37, 2, 63.13, [1509, 975]
37, 3, 45.64, [749, 6917]
37, 4, 12.0, [1091, 1368]
37, 5, 11.0, [1401, 785]
37, 6, 10.46, [2332, 1223]
37, 7, 6.0, [1347, 1068]
37, 8, 6.0, [326, 1611]
37, 9, 5.0, [421, 1059]
38, 0, 65.87, [1509, 1125]
38, 1, 64.75, [1509, 1402]
38, 2, 44.58, [1157, 6917]
38, 3, 11.55, [1224, 1652]
38, 4, 10.0, [1425, 975]
38, 5, 7.0, [1368, 695]
38, 6, 7.0, [2332, 975]
38, 7, 4.0, [1620, 1378]
38, 8, 4.0, [314, 785]
38, 9, 3.0, [5684, 975]
39, 0, 65.87, [1509, 1125]
39, 1, 64.75, [1509, 1402]
39, 2, 63.8, [1509, 785]
39, 3, 61.3, [1509, 1107]
39, 4, 42.48, [1146, 6917]
39, 5, 42.44, [1695, 6917]
39, 6, 9.0, [751, 1125]
39, 7, 8.81, [1223, 1402]
39, 8, 6.0, [1424, 1125]
39, 9, 5.62, [1223, 1407]
40, 0, 65.87, [1509, 1125]
40, 1, 64.75, [1509, 1402]
40, 2, 43.6, [1131, 6917]
40, 3, 43.44, [1028, 6917]
40, 4, 7.0, [1279, 1351]
40, 5, 6.49, [1058, 1402]
40, 6, 6.0, [1226, 1125]
40, 7, 6.0, [970, 1068]
40, 8, 5.61, [1146, 1402]
40, 9, 4.49, [1580, 1402]
41, 0, 65.87, [1509, 1125]
41, 1, 64.75, [1509, 1402]
41, 2, 63.89, [1509, 788]
41, 3, 62.44, [1509, 3124]
41, 4, 44.64, [1350, 6917]
41, 5, 43.58, [6917, 1028]
41, 6, 10.49, [3124, 1224]
41, 7, 7.0, [2110, 576]
41, 8, 4.0, [571, 314]
41, 9, 3.0, [1028, 788]
42, 0, 65.87, [1509, 1125]
42, 1, 64.75, [1509, 1402]
42, 2, 62.95, [1509, 697]
42, 3, 17.0, [1091, 140]
42, 4, 10.0, [1247, 1425]
42, 5, 7.0, [1125, 1475]
42, 6, 6.0, [1332, 1212]
42, 7, 5.49, [1078, 1402]
42, 8, 5.4, [3124, 1990]
42, 9, 5.0, [1107, 521]
43, 0, 65.87, [1509, 1125]
43, 1, 64.75, [1509, 1402]
43, 2, 64.0, [1509, 785]
43, 3, 63.28, [1509, 1480]
43, 4, 11.0, [1580, 1091]
43, 5, 8.0, [2377, 1125]
43, 6, 5.56, [697, 751]
43, 7, 4.0, [2377, 1437]
43, 8, 3.56, [1107, 788]
43, 9, 3.49, [2110, 788]
44, 0, 65.87, [1509, 1125]
44, 1, 64.75, [1509, 1402]
44, 2, 43.38, [1028, 6917]
44, 3, 12.0, [1425, 1417]
44, 4, 7.0, [1351, 1131]
44, 5, 7.0, [1767, 140]
44, 6, 7.0, [140, 1906]
44, 7, 5.0, [1827, 787]
44, 8, 5.0, [1059, 521]
44, 9, 5.0, [1827, 1347]
45, 0, 65.87, [1509, 1125]
45, 1, 65.15, [1509, 1141]
45, 2, 64.75, [1509, 1402]
45, 3, 64.21, [1509, 788]
45, 4, 62.15, [1425, 1509]
45, 5, 6.0, [2332, 1767]
45, 6, 5.0, [1028, 1141]
45, 7, 4.48, [4227, 1402]
45, 8, 4.0, [1028, 785]
45, 9, 3.0, [717, 1619]
46, 0, 65.87, [1509, 1125]
46, 1, 65.56, [1509, 905]
46, 2, 65.15, [1509, 1141]
46, 3, 62.1, [1509, 1425]
46, 4, 10.0, [1430, 1125]
46, 5, 9.94, [1350, 975]
46, 6, 5.0, [1146, 2377]
46, 7, 4.0, [1620, 3662]
46, 8, 4.0, [320, 1347]
46, 9, 4.0, [314, 1620]
47, 0, 65.87, [1509, 1125]
47, 1, 65.56, [1509, 905]
47, 2, 64.36, [1509, 785]
47, 3, 13.0, [2332, 1425]
47, 4, 9.0, [2332, 905]
47, 5, 6.47, [1223, 1518]
47, 6, 6.0, [3124, 1125]
47, 7, 6.0, [775, 1141]
47, 8, 4.0, [571, 4227]
47, 9, 3.5, [1146, 697]
48, 0, 65.87, [1509, 1125]
48, 1, 65.56, [1509, 905]
48, 2, 16.0, [1401, 1425]
48, 3, 13.47, [1224, 905]
48, 4, 10.0, [1403, 1425]
48, 5, 9.0, [326, 1025]
48, 6, 8.0, [2320, 1125]
48, 7, 8.0, [2320, 1125]
48, 8, 4.0, [970, 320]
48, 9, 2.0, [1695, 1347]
49, 0, 65.87, [1509, 1125]
49, 1, 65.56, [1509, 905]
49, 2, 65.44, [1509, 421]
49, 3, 61.07, [1509, 5684]
49, 4, 15.94, [1350, 1425]
49, 5, 12.56, [1224, 785]
49, 6, 12.0, [1401, 421]
49, 7, 6.0, [1620, 785]
49, 8, 6.0, [1078, 421]
49, 9, 6.0, [2094, 1125]
50, 0, 65.87, [1509, 1125]
50, 1, 65.56, [1509, 905]
50, 2, 64.23, [1509, 785]
50, 3, 62.78, [1509, 1368]
50, 4, 10.5, [314, 1224]
50, 5, 10.15, [576, 1990]
50, 6, 9.0, [751, 1125]
50, 7, 8.0, [1611, 140]
50, 8, 7.0, [1068, 1287]
50, 9, 7.0, [1146, 1125]
