generation number, individual number, fitness, candidate
0, 0, 7.0, [2171, 1225]
0, 1, 7.0, [1935, 1125]
0, 2, 6.0, [645, 1332]
0, 3, 6.0, [1437, 1125]
0, 4, 3.0, [645, 1475]
0, 5, 3.0, [775, 1279]
0, 6, 2.0, [1040, 1201]
0, 7, 2.0, [1580, 1064]
0, 8, 2.0, [3124, 4227]
0, 9, 2.0, [1201, 1059]
1, 0, 10.0, [1125, 1332]
1, 1, 8.9, [1350, 1225]
1, 2, 7.0, [2171, 3662]
1, 3, 7.0, [2171, 1225]
1, 4, 7.0, [1935, 1125]
1, 5, 5.2, [1935, 1230]
1, 6, 4.0, [645, 785]
1, 7, 3.0, [1935, 2094]
1, 8, 3.0, [1935, 1225]
1, 9, 2.0, [645, 1368]
2, 0, 10.0, [1125, 1332]
2, 1, 9.28, [1350, 5684]
2, 2, 8.9, [1350, 1225]
2, 3, 8.0, [2171, 1157]
2, 4, 7.0, [1125, 1287]
2, 5, 7.0, [2320, 3662]
2, 6, 6.0, [1125, 1225]
2, 7, 6.0, [1332, 5684]
2, 8, 5.53, [1407, 1225]
2, 9, 4.04, [1230, 970]
3, 0, 10.08, [1350, 1157]
3, 1, 10.0, [1125, 1332]
3, 2, 10.0, [1125, 1332]
3, 3, 10.0, [1125, 1332]
3, 4, 9.28, [1350, 5684]
3, 5, 7.0, [1403, 1332]
3, 6, 7.0, [1125, 775]
3, 7, 7.0, [1403, 1332]
3, 8, 4.0, [785, 1225]
3, 9, 3.0, [1368, 1157]
4, 0, 12.0, [1091, 1090]
4, 1, 11.16, [1350, 1230]
4, 2, 10.96, [1350, 1230]
4, 3, 10.08, [1350, 1157]
4, 4, 10.0, [1125, 1332]
4, 5, 9.02, [1350, 4227]
4, 6, 9.0, [751, 1332]
4, 7, 9.0, [1190, 1401]
4, 8, 5.0, [785, 1157]
4, 9, 3.0, [1368, 1157]
5, 0, 62.56, [1509, 1475]
5, 1, 16.0, [1091, 1332]
5, 2, 13.0, [1350, 1332]
5, 3, 12.0, [1091, 1090]
5, 4, 11.16, [1350, 1230]
5, 5, 11.04, [320, 1350]
5, 6, 9.04, [1350, 314]
5, 7, 8.0, [571, 1125]
5, 8, 6.0, [314, 1332]
5, 9, 4.0, [571, 1090]
6, 0, 62.56, [1509, 1475]
6, 1, 61.37, [1509, 1201]
6, 2, 16.0, [1091, 1332]
6, 3, 14.0, [1350, 2320]
6, 4, 12.0, [1091, 1225]
6, 5, 10.0, [717, 1401]
6, 6, 6.0, [1695, 1332]
6, 7, 4.0, [1580, 2377]
6, 8, 4.0, [1652, 1078]
6, 9, 3.8, [1040, 1230]
7, 0, 67.45, [1509, 695]
7, 1, 62.56, [1509, 1475]
7, 2, 61.37, [1509, 1201]
7, 3, 60.85, [1509, 1059]
7, 4, 13.0, [1401, 1332]
7, 5, 12.0, [1091, 1225]
7, 6, 10.1, [1350, 975]
7, 7, 9.04, [1350, 1518]
7, 8, 8.0, [1480, 1475]
7, 9, 7.0, [717, 1125]
8, 0, 67.45, [1509, 695]
8, 1, 66.84, [1509, 140]
8, 2, 62.56, [1509, 1475]
8, 3, 61.38, [1509, 1020]
8, 4, 12.0, [2320, 140]
8, 5, 8.0, [2332, 1620]
8, 6, 6.4, [1906, 1223]
8, 7, 4.0, [975, 585]
8, 8, 4.0, [2377, 2094]
8, 9, 2.0, [1767, 1059]
9, 0, 67.45, [1509, 695]
9, 1, 66.84, [1509, 140]
9, 2, 11.51, [1223, 140]
9, 3, 9.0, [1401, 1368]
9, 4, 7.0, [1518, 695]
9, 5, 5.0, [645, 521]
9, 6, 4.52, [1078, 788]
9, 7, 4.0, [1146, 1475]
9, 8, 4.0, [1695, 2377]
9, 9, 3.84, [1230, 1090]
10, 0, 67.45, [1509, 695]
10, 1, 67.29, [1509, 576]
10, 2, 66.84, [1509, 140]
10, 3, 62.02, [1509, 645]
10, 4, 14.0, [1401, 576]
10, 5, 9.0, [2377, 695]
10, 6, 7.61, [1407, 320]
10, 7, 7.0, [2320, 1715]
10, 8, 6.0, [2332, 1424]
10, 9, 4.0, [2377, 1368]
