n_nodes,influence,n0,n1,n2,n3,n4,n5,n6,n7,n8,n9,n10,n11,n12,n13,n14,n15,n16
17,32.4300,166970,212935,144266,22700,92241,24232,99886,226343,256499,31674,6287,170029,5526,206916,60531,254448,138953
17,32.4300,166970,212935,144266,22700,92241,24232,99886,226343,256499,31674,6287,170029,5526,206916,60531,254448,138953
17,32.4300,166970,212935,144266,22700,92241,24232,99886,226343,256499,31674,6287,170029,5526,206916,60531,254448,138953
17,32.4300,166970,212935,144266,22700,92241,24232,99886,226343,256499,31674,6287,170029,5526,206916,60531,254448,138953
17,32.4300,166970,212935,144266,22700,92241,24232,99886,226343,256499,31674,6287,170029,5526,206916,60531,254448,138953
17,32.4300,166970,212935,144266,22700,92241,24232,99886,226343,256499,31674,6287,170029,5526,206916,60531,254448,138953
17,32.4300,166970,212935,144266,22700,92241,24232,99886,226343,256499,31674,6287,170029,5526,206916,60531,254448,138953
17,32.4300,166970,212935,144266,22700,92241,24232,99886,226343,256499,31674,6287,170029,5526,206916,60531,254448,138953
17,32.4300,166970,212935,144266,22700,92241,24232,99886,226343,256499,31674,6287,170029,5526,206916,60531,254448,138953
17,32.4300,166970,212935,144266,22700,92241,24232,99886,226343,256499,31674,6287,170029,5526,206916,60531,254448,138953
17,32.4300,166970,212935,144266,22700,92241,24232,99886,226343,256499,31674,6287,170029,5526,206916,60531,254448,138953
17,32.4300,166970,212935,144266,22700,92241,24232,99886,226343,256499,31674,6287,170029,5526,206916,60531,254448,138953
17,32.4300,166970,212935,144266,22700,92241,24232,99886,226343,256499,31674,6287,170029,5526,206916,60531,254448,138953
17,32.4300,166970,212935,144266,22700,92241,24232,99886,226343,256499,31674,6287,170029,5526,206916,60531,254448,138953
17,32.4300,166970,212935,144266,22700,92241,24232,99886,226343,256499,31674,6287,170029,5526,206916,60531,254448,138953
17,32.4300,166970,212935,144266,22700,92241,24232,99886,226343,256499,31674,6287,170029,5526,206916,60531,254448,138953
