num_genrations,diversity,improvement,best_fitness
0,1.0,0,41.264863783023806
1,0.8474358974358974,0.02967897346264807,42.48956258017996
2,0.5891025641025641,0.3142916383066822,55.843676814439014
3,0.5102564102564102,0.14235950870723985,63.79355521014843
4,0.33012820512820495,0.05623398647354406,67.3809211309352
5,0.3025641025641026,0.0018351551419602352,67.50457557481866
6,0.16730769230769238,0.0,67.50457557481866
7,0.1153846153846152,0.0,67.50457557481866
8,0.09423076923076923,0.11423227864698024,75.21577706182748
9,0.06538461538461537,0.018685868859918575,76.62124920820166
10,0.148076923076923,0.0,76.62124920820166
