generation number, individual number, fitness, candidate
0, 0, 12.33, [14198, 89, 77088]
0, 1, 11.74, [90, 56239, 14200]
0, 2, 11.32, [80449, 285, 89]
0, 3, 10.94, [127088, 94016, 283]
0, 4, 10.62, [283, 94016, 14199]
0, 5, 10.54, [280, 96144, 279]
0, 6, 9.18, [70198, 1062, 70364]
0, 7, 9.11, [90, 148118, 56237]
0, 8, 6.56, [1061, 70197, 284]
0, 9, 6.16, [70197, 66171, 14223]
1, 0, 13.12, [286, 89, 77088]
1, 1, 12.33, [14198, 89, 77088]
1, 2, 12.18, [14197, 124712, 88]
1, 3, 11.98, [282, 89, 77088]
1, 4, 11.83, [80449, 73931, 88]
1, 5, 11.74, [90, 56239, 14200]
1, 6, 10.84, [14197, 56239, 14200]
1, 7, 10.14, [11925, 14201, 94016]
1, 8, 9.46, [14198, 280, 86]
1, 9, 9.18, [96148, 94015, 77088]
2, 0, 17.11, [66076, 124712, 88]
2, 1, 13.57, [14198, 89, 94016]
2, 2, 13.37, [14198, 89, 94016]
2, 3, 13.12, [286, 89, 77088]
2, 4, 12.97, [73931, 89, 127088]
2, 5, 12.33, [14198, 89, 77088]
2, 6, 11.89, [14201, 89, 77088]
2, 7, 11.49, [14199, 89, 77088]
2, 8, 11.18, [286, 124712, 279]
2, 9, 9.9, [286, 14199, 96648]
3, 0, 17.11, [66076, 124712, 88]
3, 1, 16.29, [66076, 88, 93406]
3, 2, 15.42, [66076, 94015, 91978]
3, 3, 13.57, [14198, 89, 94016]
3, 4, 12.21, [70194, 124712, 286]
3, 5, 11.82, [86, 14198, 88]
3, 6, 11.69, [70196, 124712, 94016]
3, 7, 11.51, [14198, 89, 96648]
3, 8, 11.27, [14198, 281, 88]
3, 9, 11.1, [70364, 70365, 11925]
4, 0, 19.07, [66076, 88, 98062]
4, 1, 17.8, [66076, 88, 96148]
4, 2, 17.11, [66076, 124712, 88]
4, 3, 17.06, [66076, 285, 46]
4, 4, 16.29, [66076, 88, 93406]
4, 5, 12.73, [70195, 98062, 70364]
4, 6, 12.7, [130282, 124712, 88]
4, 7, 10.93, [70194, 70199, 221360]
4, 8, 9.69, [70199, 70365, 93406]
4, 9, 9.23, [1061, 221360, 86]
5, 0, 19.18, [66076, 11388, 96148]
5, 1, 19.07, [66076, 88, 98062]
5, 2, 18.2, [66076, 46, 98062]
5, 3, 17.8, [66076, 88, 96148]
5, 4, 16.06, [66076, 90, 96148]
5, 5, 15.72, [66076, 56241, 14197]
5, 6, 15.24, [66076, 86, 46]
5, 7, 14.91, [73932, 88, 80450]
5, 8, 11.74, [93408, 88, 98062]
5, 9, 10.59, [281, 88, 286]
6, 0, 21.05, [66076, 11388, 144434]
6, 1, 19.5, [66076, 11388, 98062]
6, 2, 19.33, [66076, 11388, 14198]
6, 3, 19.18, [66076, 11388, 96148]
6, 4, 19.07, [66076, 88, 98062]
6, 5, 17.86, [70193, 11388, 98062]
6, 6, 17.76, [66076, 88, 70365]
6, 7, 17.08, [66076, 46, 96144]
6, 8, 16.92, [66076, 90, 96148]
6, 9, 16.04, [66076, 11387, 96148]
7, 0, 21.05, [66076, 11388, 144434]
7, 1, 19.5, [66076, 11388, 98062]
7, 2, 17.82, [66076, 85838, 144434]
7, 3, 16.77, [66076, 11925, 98062]
7, 4, 16.57, [66076, 1060, 88]
7, 5, 16.55, [66076, 286, 14201]
7, 6, 16.54, [66076, 12067, 98062]
7, 7, 14.72, [76776, 98062, 47392]
7, 8, 12.35, [278, 96147, 98065]
7, 9, 8.54, [11925, 11388, 70195]
8, 0, 21.05, [66076, 11388, 144434]
8, 1, 20.89, [66076, 11388, 144434]
8, 2, 19.72, [66076, 11388, 98065]
8, 3, 19.5, [66076, 11388, 98062]
8, 4, 16.9, [70193, 96144, 11388]
8, 5, 15.05, [66078, 11388, 98062]
8, 6, 13.59, [66076, 56237, 1060]
8, 7, 12.51, [47392, 221360, 144434]
8, 8, 11.5, [66079, 11925, 144434]
8, 9, 10.88, [70365, 11388, 66171]
9, 0, 21.05, [66076, 11388, 144434]
9, 1, 20.89, [66076, 11388, 144434]
9, 2, 18.07, [66076, 96147, 98065]
9, 3, 17.54, [70193, 11388, 98065]
9, 4, 15.05, [70193, 70194, 62858]
9, 5, 12.54, [144434, 12067, 62858]
9, 6, 11.46, [70197, 11388, 87]
9, 7, 10.67, [70195, 80450, 144434]
9, 8, 10.49, [66079, 11388, 42918]
9, 9, 9.56, [121382, 11388, 6376]
10, 0, 21.05, [66076, 11388, 144434]
10, 1, 20.89, [66076, 11388, 144434]
10, 2, 18.24, [66076, 11925, 144434]
10, 3, 18.15, [66076, 121382, 144434]
10, 4, 16.86, [66076, 11388, 150655]
10, 5, 16.38, [66076, 12067, 144434]
10, 6, 15.76, [47392, 70196, 88]
10, 7, 15.55, [283, 66076, 124712]
10, 8, 13.62, [73932, 98065, 66078]
10, 9, 13.1, [85838, 11388, 127089]
