num_genrations,diversity,improvement,best_fitness
0,1.0,0,40.38228370950053
1,0.6371794871794871,0.0,40.38228370950053
2,0.028846153846153744,0.06455282023267982,42.98907401038499
3,0.10769230769230753,0.0,42.98907401038499
4,0.11153846153846136,-0.03547874846728927,41.46387546672886
5,0.10961538461538467,0.012775415696279362,41.99359371219508
6,0.17884615384615388,0.0,41.99359371219508
7,0.02499999999999991,0.0,41.99359371219508
8,0.044230769230769074,0.010370388863233484,42.42908360875518
9,0.10705128205128189,0.02421383773041875,43.456454554307946
10,0.08846153846153837,0.0,43.456454554307946
