generation number, individual number, fitness, candidate
0, 0, 65.47, [1509, 421]
0, 1, 9.0, [1068, 326]
0, 2, 7.0, [2320, 1767]
0, 3, 6.0, [1611, 1827]
0, 4, 6.0, [1417, 1247]
0, 5, 5.0, [521, 1424]
0, 6, 4.5, [2110, 1328]
0, 7, 4.04, [1230, 970]
0, 8, 2.0, [1190, 1059]
0, 9, 2.0, [2110, 1107]
1, 0, 65.47, [1509, 421]
1, 1, 65.31, [1509, 1827]
1, 2, 11.0, [1068, 695]
1, 3, 10.0, [2171, 326]
1, 4, 9.0, [2332, 326]
1, 5, 9.0, [1068, 326]
1, 6, 8.45, [1990, 326]
1, 7, 7.0, [1058, 421]
1, 8, 7.0, [1058, 421]
1, 9, 4.0, [1058, 1767]
2, 0, 65.47, [1509, 421]
2, 1, 65.31, [1509, 1827]
2, 2, 63.28, [1509, 717]
2, 3, 13.5, [1224, 1827]
2, 4, 11.0, [1068, 695]
2, 5, 7.0, [1906, 1351]
2, 6, 7.0, [1695, 695]
2, 7, 5.0, [1497, 1827]
2, 8, 4.0, [1620, 1040]
2, 9, 2.44, [1378, 697]
3, 0, 65.47, [1509, 421]
3, 1, 65.31, [1509, 1827]
3, 2, 11.4, [1224, 1417]
3, 3, 7.0, [1168, 140]
3, 4, 6.0, [717, 421]
3, 5, 5.0, [521, 1437]
3, 6, 5.0, [1695, 1827]
3, 7, 4.49, [1328, 1212]
3, 8, 4.0, [1247, 717]
3, 9, 2.0, [1107, 3124]
4, 0, 65.47, [1509, 421]
4, 1, 65.31, [1509, 1827]
4, 2, 65.21, [1509, 1141]
4, 3, 15.51, [1224, 695]
4, 4, 9.0, [1068, 1827]
4, 5, 7.44, [1328, 1827]
4, 6, 7.0, [1347, 695]
4, 7, 4.0, [975, 717]
4, 8, 3.0, [2989, 717]
4, 9, 3.0, [1107, 1078]
5, 0, 65.47, [1509, 421]
5, 1, 65.31, [1509, 1827]
5, 2, 14.0, [1091, 2377]
5, 3, 8.0, [421, 521]
5, 4, 7.0, [1149, 695]
5, 5, 6.57, [785, 1402]
5, 6, 6.51, [788, 1827]
5, 7, 6.41, [1040, 1223]
5, 8, 6.0, [1475, 421]
5, 9, 5.0, [1107, 421]
6, 0, 67.52, [1509, 695]
6, 1, 65.47, [1509, 421]
6, 2, 65.37, [1509, 905]
6, 3, 65.31, [1509, 1827]
6, 4, 13.0, [1425, 1125]
6, 5, 10.0, [576, 1827]
6, 6, 10.0, [1425, 1652]
6, 7, 7.0, [1311, 695]
6, 8, 6.0, [1442, 645]
6, 9, 5.4, [314, 1407]
7, 0, 67.52, [1509, 695]
7, 1, 67.47, [1509, 140]
7, 2, 65.47, [1509, 421]
7, 3, 64.94, [1509, 1328]
7, 4, 64.9, [1509, 905]
7, 5, 9.0, [571, 2320]
7, 6, 8.01, [1990, 1402]
7, 7, 8.0, [2171, 1475]
7, 8, 4.0, [1403, 775]
7, 9, 2.0, [1906, 1518]
8, 0, 67.52, [1509, 695]
8, 1, 67.47, [1509, 140]
8, 2, 66.91, [1509, 695]
8, 3, 63.59, [1509, 751]
8, 4, 61.98, [1509, 1378]
8, 5, 60.9, [1509, 1935]
8, 6, 7.0, [1149, 576]
8, 7, 7.0, [3662, 576]
8, 8, 3.0, [1518, 1652]
8, 9, 3.0, [1368, 1475]
9, 0, 67.52, [1509, 695]
9, 1, 67.47, [1509, 140]
9, 2, 67.3, [1509, 576]
9, 3, 63.65, [1509, 749]
9, 4, 6.0, [1247, 521]
9, 5, 6.0, [775, 1827]
9, 6, 6.0, [2332, 1090]
9, 7, 3.0, [1475, 1064]
9, 8, 2.0, [1225, 5684]
9, 9, 2.0, [1107, 1906]
10, 0, 67.52, [1509, 695]
10, 1, 67.47, [1509, 140]
10, 2, 17.0, [1091, 695]
10, 3, 15.49, [1224, 695]
10, 4, 14.0, [1401, 695]
10, 5, 11.0, [2332, 695]
10, 6, 10.65, [1990, 140]
10, 7, 7.0, [1619, 576]
10, 8, 5.49, [1247, 1402]
10, 9, 4.0, [1131, 1058]
