n_nodes,influence,n0,n1,n2,n3,n4
5,53.0400,9952,353,34,1637,464
5,52.1900,9952,353,34,2779,464
5,51.9200,9952,34,464,353,4423
5,51.9200,9952,34,464,353,4423
5,51.6100,353,34,4423,8627,464
5,50.9400,9952,34,464,353,4423
5,50.9400,9952,34,464,353,4423
5,50.9400,9952,34,464,353,4423
5,50.9400,9952,34,464,353,4423
5,50.9400,9952,34,464,353,4423
5,50.9400,9952,34,464,353,4423
5,50.6600,4841,353,34,4423,464
5,50.5800,9952,34,464,353,4423
5,50.5800,9952,34,464,353,4423
5,50.5800,9952,34,464,353,4423
5,50.1400,9952,34,464,353,4423
