generation number, individual number, fitness, candidate
0, 0, 3.23, [520, 1514, 5117]
0, 1, 3.14, [5117, 831, 786]
0, 2, 3.06, [336, 841, 1141]
0, 3, 3.05, [476, 970, 1381]
0, 4, 3.05, [1603, 1381, 1414]
0, 5, 3.04, [902, 3147, 1419]
0, 6, 3.04, [247, 970, 964]
0, 7, 3.04, [735, 1157, 1141]
0, 8, 3.02, [1381, 716, 785]
0, 9, 3.0, [1509, 902, 429]
1, 0, 3.23, [520, 1514, 5117]
1, 1, 3.21, [520, 2340, 5117]
1, 2, 3.2, [5117, 831, 476]
1, 3, 3.14, [5117, 831, 786]
1, 4, 3.12, [520, 1514, 834]
1, 5, 3.11, [5117, 339, 1141]
1, 6, 3.09, [5117, 15, 1381]
1, 7, 3.08, [476, 970, 656]
1, 8, 3.06, [476, 970, 1029]
1, 9, 3.05, [336, 831, 1574]
2, 0, 3.23, [520, 1514, 5117]
2, 1, 3.21, [520, 786, 970]
2, 2, 3.21, [520, 2340, 5117]
2, 3, 3.17, [1138, 2340, 5117]
2, 4, 3.16, [520, 487, 1967]
2, 5, 3.15, [690, 786, 5117]
2, 6, 3.14, [429, 1514, 5117]
2, 7, 3.08, [520, 2340, 694]
2, 8, 3.03, [1574, 1514, 1967]
2, 9, 3.02, [1430, 831, 1514]
3, 0, 3.26, [520, 2341, 5117]
3, 1, 3.25, [520, 2341, 5117]
3, 2, 3.23, [520, 1514, 5117]
3, 3, 3.21, [520, 786, 970]
3, 4, 3.15, [520, 487, 1567]
3, 5, 3.15, [934, 1514, 5117]
3, 6, 3.1, [520, 2340, 691]
3, 7, 3.1, [1028, 1378, 5117]
3, 8, 3.1, [520, 2340, 320]
3, 9, 3.09, [520, 1580, 970]
4, 0, 3.26, [520, 2341, 5117]
4, 1, 3.25, [520, 2341, 5117]
4, 2, 3.14, [1540, 716, 5117]
4, 3, 3.13, [520, 2340, 1347]
4, 4, 3.13, [1569, 1394, 5117]
4, 5, 3.12, [520, 1289, 1567]
4, 6, 3.1, [520, 2341, 1029]
4, 7, 3.1, [3147, 1138, 5117]
4, 8, 3.08, [2340, 2341, 439]
4, 9, 3.04, [662, 247, 716]
5, 0, 3.26, [520, 2341, 5117]
5, 1, 3.25, [520, 2341, 5117]
5, 2, 3.23, [520, 1603, 5117]
5, 3, 3.17, [520, 798, 990]
5, 4, 3.16, [520, 1138, 716]
5, 5, 3.12, [520, 1029, 662]
5, 6, 3.06, [662, 487, 429]
5, 7, 3.05, [1347, 2341, 1555]
5, 8, 3.04, [98, 2341, 439]
5, 9, 3.02, [735, 2341, 990]
6, 0, 3.26, [520, 2341, 5117]
6, 1, 3.25, [520, 2341, 5117]
6, 2, 3.15, [964, 2070, 5117]
6, 3, 3.14, [520, 819, 970]
6, 4, 3.11, [831, 716, 5117]
6, 5, 3.11, [735, 1347, 5117]
6, 6, 3.07, [1381, 2341, 5117]
6, 7, 3.06, [934, 1289, 1967]
6, 8, 3.06, [934, 964, 336]
6, 9, 3.06, [2070, 2340, 216]
7, 0, 3.26, [520, 2341, 5117]
7, 1, 3.25, [520, 2341, 5117]
7, 2, 3.13, [520, 2070, 905]
7, 3, 3.12, [2340, 990, 5117]
7, 4, 3.11, [520, 1394, 970]
7, 5, 3.11, [520, 2070, 336]
7, 6, 3.1, [487, 2341, 5117]
7, 7, 3.04, [1967, 934, 3147]
7, 8, 3.03, [964, 2341, 751]
7, 9, 3.02, [964, 2341, 1967]
8, 0, 3.26, [520, 2341, 5117]
8, 1, 3.25, [520, 2341, 5117]
8, 2, 3.19, [520, 2070, 751]
8, 3, 3.15, [520, 2341, 710]
8, 4, 3.15, [520, 1430, 5117]
8, 5, 3.06, [798, 1289, 2032]
8, 6, 3.05, [1347, 1157, 1419]
8, 7, 3.03, [1514, 2070, 429]
8, 8, 3.01, [786, 476, 970]
8, 9, 3.01, [697, 2341, 1157]
9, 0, 3.26, [520, 2341, 5117]
9, 1, 3.25, [520, 2341, 5117]
9, 2, 3.17, [520, 1353, 5117]
9, 3, 3.16, [1141, 2341, 5117]
9, 4, 3.15, [1430, 2341, 5117]
9, 5, 3.14, [520, 816, 751]
9, 6, 3.1, [520, 741, 841]
9, 7, 3.07, [520, 1555, 735]
9, 8, 3.06, [2490, 2341, 5117]
9, 9, 3.04, [1514, 1430, 751]
10, 0, 3.26, [520, 2341, 5117]
10, 1, 3.25, [520, 2341, 5117]
10, 2, 3.21, [520, 2340, 5117]
10, 3, 3.16, [786, 697, 5117]
10, 4, 3.09, [1394, 1967, 5117]
10, 5, 3.08, [520, 697, 1567]
10, 6, 3.08, [1045, 2341, 5117]
10, 7, 3.07, [786, 716, 5117]
10, 8, 3.04, [716, 2341, 336]
10, 9, 3.02, [1967, 476, 1028]
11, 0, 3.26, [520, 2341, 5117]
11, 1, 3.25, [520, 2341, 5117]
11, 2, 3.18, [520, 902, 970]
11, 3, 3.15, [520, 697, 336]
11, 4, 3.14, [520, 2340, 905]
11, 5, 3.12, [780, 1394, 5117]
11, 6, 3.11, [520, 1381, 487]
11, 7, 3.08, [1580, 2341, 520]
11, 8, 3.05, [1028, 429, 819]
11, 9, 3.03, [786, 2341, 3147]
12, 0, 3.26, [520, 2341, 5117]
12, 1, 3.25, [520, 2341, 5117]
12, 2, 3.24, [520, 819, 5117]
12, 3, 3.17, [1381, 2341, 5117]
12, 4, 3.12, [520, 247, 751]
12, 5, 3.11, [2436, 2341, 5117]
12, 6, 3.06, [786, 476, 78]
12, 7, 3.03, [2340, 809, 429]
12, 8, 3.02, [247, 970, 336]
12, 9, 3.01, [1289, 974, 1430]
13, 0, 3.26, [520, 2341, 5117]
13, 1, 3.25, [520, 2341, 5117]
13, 2, 3.2, [520, 1509, 2032]
13, 3, 3.18, [520, 1378, 3]
13, 4, 3.17, [964, 934, 5117]
13, 5, 3.13, [15, 990, 5117]
13, 6, 3.1, [735, 831, 5117]
13, 7, 3.04, [1603, 716, 841]
13, 8, 3.03, [1540, 2341, 786]
13, 9, 3.03, [786, 964, 1555]
14, 0, 3.26, [520, 216, 5117]
14, 1, 3.26, [520, 2341, 5117]
14, 2, 3.25, [520, 2341, 5117]
14, 3, 3.16, [520, 834, 5117]
14, 4, 3.11, [520, 1580, 735]
14, 5, 3.07, [520, 2341, 339]
14, 6, 3.07, [520, 1509, 751]
14, 7, 3.06, [1025, 2070, 816]
14, 8, 3.05, [1540, 741, 5117]
14, 9, 3.02, [1378, 934, 635]
15, 0, 3.27, [520, 15, 5117]
15, 1, 3.26, [520, 216, 5117]
15, 2, 3.26, [520, 2341, 5117]
15, 3, 3.18, [716, 2341, 5117]
15, 4, 3.14, [520, 834, 2340]
15, 5, 3.13, [439, 675, 5117]
15, 6, 3.09, [520, 2667, 1141]
15, 7, 3.07, [520, 439, 934]
15, 8, 3.06, [247, 1967, 5117]
15, 9, 3.05, [476, 850, 964]
16, 0, 3.27, [520, 1509, 5117]
16, 1, 3.27, [520, 15, 5117]
16, 2, 3.26, [520, 216, 5117]
16, 3, 3.19, [635, 934, 5117]
16, 4, 3.14, [1138, 2341, 5117]
16, 5, 3.14, [520, 15, 905]
16, 6, 3.06, [902, 15, 741]
16, 7, 3.05, [841, 2340, 1967]
16, 8, 3.03, [716, 15, 336]
16, 9, 3.0, [841, 15, 2667]
17, 0, 3.27, [520, 1509, 5117]
17, 1, 3.27, [520, 15, 5117]
17, 2, 3.17, [520, 15, 831]
17, 3, 3.15, [336, 834, 5117]
17, 4, 3.13, [635, 439, 5117]
17, 5, 3.13, [690, 934, 5117]
17, 6, 3.13, [495, 1509, 5117]
17, 7, 3.09, [520, 785, 336]
17, 8, 3.07, [716, 1141, 98]
17, 9, 3.05, [2340, 1141, 476]
18, 0, 3.27, [520, 1509, 5117]
18, 1, 3.27, [520, 15, 5117]
18, 2, 3.19, [520, 1414, 5117]
18, 3, 3.15, [520, 1347, 751]
18, 4, 3.15, [1347, 15, 5117]
18, 5, 3.13, [2667, 3147, 5117]
18, 6, 3.08, [1347, 1509, 5117]
18, 7, 3.06, [520, 819, 798]
18, 8, 3.05, [439, 735, 336]
18, 9, 3.05, [247, 3147, 786]
19, 0, 3.33, [520, 741, 5117]
19, 1, 3.27, [520, 1509, 5117]
19, 2, 3.27, [520, 15, 5117]
19, 3, 3.24, [520, 1229, 5117]
19, 4, 3.18, [520, 1414, 2667]
19, 5, 3.12, [520, 15, 1567]
19, 6, 3.09, [520, 15, 336]
19, 7, 3.05, [1347, 1509, 970]
19, 8, 3.04, [990, 15, 785]
19, 9, 3.03, [339, 785, 1048]
20, 0, 3.36, [520, 1229, 5117]
20, 1, 3.33, [520, 741, 5117]
20, 2, 3.27, [520, 1509, 5117]
20, 3, 3.15, [520, 1543, 2667]
20, 4, 3.14, [520, 1580, 1048]
20, 5, 3.11, [520, 697, 3147]
20, 6, 3.09, [798, 1509, 5117]
20, 7, 3.08, [520, 1509, 741]
20, 8, 3.07, [520, 716, 694]
20, 9, 3.06, [1141, 15, 5117]
21, 0, 3.36, [520, 1229, 5117]
21, 1, 3.33, [520, 741, 5117]
21, 2, 3.26, [520, 1048, 5117]
21, 3, 3.16, [786, 1509, 5117]
21, 4, 3.13, [15, 429, 5117]
21, 5, 3.11, [520, 1229, 990]
21, 6, 3.09, [520, 1229, 3147]
21, 7, 3.08, [520, 2667, 831]
21, 8, 3.07, [520, 1543, 1048]
21, 9, 3.06, [1289, 741, 656]
22, 0, 3.36, [520, 1229, 5117]
22, 1, 3.33, [520, 741, 5117]
22, 2, 3.22, [520, 487, 5117]
22, 3, 3.2, [520, 662, 5117]
22, 4, 3.14, [15, 1543, 5117]
22, 5, 3.13, [520, 1048, 662]
22, 6, 3.12, [495, 1048, 5117]
22, 7, 3.1, [1419, 3147, 5117]
22, 8, 3.03, [1157, 1048, 1555]
22, 9, 3.02, [439, 1229, 819]
23, 0, 3.36, [520, 1229, 5117]
23, 1, 3.33, [520, 741, 5117]
23, 2, 3.24, [520, 1543, 5117]
23, 3, 3.17, [1540, 487, 5117]
23, 4, 3.17, [520, 98, 1394]
23, 5, 3.14, [15, 1569, 5117]
23, 6, 3.08, [520, 741, 3]
23, 7, 3.06, [1509, 1157, 336]
23, 8, 3.05, [2070, 1157, 1514]
23, 9, 3.03, [1514, 1157, 831]
24, 0, 3.36, [520, 1229, 5117]
24, 1, 3.33, [520, 741, 5117]
24, 2, 3.17, [520, 1347, 5117]
24, 3, 3.16, [495, 741, 5117]
24, 4, 3.15, [1555, 694, 5117]
24, 5, 3.15, [520, 1229, 635]
24, 6, 3.14, [662, 1543, 5117]
24, 7, 3.13, [1540, 741, 5117]
24, 8, 3.07, [3147, 336, 819]
24, 9, 3.03, [247, 1967, 1048]
25, 0, 3.36, [520, 1229, 5117]
25, 1, 3.33, [520, 741, 5117]
25, 2, 3.25, [520, 476, 5117]
25, 3, 3.2, [520, 675, 5117]
25, 4, 3.14, [662, 1509, 5117]
25, 5, 3.12, [520, 964, 656]
25, 6, 3.11, [1229, 247, 5117]
25, 7, 3.08, [520, 741, 905]
25, 8, 3.05, [662, 1347, 3]
25, 9, 3.04, [990, 741, 635]
26, 0, 3.36, [520, 1229, 5117]
26, 1, 3.33, [520, 741, 5117]
26, 2, 3.17, [520, 675, 831]
26, 3, 3.16, [520, 1229, 751]
26, 4, 3.14, [520, 476, 970]
26, 5, 3.13, [520, 487, 1414]
26, 6, 3.12, [2436, 1509, 5117]
26, 7, 3.11, [690, 1229, 5117]
26, 8, 3.03, [1138, 1229, 1555]
26, 9, 3.03, [1289, 675, 5117]
27, 0, 3.36, [520, 1229, 5117]
27, 1, 3.33, [520, 741, 5117]
27, 2, 3.15, [520, 1141, 1029]
27, 3, 3.14, [1378, 587, 5117]
27, 4, 3.13, [520, 1138, 816]
27, 5, 3.13, [520, 476, 974]
27, 6, 3.12, [520, 1580, 5117]
27, 7, 3.11, [1603, 5117, 1967]
27, 8, 3.07, [1543, 1378, 1567]
27, 9, 3.05, [2490, 439, 487]
28, 0, 3.36, [520, 1229, 5117]
28, 1, 3.33, [520, 741, 5117]
28, 2, 3.29, [520, 5117, 1509]
28, 3, 3.27, [520, 1543, 5117]
28, 4, 3.15, [520, 873, 809]
28, 5, 3.14, [520, 1229, 2032]
28, 6, 3.13, [520, 1229, 1347]
28, 7, 3.11, [2436, 1141, 5117]
28, 8, 3.1, [520, 741, 974]
28, 9, 3.1, [2340, 902, 5117]
29, 0, 3.36, [520, 1229, 5117]
29, 1, 3.33, [520, 741, 5117]
29, 2, 3.16, [1157, 716, 5117]
29, 3, 3.15, [520, 1580, 5117]
29, 4, 3.12, [520, 1048, 831]
29, 5, 3.08, [1540, 476, 662]
29, 6, 3.06, [520, 3147, 247]
29, 7, 3.06, [1141, 1229, 716]
29, 8, 3.03, [336, 741, 1048]
29, 9, 3.03, [990, 1229, 741]
30, 0, 3.36, [520, 1229, 5117]
30, 1, 3.33, [520, 741, 5117]
30, 2, 3.13, [697, 990, 5117]
30, 3, 3.11, [520, 1580, 487]
30, 4, 3.11, [1509, 1580, 5117]
30, 5, 3.08, [964, 716, 5117]
30, 6, 3.08, [816, 751, 5117]
30, 7, 3.03, [1157, 1229, 2032]
30, 8, 3.03, [1394, 1574, 98]
30, 9, 3.02, [831, 741, 2032]
31, 0, 3.36, [520, 1229, 5117]
31, 1, 3.33, [520, 741, 5117]
31, 2, 3.27, [520, 320, 5117]
31, 3, 3.18, [520, 990, 905]
31, 4, 3.17, [2340, 662, 5117]
31, 5, 3.09, [520, 990, 751]
31, 6, 3.08, [520, 1229, 798]
31, 7, 3.07, [1378, 5117, 1514]
31, 8, 3.05, [697, 741, 2032]
31, 9, 3.05, [741, 1347, 751]
32, 0, 3.36, [520, 1229, 5117]
32, 1, 3.33, [520, 741, 5117]
32, 2, 3.21, [520, 974, 5117]
32, 3, 3.21, [716, 1229, 5117]
32, 4, 3.15, [520, 1394, 1048]
32, 5, 3.11, [520, 751, 1029]
32, 6, 3.09, [2340, 1543, 5117]
32, 7, 3.09, [520, 697, 751]
32, 8, 3.04, [785, 741, 1827]
32, 9, 3.03, [2070, 850, 697]
33, 0, 3.36, [520, 1229, 5117]
33, 1, 3.33, [520, 741, 5117]
33, 2, 3.22, [520, 1543, 5117]
33, 3, 3.19, [520, 1229, 2032]
33, 4, 3.19, [520, 98, 5117]
33, 5, 3.18, [520, 834, 990]
33, 6, 3.16, [1381, 741, 5117]
33, 7, 3.13, [520, 1229, 905]
33, 8, 3.1, [336, 1229, 5117]
33, 9, 3.09, [520, 662, 339]
34, 0, 3.36, [520, 1229, 5117]
34, 1, 3.33, [520, 741, 5117]
34, 2, 3.21, [520, 1543, 5117]
34, 3, 3.2, [520, 1967, 5117]
34, 4, 3.17, [520, 1543, 1347]
34, 5, 3.11, [520, 15, 1028]
34, 6, 3.1, [520, 1229, 1289]
34, 7, 3.06, [716, 1574, 3147]
34, 8, 3.05, [1045, 741, 964]
34, 9, 3.05, [1540, 1229, 5117]
35, 0, 3.36, [520, 1229, 5117]
35, 1, 3.33, [520, 741, 5117]
35, 2, 3.25, [520, 902, 5117]
35, 3, 3.19, [520, 1378, 5117]
35, 4, 3.11, [520, 545, 1378]
35, 5, 3.09, [520, 831, 1430]
35, 6, 3.04, [247, 731, 964]
35, 7, 3.04, [990, 816, 1574]
35, 8, 3.03, [716, 98, 1048]
35, 9, 3.02, [247, 1229, 751]
36, 0, 3.36, [520, 1229, 5117]
36, 1, 3.33, [520, 741, 5117]
36, 2, 3.08, [831, 751, 5117]
36, 3, 3.08, [520, 1229, 3147]
36, 4, 3.07, [1540, 741, 5117]
36, 5, 3.05, [964, 902, 1347]
36, 6, 3.04, [1381, 1229, 5117]
36, 7, 3.02, [429, 751, 3]
36, 8, 3.02, [1603, 98, 1555]
36, 9, 3.02, [247, 1229, 819]
37, 0, 3.36, [520, 1229, 5117]
37, 1, 3.33, [520, 741, 5117]
37, 2, 3.16, [520, 1414, 1827]
37, 3, 3.13, [520, 1229, 1574]
37, 4, 3.12, [520, 1353, 1289]
37, 5, 3.11, [520, 751, 2032]
37, 6, 3.1, [520, 1229, 1394]
37, 7, 3.1, [1603, 1229, 5117]
37, 8, 3.08, [716, 1543, 970]
37, 9, 3.07, [520, 841, 1028]
38, 0, 3.36, [520, 1229, 5117]
38, 1, 3.33, [520, 741, 5117]
38, 2, 3.23, [520, 990, 5117]
38, 3, 3.21, [520, 1048, 5117]
38, 4, 3.16, [520, 741, 1219]
38, 5, 3.16, [798, 1229, 5117]
38, 6, 3.14, [520, 1414, 970]
38, 7, 3.14, [520, 1229, 902]
38, 8, 3.13, [1025, 1229, 5117]
38, 9, 3.11, [520, 1543, 1827]
39, 0, 3.36, [520, 1229, 5117]
39, 1, 3.33, [520, 741, 5117]
39, 2, 3.27, [520, 5117, 216]
39, 3, 3.26, [520, 786, 5117]
39, 4, 3.13, [1509, 841, 5117]
39, 5, 3.07, [520, 1229, 905]
39, 6, 3.04, [1138, 990, 1514]
39, 7, 3.03, [216, 1229, 741]
39, 8, 3.02, [809, 1229, 1347]
39, 9, 3.02, [1381, 1229, 1574]
40, 0, 3.36, [520, 1229, 5117]
40, 1, 3.33, [520, 741, 5117]
40, 2, 3.11, [476, 1543, 5117]
40, 3, 3.09, [635, 520, 1381]
40, 4, 3.09, [520, 1378, 339]
40, 5, 3.07, [1289, 247, 439]
40, 6, 3.06, [520, 2667, 905]
40, 7, 3.06, [520, 1555, 1394]
40, 8, 3.02, [1157, 741, 15]
40, 9, 3.01, [741, 1229, 78]
41, 0, 3.36, [520, 1229, 5117]
41, 1, 3.33, [520, 741, 5117]
41, 2, 3.22, [520, 1048, 5117]
41, 3, 3.18, [520, 487, 1141]
41, 4, 3.14, [520, 1378, 3]
41, 5, 3.13, [716, 1569, 5117]
41, 6, 3.1, [520, 1289, 2032]
41, 7, 3.1, [98, 1229, 5117]
41, 8, 3.07, [520, 902, 339]
41, 9, 3.02, [1603, 1229, 439]
42, 0, 3.36, [520, 1229, 5117]
42, 1, 3.33, [520, 741, 5117]
42, 2, 3.15, [520, 934, 970]
42, 3, 3.11, [1514, 1229, 5117]
42, 4, 3.11, [520, 1048, 1567]
42, 5, 3.07, [520, 1229, 1029]
42, 6, 3.04, [1574, 1048, 905]
42, 7, 3.03, [716, 2667, 15]
42, 8, 3.02, [831, 1157, 2032]
42, 9, 3.02, [735, 1157, 2667]
43, 0, 3.36, [520, 1229, 5117]
43, 1, 3.33, [520, 741, 5117]
43, 2, 3.21, [520, 666, 5117]
43, 3, 3.18, [716, 934, 5117]
43, 4, 3.13, [520, 1229, 735]
43, 5, 3.12, [520, 1229, 990]
43, 6, 3.1, [1430, 1543, 5117]
43, 7, 3.08, [520, 1048, 1029]
43, 8, 3.08, [2490, 1048, 5117]
43, 9, 3.04, [2490, 741, 1567]
44, 0, 3.36, [520, 1229, 5117]
44, 1, 3.33, [520, 741, 5117]
44, 2, 3.3, [520, 666, 5117]
44, 3, 3.14, [520, 741, 1029]
44, 4, 3.14, [785, 1229, 5117]
44, 5, 3.12, [98, 1543, 5117]
44, 6, 3.1, [716, 1141, 5117]
44, 7, 3.08, [520, 934, 3]
44, 8, 3.07, [520, 741, 15]
44, 9, 3.04, [716, 1229, 1603]
45, 0, 3.36, [520, 1229, 5117]
45, 1, 3.33, [520, 741, 5117]
45, 2, 3.21, [520, 1289, 5117]
45, 3, 3.14, [1967, 741, 5117]
45, 4, 3.12, [3147, 1543, 5117]
45, 5, 3.11, [520, 1229, 1029]
45, 6, 3.11, [798, 1229, 5117]
45, 7, 3.05, [841, 741, 1543]
45, 8, 3.04, [1289, 1543, 1419]
45, 9, 3.02, [1603, 1394, 751]
46, 0, 3.36, [520, 1229, 5117]
46, 1, 3.33, [520, 741, 5117]
46, 2, 3.26, [520, 841, 5117]
46, 3, 3.21, [520, 970, 656]
46, 4, 3.15, [964, 741, 5117]
46, 5, 3.14, [520, 694, 1509]
46, 6, 3.11, [520, 741, 831]
46, 7, 3.1, [1141, 1414, 5117]
46, 8, 3.1, [831, 751, 5117]
46, 9, 3.07, [662, 1289, 5117]
47, 0, 3.36, [520, 1229, 5117]
47, 1, 3.33, [520, 741, 5117]
47, 2, 3.32, [520, 1543, 5117]
47, 3, 3.17, [662, 741, 5117]
47, 4, 3.17, [520, 1509, 5117]
47, 5, 3.12, [520, 741, 3]
47, 6, 3.11, [1025, 635, 5117]
47, 7, 3.09, [741, 841, 5117]
47, 8, 3.07, [716, 970, 5117]
47, 9, 3.03, [476, 662, 1567]
48, 0, 3.36, [520, 1229, 5117]
48, 1, 3.33, [520, 741, 5117]
48, 2, 3.15, [520, 741, 1045]
48, 3, 3.15, [520, 1229, 1574]
48, 4, 3.15, [520, 1141, 1229]
48, 5, 3.12, [520, 15, 905]
48, 6, 3.12, [1219, 1028, 520]
48, 7, 3.1, [520, 1048, 336]
48, 8, 3.1, [520, 735, 1419]
48, 9, 3.05, [1603, 439, 1028]
49, 0, 3.36, [520, 1229, 5117]
49, 1, 3.33, [520, 741, 5117]
49, 2, 3.2, [520, 735, 5117]
49, 3, 3.16, [520, 1543, 487]
49, 4, 3.14, [934, 990, 5117]
49, 5, 3.12, [2490, 970, 5117]
49, 6, 3.1, [520, 1025, 1378]
49, 7, 3.09, [662, 785, 5117]
49, 8, 3.03, [1138, 487, 1029]
49, 9, 3.02, [662, 785, 1394]
50, 0, 3.36, [520, 1229, 5117]
50, 1, 3.33, [520, 741, 5117]
50, 2, 3.22, [520, 1967, 5117]
50, 3, 3.16, [690, 2070, 5117]
50, 4, 3.14, [785, 735, 5117]
50, 5, 3.13, [520, 1229, 635]
50, 6, 3.12, [336, 1394, 5117]
50, 7, 3.06, [487, 741, 786]
50, 8, 3.03, [902, 1229, 786]
50, 9, 3.02, [1289, 1229, 1029]
