n_nodes,influence,n0,n1,n2,n3,n4
5,86.8500,67,36,137,54,13
5,86.0500,67,36,137,13,54
5,84.9400,67,36,137,54,13
5,84.9000,172,36,137,13,54
5,84.9000,172,36,137,13,54
5,83.3300,67,36,137,54,13
5,82.7700,67,36,137,54,13
5,81.1000,67,36,137,54,13
5,80.5000,930,36,137,54,13
5,79.3700,67,36,137,54,13
5,77.9600,67,36,137,54,13
5,76.9100,67,36,137,54,13
5,76.3800,172,36,137,54,13
5,75.8800,67,36,137,54,13
5,75.6500,67,36,137,54,13
5,75.6500,67,36,137,54,13
5,75.6500,67,36,137,54,13
5,75.6500,67,36,137,54,13
5,75.6500,67,36,137,54,13
5,75.6500,67,36,137,54,13
5,75.6500,67,36,137,54,13
5,75.6500,67,36,137,54,13
5,75.5700,36,137,885,13,54
5,75.1700,930,67,36,152,13
5,75.1700,930,67,36,152,13
5,75.1700,930,67,36,152,13
5,75.1700,930,67,36,152,13
5,75.1400,930,36,137,54,13
5,75.1400,930,36,137,54,13
5,75.1400,930,36,137,54,13
5,75.1400,930,36,137,54,13
5,75.1400,930,36,137,54,13
