num_genrations,diversity,improvement,best_fitness
0,0.9959677419354839,0,5086.2200000000075
1,0.9060483870967742,-0.012280239549213532,5023.760000000007
2,0.7939516129032258,0.009321703266079564,5070.5900000000065
3,0.7620967741935484,0.026470292411731194,5204.810000000007
4,0.5987903225806451,0.027684007677513677,5348.900000000007
5,0.6048387096774194,0.01176690534502412,5411.8400000000065
6,0.4862903225806452,0.0,5411.8400000000065
7,0.17177419354838697,0.0021120358325448217,5423.270000000006
8,0.18427419354838714,0.008065244769299821,5467.010000000007
9,0.15846774193548385,0.0,5467.010000000007
10,0.19072580645161286,0.00480152770893047,5493.260000000007
