num_genrations,diversity,improvement,best_fitness
0,0.9946604330708662,0,52.066185753096214
1,0.9630167322834645,0.030420228043950764,53.6500509970841
2,0.913607283464567,0.18469058930227122,63.55871053183247
3,0.7415600393700787,0.028752949569140977,65.38621093043388
4,0.42965059055118116,0.36805848846445766,89.45216089190757
5,0.5473425196850394,0.0,89.45216089190757
6,0.5221702755905511,0.07620822528249752,96.26915132116427
7,0.4670767716535431,0.0,96.26915132116427
8,0.30494586614173214,-0.018283101951114225,94.50905261281218
9,0.06892224409448788,0.004208920231813265,94.90683367644375
10,0.15511811023622024,0.0,94.90683367644375
