n_nodes,influence,n0,n1,n2,n3,n4
5,221.0800,4641,22477,108848,199337,195350
5,207.3800,4641,104468,108848,199337,195350
5,206.7900,4641,22477,108848,199337,195350
5,205.5900,4641,104468,108848,54353,195350
5,205.5900,4641,104468,108848,54353,195350
5,205.5900,4641,104468,108848,54353,195350
5,205.5900,4641,104468,108848,54353,195350
5,205.5900,4641,104468,108848,54353,195350
5,205.5900,4641,104468,108848,54353,195350
5,197.1600,4641,104468,108848,54353,195350
5,195.5000,4641,22477,108848,54353,195350
5,193.9800,4641,22477,108848,199337,195350
5,193.9800,4641,22477,108848,199337,195350
5,193.9800,4641,22477,108848,199337,195350
5,193.9800,4641,22477,108848,199337,195350
5,193.9800,4641,22477,108848,199337,195350
5,192.3200,4641,22477,108848,54353,195350
5,192.3200,4641,22477,108848,54353,195350
5,192.3200,4641,22477,108848,54353,195350
5,192.3200,4641,22477,108848,54353,195350
5,192.3200,4641,22477,108848,54353,195350
5,190.7400,4641,22477,108848,54353,195350
5,189.8600,4641,22477,108848,54353,195350
5,185.5500,4641,104468,108848,54353,195350
5,185.4100,4641,104468,108848,54353,195350
5,185.4100,4641,104468,108848,54353,195350
5,185.0600,4641,22477,108848,54353,195350
5,179.6000,4641,104468,108848,54353,195350
5,178.6600,4641,22477,108848,54353,195350
5,177.8600,4641,22477,108848,54353,195350
5,177.8600,4641,22477,108848,54353,195350
5,177.7500,4641,22477,108848,54353,195350
