num_genrations,diversity,improvement,best_fitness
0,1.0,0,37.49
1,0.785,-0.43424913310216057,21.21
2,0.7766666666666666,0.0,21.21
3,0.42500000000000004,0.0697784064120698,22.69
4,0.18500000000000005,-0.04098721903922431,21.76
5,0.07499999999999996,0.012867647058823418,22.04
6,0.04999999999999993,0.04673321234119788,23.07
7,0.02499999999999991,0.013870827915041191,23.39
8,0.0,0.0,23.39
9,0.0,0.0,23.39
10,0.0,0.0,23.39
11,0.02499999999999991,0.6058144506199231,37.56
12,0.10999999999999999,0.05511182108626198,39.63
13,0.19666666666666655,0.0,39.63
14,0.19833333333333325,0.0027756749936916334,39.74
15,0.21333333333333326,0.010568696527428147,40.16
16,0.15999999999999992,0.014193227091633474,40.73
17,0.1633333333333331,0.3292413454456176,54.14
18,0.11666666666666647,0.0,54.14
19,0.046666666666666634,0.0,54.14
20,0.10833333333333317,0.013483561137790855,54.87
