generation number, individual number, fitness, candidate
0, 0, 62.42, [1475, 1509]
0, 1, 10.5, [788, 1401]
0, 2, 10.44, [1350, 788]
0, 3, 9.55, [1068, 1990]
0, 4, 8.0, [975, 1351]
0, 5, 7.0, [831, 695]
0, 6, 6.0, [1247, 751]
0, 7, 6.0, [1424, 1442]
0, 8, 5.53, [1328, 1475]
0, 9, 5.0, [1247, 749]
1, 0, 62.79, [697, 1509]
1, 1, 62.42, [1475, 1509]
1, 2, 10.5, [788, 1401]
1, 3, 10.0, [1068, 2332]
1, 4, 10.0, [1146, 1401]
1, 5, 9.0, [2989, 1425]
1, 6, 9.0, [1225, 1401]
1, 7, 9.0, [1350, 1403]
1, 8, 8.48, [788, 1351]
1, 9, 5.55, [1225, 1990]
2, 0, 62.79, [697, 1509]
2, 1, 62.42, [1475, 1509]
2, 2, 8.49, [788, 695]
2, 3, 7.0, [1906, 140]
2, 4, 7.0, [1332, 1146]
2, 5, 7.0, [576, 1378]
2, 6, 6.0, [1028, 2332]
2, 7, 6.0, [1068, 1518]
2, 8, 4.48, [697, 320]
2, 9, 3.0, [1225, 1652]
3, 0, 62.79, [697, 1509]
3, 1, 62.5, [697, 1509]
3, 2, 62.42, [1475, 1509]
3, 3, 7.49, [1223, 585]
3, 4, 7.0, [1225, 695]
3, 5, 7.0, [1028, 695]
3, 6, 5.92, [1058, 1230]
3, 7, 5.0, [1028, 521]
3, 8, 4.5, [697, 2377]
3, 9, 3.46, [788, 1518]
4, 0, 62.79, [697, 1509]
4, 1, 62.5, [697, 1509]
4, 2, 62.15, [1028, 1509]
4, 3, 12.49, [697, 1091]
4, 4, 6.0, [970, 1332]
4, 5, 5.6, [1064, 1990]
4, 6, 5.51, [697, 1827]
4, 7, 4.0, [1279, 320]
4, 8, 3.0, [1767, 1403]
4, 9, 2.4, [697, 1279]
5, 0, 62.79, [697, 1509]
5, 1, 62.5, [697, 1509]
5, 2, 46.47, [1430, 6917]
5, 3, 46.0, [6917, 1328]
5, 4, 7.56, [697, 1351]
5, 5, 6.55, [697, 1125]
5, 6, 4.58, [1402, 314]
5, 7, 4.0, [1028, 1402]
5, 8, 4.0, [571, 1424]
5, 9, 4.0, [1058, 1311]
6, 0, 65.32, [1025, 1509]
6, 1, 62.79, [697, 1509]
6, 2, 62.63, [697, 1509]
6, 3, 62.5, [697, 1509]
6, 4, 10.52, [1480, 1224]
6, 5, 6.0, [2094, 2332]
6, 6, 5.46, [1407, 1225]
6, 7, 4.0, [571, 831]
6, 8, 3.72, [2094, 1230]
6, 9, 2.0, [1107, 1368]
7, 0, 65.32, [1025, 1509]
7, 1, 62.79, [697, 1509]
7, 2, 61.73, [1028, 1509]
7, 3, 9.0, [1068, 326]
7, 4, 8.0, [576, 1287]
7, 5, 7.0, [576, 3124]
7, 6, 7.0, [5684, 2320]
7, 7, 7.0, [140, 1767]
7, 8, 6.0, [1090, 1332]
7, 9, 6.0, [1025, 1368]
8, 0, 66.05, [1068, 1509]
8, 1, 65.32, [1025, 1509]
8, 2, 62.79, [697, 1509]
8, 3, 61.68, [775, 1509]
8, 4, 8.0, [1480, 1935]
8, 5, 7.0, [1068, 1146]
8, 6, 7.0, [1090, 576]
8, 7, 6.0, [1025, 1580]
8, 8, 5.47, [697, 1827]
8, 9, 3.0, [1028, 1247]
9, 0, 66.05, [1068, 1509]
9, 1, 65.32, [1025, 1509]
9, 2, 8.92, [1906, 1350]
9, 3, 7.0, [1068, 1935]
9, 4, 6.0, [2110, 1125]
9, 5, 6.0, [1020, 1125]
9, 6, 5.0, [1212, 1141]
9, 7, 5.0, [1141, 1279]
9, 8, 5.0, [1068, 717]
9, 9, 3.5, [1149, 788]
10, 0, 66.05, [1068, 1509]
10, 1, 65.32, [1025, 1509]
10, 2, 64.41, [1058, 1509]
10, 3, 11.2, [1058, 1350]
10, 4, 10.48, [1020, 1224]
10, 5, 10.0, [1403, 1425]
10, 6, 6.0, [831, 1125]
10, 7, 5.0, [421, 5684]
10, 8, 3.0, [1906, 1403]
10, 9, 3.0, [1906, 585]
