num_genrations,diversity,improvement,best_fitness
0,0.9997983870967742,0,90.72
1,0.9051075268817205,0.003968253968253962,91.08
2,0.6180779569892473,0.051493192797540596,95.77
3,0.48259408602150544,0.0,95.77
4,0.5103494623655914,0.005638508927639201,96.31
5,0.39778225806451606,0.0,96.31
6,0.26008064516129037,0.016820683210466248,97.93
7,0.1703629032258065,0.010211375472276114,98.93
8,0.14180107526881724,0.0,98.93
9,0.20961021505376332,0.012837359749317658,100.2
10,0.07634408602150544,0.0033932135728543256,100.54
