generation number, individual number, fitness, candidate
0, 0, 2.05, [96147, 144434]
0, 1, 2.05, [148118, 70199]
0, 2, 2.04, [150655, 96148]
0, 3, 2.03, [56241, 59751]
0, 4, 2.02, [85838, 94015]
0, 5, 2.02, [12067, 823]
0, 6, 2.01, [11925, 47392]
0, 7, 2.01, [94015, 81178]
0, 8, 2.01, [113478, 80449]
0, 9, 2.0, [113478, 93408]
1, 0, 2.08, [150655, 70193]
1, 1, 2.08, [283, 56241]
1, 2, 2.07, [96147, 70193]
1, 3, 2.05, [96147, 144434]
1, 4, 2.05, [148118, 70199]
1, 5, 2.04, [121382, 59751]
1, 6, 2.04, [86543, 70199]
1, 7, 2.03, [150655, 96148]
1, 8, 2.03, [150655, 144434]
1, 9, 2.02, [150655, 94015]
2, 0, 2.09, [126458, 70193]
2, 1, 2.08, [121382, 70193]
2, 2, 2.08, [150655, 70193]
2, 3, 2.08, [283, 56241]
2, 4, 2.06, [126458, 56241]
2, 5, 2.05, [823, 56241]
2, 6, 2.05, [98065, 124712]
2, 7, 2.04, [88, 70193]
2, 8, 2.03, [66171, 73931]
2, 9, 2.01, [40788, 42918]
3, 0, 2.13, [278, 70193]
3, 1, 2.13, [14201, 70199]
3, 2, 2.09, [126458, 70193]
3, 3, 2.08, [285, 66079]
3, 4, 2.08, [121382, 70193]
3, 5, 2.07, [1061, 98065]
3, 6, 2.07, [11388, 76776]
3, 7, 2.06, [126458, 14198]
3, 8, 2.05, [1927, 70193]
3, 9, 2.04, [126458, 70193]
4, 0, 2.13, [87, 70193]
4, 1, 2.13, [278, 70193]
4, 2, 2.13, [14201, 70199]
4, 3, 2.11, [56241, 1060]
4, 4, 2.07, [56241, 59751]
4, 5, 2.06, [12067, 126458]
4, 6, 2.06, [56240, 90]
4, 7, 2.05, [14201, 93406]
4, 8, 2.04, [126458, 73932]
4, 9, 2.03, [11388, 70365]
5, 0, 2.17, [89, 70193]
5, 1, 2.13, [278, 282]
5, 2, 2.13, [14197, 70193]
5, 3, 2.13, [87, 70193]
5, 4, 2.13, [278, 70193]
5, 5, 2.1, [62858, 286]
5, 6, 2.1, [56239, 70193]
5, 7, 2.09, [87, 70193]
5, 8, 2.08, [62858, 70193]
5, 9, 2.07, [87, 70365]
6, 0, 2.17, [89, 70193]
6, 1, 2.13, [46, 70193]
6, 2, 2.13, [278, 282]
6, 3, 2.1, [86, 126458]
6, 4, 2.06, [1927, 70193]
6, 5, 2.06, [89, 93406]
6, 6, 2.05, [66169, 121382]
6, 7, 2.05, [14199, 11925]
6, 8, 2.04, [113478, 98065]
6, 9, 2.04, [6376, 282]
7, 0, 2.17, [89, 70193]
7, 1, 2.13, [46, 70193]
7, 2, 2.08, [280, 282]
7, 3, 2.08, [279, 70193]
7, 4, 2.08, [90, 126458]
7, 5, 2.07, [46, 40788]
7, 6, 2.07, [278, 76776]
7, 7, 2.07, [90, 70193]
7, 8, 2.05, [66079, 70199]
7, 9, 2.04, [282, 85839]
8, 0, 2.17, [89, 70193]
8, 1, 2.13, [46, 70193]
8, 2, 2.11, [46, 282]
8, 3, 2.1, [285, 70193]
8, 4, 2.07, [89, 70365]
8, 5, 2.06, [90, 70199]
8, 6, 2.04, [14200, 85839]
8, 7, 2.03, [280, 126458]
8, 8, 2.03, [93408, 285]
8, 9, 2.02, [85838, 11387]
9, 0, 2.17, [89, 70193]
9, 1, 2.14, [89, 66076]
9, 2, 2.13, [46, 70193]
9, 3, 2.07, [76776, 70197]
9, 4, 2.07, [46, 62858]
9, 5, 2.05, [90, 70193]
9, 6, 2.05, [89, 70199]
9, 7, 2.04, [66171, 94016]
9, 8, 2.04, [46, 150655]
9, 9, 2.03, [70197, 14199]
10, 0, 2.17, [89, 70193]
10, 1, 2.14, [14200, 70193]
10, 2, 2.14, [89, 66076]
10, 3, 2.12, [46, 66076]
10, 4, 2.1, [46, 70196]
10, 5, 2.07, [11388, 70193]
10, 6, 2.07, [70364, 66076]
10, 7, 2.07, [14223, 94016]
10, 8, 2.07, [14200, 56241]
10, 9, 2.05, [89, 59751]
