generation number, pop_size, worst, best, median, avg, std, diversity, improvement, number_of_selections
0, 10, 3.01, 3.13, 3.0549999999999997, 3.064, 0.04454211490264019,0.9851851851851852,0,[1.e-300]
1, 10, 3.08, 3.13, 3.1, 3.1050000000000004, 0.014317821063276344,0.7407407407407407,0.0,[1.e-300]
2, 10, 3.07, 3.13, 3.12, 3.112, 0.01886796226411324,0.7777777777777778,0.0,[1.e-300]
3, 10, 3.09, 3.19, 3.115, 3.123, 0.026476404589747468,0.8148148148148149,0.019169329073482445,[1.e-300]
4, 10, 3.06, 3.19, 3.115, 3.117, 0.04337049688440289,0.8074074074074075,0.0,[1.e-300]
5, 10, 3.09, 3.26, 3.115, 3.142, 0.05249761899362674,0.7111111111111111,0.02194357366771155,[1.e-300]
6, 10, 3.12, 3.26, 3.145, 3.1660000000000004, 0.04923413450036463,0.7259259259259259,0.0,[1.e-300]
7, 10, 3.07, 3.26, 3.125, 3.1480000000000006, 0.06241794613730893,0.7037037037037037,0.0,[1.e-300]
8, 10, 3.07, 3.26, 3.1550000000000002, 3.1670000000000003, 0.06558200972827839,0.8074074074074075,0.0,[1.e-300]
9, 10, 3.08, 3.26, 3.135, 3.156, 0.059194594347794914,0.8222222222222222,0.0,[1.e-300]
10, 10, 3.09, 3.26, 3.1799999999999997, 3.1789999999999994, 0.054671747731346594,0.7407407407407407,0.0,[1.e-300]
