num_genrations,diversity,improvement,best_fitness
0,0.9959677419354839,0,992.04
1,0.902016129032258,0.0006350550381032977,992.67
2,0.8298387096774194,0.00044324901528207215,993.11
3,0.7528225806451613,0.00021145693830495752,993.32
4,0.5366935483870967,0.0006543711996133947,993.97
5,0.344758064516129,0.0005332152881877448,994.5
6,0.379032258064516,0.0,994.5
7,0.23669354838709666,0.0,994.5
8,0.2012096774193548,0.0003318250377074318,994.83
9,0.2588709677419353,0.0,994.83
10,0.2866935483870966,0.0,994.83
