n_nodes,influence,n0,n1,n2,n3,n4,n5,n6,n7,n8,n9,n10
11,1406.6400,290,33666,2276,70148,11302,66570,16714,68716,28753,1457,4149
11,1406.6400,290,33666,2276,70148,11302,66570,16714,68716,28753,1457,4149
11,1406.6400,290,33666,2276,70148,11302,66570,16714,68716,28753,1457,4149
11,1406.6400,290,33666,2276,70148,11302,66570,16714,68716,28753,1457,4149
11,1379.5400,290,33666,2276,70148,11302,66570,16714,68716,28753,1457,4149
11,1373.0600,290,33666,2276,23914,11302,66570,16714,68716,28753,7505,4149
11,1373.0600,290,33666,2276,23914,11302,66570,16714,68716,28753,7505,4149
11,1373.0600,290,33666,2276,23914,11302,66570,16714,68716,28753,7505,4149
11,1370.3100,290,33666,2276,23914,11302,66570,16714,68716,28753,1457,4149
11,1347.7300,290,4149,66570,2276,68716,11302,28753,7505,70148,16714,33666
11,1347.7300,290,4149,66570,2276,68716,11302,28753,7505,70148,16714,33666
11,1347.7300,290,4149,66570,2276,68716,11302,28753,7505,70148,16714,33666
11,1347.7300,290,4149,66570,2276,68716,11302,28753,7505,70148,16714,33666
11,1347.7300,290,4149,66570,2276,68716,11302,28753,7505,70148,16714,33666
11,1347.7300,290,4149,66570,2276,68716,11302,28753,7505,70148,16714,33666
11,1347.7300,290,4149,66570,2276,68716,11302,28753,7505,70148,16714,33666
