generation number, individual number, fitness, candidate
0, 0, 2.04, [297, 2712]
0, 1, 2.03, [2712, 1086]
0, 2, 2.03, [3135, 2532]
0, 3, 2.02, [264, 104]
0, 4, 2.02, [76, 622]
0, 5, 2.02, [3135, 256]
0, 6, 2.01, [558, 4602]
0, 7, 2.01, [300, 76]
0, 8, 2.01, [534, 102]
0, 9, 2.0, [149, 622]
1, 0, 2.08, [277, 256]
1, 1, 2.07, [269, 2599]
1, 2, 2.06, [277, 104]
1, 3, 2.05, [3135, 1811]
1, 4, 2.05, [264, 1811]
1, 5, 2.04, [1811, 1095]
1, 6, 2.04, [297, 2712]
1, 7, 2.03, [278, 2525]
1, 8, 2.03, [2711, 622]
1, 9, 2.03, [2712, 1086]
2, 0, 2.1, [103, 1811]
2, 1, 2.08, [277, 256]
2, 2, 2.07, [277, 2597]
2, 3, 2.07, [269, 2599]
2, 4, 2.04, [220, 193]
2, 5, 2.04, [277, 2712]
2, 6, 2.04, [220, 2525]
2, 7, 2.03, [269, 335]
2, 8, 2.03, [279, 1080]
2, 9, 2.03, [277, 2711]
3, 0, 2.1, [103, 1811]
3, 1, 2.08, [277, 256]
3, 2, 2.07, [277, 874]
3, 3, 2.07, [3135, 335]
3, 4, 2.06, [103, 159]
3, 5, 2.06, [303, 1811]
3, 6, 2.04, [273, 2595]
3, 7, 2.04, [1080, 159]
3, 8, 2.03, [209, 77]
3, 9, 2.03, [283, 303]
4, 0, 2.1, [103, 1811]
4, 1, 2.08, [103, 2770]
4, 2, 2.08, [2711, 874]
4, 3, 2.08, [277, 256]
4, 4, 2.06, [277, 226]
4, 5, 2.05, [104, 209]
4, 6, 2.04, [3135, 2712]
4, 7, 2.04, [159, 2593]
4, 8, 2.03, [277, 335]
4, 9, 2.02, [300, 335]
5, 0, 2.12, [103, 2762]
5, 1, 2.1, [103, 1811]
5, 2, 2.09, [269, 226]
5, 3, 2.08, [300, 874]
5, 4, 2.08, [103, 2770]
5, 5, 2.07, [2711, 874]
5, 6, 2.07, [103, 2512]
5, 7, 2.04, [2711, 1069]
5, 8, 2.04, [2711, 2712]
5, 9, 2.03, [622, 103]
6, 0, 2.12, [103, 2762]
6, 1, 2.1, [103, 1811]
6, 2, 2.07, [269, 226]
6, 3, 2.07, [4602, 2595]
6, 4, 2.05, [263, 250]
6, 5, 2.04, [103, 273]
6, 6, 2.03, [269, 558]
6, 7, 2.03, [874, 2574]
6, 8, 2.03, [558, 296]
6, 9, 2.02, [2156, 874]
7, 0, 2.12, [103, 2762]
7, 1, 2.1, [103, 1811]
7, 2, 2.09, [103, 1811]
7, 3, 2.08, [269, 874]
7, 4, 2.06, [103, 2574]
7, 5, 2.06, [103, 2599]
7, 6, 2.06, [1088, 874]
7, 7, 2.05, [279, 1811]
7, 8, 2.04, [2764, 541]
7, 9, 2.03, [269, 240]
8, 0, 2.12, [103, 2762]
8, 1, 2.1, [103, 1811]
8, 2, 2.07, [302, 1095]
8, 3, 2.06, [296, 2512]
8, 4, 2.04, [103, 2711]
8, 5, 2.04, [302, 278]
8, 6, 2.03, [261, 226]
8, 7, 2.03, [2767, 874]
8, 8, 2.02, [2530, 219]
8, 9, 2.02, [300, 2712]
9, 0, 2.12, [103, 2762]
9, 1, 2.1, [103, 1811]
9, 2, 2.08, [295, 193]
9, 3, 2.07, [296, 874]
9, 4, 2.05, [335, 103]
9, 5, 2.05, [302, 2712]
9, 6, 2.04, [261, 1811]
9, 7, 2.04, [537, 1095]
9, 8, 2.03, [300, 2512]
9, 9, 2.03, [273, 2530]
10, 0, 2.12, [103, 2762]
10, 1, 2.1, [103, 1811]
10, 2, 2.09, [295, 2712]
10, 3, 2.07, [209, 159]
10, 4, 2.06, [103, 4849]
10, 5, 2.05, [300, 193]
10, 6, 2.05, [103, 266]
10, 7, 2.05, [103, 4849]
10, 8, 2.04, [2514, 1811]
10, 9, 2.02, [876, 2762]
11, 0, 2.12, [295, 2595]
11, 1, 2.12, [103, 2762]
11, 2, 2.1, [269, 159]
11, 3, 2.1, [269, 2712]
11, 4, 2.1, [103, 1811]
11, 5, 2.04, [537, 159]
11, 6, 2.03, [288, 303]
11, 7, 2.03, [301, 2762]
11, 8, 2.03, [2574, 2532]
11, 9, 2.02, [209, 226]
12, 0, 2.12, [295, 2595]
12, 1, 2.12, [103, 2762]
12, 2, 2.11, [295, 874]
12, 3, 2.09, [269, 2595]
12, 4, 2.07, [269, 1069]
12, 5, 2.07, [269, 2597]
12, 6, 2.06, [269, 2597]
12, 7, 2.04, [537, 159]
12, 8, 2.03, [103, 615]
12, 9, 2.02, [316, 2712]
13, 0, 2.12, [295, 2595]
13, 1, 2.12, [103, 2762]
13, 2, 2.11, [295, 874]
13, 3, 2.08, [269, 1086]
13, 4, 2.06, [269, 2595]
13, 5, 2.06, [2514, 2595]
13, 6, 2.05, [103, 2597]
13, 7, 2.03, [537, 2595]
13, 8, 2.01, [316, 2762]
13, 9, 2.01, [1095, 2532]
14, 0, 2.12, [269, 2595]
14, 1, 2.12, [295, 2595]
14, 2, 2.12, [103, 2762]
14, 3, 2.1, [295, 1087]
14, 4, 2.09, [3716, 2770]
14, 5, 2.07, [2764, 277]
14, 6, 2.07, [269, 874]
14, 7, 2.05, [3716, 874]
14, 8, 2.04, [537, 2595]
14, 9, 2.04, [250, 2762]
15, 0, 2.12, [269, 2595]
15, 1, 2.12, [295, 2595]
15, 2, 2.1, [269, 874]
15, 3, 2.07, [103, 874]
15, 4, 2.07, [295, 2711]
15, 5, 2.05, [103, 2597]
15, 6, 2.05, [103, 2597]
15, 7, 2.04, [537, 3155]
15, 8, 2.04, [279, 193]
15, 9, 2.02, [3716, 4849]
16, 0, 2.12, [269, 2595]
16, 1, 2.12, [295, 2595]
16, 2, 2.11, [295, 2599]
16, 3, 2.03, [343, 874]
16, 4, 2.02, [240, 2514]
16, 5, 2.02, [1088, 2595]
16, 6, 2.02, [2156, 2595]
16, 7, 2.02, [193, 2597]
16, 8, 2.02, [609, 291]
16, 9, 2.01, [3135, 4849]
17, 0, 2.12, [269, 2595]
17, 1, 2.12, [295, 2595]
17, 2, 2.09, [295, 2762]
17, 3, 2.05, [269, 1080]
17, 4, 2.04, [266, 2599]
17, 5, 2.03, [279, 2597]
17, 6, 2.02, [1087, 2532]
17, 7, 2.02, [3716, 2595]
17, 8, 2.02, [4849, 2597]
17, 9, 2.02, [240, 2595]
18, 0, 2.12, [269, 2595]
18, 1, 2.12, [295, 2595]
18, 2, 2.09, [295, 259]
18, 3, 2.07, [300, 2597]
18, 4, 2.05, [2599, 76]
18, 5, 2.04, [279, 2595]
18, 6, 2.03, [3716, 2950]
18, 7, 2.03, [283, 1080]
18, 8, 2.03, [265, 256]
18, 9, 2.03, [2950, 278]
19, 0, 2.12, [269, 2595]
19, 1, 2.12, [295, 2595]
19, 2, 2.09, [269, 2599]
19, 3, 2.07, [269, 103]
19, 4, 2.06, [277, 2525]
19, 5, 2.05, [269, 261]
19, 6, 2.04, [1811, 1087]
19, 7, 2.04, [2530, 2762]
19, 8, 2.03, [297, 76]
19, 9, 2.03, [297, 2065]
20, 0, 2.12, [269, 2595]
20, 1, 2.12, [295, 2595]
20, 2, 2.1, [295, 2597]
20, 3, 2.09, [295, 2599]
20, 4, 2.08, [269, 265]
20, 5, 2.06, [534, 250]
20, 6, 2.05, [277, 2596]
20, 7, 2.03, [191, 303]
20, 8, 2.01, [285, 149]
20, 9, 2.01, [1069, 2596]
21, 0, 2.13, [295, 280]
21, 1, 2.12, [269, 2595]
21, 2, 2.12, [295, 2595]
21, 3, 2.09, [295, 2597]
21, 4, 2.09, [269, 77]
21, 5, 2.04, [283, 2595]
21, 6, 2.04, [537, 2515]
21, 7, 2.03, [316, 2514]
21, 8, 2.03, [343, 2599]
21, 9, 2.03, [102, 615]
22, 0, 2.13, [295, 280]
22, 1, 2.12, [269, 2595]
22, 2, 2.07, [2530, 1811]
22, 3, 2.06, [2513, 2595]
22, 4, 2.06, [316, 103]
22, 5, 2.06, [269, 98]
22, 6, 2.06, [295, 2595]
22, 7, 2.06, [269, 278]
22, 8, 2.05, [269, 278]
22, 9, 2.04, [2514, 2595]
23, 0, 2.13, [295, 280]
23, 1, 2.12, [269, 2595]
23, 2, 2.1, [295, 280]
23, 3, 2.1, [295, 2711]
23, 4, 2.07, [4602, 874]
23, 5, 2.07, [2595, 277]
23, 6, 2.05, [537, 278]
23, 7, 2.05, [295, 98]
23, 8, 2.04, [4602, 275]
23, 9, 2.02, [335, 343]
24, 0, 2.17, [295, 2599]
24, 1, 2.13, [295, 280]
24, 2, 2.12, [295, 2599]
24, 3, 2.12, [269, 2595]
24, 4, 2.07, [2530, 2595]
24, 5, 2.07, [269, 278]
24, 6, 2.05, [2530, 2595]
24, 7, 2.05, [269, 278]
24, 8, 2.05, [295, 278]
24, 9, 2.03, [2514, 1095]
25, 0, 2.17, [295, 2599]
25, 1, 2.13, [295, 280]
25, 2, 2.08, [269, 2595]
25, 3, 2.07, [295, 4849]
25, 4, 2.07, [295, 380]
25, 5, 2.06, [283, 2595]
25, 6, 2.06, [269, 2595]
25, 7, 2.06, [263, 2595]
25, 8, 2.04, [269, 2597]
25, 9, 2.03, [149, 2593]
26, 0, 2.17, [295, 2599]
26, 1, 2.13, [295, 280]
26, 2, 2.1, [226, 2514]
26, 3, 2.08, [2513, 280]
26, 4, 2.06, [2596, 2597]
26, 5, 2.06, [2525, 2599]
26, 6, 2.04, [316, 2595]
26, 7, 2.02, [2515, 280]
26, 8, 2.01, [259, 280]
26, 9, 2.01, [260, 259]
27, 0, 2.17, [295, 2599]
27, 1, 2.13, [295, 280]
27, 2, 2.12, [1811, 303]
27, 3, 2.07, [2593, 2765]
27, 4, 2.05, [2513, 278]
27, 5, 2.05, [622, 259]
27, 6, 2.04, [874, 2532]
27, 7, 2.03, [343, 3155]
27, 8, 2.03, [615, 193]
27, 9, 2.01, [2770, 193]
28, 0, 2.17, [295, 2599]
28, 1, 2.13, [295, 2595]
28, 2, 2.13, [295, 280]
28, 3, 2.07, [1811, 2595]
28, 4, 2.06, [295, 259]
28, 5, 2.04, [534, 2597]
28, 6, 2.03, [250, 303]
28, 7, 2.03, [343, 278]
28, 8, 2.02, [616, 615]
28, 9, 2.02, [2712, 2599]
29, 0, 2.17, [295, 2597]
29, 1, 2.17, [295, 2599]
29, 2, 2.13, [295, 2595]
29, 3, 2.08, [277, 2597]
29, 4, 2.07, [2530, 280]
29, 5, 2.04, [295, 2525]
29, 6, 2.04, [2513, 266]
29, 7, 2.02, [2530, 2764]
29, 8, 2.02, [2530, 2599]
29, 9, 2.01, [4849, 303]
30, 0, 2.17, [295, 2597]
30, 1, 2.17, [295, 2599]
30, 2, 2.1, [295, 615]
30, 3, 2.1, [295, 2595]
30, 4, 2.09, [220, 2593]
30, 5, 2.08, [279, 1811]
30, 6, 2.05, [98, 2597]
30, 7, 2.02, [2514, 149]
30, 8, 2.02, [316, 2599]
30, 9, 2.02, [609, 264]
31, 0, 2.17, [295, 2597]
31, 1, 2.17, [295, 2599]
31, 2, 2.13, [295, 77]
31, 3, 2.09, [274, 2595]
31, 4, 2.06, [285, 279]
31, 5, 2.05, [300, 1080]
31, 6, 2.04, [2711, 2595]
31, 7, 2.04, [2595, 622]
31, 8, 2.03, [541, 256]
31, 9, 2.03, [279, 2599]
32, 0, 2.17, [295, 2597]
32, 1, 2.17, [295, 2599]
32, 2, 2.1, [295, 2596]
32, 3, 2.08, [295, 2595]
32, 4, 2.08, [2711, 285]
32, 5, 2.06, [77, 3716]
32, 6, 2.04, [316, 2599]
32, 7, 2.03, [2512, 4602]
32, 8, 2.02, [2513, 615]
32, 9, 2.02, [300, 256]
33, 0, 2.17, [295, 2597]
33, 1, 2.17, [295, 2599]
33, 2, 2.11, [279, 2595]
33, 3, 2.09, [295, 103]
33, 4, 2.08, [277, 2596]
33, 5, 2.06, [2711, 77]
33, 6, 2.06, [220, 279]
33, 7, 2.03, [209, 2599]
33, 8, 2.03, [2513, 226]
33, 9, 2.02, [1069, 3716]
34, 0, 2.17, [295, 2597]
34, 1, 2.17, [295, 2599]
34, 2, 2.11, [295, 2595]
34, 3, 2.06, [277, 77]
34, 4, 2.05, [2514, 2596]
34, 5, 2.05, [77, 2599]
34, 6, 2.05, [2514, 2597]
34, 7, 2.05, [285, 193]
34, 8, 2.04, [191, 2770]
34, 9, 2.02, [193, 261]
35, 0, 2.17, [295, 2597]
35, 1, 2.17, [295, 2599]
35, 2, 2.13, [295, 2764]
35, 3, 2.06, [876, 2599]
35, 4, 2.04, [1095, 2599]
35, 5, 2.04, [209, 2762]
35, 6, 2.04, [2515, 2156]
35, 7, 2.04, [277, 2595]
35, 8, 2.04, [343, 274]
35, 9, 2.02, [2527, 4849]
36, 0, 2.17, [295, 2597]
36, 1, 2.17, [295, 2599]
36, 2, 2.1, [295, 2597]
36, 3, 2.09, [295, 2762]
36, 4, 2.07, [295, 2593]
36, 5, 2.07, [269, 220]
36, 6, 2.05, [300, 159]
36, 7, 2.03, [2514, 2597]
36, 8, 2.03, [209, 77]
36, 9, 2.02, [191, 2599]
37, 0, 2.17, [295, 2597]
37, 1, 2.17, [295, 2599]
37, 2, 2.07, [259, 77]
37, 3, 2.07, [295, 2765]
37, 4, 2.06, [273, 295]
37, 5, 2.06, [250, 220]
37, 6, 2.05, [209, 296]
37, 7, 2.05, [288, 2599]
37, 8, 2.02, [193, 76]
37, 9, 2.02, [220, 260]
38, 0, 2.17, [295, 2597]
38, 1, 2.17, [295, 2599]
38, 2, 2.08, [295, 98]
38, 3, 2.07, [209, 77]
38, 4, 2.06, [154, 269]
38, 5, 2.04, [209, 1069]
38, 6, 2.04, [259, 159]
38, 7, 2.03, [297, 159]
38, 8, 2.02, [2599, 297]
38, 9, 2.02, [2599, 278]
39, 0, 2.17, [295, 2597]
39, 1, 2.17, [295, 2599]
39, 2, 2.13, [295, 77]
39, 3, 2.11, [295, 1088]
39, 4, 2.08, [269, 1088]
39, 5, 2.05, [256, 4602]
39, 6, 2.04, [2513, 77]
39, 7, 2.01, [278, 316]
39, 8, 2.01, [98, 2595]
39, 9, 2.01, [222, 3334]
40, 0, 2.17, [295, 2597]
40, 1, 2.17, [295, 2599]
40, 2, 2.07, [295, 256]
40, 3, 2.07, [300, 1811]
40, 4, 2.06, [295, 2597]
40, 5, 2.04, [302, 2599]
40, 6, 2.03, [876, 76]
40, 7, 2.03, [343, 2597]
40, 8, 2.02, [2596, 2599]
40, 9, 2.02, [159, 2599]
41, 0, 2.17, [295, 2597]
41, 1, 2.17, [295, 2599]
41, 2, 2.12, [295, 2712]
41, 3, 2.09, [295, 209]
41, 4, 2.08, [300, 77]
41, 5, 2.05, [300, 2595]
41, 6, 2.04, [2513, 1811]
41, 7, 2.03, [609, 2597]
41, 8, 2.03, [269, 316]
41, 9, 2.02, [4602, 259]
42, 0, 2.17, [295, 2597]
42, 1, 2.17, [295, 2599]
42, 2, 2.16, [295, 159]
42, 3, 2.07, [295, 2597]
42, 4, 2.06, [2599, 2512]
42, 5, 2.03, [283, 250]
42, 6, 2.03, [91, 288]
42, 7, 2.03, [3334, 1811]
42, 8, 2.02, [3716, 2527]
42, 9, 2.01, [250, 2597]
43, 0, 2.17, [295, 2597]
43, 1, 2.17, [295, 2599]
43, 2, 2.08, [277, 278]
43, 3, 2.08, [295, 1095]
43, 4, 2.07, [2599, 295]
43, 5, 2.05, [1086, 159]
43, 6, 2.05, [316, 2599]
43, 7, 2.01, [103, 2767]
43, 8, 2.01, [266, 250]
43, 9, 2.01, [149, 91]
44, 0, 2.17, [295, 2597]
44, 1, 2.17, [295, 2599]
44, 2, 2.1, [295, 279]
44, 3, 2.08, [295, 2597]
44, 4, 2.07, [295, 77]
44, 5, 2.06, [277, 2595]
44, 6, 2.03, [2530, 278]
44, 7, 2.03, [2596, 3155]
44, 8, 2.02, [4602, 3334]
44, 9, 2.02, [316, 250]
45, 0, 2.17, [295, 2597]
45, 1, 2.17, [295, 2599]
45, 2, 2.14, [295, 1095]
45, 3, 2.07, [300, 541]
45, 4, 2.06, [269, 2527]
45, 5, 2.05, [2512, 2599]
45, 6, 2.04, [77, 2593]
45, 7, 2.04, [302, 534]
45, 8, 2.03, [2767, 615]
45, 9, 2.01, [244, 77]
46, 0, 2.17, [295, 2597]
46, 1, 2.17, [295, 2599]
46, 2, 2.11, [2595, 274]
46, 3, 2.08, [295, 558]
46, 4, 2.07, [295, 2514]
46, 5, 2.05, [2513, 3155]
46, 6, 2.04, [2770, 277]
46, 7, 2.04, [263, 534]
46, 8, 2.04, [3716, 2597]
46, 9, 2.03, [537, 2711]
47, 0, 2.17, [295, 2513]
47, 1, 2.17, [295, 2597]
47, 2, 2.17, [295, 2599]
47, 3, 2.07, [2595, 2597]
47, 4, 2.07, [615, 2597]
47, 5, 2.06, [295, 275]
47, 6, 2.04, [2530, 2597]
47, 7, 2.04, [2599, 2597]
47, 8, 2.03, [2514, 274]
47, 9, 2.02, [226, 876]
48, 0, 2.17, [295, 2513]
48, 1, 2.17, [295, 2597]
48, 2, 2.11, [295, 2512]
48, 3, 2.03, [2515, 4849]
48, 4, 2.03, [2711, 154]
48, 5, 2.03, [2767, 335]
48, 6, 2.03, [256, 159]
48, 7, 2.02, [2514, 2597]
48, 8, 2.01, [1086, 2527]
48, 9, 2.0, [2156, 103]
49, 0, 2.17, [295, 2513]
49, 1, 2.17, [295, 2597]
49, 2, 2.09, [256, 295]
49, 3, 2.07, [295, 193]
49, 4, 2.05, [226, 81]
49, 5, 2.04, [2513, 159]
49, 6, 2.03, [316, 2513]
49, 7, 2.01, [2525, 2513]
49, 8, 2.01, [1082, 2711]
49, 9, 2.0, [1080, 265]
50, 0, 2.17, [295, 2512]
50, 1, 2.17, [295, 2513]
50, 2, 2.17, [295, 2597]
50, 3, 2.11, [295, 2512]
50, 4, 2.08, [295, 2512]
50, 5, 2.06, [1087, 2770]
50, 6, 2.05, [343, 615]
50, 7, 2.04, [2514, 2597]
50, 8, 2.04, [343, 2512]
50, 9, 2.04, [259, 283]
