generation number, pop_size, worst, best, median, avg, std, diversity, improvement, number_of_selections
0, 10, 3.03, 3.18, 3.065, 3.082, 0.046000000000000055,0.9481481481481482,0,[1.e-300]
1, 10, 3.11, 3.21, 3.14, 3.1500000000000004, 0.033166247903554026,0.7555555555555555,0.009433962264150882,[1.e-300]
2, 10, 3.11, 3.21, 3.15, 3.1550000000000002, 0.03293933818400125,0.8148148148148149,0.0,[1.e-300]
3, 10, 3.11, 3.21, 3.1550000000000002, 3.1599999999999997, 0.03435112807463534,0.6814814814814815,0.0,[1.e-300]
4, 10, 3.11, 3.21, 3.13, 3.1409999999999996, 0.03389690251335663,0.7037037037037037,0.0,[1.e-300]
5, 10, 3.08, 3.21, 3.115, 3.1340000000000003, 0.04630334761116093,0.7111111111111111,0.0,[1.e-300]
6, 10, 3.08, 3.21, 3.12, 3.1380000000000003, 0.042848570571257134,0.7629629629629631,0.0,[1.e-300]
7, 10, 3.07, 3.21, 3.125, 3.134, 0.04586937976471896,0.7555555555555555,0.0,[1.e-300]
8, 10, 3.09, 3.21, 3.115, 3.133, 0.04124318125460261,0.711111111111111,0.0,[1.e-300]
9, 10, 3.07, 3.21, 3.125, 3.1310000000000002, 0.050685303589896785,0.9037037037037037,0.0,[1.e-300]
10, 10, 3.05, 3.21, 3.145, 3.132, 0.0572363520850168,0.7851851851851852,0.0,[1.e-300]
