generation number, individual number, fitness, candidate
0, 0, 13.75, [277, 300]
0, 1, 8.8, [226, 874]
0, 2, 8.0, [222, 98]
0, 3, 7.84, [302, 261]
0, 4, 7.73, [2767, 2595]
0, 5, 6.59, [159, 2527]
0, 6, 6.15, [291, 558]
0, 7, 5.49, [2532, 1082]
0, 8, 4.96, [4602, 222]
0, 9, 4.0, [343, 222]
1, 0, 13.75, [277, 300]
1, 1, 10.19, [269, 244]
1, 2, 9.35, [259, 264]
1, 3, 9.26, [226, 91]
1, 4, 8.8, [226, 874]
1, 5, 8.28, [303, 98]
1, 6, 7.21, [2711, 537]
1, 7, 6.62, [222, 264]
1, 8, 5.25, [876, 2525]
1, 9, 4.76, [222, 2762]
2, 0, 21.57, [277, 295]
2, 1, 20.57, [295, 300]
2, 2, 13.75, [277, 300]
2, 3, 11.67, [220, 300]
2, 4, 10.19, [269, 244]
2, 5, 9.38, [259, 264]
2, 6, 8.79, [226, 1082]
2, 7, 8.62, [288, 874]
2, 8, 6.98, [2065, 2593]
2, 9, 4.63, [264, 2765]
2, 10, 4.1, [219, 280]
3, 0, 21.57, [277, 295]
3, 1, 20.66, [295, 300]
3, 2, 20.57, [295, 300]
3, 3, 18.65, [2512, 295]
3, 4, 16.06, [2156, 295]
3, 5, 10.95, [250, 300]
3, 6, 9.97, [259, 2530]
3, 7, 7.85, [300, 264]
3, 8, 7.44, [300, 244]
3, 9, 6.99, [616, 259]
3, 10, 6.0, [220, 2532]
3, 11, 5.14, [4849, 2950]
4, 0, 21.57, [277, 295]
4, 1, 20.66, [295, 300]
4, 2, 19.26, [295, 209]
4, 3, 18.16, [296, 295]
4, 4, 15.25, [250, 269]
4, 5, 14.55, [277, 302]
4, 6, 11.87, [277, 265]
4, 7, 9.01, [103, 335]
4, 8, 7.78, [2712, 2513]
4, 9, 7.64, [343, 300]
4, 10, 6.48, [300, 301]
4, 11, 4.72, [102, 256]
5, 0, 21.57, [277, 295]
5, 1, 20.66, [295, 300]
5, 2, 20.35, [220, 295]
5, 3, 14.68, [250, 269]
5, 4, 13.4, [2515, 269]
5, 5, 13.27, [277, 256]
5, 6, 13.09, [277, 609]
5, 7, 7.88, [278, 259]
5, 8, 7.54, [256, 209]
5, 9, 7.32, [209, 266]
5, 10, 6.21, [876, 274]
5, 11, 5.92, [558, 2515]
6, 0, 21.57, [277, 295]
6, 1, 20.66, [295, 300]
6, 2, 20.17, [295, 302]
6, 3, 19.32, [209, 295]
6, 4, 18.48, [295, 2767]
6, 5, 14.81, [240, 295]
6, 6, 13.36, [2514, 269]
6, 7, 8.08, [154, 2514]
6, 8, 7.81, [220, 285]
6, 9, 7.3, [250, 264]
6, 10, 5.92, [1087, 297]
6, 11, 5.87, [265, 264]
6, 12, 5.17, [3716, 534]
7, 0, 21.57, [277, 295]
7, 1, 21.37, [1811, 295]
7, 2, 20.66, [295, 300]
7, 3, 18.22, [222, 295]
7, 4, 13.17, [277, 335]
7, 5, 12.07, [1082, 77]
7, 6, 11.62, [277, 301]
7, 7, 9.09, [303, 300]
7, 8, 9.02, [1080, 302]
7, 9, 8.27, [2156, 300]
7, 10, 7.99, [316, 259]
7, 11, 7.49, [2514, 2764]
7, 12, 5.64, [4849, 2596]
7, 13, 5.0, [209, 220]
8, 0, 21.57, [277, 295]
8, 1, 21.37, [1811, 295]
8, 2, 21.28, [77, 295]
8, 3, 20.15, [2711, 295]
8, 4, 17.3, [541, 295]
8, 5, 15.63, [277, 103]
8, 6, 13.52, [277, 2514]
8, 7, 10.11, [2595, 98]
8, 8, 9.86, [1811, 2764]
8, 9, 9.32, [1811, 303]
8, 10, 9.25, [2525, 300]
8, 11, 8.71, [1082, 2514]
8, 12, 7.12, [1811, 226]
8, 13, 3.83, [316, 335]
8, 14, 3.8, [219, 296]
9, 0, 21.57, [277, 295]
9, 1, 21.37, [1811, 295]
9, 2, 17.57, [2764, 295]
9, 3, 13.29, [1811, 103]
9, 4, 12.92, [269, 2530]
9, 5, 11.31, [1811, 2513]
9, 6, 10.22, [2950, 259]
9, 7, 8.65, [98, 2599]
9, 8, 7.64, [2525, 1080]
9, 9, 7.28, [2514, 2764]
9, 10, 7.16, [1811, 316]
9, 11, 6.92, [3135, 91]
9, 12, 6.23, [2764, 104]
9, 13, 5.56, [264, 296]
9, 14, 5.44, [2065, 4602]
9, 15, 4.39, [266, 219]
10, 0, 21.57, [277, 295]
10, 1, 21.37, [1811, 295]
10, 2, 19.13, [91, 295]
10, 3, 18.3, [2767, 295]
10, 4, 18.18, [191, 295]
10, 5, 14.62, [277, 2597]
10, 6, 14.36, [269, 81]
10, 7, 12.53, [77, 1080]
10, 8, 12.52, [269, 283]
10, 9, 12.09, [2711, 259]
10, 10, 9.82, [1811, 81]
10, 11, 9.26, [2711, 615]
10, 12, 8.8, [2065, 2595]
10, 13, 8.49, [191, 103]
10, 14, 7.0, [2525, 2530]
10, 15, 5.43, [1069, 2530]
10, 16, 4.84, [316, 81]
