n_nodes,influence,n0,n1,n2,n3,n4,n5,n6,n7,n8,n9,n10,n11,n12,n13,n14,n15,n16,n17,n18,n19,n20,n21,n22,n23,n24,n25,n26,n27,n28,n29
30,281.9500,2565,5770,782,2688,1172,789,5524,3352,2713,27,28,2972,4899,5796,5800,5166,2102,2237,1470,2240,1352,330,2891,5079,600,988,1772,2290,626,766
30,281.9500,2565,5770,782,2688,1172,789,5524,3352,2713,27,28,2972,4899,5796,5800,5166,2102,2237,1470,2240,1352,330,2891,5079,600,988,1772,2290,626,766
30,281.9500,2565,5770,782,2688,1172,789,5524,3352,2713,27,28,2972,4899,5796,5800,5166,2102,2237,1470,2240,1352,330,2891,5079,600,988,1772,2290,626,766
30,281.9500,2565,5770,782,2688,1172,789,5524,3352,2713,27,28,2972,4899,5796,5800,5166,2102,2237,1470,2240,1352,330,2891,5079,600,988,1772,2290,626,766
30,281.9500,2565,5770,782,2688,1172,789,5524,3352,2713,27,28,2972,4899,5796,5800,5166,2102,2237,1470,2240,1352,330,2891,5079,600,988,1772,2290,626,766
30,281.9500,2565,5770,782,2688,1172,789,5524,3352,2713,27,28,2972,4899,5796,5800,5166,2102,2237,1470,2240,1352,330,2891,5079,600,988,1772,2290,626,766
30,281.9500,2565,5770,782,2688,1172,789,5524,3352,2713,27,28,2972,4899,5796,5800,5166,2102,2237,1470,2240,1352,330,2891,5079,600,988,1772,2290,626,766
30,281.9500,2565,5770,782,2688,1172,789,5524,3352,2713,27,28,2972,4899,5796,5800,5166,2102,2237,1470,2240,1352,330,2891,5079,600,988,1772,2290,626,766
30,281.9500,2565,5770,782,2688,1172,789,5524,3352,2713,27,28,2972,4899,5796,5800,5166,2102,2237,1470,2240,1352,330,2891,5079,600,988,1772,2290,626,766
30,281.9500,2565,5770,782,2688,1172,789,5524,3352,2713,27,28,2972,4899,5796,5800,5166,2102,2237,1470,2240,1352,330,2891,5079,600,988,1772,2290,626,766
30,281.9500,2565,5770,782,2688,1172,789,5524,3352,2713,27,28,2972,4899,5796,5800,5166,2102,2237,1470,2240,1352,330,2891,5079,600,988,1772,2290,626,766
30,281.9500,2565,5770,782,2688,1172,789,5524,3352,2713,27,28,2972,4899,5796,5800,5166,2102,2237,1470,2240,1352,330,2891,5079,600,988,1772,2290,626,766
30,281.9500,2565,5770,782,2688,1172,789,5524,3352,2713,27,28,2972,4899,5796,5800,5166,2102,2237,1470,2240,1352,330,2891,5079,600,988,1772,2290,626,766
30,281.9500,2565,5770,782,2688,1172,789,5524,3352,2713,27,28,2972,4899,5796,5800,5166,2102,2237,1470,2240,1352,330,2891,5079,600,988,1772,2290,626,766
30,281.9500,2565,5770,782,2688,1172,789,5524,3352,2713,27,28,2972,4899,5796,5800,5166,2102,2237,1470,2240,1352,330,2891,5079,600,988,1772,2290,626,766
30,281.9500,2565,5770,782,2688,1172,789,5524,3352,2713,27,28,2972,4899,5796,5800,5166,2102,2237,1470,2240,1352,330,2891,5079,600,988,1772,2290,626,766
30,281.9500,2565,5770,782,2688,1172,789,5524,3352,2713,27,28,2972,4899,5796,5800,5166,2102,2237,1470,2240,1352,330,2891,5079,600,988,1772,2290,626,766
30,281.9500,2565,5770,782,2688,1172,789,5524,3352,2713,27,28,2972,4899,5796,5800,5166,2102,2237,1470,2240,1352,330,2891,5079,600,988,1772,2290,626,766
30,281.9500,2565,5770,782,2688,1172,789,5524,3352,2713,27,28,2972,4899,5796,5800,5166,2102,2237,1470,2240,1352,330,2891,5079,600,988,1772,2290,626,766
30,281.9500,2565,5770,782,2688,1172,789,5524,3352,2713,27,28,2972,4899,5796,5800,5166,2102,2237,1470,2240,1352,330,2891,5079,600,988,1772,2290,626,766
30,281.9500,2565,5770,782,2688,1172,789,5524,3352,2713,27,28,2972,4899,5796,5800,5166,2102,2237,1470,2240,1352,330,2891,5079,600,988,1772,2290,626,766
30,281.9500,2565,5770,782,2688,1172,789,5524,3352,2713,27,28,2972,4899,5796,5800,5166,2102,2237,1470,2240,1352,330,2891,5079,600,988,1772,2290,626,766
30,281.9500,2565,5770,782,2688,1172,789,5524,3352,2713,27,28,2972,4899,5796,5800,5166,2102,2237,1470,2240,1352,330,2891,5079,600,988,1772,2290,626,766
30,281.9500,2565,5770,782,2688,1172,789,5524,3352,2713,27,28,2972,4899,5796,5800,5166,2102,2237,1470,2240,1352,330,2891,5079,600,988,1772,2290,626,766
30,281.9500,2565,5770,782,2688,1172,789,5524,3352,2713,27,28,2972,4899,5796,5800,5166,2102,2237,1470,2240,1352,330,2891,5079,600,988,1772,2290,626,766
30,281.9500,2565,5770,782,2688,1172,789,5524,3352,2713,27,28,2972,4899,5796,5800,5166,2102,2237,1470,2240,1352,330,2891,5079,600,988,1772,2290,626,766
30,281.9500,2565,5770,782,2688,1172,789,5524,3352,2713,27,28,2972,4899,5796,5800,5166,2102,2237,1470,2240,1352,330,2891,5079,600,988,1772,2290,626,766
30,281.9500,2565,5770,782,2688,1172,789,5524,3352,2713,27,28,2972,4899,5796,5800,5166,2102,2237,1470,2240,1352,330,2891,5079,600,988,1772,2290,626,766
30,281.9500,2565,5770,782,2688,1172,789,5524,3352,2713,27,28,2972,4899,5796,5800,5166,2102,2237,1470,2240,1352,330,2891,5079,600,988,1772,2290,626,766
30,281.9500,2565,5770,782,2688,1172,789,5524,3352,2713,27,28,2972,4899,5796,5800,5166,2102,2237,1470,2240,1352,330,2891,5079,600,988,1772,2290,626,766
30,281.9500,2565,5770,782,2688,1172,789,5524,3352,2713,27,28,2972,4899,5796,5800,5166,2102,2237,1470,2240,1352,330,2891,5079,600,988,1772,2290,626,766
30,281.9500,2565,5770,782,2688,1172,789,5524,3352,2713,27,28,2972,4899,5796,5800,5166,2102,2237,1470,2240,1352,330,2891,5079,600,988,1772,2290,626,766
30,281.9500,2565,5770,782,2688,1172,789,5524,3352,2713,27,28,2972,4899,5796,5800,5166,2102,2237,1470,2240,1352,330,2891,5079,600,988,1772,2290,626,766
30,281.9500,2565,5770,782,2688,1172,789,5524,3352,2713,27,28,2972,4899,5796,5800,5166,2102,2237,1470,2240,1352,330,2891,5079,600,988,1772,2290,626,766
30,281.9500,2565,5770,782,2688,1172,789,5524,3352,2713,27,28,2972,4899,5796,5800,5166,2102,2237,1470,2240,1352,330,2891,5079,600,988,1772,2290,626,766
30,281.9500,2565,5770,782,2688,1172,789,5524,3352,2713,27,28,2972,4899,5796,5800,5166,2102,2237,1470,2240,1352,330,2891,5079,600,988,1772,2290,626,766
30,281.9500,2565,5770,782,2688,1172,789,5524,3352,2713,27,28,2972,4899,5796,5800,5166,2102,2237,1470,2240,1352,330,2891,5079,600,988,1772,2290,626,766
30,281.9500,2565,5770,782,2688,1172,789,5524,3352,2713,27,28,2972,4899,5796,5800,5166,2102,2237,1470,2240,1352,330,2891,5079,600,988,1772,2290,626,766
30,281.9500,2565,5770,782,2688,1172,789,5524,3352,2713,27,28,2972,4899,5796,5800,5166,2102,2237,1470,2240,1352,330,2891,5079,600,988,1772,2290,626,766
30,281.9500,2565,5770,782,2688,1172,789,5524,3352,2713,27,28,2972,4899,5796,5800,5166,2102,2237,1470,2240,1352,330,2891,5079,600,988,1772,2290,626,766
30,281.9500,2565,5770,782,2688,1172,789,5524,3352,2713,27,28,2972,4899,5796,5800,5166,2102,2237,1470,2240,1352,330,2891,5079,600,988,1772,2290,626,766
30,281.9500,2565,5770,782,2688,1172,789,5524,3352,2713,27,28,2972,4899,5796,5800,5166,2102,2237,1470,2240,1352,330,2891,5079,600,988,1772,2290,626,766
30,281.9500,2565,5770,782,2688,1172,789,5524,3352,2713,27,28,2972,4899,5796,5800,5166,2102,2237,1470,2240,1352,330,2891,5079,600,988,1772,2290,626,766
30,281.9500,2565,5770,782,2688,1172,789,5524,3352,2713,27,28,2972,4899,5796,5800,5166,2102,2237,1470,2240,1352,330,2891,5079,600,988,1772,2290,626,766
30,281.9500,2565,5770,782,2688,1172,789,5524,3352,2713,27,28,2972,4899,5796,5800,5166,2102,2237,1470,2240,1352,330,2891,5079,600,988,1772,2290,626,766
30,281.9500,2565,5770,782,2688,1172,789,5524,3352,2713,27,28,2972,4899,5796,5800,5166,2102,2237,1470,2240,1352,330,2891,5079,600,988,1772,2290,626,766
30,281.9500,2565,5770,782,2688,1172,789,5524,3352,2713,27,28,2972,4899,5796,5800,5166,2102,2237,1470,2240,1352,330,2891,5079,600,988,1772,2290,626,766
30,281.9500,2565,5770,782,2688,1172,789,5524,3352,2713,27,28,2972,4899,5796,5800,5166,2102,2237,1470,2240,1352,330,2891,5079,600,988,1772,2290,626,766
30,279.9500,2565,5770,782,2688,1172,789,5524,3352,2713,27,28,2972,4899,5796,5800,5166,2102,2237,1470,2240,1352,330,2891,5079,600,988,1772,2290,626,766
30,278.8100,2565,5770,782,2688,1172,789,5524,3352,2713,27,28,2972,4899,5796,5800,5166,2102,2237,1470,2240,1352,330,2891,5079,600,988,1772,2290,626,766
30,277.4800,2565,5770,782,2688,1172,789,5524,3352,2713,27,28,2972,4899,5796,5800,5166,2102,2237,1470,2240,1352,330,2891,5079,600,988,1772,2290,626,766
30,277.0000,2565,5770,782,2688,1172,789,5524,3352,2713,27,28,2972,4899,5796,5800,5166,2102,2237,1470,2240,1352,330,2891,5079,600,988,1772,2290,626,766
30,276.5700,2565,5770,782,2688,1172,789,5524,3352,2713,27,28,2972,4899,5796,5800,5166,2102,2237,1470,2240,1352,330,2891,5079,600,988,1772,2290,626,766
30,276.4100,2565,5770,782,2688,1172,789,5524,3352,2713,27,28,2972,4899,5796,5800,5166,2102,2237,1470,2240,1352,330,2891,5079,600,988,1772,2290,626,766
30,276.2400,2565,5770,782,2688,1172,789,5524,3352,2713,27,28,2972,4899,5796,5800,5166,2102,2237,1470,2240,1352,330,2891,5079,600,988,1772,2290,626,766
30,276.1100,2565,5770,782,2688,1172,789,5524,3352,2713,27,28,2972,4899,5796,5800,5166,2102,2237,1470,2240,1352,330,2891,5079,600,988,1772,2290,626,766
30,276.0600,2565,5770,782,2688,1172,789,5524,3352,2713,27,28,2972,4899,5796,5800,5166,2102,2237,1470,2240,1352,330,2891,5079,600,988,1772,2290,626,766
30,275.9500,2565,5770,782,2688,1172,789,5524,3352,2713,27,28,2972,4899,5796,5800,5166,2102,2237,1470,2240,1352,330,2891,5079,600,988,1772,2290,626,766
30,275.7900,2565,5770,782,2688,1172,789,5524,3352,2713,27,28,2972,4899,5796,5800,5166,2102,2237,1470,2240,1352,330,2891,5079,600,988,1772,2290,626,766
30,275.5700,2565,5770,782,2688,1172,789,5524,3352,2713,27,28,2972,4899,5796,5800,5166,2102,2237,1470,2240,1352,330,2891,5079,600,988,1772,2290,626,766
30,275.5300,2565,5770,782,2688,1172,789,5524,3352,2713,27,28,2972,4899,5796,5800,5166,2102,2237,1470,2240,1352,330,2891,5079,600,988,1772,2290,626,766
30,275.5100,2565,5770,782,2688,1172,789,5524,3352,2713,27,28,2972,4899,5796,5800,5166,2102,2237,1470,2240,1352,330,2891,5079,600,988,1772,2290,626,766
30,275.4300,2565,5770,782,2688,1172,789,5524,3352,2713,27,28,2972,4899,5796,5800,5166,2102,2237,1470,2240,1352,330,2891,5079,600,988,1772,2290,626,766
30,275.2100,2565,5770,782,2688,1172,789,5524,3352,2713,27,28,2972,4899,5796,5800,5166,2102,2237,1470,2240,1352,330,2891,5079,600,988,1772,2290,626,766
30,275.1700,2565,5770,782,2688,1172,789,5524,3352,2713,27,28,2972,4899,5796,5800,5166,2102,2237,1470,2240,1352,330,2891,5079,600,988,1772,2290,626,766
30,274.7100,2565,5770,782,2688,1172,789,5524,3352,2713,27,28,2972,4899,5796,5800,5166,2102,2237,1470,2240,1352,330,2891,5079,600,988,1772,2290,626,766
30,274.4800,2565,5770,782,2688,1172,789,5524,3352,2713,27,28,2972,4899,5796,5800,5166,2102,2237,1470,2240,1352,330,2891,5079,600,988,1772,2290,626,766
30,274.1900,2565,5770,782,2688,1172,789,5524,3352,2713,27,28,2972,4899,5796,5800,5166,2102,2237,1470,2240,1352,330,2891,5079,600,988,1772,2290,626,766
30,273.8800,2565,5770,782,2688,1172,789,5524,3352,2713,27,28,2972,4899,5796,5800,5166,2102,2237,1470,2240,1352,330,2891,5079,600,988,1772,2290,626,766
30,273.8000,2688,2565,4257,782,1172,789,5524,3352,2713,27,2972,28,4899,5796,5800,5166,2102,2237,1470,2240,1352,330,2891,5079,600,988,1772,2290,626,766
30,273.6700,2565,5770,782,2688,1172,789,5524,3352,2713,27,28,2972,4899,5796,5800,5166,2102,2237,1470,2240,1352,330,2891,5079,600,988,1772,2290,626,766
30,273.3600,2565,5770,782,2688,1172,789,5524,3352,2713,27,28,2972,4899,5796,5800,5166,2102,2237,1470,2240,1352,330,2891,5079,600,988,1772,2290,626,766
30,273.2200,2688,2565,5770,4511,1172,789,5524,3352,2713,27,2972,28,4899,5796,5800,5166,2102,2237,1470,2240,1352,330,2891,5079,600,988,1772,2290,626,766
30,273.1900,2565,5770,782,2688,1172,789,5524,3352,2713,27,28,2972,4899,5796,5800,5166,2102,2237,1470,2240,1352,330,2891,5079,600,988,1772,2290,626,766
30,273.1500,2565,5770,782,2688,1172,789,5524,3352,2713,27,28,2972,4899,5796,5800,5166,2102,2237,1470,2240,1352,330,2891,5079,600,988,1772,2290,626,766
30,272.8400,2565,5770,782,2688,1172,789,5524,3352,2713,27,28,2972,4899,5796,5800,5166,2102,2237,1470,2240,1352,330,2891,5079,600,988,1772,2290,626,766
30,272.7700,2565,5770,782,2688,1172,789,5524,3352,2713,27,28,2972,4899,5796,5800,5166,2102,2237,1470,2240,1352,330,2891,5079,600,988,1772,2290,626,766
30,272.2200,2565,5770,782,2688,1172,789,5524,3352,2713,27,28,2972,4899,5796,5800,5166,2102,2237,1470,2240,1352,330,2891,5079,600,988,1772,2290,626,766
30,272.1400,2565,5770,782,2688,1172,789,5524,3352,2713,27,28,2972,4899,5796,5800,5166,2102,2237,1470,2240,1352,330,2891,5079,600,988,1772,2290,626,766
30,271.9200,2688,2565,5770,782,1172,789,5524,3352,2713,27,2972,28,4899,5796,5800,5166,2102,2237,1470,5717,1352,330,2891,5079,600,988,1772,2290,626,766
30,271.8500,2565,5770,782,2688,1172,789,5524,3352,2713,27,28,2972,4899,5796,5800,5166,2102,2237,1470,2240,1352,330,2891,5079,600,988,1772,2290,626,766
30,271.7500,2565,5770,782,2688,1172,789,5524,3352,2713,27,28,2972,4899,5796,5800,5166,2102,2237,1470,2240,1352,330,2891,5079,600,988,1772,2290,626,766
30,271.6500,2688,2565,5770,782,1172,789,5524,3352,2713,27,2972,28,6044,5796,5800,5166,2102,2237,1470,2240,1352,330,2891,5079,600,988,1772,2290,626,766
30,271.6100,2565,5770,782,2688,1172,789,5524,3352,2713,27,28,2972,4899,5796,5800,5166,2102,2237,1470,2240,1352,330,2891,5079,600,988,1772,2290,626,766
30,271.5300,2565,5770,782,2688,1172,789,5524,3352,2713,27,28,2972,4899,5796,5800,5166,2102,2237,1470,2240,1352,330,2891,5079,600,988,1772,2290,626,766
30,271.3600,2565,5770,782,2688,1172,789,5524,3352,2713,27,28,2972,4899,5796,5800,5166,2102,2237,1470,2240,1352,330,2891,5079,600,988,1772,2290,626,766
30,271.1100,2565,5770,782,2688,1172,789,5524,3352,2713,27,28,2972,4899,5796,5800,5166,2102,2237,1470,2240,1352,330,2891,5079,600,988,1772,2290,626,766
30,271.0800,2565,5770,782,2688,1172,789,5524,3352,2713,27,28,2972,4899,5796,5800,5166,2102,2237,1470,2240,1352,330,2891,5079,600,988,1772,2290,626,766
30,270.9100,2565,5770,782,2688,1172,789,5524,3352,2713,27,28,2972,4899,5796,5800,5166,2102,2237,1470,2240,1352,330,2891,5079,600,988,1772,2290,626,766
30,270.3700,2565,5770,782,2688,1172,789,5524,3352,2713,27,28,2972,4899,5796,5800,5166,2102,2237,1470,2240,1352,330,2891,5079,600,988,1772,2290,626,766
30,270.2800,2565,5770,782,2688,1172,789,5524,3352,2713,27,28,2972,4899,5796,5800,5166,2102,2237,1470,2240,1352,330,2891,5079,600,988,1772,2290,626,766
30,270.2300,2565,5770,782,2688,1172,789,5524,3352,2713,27,28,2972,4899,5796,5800,5166,2102,2237,1470,2240,1352,330,2891,5079,600,988,1772,2290,626,766
30,270.2000,2565,5770,782,2688,1172,789,5524,3352,2713,27,28,2972,4899,5796,5800,5166,2102,2237,1470,2240,1352,330,2891,5079,600,988,1772,2290,626,766
30,269.9800,2565,5770,782,2688,1172,789,5524,3352,2713,27,28,2972,4899,5796,5800,5166,2102,2237,1470,2240,1352,330,2891,5079,600,988,1772,2290,626,766
30,269.8000,2565,5770,782,2688,1172,789,5524,3352,2713,27,28,2972,4899,5796,5800,5166,2102,2237,1470,2240,1352,330,2891,5079,600,988,1772,2290,626,766
30,269.7600,2565,5770,782,2688,1172,789,5524,3352,2713,27,28,2972,4899,5796,5800,5166,2102,2237,1470,2240,1352,330,2891,5079,600,988,1772,2290,626,766
30,269.6600,2565,5770,782,2688,1172,789,5524,3352,2713,27,28,2972,4899,5796,5800,5166,2102,2237,1470,2240,1352,330,2891,5079,600,988,1772,2290,626,766
30,269.5500,2565,5770,782,2688,1172,789,5524,3352,2713,27,28,2972,4899,5796,5800,5166,2102,2237,1470,2240,1352,330,2891,5079,600,988,1772,2290,626,766
30,269.4900,2565,5770,782,2688,1172,789,5524,3352,2713,27,28,2972,4899,5796,5800,5166,2102,2237,1470,2240,1352,330,2891,5079,600,988,1772,2290,626,766
30,269.1000,2688,2565,5770,782,1172,789,5524,3352,2713,27,2972,28,4899,5796,5800,5166,2102,2237,1470,2240,1352,330,2891,5079,600,988,1772,1142,626,766
