generation number, individual number, fitness, candidate
0, 0, 2.1, [295, 3759]
0, 1, 2.1, [1686, 3744]
0, 2, 2.08, [4128, 287]
0, 3, 2.04, [996, 4129]
0, 4, 2.04, [1829, 4131]
0, 5, 2.03, [1831, 1828]
0, 6, 2.03, [3743, 2260]
0, 7, 2.01, [996, 359]
0, 8, 2.01, [159, 275]
0, 9, 2.0, [2261, 3777]
1, 0, 2.1, [4128, 2261]
1, 1, 2.1, [295, 3759]
1, 2, 2.1, [1686, 3744]
1, 3, 2.05, [159, 4131]
1, 4, 2.04, [1834, 4129]
1, 5, 2.04, [3105, 287]
1, 6, 2.04, [287, 3759]
1, 7, 2.02, [996, 295]
1, 8, 2.02, [693, 3759]
1, 9, 2.01, [996, 77]
2, 0, 2.17, [4128, 2229]
2, 1, 2.12, [3100, 3759]
2, 2, 2.1, [77, 3759]
2, 3, 2.1, [4128, 2261]
2, 4, 2.1, [295, 3759]
2, 5, 2.09, [693, 3759]
2, 6, 2.07, [1987, 3759]
2, 7, 2.05, [295, 3750]
2, 8, 2.05, [3753, 2261]
2, 9, 2.04, [295, 3753]
3, 0, 2.17, [4128, 2229]
3, 1, 2.12, [3100, 3759]
3, 2, 2.09, [77, 3750]
3, 3, 2.08, [1831, 2229]
3, 4, 2.07, [1831, 3759]
3, 5, 2.07, [1831, 3759]
3, 6, 2.06, [4128, 1831]
3, 7, 2.06, [1987, 3759]
3, 8, 2.05, [3749, 359]
3, 9, 2.02, [77, 2490]
4, 0, 2.17, [4128, 2229]
4, 1, 2.15, [3752, 2229]
4, 2, 2.12, [3754, 293]
4, 3, 2.12, [3100, 3759]
4, 4, 2.09, [77, 3759]
4, 5, 2.08, [229, 2229]
4, 6, 2.08, [287, 3756]
4, 7, 2.07, [3100, 159]
4, 8, 2.05, [2261, 3759]
4, 9, 2.05, [4131, 287]
5, 0, 2.18, [3752, 3777]
5, 1, 2.17, [4128, 2229]
5, 2, 2.15, [3752, 2229]
5, 3, 2.13, [3100, 3754]
5, 4, 2.1, [3754, 229]
5, 5, 2.1, [3100, 3760]
5, 6, 2.08, [287, 2229]
5, 7, 2.06, [1541, 689]
5, 8, 2.06, [3758, 693]
5, 9, 2.03, [4128, 1828]
6, 0, 2.18, [3752, 3777]
6, 1, 2.17, [4128, 2229]
6, 2, 2.14, [3752, 1831]
6, 3, 2.14, [3744, 2229]
6, 4, 2.13, [3749, 3739]
6, 5, 2.1, [4128, 3755]
6, 6, 2.09, [1825, 2229]
6, 7, 2.09, [3752, 1828]
6, 8, 2.08, [3752, 3777]
6, 9, 2.06, [1834, 4131]
7, 0, 2.18, [3752, 3777]
7, 1, 2.17, [3746, 2229]
7, 2, 2.17, [4128, 2229]
7, 3, 2.14, [3752, 4184]
7, 4, 2.13, [3736, 3777]
7, 5, 2.12, [689, 2229]
7, 6, 2.12, [4128, 1834]
7, 7, 2.11, [4128, 3744]
7, 8, 2.1, [3752, 3735]
7, 9, 2.07, [3741, 3777]
8, 0, 2.18, [3752, 3755]
8, 1, 2.18, [3752, 3744]
8, 2, 2.18, [3752, 3777]
8, 3, 2.17, [3746, 2229]
8, 4, 2.15, [3755, 4131]
8, 5, 2.1, [3759, 4128]
8, 6, 2.09, [3736, 3777]
8, 7, 2.08, [1825, 3753]
8, 8, 2.08, [3746, 4108]
8, 9, 2.08, [3743, 229]
9, 0, 2.18, [3752, 3755]
9, 1, 2.18, [3752, 3744]
9, 2, 2.15, [3746, 3752]
9, 3, 2.13, [3744, 3777]
9, 4, 2.11, [3752, 77]
9, 5, 2.08, [3752, 1541]
9, 6, 2.07, [1605, 2229]
9, 7, 2.05, [293, 3755]
9, 8, 2.05, [3743, 1541]
9, 9, 2.03, [2261, 3777]
10, 0, 2.18, [3752, 3755]
10, 1, 2.18, [3752, 3744]
10, 2, 2.15, [3752, 2261]
10, 3, 2.14, [3754, 3752]
10, 4, 2.13, [1541, 3100]
10, 5, 2.11, [996, 3754]
10, 6, 2.1, [1825, 159]
10, 7, 2.1, [4108, 3739]
10, 8, 2.1, [159, 3755]
10, 9, 2.09, [4128, 3744]
