generation number, pop_size, worst, best, median, avg, std, diversity, improvement, number_of_selections
0, 10, 2.0, 2.1, 2.075, 2.0629999999999997, 0.03634556369077252,0.9555555555555556,0,[1.e-300]
1, 10, 2.05, 2.15, 2.0949999999999998, 2.093, 0.024515301344262563,0.9555555555555556,0.023809523809523725,[10.]
2, 10, 2.05, 2.15, 2.105, 2.1060000000000003, 0.030397368307141376,0.9222222222222223,0.0,[20.]
3, 10, 2.05, 2.15, 2.12, 2.109, 0.03330165161069349,0.9555555555555556,0.0,[30.]
4, 10, 2.06, 2.15, 2.105, 2.1029999999999998, 0.0268514431641951,0.9333333333333333,0.0,[40.]
5, 10, 2.05, 2.23, 2.12, 2.12, 0.05513619500836097,0.8666666666666667,0.03720930232558143,[50.]
6, 10, 2.08, 2.23, 2.12, 2.133, 0.043600458713183306,0.9,0.0,[60.]
7, 10, 2.03, 2.23, 2.09, 2.0989999999999998, 0.058728187440104135,0.9111111111111111,0.0,[70.]
8, 10, 2.06, 2.23, 2.09, 2.1089999999999995, 0.05318834458788881,0.9111111111111111,0.0,[80.]
9, 10, 2.05, 2.23, 2.08, 2.103, 0.05710516614107701,0.9333333333333333,0.0,[90.]
10, 10, 2.05, 2.23, 2.08, 2.103, 0.054781383699209395,0.8555555555555556,0.0,[100.]
