num_genrations,diversity,improvement,best_fitness
0,0.9993110236220473,0,105.3
1,0.9751968503937007,0.0,105.3
2,0.9074557086614173,0.3193732193732195,138.93
3,0.7815206692913386,0.05880659324839838,147.1
4,0.6536663385826771,0.19442556084296395,175.7
5,0.6066437007874015,0.0,175.7
6,0.48870570866141716,0.002219692657939754,176.09
7,0.4469488188976377,0.15327389403146124,203.08
8,0.3472687007874016,0.07327161709671062,217.96
9,0.3385334645669291,-0.03757570196366305,209.77
10,0.3074311023622045,0.019163846117175868,213.79
