num_genrations,diversity,improvement,best_fitness
0,0.9990079365079365,0,178.8400000000001
1,0.946329365079365,0.24966450458510217,223.48999999999978
2,0.8689484126984127,0.0,223.48999999999978
3,0.7978174603174604,0.1453756320193299,255.9799999999998
4,0.7736111111111111,0.2715055863739348,325.47999999999956
5,0.48244047619047636,0.04181516529433462,339.0899999999996
6,0.6770833333333334,0.01819575923796133,345.2599999999999
7,0.5804563492063493,0.09581185193766999,378.3399999999998
8,0.526388888888889,0.0,378.3399999999998
9,0.4677579365079365,0.13025321139715523,427.6199999999995
10,0.3753968253968254,0.011879706281278145,432.69999999999965
