num_genrations,diversity,improvement,best_fitness
0,1.0,0,67.78146345511874
1,0.7400793650793651,0.014299904251949788,68.75073189258397
2,0.6075396825396825,0.014431427610082365,69.74290310303198
3,0.3047619047619048,0.0,69.74290310303198
4,0.053968253968253777,0.024956505340383635,71.48344223677665
5,0.12142857142857122,-0.0006883734290296805,71.43423493452528
6,0.029761904761904656,0.0,71.43423493452528
7,0.0,0.0,71.43423493452528
8,0.0,0.0,71.43423493452528
9,0.011904761904761862,0.018593966307540837,72.7624806921028
10,0.05833333333333335,0.012577017929931761,73.67761571639369
