num_genrations,diversity,improvement,best_fitness
0,0.9998787878787879,0,31.85
1,0.956989898989899,0.0006279434850863288,31.87
2,0.7456700336700337,0.0037652965171006414,31.99
3,0.4100336700336701,0.0,31.99
4,0.6821952861952862,0.0,31.99
5,0.2804107744107742,0.0,31.99
6,0.04220875420875392,0.0,31.99
7,0.00666666666666671,0.0,31.99
8,0.002653198653198685,0.0,31.99
9,0.003993265993265993,0.0,31.99
10,0.006653198653198911,0.0,31.99
11,0.004653198653199131,0.0,31.99
12,0.005966329966330286,0.0,31.99
13,0.004666666666666819,0.0,31.99
14,0.005979797979798196,0.0,31.99
15,0.007973063973064298,0.0,31.99
16,0.008612794612794183,0.0,31.99
17,0.0059595959595961645,0.0,31.99
18,0.002666666666666817,0.002188183807439945,32.06
19,0.008639730639730447,0.0,32.06
20,0.010639730639730671,0.0,32.06
21,0.007925925925926447,0.0,32.06
22,0.007319865319865504,0.0,32.06
23,0.004659932659932808,0.0,32.06
24,0.0,0.0,32.06
25,0.004659932659932919,0.0,32.06
26,0.003326599326599178,0.0,32.06
27,0.005319865319865058,0.0,32.06
28,0.006000000000000116,0.0,32.06
29,0.005319865319865058,0.0,32.06
30,0.008646464646464458,0.0,32.06
31,0.005986531986532206,0.0,32.06
32,0.00798653198653232,0.0,32.06
33,0.008632996632996326,0.0,32.06
34,0.007952861952862378,0.0,32.06
35,0.005932659932660012,0.0,32.06
36,0.0039999999999998925,0.0,32.06
37,0.003986531986531983,0.0,32.06
38,0.007313131313131271,0.0,32.06
39,0.0033198653198652783,0.0,32.06
40,0.008653198653198468,0.0,32.06
41,0.005979797979798085,0.0,32.06
42,0.006639730639730779,0.0,32.06
43,0.004639730639730999,0.0,32.06
44,0.007885521885522495,0.0,32.06
45,0.0033063973063971464,0.0,32.06
46,0.006646464646464678,0.0,32.06
47,0.004666666666666819,0.0,32.06
48,0.0039999999999997815,0.0,32.06
49,0.0046060606060608356,0.0,32.06
50,0.00798653198653243,0.0,32.06
51,0.0072861952861953405,0.0,32.06
52,0.005286195286194895,0.0,32.06
53,0.007986531986532541,0.0,32.06
54,0.009892255892255952,0.0,32.06
55,0.0033333333333332993,0.0,32.06
56,0.0053265993265990685,0.0,32.06
57,0.006646464646464678,0.0,32.06
58,0.005319865319865058,0.0,32.06
59,0.0013333333333338526,0.0,32.06
60,0.005999999999999894,0.0,32.06
61,0.00798653198653243,0.0,32.06
62,0.0033333333333332993,0.0,32.06
63,0.002666666666666928,0.0,32.06
64,0.005319865319864947,0.0,32.06
65,0.003993265993265993,0.0,32.06
66,0.003993265993265882,0.0,32.06
67,0.007326599326599403,0.0,32.06
68,0.007939393939394357,0.0,32.06
69,0.007326599326599403,0.0,32.06
70,0.0053265993265989575,0.0,32.06
71,0.003973063973063962,0.0,32.06
72,0.007333333333333303,0.0,32.06
73,0.006646464646464678,0.0,32.06
74,0.007326599326599514,0.0,32.06
75,0.007313131313131271,0.0,32.06
76,0.007979797979798309,0.0,32.06
77,0.005993265993266217,0.0,32.06
78,0.009959595959596057,0.0,32.06
79,0.00399326599326566,0.0,32.06
80,0.0039999999999998925,0.0,32.06
81,0.005993265993265773,0.0,32.06
82,0.00466666666666693,0.0,32.06
83,0.005286195286195006,0.0,32.06
84,0.008626262626262315,0.0,32.06
85,0.0053265993265989575,0.0,32.06
86,0.0053131313131309366,0.0,32.06
87,0.0046195286195288565,0.0,32.06
88,0.00865319865319858,0.0,32.06
89,0.0019999999999995577,0.0,32.06
90,0.0026599326599326956,0.0,32.06
91,0.004666666666666819,0.0,32.06
92,0.005979797979798085,0.0,32.06
93,0.005993265993265995,0.0,32.06
94,0.0033333333333331883,0.0,32.06
95,0.0033333333333332993,0.0,32.06
96,0.005313131313131159,0.0,32.06
97,0.011232323232323482,0.0,32.06
98,0.003993265993265993,0.0,32.06
99,0.003993265993265993,0.004366812227074253,32.2
100,0.002666666666666817,0.0,32.2
