generation number, pop_size, worst, best, median, avg, std, diversity, improvement, number_of_selections
0, 10, 2.0, 2.09, 2.02, 2.027, 0.025709920264364847,0.9888888888888889,0,[1.e-300]
1, 10, 2.03, 2.12, 2.045, 2.056, 0.027640549922170545,0.8111111111111111,0.014354066985646053,[10.]
2, 10, 2.03, 2.12, 2.0549999999999997, 2.0650000000000004, 0.02906888370749731,0.8555555555555555,0.0,[20.]
3, 10, 2.05, 2.12, 2.08, 2.084, 0.026532998322843285,0.8888888888888888,0.0,[30.]
4, 10, 2.02, 2.12, 2.0300000000000002, 2.0490000000000004, 0.038065732621348596,0.9,0.0,[40.]
5, 10, 2.01, 2.14, 2.0949999999999998, 2.085, 0.04177319714841096,0.7222222222222222,0.009433962264150952,[50.]
6, 10, 2.01, 2.14, 2.045, 2.054, 0.042941821107167856,0.9222222222222223,0.0,[60.]
7, 10, 2.01, 2.14, 2.05, 2.062, 0.046216880033165465,0.8666666666666667,0.0,[70.]
8, 10, 2.02, 2.14, 2.04, 2.062, 0.04354308211415453,0.8888888888888888,0.0,[80.]
9, 10, 2.01, 2.14, 2.065, 2.0709999999999993, 0.04657252408878018,0.888888888888889,0.0,[90.]
10, 10, 2.02, 2.14, 2.0549999999999997, 2.069, 0.04369210454990699,0.8444444444444444,0.0,[100.]
