generation number, individual number, fitness, candidate
0, 0, 2.09, [874, 609]
0, 1, 2.05, [77, 149]
0, 2, 2.04, [193, 1087]
0, 3, 2.02, [285, 283]
0, 4, 2.02, [103, 3135]
0, 5, 2.02, [264, 104]
0, 6, 2.02, [2525, 76]
0, 7, 2.01, [874, 622]
0, 8, 2.0, [91, 1082]
0, 9, 2.0, [3716, 343]
1, 0, 2.12, [77, 295]
1, 1, 2.09, [874, 609]
1, 2, 2.07, [295, 149]
1, 3, 2.05, [77, 149]
1, 4, 2.05, [77, 149]
1, 5, 2.04, [77, 609]
1, 6, 2.04, [2512, 1087]
1, 7, 2.04, [2599, 2513]
1, 8, 2.03, [77, 1087]
1, 9, 2.03, [874, 193]
2, 0, 2.12, [77, 295]
2, 1, 2.09, [2513, 277]
2, 2, 2.09, [295, 81]
2, 3, 2.09, [874, 609]
2, 4, 2.06, [874, 91]
2, 5, 2.05, [874, 300]
2, 6, 2.05, [874, 264]
2, 7, 2.04, [2765, 295]
2, 8, 2.03, [77, 301]
2, 9, 2.03, [149, 295]
3, 0, 2.12, [295, 2712]
3, 1, 2.12, [874, 295]
3, 2, 2.12, [77, 295]
3, 3, 2.09, [2513, 277]
3, 4, 2.08, [77, 609]
3, 5, 2.08, [149, 277]
3, 6, 2.07, [295, 104]
3, 7, 2.06, [1087, 103]
3, 8, 2.05, [77, 622]
3, 9, 2.05, [269, 2599]
4, 0, 2.12, [295, 2712]
4, 1, 2.12, [874, 295]
4, 2, 2.06, [295, 222]
4, 3, 2.05, [77, 2525]
4, 4, 2.04, [874, 300]
4, 5, 2.02, [874, 3334]
4, 6, 2.02, [278, 2712]
4, 7, 2.02, [250, 244]
4, 8, 2.02, [91, 2712]
4, 9, 2.02, [76, 541]
5, 0, 2.14, [193, 295]
5, 1, 2.12, [295, 222]
5, 2, 2.12, [295, 2712]
5, 3, 2.12, [874, 295]
5, 4, 2.11, [295, 266]
5, 5, 2.08, [283, 295]
5, 6, 2.07, [874, 295]
5, 7, 2.05, [534, 222]
5, 8, 2.03, [874, 343]
5, 9, 2.01, [3135, 76]
6, 0, 2.14, [193, 295]
6, 1, 2.12, [295, 222]
6, 2, 2.07, [295, 285]
6, 3, 2.06, [77, 2712]
6, 4, 2.05, [226, 534]
6, 5, 2.04, [256, 541]
6, 6, 2.02, [250, 3135]
6, 7, 2.02, [2525, 874]
6, 8, 2.01, [2512, 2525]
6, 9, 2.01, [250, 2525]
7, 0, 2.14, [193, 295]
7, 1, 2.12, [295, 222]
7, 2, 2.11, [103, 295]
7, 3, 2.08, [295, 2712]
7, 4, 2.07, [193, 1087]
7, 5, 2.03, [2712, 283]
7, 6, 2.03, [193, 3334]
7, 7, 2.02, [250, 343]
7, 8, 2.01, [4602, 2712]
7, 9, 2.01, [541, 266]
8, 0, 2.14, [193, 295]
8, 1, 2.12, [295, 222]
8, 2, 2.1, [250, 277]
8, 3, 2.09, [77, 295]
8, 4, 2.04, [295, 2525]
8, 5, 2.04, [300, 250]
8, 6, 2.03, [222, 2513]
8, 7, 2.02, [220, 81]
8, 8, 2.02, [91, 222]
8, 9, 2.02, [874, 226]
9, 0, 2.14, [193, 295]
9, 1, 2.12, [220, 277]
9, 2, 2.12, [295, 222]
9, 3, 2.11, [295, 300]
9, 4, 2.08, [541, 295]
9, 5, 2.05, [250, 2525]
9, 6, 2.04, [300, 250]
9, 7, 2.03, [2513, 222]
9, 8, 2.01, [3135, 609]
9, 9, 2.01, [2527, 2525]
10, 0, 2.14, [193, 295]
10, 1, 2.13, [295, 266]
10, 2, 2.12, [220, 277]
10, 3, 2.08, [2762, 277]
10, 4, 2.06, [193, 222]
10, 5, 2.05, [193, 1082]
10, 6, 2.04, [220, 264]
10, 7, 2.03, [343, 277]
10, 8, 2.02, [220, 1082]
10, 9, 2.02, [220, 1087]
