n_nodes,influence,n0,n1,n2,n3,n4
5,23.3109,2276,64484,68716,70769,7505
5,23.3109,2276,64484,68716,70769,7505
5,23.3109,2276,64484,68716,70769,7505
5,23.3109,2276,64484,68716,70769,7505
5,23.3109,2276,64484,68716,70769,7505
5,23.3109,2276,64484,68716,70769,7505
5,23.3109,2276,64484,68716,70769,7505
5,23.3109,2276,64484,68716,70769,7505
5,23.3109,2276,64484,68716,70769,7505
5,23.3109,2276,64484,68716,70769,7505
5,23.3109,2276,64484,68716,70769,7505
5,23.3109,2276,64484,68716,70769,7505
5,23.3109,2276,64484,68716,70769,7505
5,22.6269,2276,9272,68716,70769,7505
5,22.6269,2276,9272,68716,70769,7505
5,22.6269,2276,9272,68716,70769,7505
