n_nodes,influence,n0,n1,n2,n3,n4,n5,n6
7,13.7500,123456,2691,114142,228272,226416,164730,91851
7,13.7500,123456,2691,114142,228272,226416,164730,91851
7,13.7500,123456,2691,114142,228272,226416,164730,91851
7,13.7500,123456,2691,114142,228272,226416,164730,91851
7,13.7500,123456,2691,114142,228272,226416,164730,91851
7,13.7500,123456,2691,114142,228272,226416,164730,91851
7,13.7500,123456,2691,114142,228272,226416,164730,91851
7,13.7500,123456,2691,114142,228272,226416,164730,91851
7,13.7500,123456,2691,114142,228272,226416,164730,91851
7,13.7500,123456,2691,114142,228272,226416,164730,91851
7,13.7500,123456,2691,114142,228272,226416,164730,91851
7,13.7500,123456,2691,114142,228272,226416,164730,91851
7,13.7500,123456,2691,114142,228272,226416,164730,91851
7,13.7500,123456,2691,114142,228272,226416,164730,91851
7,13.7500,123456,2691,114142,228272,226416,164730,91851
7,13.7500,123456,2691,114142,228272,226416,164730,91851
