n_nodes,influence,n0,n1,n2,n3,n4
5,10.1900,233385,101099,181543,14464,226636
5,10.1900,233385,101099,181543,14464,226636
5,10.1900,233385,101099,181543,14464,226636
5,10.1300,233385,101099,181543,14464,226636
5,10.1300,233385,101099,181543,14464,226636
5,10.1300,233385,101099,181543,14464,226636
5,10.1300,233385,101099,181543,14464,226636
5,10.1300,233385,101099,181543,14464,226636
5,10.1300,233385,101099,181543,14464,226636
5,10.1300,233385,101099,181543,14464,226636
5,10.1300,233385,101099,181543,14464,226636
5,10.1300,233385,101099,181543,14464,226636
5,10.1300,233385,101099,181543,14464,226636
5,10.1300,233385,101099,181543,14464,226636
5,10.1300,233385,101099,181543,14464,226636
5,10.1300,233385,101099,181543,14464,226636
