num_genrations,diversity,improvement,best_fitness
0,0.9987272727272727,0,44.38
1,0.9384444444444444,0.06264082920234326,47.16
2,0.652989898989899,0.6776929601357085,79.12
3,0.5605252525252526,0.1162790697674417,88.32
4,0.31113131313131304,0.04925271739130445,92.67
5,0.09434343434343417,0.013488723427214848,93.92
6,0.12648484848484853,0.0,93.92
7,0.07446464646464601,0.0054301533219762044,94.43
8,0.0322020202020199,0.0,94.43
9,0.052787878787878495,0.0,94.43
10,0.02155555555555555,0.0,94.43
11,0.00987878787878782,0.0,94.43
12,0.009979797979797977,0.2964100391824631,122.42
13,0.019151515151515253,0.032347655611828084,126.38
14,0.04581818181818165,0.0,126.38
15,0.007959595959596388,0.004351954423168313,126.93
16,0.00795959595959661,0.0,126.93
17,0.011959595959595837,0.004648231308595203,127.52
18,0.019636363636363674,0.0,127.52
19,0.0136565656565657,0.0,127.52
20,0.011939393939393694,0.0,127.52
21,0.011939393939393583,0.0,127.52
22,0.01583838383838354,0.0,127.52
23,0.025494949494949237,0.002509410288582241,127.84
24,0.011919191919191663,0.0,127.84
25,0.015737373737373495,0.009308510638297855,129.03
26,0.04216161616161618,0.010462683096954152,130.38
27,0.0483232323232321,0.025080533824206247,133.65
28,0.08941414141414139,0.024466891133557662,136.92
29,0.11723232323232291,0.0,136.92
30,0.08393939393939387,0.0,136.92
31,0.067030303030303,0.006719252118025241,137.84
32,0.04222222222222227,0.0,137.84
33,0.05177777777777737,0.003917585606500232,138.38
34,0.04458585858585851,0.0,138.38
35,0.03666666666666629,0.0,138.38
36,0.04886868686868662,0.0,138.38
37,0.0399191919191918,0.0,138.38
38,0.048404040404040116,0.0,138.38
39,0.049959595959596204,0.0,138.38
40,0.048484848484848464,0.0,138.38
41,0.05084848484848481,0.0,138.38
42,0.05218181818181822,0.007876860818037314,139.47
43,0.06533333333333302,0.04854090485409056,146.24
44,0.11014141414141365,0.0037609409190370825,146.79
45,0.07854545454545425,0.02670481640438733,150.71
46,0.09094949494949456,0.026142923495454832,154.65
47,0.042424242424242364,0.0,154.65
48,0.02369696969696955,0.009311348205625592,156.09
49,0.02850505050505059,0.0,156.09
50,0.047595959595959525,0.013325645460951913,158.17
51,0.04886868686868662,0.0,158.17
52,0.0427272727272725,0.011822722387304828,160.04
53,0.0040000000000000036,0.0034991252186953405,160.6
54,0.0019999999999995577,0.0,160.6
55,0.0039999999999998925,0.0,160.6
56,0.005979797979798085,0.0,160.6
57,0.0,0.0,160.6
58,0.007959595959596388,0.0,160.6
59,0.005979797979798085,0.0,160.6
60,0.0,0.0,160.6
61,0.005979797979798085,0.0,160.6
62,0.007939393939394579,0.0,160.6
63,0.00397979797979775,0.0,160.6
64,0.0019999999999995577,0.0,160.6
65,0.003979797979797972,0.0,160.6
66,0.0019999999999995577,0.0,160.6
67,0.0019999999999995577,0.0,160.6
68,0.0019999999999995577,0.0,160.6
69,0.0039999999999998925,0.0,160.6
70,0.005979797979798085,0.0,160.6
71,0.0040000000000000036,0.0,160.6
72,0.006000000000000116,0.0,160.6
73,0.005979797979797641,0.0,160.6
74,0.009959595959596057,0.012702366127023612,162.64
75,0.005979797979797641,0.0,162.64
76,0.007939393939394579,0.0,162.64
77,0.0,0.0,162.64
78,0.00397979797979775,0.0,162.64
79,0.0019999999999995577,0.0,162.64
80,0.0040000000000000036,0.0,162.64
81,0.0019999999999995577,0.0,162.64
82,0.0040000000000000036,0.0,162.64
83,0.005979797979798085,0.0,162.64
84,0.005979797979798196,0.0,162.64
85,0.0040000000000000036,0.0,162.64
86,0.005979797979798085,0.0,162.64
87,0.005979797979798085,0.0,162.64
88,0.0040000000000000036,0.0,162.64
89,0.0040000000000000036,0.0,162.64
90,0.0039999999999998925,0.0,162.64
91,0.005979797979797641,0.0,162.64
92,0.005939393939393911,0.0,162.64
93,0.005979797979798085,0.0,162.64
94,0.003979797979797972,0.0,162.64
95,0.0019999999999995577,0.0,162.64
96,0.005979797979798085,0.0,162.64
97,0.005979797979798085,0.0,162.64
98,0.005979797979798085,0.0,162.64
99,0.0019999999999995577,0.0,162.64
100,0.005979797979798085,0.0,162.64
