n_nodes,influence,n0,n1,n2,n3,n4,n5,n6,n7,n8,n9,n10,n11,n12,n13,n14,n15,n16,n17,n18
19,67.4700,902,390,9,782,22,665,26,540,29,31,554,432,702,218,961,221,992,227,19
19,67.1500,902,390,9,782,22,665,26,540,29,31,554,432,702,448,961,221,992,227,19
19,67.1500,902,390,9,782,22,665,26,540,29,31,554,432,702,448,961,221,992,227,19
19,67.1500,902,390,9,782,22,665,26,540,29,31,554,432,702,448,961,221,992,227,19
19,67.1500,902,390,9,782,22,665,26,540,29,31,554,432,702,448,961,221,992,227,19
19,66.9600,390,902,9,782,19,22,665,118,540,29,31,554,432,702,448,961,221,992,227
19,66.9600,390,902,9,782,19,22,665,118,540,29,31,554,432,702,448,961,221,992,227
19,66.9600,390,902,9,782,19,22,665,118,540,29,31,554,432,702,448,961,221,992,227
19,66.8300,902,390,9,782,22,665,26,804,29,31,554,432,702,961,331,221,992,227,19
19,66.4200,902,390,9,782,22,665,26,540,29,31,554,432,702,218,961,221,992,227,19
19,66.4000,902,390,9,782,22,665,26,540,29,31,554,432,702,448,961,221,992,227,19
19,66.4000,902,390,9,782,22,665,26,540,29,31,554,432,702,448,961,221,992,227,19
19,66.4000,902,390,9,782,22,665,26,540,29,31,554,432,702,448,961,221,992,227,19
19,66.4000,902,390,9,782,22,665,26,540,29,31,554,432,702,448,961,221,992,227,19
19,66.2400,902,390,9,782,22,665,26,540,29,31,554,432,702,218,961,221,992,227,19
19,66.2400,902,390,9,782,22,665,26,540,29,31,554,432,702,218,961,221,992,227,19
