generation number, individual number, fitness, candidate
0, 0, 3.08, [1091, 717, 521]
0, 1, 3.07, [788, 1350, 975]
0, 2, 3.03, [1107, 785, 751]
0, 3, 3.03, [645, 1078, 521]
0, 4, 3.03, [2989, 775, 717]
0, 5, 3.03, [905, 1141, 1247]
0, 6, 3.02, [1131, 1157, 1279]
0, 7, 3.02, [1146, 1040, 1223]
0, 8, 3.0, [3662, 1223, 1715]
0, 9, 3.0, [1695, 1107, 2989]
1, 0, 3.1, [1311, 1350, 975]
1, 1, 3.09, [1091, 1350, 1168]
1, 2, 3.08, [1091, 717, 521]
1, 3, 3.07, [788, 1350, 975]
1, 4, 3.05, [1091, 1378, 975]
1, 5, 3.05, [788, 717, 326]
1, 6, 3.04, [788, 717, 326]
1, 7, 3.03, [697, 1350, 521]
1, 8, 3.02, [645, 1078, 1378]
1, 9, 3.01, [2989, 1906, 521]
2, 0, 3.1, [1311, 1350, 975]
2, 1, 3.09, [1091, 1350, 1168]
2, 2, 3.09, [1091, 1350, 1168]
2, 3, 3.07, [1311, 1350, 1580]
2, 4, 3.06, [1091, 1378, 975]
2, 5, 3.04, [788, 1350, 1168]
2, 6, 3.04, [3662, 695, 785]
2, 7, 3.02, [1078, 1190, 1131]
2, 8, 3.02, [1311, 1287, 1201]
2, 9, 3.01, [1311, 1430, 521]
3, 0, 3.11, [775, 1350, 1107]
3, 1, 3.1, [1311, 1350, 975]
3, 2, 3.09, [831, 1350, 785]
3, 3, 3.09, [1091, 1350, 1168]
3, 4, 3.07, [1091, 1350, 1028]
3, 5, 3.04, [1091, 1350, 1168]
3, 6, 3.03, [1091, 1652, 975]
3, 7, 3.03, [1311, 1350, 1715]
3, 8, 3.02, [1311, 1403, 1168]
3, 9, 3.02, [1201, 1402, 775]
4, 0, 3.11, [775, 1350, 1107]
4, 1, 3.1, [1311, 1350, 975]
4, 2, 3.09, [1442, 1350, 1107]
4, 3, 3.06, [1091, 326, 1107]
4, 4, 3.05, [1212, 1350, 905]
4, 5, 3.05, [1619, 717, 1425]
4, 6, 3.04, [1347, 1350, 1168]
4, 7, 3.02, [775, 1652, 975]
4, 8, 3.02, [831, 1611, 1190]
4, 9, 3.0, [1311, 1225, 1107]
5, 0, 3.11, [775, 1350, 1107]
5, 1, 3.1, [1311, 1350, 975]
5, 2, 3.08, [775, 1350, 1168]
5, 3, 3.08, [1906, 1350, 831]
5, 4, 3.07, [1906, 1350, 975]
5, 5, 3.04, [1287, 1350, 1580]
5, 6, 3.02, [1146, 1350, 1580]
5, 7, 3.01, [1311, 1611, 1107]
5, 8, 3.01, [1279, 1611, 1107]
5, 9, 3.0, [5684, 1107, 326]
6, 0, 3.14, [775, 1350, 1425]
6, 1, 3.11, [775, 1350, 1107]
6, 2, 3.1, [1125, 1350, 1107]
6, 3, 3.1, [1311, 1350, 975]
6, 4, 3.09, [695, 1350, 1107]
6, 5, 3.07, [1131, 1350, 831]
6, 6, 3.06, [775, 1350, 1168]
6, 7, 3.01, [775, 5684, 1201]
6, 8, 3.0, [775, 645, 1715]
6, 9, 3.0, [1279, 1190, 1223]
7, 0, 3.14, [775, 1350, 1425]
7, 1, 3.11, [775, 1350, 1107]
7, 2, 3.09, [717, 1350, 1425]
7, 3, 3.08, [695, 1350, 1425]
7, 4, 3.08, [1906, 1350, 1107]
7, 5, 3.05, [1125, 1611, 1425]
7, 6, 3.03, [788, 1350, 1437]
7, 7, 3.02, [775, 1168, 1107]
7, 8, 3.01, [3662, 1226, 1287]
7, 9, 3.0, [775, 1226, 1107]
8, 0, 3.14, [775, 1350, 1425]
8, 1, 3.11, [775, 1350, 1107]
8, 2, 3.1, [3662, 1350, 1223]
8, 3, 3.08, [775, 1350, 1715]
8, 4, 3.08, [717, 1040, 1425]
8, 5, 3.06, [1906, 1350, 1425]
8, 6, 3.03, [1619, 1350, 1201]
8, 7, 3.02, [1906, 1350, 905]
8, 8, 3.01, [775, 1068, 1225]
8, 9, 3.01, [775, 1611, 1107]
9, 0, 3.15, [775, 1350, 1407]
9, 1, 3.14, [775, 1350, 1425]
9, 2, 3.11, [775, 1350, 1107]
9, 3, 3.08, [3662, 1611, 1425]
9, 4, 3.07, [775, 1350, 1580]
9, 5, 3.04, [1906, 1350, 1223]
9, 6, 3.04, [3662, 1350, 1201]
9, 7, 3.04, [3662, 1652, 1425]
9, 8, 3.03, [775, 1403, 1223]
9, 9, 3.03, [1020, 1201, 1425]
10, 0, 3.15, [775, 1350, 1407]
10, 1, 3.14, [775, 1350, 1425]
10, 2, 3.08, [775, 1350, 1437]
10, 3, 3.05, [775, 1223, 1437]
10, 4, 3.04, [1125, 1091, 3124]
10, 5, 3.04, [775, 1311, 1425]
10, 6, 3.04, [717, 3124, 975]
10, 7, 3.03, [775, 1226, 1407]
10, 8, 3.02, [775, 1767, 1407]
10, 9, 3.02, [1078, 751, 1201]
11, 0, 3.15, [775, 1350, 1407]
11, 1, 3.14, [775, 1350, 1425]
11, 2, 3.12, [1287, 1350, 1425]
11, 3, 3.11, [1025, 1350, 1407]
11, 4, 3.11, [775, 1350, 1328]
11, 5, 3.09, [5684, 1350, 1437]
11, 6, 3.06, [717, 1350, 2110]
11, 7, 3.05, [1201, 1223, 1425]
11, 8, 3.02, [1695, 576, 1157]
11, 9, 3.02, [775, 1212, 1407]
12, 0, 3.15, [1906, 1350, 1425]
12, 1, 3.15, [775, 1350, 1407]
12, 2, 3.14, [775, 1350, 1425]
12, 3, 3.09, [1906, 1350, 1425]
12, 4, 3.06, [775, 1350, 4227]
12, 5, 3.06, [775, 1767, 1425]
12, 6, 3.05, [1025, 1652, 1425]
12, 7, 3.05, [1212, 1350, 1407]
12, 8, 3.04, [775, 1328, 1407]
12, 9, 3.04, [1437, 1125, 1279]
13, 0, 3.22, [1906, 1509, 1407]
13, 1, 3.15, [1906, 1350, 1425]
13, 2, 3.15, [775, 1350, 1407]
13, 3, 3.11, [775, 576, 1425]
13, 4, 3.11, [1906, 1350, 1425]
13, 5, 3.06, [1437, 1350, 1020]
13, 6, 3.05, [775, 1226, 1425]
13, 7, 3.04, [1906, 1350, 1328]
13, 8, 3.04, [1287, 717, 1425]
13, 9, 3.04, [775, 1350, 1620]
14, 0, 3.22, [1906, 1509, 1407]
14, 1, 3.15, [1906, 1350, 1425]
14, 2, 3.09, [1347, 1509, 1425]
14, 3, 3.08, [1906, 1091, 1407]
14, 4, 3.05, [775, 788, 1407]
14, 5, 3.05, [1906, 326, 1425]
14, 6, 3.04, [1906, 326, 1407]
14, 7, 3.04, [751, 1351, 1157]
14, 8, 3.03, [1906, 576, 1715]
14, 9, 3.03, [1906, 1424, 576]
15, 0, 3.22, [1328, 1509, 1125]
15, 1, 3.22, [1906, 1509, 1407]
15, 2, 3.19, [1437, 1509, 1425]
15, 3, 3.16, [1224, 1350, 1425]
15, 4, 3.15, [1906, 1509, 2110]
15, 5, 3.15, [1906, 1350, 1425]
15, 6, 3.12, [1279, 1509, 905]
15, 7, 3.1, [3662, 1509, 645]
15, 8, 3.06, [788, 1350, 1407]
15, 9, 3.03, [1906, 1715, 1425]
16, 0, 3.22, [1328, 1509, 1125]
16, 1, 3.22, [1906, 1509, 1407]
16, 2, 3.17, [1906, 1509, 788]
16, 3, 3.17, [1906, 1509, 4227]
16, 4, 3.16, [1224, 1350, 1328]
16, 5, 3.13, [1247, 1350, 1425]
16, 6, 3.08, [1224, 1401, 2110]
16, 7, 3.07, [1224, 1351, 1125]
16, 8, 3.05, [1328, 1201, 1125]
16, 9, 3.04, [970, 1350, 1425]
17, 0, 3.23, [970, 1509, 1407]
17, 1, 3.22, [1328, 1509, 1125]
17, 2, 3.22, [1906, 1509, 1407]
17, 3, 3.16, [1906, 1509, 831]
17, 4, 3.14, [1906, 1509, 1020]
17, 5, 3.12, [1028, 1509, 4227]
17, 6, 3.12, [1328, 1990, 788]
17, 7, 3.07, [1906, 1350, 788]
17, 8, 3.06, [1425, 1025, 1402]
17, 9, 3.03, [1906, 1157, 1125]
18, 0, 3.23, [970, 1509, 1407]
18, 1, 3.22, [1328, 1509, 1125]
18, 2, 3.16, [1201, 1509, 831]
18, 3, 3.05, [905, 1328, 1201]
18, 4, 3.03, [576, 831, 1223]
18, 5, 3.03, [1906, 1028, 1328]
18, 6, 3.03, [970, 1190, 1328]
18, 7, 3.02, [1328, 1131, 717]
18, 8, 3.02, [970, 905, 1201]
18, 9, 3.01, [5684, 1125, 1247]
19, 0, 3.23, [970, 1509, 1407]
19, 1, 3.22, [1328, 1509, 1125]
19, 2, 3.2, [970, 1509, 521]
19, 3, 3.19, [1028, 1509, 1407]
19, 4, 3.17, [2989, 1509, 1125]
19, 5, 3.12, [970, 1509, 831]
19, 6, 3.12, [1146, 1509, 1125]
19, 7, 3.07, [1328, 697, 1131]
19, 8, 3.04, [905, 1028, 1407]
19, 9, 3.02, [1328, 695, 1407]
20, 0, 3.23, [970, 1509, 1407]
20, 1, 3.22, [1328, 1509, 1125]
20, 2, 3.18, [1437, 1509, 521]
20, 3, 3.18, [1652, 1509, 1407]
20, 4, 3.18, [1224, 1350, 1328]
20, 5, 3.15, [1223, 1509, 1407]
20, 6, 3.06, [1190, 1350, 1078]
20, 7, 3.04, [970, 1695, 1091]
20, 8, 3.02, [1279, 785, 1407]
20, 9, 3.02, [1157, 1107, 1619]
21, 0, 3.23, [970, 1509, 1407]
21, 1, 3.22, [1328, 1509, 1125]
21, 2, 3.18, [1279, 1509, 1407]
21, 3, 3.17, [775, 1509, 1020]
21, 4, 3.16, [970, 1509, 1368]
21, 5, 3.11, [970, 1509, 1347]
21, 6, 3.1, [970, 1509, 1287]
21, 7, 3.08, [1224, 1350, 1328]
21, 8, 3.07, [970, 1091, 1328]
21, 9, 3.02, [1328, 1225, 1407]
22, 0, 3.23, [970, 1509, 1407]
22, 1, 3.22, [775, 1509, 1328]
22, 2, 3.22, [970, 1509, 1328]
22, 3, 3.22, [1328, 1509, 1125]
22, 4, 3.2, [1279, 1509, 1091]
22, 5, 3.13, [1906, 1509, 1407]
22, 6, 3.05, [1328, 2989, 1407]
22, 7, 3.04, [1328, 1190, 1407]
22, 8, 3.02, [970, 1078, 1125]
22, 9, 3.01, [1279, 1403, 1020]
23, 0, 3.24, [717, 1509, 1078]
23, 1, 3.24, [1040, 1509, 1125]
23, 2, 3.23, [970, 1509, 1407]
23, 3, 3.22, [775, 1509, 1328]
23, 4, 3.16, [1020, 1509, 1040]
23, 5, 3.16, [1279, 1509, 695]
23, 6, 3.15, [970, 1509, 1190]
23, 7, 3.13, [1695, 1509, 1407]
23, 8, 3.13, [695, 1509, 1091]
23, 9, 3.02, [970, 1201, 695]
24, 0, 3.24, [717, 1509, 1078]
24, 1, 3.24, [1040, 1509, 1125]
24, 2, 3.2, [1040, 1509, 1425]
24, 3, 3.15, [1040, 1509, 1580]
24, 4, 3.14, [1378, 1509, 1078]
24, 5, 3.13, [1225, 1509, 1619]
24, 6, 3.05, [1328, 3662, 1201]
24, 7, 3.04, [717, 1767, 1125]
24, 8, 3.03, [1378, 1350, 1078]
24, 9, 3.02, [1225, 1141, 1328]
25, 0, 3.25, [1040, 1509, 1580]
25, 1, 3.24, [717, 1509, 1078]
25, 2, 3.24, [1040, 1509, 1125]
25, 3, 3.21, [717, 1509, 1279]
25, 4, 3.16, [1378, 1509, 1125]
25, 5, 3.14, [1107, 1509, 1580]
25, 6, 3.09, [788, 1107, 1425]
25, 7, 3.06, [1715, 1403, 1078]
25, 8, 3.05, [1040, 1091, 1407]
25, 9, 3.04, [1040, 1224, 1078]
26, 0, 3.25, [1040, 1509, 1580]
26, 1, 3.24, [717, 1509, 1078]
26, 2, 3.14, [1401, 1509, 1580]
26, 3, 3.07, [717, 1091, 1580]
26, 4, 3.06, [1040, 1715, 1125]
26, 5, 3.04, [1040, 1091, 1279]
26, 6, 3.03, [1040, 1201, 1068]
26, 7, 3.02, [717, 1146, 645]
26, 8, 3.0, [1225, 645, 521]
26, 9, 3.0, [775, 2110, 1580]
27, 0, 3.28, [1212, 1509, 788]
27, 1, 3.25, [1040, 1509, 1580]
27, 2, 3.24, [717, 1509, 1078]
27, 3, 3.22, [1378, 1509, 1580]
27, 4, 3.19, [1040, 1509, 521]
27, 5, 3.16, [1378, 1509, 1580]
27, 6, 3.15, [1040, 1509, 1580]
27, 7, 3.09, [1401, 1091, 1580]
27, 8, 3.07, [1059, 1224, 1091]
27, 9, 3.06, [1025, 1091, 1580]
28, 0, 3.28, [1212, 1509, 788]
28, 1, 3.25, [1212, 1509, 326]
28, 2, 3.25, [1040, 1509, 1580]
28, 3, 3.17, [1040, 1509, 1425]
28, 4, 3.16, [717, 1509, 1157]
28, 5, 3.16, [1347, 1509, 1580]
28, 6, 3.16, [1040, 1509, 697]
28, 7, 3.04, [1078, 1328, 788]
28, 8, 3.01, [1040, 1347, 1078]
28, 9, 3.01, [1201, 1107, 775]
29, 0, 3.28, [1212, 1509, 788]
29, 1, 3.25, [1212, 1509, 326]
29, 2, 3.24, [1223, 1509, 788]
29, 3, 3.18, [1212, 1509, 697]
29, 4, 3.17, [1437, 1509, 1580]
29, 5, 3.15, [3662, 1509, 1064]
29, 6, 3.1, [1040, 1509, 697]
29, 7, 3.08, [1040, 1350, 1425]
29, 8, 3.06, [1328, 1990, 1580]
29, 9, 3.02, [3124, 1403, 788]
30, 0, 3.28, [1212, 1509, 788]
30, 1, 3.25, [1212, 1509, 326]
30, 2, 3.2, [1350, 1509, 788]
30, 3, 3.2, [314, 1509, 905]
30, 4, 3.16, [1212, 1509, 1827]
30, 5, 3.08, [975, 1425, 788]
30, 6, 3.04, [1695, 1091, 788]
30, 7, 3.03, [326, 1287, 788]
30, 8, 3.02, [1225, 1020, 326]
30, 9, 3.01, [1212, 1518, 326]
31, 0, 3.28, [1212, 1509, 788]
31, 1, 3.25, [1212, 1509, 326]
31, 2, 3.17, [1212, 1509, 1141]
31, 3, 3.15, [1287, 1509, 1201]
31, 4, 3.15, [1403, 1509, 1347]
31, 5, 3.06, [1425, 576, 1767]
31, 6, 3.05, [1350, 1351, 1401]
31, 7, 3.04, [1580, 1146, 326]
31, 8, 3.03, [1225, 1695, 1146]
31, 9, 3.01, [1212, 1695, 1430]
32, 0, 3.28, [1212, 1509, 788]
32, 1, 3.25, [1212, 1509, 326]
32, 2, 3.21, [1025, 1509, 1141]
32, 3, 3.17, [1224, 1509, 788]
32, 4, 3.14, [2989, 1509, 1430]
32, 5, 3.13, [751, 1509, 1437]
32, 6, 3.11, [1212, 1509, 1225]
32, 7, 3.11, [831, 1509, 788]
32, 8, 3.08, [975, 1351, 788]
32, 9, 3.05, [1430, 1351, 326]
33, 0, 3.28, [1212, 1509, 788]
33, 1, 3.25, [1212, 1509, 326]
33, 2, 3.19, [1212, 1509, 1350]
33, 3, 3.13, [1212, 1509, 697]
33, 4, 3.09, [788, 1425, 1225]
33, 5, 3.08, [1212, 576, 1401]
33, 6, 3.07, [1091, 2377, 975]
33, 7, 3.06, [1025, 1125, 326]
33, 8, 3.02, [1212, 1518, 775]
33, 9, 3.0, [1064, 1190, 1107]
34, 0, 3.28, [1212, 1509, 788]
34, 1, 3.25, [1212, 1509, 326]
34, 2, 3.2, [1580, 1509, 326]
34, 3, 3.16, [1225, 1509, 645]
34, 4, 3.14, [1025, 1509, 326]
34, 5, 3.14, [1131, 1509, 1767]
34, 6, 3.11, [1212, 1509, 1025]
34, 7, 3.02, [1212, 1141, 645]
34, 8, 3.01, [3124, 1347, 697]
34, 9, 3.01, [751, 1146, 785]
35, 0, 3.28, [1212, 1509, 788]
35, 1, 3.25, [1212, 1509, 326]
35, 2, 3.18, [1212, 1509, 1157]
35, 3, 3.17, [576, 1509, 645]
35, 4, 3.09, [1212, 1509, 1125]
35, 5, 3.08, [1225, 1091, 326]
35, 6, 3.07, [1212, 1425, 645]
35, 7, 3.06, [1212, 1350, 645]
35, 8, 3.04, [1225, 1091, 788]
35, 9, 3.03, [521, 1190, 3662]
36, 0, 3.28, [1212, 1509, 788]
36, 1, 3.25, [1212, 1509, 326]
36, 2, 3.17, [1078, 1509, 326]
36, 3, 3.13, [775, 1509, 1827]
36, 4, 3.08, [1091, 1351, 326]
36, 5, 3.06, [1212, 576, 695]
36, 6, 3.02, [1619, 1201, 788]
36, 7, 3.02, [1212, 717, 521]
36, 8, 3.01, [1279, 751, 1190]
36, 9, 3.01, [1020, 1157, 788]
37, 0, 3.28, [1212, 1509, 788]
37, 1, 3.25, [1212, 1509, 326]
37, 2, 3.14, [1212, 1509, 1827]
37, 3, 3.06, [1425, 2377, 326]
37, 4, 3.06, [1078, 905, 1827]
37, 5, 3.05, [576, 1091, 1827]
37, 6, 3.03, [1107, 1146, 326]
37, 7, 3.02, [1078, 2989, 326]
37, 8, 3.01, [1020, 1224, 788]
37, 9, 3.01, [1212, 1437, 1350]
38, 0, 3.28, [1212, 1509, 788]
38, 1, 3.25, [1212, 1509, 326]
38, 2, 3.21, [3124, 1509, 326]
38, 3, 3.2, [1025, 1509, 326]
38, 4, 3.19, [1715, 1509, 788]
38, 5, 3.19, [1695, 1509, 717]
38, 6, 3.15, [1425, 1509, 1827]
38, 7, 3.07, [1212, 2377, 1091]
38, 8, 3.03, [1212, 2377, 1125]
38, 9, 3.02, [1190, 1078, 788]
39, 0, 3.28, [1212, 1509, 788]
39, 1, 3.25, [1212, 1509, 326]
39, 2, 3.24, [1020, 1509, 326]
39, 3, 3.2, [576, 1509, 788]
39, 4, 3.18, [2989, 1509, 1131]
39, 5, 3.16, [1212, 1509, 697]
39, 6, 3.12, [1212, 1509, 1131]
39, 7, 3.12, [1695, 1509, 1827]
39, 8, 3.02, [1212, 1652, 1078]
39, 9, 3.01, [1212, 788, 1247]
40, 0, 3.28, [1212, 1509, 788]
40, 1, 3.25, [1212, 1509, 326]
40, 2, 3.18, [3124, 1509, 788]
40, 3, 3.11, [1212, 1350, 905]
40, 4, 3.1, [1212, 1509, 1580]
40, 5, 3.06, [1020, 1401, 775]
40, 6, 3.05, [1212, 775, 785]
40, 7, 3.03, [905, 1767, 788]
40, 8, 3.02, [1695, 1025, 326]
40, 9, 3.01, [1028, 1652, 788]
41, 0, 3.28, [1212, 1509, 788]
41, 1, 3.25, [326, 1509, 1091]
41, 2, 3.25, [1212, 1509, 326]
41, 3, 3.15, [1509, 1368, 576]
41, 4, 3.11, [749, 1509, 1040]
41, 5, 3.09, [1212, 1509, 695]
41, 6, 3.06, [3124, 1125, 1190]
41, 7, 3.05, [1212, 1350, 697]
41, 8, 3.01, [1212, 1040, 1247]
41, 9, 3.0, [1212, 1107, 1580]
42, 0, 3.28, [1212, 1509, 788]
42, 1, 3.25, [326, 1509, 1091]
42, 2, 3.24, [326, 1509, 697]
42, 3, 3.24, [1212, 1509, 1430]
42, 4, 3.24, [1827, 1509, 788]
42, 5, 3.2, [1287, 1509, 1091]
42, 6, 3.16, [1212, 1509, 1078]
42, 7, 3.13, [326, 1509, 697]
42, 8, 3.11, [1212, 1401, 576]
42, 9, 3.09, [326, 1509, 1767]
43, 0, 3.28, [1212, 1509, 788]
43, 1, 3.25, [326, 1509, 1091]
43, 2, 3.17, [2989, 1509, 695]
43, 3, 3.17, [326, 1509, 1225]
43, 4, 3.06, [326, 2989, 1091]
43, 5, 3.04, [1131, 1224, 1437]
43, 6, 3.04, [1350, 1695, 1028]
43, 7, 3.03, [1131, 1125, 1401]
43, 8, 3.03, [1212, 3662, 1091]
43, 9, 3.0, [1212, 1279, 645]
44, 0, 3.28, [1212, 1509, 788]
44, 1, 3.25, [326, 1509, 1091]
44, 2, 3.2, [326, 1509, 1091]
44, 3, 3.19, [1827, 1509, 788]
44, 4, 3.19, [326, 1509, 697]
44, 5, 3.18, [1827, 1509, 1091]
44, 6, 3.06, [2989, 2332, 1091]
44, 7, 3.04, [1212, 1247, 695]
44, 8, 3.01, [1212, 1518, 1091]
44, 9, 3.01, [2989, 2377, 788]
45, 0, 3.28, [1212, 1509, 788]
45, 1, 3.25, [326, 1509, 1091]
45, 2, 3.16, [1715, 1509, 785]
45, 3, 3.14, [905, 1509, 1695]
45, 4, 3.1, [1146, 1509, 1580]
45, 5, 3.1, [1212, 1509, 717]
45, 6, 3.08, [1028, 1425, 717]
45, 7, 3.07, [1827, 1190, 1425]
45, 8, 3.03, [975, 1695, 1224]
45, 9, 3.01, [1212, 1715, 1224]
46, 0, 3.28, [1212, 1509, 788]
46, 1, 3.25, [326, 1509, 1091]
46, 2, 3.13, [1025, 1509, 1403]
46, 3, 3.12, [1715, 1509, 697]
46, 4, 3.06, [5684, 1224, 576]
46, 5, 3.05, [1212, 1401, 785]
46, 6, 3.05, [326, 1767, 785]
46, 7, 3.02, [1212, 1767, 775]
46, 8, 3.01, [1715, 2332, 1091]
46, 9, 3.0, [1131, 1225, 785]
47, 0, 3.28, [1212, 1509, 788]
47, 1, 3.25, [326, 1509, 1091]
47, 2, 3.23, [1827, 1509, 697]
47, 3, 3.2, [1715, 1509, 1442]
47, 4, 3.18, [326, 1509, 2094]
47, 5, 3.16, [1767, 1509, 1078]
47, 6, 3.13, [1190, 1509, 1201]
47, 7, 3.11, [1025, 1509, 1311]
47, 8, 3.1, [326, 1091, 1350]
47, 9, 3.02, [326, 1518, 717]
48, 0, 3.28, [1212, 1509, 788]
48, 1, 3.25, [326, 1509, 1091]
48, 2, 3.23, [326, 1509, 1149]
48, 3, 3.19, [1212, 1509, 3662]
48, 4, 3.16, [1767, 1509, 1078]
48, 5, 3.16, [326, 1509, 697]
48, 6, 3.07, [1146, 1223, 1350]
48, 7, 3.04, [1827, 1091, 788]
48, 8, 3.02, [1287, 326, 697]
48, 9, 3.02, [1212, 645, 697]
49, 0, 3.28, [1212, 1509, 788]
49, 1, 3.25, [326, 1509, 1091]
49, 2, 3.16, [1212, 1509, 697]
49, 3, 3.14, [1619, 1509, 905]
49, 4, 3.13, [1827, 1509, 1149]
49, 5, 3.12, [1212, 1509, 717]
49, 6, 3.11, [1224, 1509, 1149]
49, 7, 3.03, [326, 2989, 788]
49, 8, 3.03, [1225, 1652, 1091]
49, 9, 3.02, [1212, 576, 1827]
50, 0, 3.28, [1212, 1509, 788]
50, 1, 3.25, [326, 1509, 1091]
50, 2, 3.17, [1212, 1509, 1430]
50, 3, 3.11, [1407, 1509, 788]
50, 4, 3.07, [1212, 1040, 1091]
50, 5, 3.04, [905, 1580, 697]
50, 6, 3.03, [326, 2989, 788]
50, 7, 3.02, [1212, 751, 697]
50, 8, 3.02, [326, 1403, 788]
50, 9, 3.01, [1212, 975, 1328]
