generation number, individual number, fitness, candidate
0, 0, 10.34, [287, 282]
0, 1, 7.5, [1092, 3397]
0, 2, 7.24, [702, 693]
0, 3, 7.04, [2598, 1315]
0, 4, 7.02, [291, 702]
0, 5, 5.42, [1006, 101]
0, 6, 3.05, [1588, 3102]
0, 7, 3.03, [1040, 2400]
0, 8, 2.0, [1006, 3735]
0, 9, 2.0, [263, 1006]
1, 0, 10.58, [1322, 282]
1, 1, 10.34, [287, 282]
1, 2, 9.46, [3760, 3752]
1, 3, 9.0, [1040, 282]
1, 4, 8.47, [287, 229]
1, 5, 8.3, [702, 2260]
1, 6, 8.0, [1032, 3397]
1, 7, 7.7, [1032, 3749]
1, 8, 7.67, [1040, 693]
1, 9, 7.5, [1092, 3397]
2, 0, 10.92, [3733, 77]
2, 1, 10.64, [3754, 282]
2, 2, 10.58, [1322, 282]
2, 3, 10.34, [287, 282]
2, 4, 9.21, [3105, 1032]
2, 5, 9.18, [1032, 2156]
2, 6, 8.94, [1829, 3750]
2, 7, 8.72, [284, 77]
2, 8, 6.99, [1833, 3741]
2, 9, 6.5, [1830, 119]
3, 0, 13.23, [2229, 3100]
3, 1, 10.92, [3733, 77]
3, 2, 10.64, [3754, 282]
3, 3, 10.35, [1321, 77]
3, 4, 9.65, [3737, 282]
3, 5, 9.28, [3733, 159]
3, 6, 9.02, [1831, 3740]
3, 7, 8.81, [4129, 3742]
3, 8, 8.76, [1040, 689]
3, 9, 8.48, [3397, 229]
4, 0, 13.96, [2229, 77]
4, 1, 13.23, [2229, 3100]
4, 2, 11.68, [2229, 159]
4, 3, 11.61, [3739, 77]
4, 4, 11.39, [3733, 77]
4, 5, 11.34, [3733, 77]
4, 6, 10.92, [3733, 77]
4, 7, 10.11, [2156, 159]
4, 8, 8.62, [3739, 3100]
4, 9, 7.21, [3735, 3100]
5, 0, 13.96, [2229, 77]
5, 1, 13.28, [1829, 77]
5, 2, 13.23, [2229, 3100]
5, 3, 11.22, [2229, 3739]
5, 4, 9.52, [284, 279]
5, 5, 7.94, [996, 689]
5, 6, 7.49, [702, 2261]
5, 7, 6.19, [2464, 159]
5, 8, 5.95, [3749, 3755]
5, 9, 5.0, [1315, 263]
6, 0, 15.08, [1831, 77]
6, 1, 14.68, [1831, 77]
6, 2, 13.96, [2229, 77]
6, 3, 13.28, [1829, 77]
6, 4, 11.47, [3736, 229]
6, 5, 11.17, [2156, 3100]
6, 6, 10.96, [4130, 77]
6, 7, 9.66, [295, 2229]
6, 8, 8.31, [287, 3754]
6, 9, 6.24, [2463, 269]
7, 0, 15.08, [1831, 77]
7, 1, 14.68, [1831, 77]
7, 2, 11.89, [1830, 77]
7, 3, 11.81, [4128, 77]
7, 4, 10.29, [2261, 77]
7, 5, 10.12, [3100, 1322]
7, 6, 9.68, [3105, 3746]
7, 7, 7.56, [1830, 1322]
7, 8, 6.96, [1315, 2261]
7, 9, 6.42, [1829, 3748]
8, 0, 15.08, [1831, 77]
8, 1, 14.68, [1831, 77]
8, 2, 11.43, [3736, 702]
8, 3, 11.38, [1830, 77]
8, 4, 11.24, [1831, 3733]
8, 5, 11.01, [3749, 77]
8, 6, 10.81, [1825, 1322]
8, 7, 10.37, [3100, 275]
8, 8, 8.76, [3105, 3755]
8, 9, 7.28, [4131, 3733]
9, 0, 15.08, [1831, 77]
9, 1, 14.68, [1831, 77]
9, 2, 11.6, [3733, 77]
9, 3, 10.89, [3758, 77]
9, 4, 10.52, [1831, 1825]
9, 5, 10.44, [1831, 1322]
9, 6, 8.85, [1829, 702]
9, 7, 7.98, [1541, 3733]
9, 8, 6.11, [295, 1987]
9, 9, 5.77, [2463, 293]
10, 0, 15.08, [1831, 77]
10, 1, 14.68, [1831, 77]
10, 2, 12.07, [1830, 77]
10, 3, 11.66, [3744, 77]
10, 4, 11.2, [3737, 77]
10, 5, 8.86, [1826, 77]
10, 6, 8.58, [270, 284]
10, 7, 8.08, [1322, 1032]
10, 8, 7.96, [4128, 3754]
10, 9, 6.47, [3741, 4794]
11, 0, 15.08, [1831, 77]
11, 1, 14.68, [1831, 77]
11, 2, 11.06, [1831, 2260]
11, 3, 9.32, [1896, 3736]
11, 4, 8.23, [72, 1830]
11, 5, 8.17, [1830, 3754]
11, 6, 8.07, [689, 293]
11, 7, 7.64, [1830, 1322]
11, 8, 7.63, [1831, 263]
11, 9, 7.18, [546, 2463]
12, 0, 15.08, [1831, 77]
12, 1, 14.68, [1831, 77]
12, 2, 11.0, [3749, 77]
12, 3, 9.89, [1831, 285]
12, 4, 9.23, [1092, 3100]
12, 5, 9.21, [359, 3100]
12, 6, 8.94, [1829, 279]
12, 7, 8.12, [284, 159]
12, 8, 7.69, [1831, 699]
12, 9, 6.55, [3753, 3755]
13, 0, 15.08, [1831, 77]
13, 1, 14.68, [1831, 77]
13, 2, 12.96, [2156, 77]
13, 3, 9.83, [2400, 77]
13, 4, 7.73, [3760, 1032]
13, 5, 7.71, [2156, 3748]
13, 6, 6.0, [263, 693]
13, 7, 5.73, [1834, 2400]
13, 8, 5.14, [1605, 4129]
13, 9, 5.11, [3740, 293]
14, 0, 15.08, [1831, 77]
14, 1, 14.68, [1831, 77]
14, 2, 11.26, [1830, 77]
14, 3, 10.12, [282, 3750]
14, 4, 8.66, [3760, 159]
14, 5, 7.7, [101, 359]
14, 6, 6.88, [3777, 1032]
14, 7, 6.44, [269, 3777]
14, 8, 5.91, [3750, 1605]
14, 9, 5.8, [359, 1040]
15, 0, 15.08, [1831, 77]
15, 1, 14.68, [1831, 77]
15, 2, 14.2, [1825, 77]
15, 3, 12.31, [1829, 77]
15, 4, 9.72, [282, 4130]
15, 5, 9.65, [1825, 119]
15, 6, 8.4, [1831, 1833]
15, 7, 7.99, [1831, 1006]
15, 8, 7.03, [1830, 3748]
15, 9, 6.29, [1321, 287]
16, 0, 15.08, [1831, 77]
16, 1, 14.68, [1831, 77]
16, 2, 10.8, [1831, 287]
16, 3, 10.02, [101, 181]
16, 4, 8.58, [1825, 3761]
16, 5, 7.86, [3753, 72]
16, 6, 7.8, [4131, 279]
16, 7, 6.29, [287, 293]
16, 8, 5.0, [1588, 24]
16, 9, 3.51, [1896, 1686]
17, 0, 15.08, [1831, 77]
17, 1, 14.68, [1831, 77]
17, 2, 12.36, [72, 77]
17, 3, 11.76, [1831, 159]
17, 4, 11.24, [1322, 3736]
17, 5, 10.22, [1831, 3397]
17, 6, 9.73, [1829, 181]
17, 7, 9.52, [996, 77]
17, 8, 8.49, [101, 275]
17, 9, 7.8, [3736, 1686]
18, 0, 15.08, [1831, 77]
18, 1, 14.68, [1831, 77]
18, 2, 9.61, [1831, 285]
18, 3, 7.31, [1829, 359]
18, 4, 7.13, [1588, 3752]
18, 5, 7.09, [229, 285]
18, 6, 6.82, [2261, 1541]
18, 7, 6.79, [1829, 4794]
18, 8, 6.41, [3753, 3755]
18, 9, 6.26, [2595, 3777]
19, 0, 15.08, [1831, 77]
19, 1, 14.73, [1831, 3736]
19, 2, 14.68, [1831, 77]
19, 3, 11.2, [1831, 275]
19, 4, 11.02, [1831, 275]
19, 5, 10.97, [1831, 3739]
19, 6, 9.2, [3741, 1829]
19, 7, 8.67, [2229, 2400]
19, 8, 7.89, [689, 2261]
19, 9, 6.23, [263, 159]
20, 0, 15.08, [1831, 77]
20, 1, 14.73, [1831, 3736]
20, 2, 14.13, [1831, 3736]
20, 3, 11.96, [1831, 159]
20, 4, 11.0, [1830, 77]
20, 5, 10.72, [1831, 275]
20, 6, 9.3, [270, 3752]
20, 7, 8.62, [284, 3747]
20, 8, 7.63, [2400, 284]
20, 9, 7.08, [287, 3777]
21, 0, 15.08, [1831, 77]
21, 1, 14.73, [1831, 3736]
21, 2, 10.31, [1834, 3736]
21, 3, 9.78, [1829, 159]
21, 4, 9.02, [702, 1829]
21, 5, 8.51, [101, 275]
21, 6, 7.15, [119, 3739]
21, 7, 7.1, [1032, 2463]
21, 8, 7.09, [4128, 295]
21, 9, 6.81, [287, 3753]
22, 0, 15.08, [1831, 77]
22, 1, 14.73, [1831, 3736]
22, 2, 12.7, [1831, 284]
22, 3, 11.59, [1831, 3744]
22, 4, 10.65, [1830, 3736]
22, 5, 9.03, [279, 3744]
22, 6, 8.53, [1829, 3733]
22, 7, 8.31, [702, 1032]
22, 8, 7.27, [1834, 275]
22, 9, 6.91, [3745, 3742]
23, 0, 15.08, [1831, 77]
23, 1, 14.73, [1831, 3736]
23, 2, 12.39, [1829, 3736]
23, 3, 10.46, [1831, 3737]
23, 4, 8.98, [1829, 279]
23, 5, 6.95, [3745, 291]
23, 6, 6.2, [1605, 279]
23, 7, 5.81, [3745, 285]
23, 8, 5.57, [3745, 3748]
23, 9, 4.44, [293, 996]
24, 0, 15.08, [1831, 77]
24, 1, 14.73, [1831, 3736]
24, 2, 14.62, [1831, 77]
24, 3, 9.26, [1831, 3761]
24, 4, 8.33, [3105, 3777]
24, 5, 7.69, [3100, 4184]
24, 6, 7.53, [1831, 263]
24, 7, 7.25, [4131, 279]
24, 8, 6.81, [1834, 4131]
24, 9, 6.25, [359, 4131]
25, 0, 15.08, [1831, 77]
25, 1, 14.73, [1831, 3736]
25, 2, 11.37, [3747, 77]
25, 3, 10.52, [4130, 77]
25, 4, 10.38, [2260, 282]
25, 5, 10.15, [4130, 77]
25, 6, 10.13, [1831, 3733]
25, 7, 9.94, [1831, 270]
25, 8, 9.83, [291, 3736]
25, 9, 7.16, [1829, 3761]
26, 0, 15.21, [3736, 77]
26, 1, 15.08, [1831, 77]
26, 2, 14.73, [1831, 3736]
26, 3, 12.67, [1829, 77]
26, 4, 12.59, [3739, 77]
26, 5, 11.37, [1830, 77]
26, 6, 10.99, [1831, 275]
26, 7, 8.49, [279, 1829]
26, 8, 7.9, [3736, 263]
26, 9, 7.35, [3755, 1541]
27, 0, 15.21, [3736, 77]
27, 1, 15.08, [1831, 77]
27, 2, 11.08, [3737, 77]
27, 3, 10.44, [3755, 77]
27, 4, 10.04, [1831, 4129]
27, 5, 8.96, [1829, 3733]
27, 6, 7.68, [3748, 689]
27, 7, 7.43, [3752, 3759]
27, 8, 5.72, [1321, 3748]
27, 9, 5.0, [1006, 287]
28, 0, 15.21, [3736, 77]
28, 1, 15.08, [1831, 77]
28, 2, 11.88, [101, 77]
28, 3, 9.81, [3739, 159]
28, 4, 9.36, [2260, 689]
28, 5, 7.97, [3733, 229]
28, 6, 7.63, [181, 2260]
28, 7, 7.35, [3754, 293]
28, 8, 6.9, [3777, 3754]
28, 9, 6.86, [2261, 279]
29, 0, 15.21, [3736, 77]
29, 1, 15.08, [1831, 77]
29, 2, 12.01, [3754, 77]
29, 3, 11.08, [3736, 275]
29, 4, 10.62, [3753, 77]
29, 5, 9.95, [101, 284]
29, 6, 9.86, [1831, 2595]
29, 7, 8.61, [3750, 159]
29, 8, 7.09, [3760, 4129]
29, 9, 6.95, [33, 3741]
30, 0, 15.21, [3736, 77]
30, 1, 15.08, [1831, 77]
30, 2, 11.53, [181, 3752]
30, 3, 9.46, [3754, 159]
30, 4, 8.38, [3742, 359]
30, 5, 8.35, [3736, 263]
30, 6, 8.0, [352, 275]
30, 7, 7.81, [1006, 1831]
30, 8, 6.2, [3760, 3761]
30, 9, 5.14, [3761, 119]
31, 0, 15.21, [3736, 77]
31, 1, 15.08, [1831, 77]
31, 2, 12.02, [3736, 159]
31, 3, 11.78, [3736, 159]
31, 4, 8.52, [284, 3745]
31, 5, 8.46, [229, 275]
31, 6, 7.68, [279, 3750]
31, 7, 6.97, [3100, 1588]
31, 8, 6.5, [181, 1006]
31, 9, 5.0, [1588, 279]
32, 0, 15.21, [3736, 77]
32, 1, 15.08, [1831, 77]
32, 2, 12.67, [693, 77]
32, 3, 11.84, [3736, 159]
32, 4, 11.39, [3743, 77]
32, 5, 10.53, [119, 77]
32, 6, 10.21, [1831, 359]
32, 7, 9.34, [1830, 159]
32, 8, 9.19, [284, 3733]
32, 9, 7.19, [3102, 284]
33, 0, 15.21, [3736, 77]
33, 1, 15.08, [1831, 77]
33, 2, 12.18, [3744, 77]
33, 3, 11.34, [3754, 77]
33, 4, 10.3, [291, 77]
33, 5, 9.33, [3752, 275]
33, 6, 7.56, [3761, 693]
33, 7, 7.05, [1987, 2260]
33, 8, 6.74, [4131, 269]
33, 9, 6.21, [4130, 3756]
34, 0, 15.21, [3736, 77]
34, 1, 15.08, [1831, 77]
34, 2, 11.0, [3749, 77]
34, 3, 10.45, [3736, 275]
34, 4, 10.42, [1831, 275]
34, 5, 9.45, [2229, 4130]
34, 6, 9.23, [3761, 3736]
34, 7, 8.74, [3744, 275]
34, 8, 7.47, [1321, 72]
34, 9, 5.0, [1828, 352]
35, 0, 15.21, [3736, 77]
35, 1, 15.08, [1831, 77]
35, 2, 12.71, [1831, 3100]
35, 3, 10.84, [1831, 1315]
35, 4, 10.01, [3736, 3744]
35, 5, 9.87, [3736, 3747]
35, 6, 8.96, [3743, 284]
35, 7, 8.62, [1040, 3100]
35, 8, 6.71, [3748, 2260]
35, 9, 6.57, [689, 263]
36, 0, 15.21, [3736, 77]
36, 1, 15.08, [1831, 77]
36, 2, 13.84, [3736, 1831]
36, 3, 13.09, [1831, 282]
36, 4, 11.2, [1831, 4128]
36, 5, 8.2, [702, 275]
36, 6, 7.72, [1830, 1315]
36, 7, 5.53, [263, 101]
36, 8, 5.0, [275, 4301]
36, 9, 5.0, [263, 275]
37, 0, 15.21, [3736, 77]
37, 1, 15.08, [1831, 77]
37, 2, 12.09, [2156, 282]
37, 3, 11.41, [3733, 77]
37, 4, 10.84, [3736, 275]
37, 5, 10.23, [3749, 1831]
37, 6, 8.73, [3100, 3777]
37, 7, 7.55, [3777, 101]
37, 8, 6.66, [3747, 1321]
37, 9, 5.55, [3740, 3747]
38, 0, 15.21, [3736, 77]
38, 1, 15.08, [1831, 77]
38, 2, 11.44, [3733, 77]
38, 3, 10.91, [2463, 77]
38, 4, 10.04, [3736, 3741]
38, 5, 9.26, [702, 1829]
38, 6, 8.95, [3737, 181]
38, 7, 7.0, [996, 693]
38, 8, 6.99, [1834, 3397]
38, 9, 6.28, [291, 1834]
39, 0, 15.21, [3736, 77]
39, 1, 15.08, [1831, 77]
39, 2, 11.61, [1541, 77]
39, 3, 10.96, [3755, 77]
39, 4, 8.56, [3753, 284]
39, 5, 7.99, [3736, 263]
39, 6, 6.71, [295, 3747]
39, 7, 6.26, [3761, 3737]
39, 8, 6.15, [3758, 4131]
39, 9, 5.93, [3102, 3750]
40, 0, 15.21, [3736, 77]
40, 1, 15.08, [1831, 77]
40, 2, 12.1, [1831, 159]
40, 3, 10.66, [119, 77]
40, 4, 9.4, [3736, 3746]
40, 5, 9.22, [271, 3736]
40, 6, 9.1, [1825, 2400]
40, 7, 8.53, [119, 181]
40, 8, 8.5, [119, 284]
40, 9, 8.0, [1541, 275]
41, 0, 15.21, [3736, 77]
41, 1, 15.08, [1831, 77]
41, 2, 11.97, [1831, 159]
41, 3, 10.6, [3742, 159]
41, 4, 9.13, [3754, 159]
41, 5, 8.3, [359, 3742]
41, 6, 8.0, [1541, 275]
41, 7, 7.59, [275, 2595]
41, 8, 6.21, [1830, 3102]
41, 9, 4.96, [295, 275]
42, 0, 15.21, [3736, 77]
42, 1, 15.08, [1831, 77]
42, 2, 12.15, [1831, 284]
42, 3, 11.95, [3739, 77]
42, 4, 11.67, [1829, 77]
42, 5, 10.94, [1092, 77]
42, 6, 10.46, [3736, 270]
42, 7, 10.25, [3736, 2595]
42, 8, 9.46, [3754, 159]
42, 9, 9.03, [2490, 3736]
43, 0, 15.21, [3736, 77]
43, 1, 15.08, [1831, 77]
43, 2, 11.52, [1831, 3746]
43, 3, 10.94, [1831, 275]
43, 4, 10.69, [1830, 77]
43, 5, 10.52, [3739, 282]
43, 6, 9.53, [3755, 284]
43, 7, 7.9, [3739, 275]
43, 8, 6.5, [699, 181]
43, 9, 5.61, [3102, 3756]
44, 0, 15.21, [3736, 77]
44, 1, 15.08, [1831, 77]
44, 2, 12.24, [1829, 77]
44, 3, 12.17, [3736, 3100]
44, 4, 11.73, [1831, 3746]
44, 5, 10.6, [1987, 77]
44, 6, 10.29, [3758, 77]
44, 7, 7.61, [2400, 159]
44, 8, 6.32, [3760, 3759]
44, 9, 6.25, [293, 3755]
45, 0, 15.21, [3736, 77]
45, 1, 15.08, [1831, 77]
45, 2, 11.48, [3736, 3100]
45, 3, 11.08, [1831, 275]
45, 4, 10.64, [3736, 275]
45, 5, 10.52, [2595, 3736]
45, 6, 10.52, [3749, 1825]
45, 7, 9.59, [1831, 1040]
45, 8, 7.16, [4128, 3748]
45, 9, 6.86, [3756, 3741]
46, 0, 15.21, [3736, 77]
46, 1, 15.08, [1831, 77]
46, 2, 12.72, [3105, 77]
46, 3, 11.63, [3743, 77]
46, 4, 11.51, [2156, 3752]
46, 5, 11.44, [3736, 101]
46, 6, 10.28, [3736, 270]
46, 7, 9.53, [1830, 3100]
46, 8, 8.63, [282, 3740]
46, 9, 6.84, [4130, 3743]
47, 0, 15.21, [3736, 77]
47, 1, 15.08, [1831, 77]
47, 2, 13.48, [1831, 3736]
47, 3, 12.45, [3736, 181]
47, 4, 11.39, [3755, 77]
47, 5, 9.07, [3100, 359]
47, 6, 8.59, [3743, 159]
47, 7, 7.69, [2463, 702]
47, 8, 7.36, [3737, 1315]
47, 9, 7.33, [3743, 275]
48, 0, 15.21, [3736, 77]
48, 1, 15.08, [1831, 77]
48, 2, 12.46, [3736, 2156]
48, 3, 10.9, [3736, 275]
48, 4, 9.57, [1541, 181]
48, 5, 8.58, [3745, 159]
48, 6, 8.54, [1834, 181]
48, 7, 8.08, [1829, 4108]
48, 8, 7.39, [1834, 2260]
48, 9, 7.38, [1092, 3743]
49, 0, 15.21, [3736, 77]
49, 1, 15.08, [1831, 77]
49, 2, 12.34, [1829, 77]
49, 3, 12.1, [352, 77]
49, 4, 11.91, [3741, 77]
49, 5, 10.79, [1831, 269]
49, 6, 8.07, [3740, 159]
49, 7, 7.66, [3736, 263]
49, 8, 7.59, [3736, 263]
49, 9, 7.54, [3760, 275]
50, 0, 15.21, [3736, 77]
50, 1, 15.08, [1831, 77]
50, 2, 11.77, [3746, 77]
50, 3, 11.41, [1829, 3100]
50, 4, 9.29, [3736, 3750]
50, 5, 9.19, [3736, 1605]
50, 6, 8.68, [1829, 3739]
50, 7, 7.14, [359, 287]
50, 8, 6.38, [293, 2260]
50, 9, 6.33, [359, 3749]
