generation number, individual number, fitness, candidate
0, 0, 3.21, [1825, 3754, 1987]
0, 1, 3.12, [3102, 3750, 3105]
0, 2, 3.12, [3745, 689, 33]
0, 3, 3.1, [3105, 1831, 270]
0, 4, 3.08, [159, 1006, 4129]
0, 5, 3.08, [2156, 3100, 1315]
0, 6, 3.08, [3743, 3761, 2261]
0, 7, 3.06, [3743, 702, 1834]
0, 8, 3.03, [293, 3102, 270]
0, 9, 3.01, [263, 2156, 2260]
1, 0, 3.23, [1825, 689, 3102]
1, 1, 3.21, [3100, 3750, 33]
1, 2, 3.21, [1825, 3754, 1987]
1, 3, 3.19, [3745, 689, 2229]
1, 4, 3.17, [3756, 689, 1987]
1, 5, 3.15, [689, 3754, 1987]
1, 6, 3.15, [3756, 689, 3105]
1, 7, 3.15, [1833, 3754, 3105]
1, 8, 3.12, [1830, 3754, 33]
1, 9, 3.12, [3102, 3750, 3105]
2, 0, 3.26, [1825, 689, 2463]
2, 1, 3.23, [1825, 689, 3102]
2, 2, 3.21, [3100, 3750, 33]
2, 3, 3.18, [3745, 689, 3100]
2, 4, 3.15, [352, 689, 4794]
2, 5, 3.14, [1828, 689, 1987]
2, 6, 3.13, [275, 689, 702]
2, 7, 3.12, [689, 3755, 2595]
2, 8, 3.11, [3100, 3739, 1987]
2, 9, 3.11, [3760, 3744, 1825]
3, 0, 3.26, [1825, 689, 2463]
3, 1, 3.23, [1831, 689, 3100]
3, 2, 3.23, [1825, 689, 3102]
3, 3, 3.19, [689, 3750, 3102]
3, 4, 3.17, [3100, 2595, 689]
3, 5, 3.15, [1825, 689, 3102]
3, 6, 3.15, [1831, 689, 2463]
3, 7, 3.14, [1826, 689, 3100]
3, 8, 3.14, [3745, 689, 3100]
3, 9, 3.11, [3745, 3759, 2463]
4, 0, 3.26, [1825, 689, 2463]
4, 1, 3.24, [3754, 689, 3736]
4, 2, 3.23, [1831, 689, 3100]
4, 3, 3.17, [1825, 3734, 3100]
4, 4, 3.15, [1825, 1040, 3100]
4, 5, 3.12, [1686, 2598, 3736]
4, 6, 3.12, [1828, 689, 3100]
4, 7, 3.11, [1831, 3743, 1321]
4, 8, 3.09, [1588, 689, 2463]
4, 9, 3.08, [1831, 284, 3102]
5, 0, 3.26, [1825, 689, 2463]
5, 1, 3.24, [3754, 689, 3736]
5, 2, 3.2, [1825, 3760, 3100]
5, 3, 3.18, [3754, 689, 2229]
5, 4, 3.18, [1825, 689, 3758]
5, 5, 3.15, [3754, 3736, 2463]
5, 6, 3.14, [1825, 270, 3736]
5, 7, 3.14, [3754, 689, 3743]
5, 8, 3.13, [1831, 689, 1987]
5, 9, 3.13, [1828, 689, 3736]
6, 0, 3.3, [1825, 3742, 2229]
6, 1, 3.26, [1825, 689, 2463]
6, 2, 3.25, [1825, 689, 3760]
6, 3, 3.25, [1825, 3760, 3749]
6, 4, 3.24, [3754, 689, 3736]
6, 5, 3.23, [3754, 3743, 3100]
6, 6, 3.22, [1833, 689, 3100]
6, 7, 3.14, [1825, 3760, 1987]
6, 8, 3.13, [3743, 689, 2463]
6, 9, 3.13, [1825, 3760, 1987]
7, 0, 3.3, [1825, 3742, 2229]
7, 1, 3.26, [1825, 689, 2463]
7, 2, 3.24, [1825, 3739, 2229]
7, 3, 3.19, [1825, 3749, 2229]
7, 4, 3.16, [291, 4128, 1829]
7, 5, 3.15, [2490, 3742, 1829]
7, 6, 3.15, [3102, 4130, 2229]
7, 7, 3.11, [546, 3742, 2463]
7, 8, 3.09, [2490, 689, 3749]
7, 9, 3.09, [4131, 3743, 2229]
8, 0, 3.3, [1825, 3742, 2229]
8, 1, 3.26, [1825, 689, 2463]
8, 2, 3.19, [2463, 3742, 1829]
8, 3, 3.19, [1987, 689, 2229]
8, 4, 3.17, [1322, 3754, 2229]
8, 5, 3.16, [3760, 3742, 2156]
8, 6, 3.14, [1032, 3753, 2229]
8, 7, 3.13, [119, 2400, 3743]
8, 8, 3.12, [1825, 3749, 2463]
8, 9, 3.11, [1826, 3739, 2229]
9, 0, 3.3, [1825, 3742, 2229]
9, 1, 3.26, [1825, 689, 2463]
9, 2, 3.24, [1831, 689, 2229]
9, 3, 3.2, [2463, 3742, 2229]
9, 4, 3.18, [1831, 689, 2229]
9, 5, 3.16, [1825, 3742, 2156]
9, 6, 3.15, [1825, 3743, 1829]
9, 7, 3.15, [1825, 2490, 3100]
9, 8, 3.14, [1825, 689, 2464]
9, 9, 3.11, [1987, 3761, 2229]
10, 0, 3.3, [1825, 3742, 2229]
10, 1, 3.26, [1825, 689, 2463]
10, 2, 3.19, [1825, 3742, 2229]
10, 3, 3.18, [1825, 3742, 2229]
10, 4, 3.17, [1825, 3759, 2463]
10, 5, 3.16, [1825, 3750, 2229]
10, 6, 3.15, [1825, 3742, 1987]
10, 7, 3.15, [1686, 3742, 2463]
10, 8, 3.15, [1825, 689, 2464]
10, 9, 3.12, [2400, 3742, 2463]
11, 0, 3.3, [1825, 3742, 2229]
11, 1, 3.26, [1825, 689, 2463]
11, 2, 3.22, [1831, 689, 2229]
11, 3, 3.19, [72, 689, 2229]
11, 4, 3.17, [1825, 3739, 2463]
11, 5, 3.14, [271, 3742, 2463]
11, 6, 3.13, [1825, 159, 3746]
11, 7, 3.12, [3748, 689, 352]
11, 8, 3.11, [3734, 689, 24]
11, 9, 3.09, [1322, 3745, 3105]
12, 0, 3.3, [1825, 3742, 2229]
12, 1, 3.26, [1825, 689, 2463]
12, 2, 3.2, [1825, 3742, 3744]
12, 3, 3.19, [1825, 3758, 2229]
12, 4, 3.18, [1831, 3750, 2463]
12, 5, 3.18, [1825, 3750, 2229]
12, 6, 3.17, [1825, 689, 2464]
12, 7, 3.13, [1831, 3742, 270]
12, 8, 3.13, [72, 3740, 2229]
12, 9, 3.11, [1825, 3753, 119]
13, 0, 3.3, [1825, 3742, 2229]
13, 1, 3.26, [1825, 689, 2463]
13, 2, 3.21, [3733, 689, 2229]
13, 3, 3.2, [1831, 689, 2229]
13, 4, 3.19, [1831, 689, 2229]
13, 5, 3.17, [3733, 689, 2229]
13, 6, 3.17, [1825, 3761, 3744]
13, 7, 3.14, [1825, 3742, 1987]
13, 8, 3.13, [1830, 3758, 2463]
13, 9, 3.11, [1825, 3741, 3740]
14, 0, 3.3, [1825, 3742, 2229]
14, 1, 3.26, [1825, 689, 2463]
14, 2, 3.18, [1829, 3742, 2229]
14, 3, 3.17, [1825, 3750, 2260]
14, 4, 3.16, [1006, 159, 3100]
14, 5, 3.16, [1686, 3742, 2229]
14, 6, 3.15, [1825, 3743, 2229]
14, 7, 3.14, [1825, 2598, 3758]
14, 8, 3.12, [3744, 3105, 2463]
14, 9, 3.11, [3748, 3742, 2229]
15, 0, 3.3, [1825, 3742, 2229]
15, 1, 3.26, [1825, 689, 2463]
15, 2, 3.16, [1825, 3742, 1987]
15, 3, 3.15, [1829, 689, 2229]
15, 4, 3.14, [1825, 3753, 2229]
15, 5, 3.13, [1825, 3742, 546]
15, 6, 3.12, [1825, 689, 2463]
15, 7, 3.12, [1825, 689, 2463]
15, 8, 3.1, [1829, 4128, 2464]
15, 9, 3.09, [3750, 101, 1541]
16, 0, 3.3, [1825, 3742, 2229]
16, 1, 3.26, [1825, 689, 2463]
16, 2, 3.14, [1825, 689, 2464]
16, 3, 3.14, [1825, 3754, 2464]
16, 4, 3.13, [1825, 2490, 2229]
16, 5, 3.11, [1829, 3740, 1987]
16, 6, 3.07, [1825, 3761, 2463]
16, 7, 3.06, [2400, 352, 2229]
16, 8, 3.05, [3750, 275, 229]
16, 9, 3.04, [3734, 4301, 1830]
17, 0, 3.3, [1825, 3742, 2229]
17, 1, 3.26, [1825, 689, 2463]
17, 2, 3.19, [1825, 3754, 2229]
17, 3, 3.16, [1825, 3740, 2229]
17, 4, 3.16, [3746, 689, 2464]
17, 5, 3.14, [1831, 689, 2463]
17, 6, 3.14, [1825, 3754, 1987]
17, 7, 3.13, [1825, 3754, 2156]
17, 8, 3.12, [1686, 3742, 2464]
17, 9, 3.11, [693, 3105, 1834]
18, 0, 3.3, [1825, 3742, 2229]
18, 1, 3.26, [1825, 689, 2463]
18, 2, 3.22, [3746, 689, 2156]
18, 3, 3.18, [1831, 3742, 2463]
18, 4, 3.17, [1825, 689, 2464]
18, 5, 3.16, [1825, 3750, 2463]
18, 6, 3.11, [1825, 3761, 2464]
18, 7, 3.11, [1825, 1315, 3105]
18, 8, 3.1, [3758, 1828, 1686]
18, 9, 3.1, [1825, 77, 3734]
19, 0, 3.3, [1825, 3742, 2229]
19, 1, 3.26, [1825, 689, 2463]
19, 2, 3.24, [3746, 689, 291]
19, 3, 3.23, [1825, 3736, 2229]
19, 4, 3.2, [1830, 3742, 2156]
19, 5, 3.16, [1825, 3100, 1833]
19, 6, 3.15, [1825, 689, 1833]
19, 7, 3.12, [3755, 689, 2463]
19, 8, 3.1, [1826, 3755, 2229]
19, 9, 3.1, [3748, 3742, 3754]
20, 0, 3.3, [1825, 3742, 2229]
20, 1, 3.26, [1825, 689, 2463]
20, 2, 3.2, [3746, 689, 2156]
20, 3, 3.18, [3100, 689, 2156]
20, 4, 3.17, [1825, 3736, 279]
20, 5, 3.17, [1825, 3742, 3749]
20, 6, 3.17, [1831, 3742, 291]
20, 7, 3.13, [33, 689, 3733]
20, 8, 3.11, [1686, 689, 2229]
20, 9, 3.09, [293, 689, 4131]
21, 0, 3.3, [1825, 3742, 2229]
21, 1, 3.26, [1825, 689, 2463]
21, 2, 3.25, [77, 3742, 3100]
21, 3, 3.24, [3100, 3736, 2229]
21, 4, 3.23, [1825, 689, 3740]
21, 5, 3.23, [1825, 689, 2463]
21, 6, 3.15, [1825, 3742, 2229]
21, 7, 3.13, [1825, 3742, 2156]
21, 8, 3.13, [3100, 3758, 2463]
21, 9, 3.12, [1833, 689, 2156]
22, 0, 3.3, [1825, 3742, 2229]
22, 1, 3.26, [2229, 3742, 3100]
22, 2, 3.26, [1825, 689, 2463]
22, 3, 3.22, [1825, 3742, 2229]
22, 4, 3.18, [3744, 4129, 270]
22, 5, 3.14, [1825, 689, 1829]
22, 6, 3.14, [1825, 689, 1987]
22, 7, 3.09, [77, 3758, 2463]
22, 8, 3.09, [1833, 3746, 2229]
22, 9, 3.08, [1686, 3742, 2463]
23, 0, 3.3, [1825, 3742, 2229]
23, 1, 3.26, [2229, 3742, 3100]
23, 2, 3.21, [1825, 3742, 3747]
23, 3, 3.21, [1825, 3750, 2463]
23, 4, 3.18, [1825, 3102, 2229]
23, 5, 3.18, [1825, 285, 2229]
23, 6, 3.17, [1825, 3742, 2261]
23, 7, 3.16, [3760, 3736, 1588]
23, 8, 3.14, [271, 689, 285]
23, 9, 3.13, [1825, 689, 2229]
24, 0, 3.3, [1825, 3752, 2229]
24, 1, 3.3, [1825, 3742, 2229]
24, 2, 3.26, [2229, 3742, 3100]
24, 3, 3.22, [2229, 3742, 3752]
24, 4, 3.18, [3756, 3742, 1829]
24, 5, 3.18, [546, 3742, 3100]
24, 6, 3.16, [1825, 3742, 1541]
24, 7, 3.1, [1825, 3761, 2463]
24, 8, 3.1, [1321, 3761, 3747]
24, 9, 3.08, [181, 1834, 2229]
25, 0, 3.3, [1825, 3746, 2229]
25, 1, 3.3, [1825, 3752, 2229]
25, 2, 3.3, [1825, 3742, 2229]
25, 3, 3.26, [1825, 3749, 3100]
25, 4, 3.19, [2464, 3742, 3752]
25, 5, 3.17, [689, 3739, 101]
25, 6, 3.14, [1833, 3742, 3100]
25, 7, 3.14, [3755, 3742, 282]
25, 8, 3.12, [1825, 1541, 2156]
25, 9, 3.09, [1825, 3105, 2156]
26, 0, 3.3, [1825, 3746, 2229]
26, 1, 3.3, [1825, 3752, 2229]
26, 2, 3.27, [689, 3752, 2156]
26, 3, 3.24, [1826, 3742, 3100]
26, 4, 3.2, [3756, 3752, 3742]
26, 5, 3.18, [1830, 3749, 2229]
26, 6, 3.13, [1833, 3746, 3100]
26, 7, 3.12, [1825, 3749, 1987]
26, 8, 3.12, [1825, 3739, 72]
26, 9, 3.11, [1605, 3742, 2229]
27, 0, 3.3, [1825, 3746, 2229]
27, 1, 3.3, [1825, 3752, 2229]
27, 2, 3.29, [689, 3756, 2229]
27, 3, 3.27, [3755, 3752, 2229]
27, 4, 3.22, [1825, 3742, 689]
27, 5, 3.21, [689, 3744, 2229]
27, 6, 3.2, [1825, 3752, 2229]
27, 7, 3.18, [1831, 3752, 2156]
27, 8, 3.18, [1830, 3752, 3736]
27, 9, 3.14, [1825, 3752, 2156]
28, 0, 3.3, [1825, 3746, 2229]
28, 1, 3.3, [1825, 3752, 2229]
28, 2, 3.24, [1825, 4129, 3100]
28, 3, 3.19, [3749, 3746, 2229]
28, 4, 3.19, [1826, 3752, 1987]
28, 5, 3.18, [689, 3746, 2463]
28, 6, 3.16, [1825, 3756, 4131]
28, 7, 3.15, [3755, 3752, 359]
28, 8, 3.13, [284, 3739, 546]
28, 9, 3.11, [1825, 3758, 2229]
29, 0, 3.3, [1825, 3746, 2229]
29, 1, 3.3, [1825, 3752, 2229]
29, 2, 3.26, [1825, 3747, 2229]
29, 3, 3.21, [1825, 3746, 2463]
29, 4, 3.19, [1833, 3749, 3742]
29, 5, 3.17, [1825, 3749, 2229]
29, 6, 3.16, [1825, 3746, 1987]
29, 7, 3.11, [1686, 3752, 1987]
29, 8, 3.11, [1826, 3752, 2156]
29, 9, 3.09, [1825, 3105, 4128]
30, 0, 3.3, [1825, 3746, 2229]
30, 1, 3.3, [1825, 3752, 2229]
30, 2, 3.19, [4301, 3746, 2229]
30, 3, 3.18, [3759, 3746, 271]
30, 4, 3.16, [2400, 3752, 2229]
30, 5, 3.15, [1825, 4130, 291]
30, 6, 3.14, [1825, 1040, 3105]
30, 7, 3.13, [1825, 3752, 291]
30, 8, 3.13, [1825, 3734, 2229]
30, 9, 3.12, [229, 3752, 4130]
31, 0, 3.3, [1825, 3746, 2229]
31, 1, 3.3, [1825, 3752, 2229]
31, 2, 3.27, [1825, 3752, 2156]
31, 3, 3.16, [1825, 3749, 2229]
31, 4, 3.13, [72, 3760, 1834]
31, 5, 3.13, [3748, 3746, 2229]
31, 6, 3.13, [2490, 3746, 2229]
31, 7, 3.09, [3759, 3746, 1092]
31, 8, 3.09, [1826, 3746, 271]
31, 9, 3.08, [4301, 3739, 2229]
32, 0, 3.3, [1825, 3746, 2229]
32, 1, 3.3, [1825, 3752, 2229]
32, 2, 3.21, [1825, 3752, 1829]
32, 3, 3.14, [4131, 3750, 2261]
32, 4, 3.13, [2400, 3746, 3739]
32, 5, 3.13, [1826, 3746, 2229]
32, 6, 3.13, [4128, 282, 3740]
32, 7, 3.09, [4794, 3752, 1987]
32, 8, 3.07, [101, 2261, 2229]
32, 9, 3.07, [287, 4129, 285]
33, 0, 3.3, [1825, 3746, 2229]
33, 1, 3.3, [1825, 3752, 2229]
33, 2, 3.2, [1831, 3752, 3741]
33, 3, 3.2, [4131, 3746, 3758]
33, 4, 3.19, [1825, 3105, 2229]
33, 5, 3.14, [3759, 3752, 3100]
33, 6, 3.13, [229, 3752, 2229]
33, 7, 3.13, [1825, 3749, 2229]
33, 8, 3.08, [1825, 77, 3740]
33, 9, 3.08, [2400, 3746, 1834]
34, 0, 3.3, [1825, 3746, 2229]
34, 1, 3.3, [1825, 3752, 2229]
34, 2, 3.28, [279, 3746, 2229]
34, 3, 3.25, [3760, 3752, 2229]
34, 4, 3.23, [1831, 3752, 1006]
34, 5, 3.18, [1825, 3752, 3750]
34, 6, 3.17, [3105, 3752, 1092]
34, 7, 3.15, [3754, 3746, 270]
34, 8, 3.13, [3745, 3752, 229]
34, 9, 3.11, [4131, 3746, 1987]
35, 0, 3.3, [1825, 3746, 2229]
35, 1, 3.3, [1825, 3752, 2229]
35, 2, 3.23, [1825, 3749, 2229]
35, 3, 3.2, [1825, 3752, 1315]
35, 4, 3.15, [1825, 3755, 2229]
35, 5, 3.14, [1833, 3746, 2229]
35, 6, 3.14, [1826, 3746, 2229]
35, 7, 3.12, [101, 3752, 2229]
35, 8, 3.11, [3777, 3737, 2229]
35, 9, 3.08, [119, 3746, 3102]
36, 0, 3.3, [1825, 3746, 2229]
36, 1, 3.3, [1825, 3752, 2229]
36, 2, 3.24, [1825, 3752, 2229]
36, 3, 3.23, [3742, 3752, 269]
36, 4, 3.19, [3744, 3752, 101]
36, 5, 3.19, [1825, 3747, 3754]
36, 6, 3.17, [1825, 3744, 2229]
36, 7, 3.15, [2490, 3755, 2229]
36, 8, 3.12, [4108, 3746, 33]
36, 9, 3.1, [1825, 3753, 2229]
37, 0, 3.3, [1825, 3746, 2229]
37, 1, 3.3, [1825, 3752, 2229]
37, 2, 3.19, [1825, 275, 2229]
37, 3, 3.14, [1825, 3761, 2229]
37, 4, 3.12, [3733, 1896, 3756]
37, 5, 3.12, [1605, 3746, 2261]
37, 6, 3.11, [1831, 72, 2229]
37, 7, 3.1, [1686, 1032, 2229]
37, 8, 3.07, [3734, 3746, 996]
37, 9, 3.06, [359, 229, 2229]
38, 0, 3.3, [1825, 3746, 2229]
38, 1, 3.3, [1825, 3752, 2229]
38, 2, 3.21, [1830, 3752, 2229]
38, 3, 3.19, [1825, 3741, 2229]
38, 4, 3.19, [1825, 3749, 2229]
38, 5, 3.14, [1825, 3752, 2463]
38, 6, 3.14, [1825, 3740, 1541]
38, 7, 3.12, [3744, 3746, 2464]
38, 8, 3.12, [1825, 275, 295]
38, 9, 3.09, [3753, 3754, 2229]
39, 0, 3.3, [1825, 3746, 2229]
39, 1, 3.3, [1825, 3752, 2229]
39, 2, 3.24, [3736, 3752, 3745]
39, 3, 3.21, [3754, 3752, 4128]
39, 4, 3.17, [1830, 3736, 2229]
39, 5, 3.16, [4108, 3746, 1829]
39, 6, 3.15, [1825, 3744, 2229]
39, 7, 3.15, [1825, 3740, 2229]
39, 8, 3.11, [1830, 284, 2229]
39, 9, 3.1, [4108, 3749, 2229]
40, 0, 3.3, [1825, 3746, 2229]
40, 1, 3.3, [1825, 3752, 2229]
40, 2, 3.24, [3736, 3750, 4128]
40, 3, 3.22, [2156, 1834, 689]
40, 4, 3.16, [1825, 3743, 2229]
40, 5, 3.14, [2490, 3755, 2229]
40, 6, 3.13, [3736, 1315, 3745]
40, 7, 3.12, [1825, 3752, 2463]
40, 8, 3.11, [3754, 3740, 3745]
40, 9, 3.08, [1825, 284, 101]
41, 0, 3.3, [1825, 3746, 2229]
41, 1, 3.3, [1825, 3752, 2229]
41, 2, 3.19, [1825, 3747, 2229]
41, 3, 3.18, [3754, 3750, 2229]
41, 4, 3.17, [1825, 3752, 2463]
41, 5, 3.16, [1830, 3746, 4128]
41, 6, 3.16, [1825, 3739, 2229]
41, 7, 3.15, [1825, 1032, 3739]
41, 8, 3.11, [3105, 1322, 1092]
41, 9, 3.1, [3752, 263, 2229]
42, 0, 3.3, [1825, 3746, 2229]
42, 1, 3.3, [1825, 3752, 2229]
42, 2, 3.2, [1825, 3752, 689]
42, 3, 3.2, [1825, 3100, 2229]
42, 4, 3.16, [1825, 3747, 3742]
42, 5, 3.16, [3754, 3752, 2229]
42, 6, 3.14, [1828, 3746, 2229]
42, 7, 3.1, [72, 3746, 1040]
42, 8, 3.07, [159, 293, 3741]
42, 9, 3.06, [3102, 1833, 3748]
43, 0, 3.3, [1825, 3746, 2229]
43, 1, 3.3, [1825, 3752, 2229]
43, 2, 3.22, [1825, 3100, 689]
43, 3, 3.19, [1825, 3747, 2229]
43, 4, 3.16, [1825, 3749, 2229]
43, 5, 3.16, [1825, 3746, 4184]
43, 6, 3.15, [1605, 3759, 2229]
43, 7, 3.11, [1826, 3752, 282]
43, 8, 3.08, [3754, 159, 352]
43, 9, 3.07, [1825, 3735, 4301]
44, 0, 3.3, [1825, 3746, 2229]
44, 1, 3.3, [1825, 3752, 2229]
44, 2, 3.23, [1825, 3100, 2229]
44, 3, 3.22, [1825, 3100, 1829]
44, 4, 3.17, [1825, 3741, 689]
44, 5, 3.16, [1830, 3752, 689]
44, 6, 3.15, [1825, 3750, 181]
44, 7, 3.11, [1825, 3746, 1987]
44, 8, 3.09, [1829, 3759, 352]
44, 9, 3.09, [1686, 3752, 4184]
45, 0, 3.3, [1825, 3746, 2229]
45, 1, 3.3, [1825, 3752, 2229]
45, 2, 3.24, [1825, 3736, 2229]
45, 3, 3.22, [1825, 3752, 1987]
45, 4, 3.18, [1825, 3752, 159]
45, 5, 3.13, [1825, 3100, 2598]
45, 6, 3.12, [2595, 3746, 2229]
45, 7, 3.12, [1825, 3746, 270]
45, 8, 3.11, [1825, 3746, 275]
45, 9, 3.08, [4129, 271, 546]
46, 0, 3.3, [1825, 3746, 2229]
46, 1, 3.3, [1825, 3752, 2229]
46, 2, 3.19, [4184, 3744, 2229]
46, 3, 3.15, [1825, 3746, 3736]
46, 4, 3.15, [1825, 3736, 282]
46, 5, 3.15, [1825, 3100, 2229]
46, 6, 3.13, [3744, 1987, 1829]
46, 7, 3.09, [1825, 2595, 1040]
46, 8, 3.09, [1833, 3746, 269]
46, 9, 3.07, [3756, 1092, 3740]
47, 0, 3.3, [1825, 3746, 2229]
47, 1, 3.3, [1825, 3752, 2229]
47, 2, 3.16, [3741, 3742, 4131]
47, 3, 3.15, [1830, 3100, 2463]
47, 4, 3.14, [271, 3746, 2229]
47, 5, 3.14, [1825, 3746, 77]
47, 6, 3.13, [1686, 3746, 2229]
47, 7, 3.13, [1686, 3736, 2229]
47, 8, 3.09, [1825, 1686, 2463]
47, 9, 3.09, [1825, 352, 2229]
48, 0, 3.3, [1825, 3746, 2229]
48, 1, 3.3, [1825, 3752, 2229]
48, 2, 3.23, [1825, 3744, 2229]
48, 3, 3.19, [1825, 3742, 3105]
48, 4, 3.17, [3741, 3749, 2229]
48, 5, 3.1, [1686, 3746, 3777]
48, 6, 3.1, [284, 1040, 2229]
48, 7, 3.09, [2260, 3746, 3750]
48, 8, 3.09, [1833, 3752, 1605]
48, 9, 3.08, [3397, 1322, 2229]
49, 0, 3.31, [1825, 3744, 3742]
49, 1, 3.3, [1825, 3746, 2229]
49, 2, 3.3, [1825, 3752, 2229]
49, 3, 3.2, [1825, 3746, 3744]
49, 4, 3.19, [1825, 3741, 2229]
49, 5, 3.18, [1825, 3752, 263]
49, 6, 3.14, [1825, 3752, 1896]
49, 7, 3.1, [1825, 3736, 270]
49, 8, 3.09, [1006, 3752, 2463]
49, 9, 3.08, [1826, 3742, 3397]
50, 0, 3.31, [3760, 3744, 3746]
50, 1, 3.31, [1825, 3744, 3742]
50, 2, 3.3, [1825, 3746, 2229]
50, 3, 3.26, [1825, 3746, 3750]
50, 4, 3.2, [1825, 3747, 2229]
50, 5, 3.18, [1825, 3744, 3749]
50, 6, 3.17, [1825, 285, 3742]
50, 7, 3.17, [1825, 3752, 3739]
50, 8, 3.16, [1825, 3744, 1829]
50, 9, 3.13, [1825, 3746, 1321]
