generation number, individual number, fitness, candidate
0, 0, 38.86, [656, 520]
0, 1, 10.25, [1555, 716]
0, 2, 7.0, [905, 819]
0, 3, 7.0, [1603, 785]
0, 4, 6.0, [216, 656]
0, 5, 5.0, [1219, 98]
0, 6, 5.0, [1419, 1414]
0, 7, 4.0, [905, 483]
0, 8, 3.0, [339, 841]
0, 9, 2.0, [609, 1225]
1, 0, 38.86, [656, 520]
1, 1, 38.65, [816, 520]
1, 2, 36.7, [841, 520]
1, 3, 10.25, [1555, 716]
1, 4, 9.0, [656, 873]
1, 5, 6.0, [816, 78]
1, 6, 6.0, [662, 710]
1, 7, 6.0, [656, 922]
1, 8, 6.0, [990, 1225]
1, 9, 4.0, [905, 2490]
2, 0, 38.86, [656, 520]
2, 1, 38.65, [816, 520]
2, 2, 35.62, [1028, 520]
2, 3, 10.0, [247, 476]
2, 4, 10.0, [751, 934]
2, 5, 7.0, [656, 247]
2, 6, 5.0, [1378, 1414]
2, 7, 5.0, [1414, 339]
2, 8, 3.0, [1419, 1029]
2, 9, 2.0, [1394, 429]
3, 0, 38.86, [656, 520]
3, 1, 38.65, [816, 520]
3, 2, 38.29, [694, 520]
3, 3, 34.2, [216, 520]
3, 4, 11.0, [694, 934]
3, 5, 9.0, [495, 476]
3, 6, 6.0, [656, 780]
3, 7, 5.0, [816, 1580]
3, 8, 4.0, [751, 2490]
3, 9, 4.0, [974, 1603]
4, 0, 38.86, [656, 520]
4, 1, 38.65, [816, 520]
4, 2, 12.45, [816, 964]
4, 3, 9.0, [656, 834]
4, 4, 6.49, [694, 841]
4, 5, 6.0, [786, 1540]
4, 6, 6.0, [694, 780]
4, 7, 5.0, [786, 1603]
4, 8, 5.0, [656, 731]
4, 9, 4.0, [1219, 922]
5, 0, 38.86, [656, 520]
5, 1, 38.65, [816, 520]
5, 2, 38.59, [694, 520]
5, 3, 38.56, [816, 520]
5, 4, 35.47, [339, 520]
5, 5, 12.8, [816, 964]
5, 6, 9.0, [694, 834]
5, 7, 8.29, [1347, 819]
5, 8, 8.0, [656, 1414]
5, 9, 8.0, [656, 1543]
6, 0, 38.86, [656, 520]
6, 1, 38.65, [694, 520]
6, 2, 38.65, [816, 520]
6, 3, 38.23, [816, 520]
6, 4, 34.23, [711, 520]
6, 5, 6.41, [694, 1555]
6, 6, 6.0, [656, 780]
6, 7, 5.48, [816, 1141]
6, 8, 5.0, [816, 15]
6, 9, 4.45, [635, 1430]
7, 0, 38.86, [656, 520]
7, 1, 38.65, [694, 520]
7, 2, 38.35, [1347, 520]
7, 3, 16.7, [716, 964]
7, 4, 10.11, [934, 1025]
7, 5, 10.0, [819, 785]
7, 6, 5.51, [450, 1025]
7, 7, 5.0, [247, 922]
7, 8, 4.0, [735, 1574]
7, 9, 4.0, [1225, 247]
8, 0, 38.86, [656, 520]
8, 1, 38.65, [694, 520]
8, 2, 37.2, [785, 520]
8, 3, 11.0, [694, 476]
8, 4, 9.0, [816, 741]
8, 5, 8.0, [934, 691]
8, 6, 6.0, [656, 690]
8, 7, 5.0, [816, 694]
8, 8, 5.0, [495, 587]
8, 9, 4.0, [587, 320]
9, 0, 38.86, [656, 520]
9, 1, 38.65, [694, 520]
9, 2, 8.0, [247, 1514]
9, 3, 7.0, [78, 990]
9, 4, 6.0, [694, 216]
9, 5, 6.0, [487, 711]
9, 6, 6.0, [656, 495]
9, 7, 6.0, [710, 819]
9, 8, 5.0, [819, 429]
9, 9, 3.07, [1603, 1289]
10, 0, 38.86, [656, 520]
10, 1, 38.74, [656, 520]
10, 2, 38.65, [694, 520]
10, 3, 38.38, [786, 520]
10, 4, 34.38, [216, 520]
10, 5, 9.0, [656, 1381]
10, 6, 8.0, [656, 2340]
10, 7, 6.0, [483, 741]
10, 8, 3.0, [78, 2490]
10, 9, 3.0, [691, 902]
11, 0, 38.86, [656, 520]
11, 1, 38.74, [656, 520]
11, 2, 11.0, [816, 934]
11, 3, 8.14, [1025, 487]
11, 4, 7.0, [786, 247]
11, 5, 6.0, [656, 495]
11, 6, 6.0, [1543, 922]
11, 7, 5.0, [819, 1419]
11, 8, 4.0, [2341, 247]
11, 9, 3.15, [320, 1555]
12, 0, 38.86, [656, 520]
12, 1, 38.74, [656, 520]
12, 2, 38.41, [694, 520]
12, 3, 35.56, [1045, 520]
12, 4, 34.35, [1419, 520]
12, 5, 12.3, [816, 964]
12, 6, 5.0, [656, 798]
12, 7, 3.31, [1555, 1003]
12, 8, 3.04, [339, 1289]
12, 9, 3.0, [1569, 1029]
13, 0, 38.86, [656, 520]
13, 1, 38.74, [656, 520]
13, 2, 9.0, [656, 834]
13, 3, 7.07, [786, 1025]
13, 4, 6.17, [819, 1555]
13, 5, 6.0, [694, 78]
13, 6, 6.0, [656, 902]
13, 7, 6.0, [1381, 1045]
13, 8, 5.22, [1347, 1353]
13, 9, 4.0, [974, 339]
14, 0, 38.86, [656, 520]
14, 1, 38.74, [656, 520]
14, 2, 35.29, [429, 520]
14, 3, 12.35, [656, 964]
14, 4, 6.0, [816, 78]
14, 5, 6.0, [731, 1381]
14, 6, 5.0, [816, 483]
14, 7, 5.0, [656, 1028]
14, 8, 3.44, [841, 3639]
14, 9, 3.0, [780, 1045]
15, 0, 38.86, [656, 520]
15, 1, 38.74, [656, 520]
15, 2, 36.35, [78, 520]
15, 3, 6.37, [1967, 1347]
15, 4, 6.0, [711, 487]
15, 5, 5.0, [2436, 786]
15, 6, 5.0, [697, 247]
15, 7, 5.0, [247, 710]
15, 8, 4.36, [1025, 735]
15, 9, 3.21, [1555, 15]
16, 0, 38.86, [656, 520]
16, 1, 38.74, [656, 520]
16, 2, 38.68, [816, 520]
16, 3, 35.71, [429, 520]
16, 4, 35.17, [691, 520]
16, 5, 10.65, [1967, 964]
16, 6, 5.33, [429, 1347]
16, 7, 5.16, [1025, 1219]
16, 8, 5.0, [1225, 819]
16, 9, 5.0, [656, 1509]
17, 0, 39.5, [834, 520]
17, 1, 38.86, [656, 520]
17, 2, 38.74, [656, 520]
17, 3, 38.47, [786, 520]
17, 4, 12.0, [816, 716]
17, 5, 7.54, [1157, 336]
17, 6, 6.0, [609, 487]
17, 7, 5.57, [656, 1141]
17, 8, 3.0, [780, 545]
17, 9, 2.0, [1419, 691]
18, 0, 39.5, [834, 520]
18, 1, 39.32, [970, 520]
18, 2, 38.86, [656, 520]
18, 3, 12.0, [439, 819]
18, 4, 10.0, [834, 873]
18, 5, 9.0, [662, 970]
18, 6, 8.0, [1028, 934]
18, 7, 8.0, [476, 1569]
18, 8, 6.0, [834, 2436]
18, 9, 6.0, [816, 78]
19, 0, 39.5, [834, 520]
19, 1, 39.32, [970, 520]
19, 2, 38.47, [816, 520]
19, 3, 35.59, [1048, 520]
19, 4, 10.0, [834, 873]
19, 5, 10.0, [970, 741]
19, 6, 9.0, [3639, 716]
19, 7, 6.0, [819, 1540]
19, 8, 6.0, [1567, 902]
19, 9, 4.0, [2667, 905]
20, 0, 39.53, [990, 520]
20, 1, 39.5, [834, 520]
20, 2, 39.32, [970, 520]
20, 3, 35.68, [1225, 520]
20, 4, 8.53, [587, 336]
20, 5, 6.0, [834, 711]
20, 6, 6.0, [1219, 816]
20, 7, 5.0, [816, 3639]
20, 8, 5.0, [2436, 656]
20, 9, 4.0, [697, 1029]
21, 0, 39.53, [990, 520]
21, 1, 39.5, [834, 520]
21, 2, 38.74, [816, 520]
21, 3, 36.35, [450, 520]
21, 4, 35.47, [1003, 520]
21, 5, 27.52, [694, 2846]
21, 6, 10.51, [990, 336]
21, 7, 9.0, [990, 662]
21, 8, 8.0, [990, 1574]
21, 9, 5.0, [666, 656]
22, 0, 39.53, [990, 520]
22, 1, 39.5, [834, 520]
22, 2, 38.41, [1414, 520]
22, 3, 38.41, [487, 520]
22, 4, 9.0, [990, 1543]
22, 5, 7.0, [1543, 809]
22, 6, 7.0, [450, 834]
22, 7, 6.0, [741, 339]
22, 8, 6.0, [834, 545]
22, 9, 4.13, [1025, 1045]
23, 0, 39.53, [990, 520]
23, 1, 39.5, [834, 520]
23, 2, 35.29, [1003, 520]
23, 3, 35.29, [520, 662]
23, 4, 9.0, [439, 1048]
23, 5, 6.53, [2070, 1141]
23, 6, 6.43, [1003, 336]
23, 7, 6.0, [1414, 850]
23, 8, 5.0, [1514, 2341]
23, 9, 5.0, [1543, 2436]
24, 0, 39.53, [990, 520]
24, 1, 39.5, [1381, 520]
24, 2, 39.5, [834, 520]
24, 3, 35.41, [1003, 520]
24, 4, 12.0, [834, 476]
24, 5, 8.0, [1381, 809]
24, 6, 6.0, [819, 780]
24, 7, 6.0, [1381, 339]
24, 8, 6.0, [834, 3639]
24, 9, 6.0, [990, 1509]
25, 0, 39.53, [990, 520]
25, 1, 39.5, [1381, 520]
25, 2, 39.35, [834, 520]
25, 3, 13.7, [990, 964]
25, 4, 8.0, [711, 934]
25, 5, 7.0, [990, 690]
25, 6, 7.0, [990, 690]
25, 7, 6.0, [819, 495]
25, 8, 6.0, [1394, 990]
25, 9, 4.0, [809, 483]
26, 0, 39.53, [990, 520]
26, 1, 39.5, [1381, 520]
26, 2, 8.0, [1381, 974]
26, 3, 7.0, [990, 1540]
26, 4, 7.0, [1381, 990]
26, 5, 7.0, [990, 495]
26, 6, 6.52, [336, 1509]
26, 7, 6.0, [834, 711]
26, 8, 6.0, [902, 656]
26, 9, 6.0, [970, 2436]
27, 0, 39.62, [1381, 520]
27, 1, 39.53, [990, 520]
27, 2, 39.5, [834, 520]
27, 3, 39.5, [1381, 520]
27, 4, 35.53, [1003, 520]
27, 5, 11.0, [785, 2032]
27, 6, 7.0, [429, 785]
27, 7, 4.0, [691, 587]
27, 8, 3.0, [850, 2341]
27, 9, 3.0, [339, 780]
28, 0, 39.62, [1381, 520]
28, 1, 39.53, [990, 520]
28, 2, 37.41, [809, 520]
28, 3, 34.41, [545, 520]
28, 4, 9.0, [1381, 816]
28, 5, 8.0, [834, 1827]
28, 6, 7.0, [1381, 690]
28, 7, 7.0, [1381, 850]
28, 8, 5.0, [2340, 1229]
28, 9, 4.6, [1025, 841]
29, 0, 39.62, [834, 520]
29, 1, 39.62, [1381, 520]
29, 2, 39.53, [990, 520]
29, 3, 9.0, [1381, 816]
29, 4, 9.0, [1381, 662]
29, 5, 8.0, [656, 1543]
29, 6, 7.0, [1381, 495]
29, 7, 6.0, [1419, 1381]
29, 8, 5.0, [1967, 98]
29, 9, 4.0, [216, 3147]
30, 0, 39.62, [834, 520]
30, 1, 39.62, [1381, 520]
30, 2, 39.38, [834, 520]
30, 3, 38.41, [1414, 520]
30, 4, 13.85, [834, 964]
30, 5, 13.0, [1381, 1138]
30, 6, 7.0, [1381, 495]
30, 7, 6.0, [1543, 495]
30, 8, 5.0, [809, 216]
30, 9, 5.0, [587, 902]
31, 0, 39.62, [834, 520]
31, 1, 39.62, [1381, 520]
31, 2, 36.56, [520, 450]
31, 3, 34.29, [545, 520]
31, 4, 13.0, [834, 439]
31, 5, 8.0, [809, 2070]
31, 6, 7.29, [98, 1347]
31, 7, 6.0, [834, 2490]
31, 8, 5.5, [1430, 841]
31, 9, 5.0, [339, 1414]
32, 0, 39.62, [834, 520]
32, 1, 39.62, [1381, 520]
32, 2, 39.56, [834, 520]
32, 3, 35.2, [520, 2846]
32, 4, 9.0, [439, 711]
32, 5, 7.0, [922, 990]
32, 6, 6.54, [635, 336]
32, 7, 6.0, [834, 1353]
32, 8, 6.0, [710, 816]
32, 9, 6.0, [1603, 2032]
33, 0, 39.62, [834, 520]
33, 1, 39.62, [834, 520]
33, 2, 39.62, [1381, 520]
33, 3, 38.71, [1414, 520]
33, 4, 38.62, [1414, 520]
33, 5, 35.56, [662, 520]
33, 6, 6.0, [1381, 1419]
33, 7, 5.26, [1289, 587]
33, 8, 5.0, [1414, 731]
33, 9, 4.43, [3, 922]
34, 0, 39.62, [834, 520]
34, 1, 39.62, [834, 520]
34, 2, 39.53, [990, 520]
34, 3, 10.0, [785, 662]
34, 4, 8.54, [834, 1430]
34, 5, 7.0, [1381, 780]
34, 6, 5.0, [1045, 834]
34, 7, 5.0, [816, 1569]
34, 8, 5.0, [1580, 786]
34, 9, 4.48, [1555, 78]
35, 0, 39.62, [834, 520]
35, 1, 39.62, [834, 520]
35, 2, 39.32, [1381, 520]
35, 3, 35.44, [1003, 520]
35, 4, 8.0, [834, 974]
35, 5, 7.44, [1414, 1430]
35, 6, 7.0, [785, 2490]
35, 7, 6.0, [809, 587]
35, 8, 5.0, [1414, 609]
35, 9, 5.0, [2340, 1603]
36, 0, 39.62, [834, 520]
36, 1, 39.62, [834, 520]
36, 2, 38.62, [1414, 520]
36, 3, 36.5, [710, 520]
36, 4, 14.15, [2070, 964]
36, 5, 8.0, [587, 1514]
36, 6, 7.52, [1381, 841]
36, 7, 5.0, [483, 816]
36, 8, 5.0, [1414, 711]
36, 9, 4.0, [1827, 1028]
37, 0, 39.62, [834, 520]
37, 1, 39.62, [834, 520]
37, 2, 38.32, [1414, 520]
37, 3, 8.0, [1394, 476]
37, 4, 7.0, [1414, 1827]
37, 5, 7.0, [873, 690]
37, 6, 7.0, [476, 450]
37, 7, 6.5, [834, 1141]
37, 8, 6.0, [970, 711]
37, 9, 3.0, [635, 216]
38, 0, 39.62, [834, 520]
38, 1, 39.62, [834, 520]
38, 2, 11.0, [1414, 476]
38, 3, 10.45, [476, 964]
38, 4, 8.0, [834, 98]
38, 5, 7.0, [3147, 1514]
38, 6, 6.0, [1414, 450]
38, 7, 5.0, [2340, 635]
38, 8, 5.0, [1394, 662]
38, 9, 3.68, [1025, 1028]
39, 0, 39.62, [834, 520]
39, 1, 39.62, [834, 520]
39, 2, 36.74, [98, 520]
39, 3, 34.53, [922, 520]
39, 4, 10.5, [834, 336]
39, 5, 8.44, [1381, 1025]
39, 6, 7.0, [1414, 98]
39, 7, 6.27, [780, 1347]
39, 8, 6.0, [1414, 710]
39, 9, 6.0, [1580, 873]
40, 0, 39.62, [834, 520]
40, 1, 39.62, [834, 520]
40, 2, 10.0, [78, 439]
40, 3, 6.48, [841, 662]
40, 4, 6.0, [970, 320]
40, 5, 6.0, [834, 675]
40, 6, 5.0, [834, 1045]
40, 7, 3.56, [15, 841]
40, 8, 3.0, [1353, 697]
40, 9, 3.0, [216, 798]
41, 0, 39.62, [834, 520]
41, 1, 39.62, [834, 520]
41, 2, 36.86, [710, 520]
41, 3, 9.0, [970, 1414]
41, 4, 8.0, [1414, 662]
41, 5, 8.0, [2340, 1414]
41, 6, 7.44, [1555, 741]
41, 7, 5.0, [3639, 694]
41, 8, 4.49, [841, 1540]
41, 9, 4.0, [429, 974]
42, 0, 39.62, [834, 520]
42, 1, 39.62, [834, 520]
42, 2, 34.53, [520, 735]
42, 3, 12.0, [934, 2032]
42, 4, 7.0, [816, 247]
42, 5, 7.0, [1414, 1827]
42, 6, 6.0, [834, 1353]
42, 7, 3.0, [339, 690]
42, 8, 2.52, [1045, 1141]
42, 9, 2.0, [691, 635]
43, 0, 39.62, [834, 520]
43, 1, 39.62, [834, 520]
43, 2, 37.59, [1827, 520]
43, 3, 35.77, [2667, 520]
43, 4, 10.0, [834, 2070]
43, 5, 10.0, [934, 1138]
43, 6, 7.0, [834, 78]
43, 7, 6.0, [834, 675]
43, 8, 5.0, [1414, 735]
43, 9, 5.0, [809, 78]
44, 0, 39.62, [834, 520]
44, 1, 39.62, [834, 520]
44, 2, 11.0, [1414, 934]
44, 3, 7.0, [970, 216]
44, 4, 6.0, [834, 1580]
44, 5, 6.0, [990, 970]
44, 6, 5.0, [1414, 2490]
44, 7, 5.0, [1827, 1540]
44, 8, 4.0, [751, 545]
44, 9, 3.0, [1353, 1219]
45, 0, 39.62, [834, 520]
45, 1, 39.62, [834, 520]
45, 2, 34.47, [520, 15]
45, 3, 29.49, [1138, 2846]
45, 4, 13.0, [834, 1138]
45, 5, 10.0, [216, 716]
45, 6, 10.0, [780, 1138]
45, 7, 9.0, [834, 786]
45, 8, 7.0, [834, 697]
45, 9, 7.0, [2070, 690]
46, 0, 39.62, [834, 520]
46, 1, 39.62, [834, 520]
46, 2, 36.26, [1157, 520]
46, 3, 35.74, [1603, 520]
46, 4, 7.0, [697, 970]
46, 5, 6.44, [751, 1025]
46, 6, 5.0, [1414, 15]
46, 7, 3.0, [1967, 1569]
46, 8, 3.0, [731, 710]
46, 9, 3.0, [1157, 2341]
47, 0, 62.64, [5117, 520]
47, 1, 39.62, [834, 520]
47, 2, 39.62, [834, 520]
47, 3, 38.38, [816, 520]
47, 4, 37.2, [841, 520]
47, 5, 9.0, [690, 934]
47, 6, 7.5, [1514, 841]
47, 7, 6.0, [666, 741]
47, 8, 6.0, [1603, 2070]
47, 9, 4.0, [2340, 2341]
48, 0, 62.64, [5117, 520]
48, 1, 39.62, [834, 520]
48, 2, 38.5, [336, 520]
48, 3, 30.12, [5117, 1394]
48, 4, 16.3, [439, 964]
48, 5, 10.0, [1029, 716]
48, 6, 7.0, [786, 587]
48, 7, 6.0, [834, 1381]
48, 8, 6.0, [834, 735]
48, 9, 6.0, [1574, 98]
49, 0, 62.64, [5117, 520]
49, 1, 39.62, [834, 520]
49, 2, 38.31, [1347, 520]
49, 3, 37.47, [751, 520]
49, 4, 36.83, [3, 520]
49, 5, 11.6, [905, 964]
49, 6, 11.0, [439, 247]
49, 7, 5.0, [1414, 1378]
49, 8, 5.0, [1353, 816]
49, 9, 3.0, [1225, 697]
50, 0, 62.64, [5117, 520]
50, 1, 39.62, [834, 520]
50, 2, 30.04, [5117, 2436]
50, 3, 9.0, [2340, 1381]
50, 4, 8.0, [1414, 2340]
50, 5, 7.0, [1414, 247]
50, 6, 6.53, [336, 635]
50, 7, 6.0, [450, 786]
50, 8, 5.26, [1347, 320]
50, 9, 4.0, [809, 1378]
