num_genrations,diversity,improvement,best_fitness
0,0.9964912280701754,0,274.9900000000005
1,0.7214912280701755,0.1270228008291196,309.9200000000002
2,0.3399122807017544,0.14465023231801832,354.75000000000045
3,0.6008771929824561,0.3030021141649042,462.24000000000035
4,0.525,0.004175320179992228,464.16999999999996
5,0.3894736842105264,0.045522114742444234,485.3000000000003
6,0.35394736842105257,0.036410467751906164,502.97000000000037
7,0.39210526315789473,0.04668270473388075,526.4500000000004
8,0.18289473684210533,0.00313420077880136,528.1000000000004
9,0.0451754385964912,0.125771634160197,594.5200000000004
10,0.10307017543859676,0.13501648388615956,674.7900000000001
