n_nodes,influence,n0,n1,n2,n3,n4,n5,n6,n7,n8,n9
10,10.8300,95448,31700,36918,28677,183745,228249,82148,154375,89612,256210
10,10.8300,95448,31700,36918,28677,183745,228249,82148,154375,89612,256210
10,10.8300,95448,31700,36918,28677,183745,228249,82148,154375,89612,256210
10,10.8300,95448,31700,36918,28677,183745,228249,82148,154375,89612,256210
10,10.8300,95448,31700,36918,28677,183745,228249,82148,154375,89612,256210
10,10.8300,95448,31700,36918,28677,183745,228249,82148,154375,89612,256210
10,10.8300,95448,31700,36918,28677,183745,228249,82148,154375,89612,256210
10,10.8300,95448,31700,36918,28677,183745,228249,82148,154375,89612,256210
10,10.8300,95448,31700,36918,28677,183745,228249,82148,154375,89612,256210
10,10.8300,95448,31700,36918,28677,183745,228249,82148,154375,89612,256210
10,10.8300,95448,31700,36918,28677,183745,228249,82148,154375,89612,256210
10,10.8300,95448,31700,36918,28677,183745,228249,82148,154375,89612,256210
10,10.8300,95448,31700,36918,28677,183745,228249,82148,154375,89612,256210
10,10.8300,95448,31700,36918,28677,183745,228249,82148,154375,89612,256210
10,10.8300,95448,31700,36918,28677,183745,228249,82148,154375,89612,256210
10,10.8300,95448,31700,36918,28677,183745,228249,82148,154375,89612,256210
10,10.8300,95448,31700,36918,28677,183745,228249,82148,154375,89612,256210
10,10.8300,95448,31700,36918,28677,183745,228249,82148,154375,89612,256210
10,10.8300,95448,31700,36918,28677,183745,228249,82148,154375,89612,256210
10,10.8300,95448,31700,36918,28677,183745,228249,82148,154375,89612,256210
10,10.8300,95448,31700,36918,28677,183745,228249,82148,154375,89612,256210
10,10.8300,95448,31700,36918,28677,183745,228249,82148,154375,89612,256210
10,10.8300,95448,31700,36918,28677,183745,228249,82148,154375,89612,256210
10,10.8300,95448,31700,36918,28677,183745,228249,82148,154375,89612,256210
10,10.8300,95448,31700,36918,28677,183745,228249,82148,154375,89612,256210
10,10.8300,95448,31700,36918,28677,183745,228249,82148,154375,89612,256210
10,10.8300,95448,31700,36918,28677,183745,228249,82148,154375,89612,256210
10,10.8300,95448,31700,36918,28677,183745,228249,82148,154375,89612,256210
10,10.8300,95448,31700,36918,28677,183745,228249,82148,154375,89612,256210
10,10.8300,95448,31700,36918,28677,183745,228249,82148,154375,89612,256210
10,10.8300,95448,31700,36918,28677,183745,228249,82148,154375,89612,256210
10,10.8300,95448,31700,36918,28677,183745,228249,82148,154375,89612,256210
10,10.8300,95448,31700,36918,28677,183745,228249,82148,154375,89612,256210
10,10.8300,95448,31700,36918,28677,183745,228249,82148,154375,89612,256210
10,10.8300,95448,31700,36918,28677,183745,228249,82148,154375,89612,256210
10,10.8300,95448,31700,36918,28677,183745,228249,82148,154375,89612,256210
10,10.8300,95448,31700,36918,28677,183745,228249,82148,154375,89612,256210
10,10.8300,95448,31700,36918,28677,183745,228249,82148,154375,89612,256210
10,10.8300,95448,31700,36918,28677,183745,228249,82148,154375,89612,256210
10,10.8300,95448,31700,36918,28677,183745,228249,82148,154375,89612,256210
10,10.8300,95448,31700,36918,28677,183745,228249,82148,154375,89612,256210
10,10.8300,95448,31700,36918,28677,183745,228249,82148,154375,89612,256210
10,10.8300,95448,31700,36918,28677,183745,228249,82148,154375,89612,256210
10,10.8300,95448,31700,36918,28677,183745,228249,82148,154375,89612,256210
10,10.8300,95448,31700,36918,28677,183745,228249,82148,154375,89612,256210
10,10.8300,95448,31700,36918,28677,183745,228249,82148,154375,89612,256210
10,10.8300,95448,31700,36918,28677,183745,228249,82148,154375,89612,256210
10,10.8300,95448,31700,36918,28677,183745,228249,82148,154375,89612,256210
10,10.8300,95448,31700,36918,28677,183745,228249,82148,154375,89612,256210
10,10.8300,95448,31700,36918,28677,183745,228249,82148,154375,89612,256210
10,10.7100,95448,31700,36918,28677,183745,228249,82148,154375,89612,256210
10,10.6900,95448,31700,36918,28677,183745,228249,82148,154375,89612,256210
10,10.6900,95448,31700,36918,28677,183745,228249,82148,154375,89612,256210
10,10.6500,95448,31700,36918,28677,183745,228249,82148,154375,89612,256210
10,10.6400,95448,31700,36918,28677,183745,228249,82148,154375,89612,256210
10,10.6300,95448,31700,36918,28677,183745,228249,82148,154375,89612,256210
10,10.6300,95448,31700,36918,28677,183745,228249,82148,154375,89612,256210
10,10.6200,95448,31700,36918,28677,183745,228249,82148,154375,89612,256210
10,10.6100,95448,31700,36918,28677,183745,228249,82148,154375,89612,256210
10,10.6100,95448,31700,36918,28677,183745,228249,82148,154375,89612,256210
10,10.6000,95448,31700,36918,28677,183745,228249,82148,154375,89612,256210
10,10.6000,95448,31700,36918,28677,183745,228249,82148,154375,89612,256210
10,10.5800,95448,31700,36918,28677,183745,228249,82148,154375,89612,256210
10,10.5800,95448,31700,36918,28677,183745,228249,82148,154375,89612,256210
10,10.5700,95448,31700,36918,28677,183745,228249,82148,154375,89612,256210
10,10.5600,95448,31700,36918,28677,183745,228249,82148,154375,89612,256210
10,10.5600,95448,31700,36918,28677,183745,228249,82148,154375,89612,256210
10,10.5600,95448,31700,36918,28677,183745,228249,82148,154375,89612,256210
10,10.5600,95448,31700,36918,28677,183745,228249,82148,154375,89612,256210
10,10.5500,95448,31700,36918,28677,183745,228249,82148,154375,89612,256210
10,10.5500,95448,31700,36918,28677,183745,228249,82148,154375,89612,256210
10,10.5300,95448,31700,36918,28677,183745,228249,82148,154375,89612,256210
10,10.5200,95448,31700,36918,28677,183745,228249,82148,154375,89612,256210
10,10.5200,95448,31700,36918,28677,183745,228249,82148,154375,89612,256210
10,10.5200,183745,72506,28677,154375,89612,256210,31700,36918,95448,228249
10,10.5100,95448,31700,36918,28677,183745,228249,82148,154375,89612,256210
10,10.5000,95448,31700,36918,28677,183745,228249,82148,154375,89612,256210
10,10.4900,95448,31700,36918,28677,183745,228249,82148,154375,89612,256210
10,10.4900,95448,31700,36918,28677,183745,228249,82148,154375,89612,256210
10,10.4900,95448,31700,36918,28677,183745,228249,82148,154375,89612,256210
10,10.4800,95448,31700,36918,28677,183745,228249,82148,154375,89612,256210
10,10.4800,95448,31700,36918,28677,183745,228249,82148,154375,89612,256210
10,10.4800,95448,31700,36918,28677,183745,228249,82148,154375,89612,256210
10,10.4800,183745,82148,103080,154375,89612,256210,31700,36918,95448,228249
10,10.4700,95448,31700,36918,28677,183745,228249,82148,154375,89612,256210
10,10.4700,95448,31700,36918,28677,183745,228249,82148,154375,89612,256210
10,10.4700,95448,31700,36918,28677,183745,228249,82148,154375,89612,256210
10,10.4700,95448,31700,36918,28677,183745,228249,82148,154375,89612,256210
10,10.4600,95448,31700,36918,28677,183745,228249,82148,154375,89612,256210
10,10.4600,95448,31700,36918,28677,183745,228249,82148,154375,89612,256210
10,10.4600,95448,31700,36918,28677,183745,228249,82148,154375,89612,256210
10,10.4500,95448,31700,36918,28677,183745,228249,82148,154375,89612,256210
10,10.4400,95448,31700,36918,28677,183745,228249,82148,154375,89612,256210
10,10.4400,95448,31700,36918,28677,183745,228249,82148,154375,89612,256210
10,10.4300,95448,31700,36918,28677,183745,228249,82148,154375,89612,256210
10,10.4300,95448,31700,36918,28677,183745,228249,82148,154375,89612,256210
10,10.4200,95448,31700,36918,28677,183745,228249,82148,154375,89612,256210
10,10.4200,95448,31700,36918,28677,183745,228249,82148,154375,89612,256210
10,10.4100,95448,31700,36918,28677,183745,228249,82148,154375,89612,256210
10,10.4000,95448,31700,36918,28677,183745,228249,82148,154375,89612,256210
