generation number, individual number, fitness, candidate
0, 0, 14.47, [66167, 87, 33297]
0, 1, 13.26, [56237, 80661, 89]
0, 2, 12.0, [70638, 66166, 118602]
0, 3, 10.57, [150015, 80450, 71858]
0, 4, 9.31, [150653, 127089, 1063]
0, 5, 8.46, [98062, 134361, 67332]
0, 6, 8.16, [1060, 12067, 77358]
0, 7, 7.64, [283, 11935, 12067]
0, 8, 7.33, [11926, 281, 56237]
0, 9, 6.0, [95674, 113172, 73700]
1, 0, 15.48, [66167, 80661, 33297]
1, 1, 15.24, [100141, 284, 33297]
1, 2, 14.52, [70638, 62858, 89]
1, 3, 14.47, [66167, 87, 33297]
1, 4, 13.26, [56237, 80661, 89]
1, 5, 12.79, [70638, 66166, 33298]
1, 6, 12.3, [56237, 100140, 118602]
1, 7, 11.89, [56240, 100141, 11935]
1, 8, 10.9, [134361, 87, 148118]
1, 9, 10.84, [66167, 46, 113171]
2, 0, 17.17, [100141, 11387, 89]
2, 1, 15.7, [100141, 100140, 33297]
2, 2, 15.48, [66167, 80661, 33297]
2, 3, 15.46, [100141, 100140, 33297]
2, 4, 15.24, [100141, 284, 33297]
2, 5, 14.89, [62858, 284, 33297]
2, 6, 14.82, [100141, 100140, 33297]
2, 7, 14.55, [66167, 284, 65899]
2, 8, 14.11, [66171, 284, 33297]
2, 9, 10.07, [70638, 62858, 33299]
3, 0, 17.17, [100141, 11387, 89]
3, 1, 15.7, [100141, 100140, 33297]
3, 2, 15.38, [56239, 100140, 33297]
3, 3, 15.01, [56240, 80661, 89]
3, 4, 14.84, [100141, 11387, 33298]
3, 5, 13.27, [100141, 10375, 33297]
3, 6, 12.48, [66167, 283, 80661]
3, 7, 11.93, [80656, 80661, 33297]
3, 8, 11.71, [100141, 87893, 11387]
3, 9, 10.9, [278, 113173, 282]
4, 0, 17.17, [100141, 11387, 89]
4, 1, 15.7, [100141, 100140, 33297]
4, 2, 15.65, [113173, 11387, 33297]
4, 3, 15.59, [70638, 11387, 89]
4, 4, 15.36, [100141, 33298, 89]
4, 5, 15.28, [113171, 11387, 33297]
4, 6, 13.82, [100141, 100140, 89]
4, 7, 12.03, [56239, 33300, 33297]
4, 8, 10.43, [100141, 100140, 281]
4, 9, 9.18, [100141, 14223, 33299]
5, 0, 17.17, [100141, 11387, 89]
5, 1, 16.07, [221360, 11387, 33297]
5, 2, 15.7, [100141, 100140, 33297]
5, 3, 14.98, [100141, 11387, 33298]
5, 4, 14.12, [88, 11387, 123523]
5, 5, 13.8, [113171, 11387, 89]
5, 6, 13.75, [100141, 11387, 33299]
5, 7, 13.23, [113171, 100140, 65899]
5, 8, 12.88, [100141, 100140, 80450]
5, 9, 12.28, [66171, 100140, 89]
6, 0, 17.17, [100141, 11387, 89]
6, 1, 16.12, [113173, 11387, 33297]
6, 2, 16.07, [221360, 11387, 33297]
6, 3, 14.09, [221360, 150654, 89]
6, 4, 13.37, [100141, 11387, 823]
6, 5, 13.1, [100141, 56237, 65901]
6, 6, 11.94, [100141, 80662, 89]
6, 7, 9.22, [11925, 11387, 134361]
6, 8, 9.09, [113171, 80449, 11925]
6, 9, 8.55, [113173, 11926, 100140]
7, 0, 17.17, [100141, 11387, 89]
7, 1, 16.34, [221360, 56240, 65899]
7, 2, 16.13, [100141, 11387, 88]
7, 3, 16.12, [113173, 11387, 33297]
7, 4, 13.63, [65899, 150654, 33297]
7, 5, 13.61, [221360, 11387, 280]
7, 6, 12.78, [113173, 11387, 98062]
7, 7, 12.38, [33300, 11387, 46]
7, 8, 11.12, [100141, 10375, 282]
7, 9, 10.78, [100141, 71858, 150653]
8, 0, 17.17, [100141, 11387, 89]
8, 1, 16.34, [221360, 56240, 65899]
8, 2, 15.66, [113173, 56240, 65899]
8, 3, 15.46, [66169, 282, 65899]
8, 4, 15.33, [98062, 11387, 89]
8, 5, 14.24, [221360, 11387, 90]
8, 6, 13.2, [100141, 56240, 33299]
8, 7, 12.89, [33296, 278, 286]
8, 8, 12.47, [283, 150655, 33298]
8, 9, 10.94, [221360, 67331, 88]
9, 0, 17.17, [100141, 11387, 89]
9, 1, 16.49, [100141, 56237, 65899]
9, 2, 16.34, [221360, 56240, 65899]
9, 3, 15.08, [100141, 66170, 65899]
9, 4, 14.14, [100141, 150015, 11387]
9, 5, 14.07, [221360, 11387, 86]
9, 6, 12.51, [100140, 11387, 156909]
9, 7, 12.22, [1927, 11387, 89]
9, 8, 11.52, [98062, 11925, 282]
9, 9, 10.78, [113173, 6376, 89]
10, 0, 17.17, [100141, 11387, 89]
10, 1, 16.55, [80450, 33297, 89]
10, 2, 16.49, [100141, 56237, 65899]
10, 3, 15.49, [100141, 11925, 65899]
10, 4, 15.09, [77358, 11388, 89]
10, 5, 14.58, [100141, 80450, 89]
10, 6, 14.55, [100141, 10375, 65899]
10, 7, 13.19, [284, 148118, 89]
10, 8, 13.04, [98065, 11387, 282]
10, 9, 11.56, [66169, 71858, 89]
11, 0, 17.17, [100141, 11387, 89]
11, 1, 16.55, [80450, 33297, 89]
11, 2, 16.12, [100141, 33298, 89]
11, 3, 15.79, [80450, 62858, 65899]
11, 4, 15.14, [100141, 33297, 280]
11, 5, 14.84, [80450, 33297, 150652]
11, 6, 14.79, [100141, 6376, 65899]
11, 7, 13.22, [80450, 11925, 89]
11, 8, 12.01, [80450, 278, 56239]
11, 9, 11.52, [113173, 11925, 89]
12, 0, 17.21, [100141, 33297, 86]
12, 1, 17.17, [100141, 11387, 89]
12, 2, 16.55, [80450, 33297, 89]
12, 3, 14.67, [98065, 11387, 89]
12, 4, 14.2, [100141, 80450, 86]
12, 5, 13.66, [70640, 11387, 46]
12, 6, 13.5, [150652, 33297, 149059]
12, 7, 12.05, [150652, 91276, 89]
12, 8, 12.04, [56240, 11387, 11925]
12, 9, 11.17, [80450, 14223, 89]
13, 0, 18.23, [100141, 65899, 89]
13, 1, 17.21, [100141, 33297, 86]
13, 2, 17.17, [100141, 11387, 89]
13, 3, 16.32, [80661, 33297, 89]
13, 4, 16.3, [100141, 11387, 89]
13, 5, 14.94, [100141, 62858, 89]
13, 6, 14.56, [100141, 11387, 31634]
13, 7, 13.69, [100141, 278, 89]
13, 8, 12.59, [100141, 33297, 118606]
13, 9, 12.44, [113171, 11387, 86]
14, 0, 18.23, [100141, 65899, 89]
14, 1, 17.61, [100141, 33297, 89]
14, 2, 17.21, [100141, 33297, 86]
14, 3, 15.71, [80450, 11387, 89]
14, 4, 15.27, [278, 65899, 89]
14, 5, 14.81, [91276, 33297, 89]
14, 6, 14.77, [113173, 65899, 86]
14, 7, 11.93, [100141, 56240, 56237]
14, 8, 11.19, [56237, 86, 89]
14, 9, 10.71, [156909, 89, 66166]
15, 0, 18.23, [100141, 65899, 89]
15, 1, 17.61, [100141, 33297, 89]
15, 2, 16.95, [100141, 33297, 286]
15, 3, 14.83, [134361, 33297, 86]
15, 4, 13.99, [150653, 33297, 283]
15, 5, 11.93, [11925, 65899, 281]
15, 6, 11.86, [100141, 65901, 11926]
15, 7, 11.6, [80656, 11935, 89]
15, 8, 10.74, [80449, 127088, 89]
15, 9, 8.66, [1062, 86, 90]
16, 0, 18.23, [100141, 65899, 89]
16, 1, 17.61, [100141, 33297, 89]
16, 2, 15.55, [113171, 65899, 89]
16, 3, 14.66, [100141, 33297, 280]
16, 4, 14.22, [279, 11388, 66167]
16, 5, 13.78, [100141, 33297, 281]
16, 6, 11.71, [100141, 70639, 286]
16, 7, 11.69, [100141, 33299, 286]
16, 8, 10.9, [100141, 70639, 286]
16, 9, 10.85, [100141, 87893, 46]
17, 0, 18.23, [100141, 65899, 89]
17, 1, 17.61, [100141, 33297, 89]
17, 2, 17.24, [100141, 65899, 86]
17, 3, 15.83, [100141, 33297, 90]
17, 4, 13.23, [113173, 65899, 280]
17, 5, 13.1, [100141, 33299, 89]
17, 6, 12.47, [66166, 33298, 89]
17, 7, 11.72, [1927, 33297, 62858]
17, 8, 11.3, [113173, 73700, 80450]
17, 9, 10.64, [278, 150015, 90]
18, 0, 18.23, [100141, 65899, 89]
18, 1, 17.61, [100141, 33297, 89]
18, 2, 17.24, [100141, 33297, 89]
18, 3, 16.12, [100141, 33297, 90]
18, 4, 15.89, [98065, 65899, 86]
18, 5, 15.79, [100141, 65899, 90]
18, 6, 14.16, [100141, 33297, 281]
18, 7, 13.56, [66059, 91277, 89]
18, 8, 13.35, [100141, 33297, 113172]
18, 9, 13.35, [156909, 65899, 6376]
19, 0, 18.23, [100141, 65899, 89]
19, 1, 17.61, [100141, 33297, 89]
19, 2, 16.66, [11388, 98062, 89]
19, 3, 16.64, [100141, 11387, 89]
19, 4, 16.43, [100141, 65899, 279]
19, 5, 14.49, [113173, 65899, 86]
19, 6, 14.29, [98065, 65899, 87]
19, 7, 14.28, [100141, 70640, 89]
19, 8, 13.85, [56237, 118602, 89]
19, 9, 12.0, [150015, 33297, 67332]
20, 0, 18.23, [100141, 65899, 89]
20, 1, 17.61, [100141, 33297, 89]
20, 2, 16.49, [11388, 65899, 823]
20, 3, 15.82, [150652, 11388, 89]
20, 4, 15.78, [12067, 33297, 89]
20, 5, 13.85, [100141, 100140, 89]
20, 6, 13.76, [150652, 89, 98063]
20, 7, 13.43, [11387, 100140, 98062]
20, 8, 13.39, [100141, 144434, 89]
20, 9, 13.09, [100141, 98062, 90]
21, 0, 18.23, [100141, 65899, 89]
21, 1, 17.61, [100141, 33297, 89]
21, 2, 16.72, [11388, 33298, 89]
21, 3, 15.34, [100141, 65899, 66166]
21, 4, 14.86, [11926, 65899, 89]
21, 5, 14.64, [113171, 33297, 46]
21, 6, 14.47, [100141, 65899, 821]
21, 7, 14.41, [100141, 98065, 89]
21, 8, 14.03, [65901, 65899, 823]
21, 9, 12.75, [113173, 65899, 558]
22, 0, 18.23, [100141, 65899, 89]
22, 1, 17.61, [100141, 33297, 89]
22, 2, 15.84, [91277, 65899, 86]
22, 3, 15.16, [100141, 33298, 89]
22, 4, 13.61, [100141, 150653, 89]
22, 5, 11.69, [113171, 56241, 89]
22, 6, 9.91, [156909, 11926, 89]
22, 7, 9.37, [100141, 33299, 144436]
22, 8, 9.14, [95674, 33297, 67331]
22, 9, 8.96, [100141, 134365, 66166]
23, 0, 18.23, [100141, 65899, 89]
23, 1, 18.01, [100141, 33297, 89]
23, 2, 17.61, [100141, 33297, 89]
23, 3, 16.59, [100141, 65899, 90]
23, 4, 12.84, [100141, 144436, 89]
23, 5, 11.9, [134361, 98062, 86]
23, 6, 11.81, [113171, 33297, 127088]
23, 7, 11.77, [1063, 65899, 11926]
23, 8, 11.55, [91277, 65900, 89]
23, 9, 10.53, [33300, 33297, 558]
24, 0, 19.8, [100141, 65899, 11388]
24, 1, 18.23, [100141, 65899, 89]
24, 2, 18.01, [100141, 33297, 89]
24, 3, 15.41, [113171, 65899, 89]
24, 4, 15.38, [98063, 33297, 73703]
24, 5, 14.81, [100141, 118602, 89]
24, 6, 14.47, [144436, 33297, 89]
24, 7, 14.27, [150652, 65897, 89]
24, 8, 14.26, [66171, 65899, 66059]
24, 9, 13.88, [56240, 11925, 89]
25, 0, 19.8, [100141, 65899, 11388]
25, 1, 18.83, [118602, 65899, 11388]
25, 2, 18.23, [100141, 65899, 89]
25, 3, 17.3, [113173, 33297, 11388]
25, 4, 16.7, [113171, 33297, 11388]
25, 5, 16.18, [100141, 65899, 56239]
25, 6, 16.06, [113173, 65899, 89]
25, 7, 14.97, [80656, 65899, 31634]
25, 8, 14.74, [46, 65899, 89]
25, 9, 11.74, [100141, 284, 156909]
26, 0, 19.8, [100141, 65899, 11388]
26, 1, 18.83, [118602, 65899, 11388]
26, 2, 17.54, [113173, 33297, 11388]
26, 3, 17.21, [100141, 127089, 11388]
26, 4, 16.89, [150015, 65899, 11388]
26, 5, 16.23, [118602, 33298, 11388]
26, 6, 14.6, [118602, 65899, 1063]
26, 7, 14.38, [123523, 65899, 150652]
26, 8, 13.98, [118602, 33297, 11926]
26, 9, 12.89, [90, 65899, 149059]
27, 0, 19.8, [100141, 65899, 11388]
27, 1, 18.83, [118602, 65899, 11388]
27, 2, 16.56, [113171, 33297, 11388]
27, 3, 16.42, [118602, 33297, 86]
27, 4, 16.36, [118606, 65899, 11388]
27, 5, 15.4, [100141, 279, 11388]
27, 6, 15.17, [100141, 33297, 77358]
27, 7, 12.26, [113171, 65899, 823]
27, 8, 12.07, [113173, 70639, 11388]
27, 9, 11.92, [100141, 11935, 11388]
28, 0, 19.8, [100141, 65899, 11388]
28, 1, 18.83, [118602, 65899, 11388]
28, 2, 16.15, [118602, 65899, 150652]
28, 3, 14.54, [100141, 33297, 12067]
28, 4, 14.17, [123523, 33297, 86]
28, 5, 13.07, [113171, 65899, 11925]
28, 6, 12.93, [113173, 77358, 11388]
28, 7, 12.78, [113171, 284, 11388]
28, 8, 12.26, [118602, 70638, 11926]
28, 9, 12.09, [100141, 118606, 11388]
29, 0, 19.8, [100141, 65899, 11388]
29, 1, 18.83, [118602, 65899, 11388]
29, 2, 16.3, [118602, 80661, 11388]
29, 3, 15.65, [100141, 70640, 11388]
29, 4, 15.44, [62858, 98063, 11388]
29, 5, 13.33, [134362, 65899, 56239]
29, 6, 13.25, [282, 65899, 1063]
29, 7, 13.02, [90, 65900, 11388]
29, 8, 11.89, [80449, 65899, 113172]
29, 9, 10.73, [100141, 1062, 11925]
30, 0, 19.8, [100141, 65899, 11388]
30, 1, 18.83, [118602, 65899, 11388]
30, 2, 18.61, [100141, 65899, 11387]
30, 3, 16.65, [100141, 283, 11388]
30, 4, 16.1, [11388, 65899, 149059]
30, 5, 15.23, [89, 65900, 11388]
30, 6, 14.77, [100141, 33297, 31634]
30, 7, 14.38, [118602, 65900, 11388]
30, 8, 12.57, [123524, 70640, 11388]
30, 9, 10.6, [113172, 65899, 33299]
31, 0, 19.8, [100141, 65899, 11388]
31, 1, 18.83, [118602, 65899, 11388]
31, 2, 17.3, [113173, 65899, 11388]
31, 3, 16.82, [100141, 11388, 73703]
31, 4, 15.86, [100141, 65899, 11925]
31, 5, 15.55, [113173, 65899, 56240]
31, 6, 13.25, [281, 65899, 148118]
31, 7, 13.0, [33298, 65899, 90]
31, 8, 12.21, [118602, 65899, 70639]
31, 9, 11.48, [113173, 65899, 113172]
32, 0, 19.8, [100141, 65899, 11388]
32, 1, 18.83, [118602, 65899, 11388]
32, 2, 16.96, [123523, 65899, 11388]
32, 3, 16.4, [100141, 127089, 11388]
32, 4, 14.93, [80661, 65899, 11925]
32, 5, 14.62, [100141, 823, 11388]
32, 6, 14.14, [1061, 65899, 91277]
32, 7, 13.54, [282, 80662, 11388]
32, 8, 13.31, [89, 118602, 66170]
32, 9, 12.94, [118602, 10375, 11388]
33, 0, 19.8, [100141, 65899, 11388]
33, 1, 18.83, [118602, 65899, 11388]
33, 2, 16.59, [149059, 65899, 11388]
33, 3, 16.42, [33298, 98062, 11388]
33, 4, 16.18, [281, 65899, 11388]
33, 5, 16.14, [100141, 144434, 11388]
33, 6, 13.8, [221360, 65899, 823]
33, 7, 13.3, [144436, 73703, 11388]
33, 8, 12.09, [113173, 280, 11388]
33, 9, 10.41, [123523, 11925, 11388]
34, 0, 19.8, [100141, 65899, 11388]
34, 1, 18.83, [118602, 65899, 11388]
34, 2, 15.93, [11387, 65899, 11388]
34, 3, 15.63, [118602, 65899, 12067]
34, 4, 14.12, [56240, 62858, 11388]
34, 5, 13.74, [113171, 65899, 56239]
34, 6, 13.62, [100141, 98062, 66171]
34, 7, 12.66, [33298, 65900, 11388]
34, 8, 12.6, [80450, 80656, 12067]
34, 9, 11.51, [65900, 70638, 282]
35, 0, 19.8, [100141, 65899, 11388]
35, 1, 18.83, [118602, 65899, 11388]
35, 2, 17.72, [118602, 65899, 88]
35, 3, 15.91, [100141, 33297, 62858]
35, 4, 15.67, [89, 65899, 150654]
35, 5, 15.14, [100141, 33300, 11388]
35, 6, 14.57, [11387, 65899, 12067]
35, 7, 13.44, [123523, 65899, 56237]
35, 8, 13.28, [118602, 65899, 95674]
35, 9, 10.96, [56237, 282, 11925]
36, 0, 19.8, [100141, 65899, 11388]
36, 1, 18.83, [118602, 65899, 11388]
36, 2, 16.79, [113171, 33297, 11388]
36, 3, 16.15, [118602, 33297, 56241]
36, 4, 15.26, [118602, 56241, 11388]
36, 5, 15.1, [280, 100141, 11388]
36, 6, 14.34, [100141, 33300, 11387]
36, 7, 14.19, [100141, 65899, 33300]
36, 8, 13.16, [113171, 278, 11388]
36, 9, 13.08, [1060, 150015, 11388]
37, 0, 19.8, [100141, 65899, 11388]
37, 1, 18.83, [118602, 65899, 11388]
37, 2, 18.69, [118602, 33297, 11388]
37, 3, 17.57, [100141, 89, 11388]
37, 4, 17.36, [118602, 65899, 80656]
37, 5, 15.76, [118602, 65899, 150655]
37, 6, 14.78, [100141, 33299, 11388]
37, 7, 14.31, [118602, 65900, 11388]
37, 8, 12.39, [86, 156909, 11387]
37, 9, 12.31, [100141, 33299, 56241]
38, 0, 19.8, [100141, 65899, 11388]
38, 1, 18.83, [118602, 65899, 11388]
38, 2, 18.66, [118602, 33297, 11388]
38, 3, 18.26, [56240, 33297, 11388]
38, 4, 15.15, [118602, 56241, 11388]
38, 5, 15.09, [118602, 278, 11388]
38, 6, 14.97, [73703, 80449, 11388]
38, 7, 14.42, [73700, 65899, 134361]
38, 8, 14.08, [113173, 282, 11388]
38, 9, 13.69, [113171, 285, 11388]
39, 0, 19.8, [100141, 65899, 11388]
39, 1, 18.83, [118602, 65899, 11388]
39, 2, 18.0, [66169, 65899, 11388]
39, 3, 17.03, [113173, 33297, 11388]
39, 4, 16.39, [100141, 65899, 98062]
39, 5, 14.91, [118602, 65899, 11925]
39, 6, 14.72, [100141, 33297, 12067]
39, 7, 14.31, [118602, 65899, 66166]
39, 8, 12.55, [150653, 65899, 280]
39, 9, 12.03, [33299, 65899, 1062]
40, 0, 19.8, [100141, 65899, 11388]
40, 1, 18.83, [118602, 65899, 11388]
40, 2, 17.91, [66169, 65899, 11388]
40, 3, 16.76, [66166, 65899, 11388]
40, 4, 15.4, [100141, 33298, 11387]
40, 5, 14.37, [100141, 65900, 11388]
40, 6, 14.33, [77358, 65899, 56240]
40, 7, 11.54, [100141, 65900, 98063]
40, 8, 10.54, [134365, 286, 11387]
40, 9, 9.72, [1061, 86, 134361]
41, 0, 19.8, [100141, 65899, 11388]
41, 1, 19.57, [100141, 65899, 11388]
41, 2, 19.05, [118602, 33297, 11388]
41, 3, 18.83, [118602, 65899, 11388]
41, 4, 18.14, [127089, 65899, 11388]
41, 5, 15.13, [118602, 1060, 11388]
41, 6, 13.87, [98062, 65899, 1062]
41, 7, 13.38, [66059, 77358, 11388]
41, 8, 13.33, [56241, 65899, 281]
41, 9, 11.06, [70639, 65899, 278]
42, 0, 19.8, [100141, 65899, 11388]
42, 1, 19.57, [100141, 65899, 11388]
42, 2, 17.19, [98063, 65899, 11387]
42, 3, 14.35, [100141, 65899, 10375]
42, 4, 13.07, [282, 1061, 11388]
42, 5, 11.46, [821, 65900, 11388]
42, 6, 11.1, [134362, 282, 221360]
42, 7, 10.93, [113173, 113172, 11388]
42, 8, 9.83, [71858, 65899, 67332]
42, 9, 9.64, [11388, 118606, 6376]
43, 0, 19.8, [100141, 65899, 11388]
43, 1, 19.57, [100141, 65899, 11388]
43, 2, 17.88, [283, 65899, 11388]
43, 3, 16.72, [144436, 65899, 11388]
43, 4, 15.5, [123523, 65899, 11387]
43, 5, 15.28, [113173, 89, 11388]
43, 6, 14.0, [150655, 65899, 113173]
43, 7, 13.79, [100141, 70640, 11387]
43, 8, 13.07, [33300, 65899, 46]
43, 9, 12.92, [100141, 113172, 11388]
44, 0, 19.8, [100141, 65899, 11388]
44, 1, 19.57, [100141, 65899, 11388]
44, 2, 17.01, [113173, 65899, 11388]
44, 3, 14.52, [56237, 65899, 65897]
44, 4, 14.3, [77358, 100141, 11388]
44, 5, 13.99, [113173, 65899, 150654]
44, 6, 10.47, [144436, 127088, 11388]
44, 7, 10.15, [11935, 90, 11388]
44, 8, 10.11, [823, 65897, 150654]
44, 9, 9.15, [280, 70640, 150654]
45, 0, 19.8, [100141, 65899, 11388]
45, 1, 19.57, [100141, 65899, 11388]
45, 2, 17.19, [66166, 65899, 11388]
45, 3, 15.7, [33300, 65899, 11388]
45, 4, 15.44, [100141, 284, 11388]
45, 5, 15.35, [134361, 65899, 118602]
45, 6, 14.02, [100141, 90, 65897]
45, 7, 12.13, [156909, 11388, 70639]
45, 8, 11.64, [100141, 33300, 65897]
45, 9, 10.08, [100141, 100140, 134362]
46, 0, 19.8, [100141, 65899, 11388]
46, 1, 19.57, [100141, 65899, 11388]
46, 2, 14.09, [33297, 65899, 150652]
46, 3, 13.74, [77358, 65899, 56241]
46, 4, 12.64, [65897, 33297, 823]
46, 5, 12.23, [100141, 91277, 12067]
46, 6, 12.19, [113171, 65899, 100807]
46, 7, 11.98, [100141, 87893, 88]
46, 8, 11.79, [67332, 87, 11388]
46, 9, 11.57, [149059, 65899, 281]
47, 0, 19.8, [100141, 65899, 11388]
47, 1, 19.57, [100141, 65899, 11388]
47, 2, 15.61, [33297, 70640, 11388]
47, 3, 15.48, [33297, 65899, 11387]
47, 4, 15.45, [33298, 65899, 11388]
47, 5, 15.43, [33297, 65899, 56240]
47, 6, 14.61, [113171, 65899, 150652]
47, 7, 14.15, [100141, 65899, 33300]
47, 8, 13.72, [100141, 56240, 150652]
47, 9, 13.23, [100141, 65899, 113172]
48, 0, 19.8, [100141, 65899, 11388]
48, 1, 19.57, [100141, 65899, 11388]
48, 2, 14.56, [98065, 65899, 279]
48, 3, 14.01, [113171, 285, 11388]
48, 4, 13.68, [11387, 65897, 11388]
48, 5, 13.24, [66169, 823, 11388]
48, 6, 13.07, [150655, 70640, 11388]
48, 7, 12.95, [282, 65899, 10375]
48, 8, 12.24, [100141, 31634, 150654]
48, 9, 11.91, [80661, 11387, 127088]
49, 0, 19.8, [100141, 65899, 11388]
49, 1, 19.57, [100141, 65899, 11388]
49, 2, 17.75, [100141, 65899, 88]
49, 3, 16.77, [31634, 65899, 11388]
49, 4, 15.64, [100141, 65899, 12067]
49, 5, 15.37, [80656, 66167, 11388]
49, 6, 14.16, [98065, 65899, 11925]
49, 7, 12.91, [134362, 282, 11388]
49, 8, 12.16, [100141, 118606, 11388]
49, 9, 11.53, [11387, 113171, 11388]
50, 0, 19.8, [100141, 65899, 11388]
50, 1, 19.57, [100141, 65899, 11388]
50, 2, 17.44, [127089, 65899, 11387]
50, 3, 14.47, [113173, 282, 11388]
50, 4, 14.16, [100141, 70639, 11388]
50, 5, 11.97, [95674, 65899, 66059]
50, 6, 10.98, [118606, 65899, 127088]
50, 7, 9.75, [100141, 823, 11926]
50, 8, 9.71, [821, 1063, 11387]
50, 9, 8.68, [144434, 134361, 80449]
