generation number, individual number, fitness, candidate
0, 0, 6.0, [1141, 1064, 1424]
0, 1, 5.0, [749, 1090, 1201]
0, 2, 4.0, [831, 1287, 4227]
0, 3, 3.52, [1064, 697, 1226]
0, 4, 3.52, [1906, 2094, 697]
0, 5, 3.0, [3124, 645, 5684]
0, 6, 3.0, [1347, 2094, 1378]
0, 7, 3.0, [1475, 1149, 1225]
0, 8, 3.0, [1059, 1437, 1580]
0, 9, 3.0, [1715, 2094, 1279]
1, 0, 9.0, [749, 1090, 1125]
1, 1, 8.0, [831, 1226, 1351]
1, 2, 6.43, [1064, 697, 905]
1, 3, 6.0, [1141, 1212, 4227]
1, 4, 6.0, [1157, 775, 975]
1, 5, 6.0, [1141, 1064, 1424]
1, 6, 5.48, [1402, 1064, 1201]
1, 7, 5.0, [749, 1090, 1201]
1, 8, 4.0, [717, 1225, 1424]
1, 9, 3.0, [831, 1064, 1279]
2, 0, 10.0, [975, 1058, 1125]
2, 1, 10.0, [1168, 326, 1125]
2, 2, 9.53, [1402, 1212, 1351]
2, 3, 9.0, [975, 1226, 1351]
2, 4, 9.0, [749, 1090, 1125]
2, 5, 8.0, [1430, 585, 1064]
2, 6, 8.0, [831, 1226, 1351]
2, 7, 7.0, [831, 1424, 1125]
2, 8, 7.0, [831, 1226, 1125]
2, 9, 5.0, [749, 1226, 1190]
3, 0, 48.78, [6917, 1407, 1247]
3, 1, 10.0, [1168, 326, 1442]
3, 2, 10.0, [320, 717, 1125]
3, 3, 10.0, [975, 1058, 1125]
3, 4, 10.0, [1168, 326, 1125]
3, 5, 8.0, [975, 2094, 1442]
3, 6, 7.47, [1402, 1058, 1368]
3, 7, 7.0, [1168, 326, 1935]
3, 8, 7.0, [645, 1212, 1125]
3, 9, 7.0, [1311, 326, 775]
4, 0, 68.07, [1509, 717, 1125]
4, 1, 48.78, [6917, 1407, 1247]
4, 2, 48.32, [6917, 1058, 785]
4, 3, 48.03, [6917, 1407, 1064]
4, 4, 47.44, [6917, 717, 785]
4, 5, 11.06, [975, 1407, 1990]
4, 6, 11.0, [585, 326, 1125]
4, 7, 10.0, [1168, 326, 1442]
4, 8, 9.0, [585, 717, 1125]
4, 9, 8.58, [320, 1328, 1247]
5, 0, 69.05, [1509, 1058, 1125]
5, 1, 68.42, [1509, 717, 1125]
5, 2, 68.07, [1509, 717, 1125]
5, 3, 65.18, [1509, 1378, 785]
5, 4, 64.99, [1509, 1058, 1131]
5, 5, 50.94, [6917, 1328, 1125]
5, 6, 50.23, [6917, 1407, 785]
5, 7, 48.78, [6917, 1407, 1247]
5, 8, 47.86, [6917, 1407, 1064]
5, 9, 8.45, [1990, 717, 1247]
6, 0, 69.05, [1509, 1058, 1125]
6, 1, 68.42, [1509, 717, 1125]
6, 2, 67.54, [645, 1509, 1125]
6, 3, 65.27, [1509, 1058, 1368]
6, 4, 64.93, [1509, 1403, 785]
6, 5, 61.07, [1509, 1287, 1580]
6, 6, 12.0, [749, 421, 1125]
6, 7, 9.0, [1518, 571, 2332]
6, 8, 8.35, [1403, 717, 1990]
6, 9, 8.0, [1518, 717, 1125]
7, 0, 69.05, [1509, 1058, 1125]
7, 1, 68.42, [1509, 717, 1125]
7, 2, 68.15, [1509, 1368, 695]
7, 3, 63.89, [1224, 1509, 1168]
7, 4, 16.18, [1350, 1058, 1125]
7, 5, 11.0, [645, 1332, 1125]
7, 6, 9.0, [1403, 717, 1125]
7, 7, 9.0, [785, 1141, 1125]
7, 8, 8.0, [1518, 717, 1125]
7, 9, 7.56, [320, 1212, 1402]
8, 0, 69.05, [1509, 1058, 1125]
8, 1, 68.42, [1509, 717, 1125]
8, 2, 66.95, [1509, 1223, 1168]
8, 3, 15.53, [1224, 1695, 1125]
8, 4, 11.0, [1425, 717, 1518]
8, 5, 11.0, [695, 1368, 1125]
8, 6, 10.94, [1350, 717, 1497]
8, 7, 10.0, [1475, 1058, 1125]
8, 8, 10.0, [2989, 1058, 695]
8, 9, 8.0, [1247, 1058, 785]
9, 0, 70.61, [1509, 1407, 1125]
9, 1, 69.05, [1509, 1058, 1125]
9, 2, 68.42, [1509, 717, 1125]
9, 3, 66.78, [1509, 1223, 1368]
9, 4, 64.52, [1509, 1058, 1149]
9, 5, 18.0, [1091, 717, 1125]
9, 6, 15.51, [1224, 1378, 1125]
9, 7, 15.0, [1425, 1078, 1125]
9, 8, 13.0, [975, 2320, 1068]
9, 9, 8.0, [1403, 1695, 1125]
10, 0, 70.61, [1509, 1407, 1125]
10, 1, 69.2, [1509, 1230, 576]
10, 2, 69.05, [1509, 1058, 1125]
10, 3, 66.23, [1509, 4227, 1125]
10, 4, 65.72, [1509, 1407, 1652]
10, 5, 63.11, [1509, 717, 1437]
10, 6, 15.59, [1224, 831, 1125]
10, 7, 12.0, [1168, 140, 1068]
10, 8, 11.0, [1827, 975, 1125]
10, 9, 8.46, [571, 1407, 1059]
11, 0, 71.04, [1509, 1223, 1125]
11, 1, 70.84, [1509, 1328, 576]
11, 2, 70.8, [1509, 1328, 576]
11, 3, 70.61, [1509, 1407, 1125]
11, 4, 69.54, [1509, 576, 695]
11, 5, 69.2, [1509, 1230, 576]
11, 6, 66.7, [1509, 1407, 645]
11, 7, 65.75, [1509, 1230, 785]
11, 8, 65.31, [1509, 1058, 1368]
11, 9, 16.16, [1425, 1230, 1125]
12, 0, 71.89, [1509, 1407, 576]
12, 1, 71.57, [1509, 1407, 576]
12, 2, 71.04, [1509, 1223, 1125]
12, 3, 70.84, [1509, 1328, 576]
12, 4, 68.6, [1509, 1407, 1058]
12, 5, 67.76, [1509, 1223, 1401]
12, 6, 67.27, [1509, 1064, 1125]
12, 7, 61.16, [1509, 1190, 1518]
12, 8, 19.51, [1091, 1328, 1125]
12, 9, 12.53, [1402, 695, 785]
13, 0, 71.89, [1509, 1407, 576]
13, 1, 71.85, [1509, 1407, 576]
13, 2, 71.57, [1509, 1407, 576]
13, 3, 70.36, [1509, 1430, 576]
13, 4, 68.93, [1509, 1407, 785]
13, 5, 67.0, [1509, 1407, 1368]
13, 6, 66.97, [1509, 1223, 645]
13, 7, 12.77, [1328, 1402, 576]
13, 8, 9.6, [1350, 1580, 2094]
13, 9, 9.0, [320, 1025, 314]
14, 0, 71.89, [1509, 1407, 576]
14, 1, 71.85, [1509, 1407, 576]
14, 2, 69.57, [1509, 521, 576]
14, 3, 62.52, [1509, 1767, 645]
14, 4, 47.85, [1131, 1407, 6917]
14, 5, 12.0, [1619, 1350, 785]
14, 6, 11.0, [1141, 970, 576]
14, 7, 11.0, [140, 1430, 831]
14, 8, 9.54, [905, 1407, 1040]
14, 9, 8.56, [326, 1328, 1347]
15, 0, 71.89, [1509, 1407, 576]
15, 1, 71.85, [1509, 1407, 576]
15, 2, 70.5, [1509, 1328, 576]
15, 3, 67.34, [1509, 1125, 645]
15, 4, 45.21, [6917, 1475, 1347]
15, 5, 13.0, [1480, 1767, 576]
15, 6, 11.51, [1146, 1407, 1025]
15, 7, 11.0, [421, 1611, 576]
15, 8, 9.53, [970, 1328, 576]
15, 9, 8.53, [1328, 1020, 751]
16, 0, 71.89, [1509, 1407, 576]
16, 1, 71.85, [1509, 1407, 576]
16, 2, 70.67, [1509, 1328, 576]
16, 3, 68.47, [1509, 1407, 1417]
16, 4, 66.78, [1509, 1125, 645]
16, 5, 64.43, [1509, 1311, 571]
16, 6, 64.43, [1509, 1620, 521]
16, 7, 63.09, [1509, 1230, 1497]
16, 8, 62.29, [1509, 1311, 1028]
16, 9, 20.44, [1091, 1407, 576]
17, 0, 71.89, [1509, 1407, 576]
17, 1, 71.85, [1509, 1407, 576]
17, 2, 69.08, [1509, 1407, 571]
17, 3, 66.56, [1509, 1407, 314]
17, 4, 66.46, [1509, 1401, 1058]
17, 5, 65.66, [1509, 1407, 1287]
17, 6, 63.18, [1509, 1279, 645]
17, 7, 62.35, [1509, 1620, 1437]
17, 8, 13.47, [320, 1407, 576]
17, 9, 10.51, [1347, 1407, 1125]
18, 0, 71.89, [1509, 1407, 576]
18, 1, 71.85, [1509, 1407, 576]
18, 2, 68.83, [2320, 1407, 1509]
18, 3, 68.6, [1509, 1407, 1058]
18, 4, 68.01, [1509, 1407, 717]
18, 5, 67.61, [1509, 1715, 576]
18, 6, 65.36, [1509, 3124, 571]
18, 7, 17.0, [2377, 1401, 576]
18, 8, 11.0, [1146, 749, 576]
18, 9, 9.5, [1064, 1407, 751]
19, 0, 71.89, [1509, 1407, 576]
19, 1, 71.85, [1509, 1407, 576]
19, 2, 68.77, [1509, 1407, 571]
19, 3, 66.75, [421, 1425, 1509]
19, 4, 65.21, [1146, 1407, 1509]
19, 5, 64.04, [1509, 1652, 1328]
19, 6, 62.2, [1509, 1990, 2094]
19, 7, 11.0, [1827, 1226, 576]
19, 8, 7.54, [1652, 1407, 5684]
19, 9, 7.53, [1767, 1328, 1058]
20, 0, 71.89, [1509, 1407, 576]
20, 1, 71.85, [1509, 1407, 576]
20, 2, 65.52, [1509, 1827, 1437]
20, 3, 65.42, [1509, 1407, 1190]
20, 4, 62.38, [1509, 1131, 1090]
20, 5, 16.45, [1091, 1407, 1403]
20, 6, 12.0, [1480, 1064, 576]
20, 7, 12.0, [645, 2171, 1442]
20, 8, 10.0, [1025, 4227, 1141]
20, 9, 9.56, [1518, 1125, 1402]
21, 0, 71.89, [1509, 1407, 576]
21, 1, 71.85, [1509, 1407, 576]
21, 2, 70.71, [1509, 1328, 576]
21, 3, 70.67, [1509, 1328, 576]
21, 4, 66.59, [1509, 1407, 314]
21, 5, 12.5, [1407, 975, 576]
21, 6, 12.0, [1068, 2377, 1417]
21, 7, 10.0, [1695, 320, 576]
21, 8, 8.0, [1040, 831, 576]
21, 9, 5.5, [970, 1407, 1212]
22, 0, 71.89, [1509, 1407, 576]
22, 1, 71.85, [1509, 1407, 576]
22, 2, 67.53, [1090, 1509, 576]
22, 3, 63.41, [1509, 314, 645]
22, 4, 16.47, [1224, 4227, 576]
22, 5, 10.57, [1402, 576, 1378]
22, 6, 10.48, [1328, 140, 576]
22, 7, 9.51, [1378, 1141, 1407]
22, 8, 7.46, [775, 1407, 2110]
22, 9, 6.42, [1518, 1407, 3124]
23, 0, 71.89, [1509, 1407, 576]
23, 1, 71.85, [1509, 1407, 576]
23, 2, 64.41, [1509, 1328, 1351]
23, 3, 64.37, [1509, 1328, 1226]
23, 4, 61.2, [1990, 1509, 1059]
23, 5, 15.45, [1224, 314, 576]
23, 6, 12.5, [1223, 1715, 576]
23, 7, 9.49, [1332, 1328, 1580]
23, 8, 8.58, [2320, 697, 3662]
23, 9, 8.53, [1190, 1407, 571]
24, 0, 71.89, [1509, 1407, 576]
24, 1, 71.85, [1509, 1407, 576]
24, 2, 69.14, [1509, 1407, 1402]
24, 3, 68.56, [1509, 1279, 576]
24, 4, 66.27, [1509, 1328, 314]
24, 5, 65.93, [1509, 1223, 1351]
24, 6, 65.72, [1509, 1407, 1935]
24, 7, 65.1, [1509, 1328, 1935]
24, 8, 64.72, [1509, 1328, 1226]
24, 9, 15.41, [2320, 1328, 576]
25, 0, 71.89, [1509, 1407, 576]
25, 1, 71.85, [1509, 1407, 576]
25, 2, 68.63, [1509, 1407, 571]
25, 3, 64.39, [1509, 1190, 571]
25, 4, 18.46, [1350, 1407, 576]
25, 5, 14.97, [1224, 1407, 314]
25, 6, 12.46, [1906, 1223, 576]
25, 7, 11.56, [2110, 1407, 576]
25, 8, 11.0, [775, 785, 576]
25, 9, 10.45, [1990, 421, 1475]
26, 0, 71.89, [1509, 1407, 576]
26, 1, 71.85, [1509, 1407, 576]
26, 2, 66.54, [1509, 1407, 3124]
26, 3, 16.39, [2320, 1407, 576]
26, 4, 16.0, [1401, 140, 1078]
26, 5, 12.0, [1403, 905, 576]
26, 6, 12.0, [970, 140, 1442]
26, 7, 8.0, [1437, 326, 571]
26, 8, 7.54, [1518, 1328, 571]
26, 9, 6.51, [1518, 1407, 1201]
27, 0, 71.89, [1509, 1407, 576]
27, 1, 71.85, [1509, 1407, 576]
27, 2, 64.7, [1509, 1328, 1078]
27, 3, 63.51, [1509, 697, 1990]
27, 4, 62.94, [1509, 717, 1107]
27, 5, 62.93, [1509, 1620, 314]
27, 6, 17.52, [1224, 1078, 576]
27, 7, 11.48, [3662, 1407, 576]
27, 8, 10.51, [2332, 1407, 4227]
27, 9, 8.0, [1059, 140, 576]
28, 0, 71.89, [1509, 1407, 576]
28, 1, 71.85, [1509, 1407, 576]
28, 2, 68.45, [1509, 1028, 576]
28, 3, 68.13, [1509, 1328, 571]
28, 4, 65.47, [1509, 1407, 1580]
28, 5, 16.0, [695, 1401, 576]
28, 6, 10.47, [2989, 1328, 576]
28, 7, 10.0, [1311, 695, 1058]
28, 8, 9.47, [2377, 1407, 1078]
28, 9, 9.0, [1652, 1212, 576]
29, 0, 71.89, [1509, 1407, 576]
29, 1, 71.85, [1509, 1407, 576]
29, 2, 65.3, [1509, 1168, 571]
29, 3, 63.32, [1509, 1028, 314]
29, 4, 62.26, [1509, 1619, 1131]
29, 5, 13.49, [1402, 521, 576]
29, 6, 12.48, [1425, 1407, 1475]
29, 7, 11.46, [1149, 1407, 576]
29, 8, 11.43, [1107, 1407, 576]
29, 9, 8.0, [1497, 1020, 576]
30, 0, 71.89, [1509, 1407, 576]
30, 1, 71.85, [1509, 1407, 576]
30, 2, 70.07, [1509, 785, 576]
30, 3, 68.07, [1509, 1328, 571]
30, 4, 67.95, [1509, 1328, 571]
30, 5, 67.6, [1509, 1475, 576]
30, 6, 65.86, [1509, 1328, 314]
30, 7, 65.24, [1509, 1168, 571]
30, 8, 63.52, [1509, 775, 1480]
30, 9, 11.41, [1146, 1402, 576]
31, 0, 71.89, [1509, 1407, 576]
31, 1, 71.85, [1509, 1407, 576]
31, 2, 66.94, [1509, 1078, 576]
31, 3, 66.86, [1509, 1407, 645]
31, 4, 12.0, [1442, 1225, 576]
31, 5, 10.53, [1058, 1328, 421]
31, 6, 9.61, [1417, 1407, 1311]
31, 7, 9.0, [1146, 1131, 576]
31, 8, 8.53, [1620, 1407, 1378]
31, 9, 7.2, [1652, 1990, 645]
32, 0, 71.89, [1509, 1407, 576]
32, 1, 71.85, [1509, 1407, 576]
32, 2, 70.5, [1509, 1328, 576]
32, 3, 70.28, [1509, 1332, 695]
32, 4, 64.17, [1509, 1332, 1107]
32, 5, 61.4, [1509, 1518, 1107]
32, 6, 61.13, [1509, 2110, 775]
32, 7, 11.61, [1190, 1407, 576]
32, 8, 10.0, [717, 1078, 576]
32, 9, 8.74, [1417, 1328, 1402]
33, 0, 71.89, [1509, 1407, 576]
33, 1, 71.85, [1509, 1407, 576]
33, 2, 70.6, [1509, 1328, 695]
33, 3, 69.81, [1509, 788, 576]
33, 4, 68.77, [1509, 1157, 576]
33, 5, 66.4, [1509, 1332, 1091]
33, 6, 64.83, [1509, 1328, 1107]
33, 7, 63.68, [1509, 788, 1906]
33, 8, 44.54, [1107, 6917, 1020]
33, 9, 10.0, [905, 1332, 1201]
34, 0, 71.89, [1509, 1407, 576]
34, 1, 71.85, [1509, 1407, 576]
34, 2, 70.3, [1509, 1068, 1141]
34, 3, 67.95, [1509, 1424, 576]
34, 4, 65.1, [1509, 2320, 787]
34, 5, 64.4, [1509, 1328, 1619]
34, 6, 62.51, [1509, 1131, 2094]
34, 7, 10.0, [2377, 3662, 576]
34, 8, 9.56, [1332, 1328, 1368]
34, 9, 8.0, [3662, 1430, 1068]
35, 0, 71.89, [1509, 1407, 576]
35, 1, 71.85, [1509, 1407, 576]
35, 2, 66.49, [1509, 1827, 314]
35, 3, 63.53, [1509, 1424, 1028]
35, 4, 62.41, [1509, 1028, 1212]
35, 5, 12.36, [1475, 1407, 576]
35, 6, 11.75, [1351, 1149, 1990]
35, 7, 9.0, [1652, 140, 1347]
35, 8, 9.0, [1518, 1611, 576]
35, 9, 8.0, [1430, 1437, 1078]
36, 0, 71.89, [1509, 1407, 576]
36, 1, 71.85, [1509, 1407, 576]
36, 2, 68.69, [1509, 905, 571]
36, 3, 67.11, [1509, 1090, 576]
36, 4, 10.13, [1990, 1407, 314]
36, 5, 10.0, [1425, 1040, 314]
36, 6, 8.0, [2377, 1827, 1028]
36, 7, 8.0, [1287, 1064, 576]
36, 8, 7.42, [1107, 1407, 1247]
36, 9, 5.0, [1620, 1424, 314]
37, 0, 71.89, [1509, 1407, 576]
37, 1, 71.85, [1509, 1407, 576]
37, 2, 70.99, [1509, 1328, 695]
37, 3, 70.07, [1509, 1332, 576]
37, 4, 67.78, [1509, 1407, 1247]
37, 5, 64.1, [1509, 1090, 571]
37, 6, 19.93, [1224, 1407, 576]
37, 7, 11.0, [3124, 1141, 576]
37, 8, 9.54, [1368, 1328, 2320]
37, 9, 8.0, [1715, 1201, 2171]
38, 0, 71.89, [1509, 1407, 576]
38, 1, 71.85, [1509, 1407, 576]
38, 2, 71.6, [1509, 1407, 140]
38, 3, 65.65, [1509, 788, 1247]
38, 4, 17.0, [1401, 785, 576]
38, 5, 16.49, [1224, 1437, 576]
38, 6, 15.53, [1425, 697, 576]
38, 7, 14.11, [1990, 1328, 576]
38, 8, 13.59, [1230, 1407, 576]
38, 9, 8.0, [1368, 970, 576]
39, 0, 71.89, [1509, 1407, 576]
39, 1, 71.85, [1509, 1407, 576]
39, 2, 71.64, [1509, 1407, 576]
39, 3, 68.14, [1509, 787, 140]
39, 4, 66.72, [1509, 1407, 585]
39, 5, 66.57, [1509, 1328, 1247]
39, 6, 65.97, [1509, 1402, 645]
39, 7, 64.96, [1509, 785, 645]
39, 8, 14.55, [521, 1407, 576]
39, 9, 12.8, [1141, 1407, 1990]
40, 0, 71.89, [1509, 1407, 576]
40, 1, 71.85, [1509, 1407, 576]
40, 2, 71.68, [1509, 1407, 576]
40, 3, 70.28, [1509, 1328, 576]
40, 4, 67.41, [1509, 1935, 576]
40, 5, 50.43, [1620, 6917, 576]
40, 6, 15.0, [1401, 787, 576]
40, 7, 12.0, [2110, 1442, 576]
40, 8, 6.0, [1131, 1442, 1149]
40, 9, 5.58, [1328, 1225, 1497]
41, 0, 71.89, [1509, 1407, 576]
41, 1, 71.85, [1509, 1407, 576]
41, 2, 71.24, [1509, 1141, 576]
41, 3, 68.13, [1509, 1028, 576]
41, 4, 66.7, [1509, 749, 571]
41, 5, 16.51, [1224, 1906, 576]
41, 6, 15.63, [1350, 1407, 1230]
41, 7, 10.48, [1328, 1368, 576]
41, 8, 10.43, [1025, 1407, 1020]
41, 9, 9.4, [571, 1407, 1935]
42, 0, 71.89, [1509, 1407, 576]
42, 1, 71.85, [1509, 1407, 576]
42, 2, 67.43, [1509, 1580, 576]
42, 3, 65.32, [1509, 1328, 1064]
42, 4, 19.0, [1401, 1125, 576]
42, 5, 15.1, [1149, 1350, 576]
42, 6, 11.0, [775, 421, 576]
42, 7, 10.58, [2332, 1403, 1402]
42, 8, 8.0, [785, 1028, 1417]
42, 9, 7.0, [1131, 1906, 2171]
43, 0, 71.89, [1509, 1407, 576]
43, 1, 71.85, [1509, 1407, 576]
43, 2, 68.06, [1509, 1328, 571]
43, 3, 62.99, [1509, 1028, 314]
43, 4, 16.63, [1351, 1407, 576]
43, 5, 10.45, [521, 1407, 717]
43, 6, 10.0, [314, 576, 326]
43, 7, 9.0, [1403, 1580, 2320]
43, 8, 9.0, [1518, 1475, 576]
43, 9, 8.0, [521, 1058, 314]
44, 0, 71.89, [1509, 1407, 576]
44, 1, 71.85, [1509, 1407, 576]
44, 2, 70.53, [1509, 421, 576]
44, 3, 67.98, [1509, 1328, 571]
44, 4, 67.4, [1351, 1509, 576]
44, 5, 65.95, [1509, 1328, 314]
44, 6, 62.17, [1509, 1350, 6917]
44, 7, 12.1, [2989, 1350, 571]
44, 8, 11.0, [1695, 2320, 751]
44, 9, 10.45, [1402, 140, 1424]
45, 0, 71.89, [1509, 1407, 576]
45, 1, 71.85, [1509, 1407, 576]
45, 2, 68.13, [1509, 1279, 576]
45, 3, 67.08, [1509, 1417, 571]
45, 4, 18.51, [1224, 421, 576]
45, 5, 11.42, [695, 1407, 1424]
45, 6, 8.51, [788, 421, 1475]
45, 7, 8.0, [1107, 1351, 645]
45, 8, 8.0, [1695, 1149, 576]
45, 9, 7.51, [1090, 1407, 1652]
46, 0, 71.89, [1509, 1407, 576]
46, 1, 71.85, [1509, 1407, 576]
46, 2, 71.18, [1509, 1141, 576]
46, 3, 48.45, [1224, 6917, 3662]
46, 4, 15.48, [1425, 1407, 571]
46, 5, 12.51, [1425, 1328, 1040]
46, 6, 11.0, [2094, 1141, 576]
46, 7, 10.5, [1059, 1328, 576]
46, 8, 9.0, [695, 5684, 576]
46, 9, 8.46, [2110, 1407, 571]
47, 0, 71.89, [1509, 1407, 576]
47, 1, 71.85, [1509, 1407, 576]
47, 2, 68.92, [1509, 1407, 2320]
47, 3, 21.0, [1091, 1141, 576]
47, 4, 15.0, [1224, 1407, 1695]
47, 5, 15.0, [1497, 2377, 1091]
47, 6, 12.0, [1332, 1368, 576]
47, 7, 11.52, [695, 1407, 831]
47, 8, 11.45, [1347, 1407, 576]
47, 9, 6.56, [1906, 1407, 314]
48, 0, 71.89, [1509, 1407, 576]
48, 1, 71.85, [1509, 1407, 576]
48, 2, 61.41, [1509, 1619, 1040]
48, 3, 19.22, [1350, 2332, 576]
48, 4, 15.52, [1091, 1402, 831]
48, 5, 13.0, [695, 571, 1430]
48, 6, 12.44, [1403, 1407, 576]
48, 7, 11.57, [1518, 1407, 576]
48, 8, 9.42, [1247, 1407, 1442]
48, 9, 9.0, [2377, 1287, 751]
49, 0, 71.89, [1509, 1407, 576]
49, 1, 71.85, [1509, 1407, 576]
49, 2, 68.01, [1509, 1407, 751]
49, 3, 67.64, [1509, 1990, 576]
49, 4, 64.62, [1509, 1328, 1201]
49, 5, 63.25, [1509, 2332, 314]
49, 6, 62.74, [1509, 4227, 749]
49, 7, 62.66, [1509, 1619, 1368]
49, 8, 13.45, [1350, 1407, 645]
49, 9, 11.54, [1226, 1407, 576]
50, 0, 71.89, [1509, 1407, 576]
50, 1, 71.85, [1509, 1407, 576]
50, 2, 66.14, [1509, 1328, 1620]
50, 3, 64.56, [1509, 975, 1368]
50, 4, 64.42, [1509, 585, 975]
50, 5, 61.15, [1509, 1090, 1351]
50, 6, 11.54, [1078, 1407, 1332]
50, 7, 11.49, [1767, 1407, 576]
50, 8, 10.5, [1442, 1328, 571]
50, 9, 10.5, [5684, 1328, 576]
