n_nodes,influence,n0,n1,n2,n3,n4,n5,n6,n7,n8,n9,n10,n11,n12,n13,n14,n15,n16,n17,n18,n19,n20
21,4859.5200,2688,3974,3849,3483,3360,1441,1065,4791,6072,5822,76,344,7391,3568,1138,6003,2547,5880,5884,509,6270
21,4729.3800,2688,3974,3849,3483,3360,1441,1065,4791,6072,5822,76,344,362,3568,1138,3723,2547,5880,5884,509,6270
21,4729.3800,2688,3974,3849,3483,3360,1441,1065,4791,6072,5822,76,344,362,3568,1138,3723,2547,5880,5884,509,6270
21,4729.3800,2688,3974,3849,3483,3360,1441,1065,4791,6072,5822,76,344,362,3568,1138,3723,2547,5880,5884,509,6270
21,4729.3800,2688,3974,3849,3483,3360,1441,1065,4791,6072,5822,76,344,362,3568,1138,3723,2547,5880,5884,509,6270
21,4729.3800,2688,3974,3849,3483,3360,1441,1065,4791,6072,5822,76,344,362,3568,1138,3723,2547,5880,5884,509,6270
21,4720.3800,2688,3974,3849,1607,3483,3360,1441,1065,4791,6072,5822,344,362,3568,1138,3723,2547,5880,5884,509,6270
21,4714.3800,2688,3974,3849,1607,3483,3360,1441,1065,4791,6072,5822,76,344,362,3568,1138,2547,5880,5884,509,6270
21,4714.3800,2688,3974,3849,1607,3483,3360,1441,1065,4791,6072,5822,76,344,362,3568,1138,2547,5880,5884,509,6270
21,4711.3800,2688,3974,3849,3483,3360,1441,1065,4791,6072,5822,76,344,1989,3568,1138,6003,2547,5880,5884,509,6270
21,4711.3800,2688,3974,3849,3483,3360,1441,1065,4791,6072,5822,76,344,1989,3568,1138,6003,2547,5880,5884,509,6270
21,4709.1600,2688,3974,3849,3483,3360,1441,1065,3418,6072,5822,76,344,362,3568,1138,6003,2547,5880,5884,509,6270
21,4709.1600,2688,3974,3849,3483,3360,1441,1065,3418,6072,5822,76,344,362,3568,1138,6003,2547,5880,5884,509,6270
21,4707.1500,2688,3974,3849,3483,3360,1441,1065,4791,6072,5822,76,344,362,3568,1138,6003,2547,6090,5884,509,6270
21,4706.9700,2688,3974,3849,3483,3360,1441,1065,4791,6072,5822,344,362,3568,1138,6003,2547,5880,5884,509,6270,76
21,4706.9700,2688,3974,3849,3483,3360,1441,1065,4791,6072,5822,344,362,3568,1138,6003,2547,5880,5884,509,6270,76
