n_nodes,influence,n0,n1,n2,n3,n4
5,2140.9460,352,3907,6184,5552,7055
5,2140.8620,352,3907,6184,5552,7055
5,2140.8620,352,3907,6184,5552,7055
5,2140.8620,352,3907,6184,5552,7055
5,2140.8620,352,3907,6184,5552,7055
5,2140.8620,352,3907,6184,5552,7055
5,2140.8620,352,3907,6184,5552,7055
5,2140.8620,352,3907,6184,5552,7055
5,2140.8620,352,3907,6184,5552,7055
5,2140.8620,352,3907,6184,5552,7055
5,2140.8620,352,3907,6184,5552,7055
5,2140.8620,352,3907,6184,5552,7055
5,2140.8620,352,3907,6184,5552,7055
5,2140.8620,352,3907,6184,5552,7055
5,2140.8620,352,3907,6184,5552,7055
5,2140.8620,352,3907,6184,5552,7055
