n_nodes,influence,n0,n1,n2,n3,n4,n5,n6,n7,n8,n9,n10,n11,n12,n13,n14,n15,n16
17,30.0500,249326,157290,8246,251479,103574,109123,164016,100694,84312,139610,146132,87932,45258,75811,40589,61722,180792
17,29.9000,109123,36836,75811,251479,157290,45258,61722,40589,249326,180792,164016,146132,8246,103574,100694,139610,87932
17,29.8000,249326,157290,8246,251479,103574,109123,164016,100694,84312,139610,146132,87932,45258,75811,40589,61722,180792
17,29.8000,249326,157290,8246,251479,103574,109123,164016,100694,84312,139610,146132,87932,45258,75811,40589,61722,180792
17,29.8000,249326,157290,8246,251479,103574,109123,164016,100694,84312,139610,146132,87932,45258,75811,40589,61722,180792
17,29.8000,249326,157290,8246,251479,103574,109123,164016,100694,84312,139610,146132,87932,45258,75811,40589,61722,180792
17,29.8000,249326,157290,8246,251479,103574,109123,164016,100694,84312,139610,146132,87932,45258,75811,40589,61722,180792
17,29.8000,249326,157290,8246,251479,103574,109123,164016,100694,84312,139610,146132,87932,45258,75811,40589,61722,180792
17,29.8000,249326,157290,8246,251479,103574,109123,164016,100694,84312,139610,146132,87932,45258,75811,40589,61722,180792
17,29.8000,249326,157290,8246,251479,103574,109123,164016,100694,84312,139610,146132,87932,45258,75811,40589,61722,180792
17,29.8000,249326,157290,8246,251479,103574,109123,164016,100694,84312,139610,146132,87932,45258,75811,40589,61722,180792
17,29.8000,249326,157290,8246,251479,103574,109123,164016,100694,84312,139610,146132,87932,45258,75811,40589,61722,180792
17,29.8000,249326,157290,8246,251479,103574,109123,164016,100694,84312,139610,146132,87932,45258,75811,40589,61722,180792
17,29.8000,249326,157290,8246,251479,103574,109123,164016,100694,84312,139610,146132,87932,45258,75811,40589,61722,180792
17,29.8000,249326,157290,8246,251479,103574,109123,164016,100694,84312,139610,146132,87932,45258,75811,40589,61722,180792
17,29.8000,249326,157290,8246,251479,103574,109123,164016,100694,84312,139610,146132,87932,45258,75811,40589,61722,180792
