n_nodes,influence,n0,n1,n2,n3,n4
5,1062.9400,388,6381,52339,9793,28216
5,1049.0600,9793,388,6381,38443,57814
5,1044.9800,9793,388,6381,26462,28216
5,1042.6400,388,6381,52339,9793,28216
5,1042.6400,388,6381,52339,9793,28216
5,1037.3200,388,6381,52339,9793,28216
5,1026.4000,388,6381,52339,9793,28216
5,1023.9000,388,6381,52339,9793,28216
5,1022.9800,388,6381,52339,9793,57814
5,1022.9800,388,6381,52339,9793,57814
5,1021.9200,9793,388,6381,44113,28216
5,1020.4000,388,6381,52339,9793,28216
5,1020.4000,388,6381,52339,9793,28216
5,1020.4000,388,6381,52339,9793,28216
5,1019.7800,388,6381,52339,9793,57814
5,1018.1600,388,6381,52339,9793,28216
