generation number, individual number, fitness, candidate
0, 0, 2.07, [343, 269]
0, 1, 2.06, [2595, 2593]
0, 2, 2.06, [2595, 279]
0, 3, 2.05, [278, 1811]
0, 4, 2.04, [2595, 343]
0, 5, 2.03, [2525, 3716]
0, 6, 2.02, [266, 3334]
0, 7, 2.01, [250, 266]
0, 8, 2.01, [244, 91]
0, 9, 2.0, [285, 244]
1, 0, 2.07, [2597, 269]
1, 1, 2.07, [343, 269]
1, 2, 2.06, [615, 269]
1, 3, 2.06, [2595, 2593]
1, 4, 2.05, [264, 279]
1, 5, 2.03, [2595, 285]
1, 6, 2.02, [343, 4602]
1, 7, 2.02, [2595, 279]
1, 8, 2.01, [343, 380]
1, 9, 2.01, [343, 220]
2, 0, 2.07, [191, 77]
2, 1, 2.07, [291, 250]
2, 2, 2.07, [2597, 269]
2, 3, 2.07, [343, 269]
2, 4, 2.06, [159, 279]
2, 5, 2.05, [1811, 77]
2, 6, 2.05, [2512, 291]
2, 7, 2.05, [283, 269]
2, 8, 2.03, [2593, 3716]
2, 9, 2.01, [2597, 2156]
3, 0, 2.12, [269, 77]
3, 1, 2.07, [191, 77]
3, 2, 2.07, [291, 250]
3, 3, 2.05, [191, 2156]
3, 4, 2.04, [159, 77]
3, 5, 2.03, [191, 2156]
3, 6, 2.03, [343, 2764]
3, 7, 2.02, [278, 269]
3, 8, 2.02, [291, 285]
3, 9, 2.01, [2597, 240]
4, 0, 2.12, [269, 1086]
4, 1, 2.12, [269, 77]
4, 2, 2.1, [269, 274]
4, 3, 2.1, [269, 77]
4, 4, 2.09, [250, 609]
4, 5, 2.07, [193, 77]
4, 6, 2.07, [191, 77]
4, 7, 2.06, [269, 104]
4, 8, 2.06, [269, 240]
4, 9, 2.05, [193, 77]
5, 0, 2.12, [269, 1086]
5, 1, 2.12, [269, 77]
5, 2, 2.1, [615, 77]
5, 3, 2.09, [91, 77]
5, 4, 2.07, [269, 300]
5, 5, 2.07, [3716, 1088]
5, 6, 2.06, [2512, 295]
5, 7, 2.05, [261, 77]
5, 8, 2.02, [301, 1087]
5, 9, 2.02, [541, 1086]
6, 0, 2.12, [269, 1086]
6, 1, 2.12, [269, 77]
6, 2, 2.07, [279, 1086]
6, 3, 2.06, [3716, 77]
6, 4, 2.06, [269, 265]
6, 5, 2.05, [269, 1087]
6, 6, 2.04, [91, 1088]
6, 7, 2.04, [2156, 77]
6, 8, 2.04, [285, 220]
6, 9, 2.02, [240, 264]
7, 0, 2.12, [269, 1086]
7, 1, 2.12, [269, 77]
7, 2, 2.07, [266, 91]
7, 3, 2.06, [3716, 222]
7, 4, 2.06, [269, 256]
7, 5, 2.05, [226, 3135]
7, 6, 2.04, [3716, 77]
7, 7, 2.04, [279, 1087]
7, 8, 2.03, [288, 1086]
7, 9, 2.02, [279, 534]
8, 0, 2.12, [269, 1086]
8, 1, 2.12, [269, 77]
8, 2, 2.1, [295, 3135]
8, 3, 2.07, [534, 295]
8, 4, 2.06, [256, 300]
8, 5, 2.05, [288, 278]
8, 6, 2.05, [288, 77]
8, 7, 2.05, [279, 81]
8, 8, 2.04, [1087, 77]
8, 9, 2.01, [2593, 149]
9, 0, 2.12, [300, 295]
9, 1, 2.12, [269, 1086]
9, 2, 2.12, [269, 77]
9, 3, 2.11, [269, 274]
9, 4, 2.08, [260, 295]
9, 5, 2.08, [269, 2711]
9, 6, 2.06, [1811, 256]
9, 7, 2.05, [103, 81]
9, 8, 2.05, [876, 1086]
9, 9, 2.03, [103, 343]
10, 0, 2.12, [300, 295]
10, 1, 2.12, [269, 1086]
10, 2, 2.1, [302, 77]
10, 3, 2.1, [2156, 295]
10, 4, 2.1, [302, 77]
10, 5, 2.08, [285, 295]
10, 6, 2.06, [269, 2514]
10, 7, 2.04, [244, 874]
10, 8, 2.04, [285, 77]
10, 9, 2.04, [1088, 534]
11, 0, 2.12, [300, 295]
11, 1, 2.12, [269, 1086]
11, 2, 2.09, [288, 295]
11, 3, 2.09, [302, 295]
11, 4, 2.08, [295, 874]
11, 5, 2.05, [250, 2512]
11, 6, 2.05, [269, 76]
11, 7, 2.04, [300, 265]
11, 8, 2.04, [302, 1087]
11, 9, 2.02, [302, 1086]
12, 0, 2.12, [300, 295]
12, 1, 2.12, [269, 1086]
12, 2, 2.11, [269, 283]
12, 3, 2.09, [288, 295]
12, 4, 2.09, [3716, 295]
12, 5, 2.07, [269, 876]
12, 6, 2.06, [288, 295]
12, 7, 2.04, [302, 1087]
12, 8, 2.03, [300, 1087]
12, 9, 2.02, [302, 1088]
13, 0, 2.14, [279, 295]
13, 1, 2.12, [300, 295]
13, 2, 2.12, [269, 1086]
13, 3, 2.09, [269, 297]
13, 4, 2.07, [2156, 295]
13, 5, 2.07, [76, 295]
13, 6, 2.07, [288, 295]
13, 7, 2.04, [264, 1086]
13, 8, 2.04, [279, 2767]
13, 9, 2.03, [3716, 1087]
14, 0, 2.14, [279, 295]
14, 1, 2.12, [300, 295]
14, 2, 2.11, [191, 295]
14, 3, 2.07, [269, 2530]
14, 4, 2.06, [279, 277]
14, 5, 2.05, [269, 2513]
14, 6, 2.04, [226, 269]
14, 7, 2.04, [77, 91]
14, 8, 2.03, [2712, 2770]
14, 9, 2.02, [244, 1086]
15, 0, 2.14, [279, 295]
15, 1, 2.12, [300, 295]
15, 2, 2.05, [264, 295]
15, 3, 2.04, [2593, 2512]
15, 4, 2.03, [77, 193]
15, 5, 2.03, [302, 264]
15, 6, 2.03, [279, 102]
15, 7, 2.02, [244, 2593]
15, 8, 2.02, [300, 2512]
15, 9, 2.02, [279, 283]
16, 0, 2.21, [269, 2595]
16, 1, 2.14, [279, 295]
16, 2, 2.13, [2595, 295]
16, 3, 2.12, [300, 295]
16, 4, 2.08, [380, 295]
16, 5, 2.05, [222, 269]
16, 6, 2.05, [264, 102]
16, 7, 2.04, [1811, 263]
16, 8, 2.04, [541, 4602]
16, 9, 2.02, [380, 275]
17, 0, 2.21, [269, 2595]
17, 1, 2.14, [279, 295]
17, 2, 2.07, [3716, 295]
17, 3, 2.07, [279, 2599]
17, 4, 2.05, [260, 2595]
17, 5, 2.05, [269, 2514]
17, 6, 2.04, [558, 2595]
17, 7, 2.04, [269, 2593]
17, 8, 2.03, [76, 220]
17, 9, 2.03, [2599, 2950]
18, 0, 2.21, [269, 2595]
18, 1, 2.2, [269, 295]
18, 2, 2.14, [77, 1811]
18, 3, 2.14, [279, 295]
18, 4, 2.08, [380, 295]
18, 5, 2.06, [159, 4602]
18, 6, 2.06, [279, 2597]
18, 7, 2.04, [285, 2599]
18, 8, 2.02, [81, 4849]
18, 9, 2.02, [219, 541]
19, 0, 2.21, [269, 2595]
19, 1, 2.2, [269, 295]
19, 2, 2.15, [269, 226]
19, 3, 2.14, [285, 295]
19, 4, 2.07, [609, 295]
19, 5, 2.07, [874, 1086]
19, 6, 2.07, [269, 283]
19, 7, 2.04, [77, 2599]
19, 8, 2.04, [2597, 2595]
19, 9, 2.03, [615, 2595]
20, 0, 2.21, [269, 2595]
20, 1, 2.2, [269, 295]
20, 2, 2.05, [269, 874]
20, 3, 2.05, [275, 277]
20, 4, 2.04, [2770, 2595]
20, 5, 2.04, [285, 226]
20, 6, 2.02, [149, 534]
20, 7, 2.02, [250, 2574]
20, 8, 2.02, [534, 226]
20, 9, 2.02, [269, 876]
21, 0, 2.21, [269, 2595]
21, 1, 2.2, [269, 295]
21, 2, 2.1, [269, 295]
21, 3, 2.09, [269, 2599]
21, 4, 2.08, [3716, 295]
21, 5, 2.07, [2711, 874]
21, 6, 2.06, [191, 2595]
21, 7, 2.05, [4602, 2770]
21, 8, 2.04, [2513, 104]
21, 9, 2.03, [1811, 273]
22, 0, 2.21, [269, 2595]
22, 1, 2.2, [269, 295]
22, 2, 2.16, [264, 295]
22, 3, 2.1, [295, 615]
22, 4, 2.07, [275, 295]
22, 5, 2.04, [1088, 2513]
22, 6, 2.04, [302, 81]
22, 7, 2.03, [279, 316]
22, 8, 2.02, [4602, 2770]
22, 9, 2.02, [2530, 3135]
23, 0, 2.21, [269, 2595]
23, 1, 2.2, [269, 295]
23, 2, 2.12, [269, 295]
23, 3, 2.08, [269, 2530]
23, 4, 2.08, [279, 295]
23, 5, 2.07, [269, 250]
23, 6, 2.04, [1086, 1082]
23, 7, 2.04, [264, 2599]
23, 8, 2.02, [297, 874]
23, 9, 2.01, [316, 1082]
24, 0, 2.21, [269, 2595]
24, 1, 2.2, [269, 295]
24, 2, 2.12, [269, 2765]
24, 3, 2.09, [269, 2512]
24, 4, 2.09, [2765, 1811]
24, 5, 2.06, [285, 295]
24, 6, 2.05, [288, 295]
24, 7, 2.04, [2597, 541]
24, 8, 2.03, [1082, 265]
24, 9, 2.03, [264, 209]
25, 0, 2.21, [269, 2595]
25, 1, 2.2, [269, 295]
25, 2, 2.14, [2156, 295]
25, 3, 2.11, [1811, 295]
25, 4, 2.08, [279, 2595]
25, 5, 2.06, [263, 300]
25, 6, 2.06, [3135, 226]
25, 7, 2.03, [191, 91]
25, 8, 2.02, [2765, 1088]
25, 9, 2.01, [615, 81]
26, 0, 2.21, [269, 2595]
26, 1, 2.2, [269, 295]
26, 2, 2.06, [269, 2597]
26, 3, 2.06, [269, 2599]
26, 4, 2.04, [250, 159]
26, 5, 2.03, [279, 2513]
26, 6, 2.03, [275, 1811]
26, 7, 2.03, [244, 4849]
26, 8, 2.02, [2156, 2595]
26, 9, 2.01, [537, 2595]
27, 0, 2.21, [269, 2595]
27, 1, 2.2, [269, 295]
27, 2, 2.06, [4602, 269]
27, 3, 2.05, [295, 291]
27, 4, 2.05, [269, 2530]
27, 5, 2.04, [256, 285]
27, 6, 2.04, [269, 1088]
27, 7, 2.04, [295, 103]
27, 8, 2.03, [2765, 2599]
27, 9, 2.01, [193, 2599]
28, 0, 2.21, [269, 2595]
28, 1, 2.2, [269, 295]
28, 2, 2.11, [295, 265]
28, 3, 2.08, [2574, 256]
28, 4, 2.08, [3716, 2512]
28, 5, 2.07, [269, 2512]
28, 6, 2.06, [2512, 77]
28, 7, 2.04, [285, 291]
28, 8, 2.03, [77, 275]
28, 9, 2.02, [264, 301]
29, 0, 2.21, [269, 2595]
29, 1, 2.2, [269, 295]
29, 2, 2.07, [2512, 2514]
29, 3, 2.04, [283, 2595]
29, 4, 2.03, [2156, 91]
29, 5, 2.03, [3716, 265]
29, 6, 2.02, [615, 283]
29, 7, 2.02, [316, 2595]
29, 8, 2.02, [2156, 265]
29, 9, 2.01, [300, 265]
30, 0, 2.21, [269, 2595]
30, 1, 2.2, [269, 295]
30, 2, 2.08, [269, 2597]
30, 3, 2.06, [2599, 295]
30, 4, 2.03, [279, 2595]
30, 5, 2.02, [77, 149]
30, 6, 2.02, [2762, 250]
30, 7, 2.02, [288, 2513]
30, 8, 2.01, [297, 265]
30, 9, 2.01, [534, 2712]
31, 0, 2.21, [269, 2595]
31, 1, 2.2, [269, 295]
31, 2, 2.1, [269, 874]
31, 3, 2.07, [269, 149]
31, 4, 2.06, [3135, 2512]
31, 5, 2.05, [1080, 81]
31, 6, 2.04, [277, 316]
31, 7, 2.01, [1086, 615]
31, 8, 2.0, [2595, 301]
31, 9, 2.0, [303, 222]
32, 0, 2.21, [269, 2595]
32, 1, 2.2, [269, 295]
32, 2, 2.08, [275, 295]
32, 3, 2.07, [295, 81]
32, 4, 2.05, [2595, 81]
32, 5, 2.05, [285, 2595]
32, 6, 2.04, [222, 615]
32, 7, 2.04, [622, 2514]
32, 8, 2.02, [541, 2770]
32, 9, 2.01, [76, 2595]
33, 0, 2.21, [269, 2595]
33, 1, 2.2, [269, 295]
33, 2, 2.14, [269, 295]
33, 3, 2.07, [269, 615]
33, 4, 2.07, [269, 616]
33, 5, 2.07, [2512, 3334]
33, 6, 2.05, [4602, 250]
33, 7, 2.05, [316, 295]
33, 8, 2.04, [220, 4602]
33, 9, 2.04, [295, 2597]
34, 0, 2.21, [269, 2595]
34, 1, 2.2, [269, 295]
34, 2, 2.08, [277, 250]
34, 3, 2.06, [269, 159]
34, 4, 2.05, [343, 277]
34, 5, 2.05, [269, 302]
34, 6, 2.04, [2532, 2595]
34, 7, 2.03, [269, 615]
34, 8, 2.02, [380, 2599]
34, 9, 2.02, [3716, 2595]
35, 0, 2.21, [269, 2595]
35, 1, 2.2, [269, 295]
35, 2, 2.1, [277, 2514]
35, 3, 2.08, [269, 1087]
35, 4, 2.06, [269, 240]
35, 5, 2.06, [269, 277]
35, 6, 2.05, [226, 220]
35, 7, 2.05, [273, 2595]
35, 8, 2.03, [91, 256]
35, 9, 2.02, [103, 2599]
36, 0, 2.21, [269, 2595]
36, 1, 2.2, [269, 295]
36, 2, 2.08, [269, 316]
36, 3, 2.06, [269, 283]
36, 4, 2.06, [2593, 277]
36, 5, 2.05, [256, 615]
36, 6, 2.04, [269, 244]
36, 7, 2.03, [3716, 2514]
36, 8, 2.03, [159, 2513]
36, 9, 2.03, [261, 4602]
37, 0, 2.21, [269, 2595]
37, 1, 2.2, [269, 295]
37, 2, 2.07, [269, 2597]
37, 3, 2.07, [279, 295]
37, 4, 2.06, [269, 534]
37, 5, 2.05, [343, 1811]
37, 6, 2.04, [250, 2599]
37, 7, 2.03, [275, 2513]
37, 8, 2.03, [244, 2514]
37, 9, 2.03, [1087, 1082]
38, 0, 2.21, [269, 2595]
38, 1, 2.2, [269, 295]
38, 2, 2.12, [1811, 295]
38, 3, 2.1, [269, 2711]
38, 4, 2.06, [269, 876]
38, 5, 2.06, [81, 277]
38, 6, 2.04, [2515, 91]
38, 7, 2.03, [2762, 222]
38, 8, 2.02, [343, 2595]
38, 9, 2.02, [316, 2593]
39, 0, 2.21, [269, 2595]
39, 1, 2.2, [269, 295]
39, 2, 2.11, [295, 2525]
39, 3, 2.08, [240, 77]
39, 4, 2.08, [269, 2599]
39, 5, 2.07, [541, 295]
39, 6, 2.07, [285, 295]
39, 7, 2.03, [2711, 2595]
39, 8, 2.03, [1811, 2597]
39, 9, 2.02, [300, 2514]
40, 0, 2.21, [269, 2595]
40, 1, 2.2, [269, 295]
40, 2, 2.07, [295, 2597]
40, 3, 2.07, [269, 4602]
40, 4, 2.06, [874, 159]
40, 5, 2.05, [316, 2595]
40, 6, 2.05, [91, 2530]
40, 7, 2.04, [269, 2597]
40, 8, 2.03, [269, 2512]
40, 9, 2.03, [279, 2525]
41, 0, 2.21, [269, 2595]
41, 1, 2.2, [269, 295]
41, 2, 2.09, [269, 266]
41, 3, 2.09, [279, 874]
41, 4, 2.08, [256, 269]
41, 5, 2.07, [250, 269]
41, 6, 2.05, [279, 2595]
41, 7, 2.04, [81, 2593]
41, 8, 2.04, [3716, 2599]
41, 9, 2.03, [3334, 2597]
42, 0, 2.21, [269, 2595]
42, 1, 2.2, [269, 295]
42, 2, 2.08, [2513, 2514]
42, 3, 2.06, [269, 278]
42, 4, 2.06, [615, 269]
42, 5, 2.05, [1811, 615]
42, 6, 2.04, [541, 269]
42, 7, 2.03, [2950, 261]
42, 8, 2.02, [343, 2513]
42, 9, 2.02, [219, 2595]
43, 0, 2.21, [295, 2595]
43, 1, 2.21, [269, 2595]
43, 2, 2.2, [269, 295]
43, 3, 2.16, [2512, 295]
43, 4, 2.1, [269, 2527]
43, 5, 2.08, [1811, 2595]
43, 6, 2.04, [2513, 2599]
43, 7, 2.02, [4602, 2530]
43, 8, 2.02, [291, 103]
43, 9, 2.02, [104, 876]
44, 0, 2.21, [295, 2595]
44, 1, 2.21, [269, 2595]
44, 2, 2.1, [295, 2599]
44, 3, 2.08, [2512, 277]
44, 4, 2.06, [3334, 295]
44, 5, 2.04, [876, 622]
44, 6, 2.04, [269, 2597]
44, 7, 2.03, [2514, 301]
44, 8, 2.03, [2156, 226]
44, 9, 2.03, [2599, 285]
45, 0, 2.21, [295, 2595]
45, 1, 2.21, [269, 2595]
45, 2, 2.17, [295, 279]
45, 3, 2.09, [295, 263]
45, 4, 2.04, [279, 2595]
45, 5, 2.03, [269, 541]
45, 6, 2.02, [2770, 226]
45, 7, 2.02, [616, 103]
45, 8, 2.02, [279, 343]
45, 9, 2.02, [265, 2595]
46, 0, 2.21, [295, 2595]
46, 1, 2.21, [269, 2595]
46, 2, 2.09, [1811, 2599]
46, 3, 2.05, [279, 2595]
46, 4, 2.05, [2765, 874]
46, 5, 2.03, [288, 2595]
46, 6, 2.02, [226, 1080]
46, 7, 2.01, [2156, 2595]
46, 8, 2.01, [149, 220]
46, 9, 2.01, [269, 2765]
47, 0, 2.21, [295, 2595]
47, 1, 2.21, [269, 2595]
47, 2, 2.12, [2512, 2595]
47, 3, 2.09, [269, 2597]
47, 4, 2.07, [269, 2764]
47, 5, 2.07, [279, 2595]
47, 6, 2.06, [2512, 285]
47, 7, 2.06, [226, 2595]
47, 8, 2.05, [288, 2512]
47, 9, 2.03, [3716, 2762]
48, 0, 2.21, [295, 2595]
48, 1, 2.21, [269, 2595]
48, 2, 2.09, [876, 1811]
48, 3, 2.06, [1811, 291]
48, 4, 2.06, [2512, 2597]
48, 5, 2.04, [279, 291]
48, 6, 2.03, [2711, 2595]
48, 7, 2.03, [1082, 2595]
48, 8, 2.03, [266, 244]
48, 9, 2.03, [295, 343]
49, 0, 2.21, [295, 2595]
49, 1, 2.21, [269, 2595]
49, 2, 2.06, [269, 297]
49, 3, 2.05, [3135, 2595]
49, 4, 2.05, [278, 277]
49, 5, 2.05, [244, 269]
49, 6, 2.04, [283, 2597]
49, 7, 2.03, [1082, 615]
49, 8, 2.02, [4602, 2525]
49, 9, 2.02, [2514, 2593]
50, 0, 2.21, [295, 2595]
50, 1, 2.21, [269, 2595]
50, 2, 2.09, [3716, 2595]
50, 3, 2.06, [261, 2762]
50, 4, 2.06, [874, 3716]
50, 5, 2.05, [295, 615]
50, 6, 2.04, [876, 2595]
50, 7, 2.03, [222, 303]
50, 8, 2.03, [220, 2711]
50, 9, 2.03, [277, 300]
