n_nodes,influence,n0,n1,n2,n3,n4
5,2147.3800,4967,3579,7466,3642,383
5,2147.3800,4967,3579,7466,3642,383
5,2147.3800,4967,3579,7466,3642,383
5,2146.8600,4967,2694,7466,4208,3642
5,2146.3800,3642,1895,4967,7466,383
5,2146.3800,3642,1895,4967,7466,383
5,2146.3800,3642,1895,4967,7466,383
5,2146.3800,3642,1895,4967,7466,383
5,2146.3800,3642,1895,4967,7466,383
5,2146.3800,3642,1895,4967,7466,383
5,2146.3800,3642,1895,4967,7466,383
5,2145.6100,4967,5959,7451,4543,5747
5,2145.3900,4967,5959,7451,4543,4208
5,2145.2600,3642,1895,4967,7466,4208
5,2145.2600,3642,1895,4967,7466,4208
5,2145.2600,3642,1895,4967,7466,4208
5,2145.2600,3642,1895,4967,7466,4208
5,2145.0300,4611,4967,7756,2394,4208
5,2144.8400,4967,5959,7451,4543,5747
5,2144.8400,4967,5959,7451,4543,5747
5,2144.8400,4967,5959,7451,4543,5747
5,2144.8400,4967,5959,7451,4543,5747
5,2144.8400,4967,5959,7451,4543,5747
5,2144.8400,4967,5959,7451,4543,5747
5,2144.8400,4967,5959,7451,4543,5747
5,2144.8400,4967,5959,7451,4543,5747
5,2144.8400,4967,5959,7451,4543,5747
5,2144.8400,4967,5959,7451,4543,5747
5,2144.8400,4967,5959,7451,4543,5747
5,2144.8400,4967,5959,7451,4543,5747
5,2144.8400,4967,5959,7451,4543,5747
5,2144.8400,4967,5959,7451,4543,5747
5,2144.8400,4967,5959,7451,4543,5747
5,2144.8400,4967,5959,7451,4543,5747
5,2144.8400,4967,5959,7451,4543,5747
5,2144.8400,4967,5959,7451,4543,5747
5,2144.8400,4967,5959,7451,4543,5747
5,2144.8400,4967,5959,7451,4543,5747
5,2144.8400,4967,5959,7451,4543,5747
5,2144.8400,4967,5959,7451,4543,5747
5,2144.8400,4967,5959,7451,4543,5747
5,2144.8400,4967,5959,7451,4543,5747
5,2144.8400,4967,5959,7451,4543,5747
5,2144.8400,4967,5959,7451,4543,5747
5,2144.8400,4967,5959,7451,4543,5747
5,2144.8400,4967,5959,7451,4543,5747
5,2144.8400,4967,5959,7451,4543,5747
5,2144.8400,4967,5959,7451,4543,5747
5,2144.8400,4967,5959,7451,4543,5747
5,2144.8400,4967,5959,7451,4543,5747
5,2144.8400,4967,5959,7451,4543,5747
5,2144.7200,3642,1895,4967,7466,5747
5,2144.7100,4967,1895,1770,3642,383
5,2144.7000,4967,5959,7451,4543,5747
5,2144.7000,4967,5959,7451,4543,5747
5,2144.6500,4967,5959,7756,2394,4208
5,2144.6500,4967,5959,7756,2394,4208
5,2144.4300,4967,3642,7801,2749,383
5,2144.4000,4967,7466,3642,3923,383
5,2144.3200,4967,5959,7451,4543,5747
5,2144.3200,4967,5959,7451,3513,383
5,2144.3100,4967,5959,7451,5808,383
5,2144.2800,4967,5959,7451,7756,383
5,2144.2800,4967,5959,7451,7756,383
