n_nodes,influence,n0,n1,n2,n3,n4,n5,n6,n7,n8,n9,n10,n11,n12,n13,n14,n15,n16,n17,n18,n19
20,114.1400,9747,106899,19347,206620,178719,167719,206404,209994,107731,198229,65334,211417,255713,113507,163562,213227,13551,32370,88315,94847
20,114.1400,9747,106899,19347,206620,178719,167719,206404,209994,107731,198229,65334,211417,255713,113507,163562,213227,13551,32370,88315,94847
20,114.1400,9747,106899,19347,206620,178719,167719,206404,209994,107731,198229,65334,211417,255713,113507,163562,213227,13551,32370,88315,94847
20,114.1400,9747,106899,19347,206620,178719,167719,206404,209994,107731,198229,65334,211417,255713,113507,163562,213227,13551,32370,88315,94847
20,114.1400,9747,106899,19347,206620,178719,167719,206404,209994,107731,198229,65334,211417,255713,113507,163562,213227,13551,32370,88315,94847
20,113.1300,106899,19347,65334,206620,178719,167719,107731,9747,206404,198229,209994,211417,255713,113507,163562,213227,13551,32370,88315,94847
20,113.1300,106899,19347,65334,206620,178719,167719,107731,9747,206404,198229,209994,211417,255713,113507,163562,213227,13551,32370,88315,94847
20,113.1300,106899,19347,65334,206620,178719,167719,107731,9747,206404,198229,209994,211417,255713,113507,163562,213227,13551,32370,88315,94847
20,113.0600,106899,19347,36472,206620,178719,167719,107731,9747,65334,198229,206404,211417,209994,113507,163562,213227,13551,32370,88315,94847
20,112.8400,106899,19347,9747,206620,178719,167719,65334,206404,209994,107731,198229,211417,36472,113507,163562,213227,13551,32370,88315,94847
20,112.8400,106899,19347,9747,206620,178719,167719,65334,206404,209994,107731,198229,211417,36472,113507,163562,213227,13551,32370,88315,94847
20,112.8400,106899,19347,9747,206620,178719,167719,65334,206404,209994,107731,198229,211417,36472,113507,163562,213227,13551,32370,88315,94847
20,112.8400,106899,19347,9747,206620,178719,167719,65334,206404,209994,107731,198229,211417,36472,113507,163562,213227,13551,32370,88315,94847
20,112.2400,9747,106899,19347,206620,178719,167719,206404,209994,107731,198229,65334,211417,255713,113507,163562,213227,13551,32370,88315,94847
20,112.2400,9747,106899,19347,206620,178719,167719,206404,209994,107731,198229,65334,211417,255713,113507,163562,213227,13551,32370,88315,94847
20,112.2000,106899,19347,255713,206620,178719,167719,65334,206404,209994,107731,198229,211417,9747,113507,163562,213227,13551,32370,88315,94847
20,112.0200,106899,19347,65334,206620,178719,167719,107731,9747,206404,198229,209994,211417,255713,113507,163562,213227,13551,32370,88315,94847
20,112.0200,106899,19347,65334,206620,178719,167719,107731,9747,206404,198229,209994,211417,255713,113507,163562,213227,13551,32370,88315,94847
20,112.0200,106899,19347,65334,206620,178719,167719,107731,9747,206404,198229,209994,211417,255713,113507,163562,213227,13551,32370,88315,94847
20,111.9200,106899,19347,65334,206620,178719,167719,107731,9747,206404,198229,209994,211417,255713,113507,163562,213227,13551,32370,88315,94847
20,111.9200,106899,19347,65334,206620,178719,167719,107731,9747,206404,198229,209994,211417,255713,113507,163562,213227,13551,32370,88315,94847
20,111.9200,106899,19347,65334,206620,178719,167719,107731,9747,206404,198229,209994,211417,255713,113507,163562,213227,13551,32370,88315,94847
20,111.9200,106899,19347,65334,206620,178719,167719,107731,9747,206404,198229,209994,211417,255713,113507,163562,213227,13551,32370,88315,94847
20,111.8600,106899,19347,9747,206620,178719,167719,107731,65334,206404,198229,209994,211417,255713,113507,163562,213227,13551,32370,88315,94847
20,111.8600,106899,19347,9747,206620,178719,167719,107731,65334,206404,198229,209994,211417,255713,113507,163562,213227,13551,32370,88315,94847
20,111.8600,106899,19347,9747,206620,178719,167719,107731,65334,206404,198229,209994,211417,255713,113507,163562,213227,13551,32370,88315,94847
20,111.8600,106899,19347,9747,206620,178719,167719,107731,65334,206404,198229,209994,211417,255713,113507,163562,213227,13551,32370,88315,94847
20,111.8600,106899,19347,9747,206620,178719,167719,107731,65334,206404,198229,209994,211417,255713,113507,163562,213227,13551,32370,88315,94847
20,111.8600,106899,19347,9747,206620,178719,167719,107731,65334,206404,198229,209994,211417,255713,113507,163562,213227,13551,32370,88315,94847
20,111.8600,106899,19347,9747,206620,178719,167719,107731,65334,206404,198229,209994,211417,255713,113507,163562,213227,13551,32370,88315,94847
20,111.8600,106899,19347,9747,206620,178719,167719,107731,65334,206404,198229,209994,211417,255713,113507,163562,213227,13551,32370,88315,94847
20,111.8600,106899,19347,9747,206620,178719,167719,107731,65334,206404,198229,209994,211417,255713,113507,163562,213227,13551,32370,88315,94847
20,111.8500,106899,19347,65334,206620,178719,167719,107731,9747,206404,198229,209994,211417,255713,113507,163562,213227,13551,32370,88315,94847
20,111.8300,106899,19347,9747,206620,178719,167719,107731,65334,206404,198229,209994,211417,255713,113507,163562,213227,13551,32370,88315,94847
20,111.8300,106899,19347,9747,206620,178719,167719,107731,65334,206404,198229,209994,211417,255713,113507,163562,213227,13551,32370,88315,94847
20,111.7400,106899,19347,36472,206620,178719,167719,107731,9747,65334,198229,206404,211417,209994,113507,163562,213227,13551,32370,88315,94847
20,111.7400,106899,19347,65334,206620,178719,167719,107731,9747,206404,198229,209994,211417,255713,113507,163562,213227,13551,32370,88315,94847
20,111.7400,106899,19347,65334,206620,178719,167719,107731,9747,206404,198229,209994,211417,255713,113507,163562,213227,13551,32370,88315,94847
20,111.7400,106899,19347,65334,206620,178719,167719,107731,9747,206404,198229,209994,211417,255713,113507,163562,213227,13551,32370,88315,94847
20,111.7400,106899,19347,65334,206620,178719,167719,107731,9747,206404,198229,209994,211417,255713,113507,163562,213227,13551,32370,88315,94847
20,111.7400,106899,19347,65334,206620,178719,167719,107731,9747,206404,198229,209994,211417,255713,113507,163562,213227,13551,32370,88315,94847
20,111.7400,106899,19347,65334,206620,178719,167719,107731,9747,206404,198229,209994,211417,255713,113507,163562,213227,13551,32370,88315,94847
20,111.7400,106899,19347,65334,206620,178719,167719,107731,9747,206404,198229,209994,211417,255713,113507,163562,213227,13551,32370,88315,94847
20,111.7400,106899,19347,65334,206620,178719,167719,107731,9747,206404,198229,209994,211417,255713,113507,163562,213227,13551,32370,88315,94847
20,111.7400,106899,19347,65334,206620,178719,167719,107731,9747,206404,198229,209994,211417,255713,113507,163562,213227,13551,32370,88315,94847
20,111.7400,106899,19347,65334,206620,178719,167719,107731,9747,206404,198229,209994,211417,255713,113507,163562,213227,13551,32370,88315,94847
20,111.7400,106899,19347,65334,206620,178719,167719,107731,9747,206404,198229,209994,211417,255713,113507,163562,213227,13551,32370,88315,94847
20,111.7400,106899,19347,65334,206620,178719,167719,107731,9747,206404,198229,209994,211417,255713,113507,163562,213227,13551,32370,88315,94847
20,111.7400,106899,19347,65334,206620,178719,167719,107731,9747,206404,198229,209994,211417,255713,113507,163562,213227,13551,32370,88315,94847
20,111.7400,106899,19347,65334,206620,178719,167719,107731,9747,206404,198229,209994,211417,255713,113507,163562,213227,13551,32370,88315,94847
20,111.7400,106899,19347,65334,206620,178719,167719,107731,9747,206404,198229,209994,211417,255713,113507,163562,213227,13551,32370,88315,94847
20,111.7400,106899,19347,65334,206620,178719,167719,107731,9747,206404,198229,209994,211417,255713,113507,163562,213227,13551,32370,88315,94847
20,111.7200,9747,106899,19347,206620,178719,167719,206404,209994,107731,198229,65334,211417,255713,113507,163562,213227,13551,32370,88315,94847
20,111.7200,9747,106899,19347,206620,178719,167719,206404,209994,107731,198229,65334,211417,255713,113507,163562,213227,13551,32370,88315,94847
20,111.7200,9747,106899,19347,206620,178719,167719,206404,209994,107731,198229,65334,211417,255713,113507,163562,213227,13551,32370,88315,94847
20,111.7200,9747,106899,19347,206620,178719,167719,206404,209994,107731,198229,65334,211417,255713,113507,163562,213227,13551,32370,88315,94847
20,111.7200,9747,106899,19347,206620,178719,167719,206404,209994,107731,198229,65334,211417,255713,113507,163562,213227,13551,32370,88315,94847
20,111.5900,106899,19347,65334,206620,178719,167719,107731,9747,206404,198229,209994,211417,255713,113507,163562,213227,13551,32370,88315,94847
20,111.5400,106899,19347,9747,206620,178719,167719,107731,65334,206404,198229,209994,211417,255713,113507,163562,213227,13551,32370,88315,94847
20,111.5400,106899,19347,65334,206620,178719,167719,107731,9747,206404,198229,209994,211417,255713,113507,163562,213227,13551,32370,88315,94847
20,111.5300,106899,19347,255713,206620,178719,167719,65334,206404,209994,107731,198229,211417,9747,113507,163562,213227,13551,32370,88315,94847
20,111.5100,106899,19347,9747,206620,178719,167719,107731,65334,206404,198229,209994,211417,255713,113507,163562,213227,13551,32370,88315,94847
20,111.4800,106899,19347,65334,206620,178719,167719,107731,9747,206404,198229,209994,211417,255713,113507,163562,213227,13551,32370,88315,94847
20,111.4200,106899,19347,65334,206620,178719,167719,107731,9747,206404,198229,209994,211417,255713,113507,163562,213227,13551,32370,88315,94847
20,111.3600,106899,19347,255713,206620,178719,167719,65334,206404,209994,107731,198229,211417,9747,113507,163562,213227,13551,32370,88315,94847
20,111.2900,106899,19347,9747,206620,178719,167719,107731,65334,206404,198229,209994,211417,255713,113507,163562,213227,13551,32370,88315,94847
20,111.2000,9747,106899,19347,206620,178719,167719,206404,209994,107731,198229,65334,211417,255713,113507,163562,213227,13551,32370,88315,94847
20,111.1100,106899,19347,65334,206620,178719,167719,107731,9747,206404,198229,209994,211417,255713,113507,163562,213227,13551,32370,88315,94847
20,110.9200,106899,19347,65334,206620,178719,167719,107731,9747,206404,198229,209994,211417,255713,113507,163562,213227,13551,32370,88315,94847
20,110.8000,9747,106899,19347,206620,178719,167719,206404,209994,107731,198229,65334,211417,255713,113507,163562,213227,13551,32370,88315,94847
20,110.7700,106899,19347,65334,36472,206620,178719,107731,167719,9747,198229,206404,211417,209994,113507,163562,213227,13551,32370,88315,94847
20,110.6600,106899,19347,65334,206620,178719,167719,107731,9747,206404,198229,209994,211417,255713,113507,163562,213227,13551,32370,88315,94847
20,110.4500,106899,19347,9747,206620,178719,167719,107731,65334,206404,198229,209994,211417,255713,113507,163562,213227,13551,32370,88315,94847
20,110.4400,106899,19347,9747,206620,178719,167719,107731,65334,206404,198229,209994,211417,255713,113507,163562,213227,13551,32370,88315,94847
20,110.4100,106899,19347,65334,206620,178719,167719,107731,9747,206404,198229,209994,211417,255713,113507,163562,213227,13551,32370,88315,94847
20,110.3800,9747,106899,19347,206620,178719,167719,206404,209994,107731,198229,65334,211417,255713,113507,163562,213227,13551,32370,88315,94847
20,110.3500,106899,19347,65334,206620,178719,167719,107731,9747,206404,198229,209994,211417,255713,113507,163562,213227,13551,32370,88315,94847
20,110.2800,106899,19347,65334,206620,178719,167719,107731,9747,206404,198229,209994,211417,255713,113507,163562,213227,13551,32370,88315,94847
20,110.2600,9747,106899,19347,206620,178719,167719,65334,206404,54616,107731,198229,211417,255713,113507,163562,213227,13551,32370,88315,94847
20,110.2500,106899,19347,65334,206620,178719,167719,107731,9747,206404,198229,209994,211417,255713,113507,163562,213227,13551,32370,88315,94847
20,110.2400,106899,19347,65334,206620,178719,167719,107731,9747,206404,198229,209994,211417,255713,113507,163562,213227,13551,32370,88315,94847
20,110.2000,106899,19347,9747,206620,178719,167719,107731,65334,206404,198229,209994,211417,255713,113507,163562,213227,13551,32370,88315,94847
20,110.0200,106899,19347,9747,206620,178719,143506,65334,206404,209994,107731,198229,211417,255713,113507,163562,213227,13551,32370,88315,94847
20,109.8900,106899,19347,65334,206620,178719,167719,107731,9747,206404,198229,209994,211417,255713,113507,163562,213227,13551,32370,88315,94847
20,109.8700,106899,19347,9747,206620,178719,167719,107731,65334,206404,198229,209994,211417,255713,113507,163562,213227,13551,32370,88315,94847
20,109.8200,106899,19347,9747,206620,178719,167719,65334,206404,209994,107731,198229,211417,255713,113507,163562,213227,13551,32370,88315,94847
20,109.8000,9747,106899,19347,206620,178719,167719,206404,209994,107731,198229,65334,211417,255713,113507,163562,213227,13551,32370,88315,94847
20,109.7500,9747,106899,19347,206620,178719,167719,206404,209994,107731,198229,65334,211417,255713,113507,163562,213227,13551,32370,88315,94847
20,109.7400,106899,19347,65334,206620,178719,167719,107731,9747,206404,198229,209994,211417,255713,113507,163562,213227,13551,32370,88315,94847
20,109.7300,106899,19347,65334,206620,178719,167719,107731,9747,206404,198229,209994,211417,255713,113507,163562,213227,13551,32370,88315,94847
20,109.6700,106899,19347,9747,206620,178719,167719,65334,206404,209994,107731,198229,211417,255713,113507,194681,213227,13551,32370,88315,94847
20,109.6200,106899,19347,65334,206620,178719,167719,107731,9747,206404,198229,209994,211417,255713,113507,163562,213227,13551,32370,88315,94847
20,109.6000,9747,106899,19347,206620,178719,167719,206404,209994,107731,198229,65334,211417,255713,113507,163562,213227,13551,32370,88315,94847
20,109.6000,106899,19347,9747,206620,178719,167719,107731,65334,206404,198229,209994,211417,255713,113507,163562,213227,13551,32370,88315,94847
20,109.5900,9747,106899,19347,206620,178719,167719,206404,209994,107731,198229,65334,211417,255713,113507,163562,213227,13551,32370,88315,94847
20,109.5900,106899,19347,65334,206620,178719,167719,107731,9747,206404,198229,209994,211417,255713,113507,163562,213227,13551,32370,88315,94847
20,109.4600,9747,106899,19347,206620,178719,167719,206404,209994,107731,198229,65334,211417,255713,113507,163562,213227,13551,32370,88315,94847
20,109.3600,9747,106899,19347,206620,178719,167719,206404,209994,107731,198229,36472,211417,65334,113507,163562,213227,13551,32370,88315,94847
20,109.3300,9747,106899,19347,206620,178719,167719,206404,209994,107731,198229,65334,211417,255713,113507,163562,213227,13551,32370,88315,94847
20,109.3000,106899,19347,9747,206620,178719,167719,65334,206404,209994,107731,198229,211417,255713,163089,163562,213227,13551,32370,88315,94847
