generation number, individual number, fitness, candidate
0, 0, 3.13, [1086, 295, 2525]
0, 1, 3.07, [2512, 2764, 154]
0, 2, 3.07, [283, 302, 209]
0, 3, 3.07, [558, 541, 277]
0, 4, 3.07, [264, 2514, 558]
0, 5, 3.05, [193, 91, 2712]
0, 6, 3.04, [2532, 2770, 316]
0, 7, 3.04, [2156, 2515, 302]
0, 8, 3.03, [2767, 222, 2596]
0, 9, 3.02, [260, 2065, 4602]
1, 0, 3.14, [302, 295, 2512]
1, 1, 3.13, [2512, 302, 222]
1, 2, 3.13, [1086, 295, 2525]
1, 3, 3.08, [283, 2764, 2593]
1, 4, 3.08, [2512, 302, 222]
1, 5, 3.07, [2512, 2764, 154]
1, 6, 3.06, [283, 295, 2512]
1, 7, 3.05, [343, 2514, 558]
1, 8, 3.05, [264, 874, 154]
1, 9, 3.05, [283, 2764, 2593]
2, 0, 3.14, [302, 295, 2512]
2, 1, 3.13, [2512, 302, 222]
2, 2, 3.11, [1086, 295, 2532]
2, 3, 3.1, [2512, 301, 154]
2, 4, 3.1, [3155, 295, 2525]
2, 5, 3.1, [1086, 295, 2513]
2, 6, 3.1, [302, 295, 2512]
2, 7, 3.08, [302, 295, 2512]
2, 8, 3.07, [1086, 316, 2512]
2, 9, 3.05, [2513, 2764, 222]
2, 10, 3.04, [98, 2530, 2156]
3, 0, 3.14, [302, 295, 2512]
3, 1, 3.13, [277, 4849, 2512]
3, 2, 3.13, [2512, 302, 222]
3, 3, 3.12, [616, 295, 2762]
3, 4, 3.11, [1086, 2514, 2512]
3, 5, 3.07, [2515, 77, 2532]
3, 6, 3.07, [343, 301, 295]
3, 7, 3.07, [288, 295, 2712]
3, 8, 3.06, [265, 3155, 2512]
3, 9, 3.06, [615, 295, 3716]
3, 10, 3.05, [259, 295, 2532]
4, 0, 3.15, [277, 2514, 2512]
4, 1, 3.14, [273, 295, 2512]
4, 2, 3.14, [302, 295, 2512]
4, 3, 3.13, [277, 4849, 2512]
4, 4, 3.09, [1095, 295, 103]
4, 5, 3.08, [302, 264, 2512]
4, 6, 3.07, [302, 4849, 2513]
4, 7, 3.06, [259, 220, 278]
4, 8, 3.05, [263, 295, 335]
4, 9, 3.04, [301, 4849, 2512]
4, 10, 3.02, [316, 622, 2764]
5, 0, 3.16, [277, 295, 91]
5, 1, 3.15, [277, 2514, 2512]
5, 2, 3.14, [277, 295, 2515]
5, 3, 3.14, [273, 295, 2512]
5, 4, 3.1, [302, 295, 2512]
5, 5, 3.1, [277, 2513, 2512]
5, 6, 3.09, [300, 2514, 2512]
5, 7, 3.08, [273, 283, 2512]
5, 8, 3.06, [1082, 278, 541]
5, 9, 3.05, [302, 2527, 2512]
5, 10, 3.04, [2765, 2514, 2513]
5, 11, 3.03, [291, 2762, 2515]
6, 0, 3.16, [277, 295, 91]
6, 1, 3.15, [277, 2514, 2512]
6, 2, 3.14, [277, 295, 102]
6, 3, 3.12, [277, 874, 2512]
6, 4, 3.1, [277, 295, 343]
6, 5, 3.1, [274, 295, 263]
6, 6, 3.08, [277, 2514, 104]
6, 7, 3.05, [2762, 2764, 104]
6, 8, 3.03, [102, 2514, 2512]
6, 9, 3.03, [77, 149, 91]
6, 10, 3.03, [876, 2950, 558]
6, 11, 3.02, [265, 2593, 615]
7, 0, 3.16, [277, 295, 91]
7, 1, 3.15, [277, 2514, 2512]
7, 2, 3.14, [2593, 295, 2512]
7, 3, 3.12, [291, 295, 91]
7, 4, 3.11, [4849, 295, 77]
7, 5, 3.1, [277, 874, 534]
7, 6, 3.1, [558, 2514, 295]
7, 7, 3.09, [874, 2514, 2515]
7, 8, 3.08, [277, 2527, 91]
7, 9, 3.07, [277, 263, 91]
7, 10, 3.06, [277, 295, 343]
7, 11, 3.06, [277, 2513, 2512]
8, 0, 3.16, [277, 295, 91]
8, 1, 3.15, [277, 2514, 2512]
8, 2, 3.14, [277, 295, 2513]
8, 3, 3.14, [2593, 295, 615]
8, 4, 3.11, [1086, 2514, 2512]
8, 5, 3.11, [277, 2527, 91]
8, 6, 3.1, [2593, 295, 220]
8, 7, 3.1, [277, 2574, 279]
8, 8, 3.08, [277, 2595, 91]
8, 9, 3.08, [277, 2764, 2512]
8, 10, 3.08, [269, 2514, 244]
8, 11, 3.07, [291, 295, 2513]
9, 0, 3.16, [277, 2527, 91]
9, 1, 3.16, [300, 295, 2512]
9, 2, 3.16, [277, 295, 91]
9, 3, 3.15, [277, 2514, 2512]
9, 4, 3.1, [277, 295, 2513]
9, 5, 3.09, [295, 2764, 159]
9, 6, 3.08, [300, 2156, 295]
9, 7, 3.08, [277, 316, 2512]
9, 8, 3.05, [303, 265, 91]
9, 9, 3.05, [277, 1088, 4849]
9, 10, 3.04, [277, 2527, 91]
9, 11, 3.03, [277, 2527, 343]
9, 12, 3.03, [277, 2527, 91]
10, 0, 3.16, [277, 295, 2515]
10, 1, 3.16, [277, 2527, 91]
10, 2, 3.16, [300, 295, 2512]
10, 3, 3.13, [295, 2527, 302]
10, 4, 3.13, [277, 295, 102]
10, 5, 3.13, [277, 2767, 300]
10, 6, 3.1, [277, 2514, 2512]
10, 7, 3.09, [277, 2764, 2593]
10, 8, 3.09, [277, 2514, 2515]
10, 9, 3.09, [303, 295, 2512]
10, 10, 3.07, [277, 295, 2765]
10, 11, 3.07, [279, 2514, 2512]
10, 12, 3.07, [300, 103, 2512]
10, 13, 3.06, [273, 2514, 91]
