num_genrations,diversity,improvement,best_fitness
0,0.9948326771653543,0,79.99
1,0.9721702755905511,0.03575446930866358,82.85
2,0.9235974409448819,0.10319855159927595,91.4
3,0.8572096456692914,0.012035010940918973,92.5
4,0.66126968503937,0.051675675675675686,97.28
5,0.6585383858267716,0.0029810855263157077,97.57
6,0.5573080708661418,0.06877113866967315,104.28
7,0.5131397637795276,0.0,104.28
8,0.5885826771653543,0.0,104.28
9,0.540994094488189,0.0,104.28
10,0.45354330708661394,0.012945914844648966,105.63
