n_nodes,influence,n0,n1,n2,n3,n4,n5,n6,n7,n8,n9,n10,n11,n12,n13,n14,n15,n16,n17,n18,n19,n20,n21,n22,n23,n24,n25,n26,n27,n28,n29
30,159.9000,2560,4097,7683,4485,10,7306,7052,5263,5531,5020,1185,3106,1062,299,310,3579,2496,2625,71,4938,3402,2256,722,985,1374,5226,5100,1649,766,1151
30,158.4300,2560,4097,7683,4485,10,7306,7052,5263,5531,5020,2496,31,1185,3106,1062,299,1464,2625,310,71,4938,3402,2256,722,985,1374,5226,5100,766,1151
30,157.8400,2560,4097,7683,4485,10,7306,7052,5263,5531,5020,31,1185,3106,1062,299,310,2387,2496,2625,71,4938,3402,2256,722,985,1374,5226,5100,766,1151
30,157.6300,2560,7683,4485,10,7306,1548,7052,5263,5531,5020,286,31,1185,3106,1062,299,1464,2625,310,71,4938,3402,2256,722,985,1374,5226,5100,766,1151
30,157.1600,2560,4097,7683,4485,10,7306,7052,5263,5531,5020,2496,31,1185,3106,1062,299,1464,2625,310,71,4938,3402,2256,722,985,1374,5226,5100,766,1151
30,157.1600,2560,4097,7683,4485,10,7306,7052,5263,5531,5020,2496,31,1185,3106,1062,299,1464,2625,310,71,4938,3402,2256,722,985,1374,5226,5100,766,1151
30,157.1600,2560,4097,7683,4485,10,7306,7052,5263,5531,5020,2496,31,1185,3106,1062,299,1464,2625,310,71,4938,3402,2256,722,985,1374,5226,5100,766,1151
30,157.1600,2560,4097,7683,4485,10,7306,7052,5263,5531,5020,2496,31,1185,3106,1062,299,1464,2625,310,71,4938,3402,2256,722,985,1374,5226,5100,766,1151
30,157.1600,2560,4097,7683,4485,10,7306,7052,5263,5531,5020,2496,31,1185,3106,1062,299,1464,2625,310,71,4938,3402,2256,722,985,1374,5226,5100,766,1151
30,156.9900,2560,7683,4485,10,7306,1548,7052,5263,5531,5020,286,31,1185,3106,1062,299,1464,2625,310,71,4938,3402,2256,722,985,1374,5226,5100,766,1151
30,156.9900,2560,7683,4485,10,7306,1548,7052,5263,5531,5020,286,31,1185,3106,1062,299,1464,2625,310,71,4938,3402,2256,722,985,1374,5226,5100,766,1151
30,156.9900,2560,7683,4485,10,7306,1548,7052,5263,5531,5020,286,31,1185,3106,1062,299,1464,2625,310,71,4938,3402,2256,722,985,1374,5226,5100,766,1151
30,156.0100,2560,4097,7683,4485,10,7306,7052,5263,5531,5020,1649,1185,3106,1062,299,310,1464,2496,2625,71,4938,3402,2256,722,985,1374,5226,5100,766,1151
30,155.5600,2560,4097,7683,4485,10,7306,7052,5263,5531,5020,2496,31,1185,3106,1062,299,1464,2625,310,71,4938,3402,2256,722,985,1374,5226,5100,766,1151
30,155.5600,2560,4097,7683,4485,10,7306,7052,5263,5531,5020,2496,31,1185,3106,1062,299,1464,2625,310,71,4938,3402,2256,722,985,1374,5226,5100,766,1151
30,155.4900,2560,7683,4485,10,7306,1548,7052,5263,5531,5020,286,31,6394,3106,1062,299,310,1464,2625,71,4938,3402,2256,722,985,1374,5226,5100,766,1151
30,155.4900,2560,7683,4485,10,7306,1548,7052,5263,5531,5020,286,31,6394,3106,1062,299,310,1464,2625,71,4938,3402,2256,722,985,1374,5226,5100,766,1151
30,155.2300,2560,7683,4485,10,7306,1548,7052,5263,5531,5020,286,31,6394,3106,1062,299,310,1464,2625,71,4938,3402,2256,722,985,1374,5226,5100,766,1151
30,154.6300,2560,4097,7683,4485,10,7306,7052,5263,5531,5020,1649,1185,3106,1062,299,310,1464,2496,2625,71,4938,3402,2256,722,985,1374,5226,5100,766,1151
30,154.6300,2560,4097,7683,4485,10,7306,7052,5263,5531,5020,1649,1185,3106,1062,299,310,1464,2496,2625,71,4938,3402,2256,722,985,1374,5226,5100,766,1151
30,154.6300,2560,4097,7683,4485,10,7306,7052,5263,5531,5020,1649,1185,3106,1062,299,310,1464,2496,2625,71,4938,3402,2256,722,985,1374,5226,5100,766,1151
30,152.5300,5020,5100,10,7306,1548,1861,2625,5226,5531,1062,722,1464,1151,3106,2256,4485,299,286,5263,31,7683,766,71,1185,4938,985,7052,1374,2560,3402
30,152.5300,5020,5100,10,7306,1548,1861,2625,5226,5531,1062,722,1464,1151,3106,2256,4485,299,286,5263,31,7683,766,71,1185,4938,985,7052,1374,2560,3402
30,152.5300,5020,5100,10,7306,1548,1861,2625,5226,5531,1062,722,1464,1151,3106,2256,4485,299,286,5263,31,7683,766,71,1185,4938,985,7052,1374,2560,3402
30,152.5300,5020,5100,10,7306,1548,1861,2625,5226,5531,1062,722,1464,1151,3106,2256,4485,299,286,5263,31,7683,766,71,1185,4938,985,7052,1374,2560,3402
30,152.5300,5020,5100,10,7306,1548,1861,2625,5226,5531,1062,722,1464,1151,3106,2256,4485,299,286,5263,31,7683,766,71,1185,4938,985,7052,1374,2560,3402
30,152.5300,5020,5100,10,7306,1548,1861,2625,5226,5531,1062,722,1464,1151,3106,2256,4485,299,286,5263,31,7683,766,71,1185,4938,985,7052,1374,2560,3402
30,152.5300,5020,5100,10,7306,1548,1861,2625,5226,5531,1062,722,1464,1151,3106,2256,4485,299,286,5263,31,7683,766,71,1185,4938,985,7052,1374,2560,3402
30,152.5300,5020,5100,10,7306,1548,1861,2625,5226,5531,1062,722,1464,1151,3106,2256,4485,299,286,5263,31,7683,766,71,1185,4938,985,7052,1374,2560,3402
30,152.5300,5020,5100,10,7306,1548,1861,2625,5226,5531,1062,722,1464,1151,3106,2256,4485,299,286,5263,31,7683,766,71,1185,4938,985,7052,1374,2560,3402
30,152.5300,5020,5100,10,7306,1548,1861,2625,5226,5531,1062,722,1464,1151,3106,2256,4485,299,286,5263,31,7683,766,71,1185,4938,985,7052,1374,2560,3402
30,152.5300,5020,5100,10,7306,1548,1861,2625,5226,5531,1062,722,1464,1151,3106,2256,4485,299,286,5263,31,7683,766,71,1185,4938,985,7052,1374,2560,3402
