n_nodes,influence,n0,n1,n2,n3,n4,n5,n6,n7,n8,n9
10,31.9500,538,168,578,181,653,402,832,180,332,177
10,31.7300,538,168,578,181,653,402,832,180,332,177
10,31.6900,538,168,578,181,653,402,832,180,332,177
10,31.6900,538,168,578,181,653,402,832,180,332,177
10,31.6900,538,168,578,181,653,402,832,180,332,177
10,31.6900,538,168,578,181,653,402,832,180,332,177
10,31.6900,538,168,578,181,653,402,832,180,332,177
10,31.6900,538,168,578,181,653,402,832,180,332,177
10,31.6900,538,168,578,181,653,402,832,180,332,177
10,31.6900,538,168,578,181,653,402,832,180,332,177
10,31.6900,538,168,578,181,653,402,832,180,332,177
10,31.6900,538,168,578,181,653,402,832,180,332,177
10,31.6900,538,168,578,181,653,402,832,180,332,177
10,31.6900,538,168,578,181,653,402,832,180,332,177
10,31.6900,538,168,578,181,653,402,832,180,332,177
10,31.6900,538,168,578,181,653,402,832,180,332,177
