generation number, pop_size, worst, best, median, avg, std, diversity, improvement, number_of_selections
0, 10, 4.67, 8.62, 6.640000000000001, 6.562, 1.1993648319006187,0.9888888888888889,0,[1.e-300]
1, 10, 6.58, 9.43, 8.629999999999999, 8.379, 0.8373941724182226,0.9,0.09396751740139218,[10.]
2, 10, 5.52, 11.13, 8.66, 8.192, 1.7149157413704035,0.9444444444444444,0.1802757158006364,[20.]
3, 10, 6.05, 11.13, 9.07, 8.497, 1.5332191624161238,0.9222222222222223,0.0,[30.]
4, 10, 4.65, 11.13, 8.469999999999999, 7.953000000000001, 2.096969479987728,0.8444444444444444,0.0,[40.]
5, 10, 4.99, 11.13, 7.05, 7.578, 2.09366090855229,0.9222222222222223,0.0,[50.]
6, 10, 6.36, 11.4, 7.97, 8.558, 1.962721579847738,0.9111111111111111,0.024258760107816673,[60.]
7, 10, 5.45, 11.4, 9.25, 8.818, 2.3318910780737596,0.9555555555555556,0.0,[70.]
8, 10, 8.03, 11.47, 10.0, 10.149000000000001, 1.1285960304732603,0.7888888888888889,0.006140350877193008,[80.]
9, 10, 7.21, 12.47, 9.545, 9.666, 1.93306078538674,0.8888888888888888,0.08718395815170009,[90.]
10, 10, 7.68, 12.47, 8.705, 9.294, 1.5768145103340472,0.9333333333333333,0.0,[100.]
