num_genrations,diversity,improvement,best_fitness
0,0.990983164983165,0,35.08
1,0.9204781144781145,0.025940706955530322,35.99
2,0.7337575757575756,0.01778271742150599,36.63
3,0.6374882154882153,0.014742014742014718,37.17
4,0.48922558922558923,0.010223298358891457,37.55
5,0.38376430976430975,0.026364846870838936,38.54
6,0.37989225589225584,0.024130773222625836,39.47
7,0.2979528619528621,0.013681276919179102,40.01
8,0.24993265993266012,0.0,40.01
9,0.15257239057239058,0.00974756310922271,40.4
10,0.05534680134680159,0.0170792079207922,41.09
11,0.07961616161616125,0.0,41.09
12,0.045602693602693645,0.0,41.09
13,0.021286195286195575,0.0012168410805548102,41.14
14,0.007898989898990294,0.0026737967914438362,41.25
15,0.0013333333333338526,0.0024242424242424585,41.35
16,0.0040000000000000036,0.008222490931076088,41.69
17,0.002666666666666706,0.0,41.69
18,0.0076228956228959754,0.0,41.69
19,0.01361616161616186,0.0,41.69
20,0.016956228956229058,0.0,41.69
21,0.007797979797980137,0.0,41.69
22,0.0032525252525252846,0.0,41.69
23,0.009158249158249254,0.0,41.69
24,0.006646464646464678,0.0,41.69
25,0.00533333333333319,0.0,41.69
26,0.0053265993265990685,0.0,41.69
27,0.007973063973064187,0.0,41.69
28,0.006639730639730779,0.0,41.69
29,0.002653198653198685,0.0,41.69
30,0.005999999999999894,0.0,41.69
31,0.008599326599326385,0.0,41.69
32,0.005966329966330064,0.0,41.69
33,0.0033265993265990668,0.0,41.69
34,0.003986531986531983,0.0,41.69
35,0.00799326599326644,0.0,41.69
36,0.0039999999999998925,0.0,41.69
37,0.002666666666666817,0.0,41.69
38,0.007319865319865393,0.0,41.69
39,0.005939393939394133,0.0,41.69
40,0.00665993265993281,0.0,41.69
41,0.0019999999999997797,0.0,41.69
42,0.00666666666666671,0.0,41.69
43,0.005986531986532095,0.0,41.69
44,0.008612794612794517,0.0,41.69
45,0.005993265993266217,0.0,41.69
46,0.003993265993265993,0.0,41.69
47,0.0033333333333331883,0.0,41.69
48,0.003993265993265993,0.0,41.69
49,0.006619528619528747,0.0,41.69
50,0.0039999999999997815,0.0,41.69
51,0.0039999999999997815,0.0,41.69
52,0.004666666666666708,0.0,41.69
53,0.005973063973063963,0.0,41.69
54,0.004659932659932808,0.0,41.69
55,0.003326599326599178,0.0,41.69
56,0.006666666666666599,0.0,41.69
57,0.003986531986531983,0.0,41.69
58,0.004659932659932919,0.0,41.69
59,0.005993265993266217,0.0,41.69
60,0.002666666666666817,0.0,41.69
61,0.005993265993265995,0.0,41.69
62,0.006632996632996546,0.0,41.69
63,0.004653198653198798,0.0,41.69
64,0.006632996632996657,0.0,41.69
65,0.0033198653198652783,0.0,41.69
66,0.005966329966330064,0.0,41.69
67,0.005319865319864947,0.0,41.69
68,0.004666666666666708,0.0,41.69
69,0.005993265993265773,0.0,41.69
70,0.004659932659932919,0.0,41.69
71,0.005999999999999894,0.0,41.69
72,0.003326599326599178,0.0,41.69
73,0.006632996632996657,0.0,41.69
74,0.0033333333333334103,0.0,41.69
75,0.0033333333333334103,0.0,41.69
76,0.003326599326599178,0.0,41.69
77,0.005292929292928905,0.0,41.69
78,0.004666666666666708,0.0,41.69
79,0.0039999999999997815,0.0,41.69
80,0.002666666666666706,0.0,41.69
81,0.0033198653198651673,0.0,41.69
82,0.00865993265993259,0.0,41.69
83,0.003973063973063851,0.0,41.69
84,0.0039865319865317606,0.0,41.69
85,0.00463973063973111,0.0,41.69
86,0.007326599326599403,0.0,41.69
87,0.0033198653198652783,0.0,41.69
88,0.004659932659932808,0.0,41.69
89,0.0040000000000000036,0.0,41.69
90,0.00466666666666693,0.0,41.69
91,0.006659932659932699,0.0,41.69
92,0.002666666666666928,0.0,41.69
93,0.0039999999999998925,0.0,41.69
94,0.002666666666666817,0.0,41.69
95,0.005306397306396926,0.0,41.69
96,0.0053265993265989575,0.0,41.69
97,0.005979797979798196,0.0,41.69
98,0.0033333333333332993,0.0,41.69
99,0.002666666666666817,0.0,41.69
100,0.004666666666666708,0.0,41.69
