n_nodes,influence,n0,n1,n2,n3,n4,n5,n6,n7,n8,n9,n10,n11,n12,n13,n14
15,96.9400,3584,2209,6583,6840,16,18,5458,6722,55,790,3927,7832,4601,148,159
15,95.5500,3584,2209,6583,6840,16,18,5458,3146,55,790,3927,7832,4601,148,159
15,95.1200,2138,2209,16,4601,18,5458,5044,790,3927,7832,55,6583,6840,148,159
15,94.3300,3584,2209,16,4601,18,5458,5044,790,3927,7832,55,6583,6840,148,159
15,94.3300,3584,2209,16,4601,18,5458,5044,790,3927,7832,55,6583,6840,148,159
15,94.3300,3584,2209,16,4601,18,5458,5044,790,3927,7832,55,6583,6840,148,159
15,94.3300,3584,2209,16,4601,18,5458,5044,790,3927,7832,55,6583,6840,148,159
15,94.3300,3584,2209,16,4601,18,5458,5044,790,3927,7832,55,6583,6840,148,159
15,94.3300,3584,2209,16,4601,18,5458,5044,790,3927,7832,55,6583,6840,148,159
15,94.3300,3584,2209,16,4601,18,5458,5044,790,3927,7832,55,6583,6840,148,159
15,94.2800,3584,2209,16,4601,18,5458,5044,790,3927,7832,55,6583,6840,148,159
15,92.0400,2138,2209,16,4601,18,5458,5044,790,3927,7832,55,6583,6840,148,159
15,91.7400,3584,2209,16,4601,18,5458,5044,790,3927,7832,55,6583,6840,148,5180
15,91.0600,3584,2209,6583,6126,16,18,5458,5044,55,790,3927,7832,4601,148,5180
15,91.0600,3584,2209,6583,6126,16,18,5458,5044,55,790,3927,7832,4601,148,5180
15,89.5600,3584,2209,6583,6840,16,18,4545,5044,55,790,3927,7832,4601,148,5180
15,89.4300,2138,2209,16,4601,18,5458,5044,790,3927,7832,55,6583,6840,148,5180
15,89.3500,2138,2209,16,4601,18,5458,5044,790,3927,7832,55,6583,6840,148,5180
15,89.3500,2138,2209,16,4601,18,5458,5044,790,3927,7832,55,6583,6840,148,5180
15,89.3500,2138,2209,16,4601,18,5458,5044,790,3927,7832,55,6583,6840,148,5180
15,89.2300,3584,2209,16,4601,18,5458,5044,790,3927,7832,55,6583,6840,148,5180
15,89.1000,3584,2209,16,4601,18,5458,5044,790,3927,7832,55,6583,6840,148,5180
15,89.1000,3584,2209,16,4601,18,5458,5044,790,3927,7832,55,6583,6840,148,5180
15,88.7900,3584,2209,16,4601,18,5458,5044,790,3927,7832,55,6583,6840,148,159
15,88.7900,3584,2209,16,4601,18,5458,5044,790,3927,7832,55,6583,6840,148,159
15,88.7700,3584,2209,6583,6840,16,18,5458,5044,55,790,3927,7832,7308,148,159
15,88.6600,3584,2209,16,4601,18,5458,5044,790,3927,7832,55,6583,6840,148,5180
15,88.6600,3584,2209,16,4601,18,5458,5044,790,3927,7832,55,6583,6840,148,5180
15,88.6600,3584,2209,16,4601,18,5458,5044,790,3927,7832,55,6583,6840,148,5180
15,87.9500,3584,2209,16,4601,18,5458,5044,790,3927,7832,55,6583,6840,148,159
15,87.8700,3584,2209,16,4601,18,5458,5044,790,3927,7832,55,6583,6840,148,5180
15,87.8700,3584,2209,16,4601,18,5458,5044,790,3927,7832,55,6583,6840,148,5180
