n_nodes,influence,n0,n1,n2,n3,n4
5,24.8600,125467,181543,86728,226636,22604
5,24.8600,125467,181543,86728,226636,22604
5,24.8600,125467,181543,86728,226636,22604
5,24.6200,125467,181543,86728,226636,22604
5,24.6200,125467,181543,86728,226636,22604
5,24.6200,125467,181543,86728,226636,22604
5,24.6200,125467,181543,86728,226636,22604
5,24.6200,125467,181543,86728,226636,22604
5,24.6200,125467,181543,86728,226636,22604
5,24.6200,125467,181543,86728,226636,22604
5,24.6200,125467,181543,86728,226636,22604
5,24.6200,125467,181543,86728,226636,22604
5,24.6200,125467,181543,86728,226636,22604
5,24.4600,125467,181543,86728,226636,22604
5,24.4600,125467,181543,86728,226636,22604
5,24.4600,125467,181543,86728,226636,22604
