generation number, individual number, fitness, candidate
0, 0, 61.85, [1906, 1509]
0, 1, 11.59, [1247, 1224]
0, 2, 9.0, [576, 1058]
0, 3, 7.0, [140, 1695]
0, 4, 6.0, [1332, 1906]
0, 5, 3.6, [1078, 697]
0, 6, 3.47, [1715, 1230]
0, 7, 3.0, [717, 1064]
0, 8, 3.0, [1131, 1611]
0, 9, 2.0, [1131, 3124]
1, 0, 61.85, [1906, 1509]
1, 1, 11.59, [1247, 1224]
1, 2, 9.0, [576, 1058]
1, 3, 7.0, [576, 1767]
1, 4, 7.0, [576, 1518]
1, 5, 7.0, [576, 2989]
1, 6, 4.0, [1247, 717]
1, 7, 3.0, [1652, 1226]
1, 8, 3.0, [1906, 717]
1, 9, 2.0, [1090, 1149]
2, 0, 62.37, [314, 1509]
2, 1, 62.31, [1064, 1509]
2, 2, 61.85, [1906, 1509]
2, 3, 12.45, [571, 1224]
2, 4, 11.59, [1247, 1224]
2, 5, 10.0, [576, 751]
2, 6, 5.0, [1906, 751]
2, 7, 5.0, [1906, 751]
2, 8, 4.0, [1064, 1058]
2, 9, 3.0, [1247, 1695]
3, 0, 63.33, [1247, 1509]
3, 1, 62.37, [314, 1509]
3, 2, 62.31, [1064, 1509]
3, 3, 7.0, [140, 1368]
3, 4, 7.0, [2171, 1767]
3, 5, 6.0, [314, 1332]
3, 6, 5.0, [1906, 905]
3, 7, 4.16, [1230, 1212]
3, 8, 4.0, [4227, 1620]
3, 9, 3.0, [1424, 717]
4, 0, 63.33, [1247, 1509]
4, 1, 62.6, [1064, 1509]
4, 2, 62.37, [314, 1509]
4, 3, 9.9, [2171, 1990]
4, 4, 9.0, [2171, 2332]
4, 5, 8.0, [1475, 1351]
4, 6, 8.0, [1425, 1225]
4, 7, 8.0, [1417, 326]
4, 8, 5.0, [751, 1695]
4, 9, 3.0, [2989, 717]
5, 0, 63.33, [1247, 1509]
5, 1, 62.6, [1064, 1509]
5, 2, 62.08, [1064, 1509]
5, 3, 42.52, [6917, 1695]
5, 4, 10.5, [1424, 1224]
5, 5, 7.0, [2171, 1767]
5, 6, 5.85, [2110, 1990]
5, 7, 4.0, [1437, 1620]
5, 8, 3.0, [970, 1935]
5, 9, 3.0, [1247, 3662]
6, 0, 63.33, [1247, 1509]
6, 1, 62.6, [1064, 1509]
6, 2, 10.0, [1611, 1425]
6, 3, 7.0, [521, 905]
6, 4, 6.0, [1064, 1025]
6, 5, 6.0, [1090, 1332]
6, 6, 6.0, [1141, 1403]
6, 7, 4.0, [1247, 775]
6, 8, 4.0, [1058, 645]
6, 9, 4.0, [571, 1190]
7, 0, 63.33, [1247, 1509]
7, 1, 62.6, [1064, 1509]
7, 2, 62.13, [1064, 1509]
7, 3, 61.21, [1090, 1509]
7, 4, 14.14, [1350, 2171]
7, 5, 9.0, [1064, 1425]
7, 6, 7.0, [140, 1767]
7, 7, 6.0, [1417, 975]
7, 8, 5.0, [1580, 1141]
7, 9, 5.0, [1611, 2377]
8, 0, 63.33, [1247, 1509]
8, 1, 62.6, [1064, 1509]
8, 2, 61.22, [1437, 1509]
8, 3, 8.51, [2320, 788]
8, 4, 7.0, [1064, 2171]
8, 5, 6.0, [1064, 576]
8, 6, 5.0, [521, 1695]
8, 7, 5.0, [521, 1580]
8, 8, 3.0, [1247, 2989]
8, 9, 3.0, [1064, 1403]
9, 0, 63.33, [1247, 1509]
9, 1, 63.26, [749, 1509]
9, 2, 62.6, [1064, 1509]
9, 3, 9.0, [1401, 787]
9, 4, 9.0, [1437, 1401]
9, 5, 7.0, [576, 1437]
9, 6, 6.0, [1064, 576]
9, 7, 6.0, [1028, 1025]
9, 8, 5.0, [1125, 785]
9, 9, 5.0, [1417, 1619]
10, 0, 63.33, [1247, 1509]
10, 1, 63.26, [749, 1509]
10, 2, 62.02, [1064, 1509]
10, 3, 61.14, [1906, 1509]
10, 4, 9.02, [1350, 1580]
10, 5, 6.0, [749, 320]
10, 6, 4.0, [5684, 320]
10, 7, 4.0, [1247, 775]
10, 8, 3.0, [975, 1028]
10, 9, 2.0, [970, 1201]
