generation number, individual number, fitness, candidate
0, 0, 6.0, [850, 1414]
0, 1, 5.0, [3639, 1414]
0, 2, 3.45, [1353, 841]
0, 3, 3.32, [1289, 1045]
0, 4, 3.0, [78, 2341]
0, 5, 3.0, [1353, 1219]
0, 6, 3.0, [675, 710]
0, 7, 2.0, [545, 2490]
0, 8, 2.0, [666, 1028]
0, 9, 2.0, [2490, 429]
1, 0, 7.55, [2032, 841]
1, 1, 6.0, [850, 694]
1, 2, 6.0, [2340, 1540]
1, 3, 6.0, [850, 1414]
1, 4, 5.0, [3639, 1414]
1, 5, 4.0, [1045, 1414]
1, 6, 3.51, [2436, 841]
1, 7, 3.5, [1394, 841]
1, 8, 3.48, [1394, 841]
1, 9, 3.0, [1540, 320]
2, 0, 7.55, [2032, 841]
2, 1, 7.0, [2070, 1540]
2, 2, 7.0, [974, 694]
2, 3, 6.0, [697, 694]
2, 4, 6.0, [850, 694]
2, 5, 5.0, [2032, 1353]
2, 6, 4.53, [1157, 841]
2, 7, 4.48, [1967, 841]
2, 8, 3.54, [1394, 841]
2, 9, 3.0, [850, 339]
3, 0, 9.0, [786, 487]
3, 1, 9.0, [1138, 483]
3, 2, 7.55, [2032, 841]
3, 3, 7.0, [2070, 710]
3, 4, 7.0, [2070, 1540]
3, 5, 6.0, [2032, 339]
3, 6, 5.0, [819, 609]
3, 7, 4.35, [78, 1289]
3, 8, 4.0, [691, 1543]
3, 9, 4.0, [1603, 974]
4, 0, 35.38, [697, 520]
4, 1, 10.0, [439, 710]
4, 2, 10.0, [2070, 487]
4, 3, 9.0, [2070, 1567]
4, 4, 9.0, [786, 487]
4, 5, 9.0, [1138, 483]
4, 6, 8.0, [2032, 809]
4, 7, 6.53, [656, 841]
4, 8, 6.46, [656, 841]
4, 9, 6.45, [656, 841]
5, 0, 37.65, [520, 964]
5, 1, 35.38, [697, 520]
5, 2, 34.5, [731, 520]
5, 3, 11.0, [439, 809]
5, 4, 10.52, [439, 3]
5, 5, 10.0, [439, 710]
5, 6, 9.0, [439, 483]
5, 7, 6.0, [2070, 1509]
5, 8, 6.0, [731, 487]
5, 9, 3.0, [1569, 710]
6, 0, 37.65, [520, 964]
6, 1, 35.38, [697, 520]
6, 2, 11.15, [1347, 476]
6, 3, 10.0, [439, 850]
6, 4, 7.0, [2667, 934]
6, 5, 5.0, [1827, 780]
6, 6, 5.0, [1394, 786]
6, 7, 4.56, [587, 1141]
6, 8, 4.0, [1225, 1827]
6, 9, 4.0, [974, 609]
7, 0, 38.77, [520, 2340]
7, 1, 37.65, [520, 964]
7, 2, 35.68, [520, 831]
7, 3, 35.38, [697, 520]
7, 4, 12.8, [786, 964]
7, 5, 11.0, [439, 98]
7, 6, 9.45, [1569, 964]
7, 7, 8.27, [1025, 990]
7, 8, 5.3, [1347, 1394]
7, 9, 5.21, [320, 1347]
8, 0, 38.77, [520, 2340]
8, 1, 38.41, [520, 816]
8, 2, 37.65, [520, 964]
8, 3, 36.44, [520, 1157]
8, 4, 29.67, [5117, 1394]
8, 5, 9.3, [964, 731]
8, 6, 9.25, [429, 964]
8, 7, 9.0, [656, 1381]
8, 8, 8.0, [1567, 819]
8, 9, 6.0, [2070, 2490]
9, 0, 38.77, [520, 2340]
9, 1, 38.44, [520, 694]
9, 2, 38.41, [520, 816]
9, 3, 36.29, [520, 1157]
9, 4, 35.56, [520, 1353]
9, 5, 9.55, [1569, 964]
9, 6, 9.5, [964, 1394]
9, 7, 9.0, [439, 2341]
9, 8, 7.0, [587, 2340]
9, 9, 6.0, [1381, 1048]
10, 0, 38.77, [520, 2340]
10, 1, 38.44, [520, 694]
10, 2, 12.0, [716, 816]
10, 3, 8.0, [786, 2340]
10, 4, 8.0, [98, 1514]
10, 5, 7.0, [751, 694]
10, 6, 7.0, [1574, 694]
10, 7, 6.0, [834, 1569]
10, 8, 4.0, [1048, 98]
10, 9, 4.0, [495, 1157]
