n_nodes,influence,n0,n1,n2,n3,n4,n5,n6,n7,n8,n9,n10,n11,n12,n13,n14,n15,n16,n17,n18,n19
20,217.3300,8323,4,918,6941,2719,3110,685,4016,7730,56,62,1664,9805,6733,1362,472,1891,105,7285,123
20,217.3300,8323,4,918,6941,2719,3110,685,4016,7730,56,62,1664,9805,6733,1362,472,1891,105,7285,123
20,217.3300,8323,4,918,6941,2719,3110,685,4016,7730,56,62,1664,9805,6733,1362,472,1891,105,7285,123
20,217.3300,8323,4,918,6941,2719,3110,685,4016,7730,56,62,1664,9805,6733,1362,472,1891,105,7285,123
20,216.0600,8323,4,265,138,139,1803,655,94,918,6941,3110,6183,56,324,6733,596,2911,1891,7285,123
20,213.5900,8323,4,918,6941,2719,3110,685,4016,7730,56,62,1664,9805,6733,1362,472,1891,105,7285,123
20,212.8600,8323,4,918,6941,2719,3110,685,4016,7730,56,62,1664,9805,6733,1362,472,1891,105,7285,123
20,211.3200,265,138,139,2911,324,655,6183,596,6733,6941,918,3110,4,7285,1039,8323,56,1891,1803,123
20,210.8400,265,138,139,2911,324,655,6183,596,6733,6941,918,3110,4,7285,1039,8323,56,1891,1803,123
20,210.6000,8323,4,265,138,139,1803,655,94,918,6941,3110,6183,56,324,6733,596,2911,1891,7285,123
20,210.6000,8323,4,265,138,139,1803,655,94,918,6941,3110,6183,56,324,6733,596,2911,1891,7285,123
20,210.3000,8323,4,1039,918,6941,2719,3110,4016,2293,56,62,9805,6733,1362,472,4317,1891,105,7285,123
20,210.1600,8323,4,265,138,139,1803,655,1039,918,6941,3110,6183,56,324,6733,596,2911,1891,9452,123
20,208.2000,8323,4,1039,918,6941,2719,3110,4016,2293,56,62,9805,6733,1362,472,4317,1891,105,7285,123
20,207.9900,265,138,139,2911,324,655,6183,596,6733,6941,918,3110,4,7285,1039,8323,56,1891,1803,123
20,207.9900,265,138,139,2911,324,655,6183,596,6733,6941,918,3110,4,7285,1039,8323,56,1891,1803,123
20,207.9900,265,138,139,2911,324,655,6183,596,6733,6941,918,3110,4,7285,1039,8323,56,1891,1803,123
20,207.9900,265,138,139,2911,324,655,6183,596,6733,6941,918,3110,4,7285,1039,8323,56,1891,1803,123
20,207.9900,265,138,139,2911,324,655,6183,596,6733,6941,918,3110,4,7285,1039,8323,56,1891,1803,123
20,207.9900,265,138,139,2911,324,655,6183,596,6733,6941,918,3110,4,7285,1039,8323,56,1891,1803,123
20,207.9900,265,138,139,2911,324,655,6183,596,6733,6941,918,3110,4,7285,1039,8323,56,1891,1803,123
20,207.9900,265,138,139,2911,324,655,6183,596,6733,6941,918,3110,4,7285,1039,8323,56,1891,1803,123
20,207.8200,8323,4,850,918,6941,2719,3110,4016,7730,56,62,9805,6733,1362,472,4317,1891,105,7285,123
20,207.3200,8323,4,918,406,2719,3110,685,4016,7730,56,62,9926,9805,6733,1362,472,1891,105,7285,123
20,207.2800,8323,4,1039,918,6941,2719,3110,4016,2293,56,62,9805,6733,1362,472,4317,1891,105,7285,123
20,207.2800,8323,4,1039,918,6941,2719,3110,4016,2293,56,62,9805,6733,1362,472,4317,1891,105,7285,123
20,207.2500,8323,4,265,138,139,1803,5520,1039,918,6941,3110,6183,56,324,6733,596,2911,1891,7285,123
20,206.7200,8323,4,9926,918,6941,2719,3110,4016,7730,56,62,9805,6733,1362,472,4317,1891,105,7285,123
20,206.7200,8323,4,9926,918,6941,2719,3110,4016,7730,56,62,9805,6733,1362,472,4317,1891,105,7285,123
20,206.4100,8323,4,918,6941,2719,3110,4016,7730,56,62,9926,9805,6733,1362,472,685,1891,105,7285,123
20,206.4100,8323,4,918,6941,2719,3110,4016,7730,56,62,9926,9805,6733,1362,472,685,1891,105,7285,123
20,206.4100,8323,4,918,6941,2719,3110,4016,7730,56,62,9926,9805,6733,1362,472,685,1891,105,7285,123
