generation number, individual number, fitness, candidate
0, 0, 3.06, [1351, 2332, 2989]
0, 1, 3.06, [1028, 1827, 1332]
0, 2, 3.05, [1906, 1068, 1518]
0, 3, 3.05, [1040, 1518, 1091]
0, 4, 3.03, [3662, 1620, 1223]
0, 5, 3.03, [2171, 1475, 1715]
0, 6, 3.03, [140, 1125, 326]
0, 7, 3.01, [1168, 1935, 1652]
0, 8, 3.01, [1247, 2094, 1201]
0, 9, 3.01, [3662, 787, 1287]
1, 0, 3.11, [1351, 905, 1332]
1, 1, 3.07, [1351, 2320, 1518]
1, 2, 3.06, [1230, 2110, 1328]
1, 3, 3.06, [1351, 1827, 1230]
1, 4, 3.06, [1351, 2332, 2989]
1, 5, 3.06, [1028, 1827, 1332]
1, 6, 3.04, [1906, 1068, 1351]
1, 7, 3.02, [1351, 1518, 1311]
1, 8, 3.01, [1040, 2320, 2989]
1, 9, 3.0, [1906, 831, 2989]
2, 0, 3.11, [1351, 2110, 1509]
2, 1, 3.11, [1351, 905, 1332]
2, 2, 3.07, [1351, 905, 1332]
2, 3, 3.07, [1351, 2320, 1518]
2, 4, 3.05, [1190, 2320, 1332]
2, 5, 3.05, [1351, 905, 1332]
2, 6, 3.04, [1230, 1287, 1518]
2, 7, 3.04, [1351, 1020, 4227]
2, 8, 3.03, [1028, 421, 1332]
2, 9, 3.03, [1935, 775, 1190]
3, 0, 3.11, [1351, 2110, 1509]
3, 1, 3.11, [1351, 905, 1332]
3, 2, 3.08, [1351, 1619, 1332]
3, 3, 3.07, [1287, 2320, 1332]
3, 4, 3.06, [1351, 1480, 1518]
3, 5, 3.05, [1190, 421, 1332]
3, 6, 3.04, [1125, 1226, 1149]
3, 7, 3.03, [1078, 905, 1230]
3, 8, 3.02, [1351, 2094, 1225]
3, 9, 3.02, [1201, 905, 1767]
4, 0, 3.14, [1212, 2110, 1509]
4, 1, 3.11, [1351, 2110, 1509]
4, 2, 3.11, [1351, 905, 1332]
4, 3, 3.08, [1287, 2320, 1351]
4, 4, 3.07, [1437, 1223, 1332]
4, 5, 3.07, [1287, 905, 1715]
4, 6, 3.07, [1351, 2320, 1157]
4, 7, 3.04, [1935, 905, 1425]
4, 8, 3.03, [1935, 2320, 1332]
4, 9, 3.02, [1351, 2110, 1131]
5, 0, 3.16, [421, 905, 1509]
5, 1, 3.14, [1212, 2110, 1509]
5, 2, 3.11, [1351, 2110, 1509]
5, 3, 3.08, [1351, 905, 2377]
5, 4, 3.03, [1351, 2110, 1090]
5, 5, 3.03, [1424, 2110, 1332]
5, 6, 3.02, [1351, 905, 1403]
5, 7, 3.01, [326, 2110, 521]
5, 8, 3.01, [1212, 2110, 1403]
5, 9, 3.01, [1351, 2110, 775]
6, 0, 3.23, [1351, 314, 1509]
6, 1, 3.22, [1212, 1350, 1509]
6, 2, 3.22, [1212, 421, 1509]
6, 3, 3.21, [1351, 421, 1509]
6, 4, 3.17, [751, 2110, 1509]
6, 5, 3.16, [421, 905, 1509]
6, 6, 3.14, [1212, 2110, 1509]
6, 7, 3.11, [695, 2110, 1509]
6, 8, 3.04, [1351, 320, 326]
6, 9, 3.02, [421, 2110, 1403]
7, 0, 3.23, [1351, 314, 1509]
7, 1, 3.22, [1212, 1350, 1509]
7, 2, 3.2, [1403, 314, 1509]
7, 3, 3.18, [1351, 695, 1509]
7, 4, 3.14, [1351, 697, 1509]
7, 5, 3.08, [140, 695, 1509]
7, 6, 3.06, [1351, 421, 1168]
7, 7, 3.05, [1403, 785, 697]
7, 8, 3.04, [1212, 421, 1224]
7, 9, 3.02, [1068, 717, 1028]
8, 0, 3.23, [1351, 314, 1509]
8, 1, 3.22, [1212, 1350, 1509]
8, 2, 3.16, [1212, 2094, 1509]
8, 3, 3.14, [1287, 1350, 1509]
8, 4, 3.12, [1403, 1141, 1509]
8, 5, 3.09, [1351, 1350, 751]
8, 6, 3.09, [1403, 1226, 1509]
8, 7, 3.08, [1351, 1350, 1201]
8, 8, 3.06, [1351, 6917, 2377]
8, 9, 3.01, [1212, 314, 140]
9, 0, 3.23, [1351, 314, 1509]
9, 1, 3.22, [1212, 1350, 1509]
9, 2, 3.18, [1190, 751, 1509]
9, 3, 3.15, [1351, 1378, 1509]
9, 4, 3.14, [749, 1350, 1509]
9, 5, 3.13, [1351, 695, 1509]
9, 6, 3.12, [1424, 314, 1509]
9, 7, 3.11, [1351, 1212, 576]
9, 8, 3.01, [1212, 314, 1442]
9, 9, 3.0, [1059, 314, 2989]
10, 0, 3.23, [1351, 314, 1509]
10, 1, 3.22, [1212, 1350, 1509]
10, 2, 3.17, [1351, 749, 1509]
10, 3, 3.15, [1190, 1424, 1509]
10, 4, 3.11, [1351, 1350, 2332]
10, 5, 3.08, [1351, 1350, 1078]
10, 6, 3.03, [1328, 314, 1767]
10, 7, 3.01, [905, 1347, 1311]
10, 8, 3.0, [1347, 314, 421]
10, 9, 3.0, [1212, 314, 1146]
11, 0, 3.29, [1287, 1350, 1509]
11, 1, 3.24, [1497, 1350, 1509]
11, 2, 3.23, [1351, 314, 1509]
11, 3, 3.22, [1212, 1350, 1509]
11, 4, 3.2, [320, 314, 1509]
11, 5, 3.16, [1287, 1350, 1509]
11, 6, 3.13, [1190, 1350, 1425]
11, 7, 3.11, [1351, 1350, 1091]
11, 8, 3.06, [1351, 314, 2320]
11, 9, 3.04, [1351, 975, 1078]
12, 0, 3.29, [1287, 1350, 1509]
12, 1, 3.24, [1497, 1350, 1509]
12, 2, 3.19, [1497, 1403, 1509]
12, 3, 3.19, [751, 1518, 1509]
12, 4, 3.18, [1351, 1350, 1403]
12, 5, 3.14, [1497, 1149, 1509]
12, 6, 3.11, [1287, 576, 2377]
12, 7, 3.1, [2320, 1350, 775]
12, 8, 3.04, [1619, 1350, 787]
12, 9, 3.04, [1497, 1350, 1402]
13, 0, 3.29, [1287, 1350, 1509]
13, 1, 3.24, [1497, 1350, 1509]
13, 2, 3.23, [749, 1350, 1509]
13, 3, 3.09, [1287, 1350, 1401]
13, 4, 3.06, [1827, 697, 1350]
13, 5, 3.05, [1225, 1350, 975]
13, 6, 3.05, [1091, 1611, 1906]
13, 7, 3.05, [1125, 1350, 1028]
13, 8, 3.02, [1223, 1403, 1091]
13, 9, 3.02, [1620, 1403, 695]
14, 0, 3.29, [1287, 1350, 1509]
14, 1, 3.24, [1497, 1350, 1509]
14, 2, 3.23, [1287, 1226, 1509]
14, 3, 3.2, [905, 1225, 1509]
14, 4, 3.15, [1497, 1518, 1509]
14, 5, 3.14, [1619, 1424, 1509]
14, 6, 3.06, [1906, 1350, 1068]
14, 7, 3.06, [749, 1403, 787]
14, 8, 3.05, [1497, 1350, 1990]
14, 9, 3.05, [1287, 1350, 1131]
15, 0, 3.29, [1287, 1350, 1509]
15, 1, 3.25, [1020, 1350, 1509]
15, 2, 3.24, [571, 1350, 1509]
15, 3, 3.24, [1497, 1350, 1509]
15, 4, 3.21, [5684, 1350, 1509]
15, 5, 3.14, [1497, 1247, 1509]
15, 6, 3.14, [905, 695, 1509]
15, 7, 3.13, [717, 2320, 1509]
15, 8, 3.11, [1287, 1350, 749]
15, 9, 3.08, [1935, 1225, 1509]
16, 0, 3.29, [1287, 1350, 1509]
16, 1, 3.26, [1351, 1350, 1509]
16, 2, 3.25, [1020, 1350, 1509]
16, 3, 3.15, [1212, 749, 1509]
16, 4, 3.09, [1715, 1350, 1287]
16, 5, 3.08, [1287, 1350, 1328]
16, 6, 3.08, [1020, 1091, 140]
16, 7, 3.05, [1020, 1350, 1518]
16, 8, 3.02, [1212, 2171, 1935]
16, 9, 3.01, [1224, 1518, 1368]
17, 0, 3.29, [1401, 1350, 1509]
17, 1, 3.29, [1287, 1350, 1509]
17, 2, 3.26, [1212, 1350, 1509]
17, 3, 3.26, [1351, 1350, 1509]
17, 4, 3.13, [1401, 1350, 1212]
17, 5, 3.13, [1287, 1350, 1091]
17, 6, 3.11, [1351, 1611, 905]
17, 7, 3.04, [1212, 1350, 1064]
17, 8, 3.03, [1064, 1350, 1652]
17, 9, 3.02, [1020, 1332, 1378]
18, 0, 3.29, [1401, 1350, 1509]
18, 1, 3.29, [1287, 1350, 1509]
18, 2, 3.26, [1190, 1350, 1509]
18, 3, 3.21, [1351, 1402, 1509]
18, 4, 3.16, [1402, 1350, 1509]
18, 5, 3.16, [1287, 751, 1509]
18, 6, 3.13, [1059, 1020, 1509]
18, 7, 3.13, [1059, 1619, 1509]
18, 8, 3.06, [1620, 1350, 1332]
18, 9, 3.02, [1287, 1149, 1131]
19, 0, 3.29, [1059, 1350, 1509]
19, 1, 3.29, [1401, 1350, 1509]
19, 2, 3.29, [1287, 1350, 1509]
19, 3, 3.17, [320, 1347, 1509]
19, 4, 3.15, [1401, 1226, 1509]
19, 5, 3.14, [1287, 314, 1509]
19, 6, 3.11, [1401, 1350, 1064]
19, 7, 3.05, [1401, 775, 1230]
19, 8, 3.04, [1287, 1347, 1620]
19, 9, 3.04, [1401, 1226, 2377]
20, 0, 3.29, [1059, 1350, 1509]
20, 1, 3.29, [1401, 1350, 1509]
20, 2, 3.23, [1401, 1430, 1509]
20, 3, 3.21, [585, 1350, 1509]
20, 4, 3.2, [1403, 1407, 1509]
20, 5, 3.19, [1212, 1347, 1509]
20, 6, 3.17, [4227, 1347, 1509]
20, 7, 3.06, [1287, 1350, 1020]
20, 8, 3.06, [320, 1350, 1695]
20, 9, 3.06, [1212, 1350, 1652]
21, 0, 3.29, [1059, 1350, 1509]
21, 1, 3.29, [1401, 1350, 1509]
21, 2, 3.19, [320, 1090, 1509]
21, 3, 3.17, [1401, 2320, 1509]
21, 4, 3.12, [1401, 1350, 1403]
21, 5, 3.12, [1168, 314, 1509]
21, 6, 3.11, [521, 1350, 1509]
21, 7, 3.07, [1403, 1401, 785]
21, 8, 3.07, [1401, 1403, 1311]
21, 9, 3.04, [1059, 1350, 1368]
22, 0, 3.29, [1059, 1350, 1509]
22, 1, 3.29, [1401, 1350, 1509]
22, 2, 3.23, [585, 1350, 1509]
22, 3, 3.22, [1401, 1619, 1509]
22, 4, 3.14, [1201, 1350, 1509]
22, 5, 3.14, [785, 1580, 1509]
22, 6, 3.08, [1401, 1350, 1403]
22, 7, 3.08, [521, 1090, 1509]
22, 8, 3.07, [1225, 1350, 775]
22, 9, 3.06, [1201, 1350, 1107]
23, 0, 3.29, [1059, 1350, 1509]
23, 1, 3.29, [1401, 1350, 1509]
23, 2, 3.25, [1401, 1425, 1509]
23, 3, 3.19, [585, 1652, 1509]
23, 4, 3.19, [2171, 1230, 1509]
23, 5, 3.18, [1368, 1226, 1509]
23, 6, 3.1, [1401, 1619, 1091]
23, 7, 3.03, [6917, 1350, 2110]
23, 8, 3.03, [1059, 749, 1091]
23, 9, 3.02, [585, 1131, 1518]
24, 0, 3.29, [1059, 1350, 1509]
24, 1, 3.29, [1401, 1350, 1509]
24, 2, 3.2, [1025, 1350, 1509]
24, 3, 3.17, [1059, 1403, 1509]
24, 4, 3.13, [2171, 1430, 1509]
24, 5, 3.11, [1715, 1225, 1509]
24, 6, 3.1, [1401, 1425, 2377]
24, 7, 3.06, [1652, 1350, 1230]
24, 8, 3.04, [1068, 1403, 320]
24, 9, 3.02, [1059, 1351, 1149]
25, 0, 3.29, [1059, 1350, 1509]
25, 1, 3.29, [1401, 1350, 1509]
25, 2, 3.16, [1059, 1652, 1509]
25, 3, 3.12, [1401, 1827, 1350]
25, 4, 3.08, [1401, 1403, 576]
25, 5, 3.04, [1401, 775, 787]
25, 6, 3.03, [1025, 1146, 1401]
25, 7, 3.02, [1025, 1078, 1368]
25, 8, 3.0, [1025, 645, 2377]
25, 9, 3.0, [1059, 1225, 2989]
26, 0, 3.29, [1059, 1350, 1509]
26, 1, 3.29, [1401, 1350, 1509]
26, 2, 3.17, [1580, 1350, 1509]
26, 3, 3.16, [1401, 1091, 1350]
26, 4, 3.16, [1401, 1226, 1509]
26, 5, 3.11, [1350, 1425, 1157]
26, 6, 3.05, [1131, 1350, 1827]
26, 7, 3.03, [1168, 1350, 1990]
26, 8, 3.02, [1059, 1403, 645]
26, 9, 3.01, [1059, 585, 1351]
27, 0, 3.29, [1059, 1350, 1509]
27, 1, 3.29, [1401, 1350, 1509]
27, 2, 3.16, [1059, 1652, 1509]
27, 3, 3.14, [1059, 1403, 1509]
27, 4, 3.13, [1059, 1040, 1509]
27, 5, 3.13, [1401, 1350, 1580]
27, 6, 3.13, [1059, 1424, 1509]
27, 7, 3.11, [1223, 775, 1509]
27, 8, 3.1, [1058, 1350, 421]
27, 9, 3.08, [1580, 1518, 1509]
28, 0, 3.29, [1059, 1350, 1509]
28, 1, 3.29, [1401, 1350, 1509]
28, 2, 3.23, [5684, 1611, 1509]
28, 3, 3.16, [785, 1402, 1509]
28, 4, 3.12, [1368, 1230, 1509]
28, 5, 3.1, [1059, 1350, 1351]
28, 6, 3.08, [1059, 1125, 1509]
28, 7, 3.07, [1059, 1480, 1424]
28, 8, 3.06, [1059, 1350, 1827]
28, 9, 3.06, [905, 1350, 1990]
29, 0, 3.29, [1059, 1350, 1509]
29, 1, 3.29, [1401, 1350, 1509]
29, 2, 3.18, [1620, 1350, 1509]
29, 3, 3.16, [1401, 1611, 1509]
29, 4, 3.16, [320, 1025, 1509]
29, 5, 3.15, [1401, 970, 1509]
29, 6, 3.12, [1223, 1350, 576]
29, 7, 3.12, [1401, 1611, 1509]
29, 8, 3.11, [320, 1350, 1168]
29, 9, 3.05, [1401, 1611, 1767]
30, 0, 3.29, [1059, 1350, 1509]
30, 1, 3.29, [1401, 1350, 1509]
30, 2, 3.27, [695, 1350, 1509]
30, 3, 3.23, [1059, 1350, 1509]
30, 4, 3.21, [1059, 1611, 1509]
30, 5, 3.18, [1620, 1652, 1509]
30, 6, 3.17, [1059, 1226, 1509]
30, 7, 3.06, [2094, 1350, 1695]
30, 8, 3.05, [1480, 2110, 1430]
30, 9, 3.03, [1401, 1059, 1611]
31, 0, 3.29, [320, 1350, 1509]
31, 1, 3.29, [1059, 1350, 1509]
31, 2, 3.29, [1401, 1350, 1509]
31, 3, 3.23, [1401, 3662, 1509]
31, 4, 3.21, [1430, 3124, 1509]
31, 5, 3.19, [3662, 1935, 1509]
31, 6, 3.17, [1425, 1580, 1509]
31, 7, 3.15, [1401, 1652, 1509]
31, 8, 3.12, [2332, 1107, 1509]
31, 9, 3.11, [1059, 1403, 1509]
32, 0, 3.29, [320, 1350, 1509]
32, 1, 3.29, [1059, 1350, 1509]
32, 2, 3.14, [1401, 1028, 1509]
32, 3, 3.14, [4227, 1518, 1509]
32, 4, 3.12, [1059, 1350, 785]
32, 5, 3.09, [1287, 1430, 1350]
32, 6, 3.08, [326, 1350, 1190]
32, 7, 3.06, [1141, 1350, 1131]
32, 8, 3.05, [1059, 1350, 1767]
32, 9, 3.05, [6917, 1350, 585]
33, 0, 3.29, [320, 1350, 1509]
33, 1, 3.29, [1059, 1350, 1509]
33, 2, 3.26, [1442, 1028, 1509]
33, 3, 3.19, [1417, 421, 1509]
33, 4, 3.18, [1332, 1403, 1509]
33, 5, 3.16, [1059, 1350, 1509]
33, 6, 3.16, [320, 1652, 1509]
33, 7, 3.08, [1401, 1611, 1078]
33, 8, 3.07, [320, 1350, 1518]
33, 9, 3.04, [1059, 1350, 1695]
34, 0, 3.29, [320, 1350, 1509]
34, 1, 3.29, [1059, 1350, 1509]
34, 2, 3.21, [6917, 1906, 1509]
34, 3, 3.2, [1424, 1223, 1509]
34, 4, 3.18, [1059, 1368, 1509]
34, 5, 3.18, [695, 1028, 1509]
34, 6, 3.15, [1442, 1226, 1509]
34, 7, 3.12, [6917, 1402, 1509]
34, 8, 3.04, [1442, 1350, 1403]
34, 9, 3.04, [2110, 1350, 1141]
35, 0, 3.29, [320, 1350, 1509]
35, 1, 3.29, [1059, 1350, 1509]
35, 2, 3.15, [6917, 1652, 1509]
35, 3, 3.11, [1157, 1906, 1509]
35, 4, 3.09, [6917, 1350, 1437]
35, 5, 3.07, [1906, 1350, 1091]
35, 6, 3.07, [1715, 314, 1350]
35, 7, 3.04, [787, 1350, 1695]
35, 8, 3.03, [1190, 1906, 1425]
35, 9, 3.03, [320, 787, 1401]
36, 0, 3.29, [320, 1350, 1509]
36, 1, 3.29, [1059, 1350, 1509]
36, 2, 3.2, [6917, 975, 1509]
36, 3, 3.19, [1509, 1350, 320]
36, 4, 3.17, [585, 1652, 1509]
36, 5, 3.13, [6917, 1350, 1425]
36, 6, 3.09, [320, 1652, 2332]
36, 7, 3.07, [1480, 1068, 1223]
36, 8, 3.06, [1059, 1350, 1146]
36, 9, 3.04, [1059, 1350, 2320]
37, 0, 3.29, [320, 1350, 1509]
37, 1, 3.29, [1059, 1350, 1509]
37, 2, 3.21, [1157, 975, 1509]
37, 3, 3.18, [1509, 3124, 140]
37, 4, 3.16, [6917, 1040, 1509]
37, 5, 3.11, [975, 1350, 1025]
37, 6, 3.04, [585, 1350, 1025]
37, 7, 3.04, [2171, 1168, 2377]
37, 8, 3.02, [521, 320, 1351]
37, 9, 3.01, [1580, 695, 2377]
38, 0, 3.29, [320, 1350, 1509]
38, 1, 3.29, [1059, 1350, 1509]
38, 2, 3.26, [320, 1168, 1509]
38, 3, 3.23, [1059, 1025, 1509]
38, 4, 3.16, [2332, 2094, 1509]
38, 5, 3.15, [1224, 1226, 1509]
38, 6, 3.06, [320, 1497, 1990]
38, 7, 3.06, [1328, 1350, 831]
38, 8, 3.04, [1059, 576, 1025]
38, 9, 3.04, [1157, 1350, 1767]
39, 0, 3.3, [1157, 1350, 1509]
39, 1, 3.29, [320, 1350, 1509]
39, 2, 3.29, [1059, 1350, 1509]
39, 3, 3.2, [1064, 1168, 1509]
39, 4, 3.2, [320, 1226, 1509]
39, 5, 3.16, [1059, 1328, 1509]
39, 6, 3.13, [320, 1350, 1401]
39, 7, 3.08, [697, 1403, 1509]
39, 8, 3.04, [1059, 1168, 1351]
39, 9, 3.04, [1475, 1935, 1480]
40, 0, 3.3, [1157, 1350, 1509]
40, 1, 3.29, [320, 1350, 1509]
40, 2, 3.25, [1247, 1350, 1509]
40, 3, 3.22, [1424, 1350, 1509]
40, 4, 3.21, [1351, 1040, 1509]
40, 5, 3.14, [2332, 1028, 1509]
40, 6, 3.11, [1078, 1350, 775]
40, 7, 3.08, [1125, 1350, 1442]
40, 8, 3.03, [1157, 1652, 576]
40, 9, 3.03, [1347, 1350, 1990]
41, 0, 3.3, [1157, 1350, 1509]
41, 1, 3.29, [320, 1350, 1509]
41, 2, 3.21, [585, 1350, 1509]
41, 3, 3.16, [1157, 1226, 1509]
41, 4, 3.09, [1368, 3124, 1091]
41, 5, 3.07, [1212, 1350, 1146]
41, 6, 3.07, [571, 1350, 140]
41, 7, 3.07, [1247, 1350, 571]
41, 8, 3.02, [1157, 1226, 1090]
41, 9, 3.02, [1157, 1168, 1190]
42, 0, 3.3, [1157, 1350, 1509]
42, 1, 3.29, [320, 1350, 1509]
42, 2, 3.2, [1064, 3124, 1509]
42, 3, 3.1, [3124, 1350, 1091]
42, 4, 3.1, [1091, 320, 2320]
42, 5, 3.09, [1157, 1350, 1332]
42, 6, 3.06, [1157, 1350, 1827]
42, 7, 3.06, [1425, 1350, 1402]
42, 8, 3.05, [1157, 1350, 2094]
42, 9, 3.02, [788, 1230, 1020]
43, 0, 3.3, [1157, 1350, 1509]
43, 1, 3.29, [320, 1350, 1509]
43, 2, 3.26, [326, 1125, 1509]
43, 3, 3.2, [1064, 2110, 1509]
43, 4, 3.18, [788, 3124, 1509]
43, 5, 3.17, [585, 1350, 1332]
43, 6, 3.17, [1424, 1350, 1509]
43, 7, 3.16, [1403, 3124, 1509]
43, 8, 3.15, [1378, 1350, 1509]
43, 9, 3.14, [1157, 1226, 1509]
44, 0, 3.3, [1157, 1350, 1509]
44, 1, 3.29, [320, 1350, 1509]
44, 2, 3.23, [320, 717, 1509]
44, 3, 3.22, [585, 1125, 1509]
44, 4, 3.14, [1157, 1652, 1509]
44, 5, 3.13, [326, 1226, 1509]
44, 6, 3.13, [905, 1368, 1509]
44, 7, 3.1, [326, 1350, 1990]
44, 8, 3.08, [1424, 1287, 1509]
44, 9, 3.06, [320, 576, 645]
45, 0, 3.3, [1157, 1350, 1509]
45, 1, 3.29, [320, 1350, 1509]
45, 2, 3.21, [320, 1378, 1509]
45, 3, 3.19, [1328, 1351, 1509]
45, 4, 3.16, [1168, 1350, 1509]
45, 5, 3.13, [5684, 1350, 1401]
45, 6, 3.12, [2989, 1378, 1509]
45, 7, 3.07, [1157, 695, 1990]
45, 8, 3.04, [1518, 1350, 717]
45, 9, 3.02, [1040, 2332, 1190]
46, 0, 3.3, [1157, 1350, 1509]
46, 1, 3.29, [320, 1350, 1509]
46, 2, 3.24, [1767, 1091, 1509]
46, 3, 3.23, [1157, 1040, 1509]
46, 4, 3.23, [320, 1226, 1509]
46, 5, 3.16, [1328, 1350, 1403]
46, 6, 3.09, [1131, 1350, 1401]
46, 7, 3.07, [320, 1480, 1442]
46, 8, 3.06, [1157, 1480, 140]
46, 9, 3.01, [1157, 1351, 2989]
47, 0, 3.3, [1157, 1350, 1509]
47, 1, 3.29, [320, 1350, 1509]
47, 2, 3.21, [585, 1091, 1509]
47, 3, 3.2, [585, 1437, 1509]
47, 4, 3.19, [1424, 1225, 1509]
47, 5, 3.16, [1767, 1403, 1509]
47, 6, 3.09, [1020, 1247, 1509]
47, 7, 3.07, [4227, 1350, 1695]
47, 8, 3.05, [1157, 1020, 1091]
47, 9, 3.05, [1157, 1350, 2332]
48, 0, 3.3, [1157, 1350, 1509]
48, 1, 3.29, [320, 1350, 1509]
48, 2, 3.24, [3124, 1350, 1509]
48, 3, 3.21, [1424, 1437, 1509]
48, 4, 3.14, [1424, 1652, 1509]
48, 5, 3.12, [320, 1350, 2171]
48, 6, 3.11, [1247, 1417, 1509]
48, 7, 3.09, [585, 1350, 1224]
48, 8, 3.07, [1131, 1350, 314]
48, 9, 3.06, [320, 1350, 831]
49, 0, 3.3, [1157, 1350, 1509]
49, 1, 3.29, [320, 1350, 1509]
49, 2, 3.24, [751, 1378, 1509]
49, 3, 3.24, [1424, 1350, 1509]
49, 4, 3.22, [1475, 1437, 1509]
49, 5, 3.21, [1064, 1350, 1509]
49, 6, 3.17, [1424, 1403, 1509]
49, 7, 3.12, [1020, 1078, 1509]
49, 8, 3.07, [1311, 1350, 1715]
49, 9, 3.05, [320, 1350, 1078]
50, 0, 3.3, [1157, 1350, 1509]
50, 1, 3.29, [320, 1350, 1509]
50, 2, 3.24, [1401, 1350, 1509]
50, 3, 3.18, [1437, 1068, 1509]
50, 4, 3.18, [1424, 1226, 1509]
50, 5, 3.11, [697, 970, 1509]
50, 6, 3.09, [2377, 1064, 1509]
50, 7, 3.08, [1157, 1223, 1091]
50, 8, 3.03, [1279, 1695, 1332]
50, 9, 3.03, [2332, 521, 1518]
