num_genrations,diversity,improvement,best_fitness
0,0.995,0,992.145
1,0.8183333333333334,0.0010905663990646464,993.227
2,0.45999999999999996,0.0,993.227
3,0.41999999999999993,0.0,993.227
4,0.3749999999999999,0.00018928200703362694,993.415
5,0.20833333333333337,0.0,993.415
6,0.07499999999999996,0.0004268105474550836,993.839
7,0.07166666666666655,-0.00026764898539912037,993.573
8,0.10499999999999998,0.0,993.573
9,0.19666666666666677,0.0004337879551880335,994.004
10,0.16999999999999993,1.7102546870977444e-05,994.021
