n_nodes,influence,n0,n1,n2,n3,n4,n5,n6,n7,n8,n9,n10,n11,n12,n13,n14,n15,n16,n17,n18,n19,n20,n21,n22,n23,n24,n25,n26,n27,n28,n29
30,268.6000,1280,3,260,5,7557,7,7690,1552,1043,20,9754,289,3493,167,39,5676,685,8493,178,59,2491,8513,7467,581,5319,3409,1756,3165,117,2810
30,268.3100,1280,3,260,7557,5,7,7690,1552,1043,20,9754,289,3493,167,39,685,5676,8493,178,59,2491,8513,2884,581,5319,3409,1756,3165,117,2810
30,266.2400,1280,3,260,5,7557,7,7690,1552,1043,20,9754,6654,289,3493,167,39,7210,5676,178,59,2491,8513,2884,581,5319,3409,1756,3165,117,2810
30,265.9400,1280,3,260,7557,5,7,7690,1552,1043,20,9754,6654,289,3493,167,39,7210,5676,178,59,2491,8513,2884,581,5319,3409,1756,3165,117,2810
30,265.9400,1280,3,260,7557,5,7,7690,1552,1043,20,9754,6654,289,3493,167,39,7210,5676,178,59,2491,8513,2884,581,5319,3409,1756,3165,117,2810
30,265.9400,1280,3,260,7557,5,7,7690,1552,1043,20,9754,6654,289,3493,167,39,7210,5676,178,59,2491,8513,2884,581,5319,3409,1756,3165,117,2810
30,265.9400,1280,3,260,7557,5,7,7690,1552,1043,20,9754,6654,289,3493,167,39,7210,5676,178,59,2491,8513,2884,581,5319,3409,1756,3165,117,2810
30,265.9400,1280,3,260,7557,5,7,7690,1552,1043,20,9754,6654,289,3493,167,39,7210,5676,178,59,2491,8513,2884,581,5319,3409,1756,3165,117,2810
30,264.9300,1280,3,260,5,7557,7,7690,1552,1043,20,9754,289,3493,167,39,5676,685,8493,178,59,2491,8513,7467,581,5319,3409,1756,3165,117,2810
30,264.9300,1280,3,260,5,7557,7,7690,1552,1043,20,9754,289,3493,167,39,5676,685,8493,178,59,2491,8513,7467,581,5319,3409,1756,3165,117,2810
30,264.9300,1280,3,260,5,7557,7,7690,1552,1043,20,9754,289,3493,167,39,5676,685,8493,178,59,2491,8513,7467,581,5319,3409,1756,3165,117,2810
30,264.9300,1280,3,260,5,7557,7,7690,1552,1043,20,9754,289,3493,167,39,5676,685,8493,178,59,2491,8513,7467,581,5319,3409,1756,3165,117,2810
30,264.9300,1280,3,260,5,7557,7,7690,1552,1043,20,9754,289,3493,167,39,5676,685,8493,178,59,2491,8513,7467,581,5319,3409,1756,3165,117,2810
30,264.9300,1280,3,260,5,7557,7,7690,1552,1043,20,9754,289,3493,167,39,5676,685,8493,178,59,2491,8513,7467,581,5319,3409,1756,3165,117,2810
30,264.7500,1280,3,260,7557,5,7,7690,1552,1043,20,9754,6817,289,3493,167,39,7210,5676,178,59,2491,5451,2884,581,5319,3409,1756,3165,117,2810
30,264.7500,1280,3,260,7557,5,7,7690,1552,1043,20,9754,6817,289,3493,167,39,7210,5676,178,59,2491,5451,2884,581,5319,3409,1756,3165,117,2810
30,264.5600,1280,3,260,5,7557,7,7690,1552,1043,20,9754,289,3493,167,39,685,5676,8493,178,59,2491,8513,2884,581,5319,3409,1756,3165,117,2810
30,264.5400,1280,3,260,7557,5,7,7690,1552,1043,20,9754,1452,289,3493,167,39,7210,5676,178,59,2491,8513,2884,581,5319,3409,1756,3165,117,2810
30,264.2800,3165,3409,3,7,6817,7210,7557,581,3493,2491,59,167,20,8513,7690,2884,289,1756,5319,1043,260,1552,178,39,117,1280,9754,5,2810,5676
30,264.2800,3165,3409,3,7,6817,7210,7557,581,3493,2491,59,167,20,8513,7690,2884,289,1756,5319,1043,260,1552,178,39,117,1280,9754,5,2810,5676
30,264.2200,3165,3409,3,7,6817,7210,7557,581,3493,2491,59,167,20,8513,7690,2884,289,1756,5319,1043,260,1552,178,39,117,1280,9754,5,2810,5676
30,264.2200,3165,3409,3,7,6817,7210,7557,581,3493,2491,59,167,20,8513,7690,2884,289,1756,5319,1043,260,1552,178,39,117,1280,9754,5,2810,5676
30,264.2200,3165,3409,3,7,6817,7210,7557,581,3493,2491,59,167,20,8513,7690,2884,289,1756,5319,1043,260,1552,178,39,117,1280,9754,5,2810,5676
30,264.2200,3165,3409,3,7,6817,7210,7557,581,3493,2491,59,167,20,8513,7690,2884,289,1756,5319,1043,260,1552,178,39,117,1280,9754,5,2810,5676
30,264.2200,3165,3409,3,7,6817,7210,7557,581,3493,2491,59,167,20,8513,7690,2884,289,1756,5319,1043,260,1552,178,39,117,1280,9754,5,2810,5676
30,264.2200,3165,3409,3,7,6817,7210,7557,581,3493,2491,59,167,20,8513,7690,2884,289,1756,5319,1043,260,1552,178,39,117,1280,9754,5,2810,5676
30,264.2200,3165,3409,3,7,6817,7210,7557,581,3493,2491,59,167,20,8513,7690,2884,289,1756,5319,1043,260,1552,178,39,117,1280,9754,5,2810,5676
30,264.2200,3165,3409,3,7,6817,7210,7557,581,3493,2491,59,167,20,8513,7690,2884,289,1756,5319,1043,260,1552,178,39,117,1280,9754,5,2810,5676
30,264.2200,3165,3409,3,7,6817,7210,7557,581,3493,2491,59,167,20,8513,7690,2884,289,1756,5319,1043,260,1552,178,39,117,1280,9754,5,2810,5676
30,264.2200,3165,3409,3,7,6817,7210,7557,581,3493,2491,59,167,20,8513,7690,2884,289,1756,5319,1043,260,1552,178,39,117,1280,9754,5,2810,5676
30,264.2200,3165,3409,3,7,6817,7210,7557,581,3493,2491,59,167,20,8513,7690,2884,289,1756,5319,1043,260,1552,178,39,117,1280,9754,5,2810,5676
30,264.2200,3165,3409,3,7,6817,7210,7557,581,3493,2491,59,167,20,8513,7690,2884,289,1756,5319,1043,260,1552,178,39,117,1280,9754,5,2810,5676
