num_genrations,diversity,improvement,best_fitness
0,0.9959677419354839,0,32.27
1,0.9201612903225806,0.05608924697861776,34.08
2,0.8185483870967742,0.130868544600939,38.54
3,0.6120967741935484,0.11624286455630524,43.02
4,0.47177419354838723,0.0,43.02
5,0.30443548387096764,0.03695955369595528,44.61
6,0.2564516129032257,0.007397444519166068,44.94
7,0.11411290322580636,0.06987093902981754,48.08
8,0.08669354838709675,-0.06530782029950084,44.94
9,0.1407258064516128,0.047174009790832326,47.06
10,0.15443548387096762,0.03888652783680404,48.89
