n_nodes,influence,n0,n1,n2,n3,n4
5,252.7000,79362,13697,89527,47804,66718
5,252.7000,79362,13697,89527,47804,66718
5,252.7000,79362,13697,89527,47804,66718
5,252.7000,79362,13697,89527,47804,66718
5,252.7000,79362,13697,89527,47804,66718
5,252.7000,79362,13697,89527,47804,66718
5,252.7000,79362,13697,89527,47804,66718
5,250.0600,79362,13697,89527,47804,66718
5,250.0600,79362,13697,89527,47804,66718
5,250.0600,79362,13697,89527,47804,66718
5,250.0600,79362,13697,89527,47804,66718
5,246.3000,79362,13697,89527,47804,66718
5,242.0700,100357,79362,89527,47804,66718
5,238.8600,79362,13697,89527,47804,66718
5,238.8600,79362,13697,89527,47804,66718
5,238.8600,79362,13697,89527,47804,66718
