n_nodes,influence,n0,n1,n2,n3,n4,n5,n6,n7,n8,n9,n10,n11,n12,n13,n14,n15,n16,n17,n18,n19
20,229.4500,24833,18051,14599,8408,15244,14746,21281,22691,3501,24110,10801,15552,449,3651,2115,26065,5346,9572,13801,24057
20,229.4500,24833,18051,14599,8408,15244,14746,21281,22691,3501,24110,10801,15552,449,3651,2115,26065,5346,9572,13801,24057
20,229.4500,24833,18051,14599,8408,15244,14746,21281,22691,3501,24110,10801,15552,449,3651,2115,26065,5346,9572,13801,24057
20,229.4500,24833,18051,14599,8408,15244,14746,21281,22691,3501,24110,10801,15552,449,3651,2115,26065,5346,9572,13801,24057
20,229.4500,24833,18051,14599,8408,15244,14746,21281,22691,3501,24110,10801,15552,449,3651,2115,26065,5346,9572,13801,24057
20,229.4500,24833,18051,14599,8408,15244,14746,21281,22691,3501,24110,10801,15552,449,3651,2115,26065,5346,9572,13801,24057
20,229.4500,24833,18051,14599,8408,15244,14746,21281,22691,3501,24110,10801,15552,449,3651,2115,26065,5346,9572,13801,24057
20,229.4500,24833,18051,14599,8408,15244,14746,21281,22691,3501,24110,10801,15552,449,3651,2115,26065,5346,9572,13801,24057
20,229.4500,24833,18051,14599,8408,15244,14746,21281,22691,3501,24110,10801,15552,449,3651,2115,26065,5346,9572,13801,24057
20,229.4500,24833,18051,14599,8408,15244,14746,21281,22691,3501,24110,10801,15552,449,3651,2115,26065,5346,9572,13801,24057
20,229.4500,24833,18051,14599,8408,15244,14746,21281,22691,3501,24110,10801,15552,449,3651,2115,26065,5346,9572,13801,24057
20,229.4500,24833,18051,14599,8408,15244,14746,21281,22691,3501,24110,10801,15552,449,3651,2115,26065,5346,9572,13801,24057
20,229.4500,24833,18051,14599,8408,15244,14746,21281,22691,3501,24110,10801,15552,449,3651,2115,26065,5346,9572,13801,24057
20,229.4500,24833,18051,14599,8408,15244,14746,21281,22691,3501,24110,10801,15552,449,3651,2115,26065,5346,9572,13801,24057
20,229.4500,24833,18051,14599,8408,15244,14746,21281,22691,3501,24110,10801,15552,449,3651,2115,26065,5346,9572,13801,24057
20,229.4500,24833,18051,14599,8408,15244,14746,21281,22691,3501,24110,10801,15552,449,3651,2115,26065,5346,9572,13801,24057
20,229.4500,24833,18051,14599,8408,15244,14746,21281,22691,3501,24110,10801,15552,449,3651,2115,26065,5346,9572,13801,24057
20,229.4500,24833,18051,14599,8408,15244,14746,21281,22691,3501,24110,10801,15552,449,3651,2115,26065,5346,9572,13801,24057
20,229.4500,24833,18051,14599,8408,15244,14746,21281,22691,3501,24110,10801,15552,449,3651,2115,26065,5346,9572,13801,24057
20,229.4500,24833,18051,14599,8408,15244,14746,21281,22691,3501,24110,10801,15552,449,3651,2115,26065,5346,9572,13801,24057
20,229.4500,24833,18051,14599,8408,15244,14746,21281,22691,3501,24110,10801,15552,449,3651,2115,26065,5346,9572,13801,24057
20,229.4500,24833,18051,14599,8408,15244,14746,21281,22691,3501,24110,10801,15552,449,3651,2115,26065,5346,9572,13801,24057
20,229.4500,24833,18051,14599,8408,15244,14746,21281,22691,3501,24110,10801,15552,449,3651,2115,26065,5346,9572,13801,24057
20,229.4500,24833,18051,14599,8408,15244,14746,21281,22691,3501,24110,10801,15552,449,3651,2115,26065,5346,9572,13801,24057
20,229.4500,24833,18051,14599,8408,15244,14746,21281,22691,3501,24110,10801,15552,449,3651,2115,26065,5346,9572,13801,24057
20,229.4500,24833,18051,14599,8408,15244,14746,21281,22691,3501,24110,10801,15552,449,3651,2115,26065,5346,9572,13801,24057
20,229.4500,24833,18051,14599,8408,15244,14746,21281,22691,3501,24110,10801,15552,449,3651,2115,26065,5346,9572,13801,24057
20,229.4500,24833,18051,14599,8408,15244,14746,21281,22691,3501,24110,10801,15552,449,3651,2115,26065,5346,9572,13801,24057
20,229.4500,24833,18051,14599,8408,15244,14746,21281,22691,3501,24110,10801,15552,449,3651,2115,26065,5346,9572,13801,24057
20,229.4500,24833,18051,14599,8408,15244,14746,21281,22691,3501,24110,10801,15552,449,3651,2115,26065,5346,9572,13801,24057
20,229.4500,24833,18051,14599,8408,15244,14746,21281,22691,3501,24110,10801,15552,449,3651,2115,26065,5346,9572,13801,24057
20,229.4500,24833,18051,14599,8408,15244,14746,21281,22691,3501,24110,10801,15552,449,3651,2115,26065,5346,9572,13801,24057
20,229.4500,24833,18051,14599,8408,15244,14746,21281,22691,3501,24110,10801,15552,449,3651,2115,26065,5346,9572,13801,24057
20,229.4500,24833,18051,14599,8408,15244,14746,21281,22691,3501,24110,10801,15552,449,3651,2115,26065,5346,9572,13801,24057
20,229.4500,24833,18051,14599,8408,15244,14746,21281,22691,3501,24110,10801,15552,449,3651,2115,26065,5346,9572,13801,24057
20,229.4500,24833,18051,14599,8408,15244,14746,21281,22691,3501,24110,10801,15552,449,3651,2115,26065,5346,9572,13801,24057
20,229.4500,24833,18051,14599,8408,15244,14746,21281,22691,3501,24110,10801,15552,449,3651,2115,26065,5346,9572,13801,24057
20,229.4500,24833,18051,14599,8408,15244,14746,21281,22691,3501,24110,10801,15552,449,3651,2115,26065,5346,9572,13801,24057
20,229.4500,24833,18051,14599,8408,15244,14746,21281,22691,3501,24110,10801,15552,449,3651,2115,26065,5346,9572,13801,24057
20,229.4500,24833,18051,14599,8408,15244,14746,21281,22691,3501,24110,10801,15552,449,3651,2115,26065,5346,9572,13801,24057
20,229.4500,24833,18051,14599,8408,15244,14746,21281,22691,3501,24110,10801,15552,449,3651,2115,26065,5346,9572,13801,24057
20,229.4500,24833,18051,14599,8408,15244,14746,21281,22691,3501,24110,10801,15552,449,3651,2115,26065,5346,9572,13801,24057
20,229.4500,24833,18051,14599,8408,15244,14746,21281,22691,3501,24110,10801,15552,449,3651,2115,26065,5346,9572,13801,24057
20,229.4500,24833,18051,14599,8408,15244,14746,21281,22691,3501,24110,10801,15552,449,3651,2115,26065,5346,9572,13801,24057
20,229.4500,24833,18051,14599,8408,15244,14746,21281,22691,3501,24110,10801,15552,449,3651,2115,26065,5346,9572,13801,24057
20,229.4500,24833,18051,14599,8408,15244,14746,21281,22691,3501,24110,10801,15552,449,3651,2115,26065,5346,9572,13801,24057
20,224.7300,24833,18051,14599,8408,15244,14746,21281,22691,3501,24110,10801,15552,449,3651,2115,26065,5346,9572,13801,24057
20,224.3700,24833,18051,14599,15244,14746,21281,22691,3501,24110,10801,15552,449,3651,2115,26065,20373,5346,9572,13801,24057
20,224.0800,24833,18051,14599,8408,15244,14746,21281,22691,3501,24110,10801,15552,449,3651,2115,26065,5346,9572,13801,24057
20,223.8000,24833,18051,14599,8408,15244,14746,21281,22691,3501,24110,10801,15552,449,3651,2115,26065,5346,9572,13801,24057
20,223.4000,24833,18051,14599,8408,15244,14746,21281,22691,3501,24110,10801,15552,449,3651,2115,26065,5346,9572,13801,24057
20,223.3800,24833,18051,14599,15244,14746,21281,22691,3501,22265,10801,15552,449,3651,2115,26065,8408,5346,9572,13801,24057
20,223.2600,24833,18051,14599,8408,15244,14746,21281,22691,3501,24110,10801,15552,449,3651,2115,26065,5346,9572,13801,24057
20,223.0900,24833,18051,14599,8408,15244,14746,21281,22691,3501,24110,10801,15552,449,3651,2115,26065,5346,9572,13801,24057
20,222.9000,24833,18051,14599,8408,15244,14746,21281,22691,3501,24110,10801,15552,449,3651,2115,26065,5346,9572,13801,24057
20,222.8400,24833,18051,14599,8408,15244,14746,21281,22691,3501,24110,10801,15552,449,3651,2115,26065,5346,9572,13801,24057
20,222.7700,24833,18051,14599,8408,15244,14746,21281,22691,3501,24110,10801,15552,449,3651,2115,26065,5346,9572,13801,24057
20,222.6600,24833,18051,14599,8408,15244,14746,21281,22691,3501,24110,10801,15552,449,3651,2115,26065,5346,9572,13801,24057
20,222.4000,24833,18051,14599,8408,15244,14746,21281,22691,3501,24110,10801,15552,449,3651,2115,26065,5346,9572,13801,24057
20,222.3600,24833,18051,14599,8408,15244,14746,21281,22691,3501,24110,10801,15552,449,3651,2115,26065,5346,9572,13801,24057
20,222.3400,24833,18051,14599,8408,15244,14746,21281,22691,3501,24110,10801,15552,449,3651,2115,26065,5346,9572,13801,24057
20,222.1300,24833,18051,14599,8408,15244,14746,21281,22691,3501,24110,10801,15552,449,3651,2115,26065,5346,9572,13801,24057
20,222.0400,24833,18051,14599,8408,15244,14746,21281,22691,3501,24110,10801,15552,449,3651,2115,26065,5346,9572,13801,24057
20,221.8400,24833,18051,14599,8408,15244,14746,21281,22691,3501,24110,10801,15552,449,3651,2115,26065,5346,9572,13801,24057
20,221.8000,24833,18051,14599,8408,15244,14746,21281,22691,3501,24110,10801,15552,449,3651,2115,26065,5346,9572,13801,24057
20,221.7800,24833,18051,14599,8408,15244,14746,21281,22691,3501,24110,10801,15552,449,3651,2115,26065,5346,9572,13801,24057
20,221.7800,24833,18051,14599,8408,15244,14746,21281,22691,3501,24110,10801,15552,449,3651,2115,26065,5346,9572,13801,24057
20,221.6800,24833,18051,14599,8408,15244,14746,21281,22691,3501,24110,10801,15552,449,3651,2115,26065,5346,9572,13801,24057
20,221.4600,24833,18051,14599,8408,15244,14746,21281,22691,3501,24110,10801,15552,449,3651,2115,26065,5346,9572,13801,24057
20,221.3200,24833,18051,14599,8408,15244,14746,21281,22691,3501,24110,10801,15552,449,3651,2115,26065,5346,9572,13801,24057
20,221.0300,24833,18051,14599,8408,15244,14746,21281,22691,3501,24110,10801,15552,449,3651,2115,26065,5346,9572,13801,24057
20,220.9200,24833,18051,14599,8408,15244,14746,21281,22691,3501,24110,10801,15552,449,3651,2115,26065,5346,9572,13801,24057
20,220.8000,24833,18051,14599,8408,15244,14746,21281,22691,3501,24110,10801,15552,449,3651,2115,26065,5346,9572,13801,24057
20,220.3900,24833,18051,14599,8408,15244,14746,21281,22691,3501,24110,10801,15552,449,3651,2115,26065,5346,9572,13801,24057
20,220.3100,24833,18051,14599,8408,15244,14746,21281,22691,3501,24110,10801,15552,449,3651,2115,26065,5346,9572,13801,24057
20,219.9600,24833,18051,14599,8408,15244,14746,21281,22691,3501,24110,10801,15552,449,3651,2115,26065,5346,9572,13801,24057
20,219.8600,24833,18051,14599,8408,15244,14746,21281,22691,3501,24110,10801,15552,449,3651,2115,26065,5346,9572,13801,24057
20,219.8000,24833,18051,14599,8408,15244,14746,21281,22691,3501,24110,10801,15552,449,3651,2115,26065,5346,9572,13801,24057
20,219.6800,24833,18051,14599,8408,15244,14746,21281,22691,3501,24110,10801,15552,449,3651,2115,26065,5346,9572,13801,24057
20,219.5900,24833,18051,14599,15244,14746,21281,22691,3501,24110,10801,15552,11372,3651,2115,26065,8408,5346,9572,13801,24057
20,219.3300,24833,18051,14599,8408,15244,14746,21281,22691,3501,24110,10801,15552,449,3651,2115,26065,5346,9572,13801,24057
20,218.9800,24833,18051,14599,8408,15244,14746,21281,22691,3501,24110,10801,15552,449,3651,2115,26065,5346,9572,13801,24057
20,218.9100,24833,18051,14599,8408,15244,14746,21281,22691,3501,24110,10801,15552,449,3651,2115,26065,5346,9572,13801,24057
20,218.6600,24833,18051,14599,8408,15244,14746,21281,22691,3501,24110,10801,15552,449,3651,2115,26065,5346,9572,13801,24057
20,218.6500,24833,18051,14599,8408,15244,14746,21281,22691,3501,24110,10801,15552,449,3651,2115,26065,5346,9572,13801,24057
20,218.6400,24833,18051,14599,8408,15244,14746,21281,22691,3501,24110,10801,15552,449,3651,2115,26065,5346,9572,13801,24057
20,218.5700,24833,18051,14599,8408,15244,14746,21281,22691,3501,24110,10801,15552,449,3651,2115,26065,5346,9572,13801,24057
20,218.5000,24833,18051,14599,8408,15244,14746,21281,22691,3501,24110,10801,15552,449,3651,2115,26065,5346,9572,13801,24057
20,218.4100,24833,18051,14599,8408,15244,14746,21281,22691,3501,24110,10801,15552,449,3651,2115,26065,5346,9572,13801,24057
20,218.2100,24833,18051,14599,8408,15244,14746,21281,22691,3501,24110,10801,15552,449,3651,2115,26065,5346,9572,13801,24057
20,218.2100,24833,18051,14599,8408,15244,14746,21281,22691,3501,24110,10801,15552,449,3651,2115,26065,5346,9572,13801,24057
20,218.0600,24833,18051,14599,8408,15244,14746,21281,22691,3501,24110,10801,15552,449,3651,2115,26065,5346,9572,13801,24057
20,218.0400,24833,18051,14599,8408,15244,14746,21281,22691,3501,24110,10801,15552,449,3651,2115,26065,5346,9572,13801,24057
20,217.6700,24833,18051,14599,8408,15244,14746,21281,22691,3501,24110,10801,15552,449,3651,2115,26065,5346,9572,13801,24057
20,217.4400,24833,18051,14599,8408,15244,14746,21281,22691,3501,24110,10801,15552,449,3651,2115,26065,5346,9572,13801,24057
20,216.6200,24833,18051,14599,8408,15244,14746,21281,22691,3501,24110,10801,15552,449,3651,2115,26065,5346,9572,13801,24057
20,216.6100,24833,18051,14599,8408,15244,14746,21281,22691,3501,24110,10801,15552,449,3651,2115,26065,5346,9572,13801,24057
20,216.4700,24833,18051,14599,8408,15244,14746,21281,22691,3501,24110,10801,15552,449,3651,2115,26065,5346,9572,13801,24057
20,216.1500,24833,18051,14599,15244,14746,21281,22691,3501,24110,10801,15552,449,3651,2115,21638,8408,5346,9572,13801,24057
20,216.1300,24833,18051,14599,8408,15244,14746,21281,22691,3501,24110,10801,15552,449,3651,2115,26065,5346,9572,13801,24057
