n_nodes,influence,n0,n1,n2,n3,n4,n5,n6,n7,n8,n9,n10,n11,n12
13,2150.5300,3168,5317,383,233,2762,5434,8014,654,4246,5594,4379,3267,7679
13,2149.8900,3168,5317,233,7679,8014,654,2762,5594,4246,5434,4379,2301,383
13,2149.7500,3168,5317,233,7679,8014,654,2762,5594,4246,5434,4379,2301,383
13,2149.7500,3168,5317,233,7679,8014,654,2762,5594,4246,5434,4379,2301,383
13,2149.6800,3168,5317,233,7679,8014,654,2762,5594,4246,5434,4379,2301,383
13,2149.6800,3168,5317,233,7679,8014,654,2762,5594,4246,5434,4379,2301,383
13,2149.6800,3168,5317,233,7679,8014,654,2762,5594,4246,5434,4379,2301,383
13,2149.6800,3168,5317,233,7679,8014,654,2762,5594,4246,5434,4379,2301,383
13,2149.6800,3168,5317,233,7679,8014,654,2762,5594,4246,5434,4379,2301,383
13,2149.6800,3168,5317,233,7679,8014,654,2762,5594,4246,5434,4379,2301,383
13,2149.6800,3168,5317,233,7679,8014,654,2762,5594,4246,5434,4379,2301,383
13,2149.6800,3168,5317,233,7679,8014,654,2762,5594,4246,5434,4379,2301,383
13,2149.6800,3168,5317,233,7679,8014,654,2762,5594,4246,5434,4379,2301,383
13,2149.6800,3168,5317,233,7679,8014,654,2762,5594,4246,5434,4379,2301,383
13,2149.6800,3168,5317,233,7679,8014,654,2762,5594,4246,5434,4379,2301,383
13,2149.6800,3168,5317,233,7679,8014,654,2762,5594,4246,5434,4379,2301,383
