generation number, individual number, fitness, candidate
0, 0, 3.1, [66170, 98063, 113173]
0, 1, 3.09, [70638, 127088, 1063]
0, 2, 3.08, [134362, 1061, 70640]
0, 3, 3.07, [80449, 150653, 11925]
0, 4, 3.05, [279, 156909, 113173]
0, 5, 3.04, [149059, 31634, 12067]
0, 6, 3.04, [65900, 113171, 134361]
0, 7, 3.01, [11935, 149059, 118606]
0, 8, 3.01, [95674, 91276, 123524]
0, 9, 3.01, [73700, 558, 98062]
1, 0, 3.16, [56240, 98063, 1063]
1, 1, 3.11, [134365, 1061, 11925]
1, 2, 3.1, [66170, 33296, 118602]
1, 3, 3.1, [66170, 98063, 113173]
1, 4, 3.09, [70638, 127088, 1063]
1, 5, 3.08, [66170, 144436, 1063]
1, 6, 3.07, [67331, 150015, 113173]
1, 7, 3.07, [65901, 127088, 113173]
1, 8, 3.06, [98062, 150653, 70640]
1, 9, 3.06, [66170, 66059, 113171]
2, 0, 3.16, [56240, 98063, 1063]
2, 1, 3.12, [66170, 98063, 286]
2, 2, 3.11, [66170, 1061, 11387]
2, 3, 3.11, [134365, 1061, 11925]
2, 4, 3.09, [56240, 286, 11925]
2, 5, 3.09, [56237, 98063, 113173]
2, 6, 3.06, [77358, 98063, 1063]
2, 7, 3.05, [11935, 66171, 33298]
2, 8, 3.05, [134365, 66059, 11925]
2, 9, 3.05, [134365, 11388, 1063]
3, 0, 3.23, [56237, 98063, 286]
3, 1, 3.16, [56240, 98063, 1063]
3, 2, 3.15, [56237, 1061, 11387]
3, 3, 3.14, [56239, 98063, 11387]
3, 4, 3.13, [66170, 98063, 286]
3, 5, 3.12, [66170, 90, 1063]
3, 6, 3.12, [66170, 98063, 286]
3, 7, 3.1, [1063, 67332, 46]
3, 8, 3.09, [56240, 11935, 150652]
3, 9, 3.07, [66170, 98063, 285]
4, 0, 3.23, [56237, 98063, 286]
4, 1, 3.2, [56237, 98063, 11388]
4, 2, 3.2, [56237, 282, 286]
4, 3, 3.2, [56237, 283, 286]
4, 4, 3.16, [56237, 98063, 11388]
4, 5, 3.16, [56240, 98063, 1063]
4, 6, 3.11, [56240, 90, 11387]
4, 7, 3.1, [65900, 113172, 285]
4, 8, 3.1, [56237, 98062, 1063]
4, 9, 3.08, [67331, 98063, 286]
5, 0, 3.23, [56237, 98063, 286]
5, 1, 3.2, [56237, 98063, 11388]
5, 2, 3.14, [56237, 134362, 284]
5, 3, 3.14, [56237, 100141, 62858]
5, 4, 3.12, [1061, 1060, 66166]
5, 5, 3.12, [80450, 283, 286]
5, 6, 3.11, [66166, 98063, 11388]
5, 7, 3.11, [66166, 80656, 11388]
5, 8, 3.1, [113173, 284, 286]
5, 9, 3.09, [281, 73700, 150652]
6, 0, 3.23, [56237, 98063, 286]
6, 1, 3.2, [56237, 98063, 11388]
6, 2, 3.19, [62858, 98063, 284]
6, 3, 3.16, [56239, 127089, 11388]
6, 4, 3.14, [56239, 134362, 11388]
6, 5, 3.12, [56237, 65897, 282]
6, 6, 3.11, [56237, 100141, 11926]
6, 7, 3.09, [56237, 134365, 286]
6, 8, 3.09, [66166, 134362, 286]
6, 9, 3.09, [56237, 67332, 62858]
7, 0, 3.23, [56237, 98063, 286]
7, 1, 3.2, [56237, 98063, 11388]
7, 2, 3.14, [62858, 98062, 286]
7, 3, 3.11, [1060, 113171, 282]
7, 4, 3.1, [221360, 98063, 1062]
7, 5, 3.09, [56237, 98063, 90]
7, 6, 3.09, [56237, 66166, 65899]
7, 7, 3.08, [113171, 100140, 285]
7, 8, 3.08, [66166, 98063, 286]
7, 9, 3.08, [70639, 70640, 284]
8, 0, 3.23, [56237, 98063, 286]
8, 1, 3.2, [56237, 98063, 11388]
8, 2, 3.13, [56237, 98063, 284]
8, 3, 3.11, [66167, 98062, 11388]
8, 4, 3.11, [150652, 91277, 11388]
8, 5, 3.1, [70640, 98063, 286]
8, 6, 3.09, [56237, 113173, 98063]
8, 7, 3.08, [56240, 98062, 286]
8, 8, 3.08, [134361, 144434, 11388]
8, 9, 3.08, [67331, 98063, 80450]
9, 0, 3.23, [56237, 98063, 286]
9, 1, 3.2, [56237, 98063, 11388]
9, 2, 3.17, [56237, 144434, 11387]
9, 3, 3.16, [56237, 279, 285]
9, 4, 3.16, [87, 285, 286]
9, 5, 3.15, [56237, 100141, 65900]
9, 6, 3.14, [56237, 144436, 11388]
9, 7, 3.12, [56237, 33297, 144434]
9, 8, 3.12, [56237, 149059, 11388]
9, 9, 3.11, [33298, 98063, 156909]
10, 0, 3.23, [56237, 98063, 286]
10, 1, 3.2, [65901, 283, 66169]
10, 2, 3.2, [56237, 98063, 11388]
10, 3, 3.15, [56237, 77358, 11387]
10, 4, 3.14, [87, 98063, 286]
10, 5, 3.09, [283, 98063, 11388]
10, 6, 3.08, [56237, 821, 286]
10, 7, 3.07, [558, 144436, 11388]
10, 8, 3.06, [14223, 98063, 283]
10, 9, 3.05, [66167, 98063, 65900]
