num_genrations,diversity,improvement,best_fitness
0,0.9976767676767677,0,48.12
1,0.9015151515151515,0.14941812136325863,55.31
2,0.8104040404040403,0.1524136684143916,63.74
3,0.6704040404040403,0.17351741449639152,74.8
4,0.6156767676767676,0.14532085561497332,85.67
5,0.20145454545454522,0.02241157931597994,87.59
6,0.25616161616161603,0.019751113140769376,89.32
7,0.1009494949494949,0.05754590237348859,94.46
8,0.15709090909090906,0.0387465593902182,98.12
9,0.11822222222222212,0.03668976763147161,101.72
10,0.09133333333333282,0.0,101.72
11,0.053515151515151294,0.013664962642548177,103.11
12,0.030161616161615723,0.0,103.11
13,0.05177777777777759,0.04703714479681888,107.96
14,0.054282828282828044,0.007224898110411274,108.74
15,0.08666666666666634,0.017656796027220912,110.66
16,0.045959595959595534,0.019067413699620454,112.77
17,0.05048484848484802,0.0,112.77
18,0.05048484848484802,0.0,112.77
19,0.04999999999999971,0.0019508734592533375,112.99
20,0.013151515151515136,0.0,112.99
21,0.030505050505050257,0.010443402070979794,114.17
22,0.06624242424242366,0.010598230708592395,115.38
23,0.07719191919191926,0.032847980585890155,119.17
24,0.05349494949494926,0.014517076445414147,120.9
25,0.04791919191919192,0.00339123242349046,121.31
26,0.025757575757575868,0.0,121.31
27,0.024848484848484897,0.0,121.31
28,0.009595959595959602,0.0,121.31
29,0.005979797979798085,0.0002473003050037189,121.34
30,0.003979797979797972,0.014669523652546573,123.12
31,0.01713131313131344,0.01242690058479533,124.65
32,0.052505050505049944,0.009306056959486535,125.81
33,0.005878787878787928,0.023050631905254,128.71
34,0.0019999999999995577,0.0,128.71
35,0.0,-0.011110247843990418,127.28
36,0.0,-0.003142677561282257,126.88
37,0.0,0.011428121059268735,128.33
38,0.0,0.005220914828956498,129.0
39,0.0040000000000000036,0.0,129.0
40,0.0040000000000000036,0.0,129.0
41,0.005979797979798085,0.0,129.0
42,0.0,0.0,129.0
43,0.0,0.0,129.0
44,0.0,0.0,129.0
45,0.0019999999999995577,0.0,129.0
46,0.00397979797979775,0.0,129.0
47,0.0,0.0,129.0
48,0.0039999999999998925,0.0,129.0
49,0.0,0.0,129.0
50,0.0019999999999995577,0.0,129.0
51,0.0019999999999995577,0.0,129.0
52,0.003979797979797972,0.0,129.0
53,0.0,0.0,129.0
54,0.0019999999999995577,0.0,129.0
55,0.0040000000000000036,0.0,129.0
56,0.0019999999999995577,0.0005426356589146758,129.07
57,0.0019999999999995577,0.0,129.07
58,0.007959595959596055,0.013713488804524757,130.84
59,0.0019999999999995577,0.0,130.84
60,0.0118787878787876,0.0,130.84
61,0.003979797979797972,0.0,130.84
62,0.003979797979797972,0.0,130.84
63,0.007757575757576407,0.0,130.84
64,0.00397979797979775,0.0,130.84
65,0.0019999999999995577,0.0,130.84
66,0.0019999999999995577,0.0,130.84
67,0.0019999999999995577,0.0,130.84
68,0.00800000000000023,0.0,130.84
69,0.003959595959595941,0.0,130.84
70,0.0019999999999995577,0.0,130.84
71,0.01157575757575724,0.0,130.84
72,0.0019999999999995577,0.0,130.84
73,0.0,0.0,130.84
74,0.00397979797979775,0.0,130.84
75,0.005939393939393911,0.0,130.84
76,0.0059595959595959425,0.0,130.84
77,0.00397979797979775,0.0,130.84
78,0.0019999999999995577,0.0,130.84
79,0.0039999999999998925,0.0,130.84
80,0.0019999999999995577,0.0,130.84
81,0.009939393939393804,0.0,130.84
82,0.0040000000000000036,0.0,130.84
83,0.0039999999999998925,0.0,130.84
84,0.0019999999999995577,0.0,130.84
85,0.006000000000000116,0.0,130.84
86,0.0040000000000000036,0.0,130.84
87,0.0019999999999995577,0.0,130.84
88,0.0,0.0,130.84
89,0.0040000000000000036,0.0,130.84
90,0.0040000000000000036,0.0,130.84
91,0.0,0.0,130.84
92,0.0019999999999995577,0.0,130.84
93,0.0019999999999995577,0.0,130.84
94,0.0019999999999995577,0.0,130.84
95,0.0019999999999995577,0.0,130.84
96,0.0019999999999995577,0.0,130.84
97,0.0019999999999995577,0.0,130.84
98,0.0039999999999998925,0.0,130.84
99,0.0,0.0,130.84
100,0.0,0.0,130.84
