generation number, individual number, fitness, candidate
0, 0, 8.5, [285, 221360]
0, 1, 8.09, [73700, 282]
0, 2, 8.05, [66167, 100140]
0, 3, 7.58, [86, 11925]
0, 4, 7.42, [286, 134361]
0, 5, 6.95, [71858, 86]
0, 6, 6.91, [56239, 284]
0, 7, 6.24, [66167, 56237]
0, 8, 5.5, [127088, 56241]
0, 9, 3.02, [113172, 118606]
1, 0, 9.75, [80656, 221360]
1, 1, 9.68, [86, 221360]
1, 2, 8.63, [86, 282]
1, 3, 8.5, [285, 221360]
1, 4, 8.09, [73700, 282]
1, 5, 7.85, [73700, 46]
1, 6, 7.26, [33296, 33300]
1, 7, 7.25, [66171, 282]
1, 8, 6.77, [90, 66169]
1, 9, 5.36, [80661, 134365]
2, 0, 10.66, [89, 221360]
2, 1, 10.26, [80656, 221360]
2, 2, 9.75, [80656, 221360]
2, 3, 9.73, [80656, 33298]
2, 4, 9.68, [86, 221360]
2, 5, 9.27, [87, 221360]
2, 6, 9.0, [80656, 283]
2, 7, 7.08, [149059, 100141]
2, 8, 6.91, [80662, 98063]
2, 9, 6.57, [90, 282]
3, 0, 11.45, [46, 33297]
3, 1, 10.66, [89, 221360]
3, 2, 10.26, [80656, 221360]
3, 3, 9.61, [98062, 221360]
3, 4, 8.31, [66059, 46]
3, 5, 7.9, [100140, 150015]
3, 6, 7.71, [86, 70640]
3, 7, 7.64, [66171, 80450]
3, 8, 7.48, [150655, 80450]
3, 9, 5.67, [71858, 280]
4, 0, 11.45, [46, 33297]
4, 1, 10.73, [90, 33297]
4, 2, 10.66, [89, 221360]
4, 3, 9.29, [89, 91277]
4, 4, 8.59, [90, 221360]
4, 5, 8.26, [46, 66171]
4, 6, 8.0, [46, 66169]
4, 7, 7.48, [11925, 98065]
4, 8, 7.01, [221360, 134362]
4, 9, 6.39, [98063, 65900]
5, 0, 11.45, [46, 33297]
5, 1, 11.41, [87, 33297]
5, 2, 10.9, [66169, 33297]
5, 3, 10.73, [90, 33297]
5, 4, 10.71, [80449, 65899]
5, 5, 9.9, [46, 33298]
5, 6, 8.59, [282, 73700]
5, 7, 7.55, [284, 66059]
5, 8, 7.37, [46, 279]
5, 9, 5.96, [70638, 11935]
6, 0, 11.45, [46, 33297]
6, 1, 11.41, [87, 33297]
6, 2, 10.5, [66059, 33297]
6, 3, 9.81, [118602, 65897]
6, 4, 8.2, [95674, 33297]
6, 5, 6.84, [66059, 280]
6, 6, 6.59, [90, 33300]
6, 7, 6.58, [66167, 71858]
6, 8, 5.9, [821, 56239]
6, 9, 5.65, [90, 149059]
7, 0, 11.45, [46, 33297]
7, 1, 11.41, [87, 33297]
7, 2, 11.33, [87, 33297]
7, 3, 9.69, [88, 62858]
7, 4, 9.35, [118602, 65897]
7, 5, 9.12, [73703, 56240]
7, 6, 8.16, [66059, 98062]
7, 7, 7.75, [88, 66170]
7, 8, 6.84, [66059, 150653]
7, 9, 6.8, [46, 278]
8, 0, 11.45, [46, 33297]
8, 1, 11.41, [87, 33297]
8, 2, 10.04, [278, 33297]
8, 3, 8.64, [87, 118602]
8, 4, 8.62, [87, 33298]
8, 5, 8.36, [89, 123524]
8, 6, 7.91, [46, 56239]
8, 7, 7.32, [100141, 149059]
8, 8, 7.08, [46, 33299]
8, 9, 6.84, [88, 14223]
9, 0, 12.4, [88, 65899]
9, 1, 12.2, [65899, 80656]
9, 2, 11.45, [46, 33297]
9, 3, 11.41, [87, 33297]
9, 4, 11.08, [87, 11388]
9, 5, 9.22, [87, 33298]
9, 6, 9.0, [87, 33298]
9, 7, 6.68, [144436, 221360]
9, 8, 5.86, [156909, 280]
9, 9, 5.35, [10375, 80449]
10, 0, 12.56, [89, 65899]
10, 1, 12.4, [88, 65899]
10, 2, 12.2, [65899, 80656]
10, 3, 11.95, [86, 33297]
10, 4, 11.46, [86, 33297]
10, 5, 10.99, [87, 65899]
10, 6, 10.92, [33297, 46]
10, 7, 10.89, [88, 33298]
10, 8, 10.3, [90, 65899]
10, 9, 10.17, [88, 118602]
