num_genrations,diversity,improvement,best_fitness
0,1.0,0,33.755375339025065
1,0.8106060606060607,0.0,33.755375339025065
2,0.7128787878787879,0.03749091831150119,35.020895358434515
3,0.3931818181818183,0.02293097401982109,35.82395860004965
4,0.4113636363636364,0.0,35.82395860004965
5,0.10681818181818192,0.03532607977633428,37.0894786194591
6,0.011363636363636243,0.0,37.0894786194591
7,0.021212121212121238,0.0,37.0894786194591
8,0.011363636363636243,0.0,37.0894786194591
9,0.02954545454545454,0.0,37.0894786194591
10,0.05681818181818199,0.0,37.0894786194591
