n_nodes,influence,n0,n1,n2,n3,n4,n5,n6,n7,n8,n9,n10,n11,n12,n13,n14,n15,n16,n17,n18,n19
20,105.0400,3840,7429,3847,11,2700,3737,3482,294,7468,1968,7534,6587,5439,1862,7625,356,4967,1777,3960,766
20,105.0400,3840,7429,3847,11,2700,3737,3482,294,7468,1968,7534,6587,5439,1862,7625,356,4967,1777,3960,766
20,105.0400,3840,7429,3847,11,2700,3737,3482,294,7468,1968,7534,6587,5439,1862,7625,356,4967,1777,3960,766
20,105.0400,3840,7429,3847,11,2700,3737,3482,294,7468,1968,7534,6587,5439,1862,7625,356,4967,1777,3960,766
20,105.0400,3840,7429,3847,11,2700,3737,3482,294,7468,1968,7534,6587,5439,1862,7625,356,4967,1777,3960,766
20,104.5700,3840,7429,11,2700,2706,2068,5908,153,3482,7468,7853,2875,4936,7625,2055,6232,4967,4717,4345,766
20,104.5700,3840,7429,11,2700,2706,2068,5908,153,3482,7468,7853,2875,4936,7625,2055,6232,4967,4717,4345,766
20,104.5700,3840,7429,11,2700,2706,2068,5908,153,3482,7468,7853,2875,4936,7625,2055,6232,4967,4717,4345,766
20,104.5700,3840,7429,11,2700,2706,2068,5908,153,3482,7468,7853,2875,4936,7625,2055,6232,4967,4717,4345,766
20,104.5700,3840,7429,11,2700,2706,2068,5908,153,3482,7468,7853,2875,4936,7625,2055,6232,4967,4717,4345,766
20,103.6400,3840,7429,11,2700,2706,2068,3785,153,3482,7468,7853,2875,4936,7625,5578,6232,4967,4717,4345,766
20,103.6400,3840,7429,11,2700,2706,2068,3785,153,3482,7468,7853,2875,4936,7625,5578,6232,4967,4717,4345,766
20,103.6400,3840,7429,11,2700,2706,2068,3785,153,3482,7468,7853,2875,4936,7625,5578,6232,4967,4717,4345,766
20,103.6400,3840,7429,11,2700,2706,2068,3785,153,3482,7468,7853,2875,4936,7625,5578,6232,4967,4717,4345,766
20,103.2300,3840,7429,11,2700,2706,2068,3785,153,3482,7468,7853,2875,4936,7625,5578,6232,4967,4717,4345,766
20,103.1200,3840,7429,3847,11,2700,3737,3482,294,7468,1968,7534,6587,5439,1862,7625,356,4967,1777,3960,766
20,103.1200,3840,7429,3847,11,2700,3737,3482,294,7468,1968,7534,6587,5439,1862,7625,356,4967,1777,3960,766
20,103.1200,3840,7429,3847,11,2700,3737,3482,294,7468,1968,7534,6587,5439,1862,7625,356,4967,1777,3960,766
20,102.6700,3840,7429,3847,11,2700,3737,3482,294,7468,1968,7534,6587,5439,1862,7625,356,4967,1777,3960,766
20,102.5800,3840,7429,3847,11,2700,3737,3482,294,7468,1968,6587,5439,2144,7625,356,4967,7534,1777,3960,766
20,102.3000,3840,7429,3847,11,2700,3737,3482,294,7468,1968,6587,6047,1862,7625,356,4967,1259,1777,3960,766
20,102.1200,3840,7429,11,2700,2706,2068,5908,153,3482,7468,7853,2875,4936,7625,2055,6232,4967,4717,4345,766
20,101.9400,4967,2700,2875,11,7429,7625,7468,3737,1777,3840,6587,294,1259,1862,356,3847,1968,3960,3482,766
20,101.9400,4967,2700,2875,11,7429,7625,7468,3737,1777,3840,6587,294,1259,1862,356,3847,1968,3960,3482,766
20,101.9400,4967,2700,2875,11,7429,7625,7468,3737,1777,3840,6587,294,1259,1862,356,3847,1968,3960,3482,766
20,101.9000,3840,7429,3847,11,2700,3737,3482,294,7468,1968,6587,5439,1862,7625,309,4967,7534,1777,3960,766
20,101.7500,3840,7429,3847,11,2700,2695,3482,294,7468,1968,6587,5439,1862,7625,356,4967,7534,1777,3960,766
20,101.6400,3840,7429,3847,11,2700,3737,3482,294,7468,1968,6587,2875,1862,7625,356,4967,1259,1777,2336,766
20,101.5400,3840,7429,11,2700,2706,2068,153,5756,7468,7853,2875,4936,3785,7625,5578,6232,4967,4717,4345,766
20,101.5100,3840,7429,11,2700,2706,2068,3785,153,3482,7468,7853,2875,4936,7625,5578,6232,4967,4717,4345,766
20,101.4400,3840,7429,11,2700,2706,2068,5908,4345,153,7468,7853,2875,4936,7625,5578,6232,4967,4717,3482,766
20,101.4400,3840,7429,11,2700,2706,2068,5908,4345,153,7468,7853,2875,4936,7625,5578,6232,4967,4717,3482,766
