num_genrations,diversity,improvement,best_fitness
0,0.9986111111111111,0,38.26
1,0.9412698412698413,0.03528489283847364,39.61
2,0.8761904761904762,0.3049734915425397,51.69
3,0.7363095238095239,0.10524279357709432,57.13
4,0.757638888888889,0.16366182391037987,66.48
5,0.5864087301587302,0.06167268351383866,70.58
6,0.41527777777777786,0.01558515160102024,71.68
7,0.2589285714285715,0.10044642857142841,78.88
8,0.19890873015873012,0.004563894523326565,79.24
9,0.10982142857142863,0.0,79.24
10,0.040575396825397014,0.011988894497728457,80.19
