num_genrations,diversity,improvement,best_fitness
0,1.0,0,36.21838346898126
1,0.7694444444444445,0.2907669987951573,46.74949413146908
2,0.48611111111111116,0.6062973000793102,75.09358620345233
3,0.5027777777777778,0.0,75.09358620345233
4,0.04166666666666674,0.00887739444665227,75.76022158859406
5,0.07777777777777783,0.0,75.76022158859406
6,0.1527777777777779,0.0,75.76022158859406
7,0.17500000000000004,0.0,75.76022158859406
8,0.0805555555555556,0.0,75.76022158859406
9,0.0,0.0,75.76022158859406
10,0.0,0.0,75.76022158859406
