n_nodes,influence,n0,n1,n2,n3,n4
5,83.4000,4967,11,1583,4828,2972
5,82.3300,4967,11,1583,4828,2972
5,82.0400,4967,11,1583,4828,2972
5,81.5200,4967,11,1583,4828,2972
5,81.5200,4967,11,1583,4828,2972
5,81.5200,4967,11,1583,4828,2972
5,81.2300,4967,11,1583,4828,2972
5,81.0800,4967,11,1583,4828,2972
5,81.0800,4967,11,1583,4828,2972
5,81.0800,4967,11,1583,4828,2972
5,80.6400,4967,11,1583,4828,2972
5,80.4300,4967,11,1583,4828,2972
5,80.4300,4967,11,1583,4828,2972
5,80.4300,4967,11,1583,4828,2972
5,80.4300,4967,11,1583,4828,2972
5,80.4300,4967,11,1583,4828,2972
5,80.4300,4967,11,1583,4828,2972
5,80.4300,4967,11,1583,4828,2972
5,80.4300,4967,11,1583,4828,2972
5,80.4300,4967,11,1583,4828,2972
5,80.4300,4967,11,1583,4828,2972
5,80.4300,4967,11,1583,4828,2972
5,80.4300,4967,11,1583,4828,2972
5,80.4300,4967,11,1583,4828,2972
5,80.4300,4967,11,1583,4828,2972
5,80.4300,4967,11,1583,4828,2972
5,80.4300,4967,11,1583,4828,2972
5,80.4300,4967,11,1583,4828,2972
5,80.3800,4967,11,1583,2651,2972
5,80.3100,4967,11,1583,2651,2972
5,80.3100,4967,11,1583,2651,2972
5,80.3100,4967,11,1583,2651,2972
