num_genrations,diversity,improvement,best_fitness
0,0.9994444444444445,0,70.83
1,0.7849999999999999,0.001411831144995179,70.93
2,0.7155555555555555,0.04003947553926391,73.77
3,0.5861111111111111,0.06886268130676425,78.85
4,0.5733333333333334,0.0,78.85
5,0.27055555555555566,0.0,78.85
6,0.24444444444444446,0.013189600507292407,79.89
7,0.22777777777777775,0.008136187257479105,80.54
8,0.3138888888888889,0.016513533647876808,81.87
9,0.2616666666666667,0.030902650543544657,84.4
10,0.22888888888888892,0.0,84.4
