generation number, individual number, fitness, candidate
0, 0, 63.22, [1509, 1401]
0, 1, 17.44, [1224, 1425]
0, 2, 15.82, [1425, 1350]
0, 3, 15.57, [140, 1224]
0, 4, 13.0, [1442, 1425]
0, 5, 12.62, [1350, 1332]
0, 6, 12.0, [140, 1351]
0, 7, 11.51, [2320, 1223]
0, 8, 11.47, [1223, 140]
0, 9, 9.35, [1068, 1990]
1, 0, 63.22, [1509, 1401]
1, 1, 61.46, [1509, 1518]
1, 2, 17.44, [1224, 1425]
1, 3, 14.2, [140, 1350]
1, 4, 14.0, [140, 1425]
1, 5, 13.0, [1401, 1332]
1, 6, 13.0, [2332, 1425]
1, 7, 12.55, [1224, 320]
1, 8, 12.51, [1620, 1224]
1, 9, 12.46, [1230, 1224]
2, 0, 67.69, [1509, 695]
2, 1, 66.5, [1509, 1068]
2, 2, 64.18, [1509, 1332]
2, 3, 63.22, [1509, 1401]
2, 4, 61.46, [1509, 1518]
2, 5, 10.96, [1230, 1401]
2, 6, 10.4, [576, 1990]
2, 7, 10.0, [1611, 1401]
2, 8, 6.0, [1068, 1497]
2, 9, 6.0, [1442, 1518]
3, 0, 67.69, [1509, 695]
3, 1, 66.5, [1509, 1068]
3, 2, 44.64, [1351, 6917]
3, 3, 13.0, [1425, 1068]
3, 4, 11.45, [576, 1223]
3, 5, 11.0, [2320, 1332]
3, 6, 10.0, [1332, 1068]
3, 7, 9.0, [576, 1058]
3, 8, 9.0, [2320, 1058]
3, 9, 7.0, [1059, 695]
4, 0, 67.69, [1509, 695]
4, 1, 66.5, [1509, 1068]
4, 2, 62.37, [1509, 6917]
4, 3, 61.47, [1509, 1619]
4, 4, 46.57, [1401, 6917]
4, 5, 14.0, [1425, 695]
4, 6, 12.54, [1401, 1407]
4, 7, 12.0, [1351, 140]
4, 8, 12.0, [576, 1480]
4, 9, 10.47, [1407, 576]
5, 0, 67.69, [1509, 695]
5, 1, 67.53, [1509, 140]
5, 2, 66.5, [1509, 1068]
5, 3, 63.36, [1509, 1091]
5, 4, 46.56, [1401, 6917]
5, 5, 44.86, [1990, 6917]
5, 6, 13.96, [1350, 695]
5, 7, 12.0, [695, 1480]
5, 8, 12.0, [576, 1480]
5, 9, 8.0, [1146, 140]
6, 0, 67.87, [1509, 576]
6, 1, 67.69, [1509, 695]
6, 2, 67.53, [1509, 140]
6, 3, 67.04, [1509, 576]
6, 4, 42.63, [6917, 2110]
6, 5, 13.49, [521, 1224]
6, 6, 11.52, [695, 1223]
6, 7, 8.0, [1935, 695]
6, 8, 8.0, [1620, 1068]
6, 9, 7.0, [1695, 576]
7, 0, 67.87, [1509, 576]
7, 1, 67.69, [1509, 695]
7, 2, 64.03, [1509, 571]
7, 3, 48.52, [6917, 140]
7, 4, 45.7, [6917, 571]
7, 5, 12.5, [1224, 1058]
7, 6, 9.0, [1480, 1058]
7, 7, 7.25, [1990, 571]
7, 8, 7.0, [1518, 2171]
7, 9, 7.0, [1059, 2171]
8, 0, 67.87, [1509, 576]
8, 1, 67.69, [1509, 695]
8, 2, 67.5, [1509, 576]
8, 3, 66.92, [1509, 695]
8, 4, 66.06, [1509, 1068]
8, 5, 62.96, [1509, 1247]
8, 6, 12.0, [2320, 1351]
8, 7, 11.4, [1223, 576]
8, 8, 11.0, [1125, 576]
8, 9, 11.0, [1401, 571]
9, 0, 67.87, [1509, 576]
9, 1, 67.69, [1509, 695]
9, 2, 62.3, [1509, 314]
9, 3, 62.27, [1509, 645]
9, 4, 14.57, [1091, 1223]
9, 5, 13.0, [1401, 1025]
9, 6, 11.46, [1223, 140]
9, 7, 11.0, [2332, 576]
9, 8, 11.0, [695, 1442]
9, 9, 10.0, [1125, 1442]
10, 0, 67.87, [1509, 576]
10, 1, 67.69, [1509, 695]
10, 2, 62.25, [1425, 1509]
10, 3, 48.38, [6917, 576]
10, 4, 14.46, [1224, 1068]
10, 5, 12.57, [1224, 571]
10, 6, 11.0, [1351, 1025]
10, 7, 10.55, [1223, 1332]
10, 8, 10.47, [1223, 1332]
10, 9, 9.14, [1350, 645]
