num_genrations,diversity,improvement,best_fitness
0,0.9966666666666667,0,160.96
1,0.775,-0.17060139165009944,133.5
2,0.7016666666666667,0.10254681647940073,147.19
3,0.42333333333333323,0.06359127658128959,156.55
4,0.10333333333333306,0.17061641648035758,183.26
5,0.09499999999999997,0.0,183.26
6,0.21999999999999997,0.006766342900796732,184.5
7,0.13000000000000012,0.011978319783197876,186.71
8,0.0,0.006534197418456423,187.93
9,0.07333333333333325,0.202841483531102,226.05
10,0.1466666666666666,0.0,226.05
11,0.0,0.01919929219199281,230.39
12,0.0,0.0,230.39
13,0.0,0.0,230.39
14,0.0,0.0,230.39
15,0.0,0.0,230.39
16,0.0,0.0,230.39
17,0.0,0.00425365684274499,231.37
18,0.0,0.0,231.37
19,0.0,0.0,231.37
20,0.0,-0.004235639884168294,230.39
21,0.0,0.0,230.39
22,0.0,0.0073787924823126745,232.09
23,0.02499999999999991,0.05278124865353957,244.34
24,0.046666666666666634,0.0,244.34
25,0.06499999999999995,0.010272571007612306,246.85
26,0.10499999999999976,0.0,246.85
27,0.0,0.03556815880089124,255.63
28,0.0,0.0,255.63
29,0.0,0.0,255.63
30,0.0,0.0,255.63
