n_nodes,influence,n0,n1,n2,n3,n4
5,9.2200,226479,117916,243341,89482,255153
5,9.2200,226479,117916,243341,89482,255153
5,9.2200,226479,117916,243341,89482,255153
5,9.2200,226479,117916,243341,89482,255153
5,9.2200,226479,117916,243341,89482,255153
5,9.2200,226479,117916,243341,89482,255153
5,9.2200,226479,117916,243341,89482,255153
5,9.2200,226479,117916,243341,89482,255153
5,9.2200,226479,117916,243341,89482,255153
5,9.2200,226479,117916,243341,89482,255153
5,9.2200,226479,117916,243341,89482,255153
5,9.2200,226479,117916,243341,89482,255153
5,9.2200,226479,117916,243341,89482,255153
5,9.0400,89482,243341,125219,255153,117916
5,9.0300,226479,117916,243341,89482,2108
5,9.0300,226479,117916,243341,89482,2108
