generation number, individual number, fitness, candidate
0, 0, 3.13, [1987, 270, 3105]
0, 1, 3.12, [4130, 3753, 1321]
0, 2, 3.08, [1896, 3759, 119]
0, 3, 3.08, [3740, 295, 291]
0, 4, 3.07, [77, 4794, 3753]
0, 5, 3.06, [546, 1830, 284]
0, 6, 3.06, [1092, 3737, 1321]
0, 7, 3.04, [4301, 3753, 699]
0, 8, 3.03, [3777, 996, 1322]
0, 9, 3.03, [1588, 3739, 2464]
1, 0, 3.16, [1987, 3736, 4128]
1, 1, 3.14, [4128, 3753, 3105]
1, 2, 3.13, [1987, 270, 3105]
1, 3, 3.12, [4130, 3753, 1321]
1, 4, 3.11, [4129, 3753, 3105]
1, 5, 3.09, [2229, 1896, 1588]
1, 6, 3.07, [2229, 270, 1321]
1, 7, 3.07, [1987, 3733, 4130]
1, 8, 3.05, [1896, 295, 293]
1, 9, 3.05, [3740, 3759, 996]
2, 0, 3.24, [3742, 3736, 1686]
2, 1, 3.16, [1987, 3736, 4128]
2, 2, 3.14, [4128, 3744, 3736]
2, 3, 3.14, [1987, 3749, 3105]
2, 4, 3.14, [4128, 3753, 3105]
2, 5, 3.13, [4128, 3753, 693]
2, 6, 3.12, [1987, 295, 4128]
2, 7, 3.12, [4128, 3753, 3744]
2, 8, 3.11, [1987, 33, 4128]
2, 9, 3.11, [1987, 101, 4128]
3, 0, 3.24, [1588, 3753, 3736]
3, 1, 3.24, [3742, 3736, 1686]
3, 2, 3.22, [3742, 3736, 3105]
3, 3, 3.19, [3752, 3736, 1032]
3, 4, 3.18, [1987, 3758, 4128]
3, 5, 3.16, [1987, 3743, 3105]
3, 6, 3.16, [1987, 3736, 4128]
3, 7, 3.12, [1896, 3749, 4128]
3, 8, 3.11, [181, 1825, 4129]
3, 9, 3.09, [101, 3736, 4129]
4, 0, 3.24, [1588, 3753, 3736]
4, 1, 3.24, [3742, 3736, 1686]
4, 2, 3.2, [3742, 3755, 3753]
4, 3, 3.19, [3742, 4129, 3753]
4, 4, 3.18, [1825, 1686, 3736]
4, 5, 3.15, [3752, 3745, 3746]
4, 6, 3.14, [3760, 1686, 3736]
4, 7, 3.1, [546, 3736, 2490]
4, 8, 3.08, [3745, 3736, 3753]
4, 9, 3.08, [287, 3736, 1541]
5, 0, 3.28, [3742, 3737, 3741]
5, 1, 3.24, [1588, 3753, 3736]
5, 2, 3.24, [3742, 3736, 1686]
5, 3, 3.23, [3747, 3736, 3752]
5, 4, 3.22, [3742, 3749, 3753]
5, 5, 3.18, [3742, 3736, 279]
5, 6, 3.12, [3749, 3753, 4129]
5, 7, 3.11, [3752, 4129, 1686]
5, 8, 3.1, [1588, 3747, 3777]
5, 9, 3.07, [546, 1605, 3736]
6, 0, 3.28, [3742, 3737, 3741]
6, 1, 3.25, [3742, 3737, 3754]
6, 2, 3.24, [1588, 3753, 3736]
6, 3, 3.22, [3750, 3736, 3752]
6, 4, 3.21, [3742, 3747, 3105]
6, 5, 3.1, [3742, 282, 3752]
6, 6, 3.1, [1588, 3753, 3736]
6, 7, 3.09, [3750, 699, 546]
6, 8, 3.09, [1896, 3737, 3741]
6, 9, 3.08, [3747, 3737, 1686]
7, 0, 3.28, [3742, 3737, 3741]
7, 1, 3.26, [3742, 3747, 3741]
7, 2, 3.25, [3742, 3737, 3754]
7, 3, 3.18, [3744, 3737, 3743]
7, 4, 3.17, [3742, 3737, 3758]
7, 5, 3.15, [3742, 3733, 3741]
7, 6, 3.14, [3749, 3752, 3736]
7, 7, 3.14, [3743, 3737, 3736]
7, 8, 3.12, [3747, 3737, 3748]
7, 9, 3.12, [3759, 3736, 3753]
8, 0, 3.28, [3742, 3737, 3741]
8, 1, 3.26, [3742, 3747, 3741]
8, 2, 3.25, [3742, 3747, 3100]
8, 3, 3.24, [3742, 2261, 3741]
8, 4, 3.2, [3100, 3733, 3741]
8, 5, 3.18, [689, 3737, 3741]
8, 6, 3.13, [3742, 3737, 996]
8, 7, 3.05, [284, 1006, 3759]
8, 8, 3.05, [546, 3737, 2229]
8, 9, 3.04, [1896, 3737, 2261]
9, 0, 3.28, [3742, 3737, 3741]
9, 1, 3.26, [3100, 3759, 3741]
9, 2, 3.26, [3742, 3747, 3741]
9, 3, 3.19, [3742, 3737, 24]
9, 4, 3.18, [293, 3733, 3741]
9, 5, 3.16, [3742, 3735, 3741]
9, 6, 3.16, [3742, 3748, 1833]
9, 7, 3.15, [3742, 269, 3100]
9, 8, 3.13, [282, 3747, 3741]
9, 9, 3.13, [263, 3747, 3736]
10, 0, 3.28, [3742, 3737, 3741]
10, 1, 3.26, [3100, 3759, 3741]
10, 2, 3.19, [2261, 3736, 3760]
10, 3, 3.17, [3742, 546, 3741]
10, 4, 3.16, [3760, 3737, 3736]
10, 5, 3.16, [3740, 3759, 3741]
10, 6, 3.15, [3742, 3737, 1831]
10, 7, 3.14, [3750, 3747, 3754]
10, 8, 3.08, [1830, 3745, 3759]
10, 9, 3.05, [3734, 3737, 3102]
11, 0, 3.28, [3742, 3737, 3741]
11, 1, 3.26, [3100, 3759, 3741]
11, 2, 3.23, [689, 3737, 3741]
11, 3, 3.17, [285, 3736, 3741]
11, 4, 3.17, [3742, 3759, 3746]
11, 5, 3.16, [3745, 3737, 3741]
11, 6, 3.14, [3742, 3737, 3746]
11, 7, 3.13, [3747, 1006, 3741]
11, 8, 3.11, [3100, 3761, 3741]
11, 9, 3.08, [3736, 3737, 3760]
12, 0, 3.28, [3742, 3759, 3746]
12, 1, 3.28, [3742, 3737, 3741]
12, 2, 3.26, [3100, 3759, 3741]
12, 3, 3.21, [3742, 3750, 3741]
12, 4, 3.17, [3742, 3749, 3741]
12, 5, 3.14, [3746, 3737, 3741]
12, 6, 3.14, [3750, 3737, 3748]
12, 7, 3.13, [2595, 3105, 3741]
12, 8, 3.13, [3100, 3737, 3742]
12, 9, 3.09, [3742, 101, 295]
13, 0, 3.31, [3742, 3750, 3741]
13, 1, 3.28, [3742, 3759, 3746]
13, 2, 3.28, [3742, 3737, 3741]
13, 3, 3.26, [3742, 3752, 3746]
13, 4, 3.24, [3742, 3737, 3754]
13, 5, 3.22, [3742, 3736, 3746]
13, 6, 3.21, [24, 3749, 3746]
13, 7, 3.17, [3742, 3750, 3741]
13, 8, 3.16, [3742, 229, 3753]
13, 9, 3.16, [3752, 3759, 3741]
14, 0, 3.31, [3742, 3750, 3741]
14, 1, 3.28, [3742, 3759, 3746]
14, 2, 3.27, [3742, 101, 3741]
14, 3, 3.2, [3742, 285, 3736]
14, 4, 3.19, [3742, 3753, 3741]
14, 5, 3.18, [689, 3750, 3746]
14, 6, 3.17, [3742, 3759, 101]
14, 7, 3.08, [285, 4131, 275]
14, 8, 3.08, [119, 3105, 3739]
14, 9, 3.08, [3742, 119, 101]
15, 0, 3.31, [3742, 3750, 3741]
15, 1, 3.28, [3742, 3759, 3746]
15, 2, 3.22, [3742, 3747, 3736]
15, 3, 3.2, [3742, 3759, 3746]
15, 4, 3.2, [3742, 3747, 1831]
15, 5, 3.18, [3756, 3747, 352]
15, 6, 3.17, [2400, 3747, 3746]
15, 7, 3.15, [3745, 3750, 3746]
15, 8, 3.13, [3750, 285, 3741]
15, 9, 3.13, [3742, 4301, 3760]
16, 0, 3.31, [3742, 3750, 3741]
16, 1, 3.29, [3742, 3747, 3760]
16, 2, 3.28, [3742, 3759, 3746]
16, 3, 3.24, [3742, 3736, 2490]
16, 4, 3.23, [3742, 3750, 3733]
16, 5, 3.16, [1825, 3759, 3746]
16, 6, 3.12, [3742, 3753, 2464]
16, 7, 3.1, [3742, 279, 3761]
16, 8, 3.09, [689, 263, 293]
16, 9, 3.08, [287, 3756, 1315]
17, 0, 3.31, [3742, 3750, 3741]
17, 1, 3.29, [3742, 3747, 3760]
17, 2, 3.2, [3742, 693, 3746]
17, 3, 3.2, [3752, 3747, 2490]
17, 4, 3.16, [24, 3736, 3741]
17, 5, 3.15, [3742, 3736, 3740]
17, 6, 3.13, [3755, 3748, 3736]
17, 7, 3.12, [3750, 1834, 3741]
17, 8, 3.09, [3758, 3750, 3743]
17, 9, 3.05, [3745, 285, 4130]
18, 0, 3.31, [3742, 3750, 3741]
18, 1, 3.29, [3742, 3747, 3760]
18, 2, 3.26, [3742, 3747, 3736]
18, 3, 3.26, [3742, 3753, 3760]
18, 4, 3.22, [689, 3750, 3397]
18, 5, 3.2, [3742, 3747, 3760]
18, 6, 3.19, [1834, 3736, 3100]
18, 7, 3.17, [3742, 3750, 3748]
18, 8, 3.13, [3742, 3750, 3100]
18, 9, 3.12, [3742, 3755, 3741]
19, 0, 3.31, [3742, 3750, 3741]
19, 1, 3.29, [3742, 3747, 3760]
19, 2, 3.28, [689, 3747, 3741]
19, 3, 3.19, [3742, 3739, 3741]
19, 4, 3.16, [3742, 3755, 3736]
19, 5, 3.15, [3742, 3747, 3754]
19, 6, 3.14, [3745, 3750, 3736]
19, 7, 3.14, [3742, 3733, 271]
19, 8, 3.13, [2463, 3747, 3760]
19, 9, 3.13, [3100, 3748, 996]
20, 0, 3.31, [3742, 3750, 3741]
20, 1, 3.29, [3742, 3747, 3760]
20, 2, 3.19, [689, 3739, 3761]
20, 3, 3.17, [3743, 3756, 3742]
20, 4, 3.16, [3742, 3750, 3736]
20, 5, 3.12, [3742, 3747, 3761]
20, 6, 3.11, [271, 3750, 3736]
20, 7, 3.11, [3742, 3747, 263]
20, 8, 3.09, [1541, 3747, 352]
20, 9, 3.09, [3743, 2261, 3741]
21, 0, 3.31, [3742, 3750, 3741]
21, 1, 3.29, [3742, 3747, 3760]
21, 2, 3.23, [3742, 3747, 3754]
21, 3, 3.21, [3736, 3739, 3761]
21, 4, 3.21, [3743, 3739, 3760]
21, 5, 3.21, [689, 3752, 3741]
21, 6, 3.19, [689, 3750, 3760]
21, 7, 3.15, [3742, 3739, 3748]
21, 8, 3.14, [689, 3739, 3760]
21, 9, 3.13, [3742, 1831, 3761]
22, 0, 3.31, [3742, 3750, 3741]
22, 1, 3.29, [3742, 3747, 3760]
22, 2, 3.22, [3742, 3747, 3736]
22, 3, 3.22, [3105, 3750, 2463]
22, 4, 3.2, [689, 3756, 3760]
22, 5, 3.18, [2156, 4130, 3760]
22, 6, 3.17, [3760, 4794, 702]
22, 7, 3.16, [3742, 3750, 3733]
22, 8, 3.14, [3742, 3750, 2400]
22, 9, 3.13, [3742, 3739, 3741]
23, 0, 3.31, [3742, 3750, 3741]
23, 1, 3.29, [3742, 3747, 3760]
23, 2, 3.19, [3742, 3739, 3741]
23, 3, 3.17, [3742, 3736, 3755]
23, 4, 3.16, [3752, 3750, 2463]
23, 5, 3.14, [3760, 3750, 3736]
23, 6, 3.14, [3745, 3750, 3760]
23, 7, 3.13, [3743, 3750, 2463]
23, 8, 3.1, [1896, 3750, 3754]
23, 9, 3.1, [3105, 3747, 3740]
24, 0, 3.31, [3742, 3750, 3741]
24, 1, 3.29, [3742, 3747, 3760]
24, 2, 3.26, [3742, 3752, 3760]
24, 3, 3.23, [3742, 3747, 3760]
24, 4, 3.17, [3752, 3750, 3760]
24, 5, 3.14, [3740, 3747, 3741]
24, 6, 3.14, [3745, 3747, 3741]
24, 7, 3.13, [3736, 3733, 1686]
24, 8, 3.11, [3761, 1896, 3741]
24, 9, 3.1, [3742, 3739, 3761]
25, 0, 3.33, [3742, 3750, 3100]
25, 1, 3.31, [3742, 3750, 3741]
25, 2, 3.29, [3742, 3736, 3760]
25, 3, 3.29, [3742, 3747, 3760]
25, 4, 3.25, [3742, 3747, 3746]
25, 5, 3.21, [3736, 3747, 3741]
25, 6, 3.19, [3742, 3750, 3748]
25, 7, 3.18, [3742, 3736, 3741]
25, 8, 3.17, [3742, 285, 3741]
25, 9, 3.15, [3736, 3750, 3760]
26, 0, 3.33, [3742, 3750, 3100]
26, 1, 3.31, [3742, 3750, 3741]
26, 2, 3.28, [3742, 3752, 3760]
26, 3, 3.27, [3745, 3736, 3100]
26, 4, 3.22, [3742, 3736, 3754]
26, 5, 3.22, [4131, 3749, 1896]
26, 6, 3.16, [3753, 2260, 3760]
26, 7, 3.15, [3742, 3748, 3733]
26, 8, 3.14, [3742, 3750, 3760]
26, 9, 3.08, [3742, 1896, 1006]
27, 0, 3.33, [3742, 3750, 3100]
27, 1, 3.31, [3742, 3750, 3741]
27, 2, 3.24, [3742, 3758, 3100]
27, 3, 3.18, [3742, 1322, 1829]
27, 4, 3.16, [3742, 3740, 2229]
27, 5, 3.16, [3742, 3750, 269]
27, 6, 3.15, [3745, 3750, 3758]
27, 7, 3.1, [3105, 3747, 4301]
27, 8, 3.09, [3742, 3102, 293]
27, 9, 3.08, [1833, 284, 3100]
28, 0, 3.33, [3742, 3750, 3100]
28, 1, 3.31, [3742, 3750, 3741]
28, 2, 3.28, [3742, 3758, 3736]
28, 3, 3.24, [3742, 3750, 689]
28, 4, 3.21, [3752, 3758, 3741]
28, 5, 3.19, [3740, 3750, 3100]
28, 6, 3.18, [3742, 3750, 1825]
28, 7, 3.18, [3742, 3758, 282]
28, 8, 3.17, [3742, 3777, 689]
28, 9, 3.14, [3742, 1322, 3758]
29, 0, 3.33, [3752, 3750, 3100]
29, 1, 3.33, [3742, 3750, 3100]
29, 2, 3.31, [3742, 3750, 3741]
29, 3, 3.21, [3742, 3758, 3761]
29, 4, 3.16, [3742, 3755, 3741]
29, 5, 3.13, [3742, 3753, 3747]
29, 6, 3.12, [1829, 3750, 1686]
29, 7, 3.11, [3742, 1833, 3736]
29, 8, 3.08, [4108, 3750, 3760]
29, 9, 3.08, [291, 263, 3100]
30, 0, 3.33, [3752, 3750, 3100]
30, 1, 3.33, [3742, 3750, 3100]
30, 2, 3.28, [3742, 3736, 3760]
30, 3, 3.25, [3739, 181, 3100]
30, 4, 3.23, [3736, 3750, 3100]
30, 5, 3.22, [3742, 3750, 4794]
30, 6, 3.16, [3752, 3740, 3745]
30, 7, 3.14, [3752, 3755, 295]
30, 8, 3.12, [275, 3750, 3746]
30, 9, 3.1, [4130, 3754, 1588]
31, 0, 3.33, [3752, 3750, 3100]
31, 1, 3.33, [3742, 3750, 3100]
31, 2, 3.22, [3750, 1833, 3100]
31, 3, 3.21, [3750, 3736, 3100]
31, 4, 3.2, [3742, 2156, 689]
31, 5, 3.2, [3742, 279, 3760]
31, 6, 3.19, [3739, 3736, 3100]
31, 7, 3.18, [3736, 4108, 3100]
31, 8, 3.15, [3742, 3736, 159]
31, 9, 3.11, [3743, 3750, 3760]
32, 0, 3.33, [3752, 3750, 3100]
32, 1, 3.33, [3742, 3750, 3100]
32, 2, 3.32, [3752, 3755, 3100]
32, 3, 3.25, [3736, 3752, 1831]
32, 4, 3.19, [3750, 1825, 3100]
32, 5, 3.18, [3742, 3750, 3747]
32, 6, 3.14, [2463, 3753, 4108]
32, 7, 3.14, [3752, 1541, 546]
32, 8, 3.09, [3742, 1896, 3105]
32, 9, 3.08, [3743, 4184, 1040]
33, 0, 3.33, [3752, 3750, 3100]
33, 1, 3.33, [3742, 3750, 3100]
33, 2, 3.26, [3752, 3736, 3100]
33, 3, 3.23, [3742, 3752, 3760]
33, 4, 3.17, [3750, 359, 3100]
33, 5, 3.17, [3742, 546, 3760]
33, 6, 3.17, [3742, 3750, 2400]
33, 7, 3.16, [3744, 3743, 702]
33, 8, 3.12, [3752, 3740, 3745]
33, 9, 3.09, [3742, 282, 3760]
34, 0, 3.33, [3752, 3750, 3100]
34, 1, 3.33, [3742, 3750, 3100]
34, 2, 3.23, [3756, 3750, 3100]
34, 3, 3.22, [3742, 3736, 3741]
34, 4, 3.19, [3740, 3750, 3100]
34, 5, 3.16, [3752, 3750, 3746]
34, 6, 3.15, [3742, 3736, 4794]
34, 7, 3.14, [3752, 3750, 271]
34, 8, 3.14, [3752, 3750, 3777]
34, 9, 3.13, [3745, 159, 3100]
35, 0, 3.33, [3752, 3750, 3100]
35, 1, 3.33, [3742, 3750, 3100]
35, 2, 3.18, [4794, 3750, 3100]
35, 3, 3.18, [3743, 3750, 3100]
35, 4, 3.16, [3740, 3741, 3100]
35, 5, 3.16, [3742, 3750, 3105]
35, 6, 3.16, [3754, 3750, 285]
35, 7, 3.13, [3752, 1605, 3100]
35, 8, 3.09, [1830, 1322, 3740]
35, 9, 3.09, [3749, 3750, 1541]
36, 0, 3.33, [3752, 3750, 3100]
36, 1, 3.33, [3742, 3750, 3100]
36, 2, 3.17, [3752, 3750, 1830]
36, 3, 3.16, [3100, 4128, 996]
36, 4, 3.14, [3740, 2229, 3100]
36, 5, 3.14, [3742, 3750, 3748]
36, 6, 3.12, [1605, 3750, 3100]
36, 7, 3.11, [693, 3733, 3100]
36, 8, 3.09, [3752, 1541, 4301]
36, 9, 3.09, [699, 3750, 3744]
37, 0, 3.33, [3752, 3750, 3100]
37, 1, 3.33, [3742, 3750, 3100]
37, 2, 3.23, [3742, 4184, 3100]
37, 3, 3.22, [3752, 3750, 689]
37, 4, 3.2, [3752, 3750, 689]
37, 5, 3.19, [3100, 3105, 3750]
37, 6, 3.19, [3742, 3753, 3100]
37, 7, 3.17, [282, 1006, 3742]
37, 8, 3.1, [3752, 3750, 119]
37, 9, 3.08, [3742, 3750, 2260]
38, 0, 3.33, [3752, 3750, 3100]
38, 1, 3.33, [3742, 3750, 3100]
38, 2, 3.29, [3752, 3755, 119]
38, 3, 3.24, [359, 1831, 3746]
38, 4, 3.23, [3742, 3750, 4794]
38, 5, 3.2, [3742, 1830, 72]
38, 6, 3.19, [3752, 4128, 3100]
38, 7, 3.15, [3741, 1896, 3100]
38, 8, 3.12, [1987, 3102, 3100]
38, 9, 3.11, [3748, 3758, 282]
39, 0, 3.33, [3752, 3750, 3100]
39, 1, 3.33, [3742, 3750, 3100]
39, 2, 3.29, [3736, 3753, 3100]
39, 3, 3.23, [3752, 295, 3746]
39, 4, 3.21, [3752, 3750, 3745]
39, 5, 3.2, [3742, 3750, 1987]
39, 6, 3.17, [689, 3750, 159]
39, 7, 3.12, [3742, 3750, 4301]
39, 8, 3.11, [359, 546, 3100]
39, 9, 3.08, [3753, 3750, 3758]
40, 0, 3.33, [3752, 3750, 3100]
40, 1, 3.33, [3742, 3750, 3100]
40, 2, 3.26, [3752, 3744, 3100]
40, 3, 3.24, [3742, 3750, 4129]
40, 4, 3.19, [3752, 3750, 291]
40, 5, 3.18, [689, 3750, 1092]
40, 6, 3.18, [3105, 1040, 3100]
40, 7, 3.17, [119, 3750, 1825]
40, 8, 3.17, [3749, 2261, 3100]
40, 9, 3.15, [3742, 275, 1092]
41, 0, 3.33, [3752, 3750, 3100]
41, 1, 3.33, [3742, 3750, 3100]
41, 2, 3.23, [3742, 3752, 3758]
41, 3, 3.22, [3742, 270, 3100]
41, 4, 3.15, [3761, 1830, 3100]
41, 5, 3.14, [3741, 3744, 2463]
41, 6, 3.13, [3100, 693, 2490]
41, 7, 3.11, [3752, 3747, 33]
41, 8, 3.11, [3742, 279, 271]
41, 9, 3.1, [4129, 4108, 3737]
42, 0, 3.33, [3752, 3750, 3100]
42, 1, 3.33, [3742, 3750, 3100]
42, 2, 3.26, [3742, 3736, 3758]
42, 3, 3.25, [3742, 3752, 3741]
42, 4, 3.22, [3752, 4129, 3746]
42, 5, 3.19, [72, 3750, 3760]
42, 6, 3.17, [3742, 3750, 3741]
42, 7, 3.16, [4128, 3752, 3749]
42, 8, 3.14, [4129, 3748, 3758]
42, 9, 3.1, [2490, 3750, 3777]
43, 0, 3.33, [3752, 3750, 3100]
43, 1, 3.33, [3742, 3750, 3100]
43, 2, 3.3, [3752, 3736, 3100]
43, 3, 3.27, [3742, 3747, 3100]
43, 4, 3.25, [3742, 3748, 3100]
43, 5, 3.2, [3750, 2229, 3100]
43, 6, 3.19, [3749, 3750, 3741]
43, 7, 3.16, [3735, 3740, 3100]
43, 8, 3.11, [3748, 3736, 3758]
43, 9, 3.09, [3740, 3750, 693]
44, 0, 3.33, [3752, 3750, 3100]
44, 1, 3.33, [3742, 3750, 3100]
44, 2, 3.25, [3752, 3747, 689]
44, 3, 3.21, [3736, 3737, 3100]
44, 4, 3.19, [3750, 3747, 3100]
44, 5, 3.18, [689, 3750, 3748]
44, 6, 3.17, [3752, 2261, 3100]
44, 7, 3.17, [3752, 3750, 3100]
44, 8, 3.16, [1896, 3750, 3100]
44, 9, 3.12, [3742, 1826, 285]
45, 0, 3.33, [3752, 3750, 3100]
45, 1, 3.33, [3742, 3750, 3100]
45, 2, 3.31, [3742, 2156, 3100]
45, 3, 3.23, [3736, 3750, 3758]
45, 4, 3.21, [3742, 3750, 3746]
45, 5, 3.19, [3761, 3737, 3100]
45, 6, 3.19, [3742, 3737, 1040]
45, 7, 3.17, [3736, 3755, 3100]
45, 8, 3.13, [3754, 3750, 3100]
45, 9, 3.1, [2156, 77, 3754]
46, 0, 3.33, [3752, 3750, 3100]
46, 1, 3.33, [3742, 3750, 3100]
46, 2, 3.2, [3742, 3759, 4129]
46, 3, 3.2, [3744, 3750, 3737]
46, 4, 3.18, [1830, 3752, 3100]
46, 5, 3.17, [3742, 181, 3100]
46, 6, 3.16, [3740, 3750, 3100]
46, 7, 3.13, [3758, 3750, 3761]
46, 8, 3.09, [1831, 1686, 3100]
46, 9, 3.08, [263, 3755, 3745]
47, 0, 3.33, [3752, 3750, 3100]
47, 1, 3.33, [3742, 3750, 3100]
47, 2, 3.29, [3742, 3750, 689]
47, 3, 3.27, [3742, 3740, 3100]
47, 4, 3.25, [3744, 3750, 689]
47, 5, 3.23, [1830, 3752, 3100]
47, 6, 3.22, [3745, 3752, 3100]
47, 7, 3.2, [3752, 3747, 3739]
47, 8, 3.14, [702, 3750, 3758]
47, 9, 3.14, [3733, 2598, 3100]
48, 0, 3.33, [3752, 3750, 3100]
48, 1, 3.33, [3742, 3750, 3100]
48, 2, 3.24, [3736, 3750, 689]
48, 3, 3.19, [3752, 229, 3746]
48, 4, 3.19, [3752, 3750, 3754]
48, 5, 3.16, [3747, 263, 3758]
48, 6, 3.15, [3742, 3750, 1092]
48, 7, 3.14, [3742, 4184, 3100]
48, 8, 3.14, [3742, 3741, 159]
48, 9, 3.12, [1831, 702, 3100]
49, 0, 3.33, [3752, 3750, 3100]
49, 1, 3.33, [3742, 3750, 3100]
49, 2, 3.3, [3742, 3752, 3746]
49, 3, 3.24, [3742, 3736, 2229]
49, 4, 3.19, [3752, 3755, 3100]
49, 5, 3.17, [3752, 33, 3758]
49, 6, 3.17, [3752, 229, 3746]
49, 7, 3.13, [3758, 3736, 1541]
49, 8, 3.12, [699, 3750, 24]
49, 9, 3.1, [3752, 3750, 275]
50, 0, 3.34, [3742, 3758, 3100]
50, 1, 3.33, [3752, 3750, 3100]
50, 2, 3.33, [3742, 3750, 3100]
50, 3, 3.3, [3752, 3755, 3100]
50, 4, 3.21, [689, 2229, 181]
50, 5, 3.17, [3742, 270, 2229]
50, 6, 3.13, [181, 3750, 1321]
50, 7, 3.12, [3747, 3750, 3100]
50, 8, 3.1, [3741, 263, 3100]
50, 9, 3.09, [3752, 3753, 101]
