generation number, individual number, fitness, candidate
0, 0, 11.94, [283, 277]
0, 1, 7.77, [266, 226]
0, 2, 6.74, [4602, 874]
0, 3, 6.41, [534, 1086]
0, 4, 5.73, [301, 2950]
0, 5, 5.04, [1087, 104]
0, 6, 4.99, [534, 291]
0, 7, 4.76, [149, 256]
0, 8, 3.79, [104, 76]
0, 9, 3.75, [301, 2765]
1, 0, 17.5, [534, 295]
1, 1, 14.38, [226, 277]
1, 2, 12.57, [2950, 277]
1, 3, 11.94, [283, 277]
1, 4, 9.83, [2597, 226]
1, 5, 9.4, [2765, 77]
1, 6, 9.23, [220, 226]
1, 7, 8.42, [874, 1086]
1, 8, 8.24, [1811, 4602]
1, 9, 7.77, [266, 226]
2, 0, 20.21, [2597, 295]
2, 1, 18.24, [104, 295]
2, 2, 17.5, [534, 295]
2, 3, 16.47, [2513, 295]
2, 4, 14.38, [226, 277]
2, 5, 10.41, [534, 77]
2, 6, 9.8, [226, 2512]
2, 7, 9.02, [77, 343]
2, 8, 7.65, [2950, 1086]
2, 9, 6.48, [264, 1086]
3, 0, 21.78, [1811, 295]
3, 1, 20.21, [2597, 295]
3, 2, 18.24, [104, 295]
3, 3, 12.12, [277, 4602]
3, 4, 10.96, [277, 3334]
3, 5, 10.79, [534, 77]
3, 6, 6.67, [1082, 541]
3, 7, 5.64, [4602, 256]
3, 8, 5.45, [534, 264]
3, 9, 5.34, [104, 534]
4, 0, 21.78, [1811, 295]
4, 1, 20.21, [2597, 295]
4, 2, 18.04, [277, 269]
4, 3, 12.01, [300, 2512]
4, 4, 9.52, [1082, 193]
4, 5, 9.09, [226, 874]
4, 6, 8.06, [1811, 2527]
4, 7, 7.92, [2513, 4602]
4, 8, 6.34, [4602, 91]
4, 9, 5.85, [2527, 3716]
5, 0, 21.78, [1811, 295]
5, 1, 20.21, [2597, 295]
5, 2, 17.18, [2513, 295]
5, 3, 16.75, [256, 295]
5, 4, 16.25, [1811, 269]
5, 5, 14.8, [277, 77]
5, 6, 11.08, [343, 269]
5, 7, 9.4, [103, 283]
5, 8, 8.02, [1811, 278]
5, 9, 6.86, [1082, 3135]
6, 0, 21.78, [1811, 295]
6, 1, 21.2, [1811, 295]
6, 2, 20.21, [2597, 295]
6, 3, 17.72, [291, 295]
6, 4, 17.41, [3135, 295]
6, 5, 15.8, [2527, 295]
6, 6, 11.67, [2597, 300]
6, 7, 8.61, [256, 1811]
6, 8, 8.48, [283, 2512]
6, 9, 8.47, [1082, 81]
7, 0, 21.78, [1811, 295]
7, 1, 21.2, [1811, 295]
7, 2, 16.04, [76, 295]
7, 3, 13.12, [2512, 77]
7, 4, 11.78, [2593, 77]
7, 5, 8.74, [81, 1082]
7, 6, 8.45, [2597, 283]
7, 7, 7.44, [250, 609]
7, 8, 6.8, [1811, 244]
7, 9, 6.28, [874, 541]
8, 0, 21.78, [1811, 295]
8, 1, 21.2, [1811, 295]
8, 2, 18.02, [266, 295]
8, 3, 9.3, [1811, 534]
8, 4, 8.31, [316, 77]
8, 5, 7.82, [2512, 541]
8, 6, 7.79, [300, 244]
8, 7, 7.09, [4602, 250]
8, 8, 7.03, [193, 4602]
8, 9, 6.88, [1811, 244]
9, 0, 21.78, [1811, 295]
9, 1, 21.2, [1811, 295]
9, 2, 20.43, [193, 295]
9, 3, 17.78, [534, 295]
9, 4, 17.19, [291, 295]
9, 5, 14.54, [1082, 277]
9, 6, 11.0, [1811, 220]
9, 7, 10.95, [269, 534]
9, 8, 8.34, [1811, 301]
9, 9, 8.33, [1811, 1087]
10, 0, 21.78, [1811, 295]
10, 1, 21.2, [1811, 295]
10, 2, 17.26, [291, 295]
10, 3, 15.76, [149, 295]
10, 4, 11.27, [266, 269]
10, 5, 9.19, [1811, 534]
10, 6, 8.56, [256, 220]
10, 7, 7.88, [2512, 2527]
10, 8, 6.16, [1811, 2712]
10, 9, 5.61, [2950, 301]
