generation number, pop_size, worst, best, median, avg, std, diversity, improvement, number_of_selections
0, 10, 3.01, 3.07, 3.045, 3.0469999999999997, 0.018466185312619378,0.9481481481481482,0,[1.e-300]
1, 10, 3.03, 3.1, 3.0549999999999997, 3.058, 0.023151673805580482,0.888888888888889,0.00977198697068412,[10.]
2, 10, 3.05, 3.12, 3.08, 3.082, 0.021817424229271454,0.7777777777777778,0.006451612903225812,[20.]
3, 10, 3.07, 3.15, 3.0999999999999996, 3.0989999999999998, 0.0242693221990232,0.725925925925926,0.009615384615384552,[30.]
4, 10, 3.06, 3.15, 3.08, 3.09, 0.027928480087537875,0.7777777777777778,0.0,[40.]
5, 10, 3.06, 3.15, 3.115, 3.107, 0.03163858403911271,0.7185185185185186,0.0,[50.]
6, 10, 3.08, 3.17, 3.125, 3.122, 0.029257477676655576,0.6222222222222222,0.006349206349206355,[60.]
7, 10, 3.03, 3.17, 3.115, 3.108, 0.04019950248448361,0.8518518518518519,0.0,[70.]
8, 10, 3.06, 3.17, 3.12, 3.118, 0.03026549190084309,0.7555555555555555,0.0,[80.]
9, 10, 3.04, 3.17, 3.105, 3.107, 0.04313930922024601,0.8296296296296296,0.0,[90.]
10, 10, 3.05, 3.17, 3.105, 3.108, 0.049152822909778064,0.7111111111111111,0.0,[100.]
