num_genrations,diversity,improvement,best_fitness
0,0.9972222222222222,0,1481.26
1,0.8912698412698413,-0.19020293533883317,1199.52
2,0.6853174603174603,0.11383720154728555,1336.07
3,0.6869047619047619,0.0,1336.07
4,0.5496031746031746,0.0,1336.07
5,0.4170634920634919,0.0,1336.07
6,0.011904761904761862,0.020178583457453606,1363.03
7,0.023015873015872934,0.0,1363.03
8,0.05992063492063493,0.005421744202255343,1370.42
9,0.060317460317460214,0.014769194845375876,1390.66
10,0.03968253968253965,0.005234924424374018,1397.94
