n_nodes,influence,n0,n1,n2,n3,n4,n5,n6,n7,n8,n9,n10,n11,n12,n13,n14,n15,n16,n17,n18
19,85.9900,164614,2445,8206,118677,4375,233245,159266,250660,163877,133989,108848,203715,211278,47656,150295,251407,23487,238159,63608
19,85.9900,164614,2445,8206,118677,4375,233245,159266,250660,163877,133989,108848,203715,211278,47656,150295,251407,23487,238159,63608
19,85.9900,164614,2445,8206,118677,4375,233245,159266,250660,163877,133989,108848,203715,211278,47656,150295,251407,23487,238159,63608
19,85.9900,164614,2445,8206,118677,4375,233245,159266,250660,163877,133989,108848,203715,211278,47656,150295,251407,23487,238159,63608
19,85.9900,164614,2445,8206,118677,4375,233245,159266,250660,163877,133989,108848,203715,211278,47656,150295,251407,23487,238159,63608
19,85.9900,164614,2445,8206,251407,118677,150295,4375,233245,227424,250660,163877,47656,108848,23487,203715,211278,238159,133989,63608
19,85.9900,164614,2445,8206,118677,4375,233245,159266,250660,163877,133989,108848,203715,211278,47656,150295,251407,23487,238159,63608
19,85.9900,164614,2445,8206,118677,4375,233245,159266,250660,163877,133989,108848,203715,211278,47656,150295,251407,23487,238159,63608
19,85.9900,164614,2445,8206,118677,4375,233245,159266,250660,163877,133989,108848,203715,211278,47656,150295,251407,23487,238159,63608
19,85.9900,164614,2445,8206,118677,4375,233245,159266,250660,163877,133989,108848,203715,211278,47656,150295,251407,23487,238159,63608
19,85.9900,164614,2445,8206,118677,4375,233245,159266,250660,163877,133989,108848,203715,211278,47656,150295,251407,23487,238159,63608
19,85.9900,164614,2445,8206,118677,4375,233245,159266,250660,163877,133989,108848,203715,211278,47656,150295,251407,23487,238159,63608
19,85.9900,164614,2445,8206,251407,118677,150295,4375,233245,227424,250660,163877,47656,108848,23487,203715,211278,238159,133989,63608
19,85.9900,164614,2445,8206,118677,4375,233245,159266,250660,163877,133989,108848,203715,211278,47656,150295,251407,23487,238159,63608
19,85.9900,164614,2445,8206,118677,4375,233245,159266,250660,163877,133989,108848,203715,211278,47656,150295,251407,23487,238159,63608
19,85.9900,164614,2445,8206,118677,4375,233245,159266,250660,163877,133989,108848,203715,211278,47656,150295,251407,23487,238159,63608
