generation number, individual number, fitness, candidate
0, 0, 9.84, [2595, 1080]
0, 1, 7.55, [1082, 335]
0, 2, 7.32, [260, 209]
0, 3, 6.65, [283, 260]
0, 4, 6.22, [260, 104]
0, 5, 5.1, [876, 609]
0, 6, 4.12, [219, 266]
0, 7, 3.0, [2762, 343]
0, 8, 2.98, [149, 4602]
0, 9, 2.0, [616, 2532]
1, 0, 14.74, [1082, 277]
1, 1, 11.92, [263, 269]
1, 2, 9.84, [2595, 1080]
1, 3, 9.51, [2595, 226]
1, 4, 9.06, [1082, 615]
1, 5, 8.4, [615, 209]
1, 6, 8.31, [2595, 222]
1, 7, 8.26, [302, 1082]
1, 8, 7.77, [266, 1080]
1, 9, 7.55, [1082, 335]
2, 0, 15.1, [615, 277]
2, 1, 14.74, [1082, 277]
2, 2, 14.58, [1080, 269]
2, 3, 13.75, [2597, 277]
2, 4, 13.56, [2599, 269]
2, 5, 13.46, [291, 277]
2, 6, 11.92, [263, 269]
2, 7, 10.46, [1082, 1811]
2, 8, 8.35, [2599, 615]
2, 9, 7.18, [263, 1086]
3, 0, 19.19, [615, 295]
3, 1, 15.1, [615, 277]
3, 2, 14.74, [1082, 277]
3, 3, 14.42, [1086, 277]
3, 4, 14.25, [279, 269]
3, 5, 12.79, [269, 303]
3, 6, 10.31, [273, 277]
3, 7, 7.63, [273, 300]
3, 8, 6.75, [303, 274]
3, 9, 5.92, [191, 2770]
4, 0, 19.49, [1080, 295]
4, 1, 19.19, [615, 295]
4, 2, 16.59, [278, 295]
4, 3, 16.39, [76, 295]
4, 4, 15.1, [615, 277]
4, 5, 12.1, [622, 277]
4, 6, 8.57, [1082, 209]
4, 7, 7.95, [261, 250]
4, 8, 7.61, [1082, 265]
4, 9, 5.66, [615, 273]
5, 0, 19.49, [1080, 295]
5, 1, 19.19, [615, 295]
5, 2, 18.81, [1086, 295]
5, 3, 15.03, [250, 295]
5, 4, 12.82, [2770, 269]
5, 5, 9.19, [615, 874]
5, 6, 8.1, [1082, 2593]
5, 7, 6.26, [622, 303]
5, 8, 5.87, [149, 2597]
5, 9, 5.66, [4602, 2065]
6, 0, 20.05, [302, 295]
6, 1, 19.49, [1080, 295]
6, 2, 19.19, [615, 295]
6, 3, 19.08, [1086, 295]
6, 4, 12.01, [259, 250]
6, 5, 8.37, [2764, 154]
6, 6, 7.7, [615, 265]
6, 7, 7.5, [296, 874]
6, 8, 7.44, [1087, 3155]
6, 9, 6.83, [259, 616]
7, 0, 21.68, [259, 295]
7, 1, 20.05, [302, 295]
7, 2, 19.78, [1082, 295]
7, 3, 19.49, [1080, 295]
7, 4, 17.33, [301, 295]
7, 5, 14.21, [279, 269]
7, 6, 9.52, [302, 103]
7, 7, 8.8, [2530, 2711]
7, 8, 7.73, [302, 2525]
7, 9, 7.53, [219, 279]
8, 0, 21.68, [259, 295]
8, 1, 20.05, [302, 295]
8, 2, 17.87, [303, 295]
8, 3, 17.49, [280, 295]
8, 4, 12.78, [2770, 269]
8, 5, 11.04, [2711, 103]
8, 6, 9.37, [259, 876]
8, 7, 9.02, [2762, 259]
8, 8, 8.73, [2527, 279]
8, 9, 7.05, [302, 335]
9, 0, 21.68, [259, 295]
9, 1, 20.05, [302, 295]
9, 2, 17.98, [260, 295]
9, 3, 17.55, [280, 295]
9, 4, 12.33, [269, 4849]
9, 5, 8.71, [2595, 2593]
9, 6, 8.1, [2599, 154]
9, 7, 6.38, [2596, 283]
9, 8, 5.86, [303, 876]
9, 9, 5.84, [296, 264]
10, 0, 21.68, [259, 295]
10, 1, 20.05, [302, 295]
10, 2, 19.44, [2599, 295]
10, 3, 17.39, [280, 295]
10, 4, 13.3, [91, 277]
10, 5, 10.6, [1088, 2595]
10, 6, 7.82, [302, 2593]
10, 7, 7.48, [2513, 264]
10, 8, 7.12, [76, 1811]
10, 9, 6.64, [534, 2767]
