generation number, pop_size, worst, best, median, avg, std, diversity, improvement, number_of_selections
0, 10, 4.11, 22.24, 7.4, 8.856, 4.808449230261249,1.0,0,[1.e-300]
1, 10, 9.07, 22.24, 17.475, 16.554, 4.468069381735248,0.8,0.0,[1.e-300]
2, 10, 9.07, 22.24, 17.105, 15.906, 4.577879858624514,0.888888888888889,0.0,[1.e-300]
3, 10, 5.71, 22.24, 11.675, 12.951000000000002, 5.916807331661222,0.9222222222222223,0.0,[1.e-300]
4, 10, 4.14, 22.24, 11.594999999999999, 12.3, 6.278123923593736,0.9111111111111111,0.0,[1.e-300]
5, 10, 5.53, 22.24, 8.625, 10.927000000000001, 5.657681592313233,0.9666666666666667,0.0,[1.e-300]
6, 10, 7.22, 22.24, 12.594999999999999, 14.389, 5.405307484315762,0.9,0.0,[1.e-300]
7, 10, 5.45, 22.24, 8.18, 10.743, 5.957976250372268,0.9555555555555556,0.0,[1.e-300]
8, 10, 6.83, 22.79, 16.075, 14.820000000000002, 6.383387815259229,0.8111111111111111,0.024730215827338163,[1.e-300]
9, 10, 4.64, 22.79, 11.125, 13.482999999999999, 5.897926839152889,0.9333333333333333,0.0,[1.e-300]
10, 10, 4.2, 22.79, 10.44, 11.405000000000001, 6.630306553998842,0.9444444444444444,0.0,[1.e-300]
