generation number, pop_size, worst, best, median, avg, std, diversity, improvement, number_of_selections
0, 10, 2.02, 2.15, 2.0549999999999997, 2.064, 0.0377359245282264,0.9666666666666667,0,[1.e-300]
1, 10, 2.05, 2.16, 2.1, 2.103, 0.03377869150810914,0.8111111111111111,0.004651162790697782,[1.e-300]
2, 10, 2.02, 2.16, 2.09, 2.091, 0.0476340214552582,0.9111111111111111,0.0,[1.e-300]
3, 10, 2.02, 2.18, 2.115, 2.105, 0.05869412236331677,0.9111111111111111,0.009259259259259267,[1.e-300]
4, 10, 2.05, 2.21, 2.105, 2.121, 0.05088221693283424,0.8888888888888888,0.013761467889908166,[1.e-300]
5, 10, 2.03, 2.21, 2.0949999999999998, 2.116, 0.0596992462263973,0.8222222222222222,0.0,[1.e-300]
6, 10, 2.07, 2.21, 2.115, 2.1350000000000002, 0.046097722286464485,0.9111111111111111,0.0,[1.e-300]
7, 10, 2.06, 2.21, 2.1, 2.113, 0.05080354318352219,0.9444444444444444,0.0,[1.e-300]
8, 10, 2.05, 2.23, 2.1500000000000004, 2.1390000000000002, 0.06090155991434047,0.9333333333333333,0.009049773755656116,[1.e-300]
9, 10, 2.04, 2.23, 2.115, 2.1229999999999998, 0.07184010022264727,0.8666666666666667,0.0,[1.e-300]
10, 10, 2.01, 2.25, 2.075, 2.1130000000000004, 0.08497646733066752,0.9666666666666667,0.00896860986547086,[1.e-300]
