n_nodes,influence,n0,n1,n2,n3,n4,n5,n6,n7,n8,n9
10,614.0500,4037,472,2565,2535,5254,1549,15,3089,762,2398
10,605.5600,4806,2565,4037,5254,2535,1549,15,3089,762,2398
10,602.2700,2082,4037,2565,2535,5254,1549,15,3089,762,2398
10,602.2700,2082,4037,2565,2535,5254,1549,15,3089,762,2398
10,602.2700,2082,4037,2565,2535,5254,1549,15,3089,762,2398
10,602.2700,2082,4037,2565,2535,5254,1549,15,3089,762,2398
10,602.2700,2082,4037,2565,2535,5254,1549,15,3089,762,2398
10,602.2700,2082,4037,2565,2535,5254,1549,15,3089,762,2398
10,602.2700,2082,4037,2565,2535,5254,1549,15,3089,762,2398
10,602.2700,2082,4037,2565,2535,5254,1549,15,3089,762,2398
10,602.2700,2082,4037,2565,2535,5254,1549,15,3089,762,2398
10,602.2700,2082,4037,2565,2535,5254,1549,15,3089,762,2398
10,602.2700,2082,4037,2565,2535,5254,1549,15,3089,762,2398
10,602.2700,2082,4037,2565,2535,5254,1549,15,3089,762,2398
10,602.1500,4037,472,2565,2535,5254,1549,15,3089,762,2398
10,602.1500,4037,472,2565,2535,5254,1549,15,3089,762,2398
