generation number, pop_size, worst, best, median, avg, std, diversity, improvement, number_of_selections
0, 10, 3.02, 3.15, 3.105, 3.089, 0.042296571965113224,0.9925925925925926,0,[1.e-300]
1, 10, 3.06, 3.15, 3.1100000000000003, 3.109, 0.03176476034853718,0.8444444444444444,0.0,[1.e-300]
2, 10, 3.08, 3.18, 3.15, 3.136, 0.03136877428271626,0.6444444444444445,0.009523809523809603,[1.e-300]
3, 10, 3.07, 3.18, 3.14, 3.1310000000000002, 0.037269290307168516,0.8592592592592593,0.0,[1.e-300]
4, 10, 3.07, 3.24, 3.1550000000000002, 3.1450000000000005, 0.05590169943749484,0.8074074074074074,0.018867924528301903,[1.e-300]
5, 10, 3.08, 3.24, 3.12, 3.136, 0.05332916650389364,0.725925925925926,0.0,[1.e-300]
6, 10, 3.06, 3.24, 3.12, 3.134, 0.052763623833091744,0.762962962962963,0.0,[1.e-300]
7, 10, 3.11, 3.24, 3.1550000000000002, 3.1630000000000003, 0.041484937025383174,0.7703703703703704,0.0,[1.e-300]
8, 10, 3.08, 3.24, 3.125, 3.143, 0.05386093203798098,0.762962962962963,0.0,[1.e-300]
9, 10, 3.08, 3.24, 3.105, 3.121, 0.051662365412358024,0.8,0.0,[1.e-300]
10, 10, 3.05, 3.24, 3.12, 3.13, 0.05567764362830032,0.7851851851851852,0.0,[1.e-300]
