generation number, individual number, fitness, candidate
0, 0, 23.85, [295, 302, 1080]
0, 1, 20.36, [277, 2595, 1811]
0, 2, 12.76, [541, 159, 77]
0, 3, 12.21, [193, 81, 2525]
0, 4, 11.05, [154, 1080, 335]
0, 5, 9.57, [2770, 335, 264]
0, 6, 9.34, [191, 104, 297]
0, 7, 9.24, [280, 1082, 1086]
0, 8, 8.47, [149, 159, 303]
0, 9, 8.02, [285, 343, 615]
1, 0, 23.85, [295, 302, 1080]
1, 1, 23.78, [295, 301, 77]
1, 2, 20.36, [277, 2595, 1811]
1, 3, 18.28, [277, 1080, 226]
1, 4, 17.97, [277, 2595, 2764]
1, 5, 17.88, [541, 277, 1811]
1, 6, 16.93, [154, 250, 77]
1, 7, 14.83, [2593, 2595, 1811]
1, 8, 14.49, [277, 2764, 2574]
1, 9, 11.83, [541, 2595, 1080]
2, 0, 26.78, [295, 259, 3155]
2, 1, 25.93, [295, 2597, 1811]
2, 2, 24.47, [295, 191, 77]
2, 3, 23.85, [295, 302, 1080]
2, 4, 23.78, [295, 301, 77]
2, 5, 22.41, [295, 302, 541]
2, 6, 22.24, [295, 1080, 2574]
2, 7, 21.74, [295, 302, 1087]
2, 8, 20.82, [295, 301, 1086]
2, 9, 20.55, [277, 259, 1080]
3, 0, 27.87, [295, 259, 103]
3, 1, 26.78, [295, 259, 3155]
3, 2, 26.55, [295, 77, 3155]
3, 3, 25.93, [295, 2597, 1811]
3, 4, 23.96, [295, 3135, 103]
3, 5, 23.9, [295, 2597, 1095]
3, 6, 23.88, [295, 261, 1811]
3, 7, 22.73, [295, 259, 1069]
3, 8, 22.15, [295, 76, 1811]
3, 9, 22.14, [295, 2767, 1095]
4, 0, 27.87, [295, 259, 103]
4, 1, 26.78, [295, 259, 3155]
4, 2, 23.36, [295, 265, 98]
4, 3, 22.81, [295, 259, 1069]
4, 4, 16.82, [91, 259, 103]
4, 5, 16.46, [3155, 259, 874]
4, 6, 13.51, [316, 259, 300]
4, 7, 11.98, [102, 2597, 103]
4, 8, 11.43, [226, 1811, 159]
4, 9, 10.99, [265, 2762, 103]
5, 0, 27.87, [295, 259, 103]
5, 1, 26.78, [295, 259, 3155]
5, 2, 26.37, [295, 259, 91]
5, 3, 25.87, [295, 259, 91]
5, 4, 23.75, [295, 609, 103]
5, 5, 21.71, [295, 81, 537]
5, 6, 14.6, [2767, 259, 1095]
5, 7, 13.93, [1088, 259, 537]
5, 8, 13.64, [1087, 259, 1095]
5, 9, 12.13, [2530, 265, 103]
6, 0, 28.05, [295, 269, 2512]
6, 1, 27.87, [295, 259, 103]
6, 2, 26.78, [295, 259, 3155]
6, 3, 24.93, [295, 259, 104]
6, 4, 23.83, [295, 259, 2525]
6, 5, 22.61, [295, 259, 3334]
6, 6, 22.52, [295, 3716, 103]
6, 7, 22.51, [295, 280, 3155]
6, 8, 16.78, [295, 343, 2513]
6, 9, 16.67, [159, 259, 3155]
7, 0, 29.04, [295, 269, 226]
7, 1, 28.05, [295, 269, 2512]
7, 2, 27.87, [295, 259, 103]
7, 3, 23.49, [295, 259, 2513]
7, 4, 22.86, [295, 209, 2512]
7, 5, 21.5, [295, 283, 103]
7, 6, 21.37, [295, 280, 2512]
7, 7, 19.54, [250, 269, 103]
7, 8, 16.6, [2514, 259, 2512]
7, 9, 14.17, [1069, 269, 104]
8, 0, 29.04, [295, 269, 226]
8, 1, 28.05, [295, 269, 2512]
8, 2, 24.52, [295, 3155, 226]
8, 3, 23.73, [295, 81, 226]
8, 4, 22.46, [295, 222, 226]
8, 5, 21.99, [295, 280, 226]
8, 6, 20.8, [295, 240, 103]
8, 7, 16.8, [1087, 269, 103]
8, 8, 16.78, [316, 269, 2512]
8, 9, 14.25, [244, 269, 103]
9, 0, 29.04, [295, 269, 226]
9, 1, 28.05, [295, 269, 2512]
9, 2, 20.43, [295, 2156, 226]
9, 3, 20.24, [295, 2527, 1080]
9, 4, 19.81, [295, 291, 2764]
9, 5, 19.21, [874, 269, 226]
9, 6, 18.93, [295, 297, 2765]
9, 7, 17.02, [283, 269, 226]
9, 8, 16.18, [1811, 3155, 2512]
9, 9, 14.83, [1069, 269, 2514]
10, 0, 30.83, [295, 269, 1811]
10, 1, 29.04, [295, 269, 226]
10, 2, 28.71, [295, 269, 1086]
10, 3, 28.05, [295, 269, 2512]
10, 4, 27.68, [295, 269, 2515]
10, 5, 22.18, [295, 2527, 1811]
10, 6, 20.32, [295, 2767, 2513]
10, 7, 18.04, [283, 269, 250]
10, 8, 15.51, [149, 269, 1080]
10, 9, 11.73, [1095, 279, 76]
