generation number, individual number, fitness, candidate
0, 0, 7.8, [1990, 1225, 975]
0, 1, 5.51, [788, 785, 697]
0, 2, 5.0, [320, 1580, 1168]
0, 3, 4.0, [585, 1190, 2989]
0, 4, 4.0, [3662, 1424, 1078]
0, 5, 4.0, [1078, 1064, 3662]
0, 6, 3.0, [585, 3124, 1378]
0, 7, 3.0, [3124, 1378, 1580]
0, 8, 3.0, [1107, 314, 1619]
0, 9, 3.0, [831, 1131, 1168]
1, 0, 68.41, [1509, 1224, 1125]
1, 1, 8.05, [1990, 1652, 1168]
1, 2, 8.0, [831, 576, 1168]
1, 3, 7.8, [1990, 1225, 975]
1, 4, 6.55, [1368, 1402, 1475]
1, 5, 6.0, [788, 785, 1028]
1, 6, 5.51, [788, 785, 697]
1, 7, 5.0, [320, 2094, 1168]
1, 8, 5.0, [3662, 785, 1190]
1, 9, 4.51, [788, 1424, 1580]
2, 0, 68.41, [1509, 1224, 1125]
2, 1, 67.54, [1509, 1425, 1125]
2, 2, 12.0, [1247, 1430, 1125]
2, 3, 8.05, [1990, 1652, 1168]
2, 4, 8.0, [1131, 576, 1168]
2, 5, 8.0, [970, 1475, 1125]
2, 6, 7.0, [1279, 751, 1078]
2, 7, 6.5, [1990, 314, 1168]
2, 8, 5.0, [3662, 2377, 1190]
2, 9, 4.0, [1078, 1107, 1168]
3, 0, 68.41, [1509, 1224, 1125]
3, 1, 67.54, [1509, 1425, 1125]
3, 2, 64.96, [1509, 970, 788]
3, 3, 63.45, [1509, 1475, 1368]
3, 4, 62.17, [1509, 1064, 1190]
3, 5, 18.1, [1350, 1430, 1125]
3, 6, 16.48, [2377, 1224, 421]
3, 7, 15.56, [1064, 1224, 1125]
3, 8, 10.0, [970, 751, 1125]
3, 9, 7.56, [1767, 1146, 1407]
4, 0, 68.41, [1509, 1224, 1125]
4, 1, 68.2, [1509, 1480, 1125]
4, 2, 67.54, [1509, 1425, 1125]
4, 3, 67.37, [1509, 1225, 1125]
4, 4, 63.95, [1509, 521, 1368]
4, 5, 63.39, [1509, 1064, 1368]
4, 6, 18.61, [1401, 1224, 2989]
4, 7, 18.59, [1401, 1224, 1368]
4, 8, 14.0, [1020, 1425, 1125]
4, 9, 11.0, [1146, 1425, 1190]
5, 0, 68.41, [1509, 1224, 1125]
5, 1, 68.2, [1509, 1480, 1125]
5, 2, 66.82, [1509, 1518, 1125]
5, 3, 63.38, [1509, 1224, 1090]
5, 4, 62.45, [1509, 1580, 1368]
5, 5, 17.5, [2332, 1224, 1620]
5, 6, 16.04, [1125, 1230, 1350]
5, 7, 13.0, [749, 1068, 1125]
5, 8, 12.0, [1518, 1480, 1125]
5, 9, 12.0, [2989, 1480, 1125]
6, 0, 68.41, [1509, 1224, 1125]
6, 1, 68.2, [1509, 1480, 1125]
6, 2, 68.05, [1509, 1480, 1068]
6, 3, 65.09, [1509, 1480, 697]
6, 4, 62.5, [1509, 1518, 1378]
6, 5, 15.47, [1201, 1224, 1125]
6, 6, 15.36, [2989, 1224, 1125]
6, 7, 9.0, [2110, 1480, 1247]
6, 8, 8.0, [1146, 3662, 1125]
6, 9, 6.0, [717, 1518, 785]
7, 0, 68.41, [1509, 1224, 1125]
7, 1, 68.27, [1509, 421, 571]
7, 2, 68.2, [1509, 1480, 1125]
7, 3, 66.82, [1509, 1518, 1068]
7, 4, 66.26, [1509, 521, 785]
7, 5, 66.18, [1509, 1480, 785]
7, 6, 65.87, [1509, 1141, 1224]
7, 7, 62.03, [1509, 1652, 1212]
7, 8, 61.99, [1509, 1225, 1090]
7, 9, 10.0, [1141, 645, 1125]
8, 0, 72.08, [1509, 695, 1125]
8, 1, 68.41, [1509, 1224, 1125]
8, 2, 68.27, [1509, 421, 571]
8, 3, 66.39, [1509, 521, 1058]
8, 4, 65.3, [1509, 585, 571]
8, 5, 64.64, [1509, 975, 1425]
8, 6, 64.57, [1509, 1224, 697]
8, 7, 64.2, [1509, 1347, 571]
8, 8, 64.1, [1509, 1437, 1402]
8, 9, 20.54, [1351, 1224, 1125]
9, 0, 72.08, [1509, 695, 1125]
9, 1, 69.52, [1509, 326, 1125]
9, 2, 68.41, [1509, 1224, 1125]
9, 3, 67.95, [1509, 695, 1368]
9, 4, 67.77, [1509, 695, 1368]
9, 5, 65.6, [1509, 1402, 1064]
9, 6, 64.15, [1509, 1224, 831]
9, 7, 12.44, [1311, 1224, 1417]
9, 8, 12.0, [1058, 140, 320]
9, 9, 11.59, [1107, 1224, 1368]
10, 0, 72.08, [1509, 695, 1125]
10, 1, 69.52, [1509, 326, 1125]
10, 2, 69.12, [1509, 695, 749]
10, 3, 66.93, [1509, 3124, 1125]
10, 4, 62.06, [1509, 1168, 1149]
10, 5, 61.86, [1509, 1090, 5684]
10, 6, 12.0, [1695, 695, 1125]
10, 7, 12.0, [1332, 1480, 1368]
10, 8, 11.0, [576, 326, 1368]
10, 9, 10.0, [521, 3662, 1125]
