n_nodes,influence,n0,n1,n2,n3,n4
5,89.5900,0,100,8,9,118
5,88.6100,0,100,8,9,720
5,88.6100,0,100,8,9,720
5,88.6100,0,100,8,9,720
5,88.6100,0,100,8,9,720
5,88.6100,0,100,8,9,720
5,88.6100,0,100,8,9,720
5,88.6100,0,100,8,9,720
5,88.3600,0,8,9,241,118
5,88.3600,0,8,9,241,118
5,88.3600,0,8,9,241,118
5,88.3600,0,8,9,241,118
5,88.1200,0,100,8,9,133
5,87.8400,0,9,394,8,100
5,87.8400,0,9,394,8,100
5,87.8400,0,9,394,8,100
5,87.8400,0,9,394,8,100
5,87.8400,0,9,394,8,100
5,87.8400,0,9,394,8,100
5,87.8400,0,9,394,8,100
5,87.7700,0,9,394,8,100
5,87.7400,0,8,9,502,100
5,87.7300,0,100,8,9,981
5,87.7100,0,9,394,8,118
5,87.5900,0,8,9,718,118
5,87.5800,0,8,9,502,118
5,87.5800,0,8,9,502,118
5,87.5800,0,8,9,502,118
5,87.4600,0,100,8,9,892
5,87.3800,0,100,8,9,505
5,87.3800,0,100,8,9,505
5,87.3800,0,100,8,9,505
5,87.3800,0,100,8,9,505
5,87.3800,0,100,8,9,505
5,87.3800,0,100,8,9,505
5,87.3800,0,100,8,9,505
5,87.3800,0,100,8,9,505
5,87.3800,0,100,8,9,505
5,87.3800,0,100,8,9,505
5,87.3800,0,100,8,9,505
5,87.3800,0,100,8,9,505
5,87.2800,0,9,394,8,118
5,87.2800,0,9,394,8,118
5,87.2800,0,9,394,8,118
5,87.2800,0,9,394,8,118
5,87.2800,0,9,394,8,118
5,87.2800,0,9,394,8,118
5,87.2800,0,9,394,8,118
5,87.2500,0,9,394,8,118
5,87.2400,0,100,8,9,505
5,87.2000,0,9,892,8,100
5,86.9600,0,100,8,9,627
5,86.9200,0,9,394,8,118
5,86.9100,0,9,394,8,100
5,86.9100,0,9,394,8,100
5,86.9100,0,9,394,8,100
5,86.9100,0,9,394,8,100
5,86.9100,0,9,394,8,100
5,86.6400,0,100,8,9,505
5,86.6300,0,9,394,8,100
5,86.6000,0,9,394,8,118
5,86.5900,0,9,394,8,100
5,86.5900,0,9,394,8,100
5,86.5900,0,9,394,8,100
5,86.4900,0,9,394,8,100
5,86.4600,0,9,394,8,100
5,86.4400,0,9,394,8,118
5,86.4300,0,9,892,8,100
5,86.4300,0,9,394,8,118
5,86.4300,0,9,394,8,118
5,86.4300,0,9,394,8,118
5,86.4300,0,9,394,8,118
5,86.4300,0,9,394,8,118
5,86.4300,0,9,394,8,118
5,86.4300,0,9,394,8,118
5,86.3100,0,9,394,8,100
5,86.3100,0,9,394,8,100
5,86.3100,0,9,394,8,100
5,86.3100,0,9,394,8,100
5,86.3100,0,9,394,8,100
5,86.3100,0,9,394,8,100
5,86.3100,0,9,394,8,100
5,86.3100,0,9,394,8,100
5,86.3100,0,9,394,8,100
5,86.3100,0,9,394,8,100
5,86.2200,0,9,394,8,100
5,86.2200,0,9,394,8,100
5,86.2200,0,9,394,8,100
5,86.2200,0,9,394,8,100
5,86.2200,0,9,394,8,100
5,86.2200,0,9,394,8,100
5,86.2200,0,9,394,8,100
5,86.2200,0,9,394,8,100
5,86.2200,0,9,394,8,100
5,86.2200,0,9,394,8,100
5,86.2200,0,9,394,8,100
5,86.2200,0,9,394,8,100
5,86.2100,0,9,394,8,100
5,86.1900,0,9,394,8,100
5,86.1900,0,9,394,8,100
5,86.1900,0,9,394,8,100
5,86.1600,0,9,892,8,100
5,86.1300,0,9,892,8,100
5,86.1300,0,9,892,8,100
5,86.1300,0,9,892,8,100
5,86.1300,0,9,892,8,100
5,86.1300,0,9,892,8,100
5,86.1300,0,9,892,8,100
5,86.0200,0,9,394,8,100
5,86.0200,0,9,394,8,100
5,86.0200,0,9,394,8,100
5,86.0200,0,9,394,8,100
5,86.0200,0,9,394,8,100
5,86.0200,0,9,394,8,100
5,86.0200,0,9,394,8,100
5,86.0200,0,9,394,8,100
5,86.0200,0,9,394,8,100
5,86.0200,0,9,394,8,100
5,86.0200,0,9,394,8,100
5,86.0200,0,9,394,8,100
5,86.0100,0,9,394,8,100
5,85.9300,0,100,8,9,304
5,85.9100,0,9,394,8,100
5,85.9000,0,9,394,8,100
5,85.8500,0,9,394,8,100
5,85.8300,0,100,8,9,152
5,85.8100,0,9,394,8,100
5,85.8100,0,9,394,8,100
