n_nodes,influence,n0,n1,n2,n3,n4,n5,n6
7,1669.4800,1204,443,7276,5801,3642,5959,7451
7,1669.4800,1204,443,7276,5801,3642,5959,7451
7,1669.4800,1204,443,7276,5801,3642,5959,7451
7,1669.4800,1204,443,7276,5801,3642,5959,7451
7,1669.4800,1204,443,7276,5801,3642,5959,7451
7,1669.4800,1204,443,7276,5801,3642,5959,7451
7,1669.4800,1204,443,7276,5801,3642,5959,7451
7,1669.4800,1204,443,7276,5801,3642,5959,7451
7,1669.4800,1204,443,7276,5801,3642,5959,7451
7,1669.4800,1204,443,7276,5801,3642,5959,7451
7,1669.4800,1204,443,7276,5801,3642,5959,7451
7,1669.4800,1204,443,7276,5801,3642,5959,7451
7,1669.4800,1204,443,7276,5801,3642,5959,7451
7,1669.4800,1204,443,7276,5801,3642,5959,7451
7,1669.4800,1204,443,7276,5801,3642,5959,7451
7,1669.4800,1204,443,7276,5801,3642,5959,7451
