generation number, individual number, fitness, candidate
0, 0, 14.0, [1138, 495, 662]
0, 1, 14.0, [809, 1540, 964]
0, 2, 13.0, [656, 934, 1540]
0, 3, 11.33, [1555, 990, 1543]
0, 4, 9.29, [1219, 1567, 1025]
0, 5, 8.0, [1157, 1569, 487]
0, 6, 7.0, [831, 873, 429]
0, 7, 5.16, [1229, 1289, 216]
0, 8, 5.0, [635, 751, 2667]
0, 9, 3.0, [635, 545, 1045]
1, 0, 17.7, [1138, 711, 964]
1, 1, 14.0, [1138, 495, 662]
1, 2, 14.0, [809, 1540, 964]
1, 3, 13.8, [656, 964, 711]
1, 4, 13.0, [1157, 1138, 974]
1, 5, 11.7, [964, 495, 1580]
1, 6, 11.46, [656, 336, 1540]
1, 7, 11.0, [439, 934, 1540]
1, 8, 11.0, [850, 1540, 934]
1, 9, 10.0, [816, 495, 662]
2, 0, 17.7, [1138, 711, 964]
2, 1, 17.55, [1138, 635, 964]
2, 2, 17.2, [439, 1580, 964]
2, 3, 16.0, [439, 1543, 694]
2, 4, 14.0, [1138, 495, 662]
2, 5, 12.75, [974, 711, 964]
2, 6, 12.6, [964, 495, 3147]
2, 7, 11.6, [964, 495, 711]
2, 8, 11.5, [1045, 780, 964]
2, 9, 10.0, [1138, 711, 609]
2, 10, 9.49, [809, 1580, 336]
3, 0, 17.7, [439, 545, 964]
3, 1, 17.7, [1138, 711, 964]
3, 2, 17.55, [1138, 635, 964]
3, 3, 17.45, [1138, 2490, 964]
3, 4, 17.3, [439, 1580, 964]
3, 5, 13.7, [1414, 711, 964]
3, 6, 13.0, [1138, 711, 819]
3, 7, 10.85, [1580, 711, 964]
3, 8, 10.85, [731, 635, 964]
3, 9, 10.8, [1003, 1580, 964]
3, 10, 10.6, [2436, 711, 964]
4, 0, 20.6, [1138, 2340, 964]
4, 1, 17.7, [439, 545, 964]
4, 2, 17.7, [1138, 711, 964]
4, 3, 16.0, [439, 711, 476]
4, 4, 14.5, [1381, 2490, 964]
4, 5, 14.46, [439, 2490, 336]
4, 6, 10.3, [1225, 711, 964]
4, 7, 10.0, [1138, 545, 1353]
4, 8, 9.0, [1138, 545, 2667]
4, 9, 6.18, [1025, 711, 1029]
4, 10, 5.62, [710, 545, 3]
5, 0, 20.6, [1138, 2340, 964]
5, 1, 19.45, [974, 439, 964]
5, 2, 19.0, [439, 2340, 476]
5, 3, 17.7, [439, 545, 964]
5, 4, 17.65, [439, 2341, 964]
5, 5, 14.82, [1289, 2340, 964]
5, 6, 14.53, [1138, 545, 336]
5, 7, 13.0, [439, 2340, 320]
5, 8, 13.0, [1138, 2340, 1509]
5, 9, 11.0, [1138, 545, 1827]
5, 10, 10.56, [786, 1378, 336]
5, 11, 9.0, [691, 711, 476]
6, 0, 20.6, [1138, 2340, 964]
6, 1, 19.45, [974, 439, 964]
6, 2, 19.0, [439, 2340, 476]
6, 3, 18.15, [1138, 934, 964]
6, 4, 18.0, [974, 439, 476]
6, 5, 17.51, [439, 2340, 336]
6, 6, 14.0, [1138, 1414, 1827]
6, 7, 12.7, [974, 2341, 964]
6, 8, 11.43, [1580, 873, 336]
6, 9, 11.0, [809, 2340, 1567]
6, 10, 10.49, [98, 2340, 1430]
6, 11, 8.0, [666, 2340, 1827]
7, 0, 20.6, [1138, 2340, 964]
7, 1, 20.05, [816, 439, 964]
7, 2, 19.55, [1138, 905, 964]
7, 3, 19.45, [974, 439, 964]
7, 4, 18.01, [1138, 1555, 964]
7, 5, 16.0, [483, 1138, 476]
7, 6, 16.0, [1138, 2341, 476]
7, 7, 15.55, [1289, 439, 336]
7, 8, 14.75, [697, 2340, 964]
7, 9, 14.3, [697, 2340, 964]
7, 10, 13.65, [731, 2340, 964]
7, 11, 13.0, [439, 2340, 320]
8, 0, 20.6, [1138, 2340, 964]
8, 1, 20.05, [816, 439, 964]
8, 2, 18.7, [1138, 934, 964]
8, 3, 16.0, [1138, 439, 476]
8, 4, 15.24, [1347, 2340, 476]
8, 5, 15.0, [816, 2340, 476]
8, 6, 14.55, [816, 1157, 964]
8, 7, 13.0, [1138, 483, 694]
8, 8, 13.0, [1138, 439, 816]
8, 9, 11.3, [1225, 1555, 964]
8, 10, 11.0, [710, 439, 2341]
8, 11, 8.0, [609, 2340, 1574]
8, 12, 8.0, [974, 2340, 609]
9, 0, 21.3, [1138, 873, 964]
9, 1, 20.6, [1138, 2340, 964]
9, 2, 20.05, [694, 934, 964]
9, 3, 20.05, [816, 439, 964]
9, 4, 18.0, [816, 934, 476]
9, 5, 17.2, [675, 439, 964]
9, 6, 15.43, [1138, 934, 336]
9, 7, 15.0, [694, 2340, 476]
9, 8, 13.0, [1138, 809, 3147]
9, 9, 13.0, [1138, 439, 2340]
9, 10, 12.36, [439, 1025, 691]
9, 11, 12.0, [1603, 2340, 476]
9, 12, 11.5, [1138, 841, 1419]
9, 13, 11.0, [1138, 1157, 15]
10, 0, 41.5, [520, 2340, 964]
10, 1, 21.35, [1138, 1514, 964]
10, 2, 21.3, [1138, 873, 964]
10, 3, 20.6, [1138, 2340, 964]
10, 4, 17.75, [439, 934, 964]
10, 5, 17.4, [1580, 439, 964]
10, 6, 17.0, [1138, 1967, 476]
10, 7, 17.0, [1138, 934, 476]
10, 8, 15.51, [1138, 934, 336]
10, 9, 15.15, [819, 2340, 964]
10, 10, 13.48, [247, 873, 336]
10, 11, 13.0, [1138, 1514, 2340]
10, 12, 13.0, [1138, 439, 816]
10, 13, 12.65, [247, 1509, 964]
10, 14, 10.0, [1138, 922, 2667]
11, 0, 41.5, [520, 2340, 964]
11, 1, 41.3, [520, 2340, 964]
11, 2, 38.5, [520, 798, 964]
11, 3, 36.41, [520, 675, 691]
11, 4, 36.38, [520, 1157, 15]
11, 5, 21.35, [1138, 1514, 964]
11, 6, 20.45, [1138, 2340, 964]
11, 7, 18.95, [439, 1157, 964]
11, 8, 18.7, [439, 1540, 964]
11, 9, 17.6, [1138, 2341, 964]
11, 10, 11.5, [1419, 495, 964]
11, 11, 9.0, [2490, 873, 905]
11, 12, 8.0, [1028, 1157, 487]
11, 13, 7.0, [1045, 816, 780]
11, 14, 5.53, [1025, 841, 1003]
12, 0, 41.5, [520, 2340, 964]
12, 1, 41.3, [520, 2340, 964]
12, 2, 40.7, [520, 905, 964]
12, 3, 40.2, [520, 785, 964]
12, 4, 38.45, [520, 2341, 964]
12, 5, 16.68, [1138, 675, 964]
12, 6, 13.55, [1353, 2070, 964]
12, 7, 12.07, [3, 78, 964]
12, 8, 10.47, [339, 2340, 336]
12, 9, 10.04, [320, 798, 964]
12, 10, 9.88, [675, 1045, 964]
12, 11, 7.0, [247, 1827, 1003]
12, 12, 7.0, [450, 2340, 1353]
12, 13, 7.0, [216, 2340, 691]
12, 14, 6.0, [831, 2340, 2667]
13, 0, 41.62, [520, 785, 476]
13, 1, 41.5, [520, 2340, 964]
13, 2, 41.3, [520, 2340, 964]
13, 3, 40.35, [520, 934, 439]
13, 4, 40.14, [520, 1347, 964]
13, 5, 37.53, [520, 922, 1827]
13, 6, 21.85, [1138, 2070, 964]
13, 7, 18.65, [1138, 710, 964]
13, 8, 18.0, [662, 2070, 964]
13, 9, 14.8, [1514, 78, 964]
13, 10, 14.5, [635, 2070, 964]
13, 11, 13.9, [1029, 905, 964]
13, 12, 12.42, [1353, 785, 336]
13, 13, 11.6, [3, 98, 964]
13, 14, 11.55, [1353, 710, 964]
14, 0, 44.41, [520, 934, 476]
14, 1, 42.47, [520, 694, 476]
14, 2, 41.62, [520, 785, 476]
14, 3, 41.6, [520, 487, 964]
14, 4, 41.5, [520, 2340, 964]
14, 5, 40.53, [520, 339, 834]
14, 6, 40.51, [520, 1430, 964]
14, 7, 40.35, [520, 675, 439]
14, 8, 39.23, [520, 675, 476]
14, 9, 38.6, [520, 798, 964]
14, 10, 38.44, [520, 675, 1827]
14, 11, 38.29, [520, 785, 741]
14, 12, 37.7, [520, 735, 964]
14, 13, 37.1, [520, 609, 964]
14, 14, 14.0, [1514, 78, 934]
14, 15, 13.0, [1138, 710, 98]
15, 0, 44.41, [520, 934, 476]
15, 1, 42.62, [520, 809, 873]
15, 2, 42.47, [520, 694, 476]
15, 3, 42.32, [520, 785, 2032]
15, 4, 42.2, [520, 656, 476]
15, 5, 40.5, [520, 487, 587]
15, 6, 40.35, [520, 1414, 902]
15, 7, 40.35, [520, 1381, 1603]
15, 8, 17.16, [1555, 934, 716]
15, 9, 17.0, [1514, 934, 834]
15, 10, 16.0, [741, 694, 476]
15, 11, 15.43, [741, 487, 336]
15, 12, 14.0, [873, 922, 476]
15, 13, 13.5, [831, 694, 964]
15, 14, 12.0, [662, 2667, 439]
15, 15, 12.0, [816, 934, 1394]
16, 0, 44.41, [520, 934, 476]
16, 1, 42.62, [520, 809, 873]
16, 2, 42.35, [520, 809, 2070]
16, 3, 40.53, [520, 819, 873]
16, 4, 40.44, [520, 850, 476]
16, 5, 40.32, [520, 798, 873]
16, 6, 40.29, [520, 850, 476]
16, 7, 39.2, [520, 1381, 609]
16, 8, 38.59, [520, 785, 1048]
16, 9, 33.5, [2846, 934, 587]
16, 10, 17.0, [439, 1567, 873]
16, 11, 16.0, [476, 1543, 834]
16, 12, 12.0, [816, 694, 476]
16, 13, 11.0, [662, 429, 476]
16, 14, 10.34, [483, 1289, 476]
16, 15, 8.0, [831, 694, 873]
17, 0, 44.41, [520, 934, 476]
17, 1, 43.5, [520, 1567, 2070]
17, 2, 42.62, [520, 809, 873]
17, 3, 41.98, [520, 476, 1430]
17, 4, 41.44, [520, 809, 1138]
17, 5, 40.53, [520, 1394, 2070]
17, 6, 40.32, [520, 2667, 1514]
17, 7, 39.44, [520, 809, 98]
17, 8, 39.41, [520, 809, 587]
17, 9, 32.55, [2846, 809, 476]
17, 10, 20.9, [964, 934, 873]
17, 11, 16.0, [439, 809, 873]
17, 12, 14.0, [1540, 934, 873]
17, 13, 13.0, [834, 809, 873]
17, 14, 12.0, [690, 809, 476]
17, 15, 11.0, [1414, 850, 2070]
18, 0, 44.53, [520, 476, 934]
18, 1, 44.47, [520, 970, 1514]
18, 2, 44.41, [520, 934, 476]
18, 3, 43.53, [520, 786, 873]
18, 4, 43.5, [520, 1567, 2070]
18, 5, 41.38, [520, 587, 2070]
18, 6, 41.26, [520, 850, 2070]
18, 7, 40.44, [520, 850, 476]
18, 8, 39.56, [520, 850, 1430]
18, 9, 38.23, [520, 476, 216]
18, 10, 38.07, [520, 1378, 3]
18, 11, 14.0, [690, 934, 873]
18, 12, 12.5, [741, 1567, 1430]
18, 13, 11.0, [1028, 934, 98]
18, 14, 9.5, [495, 1567, 1430]
18, 15, 9.0, [1003, 1225, 476]
18, 16, 6.04, [1289, 809, 635]
19, 0, 44.53, [520, 476, 934]
19, 1, 44.47, [520, 970, 1514]
19, 2, 43.5, [520, 1567, 1514]
19, 3, 43.44, [520, 476, 1514]
19, 4, 42.35, [520, 3147, 934]
19, 5, 41.95, [520, 786, 1430]
19, 6, 41.62, [520, 1827, 2340]
19, 7, 41.38, [520, 98, 2070]
19, 8, 41.29, [520, 990, 587]
19, 9, 40.8, [520, 666, 2070]
19, 10, 40.14, [520, 786, 1141]
19, 11, 39.59, [520, 1567, 974]
19, 12, 39.35, [520, 476, 1353]
19, 13, 38.68, [520, 786, 711]
19, 14, 36.29, [520, 587, 922]
19, 15, 19.0, [716, 1567, 476]
19, 16, 15.0, [247, 476, 873]
19, 17, 13.0, [216, 1567, 476]
20, 0, 45.68, [520, 990, 934]
20, 1, 45.59, [520, 990, 934]
20, 2, 44.68, [520, 656, 934]
20, 3, 44.53, [520, 476, 934]
20, 4, 44.47, [520, 970, 1514]
20, 5, 43.44, [520, 990, 2340]
20, 6, 42.62, [520, 476, 2340]
20, 7, 42.38, [520, 476, 2340]
20, 8, 40.56, [520, 970, 666]
20, 9, 39.62, [520, 476, 798]
20, 10, 38.47, [520, 476, 450]
20, 11, 20.0, [716, 970, 934]
20, 12, 14.49, [662, 476, 1430]
20, 13, 14.0, [690, 476, 1514]
20, 14, 14.0, [247, 1567, 934]
20, 15, 13.0, [873, 476, 1514]
20, 16, 13.0, [1509, 476, 1514]
20, 17, 9.0, [1540, 3147, 1514]
21, 0, 45.68, [520, 990, 934]
21, 1, 45.59, [520, 990, 934]
21, 2, 45.38, [520, 1381, 934]
21, 3, 41.62, [520, 694, 786]
21, 4, 41.5, [520, 1003, 934]
21, 5, 40.11, [520, 1574, 3]
21, 6, 36.65, [520, 1003, 1603]
21, 7, 27.45, [1574, 2846, 3639]
21, 8, 17.0, [247, 476, 934]
21, 9, 16.0, [831, 716, 934]
21, 10, 15.0, [476, 1419, 934]
21, 11, 14.0, [495, 476, 1514]
21, 12, 13.0, [2490, 970, 934]
21, 13, 13.0, [662, 922, 934]
21, 14, 13.0, [990, 711, 934]
21, 15, 12.0, [786, 476, 609]
21, 16, 12.0, [1414, 990, 2340]
21, 17, 9.14, [1419, 990, 1025]
22, 0, 45.68, [520, 990, 934]
22, 1, 45.65, [520, 1381, 934]
22, 2, 45.59, [520, 990, 934]
22, 3, 43.56, [520, 990, 656]
22, 4, 42.44, [3147, 520, 934]
22, 5, 41.53, [520, 694, 1827]
22, 6, 41.32, [520, 1003, 934]
22, 7, 40.59, [520, 834, 483]
22, 8, 39.53, [520, 694, 798]
22, 9, 39.26, [520, 694, 1028]
22, 10, 36.59, [520, 1543, 697]
22, 11, 14.4, [964, 990, 731]
22, 12, 13.36, [336, 1003, 934]
22, 13, 13.0, [2340, 1381, 786]
22, 14, 13.0, [339, 1514, 934]
22, 15, 13.0, [690, 1543, 934]
22, 16, 12.0, [2436, 694, 934]
22, 17, 11.48, [336, 1381, 834]
23, 0, 45.68, [520, 990, 934]
23, 1, 45.65, [520, 1381, 934]
23, 2, 45.53, [520, 1381, 934]
23, 3, 40.44, [520, 873, 1378]
23, 4, 39.44, [3147, 520, 1827]
23, 5, 38.44, [520, 809, 2667]
23, 6, 37.44, [3147, 520, 1229]
23, 7, 36.53, [520, 1003, 1045]
23, 8, 35.53, [520, 798, 1540]
23, 9, 30.68, [5117, 450, 1353]
23, 10, 20.0, [716, 990, 934]
23, 11, 15.0, [716, 990, 216]
23, 12, 14.5, [336, 990, 816]
23, 13, 14.0, [741, 1381, 656]
23, 14, 13.0, [873, 1003, 934]
23, 15, 10.0, [483, 439, 1827]
23, 16, 9.0, [1394, 834, 247]
23, 17, 7.0, [545, 1381, 666]
24, 0, 45.68, [520, 990, 934]
24, 1, 45.65, [520, 1381, 934]
24, 2, 41.77, [520, 1381, 902]
24, 3, 41.41, [1045, 520, 934]
24, 4, 41.41, [1353, 520, 934]
24, 5, 40.65, [520, 1381, 1543]
24, 6, 40.59, [520, 1381, 666]
24, 7, 40.38, [520, 834, 1603]
24, 8, 39.44, [3147, 520, 1827]
24, 9, 37.29, [520, 735, 1827]
24, 10, 37.17, [3147, 520, 2667]
24, 11, 36.7, [5117, 1048, 934]
24, 12, 35.5, [520, 690, 798]
24, 13, 15.0, [1138, 873, 934]
24, 14, 14.0, [690, 873, 934]
24, 15, 11.0, [741, 1381, 1378]
24, 16, 10.0, [495, 1381, 1827]
24, 17, 10.0, [1567, 1381, 1378]
24, 18, 10.0, [662, 990, 1353]
25, 0, 45.68, [520, 990, 934]
25, 1, 45.65, [520, 1381, 934]
25, 2, 45.35, [520, 834, 934]
25, 3, 41.47, [520, 1381, 902]
25, 4, 40.44, [520, 1381, 666]
25, 5, 39.5, [520, 990, 735]
25, 6, 38.47, [3147, 520, 450]
25, 7, 38.29, [1353, 520, 1827]
25, 8, 36.7, [520, 735, 1289]
25, 9, 36.38, [1353, 520, 1580]
25, 10, 20.0, [716, 1381, 934]
25, 11, 20.0, [716, 1381, 934]
25, 12, 11.0, [716, 1003, 697]
25, 13, 10.0, [656, 1381, 3639]
25, 14, 9.53, [3, 990, 216]
25, 15, 9.0, [922, 1381, 1029]
25, 16, 9.0, [1603, 1003, 934]
25, 17, 9.0, [247, 1381, 666]
25, 18, 8.0, [1045, 662, 1827]
25, 19, 8.0, [476, 78, 1580]
26, 0, 45.68, [520, 990, 934]
26, 1, 45.65, [520, 1381, 934]
26, 2, 45.65, [520, 1381, 934]
26, 3, 45.59, [520, 834, 934]
26, 4, 44.32, [520, 1414, 934]
26, 5, 41.59, [520, 1381, 902]
26, 6, 40.53, [520, 834, 798]
26, 7, 40.5, [520, 834, 666]
26, 8, 40.23, [520, 834, 666]
26, 9, 39.22, [520, 429, 1347]
26, 10, 37.35, [520, 735, 1827]
26, 11, 36.44, [1353, 520, 1048]
26, 12, 35.41, [520, 1543, 1967]
26, 13, 16.0, [694, 1381, 934]
26, 14, 13.0, [1353, 834, 934]
26, 15, 12.0, [662, 1381, 1827]
26, 16, 8.96, [495, 1414, 1025]
26, 17, 8.4, [545, 990, 1289]
26, 18, 7.0, [1028, 1381, 2341]
26, 19, 5.5, [1353, 1430, 666]
26, 20, 5.0, [1028, 1827, 1003]
27, 0, 45.68, [520, 990, 934]
27, 1, 45.65, [520, 1381, 934]
27, 2, 43.02, [520, 1289, 934]
27, 3, 41.5, [520, 1003, 934]
27, 4, 40.77, [520, 3147, 786]
27, 5, 40.62, [520, 1381, 1603]
27, 6, 40.56, [520, 1381, 1028]
27, 7, 40.38, [520, 834, 666]
27, 8, 40.23, [520, 834, 798]
27, 9, 40.2, [520, 834, 798]
27, 10, 37.91, [520, 3, 2667]
27, 11, 35.65, [520, 735, 1580]
27, 12, 35.38, [520, 15, 798]
27, 13, 34.47, [520, 609, 711]
27, 14, 16.4, [964, 1381, 1827]
27, 15, 13.0, [2490, 834, 934]
27, 16, 13.0, [716, 429, 1543]
27, 17, 10.0, [2340, 990, 735]
27, 18, 9.0, [1048, 1003, 934]
27, 19, 9.0, [1029, 834, 850]
27, 20, 8.0, [1353, 780, 970]
27, 21, 7.27, [1555, 1414, 15]
28, 0, 45.68, [520, 990, 934]
28, 1, 45.65, [520, 1381, 934]
28, 2, 45.56, [520, 834, 934]
28, 3, 45.44, [520, 1381, 934]
28, 4, 45.32, [520, 1381, 934]
28, 5, 44.47, [520, 1414, 934]
28, 6, 42.2, [520, 1381, 1827]
28, 7, 41.59, [520, 1045, 934]
28, 8, 41.03, [520, 841, 786]
28, 9, 40.53, [520, 1381, 697]
28, 10, 40.44, [520, 1381, 2667]
28, 11, 37.88, [520, 841, 697]
28, 12, 37.65, [520, 98, 1580]
28, 13, 37.53, [520, 1289, 666]
28, 14, 37.44, [520, 1003, 716]
28, 15, 36.56, [520, 1048, 831]
28, 16, 36.26, [520, 1003, 798]
28, 17, 35.91, [520, 1141, 15]
28, 18, 31.06, [5117, 990, 1603]
28, 19, 14.0, [694, 873, 934]
28, 20, 13.0, [487, 834, 990]
28, 21, 8.26, [1555, 990, 2341]
28, 22, 8.0, [690, 339, 741]
29, 0, 45.68, [520, 990, 934]
29, 1, 45.65, [520, 1381, 934]
29, 2, 45.44, [520, 834, 934]
29, 3, 44.62, [520, 1414, 934]
29, 4, 44.35, [520, 1414, 934]
29, 5, 41.47, [520, 1967, 934]
29, 6, 41.38, [520, 1414, 1827]
29, 7, 40.59, [520, 1381, 2667]
29, 8, 40.29, [520, 1381, 798]
29, 9, 40.23, [520, 711, 934]
29, 10, 38.09, [495, 5117, 934]
29, 11, 36.71, [520, 1394, 1003]
29, 12, 17.0, [716, 834, 786]
29, 13, 14.0, [662, 1138, 1029]
29, 14, 13.57, [1138, 1141, 1347]
29, 15, 13.0, [716, 990, 483]
29, 16, 12.51, [1138, 841, 934]
29, 17, 12.21, [1603, 1347, 934]
29, 18, 11.0, [974, 990, 1827]
29, 19, 10.25, [1514, 1347, 429]
29, 20, 9.0, [1580, 1567, 2340]
29, 21, 7.0, [2490, 834, 1580]
29, 22, 7.0, [635, 1381, 609]
29, 23, 7.0, [711, 1381, 1028]
30, 0, 45.68, [520, 990, 934]
30, 1, 45.65, [520, 1381, 934]
30, 2, 44.5, [520, 1414, 934]
30, 3, 42.65, [520, 1381, 1827]
30, 4, 42.56, [520, 3147, 934]
30, 5, 41.71, [520, 1229, 934]
30, 6, 40.35, [520, 834, 974]
30, 7, 39.26, [520, 1414, 798]
30, 8, 38.05, [520, 3, 2667]
30, 9, 36.7, [735, 5117, 934]
30, 10, 36.65, [520, 1045, 1394]
30, 11, 36.53, [520, 1394, 1048]
30, 12, 35.47, [520, 711, 483]
30, 13, 17.0, [1514, 1381, 934]
30, 14, 16.0, [741, 1414, 934]
30, 15, 14.0, [1138, 1414, 934]
30, 16, 14.0, [716, 1381, 2667]
30, 17, 13.0, [816, 1381, 662]
30, 18, 13.0, [741, 1414, 2340]
30, 19, 9.29, [786, 1347, 429]
30, 20, 8.0, [1353, 990, 850]
30, 21, 8.0, [690, 1381, 1003]
30, 22, 7.0, [1381, 1414, 798]
30, 23, 7.0, [495, 1414, 666]
30, 24, 7.0, [691, 3147, 741]
31, 0, 45.68, [520, 990, 934]
31, 1, 45.65, [520, 1381, 934]
31, 2, 44.65, [520, 1414, 934]
31, 3, 43.24, [964, 5117, 934]
31, 4, 41.03, [520, 834, 1141]
31, 5, 40.62, [520, 834, 798]
31, 6, 40.41, [520, 1381, 1394]
31, 7, 39.83, [520, 1141, 487]
31, 8, 39.71, [520, 1353, 2340]
31, 9, 39.71, [520, 1381, 690]
31, 10, 39.19, [520, 1141, 1827]
31, 11, 38.5, [520, 1003, 1827]
31, 12, 38.17, [520, 3, 697]
31, 13, 37.53, [520, 1029, 3639]
31, 14, 36.59, [520, 1045, 974]
31, 15, 36.56, [520, 675, 1394]
31, 16, 35.83, [520, 1045, 15]
31, 17, 20.25, [964, 1381, 934]
31, 18, 15.0, [819, 1567, 934]
31, 19, 14.0, [495, 1381, 934]
31, 20, 14.0, [2340, 905, 934]
31, 21, 13.0, [662, 3147, 934]
31, 22, 11.0, [247, 1229, 934]
31, 23, 11.0, [587, 1045, 934]
31, 24, 8.0, [798, 1414, 1827]
31, 25, 8.0, [831, 1414, 974]
32, 0, 64.09, [520, 5117, 798]
32, 1, 63.79, [520, 5117, 798]
32, 2, 45.68, [520, 990, 934]
32, 3, 45.65, [520, 1381, 934]
32, 4, 44.47, [520, 1414, 934]
32, 5, 42.5, [520, 834, 1827]
32, 6, 41.47, [520, 1414, 1827]
32, 7, 40.71, [520, 834, 2341]
32, 8, 40.41, [520, 834, 2667]
32, 9, 40.29, [520, 990, 339]
32, 10, 40.11, [520, 487, 1141]
32, 11, 39.65, [520, 1229, 487]
32, 12, 39.08, [520, 990, 1419]
32, 13, 38.07, [495, 5117, 934]
32, 14, 38.04, [520, 841, 798]
32, 15, 16.0, [662, 834, 934]
32, 16, 15.0, [716, 741, 697]
32, 17, 14.75, [964, 1381, 666]
32, 18, 14.15, [964, 339, 487]
32, 19, 14.0, [1138, 990, 1394]
32, 20, 13.0, [2490, 1381, 934]
32, 21, 13.0, [247, 1138, 934]
32, 22, 13.0, [2436, 1381, 934]
32, 23, 12.0, [662, 1003, 934]
32, 24, 9.54, [635, 1141, 934]
32, 25, 9.0, [780, 1381, 690]
32, 26, 8.0, [1967, 1540, 656]
33, 0, 64.09, [520, 5117, 798]
33, 1, 63.79, [520, 5117, 798]
33, 2, 63.43, [520, 5117, 798]
33, 3, 45.56, [520, 990, 934]
33, 4, 43.49, [520, 834, 336]
33, 5, 42.59, [520, 2032, 1827]
33, 6, 42.53, [520, 834, 1827]
33, 7, 42.53, [520, 834, 1827]
33, 8, 42.44, [520, 1414, 487]
33, 9, 40.65, [520, 834, 666]
33, 10, 40.62, [520, 934, 798]
33, 11, 40.59, [520, 834, 798]
33, 12, 40.59, [520, 834, 2341]
33, 13, 40.59, [520, 990, 798]
33, 14, 40.44, [520, 834, 2341]
33, 15, 40.38, [520, 1381, 798]
33, 16, 40.28, [520, 3, 1827]
33, 17, 40.17, [520, 834, 798]
33, 18, 38.59, [520, 809, 798]
33, 19, 38.53, [520, 1574, 2667]
33, 20, 38.13, [1540, 5117, 934]
33, 21, 38.04, [520, 1229, 3]
33, 22, 37.02, [1138, 5117, 1141]
33, 23, 32.59, [429, 5117, 587]
33, 24, 9.0, [247, 834, 339]
33, 25, 8.39, [495, 1347, 1967]
33, 26, 8.0, [690, 990, 798]
33, 27, 6.0, [922, 905, 798]
34, 0, 64.09, [520, 5117, 798]
34, 1, 63.79, [520, 5117, 798]
34, 2, 44.29, [520, 1414, 934]
34, 3, 43.65, [520, 834, 487]
34, 4, 42.56, [520, 1567, 336]
34, 5, 41.59, [520, 1567, 1827]
34, 6, 41.45, [520, 336, 1827]
34, 7, 41.44, [520, 1414, 1827]
34, 8, 41.1, [520, 2032, 1430]
34, 9, 40.56, [520, 2032, 483]
34, 10, 40.5, [520, 834, 1543]
34, 11, 40.5, [520, 1574, 1827]
34, 12, 39.44, [520, 1414, 798]
34, 13, 38.56, [520, 1827, 2341]
34, 14, 38.41, [520, 1003, 1827]
34, 15, 38.4, [520, 964, 798]
34, 16, 33.7, [873, 5117, 2341]
34, 17, 31.02, [1048, 5117, 1229]
34, 18, 16.0, [785, 834, 1514]
34, 19, 16.0, [716, 2032, 1827]
34, 20, 14.0, [716, 2032, 798]
34, 21, 9.0, [1029, 1414, 1827]
34, 22, 8.51, [841, 834, 711]
34, 23, 8.0, [495, 834, 798]
34, 24, 8.0, [697, 834, 798]
34, 25, 7.0, [2032, 1003, 798]
34, 26, 6.0, [735, 666, 2340]
34, 27, 6.0, [816, 1580, 798]
35, 0, 64.09, [520, 5117, 798]
35, 1, 63.79, [520, 5117, 798]
35, 2, 63.75, [520, 5117, 798]
35, 3, 63.05, [520, 5117, 320]
35, 4, 62.97, [520, 5117, 320]
35, 5, 45.59, [520, 2070, 934]
35, 6, 42.62, [520, 1414, 819]
35, 7, 40.53, [520, 2032, 1967]
35, 8, 39.92, [1138, 5117, 336]
35, 9, 39.5, [520, 450, 1827]
35, 10, 39.38, [520, 1029, 1827]
35, 11, 38.93, [520, 1048, 1430]
35, 12, 37.71, [520, 3147, 798]
35, 13, 37.09, [247, 5117, 487]
35, 14, 36.53, [520, 483, 2341]
35, 15, 36.47, [520, 1045, 798]
35, 16, 34.85, [1514, 5117, 798]
35, 17, 15.0, [1138, 834, 934]
35, 18, 13.5, [964, 1567, 798]
35, 19, 13.0, [1138, 2032, 798]
35, 20, 11.45, [922, 1567, 336]
35, 21, 11.0, [1540, 1414, 487]
35, 22, 10.52, [336, 1567, 798]
35, 23, 10.0, [735, 656, 487]
35, 24, 10.0, [662, 834, 798]
35, 25, 9.51, [2490, 834, 1430]
35, 26, 7.0, [1540, 1567, 798]
35, 27, 6.0, [675, 1414, 339]
36, 0, 66.98, [520, 5117, 2340]
36, 1, 65.29, [520, 5117, 841]
36, 2, 64.09, [520, 5117, 798]
36, 3, 63.79, [520, 5117, 798]
36, 4, 63.75, [520, 5117, 798]
36, 5, 62.78, [520, 5117, 320]
36, 6, 43.54, [520, 2032, 336]
36, 7, 42.71, [520, 816, 476]
36, 8, 41.47, [520, 905, 336]
36, 9, 40.5, [520, 2070, 429]
36, 10, 39.41, [520, 1414, 1353]
36, 11, 38.13, [1540, 5117, 934]
36, 12, 37.77, [1138, 5117, 735]
36, 13, 37.61, [439, 5117, 320]
36, 14, 37.6, [1138, 5117, 339]
36, 15, 36.68, [520, 1048, 1569]
36, 16, 35.04, [520, 545, 320]
36, 17, 33.64, [690, 5117, 1430]
36, 18, 33.21, [1540, 5117, 1430]
36, 19, 32.23, [690, 5117, 798]
36, 20, 31.15, [1394, 5117, 2341]
36, 21, 25.51, [2846, 483, 320]
36, 22, 14.0, [476, 785, 798]
36, 23, 11.95, [964, 697, 798]
36, 24, 11.43, [1025, 1029, 785]
36, 25, 10.0, [1543, 2070, 798]
36, 26, 10.0, [1543, 2032, 1603]
36, 27, 8.52, [78, 336, 1394]
36, 28, 4.0, [495, 1048, 320]
37, 0, 67.89, [520, 5117, 873]
37, 1, 66.98, [520, 5117, 2340]
37, 2, 65.84, [520, 5117, 656]
37, 3, 65.29, [520, 5117, 841]
37, 4, 63.64, [520, 5117, 666]
37, 5, 63.1, [520, 5117, 320]
37, 6, 43.52, [520, 2032, 336]
37, 7, 42.0, [520, 2070, 841]
37, 8, 41.5, [520, 905, 476]
37, 9, 41.44, [520, 691, 934]
37, 10, 41.01, [520, 487, 841]
37, 11, 40.94, [520, 3, 336]
37, 12, 38.53, [520, 751, 429]
37, 13, 38.07, [520, 1430, 735]
37, 14, 37.94, [520, 1353, 841]
37, 15, 37.63, [741, 5117, 2340]
37, 16, 37.49, [520, 1378, 1555]
37, 17, 36.62, [520, 1229, 429]
37, 18, 35.94, [520, 1580, 320]
37, 19, 35.53, [520, 1353, 495]
37, 20, 31.88, [1540, 5117, 666]
37, 21, 31.25, [711, 5117, 798]
37, 22, 29.59, [731, 5117, 1353]
37, 23, 14.0, [1138, 2032, 429]
37, 24, 12.0, [834, 1567, 1827]
37, 25, 9.0, [934, 1048, 1569]
37, 26, 8.0, [2436, 785, 798]
37, 27, 7.0, [247, 905, 798]
37, 28, 6.57, [3, 809, 320]
37, 29, 6.0, [1540, 905, 798]
38, 0, 67.89, [520, 5117, 873]
38, 1, 66.98, [520, 5117, 2340]
38, 2, 66.77, [520, 5117, 816]
38, 3, 64.93, [520, 5117, 1157]
38, 4, 44.56, [520, 2070, 1514]
38, 5, 44.53, [520, 439, 1514]
38, 6, 43.47, [520, 1574, 934]
38, 7, 42.92, [520, 1430, 1514]
38, 8, 42.1, [520, 1430, 476]
38, 9, 38.92, [1138, 5117, 934]
38, 10, 38.38, [520, 690, 819]
38, 11, 37.82, [520, 831, 841]
38, 12, 36.71, [520, 1580, 831]
38, 13, 36.29, [520, 1045, 666]
38, 14, 36.16, [520, 831, 320]
38, 15, 35.39, [1543, 5117, 841]
38, 16, 34.08, [1514, 5117, 2340]
38, 17, 33.84, [320, 5117, 816]
38, 18, 33.05, [970, 5117, 336]
38, 19, 32.39, [1509, 5117, 656]
38, 20, 12.45, [662, 905, 336]
38, 21, 11.0, [780, 2032, 2340]
38, 22, 11.0, [697, 2070, 2340]
38, 23, 11.0, [902, 970, 2340]
38, 24, 9.78, [1025, 1555, 873]
38, 25, 9.0, [905, 3639, 873]
38, 26, 8.52, [780, 1567, 3]
38, 27, 8.0, [990, 15, 1219]
38, 28, 7.0, [690, 691, 2340]
38, 29, 6.36, [1229, 336, 320]
39, 0, 67.89, [520, 5117, 873]
39, 1, 67.7, [520, 5117, 1514]
39, 2, 66.98, [520, 5117, 2340]
39, 3, 63.88, [520, 5117, 666]
39, 4, 63.09, [520, 5117, 545]
39, 5, 44.62, [520, 656, 934]
39, 6, 43.51, [520, 336, 1514]
39, 7, 41.94, [716, 5117, 873]
39, 8, 41.71, [520, 2070, 850]
39, 9, 41.44, [520, 905, 476]
39, 10, 40.68, [520, 697, 873]
39, 11, 40.65, [520, 1567, 1157]
39, 12, 40.47, [520, 831, 873]
39, 13, 40.44, [520, 970, 831]
39, 14, 39.38, [520, 1580, 2340]
39, 15, 39.2, [520, 1419, 1514]
39, 16, 39.1, [520, 1430, 2341]
39, 17, 39.07, [520, 1430, 831]
39, 18, 37.0, [964, 5117, 1569]
39, 19, 36.95, [520, 1003, 691]
39, 20, 35.62, [520, 690, 1028]
39, 21, 33.8, [1003, 5117, 873]
39, 22, 18.0, [1138, 2070, 1514]
39, 23, 15.47, [716, 1430, 819]
39, 24, 9.5, [990, 1430, 1048]
39, 25, 9.0, [247, 1394, 1514]
39, 26, 9.0, [785, 1580, 216]
39, 27, 8.47, [1045, 1430, 2340]
39, 28, 8.0, [587, 1157, 1514]
39, 29, 8.0, [1543, 902, 1219]
40, 0, 67.96, [520, 5117, 1514]
40, 1, 67.89, [520, 5117, 873]
40, 2, 67.87, [520, 5117, 1514]
40, 3, 67.77, [520, 5117, 1514]
40, 4, 67.7, [520, 5117, 1514]
40, 5, 64.98, [520, 5117, 1289]
40, 6, 64.07, [520, 5117, 1543]
40, 7, 62.63, [520, 5117, 780]
40, 8, 45.29, [716, 5117, 1138]
40, 9, 43.44, [520, 970, 2340]
40, 10, 43.14, [520, 1347, 873]
40, 11, 42.44, [520, 751, 970]
40, 12, 41.06, [934, 5117, 873]
40, 13, 39.53, [520, 1381, 15]
40, 14, 37.47, [520, 697, 98]
40, 15, 37.41, [520, 450, 483]
40, 16, 36.99, [247, 5117, 1514]
40, 17, 36.92, [520, 850, 1419]
40, 18, 36.06, [922, 5117, 1514]
40, 19, 34.11, [1045, 5117, 2340]
40, 20, 31.69, [922, 5117, 320]
40, 21, 18.0, [716, 970, 873]
40, 22, 16.0, [1138, 905, 873]
40, 23, 14.42, [336, 751, 964]
40, 24, 14.0, [902, 476, 873]
40, 25, 14.0, [716, 831, 1514]
40, 26, 12.0, [247, 970, 2340]
40, 27, 10.0, [1567, 1028, 1514]
40, 28, 8.48, [841, 798, 873]
40, 29, 8.0, [1540, 697, 2340]
41, 0, 67.96, [520, 5117, 1514]
41, 1, 67.89, [520, 5117, 873]
41, 2, 66.25, [520, 5117, 1025]
41, 3, 62.52, [520, 5117, 1353]
41, 4, 44.65, [520, 834, 1514]
41, 5, 43.49, [520, 336, 970]
41, 6, 41.8, [520, 3, 970]
41, 7, 41.32, [520, 1029, 873]
41, 8, 41.16, [520, 1141, 1514]
41, 9, 41.08, [964, 5117, 873]
41, 10, 40.1, [520, 751, 841]
41, 11, 39.85, [520, 1029, 1025]
41, 12, 39.12, [741, 5117, 873]
41, 13, 38.77, [520, 751, 1580]
41, 14, 38.31, [1138, 5117, 15]
41, 15, 36.37, [1430, 5117, 1514]
41, 16, 35.31, [741, 5117, 970]
41, 17, 33.1, [2070, 5117, 922]
41, 18, 30.28, [1569, 5117, 780]
41, 19, 12.34, [809, 1347, 1514]
41, 20, 12.33, [247, 1347, 1514]
41, 21, 12.0, [741, 3147, 1514]
41, 22, 11.97, [964, 691, 3]
41, 23, 11.0, [1029, 816, 1514]
41, 24, 9.0, [662, 1414, 2490]
41, 25, 8.0, [3639, 751, 1514]
41, 26, 8.0, [1028, 1574, 2340]
41, 27, 8.0, [3639, 922, 873]
41, 28, 7.0, [990, 2667, 339]
41, 29, 5.0, [1045, 1574, 691]
41, 30, 4.0, [609, 3147, 1569]
42, 0, 67.96, [520, 5117, 1514]
42, 1, 67.89, [520, 5117, 873]
42, 2, 67.8, [520, 5117, 1514]
42, 3, 63.89, [520, 5117, 429]
42, 4, 44.35, [520, 439, 1514]
42, 5, 43.62, [520, 1567, 873]
42, 6, 42.59, [520, 751, 970]
42, 7, 42.14, [520, 970, 841]
42, 8, 40.95, [476, 5117, 873]
42, 9, 40.77, [520, 1141, 1514]
42, 10, 40.32, [520, 1229, 1514]
42, 11, 39.41, [520, 2846, 2340]
42, 12, 38.82, [964, 5117, 1289]
42, 13, 38.35, [520, 711, 2340]
42, 14, 38.35, [520, 1827, 1003]
42, 15, 37.16, [520, 1141, 1353]
42, 16, 37.02, [656, 5117, 873]
42, 17, 36.92, [520, 1141, 1353]
42, 18, 36.32, [520, 1229, 429]
42, 19, 36.29, [520, 831, 2846]
42, 20, 34.97, [1580, 5117, 1514]
42, 21, 33.49, [2846, 970, 1514]
42, 22, 32.48, [841, 5117, 666]
42, 23, 32.24, [690, 5117, 970]
42, 24, 27.54, [1045, 2846, 809]
42, 25, 14.0, [1138, 834, 1353]
42, 26, 13.0, [662, 834, 970]
42, 27, 12.42, [495, 336, 1514]
42, 28, 12.0, [247, 834, 970]
42, 29, 10.0, [690, 751, 873]
42, 30, 7.0, [1509, 1045, 873]
43, 0, 67.96, [520, 5117, 1514]
43, 1, 67.89, [520, 5117, 873]
43, 2, 67.86, [520, 5117, 1514]
43, 3, 66.87, [520, 5117, 819]
43, 4, 66.4, [520, 5117, 2340]
43, 5, 65.03, [520, 5117, 990]
43, 6, 45.56, [520, 934, 1514]
43, 7, 43.68, [520, 786, 873]
43, 8, 43.41, [520, 970, 2340]
43, 9, 42.44, [520, 751, 873]
43, 10, 40.56, [520, 339, 873]
43, 11, 40.47, [520, 1003, 873]
43, 12, 40.47, [476, 5117, 2340]
43, 13, 40.38, [520, 439, 1028]
43, 14, 40.38, [520, 831, 1514]
43, 15, 40.32, [520, 675, 1514]
43, 16, 39.62, [520, 731, 1514]
43, 17, 37.56, [520, 1219, 1003]
43, 18, 37.31, [587, 5117, 1514]
43, 19, 36.68, [520, 731, 710]
43, 20, 35.33, [922, 5117, 2340]
43, 21, 32.88, [587, 5117, 429]
43, 22, 31.85, [809, 5117, 1141]
43, 23, 30.4, [1229, 5117, 339]
43, 24, 11.39, [635, 336, 873]
43, 25, 11.0, [1540, 1567, 1514]
43, 26, 10.0, [2436, 1567, 1514]
43, 27, 10.0, [587, 731, 785]
43, 28, 10.0, [656, 850, 2340]
43, 29, 7.0, [429, 635, 1514]
43, 30, 7.0, [970, 1229, 831]
44, 0, 67.96, [520, 5117, 1514]
44, 1, 67.89, [520, 5117, 873]
44, 2, 64.77, [520, 5117, 2070]
44, 3, 63.82, [520, 5117, 1048]
44, 4, 63.26, [520, 5117, 1394]
44, 5, 43.65, [520, 439, 2340]
44, 6, 43.56, [520, 1567, 1514]
44, 7, 43.47, [520, 970, 2340]
44, 8, 41.94, [520, 3, 970]
44, 9, 40.68, [520, 675, 1514]
44, 10, 39.74, [520, 666, 2340]
44, 11, 39.14, [741, 1514, 5117]
44, 12, 38.89, [741, 5117, 1514]
44, 13, 38.47, [520, 450, 1219]
44, 14, 38.38, [520, 905, 974]
44, 15, 38.23, [520, 1419, 2340]
44, 16, 36.01, [450, 5117, 1514]
44, 17, 35.99, [1025, 5117, 819]
44, 18, 35.35, [520, 798, 609]
44, 19, 35.19, [711, 5117, 1514]
44, 20, 34.26, [429, 5117, 2340]
44, 21, 31.82, [1141, 5117, 1347]
44, 22, 17.0, [495, 934, 716]
44, 23, 15.0, [1138, 710, 1514]
44, 24, 14.6, [964, 731, 990]
44, 25, 13.0, [1381, 1229, 1138]
44, 26, 11.0, [1574, 974, 1514]
44, 27, 11.0, [831, 487, 1514]
44, 28, 9.0, [339, 785, 495]
44, 29, 7.0, [1003, 711, 873]
44, 30, 6.0, [609, 2340, 1514]
44, 31, 6.0, [1157, 1029, 2340]
45, 0, 67.96, [520, 5117, 1514]
45, 1, 67.89, [520, 5117, 873]
45, 2, 66.7, [520, 5117, 2340]
45, 3, 66.67, [520, 5117, 2340]
45, 4, 64.69, [520, 5117, 990]
45, 5, 63.89, [520, 5117, 2341]
45, 6, 63.52, [520, 5117, 1567]
45, 7, 62.94, [520, 5117, 831]
45, 8, 43.68, [520, 786, 1514]
45, 9, 43.32, [520, 786, 2070]
45, 10, 42.44, [520, 1574, 1514]
45, 11, 41.59, [520, 905, 2340]
45, 12, 40.56, [520, 1029, 2340]
45, 13, 39.97, [520, 816, 1141]
45, 14, 35.86, [520, 320, 1394]
45, 15, 35.28, [1540, 5117, 2340]
45, 16, 35.25, [819, 5117, 1514]
45, 17, 32.83, [1003, 5117, 2340]
45, 18, 32.57, [662, 5117, 1219]
45, 19, 31.49, [1347, 5117, 1219]
45, 20, 31.01, [690, 5117, 751]
45, 21, 25.53, [2846, 609, 666]
45, 22, 18.6, [964, 970, 2070]
45, 23, 18.5, [964, 970, 1514]
45, 24, 14.0, [716, 666, 1514]
45, 25, 10.0, [662, 970, 1048]
45, 26, 9.0, [934, 1003, 1394]
45, 27, 8.52, [831, 336, 922]
45, 28, 8.0, [216, 675, 873]
45, 29, 8.0, [690, 666, 2070]
45, 30, 6.0, [1543, 666, 1394]
45, 31, 6.0, [1048, 666, 2340]
45, 32, 5.53, [690, 3, 1048]
46, 0, 68.0, [520, 5117, 1514]
46, 1, 67.96, [520, 5117, 1514]
46, 2, 67.89, [520, 5117, 873]
46, 3, 67.82, [520, 5117, 1514]
46, 4, 66.59, [520, 5117, 2340]
46, 5, 64.55, [520, 5117, 786]
46, 6, 64.2, [520, 5117, 2341]
46, 7, 63.45, [520, 5117, 2341]
46, 8, 43.47, [520, 786, 1514]
46, 9, 43.26, [520, 656, 1514]
46, 10, 42.65, [520, 1574, 1514]
46, 11, 42.47, [520, 656, 2340]
46, 12, 41.68, [716, 5117, 1514]
46, 13, 38.03, [662, 5117, 1514]
46, 14, 37.62, [520, 1219, 831]
46, 15, 36.5, [520, 741, 2341]
46, 16, 35.86, [495, 5117, 1514]
46, 17, 34.97, [666, 5117, 1514]
46, 18, 33.93, [666, 5117, 1381]
46, 19, 32.96, [3, 5117, 2340]
46, 20, 32.87, [819, 5117, 1003]
46, 21, 31.85, [587, 5117, 710]
46, 22, 31.83, [656, 5117, 1003]
46, 23, 30.64, [2490, 5117, 2341]
46, 24, 11.0, [873, 2032, 2070]
46, 25, 11.0, [247, 905, 873]
46, 26, 10.0, [339, 2070, 1567]
46, 27, 10.0, [2340, 751, 819]
46, 28, 10.0, [690, 1827, 990]
46, 29, 9.0, [3147, 1574, 2340]
46, 30, 8.0, [1381, 1540, 831]
46, 31, 8.0, [495, 1580, 873]
46, 32, 7.0, [2436, 2340, 873]
46, 33, 6.0, [450, 98, 2341]
47, 0, 68.0, [520, 5117, 1514]
47, 1, 67.96, [520, 5117, 1514]
47, 2, 67.77, [520, 5117, 1514]
47, 3, 67.19, [520, 5117, 2340]
47, 4, 66.84, [520, 5117, 2340]
47, 5, 64.72, [520, 5117, 1157]
47, 6, 63.33, [520, 5117, 675]
47, 7, 43.41, [520, 1514, 786]
47, 8, 43.27, [520, 1347, 1381]
47, 9, 42.8, [520, 1567, 2340]
47, 10, 42.53, [520, 786, 2340]
47, 11, 41.68, [520, 656, 809]
47, 12, 41.65, [520, 780, 1514]
47, 13, 41.53, [520, 751, 786]
47, 14, 41.31, [716, 5117, 2340]
47, 15, 40.62, [520, 429, 1514]
47, 16, 40.5, [520, 1219, 786]
47, 17, 38.87, [487, 5117, 873]
47, 18, 37.25, [809, 5117, 873]
47, 19, 36.74, [520, 1353, 483]
47, 20, 36.44, [520, 710, 247]
47, 21, 35.61, [247, 5117, 2340]
47, 22, 35.53, [520, 609, 2667]
47, 23, 34.5, [520, 2436, 731]
47, 24, 13.0, [741, 1574, 1514]
47, 25, 12.0, [2032, 78, 1514]
47, 26, 12.0, [675, 476, 2340]
47, 27, 11.0, [1540, 656, 1514]
47, 28, 11.0, [741, 786, 495]
47, 29, 8.0, [2436, 78, 1514]
47, 30, 7.0, [662, 666, 1967]
47, 31, 6.0, [1045, 656, 675]
47, 32, 6.0, [609, 656, 1353]
47, 33, 6.0, [545, 635, 2340]
47, 34, 5.47, [545, 1141, 1827]
48, 0, 68.0, [520, 5117, 1514]
48, 1, 67.96, [520, 5117, 1514]
48, 2, 64.68, [520, 5117, 850]
48, 3, 63.9, [520, 5117, 3639]
48, 4, 42.59, [520, 751, 834]
48, 5, 42.5, [520, 656, 2340]
48, 6, 42.34, [520, 1347, 2340]
48, 7, 42.08, [520, 786, 1347]
48, 8, 41.71, [520, 905, 2340]
48, 9, 41.65, [520, 710, 1514]
48, 10, 41.29, [520, 78, 1514]
48, 11, 41.05, [716, 5117, 1381]
48, 12, 40.8, [520, 974, 439]
48, 13, 40.35, [520, 1603, 873]
48, 14, 40.26, [520, 831, 1514]
48, 15, 40.15, [1138, 5117, 809]
48, 16, 39.77, [520, 675, 2340]
48, 17, 38.59, [520, 902, 3147]
48, 18, 38.47, [520, 731, 1414]
48, 19, 38.35, [520, 609, 1138]
48, 20, 37.47, [520, 716, 675]
48, 21, 36.98, [694, 5117, 2340]
48, 22, 35.93, [809, 5117, 1414]
48, 23, 35.59, [520, 339, 545]
48, 24, 35.53, [520, 1048, 545]
48, 25, 35.15, [1540, 5117, 1381]
48, 26, 33.25, [1289, 5117, 1157]
48, 27, 15.0, [495, 716, 1514]
48, 28, 9.0, [247, 656, 1157]
48, 29, 9.0, [247, 1514, 731]
48, 30, 9.0, [922, 970, 1157]
48, 31, 9.0, [1394, 1567, 2340]
48, 32, 9.0, [2436, 751, 1514]
48, 33, 6.0, [1509, 786, 2341]
48, 34, 6.0, [1419, 429, 786]
49, 0, 68.0, [520, 5117, 1514]
49, 1, 67.96, [520, 5117, 1514]
49, 2, 67.89, [520, 5117, 1514]
49, 3, 66.53, [520, 5117, 2340]
49, 4, 62.84, [520, 5117, 731]
49, 5, 44.56, [520, 2032, 439]
49, 6, 43.01, [520, 970, 1347]
49, 7, 42.56, [520, 656, 2340]
49, 8, 42.38, [520, 786, 2340]
49, 9, 42.35, [520, 656, 2340]
49, 10, 41.26, [964, 5117, 834]
49, 11, 40.92, [1138, 5117, 2340]
49, 12, 40.53, [520, 1029, 2340]
49, 13, 40.5, [716, 5117, 1381]
49, 14, 40.09, [520, 710, 1347]
49, 15, 39.44, [520, 974, 2340]
49, 16, 39.06, [520, 1347, 1394]
49, 17, 37.86, [520, 1555, 675]
49, 18, 37.65, [520, 780, 1045]
49, 19, 37.56, [520, 710, 1394]
49, 20, 36.63, [247, 5117, 2340]
49, 21, 36.62, [662, 5117, 2340]
49, 22, 36.44, [520, 697, 3639]
49, 23, 36.29, [520, 1353, 1378]
49, 24, 30.99, [5117, 2436, 609]
49, 25, 30.68, [2490, 5117, 3639]
49, 26, 14.1, [964, 786, 850]
49, 27, 14.0, [716, 710, 2340]
49, 28, 13.0, [741, 905, 1514]
49, 29, 12.0, [934, 1353, 2340]
49, 30, 12.0, [1967, 2032, 1514]
49, 31, 12.0, [662, 751, 834]
49, 32, 11.0, [741, 1603, 1514]
49, 33, 9.0, [2667, 751, 1514]
49, 34, 8.0, [247, 656, 3639]
50, 0, 68.0, [520, 5117, 1514]
50, 1, 67.96, [520, 5117, 1514]
50, 2, 66.66, [520, 5117, 1381]
50, 3, 64.31, [520, 5117, 1157]
50, 4, 64.21, [520, 5117, 1555]
50, 5, 63.59, [520, 5117, 2341]
50, 6, 45.8, [520, 934, 1514]
50, 7, 44.56, [520, 990, 1514]
50, 8, 44.5, [520, 970, 1514]
50, 9, 43.68, [520, 1567, 439]
50, 10, 43.59, [520, 970, 2340]
50, 11, 43.59, [520, 2032, 2340]
50, 12, 42.41, [520, 656, 2340]
50, 13, 42.25, [716, 5117, 1514]
50, 14, 41.3, [476, 5117, 1514]
50, 15, 40.99, [439, 5117, 2340]
50, 16, 40.72, [520, 3, 1347]
50, 17, 40.41, [520, 710, 2340]
50, 18, 40.01, [964, 5117, 2340]
50, 19, 39.69, [1138, 5117, 1347]
50, 20, 39.35, [520, 786, 1378]
50, 21, 38.94, [520, 3, 1157]
50, 22, 38.56, [520, 78, 1219]
50, 23, 38.11, [662, 5117, 834]
50, 24, 38.0, [520, 1430, 635]
50, 25, 37.03, [336, 5117, 1514]
50, 26, 36.53, [520, 697, 1967]
50, 27, 36.13, [690, 5117, 834]
50, 28, 35.44, [520, 697, 731]
50, 29, 34.9, [1229, 5117, 1514]
50, 30, 34.26, [2436, 5117, 2340]
50, 31, 33.59, [2070, 5117, 902]
50, 32, 30.84, [1045, 5117, 735]
50, 33, 16.0, [1138, 816, 2340]
50, 34, 10.0, [1378, 2490, 1138]
50, 35, 9.0, [1540, 710, 1381]
