n_nodes,influence,n0,n1,n2,n3,n4,n5,n6,n7,n8
9,22.4800,3073,6758,968,2249,3560,8011,2508,6383,7231
9,22.4800,3073,6758,968,2249,3560,8011,2508,6383,7231
9,22.4800,3073,6758,968,2249,3560,8011,2508,6383,7231
9,22.4800,3073,6758,968,2249,3560,8011,2508,6383,7231
9,22.4800,3073,6758,968,2249,3560,8011,2508,6383,7231
9,22.4800,3073,6758,968,2249,3560,8011,2508,6383,7231
9,22.4800,3073,6758,968,2249,3560,8011,2508,6383,7231
9,22.4800,3073,6758,968,2249,3560,8011,2508,6383,7231
9,22.4800,3073,6758,968,2249,3560,8011,2508,6383,7231
9,22.4800,3073,6758,968,2249,3560,8011,2508,6383,7231
9,22.4800,3073,6758,968,2249,3560,8011,2508,6383,7231
9,22.4800,3073,6758,968,2249,3560,8011,2508,6383,7231
9,22.4800,3073,6758,968,2249,3560,8011,2508,6383,7231
9,22.4800,3073,6758,968,2249,3560,8011,2508,6383,7231
9,22.4800,3073,6758,968,2249,3560,8011,2508,6383,7231
9,22.4800,3073,6758,968,2249,3560,8011,2508,6383,7231
