generation number, individual number, fitness, candidate
0, 0, 2.11, [295, 269]
0, 1, 2.07, [2762, 2512]
0, 2, 2.07, [259, 104]
0, 3, 2.04, [103, 191]
0, 4, 2.04, [1087, 3716]
0, 5, 2.03, [98, 1095]
0, 6, 2.03, [2770, 380]
0, 7, 2.03, [2530, 222]
0, 8, 2.02, [615, 260]
0, 9, 2.01, [285, 316]
1, 0, 2.11, [295, 269]
1, 1, 2.09, [295, 269]
1, 2, 2.08, [874, 104]
1, 3, 2.07, [537, 2512]
1, 4, 2.07, [874, 104]
1, 5, 2.07, [2762, 2512]
1, 6, 2.05, [1088, 269]
1, 7, 2.03, [103, 285]
1, 8, 2.02, [259, 2515]
1, 9, 2.01, [874, 191]
2, 0, 2.11, [295, 2065]
2, 1, 2.11, [295, 269]
2, 2, 2.09, [295, 269]
2, 3, 2.08, [874, 279]
2, 4, 2.08, [295, 616]
2, 5, 2.04, [274, 316]
2, 6, 2.03, [273, 3155]
2, 7, 2.03, [615, 81]
2, 8, 2.02, [2513, 220]
2, 9, 2.02, [244, 154]
3, 0, 2.13, [295, 103]
3, 1, 2.11, [295, 2065]
3, 2, 2.11, [295, 269]
3, 3, 2.09, [316, 77]
3, 4, 2.06, [277, 288]
3, 5, 2.05, [283, 269]
3, 6, 2.04, [278, 2513]
3, 7, 2.03, [263, 2950]
3, 8, 2.02, [2593, 343]
3, 9, 2.02, [285, 240]
4, 0, 2.13, [295, 103]
4, 1, 2.11, [295, 2065]
4, 2, 2.1, [295, 2764]
4, 3, 2.07, [2574, 295]
4, 4, 2.05, [279, 2530]
4, 5, 2.05, [295, 537]
4, 6, 2.05, [2514, 220]
4, 7, 2.03, [261, 537]
4, 8, 2.03, [159, 616]
4, 9, 2.0, [209, 3334]
5, 0, 2.13, [295, 103]
5, 1, 2.11, [2595, 295]
5, 2, 2.11, [295, 2065]
5, 3, 2.05, [1811, 2764]
5, 4, 2.04, [260, 91]
5, 5, 2.04, [261, 288]
5, 6, 2.03, [250, 2764]
5, 7, 2.02, [301, 2514]
5, 8, 2.02, [1087, 288]
5, 9, 2.02, [81, 159]
6, 0, 2.15, [295, 2950]
6, 1, 2.13, [295, 103]
6, 2, 2.11, [2595, 295]
6, 3, 2.09, [295, 2764]
6, 4, 2.07, [2513, 103]
6, 5, 2.06, [2530, 297]
6, 6, 2.04, [2599, 103]
6, 7, 2.03, [2595, 259]
6, 8, 2.02, [4849, 266]
6, 9, 2.02, [2525, 874]
7, 0, 2.15, [295, 2950]
7, 1, 2.13, [295, 103]
7, 2, 2.1, [295, 191]
7, 3, 2.06, [103, 1095]
7, 4, 2.05, [316, 269]
7, 5, 2.04, [295, 2767]
7, 6, 2.04, [2599, 2764]
7, 7, 2.04, [278, 2950]
7, 8, 2.04, [380, 537]
7, 9, 2.04, [81, 222]
8, 0, 2.15, [295, 2950]
8, 1, 2.13, [295, 103]
8, 2, 2.07, [2765, 269]
8, 3, 2.07, [295, 2950]
8, 4, 2.04, [250, 103]
8, 5, 2.03, [250, 2950]
8, 6, 2.03, [263, 159]
8, 7, 2.02, [261, 537]
8, 8, 2.01, [3135, 622]
8, 9, 2.01, [303, 4602]
9, 0, 2.15, [295, 2950]
9, 1, 2.13, [295, 300]
9, 2, 2.13, [295, 103]
9, 3, 2.09, [288, 609]
9, 4, 2.06, [295, 279]
9, 5, 2.05, [2770, 103]
9, 6, 2.04, [4602, 2762]
9, 7, 2.04, [2595, 3716]
9, 8, 2.03, [283, 103]
9, 9, 2.03, [622, 191]
10, 0, 2.15, [295, 2950]
10, 1, 2.13, [295, 300]
10, 2, 2.1, [295, 191]
10, 3, 2.06, [876, 103]
10, 4, 2.04, [222, 300]
10, 5, 2.03, [220, 1082]
10, 6, 2.02, [103, 2950]
10, 7, 2.02, [1088, 300]
10, 8, 2.01, [244, 4849]
10, 9, 2.01, [219, 296]
11, 0, 2.15, [295, 2950]
11, 1, 2.13, [295, 300]
11, 2, 2.08, [1811, 1086]
11, 3, 2.04, [103, 3334]
11, 4, 2.04, [2530, 2950]
11, 5, 2.03, [302, 1082]
11, 6, 2.03, [296, 191]
11, 7, 2.02, [2530, 2597]
11, 8, 2.01, [615, 191]
11, 9, 2.01, [2513, 266]
12, 0, 2.15, [295, 2950]
12, 1, 2.13, [295, 300]
12, 2, 2.07, [2514, 1086]
12, 3, 2.06, [2530, 1086]
12, 4, 2.06, [295, 1087]
12, 5, 2.04, [1069, 191]
12, 6, 2.04, [3135, 300]
12, 7, 2.02, [1811, 302]
12, 8, 2.01, [98, 2762]
12, 9, 2.01, [2574, 159]
13, 0, 2.15, [295, 2950]
13, 1, 2.13, [295, 300]
13, 2, 2.09, [295, 302]
13, 3, 2.04, [2515, 269]
13, 4, 2.04, [250, 1086]
13, 5, 2.04, [159, 2950]
13, 6, 2.03, [3135, 302]
13, 7, 2.02, [250, 616]
13, 8, 2.02, [263, 1080]
13, 9, 2.02, [2525, 275]
14, 0, 2.16, [295, 279]
14, 1, 2.15, [295, 2950]
14, 2, 2.13, [295, 300]
14, 3, 2.1, [295, 301]
14, 4, 2.08, [219, 269]
14, 5, 2.05, [259, 264]
14, 6, 2.03, [1811, 2574]
14, 7, 2.03, [2514, 2764]
14, 8, 2.01, [2574, 296]
14, 9, 2.01, [2525, 2950]
15, 0, 2.16, [295, 279]
15, 1, 2.15, [295, 2950]
15, 2, 2.13, [295, 103]
15, 3, 2.08, [558, 269]
15, 4, 2.07, [876, 269]
15, 5, 2.03, [2514, 2950]
15, 6, 2.03, [91, 222]
15, 7, 2.02, [296, 226]
15, 8, 2.01, [219, 260]
15, 9, 2.01, [537, 226]
16, 0, 2.16, [295, 279]
16, 1, 2.15, [295, 2950]
16, 2, 2.08, [876, 279]
16, 3, 2.07, [295, 3716]
16, 4, 2.06, [2711, 302]
16, 5, 2.06, [2513, 269]
16, 6, 2.05, [295, 209]
16, 7, 2.02, [220, 302]
16, 8, 2.02, [265, 297]
16, 9, 2.02, [558, 300]
17, 0, 2.16, [295, 279]
17, 1, 2.15, [295, 2950]
17, 2, 2.14, [295, 2595]
17, 3, 2.09, [295, 244]
17, 4, 2.08, [295, 279]
17, 5, 2.04, [91, 2595]
17, 6, 2.04, [2513, 615]
17, 7, 2.03, [222, 260]
17, 8, 2.02, [2513, 380]
17, 9, 2.02, [2767, 265]
18, 0, 2.16, [295, 279]
18, 1, 2.15, [295, 2950]
18, 2, 2.06, [1086, 279]
18, 3, 2.04, [222, 102]
18, 4, 2.04, [250, 2712]
18, 5, 2.04, [295, 244]
18, 6, 2.03, [261, 263]
18, 7, 2.03, [615, 191]
18, 8, 2.02, [283, 191]
18, 9, 2.01, [280, 263]
19, 0, 2.16, [295, 279]
19, 1, 2.15, [295, 2950]
19, 2, 2.1, [295, 260]
19, 3, 2.08, [295, 297]
19, 4, 2.07, [2514, 295]
19, 5, 2.06, [295, 380]
19, 6, 2.05, [1086, 2065]
19, 7, 2.03, [191, 2770]
19, 8, 2.03, [4602, 191]
19, 9, 2.02, [193, 244]
20, 0, 2.16, [295, 279]
20, 1, 2.15, [295, 2950]
20, 2, 2.06, [263, 279]
20, 3, 2.06, [77, 1069]
20, 4, 2.05, [295, 266]
20, 5, 2.05, [297, 537]
20, 6, 2.05, [265, 874]
20, 7, 2.03, [876, 537]
20, 8, 2.02, [261, 191]
20, 9, 2.02, [316, 2765]
21, 0, 2.16, [295, 279]
21, 1, 2.15, [295, 2950]
21, 2, 2.1, [77, 191]
21, 3, 2.07, [295, 244]
21, 4, 2.05, [316, 279]
21, 5, 2.04, [263, 191]
21, 6, 2.04, [2770, 261]
21, 7, 2.03, [2530, 1069]
21, 8, 2.02, [2596, 191]
21, 9, 2.02, [291, 2950]
22, 0, 2.16, [295, 279]
22, 1, 2.15, [295, 2950]
22, 2, 2.13, [295, 380]
22, 3, 2.1, [2770, 193]
22, 4, 2.08, [222, 277]
22, 5, 2.06, [2530, 279]
22, 6, 2.05, [104, 302]
22, 7, 2.05, [295, 1082]
22, 8, 2.04, [876, 191]
22, 9, 2.03, [874, 191]
23, 0, 2.16, [295, 279]
23, 1, 2.15, [295, 2950]
23, 2, 2.09, [2530, 279]
23, 3, 2.08, [295, 279]
23, 4, 2.08, [295, 380]
23, 5, 2.08, [295, 260]
23, 6, 2.03, [2770, 244]
23, 7, 2.03, [250, 193]
23, 8, 2.03, [219, 2711]
23, 9, 2.03, [1087, 3716]
24, 0, 2.16, [295, 279]
24, 1, 2.15, [295, 2950]
24, 2, 2.05, [295, 2525]
24, 3, 2.04, [269, 274]
24, 4, 2.04, [335, 154]
24, 5, 2.03, [280, 266]
24, 6, 2.03, [1095, 209]
24, 7, 2.01, [2767, 316]
24, 8, 2.01, [288, 2950]
24, 9, 2.0, [2512, 191]
25, 0, 2.16, [295, 279]
25, 1, 2.15, [295, 2950]
25, 2, 2.09, [77, 279]
25, 3, 2.09, [303, 2764]
25, 4, 2.08, [295, 220]
25, 5, 2.08, [2513, 279]
25, 6, 2.06, [295, 380]
25, 7, 2.03, [277, 260]
25, 8, 2.03, [2770, 222]
25, 9, 2.02, [316, 301]
26, 0, 2.16, [295, 279]
26, 1, 2.15, [295, 2950]
26, 2, 2.1, [295, 301]
26, 3, 2.09, [295, 335]
26, 4, 2.09, [295, 874]
26, 5, 2.07, [295, 2767]
26, 6, 2.06, [244, 2595]
26, 7, 2.04, [259, 2950]
26, 8, 2.04, [2593, 300]
26, 9, 2.02, [222, 2762]
27, 0, 2.16, [295, 279]
27, 1, 2.15, [295, 2950]
27, 2, 2.1, [295, 191]
27, 3, 2.08, [77, 265]
27, 4, 2.08, [302, 279]
27, 5, 2.06, [874, 301]
27, 6, 2.04, [222, 296]
27, 7, 2.04, [2530, 301]
27, 8, 2.02, [278, 288]
27, 9, 2.01, [2527, 275]
28, 0, 2.16, [295, 279]
28, 1, 2.15, [295, 2950]
28, 2, 2.09, [261, 279]
28, 3, 2.07, [269, 2599]
28, 4, 2.07, [103, 2950]
28, 5, 2.05, [295, 102]
28, 6, 2.05, [2767, 2595]
28, 7, 2.05, [77, 2767]
28, 8, 2.04, [260, 264]
28, 9, 2.03, [2530, 191]
29, 0, 2.16, [295, 279]
29, 1, 2.15, [295, 2950]
29, 2, 2.11, [103, 260]
29, 3, 2.06, [2513, 2599]
29, 4, 2.06, [295, 260]
29, 5, 2.06, [295, 622]
29, 6, 2.05, [285, 279]
29, 7, 2.04, [2513, 77]
29, 8, 2.03, [76, 261]
29, 9, 2.02, [874, 2711]
30, 0, 2.16, [295, 279]
30, 1, 2.15, [295, 2950]
30, 2, 2.08, [295, 297]
30, 3, 2.06, [103, 616]
30, 4, 2.05, [259, 260]
30, 5, 2.05, [295, 191]
30, 6, 2.05, [269, 244]
30, 7, 2.04, [209, 609]
30, 8, 2.04, [2513, 622]
30, 9, 2.02, [316, 91]
31, 0, 2.16, [269, 279]
31, 1, 2.16, [295, 279]
31, 2, 2.15, [295, 2950]
31, 3, 2.05, [2770, 279]
31, 4, 2.05, [149, 277]
31, 5, 2.04, [288, 279]
31, 6, 2.03, [222, 2770]
31, 7, 2.02, [2513, 297]
31, 8, 2.02, [240, 77]
31, 9, 2.02, [2574, 220]
32, 0, 2.16, [269, 279]
32, 1, 2.16, [295, 279]
32, 2, 2.11, [2530, 279]
32, 3, 2.11, [295, 244]
32, 4, 2.08, [1811, 274]
32, 5, 2.04, [295, 244]
32, 6, 2.03, [3716, 2950]
32, 7, 2.02, [261, 3334]
32, 8, 2.02, [279, 2950]
32, 9, 2.01, [2950, 609]
33, 0, 2.16, [269, 279]
33, 1, 2.16, [295, 279]
33, 2, 2.09, [295, 244]
33, 3, 2.07, [541, 279]
33, 4, 2.06, [263, 279]
33, 5, 2.04, [269, 256]
33, 6, 2.04, [302, 154]
33, 7, 2.04, [303, 2065]
33, 8, 2.03, [316, 279]
33, 9, 2.03, [2530, 260]
34, 0, 2.16, [269, 279]
34, 1, 2.16, [295, 279]
34, 2, 2.08, [2530, 279]
34, 3, 2.06, [193, 279]
34, 4, 2.05, [193, 222]
34, 5, 2.04, [303, 874]
34, 6, 2.03, [264, 874]
34, 7, 2.02, [3155, 380]
34, 8, 2.02, [876, 279]
34, 9, 2.01, [275, 874]
35, 0, 2.16, [269, 279]
35, 1, 2.16, [295, 279]
35, 2, 2.06, [220, 279]
35, 3, 2.05, [2156, 279]
35, 4, 2.04, [76, 279]
35, 5, 2.03, [1087, 91]
35, 6, 2.03, [2950, 280]
35, 7, 2.03, [261, 81]
35, 8, 2.03, [2711, 222]
35, 9, 2.02, [380, 2765]
36, 0, 2.16, [269, 279]
36, 1, 2.16, [295, 279]
36, 2, 2.1, [295, 1082]
36, 3, 2.05, [269, 263]
36, 4, 2.04, [264, 1086]
36, 5, 2.03, [2515, 303]
36, 6, 2.01, [3716, 279]
36, 7, 2.01, [219, 274]
36, 8, 2.01, [2156, 1086]
36, 9, 2.01, [279, 296]
37, 0, 2.16, [269, 279]
37, 1, 2.16, [295, 279]
37, 2, 2.09, [269, 264]
37, 3, 2.06, [876, 302]
37, 4, 2.05, [1082, 2513]
37, 5, 2.04, [250, 2597]
37, 6, 2.04, [269, 191]
37, 7, 2.04, [222, 380]
37, 8, 2.03, [622, 534]
37, 9, 2.02, [2530, 98]
38, 0, 2.16, [269, 279]
38, 1, 2.16, [295, 279]
38, 2, 2.12, [295, 2512]
38, 3, 2.08, [295, 2711]
38, 4, 2.07, [295, 534]
38, 5, 2.05, [3155, 220]
38, 6, 2.05, [1080, 279]
38, 7, 2.03, [285, 2595]
38, 8, 2.02, [1086, 261]
38, 9, 2.02, [3716, 279]
39, 0, 2.16, [269, 279]
39, 1, 2.16, [295, 279]
39, 2, 2.15, [269, 277]
39, 3, 2.08, [2527, 2512]
39, 4, 2.07, [295, 263]
39, 5, 2.03, [2513, 279]
39, 6, 2.02, [876, 260]
39, 7, 2.02, [288, 209]
39, 8, 2.01, [876, 279]
39, 9, 2.01, [275, 2574]
40, 0, 2.16, [269, 279]
40, 1, 2.16, [295, 279]
40, 2, 2.09, [154, 615]
40, 3, 2.08, [269, 2515]
40, 4, 2.06, [295, 291]
40, 5, 2.06, [154, 279]
40, 6, 2.03, [300, 2530]
40, 7, 2.02, [2527, 244]
40, 8, 2.01, [2525, 98]
40, 9, 2.01, [4849, 3334]
41, 0, 2.16, [269, 279]
41, 1, 2.16, [295, 279]
41, 2, 2.15, [1811, 295]
41, 3, 2.05, [154, 244]
41, 4, 2.05, [2530, 279]
41, 5, 2.04, [2595, 159]
41, 6, 2.04, [295, 1087]
41, 7, 2.04, [2156, 615]
41, 8, 2.02, [283, 2515]
41, 9, 2.02, [2156, 279]
42, 0, 2.16, [269, 279]
42, 1, 2.16, [295, 279]
42, 2, 2.11, [1811, 260]
42, 3, 2.05, [279, 275]
42, 4, 2.05, [295, 380]
42, 5, 2.03, [269, 316]
42, 6, 2.03, [244, 77]
42, 7, 2.03, [103, 159]
42, 8, 2.02, [288, 154]
42, 9, 2.02, [4602, 2950]
43, 0, 2.16, [269, 279]
43, 1, 2.16, [295, 279]
43, 2, 2.06, [622, 2512]
43, 3, 2.06, [279, 91]
43, 4, 2.05, [278, 380]
43, 5, 2.05, [269, 380]
43, 6, 2.05, [2530, 261]
43, 7, 2.04, [91, 193]
43, 8, 2.03, [193, 1069]
43, 9, 2.02, [283, 279]
44, 0, 2.16, [269, 279]
44, 1, 2.16, [295, 279]
44, 2, 2.12, [269, 259]
44, 3, 2.09, [295, 260]
44, 4, 2.09, [269, 2513]
44, 5, 2.08, [269, 104]
44, 6, 2.05, [1086, 291]
44, 7, 2.03, [250, 297]
44, 8, 2.02, [240, 1080]
44, 9, 2.01, [269, 102]
45, 0, 2.16, [269, 279]
45, 1, 2.16, [295, 279]
45, 2, 2.05, [2513, 279]
45, 3, 2.04, [278, 260]
45, 4, 2.03, [2525, 2065]
45, 5, 2.03, [3155, 2525]
45, 6, 2.02, [2574, 219]
45, 7, 2.01, [876, 260]
45, 8, 2.0, [1069, 226]
45, 9, 2.0, [2514, 541]
46, 0, 2.16, [269, 279]
46, 1, 2.16, [295, 279]
46, 2, 2.07, [149, 269]
46, 3, 2.06, [285, 279]
46, 4, 2.05, [269, 244]
46, 5, 2.04, [874, 264]
46, 6, 2.03, [279, 263]
46, 7, 2.03, [335, 1095]
46, 8, 2.02, [283, 2762]
46, 9, 2.01, [288, 2711]
47, 0, 2.16, [269, 279]
47, 1, 2.16, [295, 279]
47, 2, 2.1, [295, 260]
47, 3, 2.09, [295, 277]
47, 4, 2.06, [2514, 269]
47, 5, 2.05, [269, 244]
47, 6, 2.04, [2514, 2574]
47, 7, 2.03, [259, 1080]
47, 8, 2.03, [303, 263]
47, 9, 2.02, [534, 2765]
48, 0, 2.16, [269, 279]
48, 1, 2.16, [295, 279]
48, 2, 2.13, [103, 277]
48, 3, 2.09, [295, 244]
48, 4, 2.05, [280, 2599]
48, 5, 2.05, [269, 244]
48, 6, 2.03, [240, 2597]
48, 7, 2.02, [316, 277]
48, 8, 2.01, [297, 291]
48, 9, 2.01, [288, 279]
49, 0, 2.16, [269, 279]
49, 1, 2.16, [295, 279]
49, 2, 2.08, [295, 303]
49, 3, 2.08, [2514, 279]
49, 4, 2.06, [874, 291]
49, 5, 2.05, [279, 3135]
49, 6, 2.04, [2593, 278]
49, 7, 2.03, [283, 2711]
49, 8, 2.03, [3716, 2599]
49, 9, 2.02, [278, 279]
50, 0, 2.16, [269, 279]
50, 1, 2.16, [295, 279]
50, 2, 2.06, [226, 2515]
50, 3, 2.05, [2593, 2595]
50, 4, 2.05, [876, 279]
50, 5, 2.04, [2513, 300]
50, 6, 2.04, [288, 279]
50, 7, 2.03, [288, 2711]
50, 8, 2.03, [622, 609]
50, 9, 2.02, [876, 1086]
