generation number, individual number, fitness, candidate
0, 0, 11.63, [283, 33298, 80662]
0, 1, 11.15, [66169, 127089, 33300]
0, 2, 10.83, [65901, 144434, 150015]
0, 3, 10.0, [88, 1063, 66170]
0, 4, 9.9, [87, 278, 282]
0, 5, 9.64, [1061, 134361, 56241]
0, 6, 9.04, [90, 66170, 87]
0, 7, 8.8, [86, 65897, 95674]
0, 8, 8.28, [98065, 279, 134365]
0, 9, 8.14, [6376, 66171, 56239]
1, 0, 14.24, [66169, 33298, 100141]
1, 1, 13.72, [88, 127089, 33300]
1, 2, 13.39, [88, 11387, 80662]
1, 3, 13.29, [66169, 127089, 100141]
1, 4, 12.63, [283, 11387, 33300]
1, 5, 12.35, [283, 156909, 100141]
1, 6, 11.64, [70638, 144434, 33300]
1, 7, 11.63, [283, 33298, 80662]
1, 8, 11.15, [66169, 127089, 33300]
1, 9, 9.97, [66169, 148118, 150015]
2, 0, 15.86, [88, 11387, 89]
2, 1, 14.55, [88, 80450, 100141]
2, 2, 14.4, [46, 127089, 100141]
2, 3, 14.24, [66169, 33298, 100141]
2, 4, 13.9, [88, 91276, 33297]
2, 5, 13.72, [88, 127089, 33300]
2, 6, 12.29, [66169, 11387, 33300]
2, 7, 11.41, [46, 127089, 80662]
2, 8, 10.91, [66169, 87, 113173]
2, 9, 9.92, [66169, 77358, 33300]
2, 10, 9.43, [71858, 66167, 1060]
3, 0, 16.68, [88, 11387, 100141]
3, 1, 15.86, [88, 11387, 89]
3, 2, 14.55, [88, 80450, 100141]
3, 3, 14.18, [90, 11387, 89]
3, 4, 13.56, [46, 80449, 100141]
3, 5, 13.45, [90, 127089, 100141]
3, 6, 12.52, [91277, 80450, 80661]
3, 7, 12.41, [88, 127089, 113171]
3, 8, 12.16, [66169, 80449, 100141]
3, 9, 12.13, [156909, 11387, 66167]
3, 10, 11.64, [88, 1060, 113173]
4, 0, 16.68, [88, 11387, 100141]
4, 1, 15.86, [88, 11387, 89]
4, 2, 14.0, [90, 11387, 89]
4, 3, 13.69, [88, 11925, 100141]
4, 4, 13.67, [62858, 11388, 113171]
4, 5, 13.31, [46, 11925, 100141]
4, 6, 13.13, [65900, 11387, 56240]
4, 7, 12.63, [46, 11925, 100141]
4, 8, 12.52, [88, 80449, 113173]
4, 9, 12.0, [88, 80449, 113171]
4, 10, 11.42, [88, 80450, 281]
5, 0, 16.68, [88, 11387, 100141]
5, 1, 16.3, [150015, 11388, 100141]
5, 2, 16.16, [88, 11387, 100141]
5, 3, 15.86, [88, 11387, 89]
5, 4, 14.66, [278, 11387, 89]
5, 5, 14.31, [88, 33298, 91277]
5, 6, 13.79, [90, 11387, 80661]
5, 7, 13.02, [86, 11387, 89]
5, 8, 12.21, [90, 98065, 100141]
5, 9, 11.91, [88, 100141, 127088]
5, 10, 11.3, [134361, 100807, 11387]
6, 0, 17.63, [33297, 11387, 100141]
6, 1, 16.68, [88, 11387, 100141]
6, 2, 16.3, [150015, 11388, 100141]
6, 3, 16.01, [86, 11388, 100141]
6, 4, 15.5, [88, 80656, 100141]
6, 5, 12.77, [88, 80661, 113173]
6, 6, 10.29, [88, 14223, 282]
6, 7, 10.25, [150015, 144434, 113171]
6, 8, 9.24, [150015, 134362, 46]
6, 9, 9.23, [100141, 113173, 80449]
6, 10, 8.02, [90, 91276, 10375]
7, 0, 17.63, [33297, 11387, 100141]
7, 1, 17.14, [33297, 62858, 89]
7, 2, 16.99, [33297, 11388, 113173]
7, 3, 16.68, [88, 11387, 100141]
7, 4, 15.92, [88, 11387, 98062]
7, 5, 15.1, [33299, 11388, 100141]
7, 6, 14.9, [56237, 11387, 100141]
7, 7, 14.58, [88, 11388, 113171]
7, 8, 14.1, [73703, 91277, 100141]
7, 9, 13.29, [86, 11387, 113173]
7, 10, 12.95, [86, 11387, 113173]
7, 11, 11.68, [286, 11388, 134365]
8, 0, 17.65, [33297, 62858, 11388]
8, 1, 17.63, [33297, 11387, 100141]
8, 2, 17.37, [33297, 11387, 80656]
8, 3, 17.14, [33297, 62858, 89]
8, 4, 14.61, [33297, 6376, 100141]
8, 5, 13.97, [33299, 11387, 89]
8, 6, 13.27, [33297, 11387, 11935]
8, 7, 13.0, [127089, 11387, 66170]
8, 8, 12.22, [33299, 62858, 100141]
8, 9, 10.8, [46, 62858, 86]
8, 10, 10.34, [134362, 150655, 100141]
8, 11, 8.94, [33297, 10375, 70639]
9, 0, 17.65, [33297, 62858, 11388]
9, 1, 17.63, [33297, 11387, 100141]
9, 2, 15.16, [282, 62858, 11388]
9, 3, 14.98, [65899, 98065, 87]
9, 4, 14.64, [33298, 62858, 100141]
9, 5, 13.03, [33297, 6376, 113171]
9, 6, 12.82, [33298, 11387, 150015]
9, 7, 12.46, [33297, 283, 11926]
9, 8, 12.36, [33297, 11387, 11925]
9, 9, 12.01, [150654, 11387, 11388]
9, 10, 11.26, [284, 150015, 98062]
9, 11, 9.88, [33298, 283, 14223]
10, 0, 17.65, [33297, 62858, 11388]
10, 1, 17.63, [33297, 11387, 100141]
10, 2, 14.51, [90, 11387, 100141]
10, 3, 13.81, [33297, 62858, 113173]
10, 4, 13.45, [33297, 62858, 91276]
10, 5, 13.2, [148118, 11387, 285]
10, 6, 12.95, [282, 98065, 88]
10, 7, 12.92, [70639, 62858, 11388]
10, 8, 12.79, [33298, 11387, 11388]
10, 9, 12.75, [87, 62858, 221360]
10, 10, 11.82, [282, 62858, 150652]
10, 11, 11.56, [33298, 11387, 12067]
