generation number, individual number, fitness, candidate
0, 0, 10.4, [3736, 3742]
0, 1, 9.87, [181, 3746]
0, 2, 8.99, [2598, 3752]
0, 3, 8.0, [2260, 275]
0, 4, 6.68, [285, 1032]
0, 5, 6.03, [3743, 1605]
0, 6, 6.0, [3761, 2595]
0, 7, 4.88, [1322, 3734]
0, 8, 4.62, [1830, 4301]
0, 9, 4.4, [2463, 4301]
1, 0, 11.35, [2156, 3752]
1, 1, 10.55, [3736, 3739]
1, 2, 10.51, [72, 181]
1, 3, 10.4, [3736, 3742]
1, 4, 10.34, [2156, 3746]
1, 5, 10.09, [3397, 3752]
1, 6, 9.87, [181, 3746]
1, 7, 9.62, [2598, 3736]
1, 8, 9.62, [181, 3750]
1, 9, 9.54, [3397, 3752]
2, 0, 11.76, [2229, 3752]
2, 1, 11.35, [2156, 3752]
2, 2, 10.55, [3736, 3739]
2, 3, 10.03, [72, 3742]
2, 4, 9.91, [3736, 3739]
2, 5, 9.56, [2156, 3754]
2, 6, 9.55, [72, 3744]
2, 7, 9.49, [279, 3752]
2, 8, 9.44, [3754, 181]
2, 9, 8.05, [2156, 4108]
3, 0, 11.76, [2229, 3752]
3, 1, 11.56, [1032, 3736]
3, 2, 11.35, [2156, 3752]
3, 3, 10.58, [3736, 3739]
3, 4, 9.78, [3736, 3754]
3, 5, 9.72, [3750, 2229]
3, 6, 9.0, [2229, 295]
3, 7, 8.89, [2156, 3750]
3, 8, 7.55, [1987, 3739]
3, 9, 6.6, [229, 3761]
4, 0, 11.76, [2229, 3752]
4, 1, 11.56, [1032, 3736]
4, 2, 9.85, [2229, 4129]
4, 3, 9.41, [3749, 284]
4, 4, 8.94, [1987, 3736]
4, 5, 8.54, [2156, 1092]
4, 6, 8.52, [1541, 3739]
4, 7, 8.04, [3759, 3105]
4, 8, 7.88, [1032, 3754]
4, 9, 7.62, [3755, 4128]
5, 0, 11.76, [2229, 3752]
5, 1, 11.56, [1032, 3736]
5, 2, 10.94, [1829, 3736]
5, 3, 9.99, [2229, 4131]
5, 4, 9.41, [1541, 3752]
5, 5, 9.32, [1541, 3752]
5, 6, 9.28, [2229, 3737]
5, 7, 8.51, [996, 3736]
5, 8, 8.49, [275, 3746]
5, 9, 7.94, [2156, 1321]
6, 0, 11.76, [2229, 3752]
6, 1, 11.56, [1032, 3736]
6, 2, 11.35, [2229, 3746]
6, 3, 11.34, [2229, 3746]
6, 4, 10.26, [1829, 181]
6, 5, 9.62, [2229, 3737]
6, 6, 9.43, [1541, 3752]
6, 7, 9.42, [1825, 1896]
6, 8, 8.7, [1032, 3741]
6, 9, 8.48, [119, 3752]
7, 0, 11.76, [2229, 3752]
7, 1, 11.73, [1829, 3736]
7, 2, 11.56, [1032, 3736]
7, 3, 10.3, [2229, 352]
7, 4, 9.8, [2229, 3750]
7, 5, 9.36, [2229, 3758]
7, 6, 9.09, [1829, 3754]
7, 7, 8.63, [2463, 181]
7, 8, 8.19, [1032, 3750]
7, 9, 6.15, [1032, 3740]
8, 0, 12.05, [1825, 3752]
8, 1, 11.76, [2229, 3752]
8, 2, 11.73, [1829, 3736]
8, 3, 11.6, [2156, 1831]
8, 4, 10.49, [2463, 3736]
8, 5, 8.54, [2229, 3761]
8, 6, 8.02, [1040, 3105]
8, 7, 7.38, [2261, 3750]
8, 8, 6.94, [24, 295]
8, 9, 6.87, [699, 689]
9, 0, 13.4, [2229, 3736]
9, 1, 13.11, [1825, 3752]
9, 2, 12.56, [1825, 3752]
9, 3, 12.05, [1825, 3752]
9, 4, 11.76, [2229, 3752]
9, 5, 10.61, [1987, 3736]
9, 6, 10.19, [2229, 3743]
9, 7, 10.19, [1825, 3758]
9, 8, 9.43, [2463, 3752]
9, 9, 8.98, [2156, 3739]
10, 0, 13.4, [2229, 3736]
10, 1, 13.11, [1825, 3752]
10, 2, 10.78, [1831, 287]
10, 3, 9.36, [119, 1831]
10, 4, 8.29, [3733, 3736]
10, 5, 7.94, [2260, 3733]
10, 6, 7.66, [1828, 3752]
10, 7, 7.06, [1541, 291]
10, 8, 6.65, [3753, 546]
10, 9, 6.57, [2595, 269]
11, 0, 13.4, [2229, 3736]
11, 1, 13.11, [1825, 3752]
11, 2, 10.97, [1825, 3744]
11, 3, 10.67, [2156, 3752]
11, 4, 10.57, [3739, 1831]
11, 5, 10.47, [352, 3736]
11, 6, 10.44, [2229, 3749]
11, 7, 8.62, [3754, 3752]
11, 8, 7.96, [1828, 3736]
11, 9, 7.77, [3733, 2260]
12, 0, 13.4, [2229, 3736]
12, 1, 13.11, [1825, 3752]
12, 2, 10.91, [1825, 3733]
12, 3, 10.72, [1825, 3733]
12, 4, 10.66, [1825, 3733]
12, 5, 10.27, [2229, 3747]
12, 6, 10.16, [359, 3736]
12, 7, 9.48, [2229, 3749]
12, 8, 9.42, [1829, 3744]
12, 9, 7.82, [1686, 3736]
13, 0, 13.4, [2229, 3736]
13, 1, 13.11, [1825, 3752]
13, 2, 10.5, [2229, 3741]
13, 3, 10.29, [1825, 3737]
13, 4, 10.26, [1825, 3737]
13, 5, 10.2, [2229, 3749]
13, 6, 9.99, [1833, 3736]
13, 7, 7.17, [3105, 4794]
13, 8, 6.89, [1987, 3733]
13, 9, 6.1, [1829, 996]
14, 0, 13.4, [2229, 3736]
14, 1, 13.11, [1825, 3752]
14, 2, 11.88, [2156, 3752]
14, 3, 11.35, [1825, 3746]
14, 4, 11.07, [1831, 3741]
14, 5, 10.62, [2229, 1032]
14, 6, 9.56, [2229, 3733]
14, 7, 7.72, [702, 352]
14, 8, 7.69, [1588, 3736]
14, 9, 7.19, [2229, 699]
15, 0, 13.4, [2229, 3736]
15, 1, 13.11, [1825, 3752]
15, 2, 12.02, [693, 3736]
15, 3, 10.6, [1829, 3752]
15, 4, 10.12, [2229, 3750]
15, 5, 9.66, [359, 2229]
15, 6, 9.24, [24, 72]
15, 7, 8.47, [2156, 3733]
15, 8, 7.84, [3754, 3752]
15, 9, 7.69, [2260, 3743]
16, 0, 14.25, [1831, 3736]
16, 1, 13.4, [2229, 3736]
16, 2, 13.11, [1825, 3752]
16, 3, 11.05, [2156, 3752]
16, 4, 10.75, [1829, 3752]
16, 5, 10.36, [2463, 3736]
16, 6, 9.7, [1825, 119]
16, 7, 9.49, [2229, 3739]
16, 8, 7.55, [279, 3747]
16, 9, 6.78, [291, 3733]
17, 0, 14.25, [1831, 3736]
17, 1, 13.74, [2229, 3736]
17, 2, 13.4, [2229, 3736]
17, 3, 11.3, [1825, 3746]
17, 4, 11.08, [1829, 3752]
17, 5, 9.52, [1831, 3758]
17, 6, 9.37, [1830, 3752]
17, 7, 9.15, [2490, 3736]
17, 8, 8.11, [1829, 3733]
17, 9, 8.06, [702, 2260]
18, 0, 14.25, [1831, 3736]
18, 1, 13.74, [2229, 3736]
18, 2, 11.45, [1831, 3754]
18, 3, 10.45, [1831, 3743]
18, 4, 9.96, [2229, 3733]
18, 5, 9.92, [293, 3736]
18, 6, 9.05, [1829, 3744]
18, 7, 8.46, [2156, 119]
18, 8, 6.87, [3753, 1541]
18, 9, 5.04, [3733, 2464]
19, 0, 14.25, [1831, 3736]
19, 1, 13.74, [2229, 3736]
19, 2, 12.28, [3752, 3736]
19, 3, 10.9, [3736, 352]
19, 4, 10.23, [1987, 3736]
19, 5, 10.13, [1831, 2463]
19, 6, 8.76, [77, 3734]
19, 7, 7.43, [546, 3754]
19, 8, 6.62, [2260, 1321]
19, 9, 5.96, [3753, 3750]
20, 0, 14.25, [1831, 3736]
20, 1, 13.74, [2229, 3736]
20, 2, 12.19, [2156, 3736]
20, 3, 10.97, [1831, 3733]
20, 4, 10.51, [1830, 3736]
20, 5, 10.42, [1831, 1825]
20, 6, 9.95, [293, 77]
20, 7, 9.05, [3753, 3736]
20, 8, 8.55, [3759, 3100]
20, 9, 6.75, [24, 1040]
21, 0, 14.25, [1831, 3736]
21, 1, 13.74, [2229, 3736]
21, 2, 11.6, [3100, 3736]
21, 3, 10.89, [1831, 3733]
21, 4, 10.45, [1830, 3736]
21, 5, 6.77, [352, 1322]
21, 6, 6.48, [4301, 284]
21, 7, 6.32, [4794, 3105]
21, 8, 6.17, [4131, 3755]
21, 9, 5.0, [1006, 287]
22, 0, 14.25, [1831, 3736]
22, 1, 13.74, [2229, 3736]
22, 2, 13.34, [1831, 282]
22, 3, 11.78, [1831, 2156]
22, 4, 10.76, [4128, 2229]
22, 5, 10.34, [2229, 3743]
22, 6, 9.76, [2229, 2261]
22, 7, 9.01, [4128, 693]
22, 8, 5.18, [1830, 1605]
22, 9, 5.0, [2464, 1541]
23, 0, 14.25, [1831, 3736]
23, 1, 13.74, [2229, 3736]
23, 2, 9.81, [1541, 3742]
23, 3, 9.12, [689, 3737]
23, 4, 8.58, [1829, 279]
23, 5, 8.56, [181, 295]
23, 6, 8.47, [3741, 1032]
23, 7, 7.87, [3759, 3742]
23, 8, 7.18, [3747, 3760]
23, 9, 6.91, [1834, 279]
24, 0, 14.25, [1831, 3736]
24, 1, 13.74, [2229, 3736]
24, 2, 11.39, [2156, 3742]
24, 3, 9.85, [3737, 282]
24, 4, 9.32, [1834, 3742]
24, 5, 9.13, [689, 3754]
24, 6, 9.09, [1830, 3742]
24, 7, 8.67, [1541, 3746]
24, 8, 8.62, [1541, 3744]
24, 9, 8.36, [1541, 3746]
25, 0, 14.25, [1831, 3736]
25, 1, 14.1, [2229, 3736]
25, 2, 13.74, [2229, 3736]
25, 3, 11.06, [284, 2156]
25, 4, 10.22, [3754, 3736]
25, 5, 9.7, [3100, 279]
25, 6, 9.48, [1830, 3742]
25, 7, 6.0, [279, 996]
25, 8, 5.96, [271, 3750]
25, 9, 5.72, [4130, 285]
26, 0, 14.25, [1831, 3736]
26, 1, 14.1, [2229, 3736]
26, 2, 11.11, [282, 3746]
26, 3, 10.65, [3744, 2229]
26, 4, 10.16, [2463, 3736]
26, 5, 9.62, [1831, 4129]
26, 6, 8.9, [3733, 1829]
26, 7, 7.8, [689, 3755]
26, 8, 7.2, [1834, 1541]
26, 9, 7.0, [287, 279]
27, 0, 14.86, [77, 3736]
27, 1, 14.25, [1831, 3736]
27, 2, 14.1, [2229, 3736]
27, 3, 13.09, [2229, 3100]
27, 4, 11.98, [101, 3736]
27, 5, 10.29, [282, 3733]
27, 6, 8.74, [1829, 1541]
27, 7, 8.54, [2229, 285]
27, 8, 7.08, [3744, 3747]
27, 9, 6.92, [1987, 3746]
28, 0, 14.86, [77, 3736]
28, 1, 14.53, [77, 3736]
28, 2, 14.25, [1831, 3736]
28, 3, 12.21, [282, 181]
28, 4, 10.83, [77, 1092]
28, 5, 10.35, [1831, 270]
28, 6, 10.33, [2260, 3736]
28, 7, 9.75, [2229, 3749]
28, 8, 9.35, [159, 3733]
28, 9, 9.14, [3747, 3736]
29, 0, 14.86, [77, 3736]
29, 1, 14.53, [77, 3736]
29, 2, 12.08, [77, 101]
29, 3, 11.94, [77, 101]
29, 4, 11.1, [77, 3777]
29, 5, 10.7, [159, 181]
29, 6, 10.2, [3761, 77]
29, 7, 9.97, [3397, 3100]
29, 8, 9.95, [282, 3755]
29, 9, 9.2, [3748, 3736]
30, 0, 14.86, [77, 3736]
30, 1, 14.53, [77, 3736]
30, 2, 12.6, [77, 72]
30, 3, 10.42, [33, 77]
30, 4, 8.98, [77, 1686]
30, 5, 8.47, [693, 546]
30, 6, 8.43, [3739, 101]
30, 7, 8.0, [24, 275]
30, 8, 6.26, [159, 2464]
30, 9, 5.26, [3758, 3753]
31, 0, 14.86, [77, 3736]
31, 1, 14.53, [77, 3736]
31, 2, 14.07, [3752, 77]
31, 3, 10.6, [77, 291]
31, 4, 9.08, [1829, 3749]
31, 5, 8.87, [282, 2595]
31, 6, 8.41, [77, 4301]
31, 7, 7.64, [1588, 3736]
31, 8, 7.53, [4129, 3739]
31, 9, 6.26, [293, 3397]
32, 0, 14.86, [77, 3736]
32, 1, 14.53, [77, 3736]
32, 2, 11.57, [77, 3744]
32, 3, 11.22, [77, 3737]
32, 4, 9.77, [359, 1825]
32, 5, 9.74, [3759, 77]
32, 6, 9.57, [2400, 77]
32, 7, 7.89, [263, 1831]
32, 8, 7.59, [24, 3737]
32, 9, 4.06, [2261, 3734]
33, 0, 14.86, [77, 3736]
33, 1, 14.53, [77, 3736]
33, 2, 14.29, [77, 3736]
33, 3, 11.84, [159, 3736]
33, 4, 11.82, [159, 1825]
33, 5, 9.67, [1896, 3736]
33, 6, 8.91, [3100, 3749]
33, 7, 8.77, [181, 1092]
33, 8, 8.65, [3100, 293]
33, 9, 7.49, [3754, 270]
34, 0, 14.86, [77, 3736]
34, 1, 14.53, [77, 3736]
34, 2, 11.36, [77, 1830]
34, 3, 10.64, [77, 3745]
34, 4, 10.25, [77, 1896]
34, 5, 10.04, [3756, 3736]
34, 6, 9.92, [1987, 3736]
34, 7, 9.11, [1829, 3749]
34, 8, 7.66, [4128, 546]
34, 9, 7.19, [1987, 2229]
35, 0, 14.86, [77, 3736]
35, 1, 14.53, [77, 3736]
35, 2, 12.29, [3105, 1831]
35, 3, 10.28, [77, 275]
35, 4, 9.12, [3743, 3736]
35, 5, 8.9, [159, 1032]
35, 6, 8.58, [3745, 284]
35, 7, 7.94, [3100, 3748]
35, 8, 7.67, [3746, 1092]
35, 9, 6.81, [3734, 3742]
36, 0, 14.86, [77, 3736]
36, 1, 14.53, [77, 3736]
36, 2, 10.7, [77, 1834]
36, 3, 9.7, [4128, 1829]
36, 4, 9.52, [3105, 229]
36, 5, 9.15, [159, 275]
36, 6, 8.62, [3742, 33]
36, 7, 7.65, [1831, 4301]
36, 8, 6.89, [3756, 295]
36, 9, 6.45, [4128, 4108]
37, 0, 14.86, [77, 3736]
37, 1, 14.53, [77, 3736]
37, 2, 11.78, [77, 3754]
37, 3, 11.74, [275, 3736]
37, 4, 9.9, [159, 229]
37, 5, 8.84, [4128, 3746]
37, 6, 8.35, [275, 1829]
37, 7, 7.1, [3760, 2261]
37, 8, 6.34, [4130, 1834]
37, 9, 6.22, [3747, 3754]
38, 0, 14.86, [77, 3736]
38, 1, 14.53, [77, 3736]
38, 2, 12.94, [2229, 3736]
38, 3, 11.06, [275, 3736]
38, 4, 10.11, [3747, 1831]
38, 5, 7.02, [271, 159]
38, 6, 7.02, [2464, 3100]
38, 7, 6.88, [996, 72]
38, 8, 5.12, [1040, 285]
38, 9, 5.01, [699, 3760]
39, 0, 14.86, [77, 3736]
39, 1, 14.53, [77, 3736]
39, 2, 11.23, [77, 3744]
39, 3, 11.1, [1541, 3736]
39, 4, 10.87, [3736, 1541]
39, 5, 10.76, [77, 359]
39, 6, 10.29, [3745, 1831]
39, 7, 9.75, [3750, 3736]
39, 8, 8.5, [263, 3736]
39, 9, 6.92, [101, 271]
40, 0, 14.86, [77, 3736]
40, 1, 14.53, [77, 3736]
40, 2, 12.13, [159, 1831]
40, 3, 11.73, [77, 3760]
40, 4, 11.21, [3739, 1831]
40, 5, 9.78, [4129, 3736]
40, 6, 8.85, [159, 1541]
40, 7, 8.46, [1830, 24]
40, 8, 6.9, [4128, 285]
40, 9, 6.08, [3777, 2463]
41, 0, 14.86, [77, 3736]
41, 1, 14.53, [77, 3736]
41, 2, 12.3, [1825, 3105]
41, 3, 10.54, [1825, 3733]
41, 4, 8.4, [1896, 3752]
41, 5, 8.17, [263, 3736]
41, 6, 7.14, [2595, 3743]
41, 7, 7.04, [1987, 24]
41, 8, 6.75, [3746, 33]
41, 9, 6.48, [4108, 3733]
42, 0, 14.86, [77, 3736]
42, 1, 14.53, [77, 3736]
42, 2, 12.66, [3100, 3736]
42, 3, 11.43, [4129, 3736]
42, 4, 9.53, [287, 159]
42, 5, 8.94, [996, 2229]
42, 6, 7.42, [4131, 3754]
42, 7, 7.12, [1322, 3758]
42, 8, 6.89, [3747, 4130]
42, 9, 6.51, [1092, 4130]
43, 0, 14.86, [77, 3736]
43, 1, 14.53, [77, 3736]
43, 2, 10.67, [77, 3758]
43, 3, 10.59, [275, 3736]
43, 4, 9.17, [3100, 3733]
43, 5, 8.55, [3739, 1322]
43, 6, 8.45, [3739, 279]
43, 7, 7.8, [689, 3760]
43, 8, 7.44, [3744, 1092]
43, 9, 6.83, [3750, 3733]
44, 0, 14.86, [77, 3736]
44, 1, 14.53, [77, 3736]
44, 2, 11.55, [77, 3755]
44, 3, 10.97, [77, 3737]
44, 4, 9.36, [3105, 1830]
44, 5, 9.25, [689, 4128]
44, 6, 8.52, [77, 2464]
44, 7, 7.39, [282, 3734]
44, 8, 7.03, [3749, 2463]
44, 9, 4.75, [4108, 3740]
45, 0, 14.86, [77, 3736]
45, 1, 14.55, [77, 1831]
45, 2, 14.53, [77, 3736]
45, 3, 13.72, [2229, 3736]
45, 4, 11.81, [77, 3760]
45, 5, 10.38, [4130, 3736]
45, 6, 10.34, [3397, 3736]
45, 7, 9.73, [3739, 284]
45, 8, 6.63, [546, 2463]
45, 9, 5.94, [72, 2464]
46, 0, 14.86, [77, 3736]
46, 1, 14.55, [77, 1831]
46, 2, 12.22, [159, 3736]
46, 3, 11.51, [3752, 3736]
46, 4, 11.19, [4128, 3736]
46, 5, 10.48, [546, 1831]
46, 6, 8.59, [693, 3737]
46, 7, 8.5, [284, 270]
46, 8, 7.05, [3746, 3758]
46, 9, 6.17, [285, 1541]
47, 0, 14.86, [77, 3736]
47, 1, 14.55, [77, 1831]
47, 2, 11.77, [77, 3744]
47, 3, 10.79, [275, 3736]
47, 4, 9.11, [1829, 1831]
47, 5, 8.68, [1541, 3744]
47, 6, 8.58, [2490, 3736]
47, 7, 8.21, [4184, 3736]
47, 8, 8.0, [263, 3736]
47, 9, 7.4, [282, 1588]
48, 0, 14.86, [77, 3736]
48, 1, 14.55, [77, 1831]
48, 2, 11.78, [159, 1831]
48, 3, 11.75, [3736, 3397]
48, 4, 10.84, [275, 1831]
48, 5, 10.38, [270, 3736]
48, 6, 7.46, [229, 3753]
48, 7, 7.19, [1829, 3755]
48, 8, 7.17, [279, 4108]
48, 9, 7.16, [3777, 287]
49, 0, 14.86, [77, 3736]
49, 1, 14.55, [77, 1831]
49, 2, 11.77, [77, 2260]
49, 3, 11.67, [77, 2260]
49, 4, 10.73, [24, 282]
49, 5, 10.47, [3737, 1831]
49, 6, 9.98, [3736, 291]
49, 7, 8.98, [3100, 3750]
49, 8, 8.07, [4128, 1830]
49, 9, 7.45, [275, 269]
50, 0, 14.86, [77, 3736]
50, 1, 14.55, [77, 1831]
50, 2, 13.95, [77, 3752]
50, 3, 12.14, [693, 3736]
50, 4, 11.05, [275, 3736]
50, 5, 9.23, [2156, 3397]
50, 6, 8.16, [2463, 3105]
50, 7, 8.0, [275, 2260]
50, 8, 7.26, [1315, 3749]
50, 9, 6.75, [229, 3761]
