n_nodes,influence,n0,n1,n2,n3,n4
5,5466.8000,507,821,234,432,967
5,5466.8000,507,821,234,432,967
5,5466.8000,507,821,234,432,967
5,5466.8000,507,821,234,432,967
5,5466.8000,507,821,234,432,967
5,5466.8000,507,821,234,432,967
5,5466.8000,507,821,234,432,967
5,5466.8000,507,821,234,432,967
5,5466.8000,507,821,234,432,967
5,5466.8000,507,821,234,432,967
5,5466.8000,507,821,234,432,967
5,5466.8000,507,821,234,432,967
5,5466.8000,507,821,234,432,967
5,5466.8000,507,821,234,432,967
5,5466.8000,507,821,234,432,967
5,5466.8000,507,821,234,432,967
5,5466.8000,507,821,234,432,967
5,5466.8000,507,821,234,432,967
5,5466.8000,507,821,234,432,967
5,5466.8000,507,821,234,432,967
5,5466.8000,507,821,234,432,967
5,5466.8000,507,821,234,432,967
5,5466.8000,507,821,234,432,967
5,5466.8000,507,821,234,432,967
5,5466.8000,507,821,234,432,967
5,5466.8000,507,821,234,432,967
5,5466.8000,507,821,234,432,967
5,5466.8000,507,821,234,432,967
5,5466.8000,507,821,234,432,967
5,5466.8000,507,821,234,432,967
5,5466.8000,507,821,234,432,967
5,5466.8000,507,821,234,432,967
