generation number, pop_size, worst, best, median, avg, std, diversity, improvement, number_of_selections
0, 10, 2.01, 2.11, 2.07, 2.0699999999999994, 0.03033150177620623,0.9777777777777777,0,[1.e-300]
1, 10, 2.05, 2.14, 2.085, 2.087, 0.03067572330035602,0.9222222222222222,0.014218009478673105,[1.e-300]
2, 10, 2.06, 2.21, 2.105, 2.125, 0.05835237784358063,0.9333333333333333,0.032710280373831696,[1.e-300]
3, 10, 2.06, 2.21, 2.14, 2.136, 0.05695612346359261,0.8111111111111111,0.0,[1.e-300]
4, 10, 2.03, 2.21, 2.115, 2.1149999999999998, 0.05953990258641682,0.8777777777777778,0.0,[1.e-300]
5, 10, 2.09, 2.21, 2.13, 2.141, 0.041821047332653,0.8222222222222222,0.0,[1.e-300]
6, 10, 2.07, 2.21, 2.125, 2.132, 0.04534313619501858,0.8222222222222222,0.0,[1.e-300]
7, 10, 2.06, 2.21, 2.09, 2.112, 0.05325410782277741,0.8666666666666667,0.0,[1.e-300]
8, 10, 2.03, 2.21, 2.0549999999999997, 2.0840000000000005, 0.06514598989960935,0.9111111111111111,0.0,[1.e-300]
9, 10, 2.05, 2.27, 2.125, 2.138, 0.06690291473471095,0.8666666666666667,0.02714932126696835,[1.e-300]
10, 10, 2.02, 2.27, 2.0549999999999997, 2.088, 0.08352245207128442,0.8777777777777778,0.0,[1.e-300]
