generation number, pop_size, worst, best, median, avg, std, diversity, improvement, number_of_selections
0, 10, 3.0, 3.05, 3.01, 3.022, 0.021354156504062593,0.9481481481481482,0,[1.e-300]
1, 10, 3.02, 3.05, 3.03, 3.036, 0.011999999999999953,0.8444444444444444,0.0,[1.e-300]
2, 10, 3.0, 3.07, 3.02, 3.033, 0.023685438564653962,0.8592592592592593,0.006557377049180334,[1.e-300]
3, 10, 3.01, 3.08, 3.05, 3.0479999999999996, 0.02357965224510318,0.9259259259259259,0.0032573289902280886,[1.e-300]
4, 10, 3.01, 3.09, 3.025, 3.0389999999999993, 0.028442925306655795,0.7703703703703704,0.0032467532467531776,[1.e-300]
5, 10, 3.02, 3.1, 3.045, 3.0519999999999996, 0.030919249667480615,0.8296296296296296,0.0032362459546926314,[1.e-300]
6, 10, 3.02, 3.11, 3.0599999999999996, 3.0629999999999997, 0.033481338085566414,0.8074074074074075,0.0032258064516128343,[1.e-300]
7, 10, 3.01, 3.22, 3.0949999999999998, 3.0869999999999997, 0.054415071441651267,0.674074074074074,0.03536977491961425,[1.e-300]
8, 10, 3.02, 3.22, 3.03, 3.064, 0.060365553091146336,0.7703703703703704,0.0,[1.e-300]
9, 10, 3.04, 3.26, 3.0949999999999998, 3.118, 0.07794870107962029,0.8296296296296297,0.012422360248447077,[1.e-300]
10, 10, 3.04, 3.26, 3.165, 3.1510000000000002, 0.07034912934784628,0.725925925925926,0.0,[1.e-300]
