num_genrations,diversity,improvement,best_fitness
4,0.12314814814814812,0.0006435006435006295,15.550000000000006
5,0.3018518518518517,0.0019292604501607298,15.580000000000005
5,0.3018518518518517,0.0019292604501607298,15.580000000000005
0,1.0,0,15.500000000000005
6,0.4175925925925926,0.0,15.580000000000005
7,0.3685185185185186,0.0,15.580000000000005
6,0.4175925925925926,0.0,15.580000000000005
1,0.7888888888888889,0.0019354838709678146,15.530000000000006
8,0.26296296296296284,0.0019255455712451444,15.610000000000005
7,0.3685185185185186,0.0,15.580000000000005
2,0.7148148148148148,0.0006439150032194466,15.540000000000004
9,0.3472222222222221,0.0006406149903907613,15.620000000000005
8,0.26296296296296284,0.0019255455712451444,15.610000000000005
10,0.29814814814814816,0.0006402048655569644,15.630000000000004
3,0.6287037037037038,1.1430867692408302e-16,15.540000000000006
9,0.3472222222222221,0.0006406149903907613,15.620000000000005
4,0.12314814814814812,0.0006435006435006295,15.550000000000006
10,0.29814814814814816,0.0006402048655569644,15.630000000000004
5,0.3018518518518517,0.0019292604501607298,15.580000000000005
6,0.4175925925925926,0.0,15.580000000000005
7,0.3685185185185186,0.0,15.580000000000005
8,0.26296296296296284,0.0019255455712451444,15.610000000000005
9,0.3472222222222221,0.0006406149903907613,15.620000000000005
10,0.29814814814814816,0.0006402048655569644,15.630000000000004
