num_genrations,diversity,improvement,best_fitness
0,0.9972782258064516,0,1315.97
1,0.9202620967741936,0.0,1315.97
2,0.7471774193548386,0.0,1315.97
3,0.41693548387096757,0.0,1315.97
4,0.0584677419354841,0.0012918227619170995,1317.67
5,0.0031250000000000444,0.0,1317.67
6,0.0,0.0035744913369812137,1322.38
7,0.006250000000000089,-0.002571121765302024,1318.98
8,0.0031250000000000444,-0.0006823454487559258,1318.08
9,0.011290322580645107,0.001266994416120473,1319.75
10,0.013608870967741882,0.0,1319.75
