n_nodes,influence,n0,n1,n2,n3,n4
5,32.2600,109675,92018,38907,162269,160702
5,31.4420,38907,142916,92018,160702,162269
5,31.1750,38907,142916,92018,160702,162269
5,31.1750,38907,142916,92018,160702,162269
5,31.1750,38907,142916,92018,160702,162269
5,31.1220,38907,142916,92018,160702,162269
5,31.1220,38907,142916,92018,160702,162269
5,31.1220,38907,142916,92018,160702,162269
5,31.1160,38907,142916,92018,160702,162269
5,31.0760,38907,142916,92018,160702,162269
5,31.0540,38907,142916,92018,160702,162269
5,30.9000,38907,142916,92018,160702,162269
5,30.8540,38907,142916,92018,160702,162269
5,30.8310,38907,142916,92018,160702,162269
5,30.8150,38907,142916,92018,160702,162269
5,30.8150,38907,142916,92018,160702,162269
