n_nodes,influence,n0,n1,n2,n3,n4,n5,n6,n7,n8,n9,n10,n11,n12,n13,n14,n15,n16
17,73.7434,12060,374,74697,44812,71676,21295,53905,15217,50802,41141,55382,10935,35318,11288,60380,5470,12447
17,73.7434,12060,374,74697,44812,71676,21295,53905,15217,50802,41141,55382,10935,35318,11288,60380,5470,12447
17,73.7434,12060,374,74697,44812,71676,21295,53905,15217,50802,41141,55382,10935,35318,11288,60380,5470,12447
17,73.7434,12060,374,74697,44812,71676,21295,53905,15217,50802,41141,55382,10935,35318,11288,60380,5470,12447
17,73.7434,12060,374,74697,44812,71676,21295,53905,15217,50802,41141,55382,10935,35318,11288,60380,5470,12447
17,73.7434,12060,374,74697,44812,71676,21295,53905,15217,50802,41141,55382,10935,35318,11288,60380,5470,12447
17,73.7434,12060,374,74697,44812,71676,21295,53905,15217,50802,41141,55382,10935,35318,11288,60380,5470,12447
17,73.7434,12060,374,74697,44812,71676,21295,53905,15217,50802,41141,55382,10935,35318,11288,60380,5470,12447
17,73.7434,12060,374,74697,44812,71676,21295,53905,15217,50802,41141,55382,10935,35318,11288,60380,5470,12447
17,73.7434,12060,374,74697,44812,71676,21295,53905,15217,50802,41141,55382,10935,35318,11288,60380,5470,12447
17,73.7434,12060,374,74697,44812,71676,21295,53905,15217,50802,41141,55382,10935,35318,11288,60380,5470,12447
17,73.6783,12060,74697,10935,52774,44812,21295,53905,15217,50802,41141,374,55382,35318,11288,71676,5470,12447
17,72.7608,12060,74697,10935,60380,44812,21295,53905,15217,50802,41141,374,56918,35318,11288,71676,5470,12447
17,72.5824,12060,74697,10935,60380,44812,21295,53905,15217,50802,41141,374,55382,35318,11288,71676,32602,12447
17,72.2067,12060,64294,265,60380,44812,71676,21295,53905,15217,50802,41141,55382,10935,35318,11288,5470,12447
17,72.2067,12060,64294,265,60380,44812,71676,21295,53905,15217,50802,41141,55382,10935,35318,11288,5470,12447
