num_genrations,diversity,improvement,best_fitness
0,1.0,0,2140.78
1,0.7949999999999999,0.0004671194611309896,2141.78
2,0.4783333333333333,0.00036418306268605797,2142.56
3,0.5483333333333333,4.6673138675187183e-05,2142.66
4,0.485,6.533934455318502e-05,2142.8
5,0.21500000000000008,0.00042934478252735575,2143.72
6,0.15000000000000002,0.00034519433508118437,2144.46
7,0.1416666666666666,0.001501543512119508,2147.68
8,0.19833333333333336,0.0,2147.68
9,0.18999999999999984,0.0,2147.68
10,0.07166666666666655,0.0,2147.68
