n_nodes,influence,n0,n1,n2,n3,n4,n5,n6,n7,n8
9,36.0000,480,930,67,265,620,13,51,605,31
9,36.0000,480,930,67,265,620,13,51,798,31
9,36.0000,480,930,67,265,620,13,51,798,31
9,35.9200,480,930,67,198,620,13,54,605,31
9,35.3700,480,930,67,198,620,13,54,605,31
9,35.3700,480,930,67,198,620,13,54,605,31
9,35.3700,480,930,67,198,620,13,54,605,31
9,35.3700,480,930,67,198,620,13,54,605,31
9,35.3700,480,930,67,198,620,13,54,605,31
9,35.3700,480,930,67,198,620,13,54,605,31
9,35.3700,480,930,67,198,620,13,54,605,31
9,35.3700,480,930,67,198,620,13,54,605,31
9,35.1100,480,930,620,13,308,886,51,798,31
9,35.1100,480,930,620,13,308,886,51,798,31
9,35.1100,480,930,620,13,308,886,51,798,31
9,35.1100,480,930,620,13,308,886,51,798,31
