num_genrations,diversity,improvement,best_fitness
0,0.9946236559139785,0,330.11
1,0.8476478494623656,0.0,330.11
2,0.6331317204301075,0.07473266486928587,354.78
3,0.5397177419354838,0.005383618016799214,356.69
4,0.28528225806451635,0.007205136112590746,359.26
5,0.4263440860215053,0.010716472749540787,363.11
6,0.12190860215053767,0.004764396463881362,364.84
7,0.15658602150537637,0.001397873040236947,365.35
8,0.1508736559139785,0.010428356370603537,369.16
9,0.14509408602150553,0.0,369.16
10,0.12479838709677415,0.006013652616751464,371.38
