generation number, individual number, fitness, candidate
0, 0, 2.08, [1224, 1425]
0, 1, 2.04, [1351, 831]
0, 2, 2.02, [4227, 2332]
0, 3, 2.02, [905, 695]
0, 4, 2.01, [717, 1190]
0, 5, 2.01, [1424, 576]
0, 6, 2.0, [2377, 1028]
0, 7, 2.0, [1715, 1059]
0, 8, 2.0, [1090, 970]
0, 9, 2.0, [3662, 1226]
1, 0, 2.08, [1224, 1425]
1, 1, 2.07, [1224, 140]
1, 2, 2.05, [1351, 5684]
1, 3, 2.05, [421, 1425]
1, 4, 2.04, [751, 695]
1, 5, 2.04, [1351, 831]
1, 6, 2.02, [905, 1201]
1, 7, 2.02, [1480, 775]
1, 8, 2.01, [1935, 749]
1, 9, 2.01, [1518, 717]
2, 0, 2.08, [1425, 1225]
2, 1, 2.08, [1224, 1425]
2, 2, 2.07, [1224, 140]
2, 3, 2.05, [751, 140]
2, 4, 2.05, [1351, 1767]
2, 5, 2.04, [1480, 5684]
2, 6, 2.03, [1224, 1168]
2, 7, 2.02, [1351, 1201]
2, 8, 2.01, [1224, 4227]
2, 9, 2.01, [421, 576]
3, 0, 2.08, [1425, 1225]
3, 1, 2.08, [1224, 1425]
3, 2, 2.07, [1350, 1059]
3, 3, 2.06, [1091, 749]
3, 4, 2.06, [1091, 1620]
3, 5, 2.04, [1480, 320]
3, 6, 2.03, [1224, 1125]
3, 7, 2.02, [1611, 1149]
3, 8, 2.02, [1224, 751]
3, 9, 2.0, [1518, 1131]
4, 0, 2.08, [1425, 1225]
4, 1, 2.08, [1224, 1425]
4, 2, 2.06, [3124, 1425]
4, 3, 2.05, [1224, 1328]
4, 4, 2.05, [1425, 1497]
4, 5, 2.03, [1224, 2377]
4, 6, 2.03, [1480, 749]
4, 7, 2.01, [1620, 2377]
4, 8, 2.01, [1475, 1028]
4, 9, 2.01, [1424, 320]
5, 0, 2.2, [1509, 1424]
5, 1, 2.08, [1425, 1225]
5, 2, 2.08, [1224, 1425]
5, 3, 2.04, [1224, 326]
5, 4, 2.04, [1425, 1225]
5, 5, 2.03, [1040, 1990]
5, 6, 2.01, [1247, 788]
5, 7, 2.0, [1201, 1497]
5, 8, 2.0, [3124, 749]
5, 9, 2.0, [585, 2094]
6, 0, 2.2, [1509, 1424]
6, 1, 2.08, [1425, 1225]
6, 2, 2.07, [2989, 1425]
6, 3, 2.07, [1351, 1425]
6, 4, 2.05, [1224, 2332]
6, 5, 2.04, [1091, 1107]
6, 6, 2.04, [1480, 1424]
6, 7, 2.02, [1620, 571]
6, 8, 2.02, [1190, 1247]
6, 9, 2.01, [695, 571]
7, 0, 2.2, [1509, 1424]
7, 1, 2.17, [1509, 1168]
7, 2, 2.08, [1425, 1141]
7, 3, 2.08, [1425, 1225]
7, 4, 2.07, [1425, 1212]
7, 5, 2.04, [1402, 1611]
7, 6, 2.01, [1125, 1279]
7, 7, 2.01, [2377, 1225]
7, 8, 2.0, [1190, 1424]
7, 9, 2.0, [1580, 2989]
8, 0, 2.2, [1509, 1424]
8, 1, 2.17, [1509, 1168]
8, 2, 2.05, [1350, 1212]
8, 3, 2.04, [1935, 6917]
8, 4, 2.02, [1695, 1990]
8, 5, 2.02, [4227, 140]
8, 6, 2.02, [775, 1212]
8, 7, 2.0, [1437, 787]
8, 8, 2.0, [1201, 1078]
8, 9, 2.0, [1201, 1424]
9, 0, 2.2, [1509, 1424]
9, 1, 2.19, [1509, 1480]
9, 2, 2.17, [1509, 1168]
9, 3, 2.04, [2377, 1090]
9, 4, 2.02, [787, 140]
9, 5, 2.02, [2332, 1611]
9, 6, 2.01, [3124, 697]
9, 7, 2.01, [585, 1230]
9, 8, 2.01, [1328, 1168]
9, 9, 2.01, [775, 1619]
10, 0, 2.2, [1509, 1424]
10, 1, 2.19, [1509, 1480]
10, 2, 2.06, [1767, 1480]
10, 3, 2.02, [775, 1611]
10, 4, 2.01, [775, 1424]
10, 5, 2.0, [1311, 1090]
10, 6, 2.0, [1990, 1518]
10, 7, 2.0, [905, 1149]
10, 8, 2.0, [5684, 1424]
10, 9, 2.0, [2989, 1695]
