generation number, pop_size, worst, best, median, avg, std, diversity, improvement, number_of_selections
0, 10, 3.02, 3.15, 3.065, 3.072, 0.04019950248448356,0.9851851851851852,0,[1.e-300]
1, 10, 3.07, 3.2, 3.0999999999999996, 3.1159999999999997, 0.04294182110716785,0.874074074074074,0.01587301587301596,[1.e-300]
2, 10, 3.09, 3.2, 3.13, 3.133, 0.03742993454442587,0.7703703703703704,0.0,[1.e-300]
3, 10, 3.08, 3.2, 3.1399999999999997, 3.143, 0.03689173349139352,0.7333333333333333,0.0,[1.e-300]
4, 10, 3.1, 3.2, 3.15, 3.1470000000000007, 0.030016662039607307,0.6888888888888889,0.0,[1.e-300]
5, 10, 3.06, 3.21, 3.125, 3.1329999999999996, 0.052163205422979926,0.7703703703703704,0.0031249999999999334,[1.e-300]
6, 10, 3.09, 3.21, 3.135, 3.146, 0.039799497484264854,0.725925925925926,0.0,[1.e-300]
7, 10, 3.08, 3.21, 3.0949999999999998, 3.1169999999999995, 0.04605431575867784,0.8592592592592593,0.0,[1.e-300]
8, 10, 3.09, 3.21, 3.1550000000000002, 3.1570000000000005, 0.03925557285278109,0.7481481481481481,0.0,[1.e-300]
9, 10, 3.07, 3.21, 3.125, 3.137, 0.049809637621649125,0.8222222222222222,0.0,[1.e-300]
10, 10, 3.09, 3.21, 3.135, 3.145, 0.04432832051860299,0.7555555555555555,0.0,[1.e-300]
