num_genrations,diversity,improvement,best_fitness
0,0.9971102150537634,0,139.97
1,0.8863575268817204,-0.06551403872258332,130.8
2,0.48649193548387093,0.21720183486238528,159.21
3,0.2508064516129034,0.00722316437409714,160.36
4,0.38447580645161294,0.013968570715889127,162.6
5,0.06969086021505377,0.0,162.6
6,0.10134408602150546,0.07478474784747846,174.76
7,0.14173387096774182,-0.06202792401007098,163.92
8,0.07600806451612918,0.007930697901415394,165.22
9,0.05302419354838728,0.003934148408183063,165.87
10,0.05987903225806479,0.0014469162597215235,166.11
