generation number, individual number, fitness, candidate
0, 0, 2.11, [148118, 1062]
0, 1, 2.11, [33298, 150655]
0, 2, 2.09, [56239, 279]
0, 3, 2.07, [66170, 73703]
0, 4, 2.07, [95674, 1061]
0, 5, 2.06, [33297, 221360]
0, 6, 2.03, [11925, 80656]
0, 7, 2.03, [95674, 70639]
0, 8, 2.03, [89, 134361]
0, 9, 2.02, [6376, 65901]
1, 0, 2.13, [150652, 150655]
1, 1, 2.13, [56241, 150655]
1, 2, 2.12, [65899, 1062]
1, 3, 2.11, [148118, 1062]
1, 4, 2.11, [33298, 150655]
1, 5, 2.1, [148118, 70638]
1, 6, 2.09, [33298, 90]
1, 7, 2.08, [11387, 1062]
1, 8, 2.08, [150654, 150655]
1, 9, 2.08, [33298, 90]
2, 0, 2.2, [62858, 150655]
2, 1, 2.17, [286, 148118]
2, 2, 2.16, [62858, 88]
2, 3, 2.13, [150652, 150655]
2, 4, 2.13, [56241, 150655]
2, 5, 2.12, [56240, 150655]
2, 6, 2.1, [86, 150655]
2, 7, 2.09, [56239, 88]
2, 8, 2.08, [56239, 11925]
2, 9, 2.06, [67332, 283]
3, 0, 2.2, [62858, 150655]
3, 1, 2.17, [286, 148118]
3, 2, 2.15, [56239, 88]
3, 3, 2.14, [11387, 150655]
3, 4, 2.12, [150652, 150015]
3, 5, 2.11, [33297, 150654]
3, 6, 2.08, [65897, 150015]
3, 7, 2.08, [286, 156909]
3, 8, 2.07, [280, 282]
3, 9, 2.06, [62858, 150654]
4, 0, 2.2, [62858, 150655]
4, 1, 2.17, [286, 148118]
4, 2, 2.14, [56240, 148118]
4, 3, 2.13, [286, 150652]
4, 4, 2.13, [286, 150654]
4, 5, 2.13, [62858, 127089]
4, 6, 2.11, [284, 88]
4, 7, 2.07, [56240, 148118]
4, 8, 2.07, [100141, 118602]
4, 9, 2.06, [558, 156909]
5, 0, 2.2, [62858, 150655]
5, 1, 2.17, [286, 148118]
5, 2, 2.13, [62858, 150652]
5, 3, 2.12, [286, 150015]
5, 4, 2.1, [62858, 284]
5, 5, 2.09, [33300, 56241]
5, 6, 2.09, [56239, 150655]
5, 7, 2.08, [1063, 150655]
5, 8, 2.08, [66170, 150655]
5, 9, 2.08, [62858, 278]
6, 0, 2.2, [62858, 150655]
6, 1, 2.17, [286, 148118]
6, 2, 2.11, [286, 148118]
6, 3, 2.1, [56239, 148118]
6, 4, 2.09, [87, 150015]
6, 5, 2.08, [73700, 150655]
6, 6, 2.07, [62858, 156909]
6, 7, 2.06, [286, 66170]
6, 8, 2.06, [286, 95674]
6, 9, 2.05, [62858, 156909]
7, 0, 2.2, [62858, 150655]
7, 1, 2.17, [286, 148118]
7, 2, 2.16, [278, 148118]
7, 3, 2.11, [62858, 150655]
7, 4, 2.11, [66169, 148118]
7, 5, 2.1, [286, 150652]
7, 6, 2.09, [221360, 278]
7, 7, 2.07, [80449, 284]
7, 8, 2.06, [286, 150654]
7, 9, 2.06, [56239, 134362]
8, 0, 2.2, [62858, 150655]
8, 1, 2.17, [286, 148118]
8, 2, 2.14, [284, 150655]
8, 3, 2.13, [66169, 148118]
8, 4, 2.11, [56239, 148118]
8, 5, 2.1, [56241, 148118]
8, 6, 2.09, [90, 148118]
8, 7, 2.08, [1063, 150652]
8, 8, 2.06, [11388, 150655]
8, 9, 2.06, [821, 284]
9, 0, 2.2, [62858, 150655]
9, 1, 2.17, [286, 148118]
9, 2, 2.16, [284, 150655]
9, 3, 2.13, [278, 282]
9, 4, 2.11, [62858, 150655]
9, 5, 2.09, [66169, 148118]
9, 6, 2.09, [286, 156909]
9, 7, 2.08, [56241, 148118]
9, 8, 2.07, [56239, 150655]
9, 9, 2.07, [62858, 134362]
10, 0, 2.2, [62858, 150655]
10, 1, 2.17, [286, 148118]
10, 2, 2.15, [286, 148118]
10, 3, 2.14, [286, 150015]
10, 4, 2.14, [62858, 150655]
10, 5, 2.12, [62858, 156909]
10, 6, 2.11, [286, 150654]
10, 7, 2.08, [65901, 150655]
10, 8, 2.08, [821, 11388]
10, 9, 2.06, [90, 149059]
11, 0, 2.2, [62858, 150655]
11, 1, 2.17, [286, 148118]
11, 2, 2.13, [86, 56241]
11, 3, 2.12, [284, 150655]
11, 4, 2.12, [56240, 148118]
11, 5, 2.11, [286, 150654]
11, 6, 2.08, [150652, 66166]
11, 7, 2.07, [286, 156909]
11, 8, 2.05, [56240, 148118]
11, 9, 2.04, [70638, 118606]
12, 0, 2.2, [62858, 150655]
12, 1, 2.19, [66167, 148118]
12, 2, 2.17, [286, 148118]
12, 3, 2.14, [286, 56240]
12, 4, 2.13, [284, 150655]
12, 5, 2.08, [89, 148118]
12, 6, 2.07, [118606, 150652]
12, 7, 2.06, [11387, 11388]
12, 8, 2.06, [80449, 66166]
12, 9, 2.06, [62858, 118602]
13, 0, 2.2, [62858, 150655]
13, 1, 2.19, [66167, 148118]
13, 2, 2.17, [286, 150015]
13, 3, 2.15, [56237, 150655]
13, 4, 2.14, [86, 56241]
13, 5, 2.12, [66171, 148118]
13, 6, 2.11, [148118, 11387]
13, 7, 2.11, [150015, 70638]
13, 8, 2.08, [80661, 150655]
13, 9, 2.05, [56240, 148118]
14, 0, 2.2, [62858, 150655]
14, 1, 2.19, [66167, 148118]
14, 2, 2.08, [56240, 56239]
14, 3, 2.08, [62858, 150655]
14, 4, 2.07, [90, 150655]
14, 5, 2.07, [56241, 150015]
14, 6, 2.06, [66169, 821]
14, 7, 2.04, [11925, 118606]
14, 8, 2.04, [279, 87893]
14, 9, 2.03, [80449, 95674]
15, 0, 2.2, [62858, 150655]
15, 1, 2.19, [66167, 148118]
15, 2, 2.12, [1060, 46]
15, 3, 2.12, [56241, 150655]
15, 4, 2.09, [56241, 150652]
15, 5, 2.09, [98063, 150654]
15, 6, 2.08, [150655, 150652]
15, 7, 2.05, [91277, 150654]
15, 8, 2.04, [70639, 11387]
15, 9, 2.04, [46, 149059]
16, 0, 2.2, [62858, 150655]
16, 1, 2.19, [66167, 148118]
16, 2, 2.16, [56240, 150655]
16, 3, 2.16, [150654, 56240]
16, 4, 2.13, [66167, 150654]
16, 5, 2.11, [62858, 150655]
16, 6, 2.11, [66167, 56241]
16, 7, 2.09, [66059, 46]
16, 8, 2.08, [278, 127089]
16, 9, 2.07, [62858, 127089]
17, 0, 2.2, [62858, 150655]
17, 1, 2.19, [66167, 148118]
17, 2, 2.16, [62858, 150652]
17, 3, 2.12, [56240, 150655]
17, 4, 2.09, [284, 11926]
17, 5, 2.09, [80450, 56239]
17, 6, 2.08, [66167, 150655]
17, 7, 2.06, [280, 33298]
17, 8, 2.06, [156909, 62858]
17, 9, 2.06, [62858, 56240]
18, 0, 2.2, [62858, 150655]
18, 1, 2.19, [66167, 148118]
18, 2, 2.18, [66167, 150655]
18, 3, 2.15, [66167, 148118]
18, 4, 2.14, [62858, 90]
18, 5, 2.13, [66167, 150015]
18, 6, 2.12, [66167, 148118]
18, 7, 2.11, [62858, 279]
18, 8, 2.1, [88, 66171]
18, 9, 2.09, [284, 150652]
19, 0, 2.2, [62858, 150655]
19, 1, 2.19, [66167, 148118]
19, 2, 2.15, [66167, 150654]
19, 3, 2.13, [66167, 148118]
19, 4, 2.13, [11387, 150655]
19, 5, 2.11, [66167, 66169]
19, 6, 2.08, [66167, 150015]
19, 7, 2.08, [66171, 150655]
19, 8, 2.08, [62858, 156909]
19, 9, 2.07, [62858, 156909]
20, 0, 2.2, [62858, 150655]
20, 1, 2.19, [66167, 148118]
20, 2, 2.15, [66171, 148118]
20, 3, 2.15, [66167, 66169]
20, 4, 2.14, [86, 56240]
20, 5, 2.11, [286, 285]
20, 6, 2.09, [56241, 90]
20, 7, 2.09, [144434, 1063]
20, 8, 2.08, [67332, 127089]
20, 9, 2.08, [6376, 56240]
21, 0, 2.2, [62858, 150655]
21, 1, 2.19, [66167, 148118]
21, 2, 2.14, [62858, 127089]
21, 3, 2.12, [62858, 285]
21, 4, 2.1, [65899, 150652]
21, 5, 2.1, [65899, 150655]
21, 6, 2.1, [56240, 150655]
21, 7, 2.09, [98062, 66169]
21, 8, 2.07, [80449, 148118]
21, 9, 2.07, [80450, 286]
22, 0, 2.2, [62858, 150655]
22, 1, 2.19, [56241, 148118]
22, 2, 2.19, [56240, 127089]
22, 3, 2.19, [66167, 148118]
22, 4, 2.13, [66169, 148118]
22, 5, 2.06, [66171, 150655]
22, 6, 2.06, [282, 285]
22, 7, 2.06, [88, 33298]
22, 8, 2.06, [91277, 283]
22, 9, 2.06, [98062, 127089]
23, 0, 2.2, [62858, 150655]
23, 1, 2.19, [56241, 148118]
23, 2, 2.17, [66167, 148118]
23, 3, 2.14, [56241, 150654]
23, 4, 2.13, [56239, 148118]
23, 5, 2.1, [62858, 150655]
23, 6, 2.1, [56240, 150655]
23, 7, 2.1, [56239, 148118]
23, 8, 2.06, [56239, 148118]
23, 9, 2.06, [66167, 148118]
24, 0, 2.2, [62858, 150655]
24, 1, 2.19, [56241, 148118]
24, 2, 2.15, [56241, 150652]
24, 3, 2.11, [127089, 56237]
24, 4, 2.1, [56241, 150654]
24, 5, 2.1, [221360, 148118]
24, 6, 2.1, [66167, 148118]
24, 7, 2.1, [62858, 150654]
24, 8, 2.07, [33296, 46]
24, 9, 2.07, [66169, 86]
25, 0, 2.2, [62858, 150655]
25, 1, 2.19, [56241, 148118]
25, 2, 2.13, [66167, 150652]
25, 3, 2.12, [86, 156909]
25, 4, 2.12, [66167, 80450]
25, 5, 2.09, [56241, 150654]
25, 6, 2.09, [66169, 148118]
25, 7, 2.08, [46, 66171]
25, 8, 2.08, [221360, 66167]
25, 9, 2.04, [66169, 134361]
26, 0, 2.2, [62858, 150655]
26, 1, 2.19, [56241, 148118]
26, 2, 2.16, [56241, 148118]
26, 3, 2.1, [56241, 98063]
26, 4, 2.09, [56239, 148118]
26, 5, 2.09, [86, 286]
26, 6, 2.08, [66171, 66169]
26, 7, 2.08, [56241, 148118]
26, 8, 2.07, [80450, 150655]
26, 9, 2.07, [56241, 148118]
27, 0, 2.2, [62858, 150655]
27, 1, 2.19, [56241, 148118]
27, 2, 2.11, [56241, 150652]
27, 3, 2.11, [66169, 148118]
27, 4, 2.08, [56240, 148118]
27, 5, 2.08, [56241, 148118]
27, 6, 2.07, [56239, 150655]
27, 7, 2.07, [66059, 148118]
27, 8, 2.07, [56241, 156909]
27, 9, 2.06, [156909, 150655]
28, 0, 2.2, [62858, 150655]
28, 1, 2.19, [1060, 62858]
28, 2, 2.19, [56241, 148118]
28, 3, 2.14, [62858, 150015]
28, 4, 2.13, [62858, 150654]
28, 5, 2.11, [56240, 150655]
28, 6, 2.1, [56241, 150652]
28, 7, 2.09, [11388, 284]
28, 8, 2.06, [31634, 286]
28, 9, 2.05, [100140, 150652]
29, 0, 2.2, [62858, 150655]
29, 1, 2.19, [1060, 62858]
29, 2, 2.15, [1060, 150654]
29, 3, 2.13, [285, 150652]
29, 4, 2.1, [56241, 66169]
29, 5, 2.08, [1060, 156909]
29, 6, 2.08, [67332, 150655]
29, 7, 2.07, [89, 10375]
29, 8, 2.06, [285, 150015]
29, 9, 2.05, [11388, 118602]
30, 0, 2.2, [62858, 150655]
30, 1, 2.19, [66169, 150655]
30, 2, 2.19, [1060, 62858]
30, 3, 2.14, [1060, 150654]
30, 4, 2.08, [286, 150652]
30, 5, 2.06, [66170, 150654]
30, 6, 2.06, [1061, 46]
30, 7, 2.06, [283, 70640]
30, 8, 2.05, [285, 56239]
30, 9, 2.04, [283, 65901]
31, 0, 2.2, [62858, 150655]
31, 1, 2.19, [66169, 150655]
31, 2, 2.13, [62858, 127089]
31, 3, 2.11, [62858, 150015]
31, 4, 2.1, [62858, 148118]
31, 5, 2.09, [66166, 56241]
31, 6, 2.08, [11387, 90]
31, 7, 2.08, [11387, 98062]
31, 8, 2.07, [62858, 33298]
31, 9, 2.07, [823, 282]
32, 0, 2.2, [62858, 150655]
32, 1, 2.19, [66169, 150655]
32, 2, 2.08, [66169, 156909]
32, 3, 2.08, [127089, 150655]
32, 4, 2.08, [279, 98062]
32, 5, 2.08, [89, 118602]
32, 6, 2.07, [66169, 156909]
32, 7, 2.06, [65901, 282]
32, 8, 2.06, [67331, 150655]
32, 9, 2.06, [1063, 31634]
33, 0, 2.2, [62858, 150655]
33, 1, 2.19, [66169, 150655]
33, 2, 2.11, [56240, 150655]
33, 3, 2.07, [281, 150655]
33, 4, 2.07, [62858, 123523]
33, 5, 2.07, [150652, 282]
33, 6, 2.06, [62858, 33298]
33, 7, 2.04, [282, 90]
33, 8, 2.04, [11387, 150652]
33, 9, 2.03, [65901, 156909]
34, 0, 2.2, [62858, 150655]
34, 1, 2.19, [66169, 150655]
34, 2, 2.15, [62858, 150015]
34, 3, 2.11, [11388, 88]
34, 4, 2.09, [56240, 150654]
34, 5, 2.08, [56240, 80662]
34, 6, 2.08, [56240, 149059]
34, 7, 2.06, [86, 150655]
34, 8, 2.05, [70639, 56239]
34, 9, 2.05, [286, 33298]
35, 0, 2.2, [62858, 150655]
35, 1, 2.19, [66169, 150655]
35, 2, 2.14, [56240, 90]
35, 3, 2.11, [66166, 150015]
35, 4, 2.11, [62858, 148118]
35, 5, 2.09, [62858, 150655]
35, 6, 2.09, [62858, 285]
35, 7, 2.07, [56241, 11387]
35, 8, 2.04, [123523, 156909]
35, 9, 2.04, [56239, 123523]
36, 0, 2.2, [62858, 150655]
36, 1, 2.19, [66169, 150655]
36, 2, 2.11, [62858, 150015]
36, 3, 2.09, [56237, 71858]
36, 4, 2.08, [284, 150655]
36, 5, 2.08, [11388, 150654]
36, 6, 2.08, [6376, 90]
36, 7, 2.07, [11387, 150655]
36, 8, 2.06, [148118, 150652]
36, 9, 2.05, [278, 134365]
37, 0, 2.2, [62858, 150655]
37, 1, 2.19, [66169, 150655]
37, 2, 2.12, [278, 283]
37, 3, 2.1, [279, 80450]
37, 4, 2.1, [56239, 71858]
37, 5, 2.1, [56237, 150655]
37, 6, 2.07, [65897, 156909]
37, 7, 2.06, [31634, 14223]
37, 8, 2.06, [66169, 150015]
37, 9, 2.05, [62858, 150655]
38, 0, 2.2, [62858, 150655]
38, 1, 2.19, [11387, 56240]
38, 2, 2.19, [66169, 150655]
38, 3, 2.15, [56239, 283]
38, 4, 2.11, [66167, 56240]
38, 5, 2.1, [90, 150655]
38, 6, 2.08, [86, 150655]
38, 7, 2.07, [66169, 90]
38, 8, 2.06, [558, 1060]
38, 9, 2.06, [279, 150655]
39, 0, 2.2, [62858, 150655]
39, 1, 2.19, [11387, 56240]
39, 2, 2.13, [56240, 1060]
39, 3, 2.13, [66169, 1061]
39, 4, 2.12, [46, 150652]
39, 5, 2.07, [11388, 113173]
39, 6, 2.07, [11388, 56240]
39, 7, 2.06, [11387, 150654]
39, 8, 2.05, [150654, 150655]
39, 9, 2.04, [67331, 127089]
40, 0, 2.2, [62858, 150655]
40, 1, 2.19, [11387, 56240]
40, 2, 2.16, [66169, 150652]
40, 3, 2.09, [11387, 150015]
40, 4, 2.08, [33297, 150655]
40, 5, 2.08, [11388, 1060]
40, 6, 2.06, [1061, 283]
40, 7, 2.06, [62858, 56237]
40, 8, 2.06, [62858, 90]
40, 9, 2.03, [56239, 56240]
41, 0, 2.2, [62858, 150655]
41, 1, 2.19, [11387, 56240]
41, 2, 2.15, [284, 279]
41, 3, 2.13, [62858, 150654]
41, 4, 2.1, [66169, 150654]
41, 5, 2.09, [62858, 66170]
41, 6, 2.08, [11388, 150655]
41, 7, 2.08, [285, 284]
41, 8, 2.07, [1060, 148118]
41, 9, 2.06, [62858, 149059]
42, 0, 2.2, [62858, 150655]
42, 1, 2.19, [11387, 56240]
42, 2, 2.14, [62858, 1061]
42, 3, 2.11, [11387, 150015]
42, 4, 2.1, [286, 148118]
42, 5, 2.1, [56240, 156909]
42, 6, 2.1, [62858, 90]
42, 7, 2.09, [95674, 56237]
42, 8, 2.07, [62858, 66169]
42, 9, 2.05, [282, 86]
43, 0, 2.2, [62858, 150655]
43, 1, 2.19, [11387, 56240]
43, 2, 2.16, [62858, 148118]
43, 3, 2.13, [88, 156909]
43, 4, 2.13, [66169, 56240]
43, 5, 2.11, [86, 1061]
43, 6, 2.11, [56239, 56240]
43, 7, 2.1, [11387, 150015]
43, 8, 2.09, [56239, 56240]
43, 9, 2.08, [11388, 150655]
44, 0, 2.2, [62858, 150655]
44, 1, 2.19, [11387, 56240]
44, 2, 2.15, [88, 150652]
44, 3, 2.13, [62858, 148118]
44, 4, 2.11, [62858, 148118]
44, 5, 2.07, [88, 150015]
44, 6, 2.07, [66167, 148118]
44, 7, 2.05, [66167, 56240]
44, 8, 2.05, [10375, 148118]
44, 9, 2.05, [11387, 56239]
45, 0, 2.2, [62858, 150655]
45, 1, 2.19, [11387, 56240]
45, 2, 2.12, [11387, 150652]
45, 3, 2.1, [56241, 56240]
45, 4, 2.1, [88, 150652]
45, 5, 2.09, [62858, 150655]
45, 6, 2.08, [66171, 70638]
45, 7, 2.08, [11388, 150655]
45, 8, 2.07, [66167, 56240]
45, 9, 2.07, [62858, 66169]
46, 0, 2.2, [62858, 150655]
46, 1, 2.19, [11387, 56240]
46, 2, 2.15, [11387, 150015]
46, 3, 2.14, [62858, 148118]
46, 4, 2.11, [62858, 66169]
46, 5, 2.1, [11388, 150655]
46, 6, 2.07, [10375, 150655]
46, 7, 2.06, [62858, 56239]
46, 8, 2.06, [6376, 150655]
46, 9, 2.05, [66167, 56240]
47, 0, 2.2, [62858, 150655]
47, 1, 2.19, [11387, 56240]
47, 2, 2.1, [56241, 558]
47, 3, 2.08, [1062, 150015]
47, 4, 2.08, [10375, 66169]
47, 5, 2.08, [280, 118606]
47, 6, 2.08, [6376, 150655]
47, 7, 2.07, [33298, 150015]
47, 8, 2.07, [11388, 150655]
47, 9, 2.05, [62858, 66169]
48, 0, 2.2, [62858, 150655]
48, 1, 2.19, [11387, 56240]
48, 2, 2.13, [62858, 56239]
48, 3, 2.11, [11387, 150652]
48, 4, 2.09, [62858, 66170]
48, 5, 2.07, [62858, 66169]
48, 6, 2.07, [11925, 150655]
48, 7, 2.06, [62858, 66170]
48, 8, 2.05, [6376, 150655]
48, 9, 2.05, [11387, 150652]
49, 0, 2.2, [62858, 150655]
49, 1, 2.19, [11387, 56240]
49, 2, 2.14, [66167, 150652]
49, 3, 2.11, [279, 150652]
49, 4, 2.1, [66169, 71858]
49, 5, 2.09, [62858, 66170]
49, 6, 2.09, [11387, 62858]
49, 7, 2.08, [11925, 150655]
49, 8, 2.07, [62858, 56239]
49, 9, 2.07, [6376, 150655]
50, 0, 2.2, [62858, 150655]
50, 1, 2.19, [11387, 56240]
50, 2, 2.12, [66167, 150652]
50, 3, 2.11, [56240, 150652]
50, 4, 2.1, [56240, 150655]
50, 5, 2.1, [279, 150652]
50, 6, 2.08, [11388, 150652]
50, 7, 2.08, [56241, 56240]
50, 8, 2.06, [11387, 156909]
50, 9, 2.06, [11387, 150015]
