num_genrations,diversity,improvement,best_fitness
0,1.0,0,63.33
1,0.9061111111111111,0.0,63.33
2,0.5605555555555555,0.005210800568450944,63.66
3,0.42999999999999994,0.0069117185045554155,64.1
4,0.3122222222222222,0.010140405616224738,64.75
5,0.3811111111111112,0.00463320463320459,65.05
6,0.20833333333333326,-0.0032282859338969064,64.84
7,0.016666666666666607,0.016810610734114797,65.93
8,0.03888888888888897,0.00788715304110414,66.45
9,0.008333333333333304,0.0,66.45
10,0.02499999999999991,0.004514672686230205,66.75
