generation number, pop_size, worst, best, median, avg, std, diversity, improvement, number_of_selections
0, 10, 2.02, 2.13, 2.07, 2.064, 0.03352610922848037,0.9111111111111111,0,[1.e-300]
1, 10, 2.03, 2.14, 2.0999999999999996, 2.099, 0.03176476034853721,0.8444444444444444,0.004694835680751282,[10.]
2, 10, 2.06, 2.17, 2.115, 2.107, 0.03436568055487914,0.8333333333333333,0.014018691588784955,[20.]
3, 10, 2.07, 2.17, 2.1100000000000003, 2.1109999999999998, 0.029816103031751192,0.8555555555555556,0.0,[30.]
4, 10, 2.06, 2.17, 2.085, 2.0949999999999998, 0.035846896657869845,0.9666666666666667,0.0,[40.]
5, 10, 2.04, 2.17, 2.09, 2.093, 0.04050925820105823,0.8666666666666667,0.0,[50.]
6, 10, 2.05, 2.17, 2.0949999999999998, 2.105, 0.04224926034855524,0.9111111111111111,0.0,[60.]
7, 10, 2.06, 2.17, 2.0949999999999998, 2.1059999999999994, 0.040546269865426574,0.9111111111111111,0.0,[70.]
8, 10, 2.07, 2.17, 2.085, 2.1, 0.03741657386773943,0.9444444444444444,0.0,[80.]
9, 10, 2.03, 2.17, 2.105, 2.099, 0.05048762224545736,0.9666666666666667,0.0,[90.]
10, 10, 2.04, 2.17, 2.06, 2.082, 0.04621688003316537,0.9111111111111111,0.0,[100.]
