num_genrations,diversity,improvement,best_fitness
0,0.9983333333333333,0,25.79
1,0.7949999999999999,-0.30632027917797594,17.89
2,0.7366666666666667,0.17216321967579643,20.97
3,0.5866666666666667,0.17119694802098237,24.56
4,0.5666666666666667,0.03949511400651476,25.53
5,0.42833333333333323,0.045436741088915,26.69
6,0.33499999999999996,0.0,26.69
7,0.16166666666666663,0.025477707006369414,27.37
8,0.07499999999999996,0.0,27.37
9,0.02499999999999991,0.134819145049324,31.06
10,0.02499999999999991,0.0,31.06
