generation number, individual number, fitness, candidate
0, 0, 3.16, [90, 86, 46]
0, 1, 3.12, [40787, 87, 56240]
0, 2, 3.12, [14197, 113477, 286]
0, 3, 3.12, [70364, 121382, 59751]
0, 4, 3.11, [56239, 11387, 11388]
0, 5, 3.1, [280, 56240, 66167]
0, 6, 3.08, [100807, 283, 47392]
0, 7, 3.04, [70197, 80450, 1063]
0, 8, 3.03, [96147, 93408, 126458]
0, 9, 3.02, [93407, 47500, 127088]
1, 0, 3.16, [70364, 124712, 286]
1, 1, 3.16, [90, 86, 46]
1, 2, 3.15, [93406, 279, 282]
1, 3, 3.13, [282, 121382, 59751]
1, 4, 3.13, [14197, 88, 46]
1, 5, 3.12, [14198, 279, 91978]
1, 6, 3.12, [14197, 66076, 59751]
1, 7, 3.12, [40787, 87, 56240]
1, 8, 3.11, [14198, 14201, 56240]
1, 9, 3.1, [90, 66076, 286]
2, 0, 3.17, [70364, 86, 56240]
2, 1, 3.16, [70364, 124712, 286]
2, 2, 3.16, [90, 86, 46]
2, 3, 3.15, [14201, 279, 46]
2, 4, 3.14, [70193, 221360, 286]
2, 5, 3.14, [70364, 66076, 286]
2, 6, 3.13, [76776, 66167, 1062]
2, 7, 3.11, [90, 87, 286]
2, 8, 3.1, [70193, 124712, 46]
2, 9, 3.09, [66079, 87, 286]
3, 0, 3.21, [70364, 46, 286]
3, 1, 3.17, [70364, 86, 56240]
3, 2, 3.16, [70364, 124712, 286]
3, 3, 3.15, [70193, 86, 286]
3, 4, 3.12, [70364, 86, 89]
3, 5, 3.12, [14198, 124712, 90]
3, 6, 3.12, [14201, 279, 66170]
3, 7, 3.11, [90, 87, 56240]
3, 8, 3.08, [66079, 124712, 56240]
3, 9, 3.07, [85839, 121382, 286]
4, 0, 3.21, [70364, 46, 286]
4, 1, 3.17, [70364, 86, 56240]
4, 2, 3.13, [70364, 90, 56240]
4, 3, 3.11, [76776, 86, 286]
4, 4, 3.11, [76776, 46, 56240]
4, 5, 3.11, [70364, 86, 821]
4, 6, 3.11, [70364, 46, 1060]
4, 7, 3.09, [70193, 86, 56239]
4, 8, 3.09, [70364, 86, 285]
4, 9, 3.07, [66079, 62858, 286]
5, 0, 3.21, [70364, 46, 286]
5, 1, 3.17, [70364, 284, 286]
5, 2, 3.17, [70364, 86, 56240]
5, 3, 3.15, [70364, 90, 282]
5, 4, 3.13, [70364, 127088, 56240]
5, 5, 3.11, [70364, 282, 286]
5, 6, 3.11, [70364, 90, 286]
5, 7, 3.11, [70364, 46, 56237]
5, 8, 3.09, [70364, 89, 56240]
5, 9, 3.09, [96144, 46, 56240]
6, 0, 3.21, [56241, 86, 286]
6, 1, 3.21, [70364, 46, 286]
6, 2, 3.17, [70364, 284, 286]
6, 3, 3.14, [14198, 46, 11388]
6, 4, 3.13, [70364, 286, 56240]
6, 5, 3.11, [62858, 46, 80449]
6, 6, 3.11, [66076, 86, 286]
6, 7, 3.11, [70198, 46, 56240]
6, 8, 3.1, [70193, 284, 286]
6, 9, 3.1, [70364, 126458, 66169]
7, 0, 3.26, [56239, 46, 286]
7, 1, 3.21, [56241, 86, 286]
7, 2, 3.21, [70364, 46, 286]
7, 3, 3.19, [70364, 86, 90]
7, 4, 3.17, [66169, 86, 286]
7, 5, 3.17, [62858, 40786, 286]
7, 6, 3.14, [70364, 86, 124712]
7, 7, 3.12, [66076, 46, 88]
7, 8, 3.12, [56241, 90, 286]
7, 9, 3.06, [148118, 14223, 558]
8, 0, 3.26, [56239, 46, 286]
8, 1, 3.25, [56239, 46, 70193]
8, 2, 3.21, [62858, 86, 286]
8, 3, 3.21, [56241, 86, 286]
8, 4, 3.14, [56239, 90, 279]
8, 5, 3.13, [66076, 86, 286]
8, 6, 3.13, [283, 40786, 286]
8, 7, 3.12, [94016, 113478, 286]
8, 8, 3.11, [76776, 86, 286]
8, 9, 3.1, [56241, 46, 558]
9, 0, 3.26, [56239, 46, 286]
9, 1, 3.25, [56239, 46, 70193]
9, 2, 3.17, [56240, 46, 70193]
9, 3, 3.17, [56239, 46, 285]
9, 4, 3.16, [62858, 46, 286]
9, 5, 3.15, [62858, 86, 66079]
9, 6, 3.12, [56239, 89, 90]
9, 7, 3.12, [56237, 86, 286]
9, 8, 3.1, [100807, 46, 70365]
9, 9, 3.08, [56239, 89, 286]
10, 0, 3.26, [56239, 46, 286]
10, 1, 3.25, [56239, 46, 70193]
10, 2, 3.17, [56239, 46, 279]
10, 3, 3.14, [56239, 98063, 14198]
10, 4, 3.14, [56239, 89, 70193]
10, 5, 3.13, [56241, 46, 286]
10, 6, 3.13, [98062, 59751, 70193]
10, 7, 3.1, [56239, 46, 90]
10, 8, 3.1, [56239, 90, 285]
10, 9, 3.09, [56239, 113478, 98063]
11, 0, 3.26, [56239, 46, 286]
11, 1, 3.25, [56239, 46, 70193]
11, 2, 3.17, [56239, 46, 282]
11, 3, 3.16, [56239, 88, 279]
11, 4, 3.15, [56239, 46, 282]
11, 5, 3.13, [56239, 86, 279]
11, 6, 3.12, [56239, 66169, 70194]
11, 7, 3.11, [93408, 46, 70193]
11, 8, 3.1, [56239, 46, 70199]
11, 9, 3.1, [284, 93408, 286]
12, 0, 3.26, [56239, 46, 286]
12, 1, 3.25, [56239, 46, 70193]
12, 2, 3.16, [56239, 88, 285]
12, 3, 3.16, [93406, 87, 90]
12, 4, 3.13, [56239, 279, 286]
12, 5, 3.12, [90, 46, 13042]
12, 6, 3.11, [56239, 73932, 279]
12, 7, 3.11, [70364, 6376, 282]
12, 8, 3.11, [85839, 46, 88]
12, 9, 3.08, [56237, 46, 279]
13, 0, 3.26, [56239, 46, 286]
13, 1, 3.25, [56239, 46, 70193]
13, 2, 3.2, [56239, 88, 90]
13, 3, 3.19, [285, 46, 66169]
13, 4, 3.17, [56239, 87, 286]
13, 5, 3.15, [93406, 46, 70199]
13, 6, 3.09, [56239, 42918, 70364]
13, 7, 3.08, [93406, 90, 286]
13, 8, 3.08, [56240, 46, 286]
13, 9, 3.07, [56237, 46, 90]
14, 0, 3.26, [56239, 46, 286]
14, 1, 3.25, [56239, 46, 70193]
14, 2, 3.21, [94016, 46, 286]
14, 3, 3.21, [56240, 46, 87]
14, 4, 3.16, [62858, 46, 70193]
14, 5, 3.15, [56239, 278, 286]
14, 6, 3.14, [56239, 89, 90]
14, 7, 3.13, [70196, 76776, 70193]
14, 8, 3.09, [73932, 46, 66169]
14, 9, 3.09, [56241, 46, 286]
15, 0, 3.26, [56239, 46, 286]
15, 1, 3.25, [56239, 46, 70193]
15, 2, 3.16, [94015, 70364, 286]
15, 3, 3.14, [70365, 46, 286]
15, 4, 3.13, [56240, 46, 90]
15, 5, 3.13, [56239, 46, 70364]
15, 6, 3.12, [94016, 46, 88]
15, 7, 3.12, [150655, 46, 76776]
15, 8, 3.08, [56240, 46, 76776]
15, 9, 3.08, [66170, 46, 85838]
16, 0, 3.26, [56239, 46, 286]
16, 1, 3.25, [56239, 46, 70193]
16, 2, 3.17, [148118, 286, 11388]
16, 3, 3.14, [56239, 62858, 1063]
16, 4, 3.14, [80450, 87, 286]
16, 5, 3.14, [56239, 89, 286]
16, 6, 3.13, [56239, 59751, 96148]
16, 7, 3.1, [11388, 76776, 46]
16, 8, 3.08, [98065, 278, 286]
16, 9, 3.06, [56239, 70364, 127088]
17, 0, 3.26, [56239, 46, 286]
17, 1, 3.25, [56239, 46, 70193]
17, 2, 3.12, [221360, 46, 282]
17, 3, 3.11, [127088, 46, 286]
17, 4, 3.11, [282, 46, 47392]
17, 5, 3.11, [283, 88, 70193]
17, 6, 3.1, [148118, 286, 89]
17, 7, 3.1, [76776, 46, 86]
17, 8, 3.08, [6376, 73931, 70193]
17, 9, 3.08, [56239, 93408, 70193]
18, 0, 3.26, [56239, 46, 286]
18, 1, 3.25, [56239, 46, 70193]
18, 2, 3.22, [282, 46, 11388]
18, 3, 3.16, [56239, 86, 282]
18, 4, 3.16, [56241, 46, 282]
18, 5, 3.15, [56239, 88, 282]
18, 6, 3.14, [62858, 46, 286]
18, 7, 3.11, [221360, 86, 286]
18, 8, 3.09, [221360, 46, 93406]
18, 9, 3.08, [66169, 46, 70193]
19, 0, 3.26, [56239, 46, 286]
19, 1, 3.25, [56239, 46, 70193]
19, 2, 3.15, [56239, 46, 11387]
19, 3, 3.14, [56239, 46, 86]
19, 4, 3.13, [88, 46, 286]
19, 5, 3.13, [282, 46, 76776]
19, 6, 3.12, [56239, 93407, 90]
19, 7, 3.11, [66169, 46, 127089]
19, 8, 3.11, [90, 46, 70193]
19, 9, 3.09, [85838, 46, 66076]
20, 0, 3.26, [56239, 46, 286]
20, 1, 3.25, [56239, 46, 70193]
20, 2, 3.12, [81178, 46, 6376]
20, 3, 3.12, [1927, 88, 70193]
20, 4, 3.11, [62858, 46, 11387]
20, 5, 3.11, [1062, 46, 6376]
20, 6, 3.1, [56239, 6376, 70193]
20, 7, 3.1, [150655, 46, 282]
20, 8, 3.1, [56239, 558, 70197]
20, 9, 3.09, [80450, 46, 70193]
21, 0, 3.26, [56239, 46, 286]
21, 1, 3.25, [56239, 46, 70193]
21, 2, 3.17, [56239, 46, 284]
21, 3, 3.17, [56239, 66170, 70193]
21, 4, 3.15, [56239, 90, 70193]
21, 5, 3.15, [14197, 46, 66170]
21, 6, 3.12, [1062, 88, 113477]
21, 7, 3.09, [56237, 66167, 286]
21, 8, 3.08, [1927, 46, 11388]
21, 9, 3.05, [281, 46, 286]
22, 0, 3.26, [56239, 46, 286]
22, 1, 3.25, [56239, 46, 70193]
22, 2, 3.16, [56239, 88, 286]
22, 3, 3.14, [42918, 46, 66078]
22, 4, 3.13, [56239, 46, 76776]
22, 5, 3.12, [56239, 1061, 286]
22, 6, 3.11, [286, 47500, 1060]
22, 7, 3.07, [62858, 66079, 150655]
22, 8, 3.06, [127088, 77088, 70365]
22, 9, 3.05, [70197, 66170, 70364]
23, 0, 3.26, [56239, 46, 286]
23, 1, 3.25, [56239, 46, 70193]
23, 2, 3.13, [62858, 46, 70199]
23, 3, 3.12, [62858, 46, 6376]
23, 4, 3.12, [89, 280, 286]
23, 5, 3.11, [98062, 46, 279]
23, 6, 3.11, [56239, 86, 66078]
23, 7, 3.09, [70196, 87, 70199]
23, 8, 3.09, [96144, 283, 91978]
23, 9, 3.08, [86, 46, 11388]
24, 0, 3.26, [56239, 46, 286]
24, 1, 3.25, [56239, 46, 70193]
24, 2, 3.2, [56239, 88, 286]
24, 3, 3.19, [56239, 70197, 282]
24, 4, 3.14, [62858, 90, 70193]
24, 5, 3.13, [62858, 89, 286]
24, 6, 3.1, [56239, 88, 6376]
24, 7, 3.1, [283, 88, 286]
24, 8, 3.09, [70196, 126458, 76776]
24, 9, 3.08, [127088, 46, 284]
25, 0, 3.26, [56239, 46, 286]
25, 1, 3.25, [56239, 46, 70193]
25, 2, 3.19, [89, 113477, 46]
25, 3, 3.15, [56239, 66170, 284]
25, 4, 3.13, [98062, 46, 66078]
25, 5, 3.13, [284, 88, 89]
25, 6, 3.11, [56237, 46, 90]
25, 7, 3.1, [56239, 94017, 93406]
25, 8, 3.1, [823, 89, 286]
25, 9, 3.09, [11388, 1062, 284]
26, 0, 3.26, [56239, 46, 286]
26, 1, 3.25, [56239, 46, 70193]
26, 2, 3.19, [56239, 46, 66076]
26, 3, 3.14, [56239, 282, 70198]
26, 4, 3.13, [62858, 46, 113477]
26, 5, 3.13, [56239, 46, 90]
26, 6, 3.12, [56239, 66170, 90]
26, 7, 3.12, [89, 70193, 86]
26, 8, 3.1, [89, 1063, 46]
26, 9, 3.08, [96147, 90, 66079]
27, 0, 3.26, [56239, 46, 286]
27, 1, 3.25, [56239, 46, 70193]
27, 2, 3.15, [56239, 46, 11387]
27, 3, 3.11, [56239, 87, 90]
27, 4, 3.11, [56239, 70199, 286]
27, 5, 3.1, [62858, 46, 286]
27, 6, 3.1, [56239, 47392, 70197]
27, 7, 3.1, [56239, 85838, 11388]
27, 8, 3.09, [66169, 144434, 1063]
27, 9, 3.09, [113477, 76776, 286]
28, 0, 3.26, [56239, 46, 286]
28, 1, 3.25, [56239, 46, 70193]
28, 2, 3.17, [56239, 90, 66169]
28, 3, 3.17, [282, 87, 70193]
28, 4, 3.16, [56239, 1061, 91978]
28, 5, 3.15, [56239, 46, 148118]
28, 6, 3.13, [14198, 46, 96144]
28, 7, 3.11, [126458, 46, 80450]
28, 8, 3.11, [56239, 86543, 282]
28, 9, 3.08, [86543, 73932, 66079]
29, 0, 3.26, [56239, 46, 286]
29, 1, 3.25, [56239, 46, 70193]
29, 2, 3.22, [56239, 88, 70193]
29, 3, 3.15, [56237, 46, 70193]
29, 4, 3.14, [90, 46, 70193]
29, 5, 3.13, [66076, 62858, 98062]
29, 6, 3.12, [56240, 90, 40786]
29, 7, 3.12, [282, 87, 1063]
29, 8, 3.1, [56239, 14223, 283]
29, 9, 3.1, [91978, 70364, 93406]
30, 0, 3.26, [56239, 46, 286]
30, 1, 3.25, [56239, 46, 70193]
30, 2, 3.18, [66167, 46, 70193]
30, 3, 3.17, [56239, 87, 1060]
30, 4, 3.17, [56237, 88, 286]
30, 5, 3.15, [56239, 46, 66079]
30, 6, 3.13, [98065, 86, 14197]
30, 7, 3.13, [56239, 46, 823]
30, 8, 3.11, [56237, 46, 285]
30, 9, 3.08, [56241, 80449, 286]
31, 0, 3.26, [56239, 46, 286]
31, 1, 3.25, [56239, 46, 70193]
31, 2, 3.16, [56239, 90, 286]
31, 3, 3.12, [56239, 46, 80450]
31, 4, 3.1, [6376, 88, 286]
31, 5, 3.1, [56239, 281, 6376]
31, 6, 3.1, [85839, 150655, 286]
31, 7, 3.1, [62858, 40786, 286]
31, 8, 3.09, [56239, 90, 1060]
31, 9, 3.09, [1062, 46, 286]
32, 0, 3.26, [56239, 46, 286]
32, 1, 3.25, [56239, 46, 70193]
32, 2, 3.19, [66167, 14201, 286]
32, 3, 3.18, [56239, 94016, 286]
32, 4, 3.16, [56239, 89, 80450]
32, 5, 3.15, [56239, 86, 80450]
32, 6, 3.15, [56241, 96648, 286]
32, 7, 3.12, [62858, 40786, 286]
32, 8, 3.11, [56241, 13042, 70364]
32, 9, 3.09, [62858, 46, 90]
33, 0, 3.26, [56239, 46, 286]
33, 1, 3.25, [56239, 46, 70193]
33, 2, 3.16, [56239, 1927, 286]
33, 3, 3.15, [56239, 13042, 286]
33, 4, 3.11, [66171, 46, 144434]
33, 5, 3.1, [56239, 66078, 11388]
33, 6, 3.1, [56239, 96648, 73932]
33, 7, 3.08, [66171, 46, 286]
33, 8, 3.08, [56239, 88, 94016]
33, 9, 3.08, [66167, 98065, 14199]
34, 0, 3.26, [56239, 46, 286]
34, 1, 3.25, [56239, 46, 70193]
34, 2, 3.2, [56239, 284, 285]
34, 3, 3.16, [56239, 14198, 70193]
34, 4, 3.13, [285, 46, 93406]
34, 5, 3.11, [70195, 46, 284]
34, 6, 3.11, [56239, 89, 286]
34, 7, 3.1, [62858, 46, 144434]
34, 8, 3.09, [56239, 46, 66079]
34, 9, 3.09, [66171, 86, 286]
35, 0, 3.26, [56239, 46, 286]
35, 1, 3.25, [56239, 46, 70193]
35, 2, 3.15, [56239, 14198, 1062]
35, 3, 3.15, [56239, 284, 66079]
35, 4, 3.14, [76776, 46, 89]
35, 5, 3.14, [56239, 87, 286]
35, 6, 3.13, [80449, 46, 14198]
35, 7, 3.13, [56239, 11388, 66169]
35, 8, 3.13, [56239, 88, 70193]
35, 9, 3.08, [56239, 80450, 286]
36, 0, 3.26, [56239, 46, 286]
36, 1, 3.25, [56239, 46, 70193]
36, 2, 3.18, [56239, 56240, 286]
36, 3, 3.14, [98062, 46, 70193]
36, 4, 3.13, [56239, 14198, 285]
36, 5, 3.13, [56239, 46, 66076]
36, 6, 3.11, [56239, 1927, 286]
36, 7, 3.11, [56239, 46, 90]
36, 8, 3.1, [150655, 46, 1062]
36, 9, 3.1, [56239, 284, 70364]
37, 0, 3.26, [56239, 46, 286]
37, 1, 3.25, [56239, 46, 70193]
37, 2, 3.2, [56239, 88, 70193]
37, 3, 3.2, [56239, 89, 144434]
37, 4, 3.17, [284, 12067, 14197]
37, 5, 3.16, [56241, 56240, 286]
37, 6, 3.13, [86543, 46, 286]
37, 7, 3.13, [14223, 46, 11925]
37, 8, 3.12, [150655, 46, 283]
37, 9, 3.11, [14223, 14198, 70193]
38, 0, 3.26, [56239, 46, 286]
38, 1, 3.25, [56239, 46, 70193]
38, 2, 3.2, [56239, 90, 70193]
38, 3, 3.19, [94017, 86, 286]
38, 4, 3.17, [56240, 88, 93407]
38, 5, 3.17, [86, 46, 70193]
38, 6, 3.14, [56240, 89, 286]
38, 7, 3.13, [56239, 46, 282]
38, 8, 3.12, [66169, 86, 283]
38, 9, 3.11, [62858, 46, 11925]
39, 0, 3.26, [56239, 46, 286]
39, 1, 3.25, [56239, 46, 70193]
39, 2, 3.21, [56239, 46, 66079]
39, 3, 3.18, [66078, 98065, 286]
39, 4, 3.17, [56239, 14201, 96648]
39, 5, 3.17, [56239, 89, 286]
39, 6, 3.16, [56239, 62858, 90]
39, 7, 3.14, [56239, 90, 70193]
39, 8, 3.1, [94017, 46, 12067]
39, 9, 3.08, [282, 150655, 286]
40, 0, 3.26, [56239, 46, 286]
40, 1, 3.25, [56239, 46, 70193]
40, 2, 3.22, [56240, 46, 93406]
40, 3, 3.2, [56239, 86, 286]
40, 4, 3.16, [56237, 46, 70193]
40, 5, 3.15, [56237, 46, 286]
40, 6, 3.15, [73932, 46, 66169]
40, 7, 3.14, [56239, 1062, 70364]
40, 8, 3.14, [56239, 70199, 70364]
40, 9, 3.12, [148118, 285, 100807]
41, 0, 3.26, [56239, 46, 286]
41, 1, 3.25, [56239, 46, 70193]
41, 2, 3.2, [56239, 87, 93406]
41, 3, 3.13, [66167, 46, 93406]
41, 4, 3.13, [56241, 46, 70193]
41, 5, 3.12, [56240, 88, 286]
41, 6, 3.12, [56240, 46, 148118]
41, 7, 3.12, [821, 1060, 286]
41, 8, 3.11, [56240, 46, 282]
41, 9, 3.09, [56237, 46, 93406]
42, 0, 3.26, [56239, 46, 286]
42, 1, 3.25, [77088, 46, 282]
42, 2, 3.25, [56239, 46, 70193]
42, 3, 3.16, [56240, 46, 70193]
42, 4, 3.14, [56239, 87, 93406]
42, 5, 3.13, [56239, 90, 286]
42, 6, 3.12, [127088, 46, 1061]
42, 7, 3.12, [66167, 46, 70193]
42, 8, 3.09, [56237, 46, 70193]
42, 9, 3.08, [286, 66171, 42918]
43, 0, 3.26, [56239, 46, 286]
43, 1, 3.25, [77088, 46, 282]
43, 2, 3.22, [56239, 88, 282]
43, 3, 3.16, [77088, 87, 286]
43, 4, 3.14, [56239, 66076, 285]
43, 5, 3.13, [56239, 89, 282]
43, 6, 3.1, [77088, 46, 80449]
43, 7, 3.1, [77088, 88, 286]
43, 8, 3.09, [56240, 46, 93406]
43, 9, 3.08, [56241, 46, 282]
44, 0, 3.26, [56239, 46, 286]
44, 1, 3.25, [77088, 46, 282]
44, 2, 3.17, [56239, 86, 286]
44, 3, 3.15, [56239, 88, 282]
44, 4, 3.15, [56239, 87, 282]
44, 5, 3.12, [56239, 284, 12067]
44, 6, 3.12, [86, 11388, 1060]
44, 7, 3.11, [98063, 66169, 282]
44, 8, 3.1, [47392, 46, 286]
44, 9, 3.08, [56239, 46, 14223]
45, 0, 3.26, [56239, 46, 286]
45, 1, 3.25, [77088, 46, 282]
45, 2, 3.19, [56240, 46, 282]
45, 3, 3.16, [77088, 89, 286]
45, 4, 3.16, [59751, 46, 286]
45, 5, 3.14, [56239, 86, 282]
45, 6, 3.12, [66167, 46, 282]
45, 7, 3.12, [66169, 46, 14198]
45, 8, 3.11, [56239, 11388, 40786]
45, 9, 3.11, [77088, 87, 284]
46, 0, 3.26, [56239, 46, 286]
46, 1, 3.25, [77088, 46, 282]
46, 2, 3.21, [56239, 90, 286]
46, 3, 3.19, [56239, 90, 282]
46, 4, 3.19, [285, 46, 80450]
46, 5, 3.17, [56239, 56241, 286]
46, 6, 3.09, [77088, 89, 286]
46, 7, 3.09, [56241, 70196, 62858]
46, 8, 3.08, [59751, 124712, 286]
46, 9, 3.05, [558, 76776, 282]
47, 0, 3.26, [56239, 46, 286]
47, 1, 3.25, [77088, 46, 282]
47, 2, 3.17, [56239, 76776, 286]
47, 3, 3.15, [62858, 90, 282]
47, 4, 3.15, [59751, 46, 286]
47, 5, 3.14, [56239, 148118, 282]
47, 6, 3.13, [56239, 90, 46]
47, 7, 3.13, [56239, 70365, 284]
47, 8, 3.1, [77088, 90, 286]
47, 9, 3.1, [56237, 46, 282]
48, 0, 3.26, [56239, 46, 286]
48, 1, 3.25, [77088, 46, 282]
48, 2, 3.19, [70365, 76776, 282]
48, 3, 3.18, [56239, 86, 282]
48, 4, 3.18, [77088, 46, 285]
48, 5, 3.16, [59751, 46, 90]
48, 6, 3.16, [59751, 46, 286]
48, 7, 3.13, [77088, 62858, 286]
48, 8, 3.12, [56237, 46, 282]
48, 9, 3.1, [77088, 80450, 286]
49, 0, 3.27, [56239, 87, 282]
49, 1, 3.26, [56239, 46, 286]
49, 2, 3.25, [77088, 46, 282]
49, 3, 3.17, [70196, 46, 66170]
49, 4, 3.16, [66167, 56237, 46]
49, 5, 3.15, [59751, 46, 286]
49, 6, 3.14, [56239, 70196, 282]
49, 7, 3.13, [94016, 76776, 286]
49, 8, 3.12, [59751, 46, 286]
49, 9, 3.11, [77088, 46, 284]
50, 0, 3.27, [56239, 87, 282]
50, 1, 3.26, [56239, 46, 286]
50, 2, 3.19, [66167, 46, 56237]
50, 3, 3.15, [66078, 14198, 1061]
50, 4, 3.12, [66167, 286, 87]
50, 5, 3.12, [126458, 87, 286]
50, 6, 3.12, [56239, 90, 286]
50, 7, 3.1, [77088, 88, 280]
50, 8, 3.1, [14200, 46, 85838]
50, 9, 3.07, [56239, 81178, 282]
