n_nodes,influence,n0,n1,n2,n3,n4,n5,n6,n7,n8,n9,n10,n11,n12,n13,n14,n15,n16,n17,n18,n19
20,942.9000,8,3,7,0,9,4,5,6,14,22,13,27,19,20,51,33,54,123,60,21
20,942.9000,8,3,7,0,9,4,5,6,14,22,13,27,19,20,51,33,54,123,60,21
20,942.9000,8,3,7,0,9,4,5,6,14,22,13,27,19,20,51,33,54,123,60,21
20,940.5500,0,3,4,5,6,7,8,9,14,22,13,27,19,20,51,33,54,123,60,21
20,939.6100,8,3,7,0,9,4,5,6,14,22,13,27,19,20,51,33,54,123,60,21
20,939.6100,8,3,7,0,9,4,5,6,14,22,13,27,19,20,51,33,54,123,60,21
20,939.3600,0,3,4,5,6,7,8,9,14,22,13,27,19,20,51,33,54,123,60,21
20,939.3600,0,3,4,5,6,7,8,9,14,22,13,27,19,20,51,33,54,123,60,21
20,939.3600,0,3,4,5,6,7,8,9,14,22,13,27,19,20,51,33,54,123,60,21
20,937.7000,0,3,4,5,6,7,8,9,14,22,13,27,19,20,51,33,54,123,60,21
20,937.7000,0,3,4,5,6,7,8,9,14,22,13,27,19,20,51,33,54,123,60,21
20,937.7000,0,3,4,5,6,7,8,9,14,22,13,27,19,20,51,33,54,123,60,21
20,937.7000,0,3,4,5,6,7,8,9,14,22,13,27,19,20,51,33,54,123,60,21
20,937.7000,0,3,4,5,6,7,8,9,14,22,13,27,19,20,51,33,54,123,60,21
20,936.0500,8,3,7,0,9,4,5,6,14,22,13,27,19,20,51,33,54,123,60,21
20,936.0500,8,3,7,0,9,4,5,6,14,22,13,27,19,20,51,33,54,123,60,21
20,936.0500,8,3,7,0,9,4,5,6,14,22,13,27,19,20,51,33,54,123,60,21
20,935.7700,8,3,7,0,9,4,5,6,14,22,13,27,19,20,51,33,54,123,60,21
20,935.7700,8,3,7,0,9,4,5,6,14,22,13,27,19,20,51,33,54,123,60,21
20,935.7700,8,3,7,0,9,4,5,6,14,22,13,27,19,20,51,33,54,123,60,21
20,935.7500,8,3,7,0,9,4,5,6,14,22,13,27,19,20,51,33,54,123,60,21
20,935.3100,8,3,7,0,9,4,5,6,14,22,13,27,19,20,51,33,54,123,60,21
20,935.2200,0,3,4,5,6,7,8,9,14,22,13,27,19,20,51,33,54,123,60,21
20,935.2200,0,3,4,5,6,7,8,9,14,22,13,27,19,20,51,33,54,123,60,21
20,935.2200,0,3,4,5,6,7,8,9,14,22,13,27,19,20,51,33,54,123,60,21
20,935.2200,0,3,4,5,6,7,8,9,14,22,13,27,19,20,51,33,54,123,60,21
20,935.2200,0,3,4,5,6,7,8,9,14,22,13,27,19,20,51,33,54,123,60,21
20,935.2200,0,3,4,5,6,7,8,9,14,22,13,27,19,20,51,33,54,123,60,21
20,935.2200,0,3,4,5,6,7,8,9,14,22,13,27,19,20,51,33,54,123,60,21
20,935.2200,0,3,4,5,6,7,8,9,14,22,13,27,19,20,51,33,54,123,60,21
20,935.2200,0,3,4,5,6,7,8,9,14,22,13,27,19,20,51,33,54,123,60,21
20,935.2200,0,3,4,5,6,7,8,9,14,22,13,27,19,20,51,33,54,123,60,21
