generation number, pop_size, worst, best, median, avg, std, diversity, improvement, number_of_selections
0, 10, 4.77, 13.44, 7.89, 8.055, 2.2891319315408625,0.9777777777777777,0,[1.e-300]
1, 10, 6.72, 14.36, 9.719999999999999, 10.539, 2.463267951319953,0.8888888888888888,0.06845238095238095,[1.e-300]
2, 10, 6.17, 14.55, 10.53, 10.395999999999999, 3.072823457343425,0.8888888888888888,0.013231197771587834,[1.e-300]
3, 10, 11.78, 14.9, 12.11, 13.035, 1.2891179154755392,0.7,0.02405498281786939,[1.e-300]
4, 10, 4.85, 14.9, 10.58, 10.148, 3.115740040504021,0.9444444444444444,0.0,[1.e-300]
5, 10, 7.77, 14.9, 9.254999999999999, 10.456999999999999, 2.6761130394660086,0.9333333333333333,0.0,[1.e-300]
6, 10, 7.48, 14.9, 11.62, 11.16, 2.452806555764233,0.8444444444444444,0.0,[1.e-300]
7, 10, 6.84, 14.9, 8.739999999999998, 9.607, 2.683680495140955,0.9333333333333333,0.0,[1.e-300]
8, 10, 6.56, 14.9, 7.5649999999999995, 9.227, 3.1155739439146686,0.9444444444444444,0.0,[1.e-300]
9, 10, 6.0, 14.9, 10.690000000000001, 10.288, 3.1849232329838033,0.8333333333333334,0.0,[1.e-300]
10, 10, 6.19, 14.9, 9.94, 10.77, 2.7285600598117683,0.8555555555555556,0.0,[1.e-300]
