n_nodes,influence,n0,n1,n2,n3,n4,n5,n6,n7,n8,n9
10,137.0000,2565,1549,15,72,737,1166,5079,2328,2237,28
10,137.0000,2565,1549,15,72,737,1166,5079,2328,2237,28
10,137.0000,2565,1549,15,72,737,1166,5079,2328,2237,28
10,137.0000,2565,1549,15,72,737,1166,5079,2328,2237,28
10,137.0000,2565,1549,15,72,737,1166,5079,2328,2237,28
10,137.0000,2565,1549,15,72,737,1166,5079,2328,2237,28
10,137.0000,2565,1549,15,72,737,1166,5079,2328,2237,28
10,137.0000,2565,1549,15,72,737,1166,5079,2328,2237,28
10,137.0000,2565,1549,15,72,737,1166,5079,2328,2237,28
10,137.0000,2565,1549,15,72,737,1166,5079,2328,2237,28
10,137.0000,2565,1549,15,72,737,1166,5079,2328,2237,28
10,137.0000,2565,1549,15,72,737,1166,5079,2328,2237,28
10,137.0000,2565,1549,15,72,737,1166,5079,2328,2237,28
10,137.0000,2565,1549,15,72,737,1166,5079,2328,2237,28
10,137.0000,2565,1549,15,72,737,1166,5079,2328,2237,28
10,137.0000,2565,1549,15,72,737,1166,5079,2328,2237,28
