n_nodes,influence,n0,n1,n2,n3,n4,n5,n6,n7,n8,n9,n10,n11,n12,n13,n14,n15,n16,n17,n18,n19
20,30.7600,4364,13713,24597,20765,21281,676,18225,13614,19645,4164,6222,15189,5210,19423,11241,20716,1653,17655,6264,19961
20,30.7600,4364,13713,24597,20765,21281,676,18225,13614,19645,4164,6222,15189,5210,19423,11241,20716,1653,17655,6264,19961
20,30.7600,4364,13713,24597,20765,21281,676,18225,13614,19645,4164,6222,15189,5210,19423,11241,20716,1653,17655,6264,19961
20,30.7600,4364,13713,24597,20765,21281,676,18225,13614,19645,4164,6222,15189,5210,19423,11241,20716,1653,17655,6264,19961
20,30.7600,4364,13713,24597,20765,21281,676,18225,13614,19645,4164,6222,15189,5210,19423,11241,20716,1653,17655,6264,19961
20,30.7600,4364,13713,24597,20765,21281,676,18225,13614,19645,4164,6222,15189,5210,19423,11241,20716,1653,17655,6264,19961
20,30.7600,4364,13713,24597,20765,21281,676,18225,13614,19645,4164,6222,15189,5210,19423,11241,20716,1653,17655,6264,19961
20,30.7600,4364,13713,24597,20765,21281,676,18225,13614,19645,4164,6222,15189,5210,19423,11241,20716,1653,17655,6264,19961
20,30.7600,4364,13713,24597,20765,21281,676,18225,13614,19645,4164,6222,15189,5210,19423,11241,20716,1653,17655,6264,19961
20,30.7600,4364,13713,24597,20765,21281,676,18225,13614,19645,4164,6222,15189,5210,19423,11241,20716,1653,17655,6264,19961
20,30.7600,4364,13713,24597,20765,21281,676,18225,13614,19645,4164,6222,15189,5210,19423,11241,20716,1653,17655,6264,19961
20,30.7600,4364,13713,24597,20765,21281,676,18225,13614,19645,4164,6222,15189,5210,19423,11241,20716,1653,17655,6264,19961
20,30.7600,4364,13713,24597,20765,21281,676,18225,13614,19645,4164,6222,15189,5210,19423,11241,20716,1653,17655,6264,19961
20,30.7600,4364,13713,24597,20765,21281,676,18225,13614,19645,4164,6222,15189,5210,19423,11241,20716,1653,17655,6264,19961
20,30.7600,4364,13713,24597,20765,21281,676,18225,13614,19645,4164,6222,15189,5210,19423,11241,20716,1653,17655,6264,19961
20,30.7600,4364,13713,24597,20765,21281,676,18225,13614,19645,4164,6222,15189,5210,19423,11241,20716,1653,17655,6264,19961
20,30.7600,4364,13713,24597,20765,21281,676,18225,13614,19645,4164,6222,15189,5210,19423,11241,20716,1653,17655,6264,19961
20,30.7600,4364,13713,24597,20765,21281,676,18225,13614,19645,4164,6222,15189,5210,19423,11241,20716,1653,17655,6264,19961
20,30.7600,4364,13713,24597,20765,21281,676,18225,13614,19645,4164,6222,15189,5210,19423,11241,20716,1653,17655,6264,19961
20,30.7600,4364,13713,24597,20765,21281,676,18225,13614,19645,4164,6222,15189,5210,19423,11241,20716,1653,17655,6264,19961
20,30.7600,4364,13713,24597,20765,21281,676,18225,13614,19645,4164,6222,15189,5210,19423,11241,20716,1653,17655,6264,19961
20,30.7600,4364,13713,24597,20765,21281,676,18225,13614,19645,4164,6222,15189,5210,19423,11241,20716,1653,17655,6264,19961
20,30.7600,4364,13713,24597,20765,21281,676,18225,13614,19645,4164,6222,15189,5210,19423,11241,20716,1653,17655,6264,19961
20,30.7600,4364,13713,24597,20765,21281,676,18225,13614,19645,4164,6222,15189,5210,19423,11241,20716,1653,17655,6264,19961
20,30.7600,4364,13713,24597,20765,21281,676,18225,13614,19645,4164,6222,15189,5210,19423,11241,20716,1653,17655,6264,19961
20,30.7600,4364,13713,24597,20765,21281,676,18225,13614,19645,4164,6222,15189,5210,19423,11241,20716,1653,17655,6264,19961
20,30.7600,4364,13713,24597,20765,21281,676,18225,13614,19645,4164,6222,15189,5210,19423,11241,20716,1653,17655,6264,19961
20,30.7600,4364,13713,24597,20765,21281,676,18225,13614,19645,4164,6222,15189,5210,19423,11241,20716,1653,17655,6264,19961
20,30.7600,4364,13713,24597,20765,21281,676,18225,13614,19645,4164,6222,15189,5210,19423,11241,20716,1653,17655,6264,19961
20,30.7600,4364,13713,24597,20765,21281,676,18225,13614,19645,4164,6222,15189,5210,19423,11241,20716,1653,17655,6264,19961
20,30.7600,4364,13713,24597,20765,21281,676,18225,13614,19645,4164,6222,15189,5210,19423,11241,20716,1653,17655,6264,19961
20,30.7600,4364,13713,24597,20765,21281,676,18225,13614,19645,4164,6222,15189,5210,19423,11241,20716,1653,17655,6264,19961
20,30.7600,4364,13713,24597,20765,21281,676,18225,13614,19645,4164,6222,15189,5210,19423,11241,20716,1653,17655,6264,19961
20,30.7600,4364,13713,24597,20765,21281,676,18225,13614,19645,4164,6222,15189,5210,19423,11241,20716,1653,17655,6264,19961
20,30.7600,4364,13713,24597,20765,21281,676,18225,13614,19645,4164,6222,15189,5210,19423,11241,20716,1653,17655,6264,19961
20,30.7600,4364,13713,24597,20765,21281,676,18225,13614,19645,4164,6222,15189,5210,19423,11241,20716,1653,17655,6264,19961
20,30.7600,4364,13713,24597,20765,21281,676,18225,13614,19645,4164,6222,15189,5210,19423,11241,20716,1653,17655,6264,19961
20,30.7600,4364,13713,24597,20765,21281,676,18225,13614,19645,4164,6222,15189,5210,19423,11241,20716,1653,17655,6264,19961
20,30.7600,4364,13713,24597,20765,21281,676,18225,13614,19645,4164,6222,15189,5210,19423,11241,20716,1653,17655,6264,19961
20,30.7600,4364,13713,24597,20765,21281,676,18225,13614,19645,4164,6222,15189,5210,19423,11241,20716,1653,17655,6264,19961
20,30.7600,4364,13713,24597,20765,21281,676,18225,13614,19645,4164,6222,15189,5210,19423,11241,20716,1653,17655,6264,19961
20,30.7600,4364,13713,24597,20765,21281,676,18225,13614,19645,4164,6222,15189,5210,19423,11241,20716,1653,17655,6264,19961
20,30.7600,4364,13713,24597,20765,21281,676,18225,13614,19645,4164,6222,15189,5210,19423,11241,20716,1653,17655,6264,19961
20,30.7600,4364,13713,24597,20765,21281,676,18225,13614,19645,4164,6222,15189,5210,19423,11241,20716,1653,17655,6264,19961
20,30.7600,4364,13713,24597,20765,21281,676,18225,13614,19645,4164,6222,15189,5210,19423,11241,20716,1653,17655,6264,19961
20,30.7600,4364,13713,24597,20765,21281,676,18225,13614,19645,4164,6222,15189,5210,19423,11241,20716,1653,17655,6264,19961
20,30.7600,4364,13713,24597,20765,21281,676,18225,13614,19645,4164,6222,15189,5210,19423,11241,20716,1653,17655,6264,19961
20,30.7600,4364,13713,24597,20765,21281,676,18225,13614,19645,4164,6222,15189,5210,19423,11241,20716,1653,17655,6264,19961
20,30.3300,4364,13713,24597,20765,21281,676,18225,13614,19645,4164,6222,15189,5210,19423,11241,20716,1653,17655,6264,19961
20,30.2100,4364,13713,24597,20765,21281,676,18225,13614,19645,4164,6222,15189,5210,19423,11241,20716,1653,17655,6264,19961
20,30.1900,4364,13713,24597,482,21281,676,13614,18225,19645,4164,6222,15189,5210,19423,11241,20716,1653,17655,6264,19961
20,30.1600,4364,13713,24597,20765,21281,676,18225,13614,19645,4164,6222,15189,5210,19423,11241,20716,1653,17655,6264,19961
20,30.1100,4364,13713,24597,20765,21281,676,18225,13614,19645,4164,6222,15189,5210,19423,11241,20716,1653,17655,6264,19961
20,30.1000,4364,13713,24597,20765,21281,676,18225,13614,19645,4164,6222,15189,5210,19423,11241,20716,1653,17655,6264,19961
20,30.0700,4364,13713,24597,482,21281,676,18225,13614,19645,4164,6222,15189,5210,19423,11241,20716,1653,17655,6264,19961
20,30.0300,4364,13713,24597,20765,21281,676,18225,13614,19645,4164,6222,15189,5210,19423,11241,20716,1653,17655,6264,19961
20,29.9600,4364,13713,24597,20765,21281,676,18225,13614,19645,4164,6222,15189,5210,19423,11241,20716,1653,17655,6264,19961
20,29.8200,4364,13713,24597,20765,21281,676,18225,13614,19645,4164,6222,15189,5210,19423,11241,20716,1653,17655,6264,19961
20,29.7900,4364,13713,24597,20765,21281,676,18225,13614,19645,4164,6222,15189,5210,19423,11241,20716,1653,17655,6264,19961
20,29.7700,4364,13713,24597,20765,21281,676,18225,13614,19645,4164,6222,15189,5210,19423,11241,20716,1653,17655,6264,19961
20,29.7700,4364,13713,24597,20765,21281,676,18225,13614,19645,4164,6222,15189,5210,19423,11241,20716,1653,17655,6264,19961
20,29.7000,4364,13713,24597,20765,21281,676,18225,13614,19645,4164,6222,15189,5210,19423,11241,20716,1653,17655,6264,19961
20,29.6800,4364,13713,24597,20765,21281,676,18225,13614,19645,4164,6222,15189,5210,19423,11241,20716,1653,17655,6264,19961
20,29.6700,4364,13713,24597,20765,21281,676,13614,18225,19645,4164,6222,15189,5210,19423,11241,20716,1653,17655,6264,19961
20,29.6600,4364,13713,24597,20765,21281,676,18225,13614,19645,4164,6222,15189,5210,19423,11241,20716,1653,17655,6264,19961
20,29.6500,4364,13713,24597,20765,21281,676,18225,13614,19645,4164,6222,15189,5210,19423,11241,20716,1653,17655,6264,19961
20,29.6000,4364,13713,24597,3804,21281,676,13614,18225,19645,4164,6222,15189,5210,19423,11241,20716,1653,17655,6264,19961
20,29.5800,4364,13713,24597,20765,21281,676,18225,13614,19645,4164,6222,15189,5210,19423,11241,20716,1653,17655,6264,19961
20,29.5600,4364,13713,24597,20765,21281,676,18225,13614,19645,4164,6222,15189,5210,19423,11241,20716,1653,17655,6264,19961
20,29.5400,4364,13713,24597,20765,21281,676,18225,13614,19645,4164,6222,15189,5210,19423,11241,20716,1653,17655,6264,19961
20,29.5200,4364,13713,24597,20765,21281,676,18225,13614,19645,4164,6222,15189,5210,19423,11241,20716,1653,17655,6264,19961
20,29.5100,4364,13713,24597,20765,21281,676,18225,13614,19645,4164,6222,15189,5210,19423,11241,20716,1653,17655,6264,19961
20,29.5100,4364,13713,24597,20765,21281,676,18225,13614,19645,4164,6222,15189,5210,19423,11241,20716,1653,17655,6264,19961
20,29.5000,4364,13713,24597,20765,21281,676,18225,13614,19645,4164,6222,15189,5210,19423,11241,20716,1653,17655,6264,19961
20,29.4600,4364,13713,24597,20765,21281,676,18225,13614,19645,4164,6222,15189,5210,19423,11241,20716,1653,17655,6264,19961
20,29.4600,4364,13713,24597,20765,21281,676,18225,13614,19645,4164,6222,15189,5210,19423,11241,20716,1653,17655,6264,19961
20,29.4400,4364,13713,24597,20765,21281,676,18225,13614,19645,4164,6222,15189,5210,19423,11241,20716,1653,17655,6264,19961
20,29.4200,4364,13713,24597,20765,21281,676,18225,13614,19645,4164,6222,15189,5210,19423,11241,20716,1653,17655,6264,19961
20,29.4200,4364,13713,24597,20765,21281,676,18225,13614,19645,4164,6222,15189,5210,19423,11241,20716,1653,17655,6264,19961
20,29.4000,4364,13713,24597,20765,21281,676,18225,13614,19645,4164,6222,15189,5210,19423,11241,20716,1653,17655,6264,19961
20,29.4000,4364,13713,24597,20765,21281,676,18225,13614,19645,4164,6222,15189,5210,19423,11241,20716,1653,17655,6264,19961
20,29.3500,4364,13713,24597,20765,21281,676,18225,13614,19645,4164,6222,15189,5210,19423,11241,20716,1653,17655,6264,19961
20,29.3500,4364,13713,24597,20765,21281,676,18225,13614,19645,4164,6222,15189,5210,19423,11241,20716,1653,17655,6264,19961
20,29.2900,4364,13713,24597,20765,21281,676,18225,13614,19645,4164,6222,15189,5210,19423,11241,20716,1653,17655,6264,19961
20,29.2900,4364,13713,24597,20765,21281,676,18225,13614,19645,4164,6222,15189,5210,19423,11241,20716,1653,17655,6264,19961
20,29.2900,4364,13713,24597,20765,21281,676,18225,13614,19645,4164,6222,15189,5210,19423,11241,20716,1653,17655,6264,19961
20,29.2600,4364,13713,24597,20765,21281,676,18225,13614,19645,4164,6222,15189,5210,19423,11241,20716,1653,17655,6264,19961
20,29.2200,4364,13713,24597,20765,21281,676,18225,13614,19645,4164,6222,15189,5210,19423,11241,20716,1653,17655,6264,19961
20,29.2100,4364,13713,24597,20765,21281,676,18225,13614,19645,4164,6222,15189,5210,19423,11241,20716,1653,17655,6264,19961
20,29.2100,4364,13713,24597,20765,21281,676,18225,13614,19645,4164,6222,15189,5210,19423,11241,20716,1653,17655,6264,19961
20,29.1800,4364,13713,24597,20765,21281,676,18225,13614,19645,4164,6222,15189,5210,19423,11241,20716,1653,17655,6264,19961
20,29.1700,4364,13713,24597,20765,21281,676,18225,13614,19645,4164,6222,15189,5210,19423,11241,20716,1653,17655,6264,19961
20,29.1000,4364,13713,24597,20765,21281,676,18225,13614,19645,4164,6222,15189,5210,19423,11241,20716,1653,17655,6264,19961
20,29.0600,4364,13713,24597,20765,21281,676,18225,13614,19645,4164,6222,15189,5210,19423,11241,20716,1653,17655,6264,19961
20,29.0500,4364,13713,24597,20765,21281,676,18225,13614,19645,4164,6222,15189,5210,19423,11241,20716,1653,17655,6264,19961
20,29.0400,4364,13713,24597,20765,21281,676,18225,13614,19645,4164,6222,15189,5210,19423,11241,20716,1653,17655,6264,19961
20,29.0300,4364,13713,24597,20765,21281,676,18225,13614,19645,4164,6222,15189,5210,19423,11241,20716,1653,17655,6264,19961
20,29.0200,4364,13713,24597,20765,21281,676,18225,13614,19645,4164,6222,15189,5210,19423,11241,20716,1653,17655,6264,19961
20,29.0200,4364,13713,24597,20765,21281,676,13614,18225,19645,4164,6222,15189,19475,19423,11241,20716,1653,17655,6264,19961
20,29.0000,4364,13713,24597,20765,21281,676,18225,13614,19645,4164,6222,15189,5210,19423,11241,20716,1653,17655,6264,19961
