generation number, pop_size, worst, best, median, avg, std, diversity, improvement, number_of_selections
0, 10, 2.0, 2.08, 2.025, 2.0300000000000002, 0.020000000000000018,0.9666666666666667,0,[1.e-300]
1, 10, 2.02, 2.09, 2.05, 2.053, 0.025317977802344308,0.9333333333333333,0.004807692307692205,[1.e-300]
2, 10, 2.03, 2.17, 2.085, 2.0780000000000003, 0.037894590642992845,0.8444444444444444,0.03827751196172252,[1.e-300]
3, 10, 2.04, 2.17, 2.09, 2.091, 0.03672873534441391,0.8777777777777778,0.0,[1.e-300]
4, 10, 2.04, 2.17, 2.1, 2.1, 0.043358966777357635,0.8111111111111111,0.0,[1.e-300]
5, 10, 2.05, 2.17, 2.1100000000000003, 2.1100000000000003, 0.038729833462074204,0.8888888888888888,0.0,[1.e-300]
6, 10, 2.05, 2.17, 2.0949999999999998, 2.103, 0.03950949253027687,0.9,0.0,[1.e-300]
7, 10, 2.06, 2.17, 2.105, 2.11, 0.04358898943540671,0.9555555555555556,0.0,[1.e-300]
8, 10, 2.09, 2.17, 2.105, 2.1189999999999998, 0.02913760456866693,0.8333333333333333,0.0,[1.e-300]
9, 10, 2.03, 2.17, 2.085, 2.0970000000000004, 0.04172529209005015,0.8444444444444444,0.0,[1.e-300]
10, 10, 2.05, 2.17, 2.09, 2.102, 0.045782092569038375,0.8333333333333334,0.0,[1.e-300]
