num_genrations,diversity,improvement,best_fitness
5,0.275,0.0,145.54
6,0.1244959677419355,0.21306857221382453,176.55
7,0.1128024193548387,0.19699801755876523,211.33
0,0.9998991935483871,0,112.55
8,0.09606854838709689,0.0,211.33
1,0.8755040322580645,0.0005330964015993094,112.61
9,0.1039314516129034,0.0,211.33
10,0.09516129032258058,0.0,211.33
2,0.4574596774193549,0.22600124322884294,138.06
3,0.720866935483871,0.031580472258438255,142.42
4,0.5324596774193548,0.02190703552871791,145.54
5,0.275,0.0,145.54
6,0.1244959677419355,0.21306857221382453,176.55
7,0.1128024193548387,0.19699801755876523,211.33
8,0.09606854838709689,0.0,211.33
9,0.1039314516129034,0.0,211.33
10,0.09516129032258058,0.0,211.33
