n_nodes,influence,n0,n1,n2,n3,n4,n5,n6
7,1659.3700,3634,6406,7429,5468,8023,3563,4536
7,1659.3700,3634,6406,7429,5468,8023,3563,4536
7,1659.3700,3634,6406,7429,5468,8023,3563,4536
7,1658.8000,3634,6406,7429,5468,8023,3563,4536
7,1658.8000,3634,6406,7429,5468,8023,3563,4536
7,1658.8000,3634,6406,7429,5468,8023,3563,4536
7,1658.8000,3634,6406,7429,5468,8023,3563,4536
7,1658.8000,3634,6406,7429,5468,8023,3563,4536
7,1658.8000,3634,6406,7429,5468,8023,3563,4536
7,1658.8000,3634,6406,7429,5468,8023,3563,4536
7,1658.8000,3634,6406,7429,5468,8023,3563,4536
7,1658.8000,3634,6406,7429,5468,8023,3563,4536
7,1658.8000,3634,6406,7429,5468,8023,3563,4536
7,1658.8000,3634,6406,7429,5468,8023,3563,4536
7,1658.8000,3634,6406,7429,5468,8023,3563,4536
7,1658.8000,3634,6406,7429,5468,8023,3563,4536
