n_nodes,influence,n0,n1,n2,n3,n4,n5,n6
7,12.7000,48224,81608,161165,143313,88919,76029,152542
7,12.6500,48224,81608,161165,143313,88919,143948,152542
7,12.6500,48224,81608,161165,143313,88919,143948,152542
7,12.6500,48224,81608,161165,143313,88919,143948,152542
7,12.6500,48224,81608,161165,143313,88919,143948,152542
7,12.6500,48224,81608,161165,143313,88919,143948,152542
7,12.6500,48224,81608,161165,143313,88919,143948,152542
7,12.6500,48224,81608,161165,143313,88919,143948,152542
7,12.6500,48224,81608,161165,143313,88919,143948,152542
7,12.5200,48224,81608,161165,143313,88919,143948,152542
7,12.5100,48224,81608,161165,143313,88919,76029,152542
7,12.5100,48224,81608,161165,143313,88919,76029,152542
7,12.5100,48224,81608,161165,143313,88919,76029,152542
7,12.5100,48224,81608,161165,143313,88919,76029,152542
7,12.5100,48224,81608,161165,143313,88919,76029,152542
7,12.5100,48224,81608,161165,143313,88919,76029,152542
