num_genrations,diversity,improvement,best_fitness
0,1.0,0,9.09
1,0.8216666666666667,0.11881188118811882,10.17
2,0.6516666666666666,0.3244837758112095,13.47
3,0.5283333333333333,0.036377134372680045,13.96
4,0.575,0.2628939828080228,17.63
5,0.42833333333333345,0.0,17.63
6,0.12166666666666659,0.011911514463981898,17.84
7,0.04999999999999993,-0.011771300448430541,17.63
8,0.0,0.0,17.63
9,0.0,0.002268859897901458,17.67
10,0.02499999999999991,0.004527447651386434,17.75
11,0.02499999999999991,0.022535211267605555,18.15
12,0.02499999999999991,0.0,18.15
13,0.0,0.0,18.15
14,0.0,0.0,18.15
15,0.0,0.0,18.15
16,0.0,0.0,18.15
17,0.0,0.022038567493113066,18.55
18,0.02499999999999991,0.0021563342318058837,18.59
19,0.06499999999999995,0.0,18.59
20,0.10499999999999976,0.037116729424421804,19.28
