n_nodes,influence,n0,n1,n2,n3,n4,n5,n6,n7,n8,n9
10,17.6600,21281,12365,7956,17823,3812,6610,15414,6456,19423,6525
10,17.6600,21281,12365,7956,17823,3812,6610,15414,6456,19423,6525
10,17.6600,21281,12365,7956,17823,3812,6610,15414,6456,19423,6525
10,17.6600,21281,12365,7956,17823,3812,6610,15414,6456,19423,6525
10,17.6600,21281,12365,7956,17823,3812,6610,15414,6456,19423,6525
10,17.6600,21281,12365,7956,17823,3812,6610,15414,6456,19423,6525
10,17.6600,21281,12365,7956,17823,3812,6610,15414,6456,19423,6525
10,17.6600,21281,12365,7956,17823,3812,6610,15414,6456,19423,6525
10,17.6600,21281,12365,7956,17823,3812,6610,15414,6456,19423,6525
10,17.6600,21281,12365,7956,17823,3812,6610,15414,6456,19423,6525
10,17.6600,21281,12365,7956,17823,3812,6610,15414,6456,19423,6525
10,17.6600,21281,12365,7956,17823,3812,6610,15414,6456,19423,6525
10,17.6600,21281,12365,7956,17823,3812,6610,15414,6456,19423,6525
10,17.6600,21281,12365,7956,17823,3812,6610,15414,6456,19423,6525
10,17.6600,21281,12365,7956,17823,3812,6610,15414,6456,19423,6525
10,17.6600,21281,12365,7956,17823,3812,6610,15414,6456,19423,6525
10,17.6600,21281,12365,7956,17823,3812,6610,15414,6456,19423,6525
10,17.6600,21281,12365,7956,17823,3812,6610,15414,6456,19423,6525
10,17.6600,21281,12365,7956,17823,3812,6610,15414,6456,19423,6525
10,17.6600,21281,12365,7956,17823,3812,6610,15414,6456,19423,6525
10,17.6600,21281,12365,7956,17823,3812,6610,15414,6456,19423,6525
10,17.6600,21281,12365,7956,17823,3812,6610,15414,6456,19423,6525
10,17.6600,21281,12365,7956,17823,3812,6610,15414,6456,19423,6525
10,17.6600,21281,12365,7956,17823,3812,6610,15414,6456,19423,6525
10,17.6600,21281,12365,7956,17823,3812,6610,15414,6456,19423,6525
10,17.6600,21281,12365,7956,17823,3812,6610,15414,6456,19423,6525
10,17.6600,21281,12365,7956,17823,3812,6610,15414,6456,19423,6525
10,17.6600,21281,12365,7956,17823,3812,6610,15414,6456,19423,6525
10,17.6600,21281,12365,7956,17823,3812,6610,15414,6456,19423,6525
10,17.6600,21281,12365,7956,17823,3812,6610,15414,6456,19423,6525
10,17.6600,21281,12365,7956,17823,3812,6610,15414,6456,19423,6525
10,17.6600,21281,12365,7956,17823,3812,6610,15414,6456,19423,6525
10,17.6600,21281,12365,7956,17823,3812,6610,15414,6456,19423,6525
10,17.6600,21281,12365,7956,17823,3812,6610,15414,6456,19423,6525
10,17.6600,21281,12365,7956,17823,3812,6610,15414,6456,19423,6525
10,17.6600,21281,12365,7956,17823,3812,6610,15414,6456,19423,6525
10,17.6600,21281,12365,7956,17823,3812,6610,15414,6456,19423,6525
10,17.6600,21281,12365,7956,17823,3812,6610,15414,6456,19423,6525
10,17.6600,21281,12365,7956,17823,3812,6610,15414,6456,19423,6525
10,17.6600,21281,12365,7956,17823,3812,6610,15414,6456,19423,6525
10,17.6600,21281,12365,7956,17823,3812,6610,15414,6456,19423,6525
10,17.6600,21281,12365,7956,17823,3812,6610,15414,6456,19423,6525
10,17.6600,21281,12365,7956,17823,3812,6610,15414,6456,19423,6525
10,17.6600,21281,12365,7956,17823,3812,6610,15414,6456,19423,6525
10,17.6600,21281,12365,7956,17823,3812,6610,15414,6456,19423,6525
10,17.6600,21281,12365,7956,17823,3812,6610,15414,6456,19423,6525
10,17.6600,21281,12365,7956,17823,3812,6610,15414,6456,19423,6525
10,17.6600,21281,12365,7956,17823,3812,6610,15414,6456,19423,6525
10,17.2800,21281,12365,7956,17823,3812,6610,15414,6456,19423,6525
10,17.2300,21281,12365,7956,17823,3812,6610,15414,6456,19423,6525
10,17.0600,21281,12365,7956,17823,3812,6610,15414,6456,19423,6525
10,17.0600,21281,12365,7956,17823,3812,6610,15414,6456,19423,6525
10,16.9200,21281,12365,7956,17823,3812,6610,15414,6456,19423,6525
10,16.9100,21281,12365,7956,17823,3812,6610,15414,6456,19423,6525
10,16.8600,21281,12365,7956,17823,3812,6610,15414,6456,19423,6525
10,16.8500,21281,12365,7956,17823,3812,6610,15414,6456,19423,6525
10,16.8400,21281,12365,7956,17823,3812,6610,15414,6456,19423,6525
10,16.7800,21281,12365,7956,17823,3812,6610,15414,6456,19423,6525
10,16.7500,21281,12365,7956,17823,3812,6610,15414,6456,19423,6525
10,16.7400,21281,12365,7956,17823,3812,6610,15414,6456,19423,6525
10,16.7000,21281,12365,7956,17823,3812,6610,15414,6456,19423,6525
10,16.6900,21281,3812,12365,6610,7956,9616,6456,19423,6525,17823
10,16.6200,21281,12365,7956,17823,3812,6610,15414,6456,19423,6525
10,16.6100,21281,12365,7956,17823,3812,6610,15414,6456,19423,6525
10,16.6100,21281,12365,7956,17823,3812,6610,15414,6456,19423,6525
10,16.5800,21281,12365,7956,17823,3812,6610,15414,6456,19423,6525
10,16.5800,21281,12365,7956,17823,3812,6610,15414,6456,19423,6525
10,16.5500,21281,12365,7956,17823,3812,6610,15414,6456,19423,6525
10,16.5500,21281,12365,7956,17823,3812,6610,15414,6456,19423,6525
10,16.5100,21281,12365,7956,17823,3812,6610,15414,6456,19423,6525
10,16.4400,21281,12365,7956,17823,3812,6610,15414,6456,19423,6525
10,16.4400,21281,12365,7956,17823,3812,6610,15414,6456,19423,6525
10,16.4300,21281,12365,7956,17823,3812,6610,15414,6456,19423,6525
10,16.4000,21281,12365,7956,17823,3812,6610,15414,6456,19423,6525
10,16.3900,21281,12365,7956,17823,3812,6610,15414,6456,19423,6525
10,16.3900,21281,12365,7956,17823,3812,6610,15414,6456,19423,6525
10,16.3700,21281,12365,7956,17823,3812,6610,15414,6456,19423,6525
10,16.3700,21281,12365,7956,17823,3812,6610,15414,6456,19423,6525
10,16.3300,21281,12365,7956,17823,3812,6610,15414,6456,19423,6525
10,16.2700,21281,12365,7956,17823,3812,6610,15414,6456,19423,6525
10,16.2700,21281,12365,7956,17823,3812,6610,15414,6456,19423,6525
10,16.2600,21281,12365,7956,17823,3812,6610,15414,6456,19423,6525
10,16.2300,21281,12365,7956,17823,3812,6610,15414,6456,19423,6525
10,16.2300,21281,12365,7956,17823,3812,6610,15414,6456,19423,6525
10,16.2100,21281,3812,12365,6610,7956,15161,6456,19423,6525,17823
10,16.1000,21281,12365,7956,17823,3812,6610,15414,6456,19423,6525
10,16.0700,21281,12365,7956,17823,3812,6610,15414,6456,19423,6525
10,16.0500,21281,12365,7956,17823,3812,6610,15414,6456,19423,6525
10,16.0200,21281,12365,7956,17823,3812,6610,15414,6456,19423,6525
10,16.0000,21281,12365,7956,17823,3812,6610,15414,6456,19423,6525
10,16.0000,21281,12365,7956,17823,3812,6610,15414,6456,19423,6525
10,15.9900,21281,3812,12365,6610,7350,15414,6456,19423,6525,17823
10,15.9900,21281,12365,7956,17823,3812,6610,15414,6456,19423,6525
10,15.9800,21281,12365,7956,17823,3812,6610,15414,6456,19423,6525
10,15.9700,21281,12365,7956,17823,3812,6610,15414,6456,19423,6525
10,15.9600,21281,12365,7956,17823,3812,6610,15414,6456,19423,6525
10,15.9400,21281,12365,7956,17823,3812,6610,15414,6456,19423,6525
10,15.9300,21281,12365,7956,17823,3812,6610,15414,6456,19423,6525
10,15.8800,21281,12365,7956,17823,3812,6610,15414,6456,19423,6525
10,15.8500,21281,12365,7956,17823,3812,6610,15414,6456,19423,6525
