n_nodes,influence,n0,n1,n2,n3,n4
5,712.0200,7429,3786,3634,5684,4536
5,712.0200,7429,3786,3634,5684,4536
5,712.0200,7429,3786,3634,5684,4536
5,712.0200,7429,3786,3634,5684,4536
5,712.0200,7429,3786,3634,5684,4536
5,712.0200,7429,3786,3634,5684,4536
5,712.0200,7429,3786,3634,5684,4536
5,709.3600,242,3786,3634,5684,4536
5,706.8200,7429,3786,3634,5684,4536
5,706.8200,7429,3786,3634,5684,4536
5,706.8200,7429,3786,3634,5684,4536
5,706.8200,7429,3786,3634,5684,4536
5,703.6600,7429,3786,3634,5684,4536
5,703.6600,7429,3786,3634,5684,4536
5,703.0200,7429,3786,3634,5684,4536
5,700.9200,7429,3786,3634,5684,4536
