n_nodes,influence,n0,n1,n2,n3,n4,n5,n6,n7,n8,n9
10,138.1100,15300,15108,2710,23614,9572,21281,3501,6700,16469,9017
10,138.1100,15300,15108,2710,23614,9572,21281,3501,6700,16469,9017
10,137.9500,15300,15108,2710,23614,9572,21281,3501,6700,16469,9017
10,137.9500,15300,15108,2710,23614,9572,21281,3501,6700,16469,9017
10,137.9500,15300,15108,2710,23614,9572,21281,3501,6700,16469,9017
10,137.9500,15300,15108,2710,23614,9572,21281,3501,6700,16469,9017
10,137.9500,15300,15108,2710,23614,9572,21281,3501,6700,16469,9017
10,137.9500,15300,15108,2710,23614,9572,21281,3501,6700,16469,9017
10,137.9500,15300,15108,2710,23614,9572,21281,3501,6700,16469,9017
10,137.9500,15300,15108,2710,23614,9572,21281,3501,6700,16469,9017
10,137.9500,15300,15108,2710,23614,9572,21281,3501,6700,16469,9017
10,137.9500,15300,15108,2710,23614,9572,21281,3501,6700,16469,9017
10,137.9500,15300,15108,2710,23614,9572,21281,3501,6700,16469,9017
10,137.9500,15300,15108,2710,23614,9572,21281,3501,6700,16469,9017
10,137.9500,15300,15108,2710,23614,9572,21281,3501,6700,16469,9017
10,137.9500,15300,15108,2710,23614,9572,21281,3501,6700,16469,9017
10,137.9500,15300,15108,2710,23614,9572,21281,3501,6700,16469,9017
10,137.9500,15300,15108,2710,23614,9572,21281,3501,6700,16469,9017
10,137.9500,15300,15108,2710,23614,9572,21281,3501,6700,16469,9017
10,137.9500,15300,15108,2710,23614,9572,21281,3501,6700,16469,9017
10,137.9500,15300,15108,2710,23614,9572,21281,3501,6700,16469,9017
10,137.9500,15300,15108,2710,23614,9572,21281,3501,6700,16469,9017
10,137.9500,15300,15108,2710,23614,9572,21281,3501,6700,16469,9017
10,137.9500,15300,15108,2710,23614,9572,21281,3501,6700,16469,9017
10,137.9500,15300,15108,2710,23614,9572,21281,3501,6700,16469,9017
10,137.9500,15300,15108,2710,23614,9572,21281,3501,6700,16469,9017
10,137.9500,15300,15108,2710,23614,9572,21281,3501,6700,16469,9017
10,137.9500,15300,15108,2710,23614,9572,21281,3501,6700,16469,9017
10,137.9500,15300,15108,2710,23614,9572,21281,3501,6700,16469,9017
10,137.9500,15300,15108,2710,23614,9572,21281,3501,6700,16469,9017
10,137.9500,15300,15108,2710,23614,9572,21281,3501,6700,16469,9017
10,137.9500,15300,15108,2710,23614,9572,21281,3501,6700,16469,9017
10,137.9500,15300,15108,2710,23614,9572,21281,3501,6700,16469,9017
10,137.9500,15300,15108,2710,23614,9572,21281,3501,6700,16469,9017
10,137.9500,15300,15108,2710,23614,9572,21281,3501,6700,16469,9017
10,137.9500,15300,15108,2710,23614,9572,21281,3501,6700,16469,9017
10,137.9500,15300,15108,2710,23614,9572,21281,3501,6700,16469,9017
10,137.9500,15300,15108,2710,23614,9572,21281,3501,6700,16469,9017
10,137.9500,15300,15108,2710,23614,9572,21281,3501,6700,16469,9017
10,137.9500,15300,15108,2710,23614,9572,21281,3501,6700,16469,9017
10,137.9500,15300,15108,2710,23614,9572,21281,3501,6700,16469,9017
10,137.9500,15300,15108,2710,23614,9572,21281,3501,6700,16469,9017
10,137.9500,15300,15108,2710,23614,9572,21281,3501,6700,16469,9017
10,137.9500,15300,15108,2710,23614,9572,21281,3501,6700,16469,9017
10,137.9500,15300,15108,2710,23614,9572,21281,3501,6700,16469,9017
10,137.9500,15300,15108,2710,23614,9572,21281,3501,6700,16469,9017
10,137.9500,15300,15108,2710,23614,9572,21281,3501,6700,16469,9017
10,137.9500,15300,15108,2710,23614,9572,21281,3501,6700,16469,9017
10,137.8000,15300,15108,2710,23614,9572,21281,3501,6700,16469,9017
10,136.8100,15300,15108,2710,23614,9572,21281,3501,6700,16469,9017
10,135.3800,15300,15108,2710,23614,9572,21281,3501,6700,16469,9017
10,135.1800,15300,15108,2710,23614,9572,21281,3501,6700,16469,9017
10,134.9000,15300,15108,2710,23614,9572,21281,3501,6700,16469,9017
10,134.8100,15300,15108,2710,23614,9572,21281,3501,6700,16469,9017
10,134.7700,15300,15108,2710,23614,9572,21281,3501,6700,16469,9017
10,134.6200,15300,15108,2710,23614,9572,21281,3501,6700,16469,9017
10,134.2200,15300,15108,2710,23614,9572,21281,3501,6700,16469,9017
10,133.6800,15300,15108,2710,23614,9572,21281,3501,6700,16469,9017
10,133.4900,15300,15108,2710,23614,9572,21281,3501,6700,16469,9017
10,133.2400,15300,15108,2710,23614,9572,21281,3501,6700,16469,9017
10,133.2300,15300,15108,2710,23614,9572,21281,3501,6700,16469,9017
10,133.2200,15300,15108,2710,23614,9572,21281,3501,6700,16469,9017
10,133.2100,15300,15108,2710,23614,9572,21281,3501,6700,16469,9017
10,133.1700,15300,15108,2710,23614,9572,21281,3501,6700,16469,9017
10,133.1100,15300,15108,2710,23614,9572,21281,3501,6700,16469,9017
10,133.0300,15300,15108,2710,23614,9572,21281,3501,6700,16469,9017
10,132.9300,15300,15108,2710,23614,9572,21281,3501,6700,16469,9017
10,132.7600,15300,15108,2710,23614,9572,21281,3501,6700,16469,9017
10,132.6200,15300,15108,2710,23614,9572,21281,3501,6700,16469,9017
10,132.4500,15300,15108,2710,23614,9572,21281,3501,6700,16469,9017
10,132.1700,15300,15108,2710,23614,9572,21281,3501,6700,16469,9017
10,132.1500,15300,15108,2710,23614,9572,21281,3501,6700,16469,9017
10,132.0500,15300,15108,2710,23614,9572,21281,3501,6700,16469,9017
10,131.9800,15300,15108,2710,23614,9572,21281,3501,6700,16469,9017
10,131.9200,15300,15108,2710,23614,9572,21281,3501,6700,16469,9017
10,131.9100,15300,15108,2710,23614,9572,21281,3501,6700,16469,9017
10,131.8700,15300,15108,2710,23614,9572,21281,3501,6700,16469,9017
10,131.7300,15300,15108,2710,23614,9572,21281,3501,6700,16469,9017
10,131.6400,15300,15108,2710,23614,9572,21281,3501,6700,16469,9017
10,131.6100,15300,15108,2710,23614,9572,21281,3501,6700,16469,9017
10,131.5400,15300,15108,2710,23614,9572,21281,3501,6700,16469,9017
10,131.5300,15300,15108,2710,23614,9572,21281,3501,6700,16469,9017
10,131.2400,15300,15108,2710,23614,9572,21281,3501,6700,16469,9017
10,130.9500,15300,15108,2710,23614,9572,21281,3501,6700,16469,9017
10,130.9300,15300,15108,2710,23614,9572,21281,3501,6700,16469,9017
10,130.6700,15300,15108,2710,23614,9572,21281,3501,6700,16469,9017
10,130.5800,15300,15108,2710,23614,9572,21281,3501,6700,16469,9017
10,130.5200,15300,15108,2710,23614,9572,21281,3501,6700,16469,9017
10,130.3600,15300,15108,2710,23614,9572,21281,3501,6700,16469,9017
10,130.3100,15300,15108,2710,23614,9572,21281,3501,6700,16469,9017
10,130.2200,15300,15108,2710,23614,9572,21281,3501,6700,16469,9017
10,130.0900,15300,15108,2710,23614,9572,21281,3501,6700,16469,9017
10,130.0500,15300,15108,2710,23614,9572,21281,3501,6700,16469,9017
10,129.9200,15300,15108,2710,23614,9572,21281,3501,6700,16469,9017
10,129.8000,15300,15108,2710,23614,9572,21281,3501,6700,16469,9017
10,129.5300,15300,15108,2710,23614,9572,21281,3501,6700,16469,9017
10,129.4400,15300,15108,2710,23614,9572,21281,3501,6700,16469,9017
10,128.2400,15300,15108,2710,23614,9572,21281,3501,6700,16469,9017
10,127.1400,15300,15108,2710,23614,9572,21281,3501,6700,16469,9017
10,124.9900,15300,15108,2710,23614,9572,21281,3501,6700,16469,9017
