n_nodes,influence,n0,n1,n2,n3,n4
5,29.2700,1033,1931,1138,150,309
5,29.1600,1033,1931,1138,150,309
5,28.9600,1033,1931,1138,150,309
5,28.9400,1033,1931,1138,150,309
5,28.9400,1033,1931,1138,150,309
5,28.9400,1033,1931,1138,150,309
5,28.2700,1033,1931,1138,150,309
5,28.2700,1033,1931,1138,150,309
5,28.2700,1033,1931,1138,150,309
5,28.1900,1033,1931,1138,150,309
5,28.0200,1033,1931,1138,150,309
5,27.7800,1033,1931,1138,150,309
5,27.7800,1033,1931,1138,150,309
5,27.7500,1033,1931,1138,150,309
5,27.5000,1033,1931,1138,150,309
5,27.5000,1033,1931,1138,150,309
