num_genrations,diversity,improvement,best_fitness
9,0.34495967741935496,0.007960176179115366,439.39
10,0.2090725806451612,0.0,439.39
0,1.0,0,243.1
1,0.9201612903225806,0.07326203208556163,260.91
2,0.6909274193548387,0.44187650914108295,376.2
3,0.5923387096774194,0.07283359914938872,403.6
4,0.5641129032258065,-0.019028741328047587,395.92
5,0.26633064516129035,0.010961810466760898,400.26
6,0.37137096774193545,0.0017988307600060643,400.98
7,0.3929435483870968,0.0871365155369345,435.92
8,0.388709677419355,0.0,435.92
9,0.34495967741935496,0.007960176179115366,439.39
10,0.2090725806451612,0.0,439.39
