num_genrations,diversity,improvement,best_fitness
0,0.9998655913978495,0,2252.4
1,0.9338709677419355,-0.9581690641093945,94.22
2,0.7973118279569893,0.15134790914880072,108.48
3,0.26733870967741935,0.1301622418879055,122.6
4,0.28051075268817216,0.11109298531810771,136.22
5,0.3030913978494625,0.0,136.22
6,0.21922043010752668,0.466744971369843,199.8
7,0.16182795698924712,0.0,199.8
8,0.12204301075268809,0.014964964964964867,202.79
9,0.07903225806451608,0.0,202.79
10,0.016666666666666607,0.051038019626214286,213.14
