generation number, pop_size, worst, best, median, avg, std, diversity, improvement, number_of_selections
0, 10, 2.0, 2.08, 2.0149999999999997, 2.021, 0.023000000000000017,0.9666666666666667,0,[1.e-300]
1, 10, 2.01, 2.09, 2.045, 2.0449999999999995, 0.03074085229787888,0.9333333333333333,0.004807692307692205,[10.]
2, 10, 2.04, 2.09, 2.065, 2.064, 0.017999999999999978,0.9666666666666667,0.0,[20.]
3, 10, 2.01, 2.09, 2.0549999999999997, 2.05, 0.029325756597230357,0.9222222222222223,0.0,[30.]
4, 10, 2.02, 2.17, 2.06, 2.065, 0.04248529157249599,0.9111111111111111,0.03827751196172252,[40.]
5, 10, 2.03, 2.17, 2.0700000000000003, 2.0780000000000003, 0.04166533331199934,0.9,0.0,[50.]
6, 10, 2.01, 2.17, 2.05, 2.069, 0.05185556864985669,0.9111111111111111,0.0,[60.]
7, 10, 2.01, 2.17, 2.03, 2.0519999999999996, 0.05114684741017771,0.9555555555555556,0.0,[70.]
8, 10, 2.0, 2.17, 2.035, 2.0519999999999996, 0.05134199061197375,0.9,0.0,[80.]
9, 10, 2.02, 2.17, 2.06, 2.067, 0.048176757881783584,0.9444444444444444,0.0,[90.]
10, 10, 2.02, 2.17, 2.065, 2.075, 0.04341658669218482,0.9333333333333333,0.0,[100.]
