generation number, individual number, fitness, candidate
0, 0, 3.24, [3100, 689, 3750]
0, 1, 3.22, [3756, 1831, 3752]
0, 2, 3.21, [3752, 689, 3755]
0, 3, 3.18, [3750, 689, 1825]
0, 4, 3.15, [1834, 3100, 3743]
0, 5, 3.15, [282, 689, 3759]
0, 6, 3.13, [3747, 4129, 3750]
0, 7, 3.09, [3753, 77, 275]
0, 8, 3.07, [996, 1322, 159]
0, 9, 3.06, [1541, 2595, 2156]
1, 0, 3.31, [3752, 689, 3736]
1, 1, 3.27, [3100, 1834, 3752]
1, 2, 3.24, [3100, 689, 3750]
1, 3, 3.23, [3752, 689, 1831]
1, 4, 3.22, [3100, 689, 3749]
1, 5, 3.22, [3756, 1831, 3752]
1, 6, 3.2, [3100, 689, 3750]
1, 7, 3.2, [3756, 3749, 3752]
1, 8, 3.19, [287, 689, 1831]
1, 9, 3.18, [2490, 689, 3750]
2, 0, 3.31, [3752, 689, 3736]
2, 1, 3.29, [4301, 689, 3736]
2, 2, 3.27, [3100, 1834, 3752]
2, 3, 3.21, [3752, 689, 3740]
2, 4, 3.21, [3752, 3749, 1834]
2, 5, 3.19, [3752, 689, 159]
2, 6, 3.17, [3760, 689, 3736]
2, 7, 3.15, [72, 689, 285]
2, 8, 3.14, [1833, 3761, 3736]
2, 9, 3.13, [295, 3736, 3752]
3, 0, 3.31, [3752, 689, 3736]
3, 1, 3.29, [4301, 689, 3736]
3, 2, 3.26, [3752, 689, 359]
3, 3, 3.18, [3752, 3754, 3736]
3, 4, 3.17, [3100, 282, 3736]
3, 5, 3.15, [1321, 3105, 3736]
3, 6, 3.14, [3752, 3759, 1834]
3, 7, 3.13, [3100, 699, 3752]
3, 8, 3.08, [4301, 689, 3733]
3, 9, 3.08, [3747, 2400, 229]
4, 0, 3.31, [3752, 689, 3736]
4, 1, 3.29, [4301, 689, 3736]
4, 2, 3.21, [3739, 3734, 3736]
4, 3, 3.19, [3752, 689, 279]
4, 4, 3.18, [3752, 1322, 3746]
4, 5, 3.16, [4184, 689, 1987]
4, 6, 3.16, [269, 689, 3736]
4, 7, 3.16, [3752, 3749, 291]
4, 8, 3.14, [4301, 689, 2490]
4, 9, 3.12, [3752, 3748, 4184]
5, 0, 3.31, [3752, 689, 3736]
5, 1, 3.3, [3753, 689, 3736]
5, 2, 3.29, [4301, 689, 3736]
5, 3, 3.26, [3739, 693, 3736]
5, 4, 3.22, [3752, 689, 3749]
5, 5, 3.18, [291, 3745, 3736]
5, 6, 3.18, [3739, 1322, 3736]
5, 7, 3.18, [3744, 3734, 3736]
5, 8, 3.13, [4301, 291, 3736]
5, 9, 3.12, [4301, 689, 101]
6, 0, 3.31, [3752, 689, 3736]
6, 1, 3.3, [3753, 689, 3736]
6, 2, 3.24, [3760, 3739, 3736]
6, 3, 3.24, [3752, 3755, 3736]
6, 4, 3.23, [3747, 2156, 3736]
6, 5, 3.2, [3752, 119, 3756]
6, 6, 3.15, [3758, 72, 3736]
6, 7, 3.14, [77, 546, 3736]
6, 8, 3.14, [3752, 275, 3759]
6, 9, 3.11, [2229, 291, 3736]
7, 0, 3.31, [3752, 689, 3736]
7, 1, 3.3, [3753, 689, 3736]
7, 2, 3.25, [3752, 3746, 3736]
7, 3, 3.21, [3752, 3749, 3736]
7, 4, 3.16, [3760, 3741, 3756]
7, 5, 3.13, [3753, 689, 3736]
7, 6, 3.12, [3750, 689, 3736]
7, 7, 3.12, [3752, 119, 269]
7, 8, 3.1, [699, 3755, 279]
7, 9, 3.09, [3752, 119, 3733]
8, 0, 3.31, [3752, 689, 3736]
8, 1, 3.3, [3753, 689, 3736]
8, 2, 3.26, [3752, 3758, 3736]
8, 3, 3.22, [3752, 689, 269]
8, 4, 3.2, [3743, 4130, 3736]
8, 5, 3.18, [3752, 3745, 3736]
8, 6, 3.16, [3753, 3734, 3736]
8, 7, 3.16, [1541, 3754, 3736]
8, 8, 3.13, [1831, 1829, 3744]
8, 9, 3.12, [1040, 3746, 279]
9, 0, 3.31, [3752, 689, 3736]
9, 1, 3.3, [3753, 689, 3736]
9, 2, 3.27, [3752, 689, 3744]
9, 3, 3.23, [3752, 689, 3758]
9, 4, 3.22, [3752, 689, 3749]
9, 5, 3.16, [1826, 4128, 3736]
9, 6, 3.15, [3749, 3758, 3736]
9, 7, 3.15, [3752, 3756, 269]
9, 8, 3.14, [293, 689, 3740]
9, 9, 3.13, [287, 693, 3736]
10, 0, 3.37, [3752, 3742, 3736]
10, 1, 3.31, [3752, 689, 3736]
10, 2, 3.3, [3753, 689, 3736]
10, 3, 3.27, [3752, 689, 3754]
10, 4, 3.23, [3753, 1829, 3736]
10, 5, 3.2, [3753, 689, 3749]
10, 6, 3.16, [3753, 689, 3744]
10, 7, 3.16, [693, 3741, 3746]
10, 8, 3.15, [3752, 3743, 3736]
10, 9, 3.14, [3753, 689, 3743]
11, 0, 3.37, [3752, 3742, 3736]
11, 1, 3.31, [3752, 689, 3736]
11, 2, 3.2, [3752, 3742, 3736]
11, 3, 3.19, [3752, 3750, 3736]
11, 4, 3.18, [1321, 3742, 546]
11, 5, 3.16, [3752, 119, 3736]
11, 6, 3.16, [699, 3742, 3737]
11, 7, 3.1, [119, 3736, 269]
11, 8, 3.08, [3745, 1831, 1830]
11, 9, 3.06, [1829, 3737, 284]
12, 0, 3.37, [3752, 3742, 3736]
12, 1, 3.31, [3752, 689, 3736]
12, 2, 3.22, [3752, 689, 3743]
12, 3, 3.19, [3752, 77, 3736]
12, 4, 3.18, [3752, 689, 3736]
12, 5, 3.17, [3752, 1829, 3754]
12, 6, 3.15, [3752, 3753, 4131]
12, 7, 3.15, [4128, 689, 229]
12, 8, 3.15, [285, 3742, 3736]
12, 9, 3.13, [3746, 3743, 291]
13, 0, 3.37, [3752, 3742, 3736]
13, 1, 3.31, [3752, 689, 3736]
13, 2, 3.3, [3739, 689, 3736]
13, 3, 3.19, [119, 3744, 3736]
13, 4, 3.16, [3752, 3750, 3736]
13, 5, 3.15, [3736, 3102, 1605]
13, 6, 3.14, [3752, 3744, 1006]
13, 7, 3.13, [24, 689, 3736]
13, 8, 3.11, [285, 3735, 3736]
13, 9, 3.11, [3756, 3739, 1834]
14, 0, 3.37, [3752, 3742, 3736]
14, 1, 3.31, [3752, 689, 3736]
14, 2, 3.25, [3739, 3742, 3746]
14, 3, 3.24, [3750, 3742, 3736]
14, 4, 3.23, [3752, 3734, 3736]
14, 5, 3.22, [3752, 3743, 3736]
14, 6, 3.21, [3753, 3754, 3736]
14, 7, 3.17, [1831, 3742, 2261]
14, 8, 3.14, [291, 3742, 3736]
14, 9, 3.12, [3739, 3758, 1032]
15, 0, 3.37, [3752, 3742, 3736]
15, 1, 3.32, [3752, 3742, 3736]
15, 2, 3.31, [3752, 689, 3736]
15, 3, 3.27, [3741, 689, 3736]
15, 4, 3.27, [3752, 3743, 3736]
15, 5, 3.21, [3752, 72, 3736]
15, 6, 3.18, [3752, 2598, 3739]
15, 7, 3.15, [3753, 689, 1830]
15, 8, 3.15, [3750, 3742, 1315]
15, 9, 3.11, [702, 3750, 1987]
16, 0, 3.37, [3752, 3742, 3736]
16, 1, 3.32, [3752, 3742, 3736]
16, 2, 3.29, [996, 3742, 3760]
16, 3, 3.29, [3741, 3752, 3736]
16, 4, 3.19, [3752, 3750, 3736]
16, 5, 3.17, [3752, 689, 3737]
16, 6, 3.17, [3752, 693, 3756]
16, 7, 3.11, [3750, 72, 119]
16, 8, 3.1, [3752, 269, 33]
16, 9, 3.09, [3752, 1588, 33]
17, 0, 3.37, [3752, 3742, 3736]
17, 1, 3.32, [3752, 3742, 3736]
17, 2, 3.2, [3744, 3750, 3737]
17, 3, 3.19, [689, 3752, 1315]
17, 4, 3.16, [287, 3742, 3736]
17, 5, 3.15, [3752, 3746, 3755]
17, 6, 3.15, [3752, 3742, 3743]
17, 7, 3.14, [3733, 3742, 3760]
17, 8, 3.08, [3752, 101, 2261]
17, 9, 3.06, [1092, 359, 33]
18, 0, 3.37, [3752, 3742, 3736]
18, 1, 3.32, [3752, 3742, 3736]
18, 2, 3.29, [689, 3754, 3736]
18, 3, 3.25, [1032, 3742, 3736]
18, 4, 3.24, [3744, 3739, 3736]
18, 5, 3.21, [3744, 3750, 3746]
18, 6, 3.2, [3736, 3742, 1315]
18, 7, 3.18, [3752, 3740, 3737]
18, 8, 3.14, [3748, 3742, 3736]
18, 9, 3.12, [3740, 3750, 3737]
19, 0, 3.37, [3752, 3742, 3736]
19, 1, 3.32, [3752, 3742, 3736]
19, 2, 3.18, [3752, 3742, 3733]
19, 3, 3.17, [3752, 3744, 1032]
19, 4, 3.17, [3752, 3750, 3755]
19, 5, 3.15, [1006, 3742, 2595]
19, 6, 3.15, [3744, 3742, 3743]
19, 7, 3.14, [3105, 3742, 3777]
19, 8, 3.12, [3739, 3743, 3733]
19, 9, 3.1, [279, 3742, 3749]
20, 0, 3.37, [3752, 3742, 3736]
20, 1, 3.32, [3752, 3742, 3736]
20, 2, 3.22, [3752, 2229, 3736]
20, 3, 3.21, [1032, 3742, 1825]
20, 4, 3.19, [2261, 3742, 3744]
20, 5, 3.14, [3752, 3742, 1315]
20, 6, 3.14, [3752, 3740, 3736]
20, 7, 3.14, [1826, 3761, 3736]
20, 8, 3.11, [3741, 2400, 1826]
20, 9, 3.11, [72, 1315, 3736]
21, 0, 3.37, [3752, 3742, 3736]
21, 1, 3.32, [3752, 3742, 3736]
21, 2, 3.27, [3752, 3750, 3736]
21, 3, 3.26, [3754, 285, 3736]
21, 4, 3.23, [229, 3742, 3736]
21, 5, 3.2, [3752, 3760, 3105]
21, 6, 3.15, [2261, 2229, 3736]
21, 7, 3.14, [1830, 3742, 1541]
21, 8, 3.1, [3745, 3742, 271]
21, 9, 3.1, [3752, 271, 77]
22, 0, 3.37, [3752, 3742, 3736]
22, 1, 3.32, [3752, 4128, 3736]
22, 2, 3.32, [3752, 3742, 3736]
22, 3, 3.28, [3741, 3742, 3736]
22, 4, 3.24, [3754, 3742, 3758]
22, 5, 3.2, [3752, 2260, 3736]
22, 6, 3.17, [3752, 275, 3736]
22, 7, 3.16, [359, 2490, 3736]
22, 8, 3.15, [3760, 2261, 3736]
22, 9, 3.11, [2261, 2595, 3736]
23, 0, 3.37, [3752, 3742, 3736]
23, 1, 3.32, [3752, 4128, 3736]
23, 2, 3.27, [3752, 282, 3100]
23, 3, 3.25, [1322, 3742, 3736]
23, 4, 3.2, [3102, 3742, 689]
23, 5, 3.17, [3752, 119, 4108]
23, 6, 3.16, [3752, 3736, 287]
23, 7, 3.15, [1828, 3742, 3749]
23, 8, 3.1, [3752, 293, 269]
23, 9, 3.06, [1322, 4108, 2490]
24, 0, 3.37, [3752, 3742, 3736]
24, 1, 3.32, [3752, 4128, 3736]
24, 2, 3.22, [3756, 3747, 3736]
24, 3, 3.15, [3744, 1006, 3736]
24, 4, 3.14, [3752, 1826, 3736]
24, 5, 3.12, [3740, 4128, 1032]
24, 6, 3.11, [3752, 4131, 2261]
24, 7, 3.11, [3733, 3742, 24]
24, 8, 3.09, [3741, 702, 1092]
24, 9, 3.07, [3736, 270, 3745]
25, 0, 3.37, [3752, 3742, 3736]
25, 1, 3.32, [3752, 4128, 3736]
25, 2, 3.21, [3749, 4128, 3736]
25, 3, 3.2, [3745, 3105, 3736]
25, 4, 3.19, [3759, 3742, 3736]
25, 5, 3.19, [3746, 4128, 3753]
25, 6, 3.18, [3754, 4131, 3736]
25, 7, 3.17, [3752, 4129, 3736]
25, 8, 3.17, [3741, 3747, 3736]
25, 9, 3.16, [3739, 3742, 3736]
26, 0, 3.37, [3752, 3742, 3736]
26, 1, 3.32, [3752, 4128, 3736]
26, 2, 3.28, [3750, 3742, 3736]
26, 3, 3.23, [3759, 3742, 3758]
26, 4, 3.21, [3752, 3755, 3736]
26, 5, 3.19, [3745, 3739, 3736]
26, 6, 3.19, [2156, 3105, 3736]
26, 7, 3.18, [3752, 4131, 4128]
26, 8, 3.18, [3752, 4128, 3754]
26, 9, 3.15, [271, 3752, 3736]
27, 0, 3.37, [3752, 3742, 3736]
27, 1, 3.32, [3752, 4128, 3736]
27, 2, 3.27, [2260, 689, 3736]
27, 3, 3.22, [3761, 689, 3736]
27, 4, 3.15, [3745, 4128, 3736]
27, 5, 3.14, [3752, 3105, 1006]
27, 6, 3.12, [3752, 3742, 1315]
27, 7, 3.11, [3102, 4129, 3736]
27, 8, 3.09, [1829, 3777, 3736]
27, 9, 3.08, [1828, 3740, 3736]
28, 0, 3.37, [3752, 3742, 3736]
28, 1, 3.32, [3752, 4128, 3736]
28, 2, 3.25, [3752, 689, 3758]
28, 3, 3.24, [3752, 3742, 3754]
28, 4, 3.17, [2260, 3742, 3737]
28, 5, 3.16, [3740, 689, 3736]
28, 6, 3.16, [3752, 4128, 3749]
28, 7, 3.15, [2260, 4128, 3746]
28, 8, 3.14, [3756, 4128, 3741]
28, 9, 3.1, [3750, 4128, 284]
29, 0, 3.37, [3752, 3742, 3736]
29, 1, 3.32, [3752, 4128, 3736]
29, 2, 3.24, [3753, 3742, 3736]
29, 3, 3.22, [3752, 3742, 3750]
29, 4, 3.18, [3752, 689, 3743]
29, 5, 3.16, [3739, 3742, 3761]
29, 6, 3.15, [3753, 3742, 3736]
29, 7, 3.15, [3752, 3105, 3754]
29, 8, 3.15, [3752, 77, 3754]
29, 9, 3.15, [3748, 3740, 1831]
30, 0, 3.37, [3741, 3742, 3736]
30, 1, 3.37, [3752, 3742, 3736]
30, 2, 3.32, [3752, 4128, 3736]
30, 3, 3.27, [3753, 3742, 3749]
30, 4, 3.23, [3752, 2156, 3747]
30, 5, 3.18, [3752, 4128, 3758]
30, 6, 3.18, [3752, 3742, 3733]
30, 7, 3.15, [3752, 1829, 3756]
30, 8, 3.14, [1829, 3742, 996]
30, 9, 3.1, [3758, 4128, 3740]
31, 0, 3.37, [3741, 3742, 3736]
31, 1, 3.37, [3752, 3742, 3736]
31, 2, 3.33, [3753, 3742, 3736]
31, 3, 3.2, [3753, 3742, 3736]
31, 4, 3.18, [3761, 3739, 3736]
31, 5, 3.18, [3756, 4128, 3736]
31, 6, 3.17, [3741, 4128, 3733]
31, 7, 3.16, [3753, 3750, 3736]
31, 8, 3.15, [3756, 3742, 275]
31, 9, 3.15, [3734, 3736, 1040]
32, 0, 3.37, [3741, 3742, 3736]
32, 1, 3.37, [3752, 3742, 3736]
32, 2, 3.31, [4129, 3742, 3736]
32, 3, 3.27, [3739, 3742, 3736]
32, 4, 3.23, [3754, 3742, 3105]
32, 5, 3.22, [3754, 3742, 3755]
32, 6, 3.19, [1315, 3742, 3746]
32, 7, 3.18, [3747, 3397, 3736]
32, 8, 3.16, [3752, 77, 3736]
32, 9, 3.13, [3745, 3742, 287]
33, 0, 3.37, [3741, 3742, 3736]
33, 1, 3.37, [3752, 3742, 3736]
33, 2, 3.23, [3761, 3742, 3736]
33, 3, 3.23, [3746, 3742, 3736]
33, 4, 3.2, [3745, 996, 3746]
33, 5, 3.18, [284, 3742, 3736]
33, 6, 3.14, [3761, 3749, 3736]
33, 7, 3.14, [3752, 3737, 3736]
33, 8, 3.13, [3102, 3742, 3747]
33, 9, 3.1, [3741, 702, 1828]
34, 0, 3.37, [3741, 3742, 3736]
34, 1, 3.37, [3752, 3742, 3736]
34, 2, 3.22, [3756, 3742, 3736]
34, 3, 3.2, [1315, 3742, 3736]
34, 4, 3.18, [3761, 3742, 3736]
34, 5, 3.18, [3745, 3761, 3736]
34, 6, 3.16, [1686, 3736, 3746]
34, 7, 3.1, [3752, 279, 702]
34, 8, 3.08, [3752, 1006, 3746]
34, 9, 3.07, [4794, 3743, 279]
35, 0, 3.37, [3741, 3742, 3736]
35, 1, 3.37, [3752, 3742, 3736]
35, 2, 3.29, [689, 3742, 3736]
35, 3, 3.24, [3756, 3742, 3736]
35, 4, 3.23, [1322, 3742, 3747]
35, 5, 3.22, [3752, 3742, 3733]
35, 6, 3.2, [3752, 3742, 3746]
35, 7, 3.17, [3752, 3745, 3736]
35, 8, 3.12, [271, 3742, 1315]
35, 9, 3.09, [269, 2260, 3758]
36, 0, 3.37, [3741, 3742, 3736]
36, 1, 3.37, [3752, 3742, 3736]
36, 2, 3.25, [3744, 270, 3736]
36, 3, 3.22, [3752, 285, 3748]
36, 4, 3.16, [3756, 3742, 3758]
36, 5, 3.14, [689, 3742, 284]
36, 6, 3.13, [689, 1605, 3733]
36, 7, 3.13, [3760, 2156, 3736]
36, 8, 3.12, [3752, 3102, 4129]
36, 9, 3.09, [3752, 263, 2464]
37, 0, 3.37, [3741, 3742, 3736]
37, 1, 3.37, [3752, 3742, 3736]
37, 2, 3.23, [3752, 3742, 352]
37, 3, 3.2, [3736, 3742, 3740]
37, 4, 3.2, [3744, 3742, 3733]
37, 5, 3.17, [3741, 3100, 3736]
37, 6, 3.17, [3752, 159, 2260]
37, 7, 3.16, [3752, 3743, 3100]
37, 8, 3.15, [3760, 3742, 287]
37, 9, 3.14, [3741, 295, 3736]
38, 0, 3.37, [3741, 3742, 3736]
38, 1, 3.37, [3752, 3742, 3736]
38, 2, 3.33, [3752, 3739, 3736]
38, 3, 3.23, [3752, 3742, 3733]
38, 4, 3.2, [3752, 3733, 3736]
38, 5, 3.2, [1834, 2156, 3736]
38, 6, 3.18, [3740, 271, 3746]
38, 7, 3.16, [1322, 3742, 3741]
38, 8, 3.13, [3753, 4108, 3755]
38, 9, 3.11, [3741, 2463, 2464]
39, 0, 3.37, [3741, 3742, 3736]
39, 1, 3.37, [3752, 3742, 3736]
39, 2, 3.25, [3754, 3742, 3736]
39, 3, 3.23, [4184, 3742, 3743]
39, 4, 3.16, [1834, 3735, 3736]
39, 5, 3.13, [3740, 3739, 3736]
39, 6, 3.13, [3741, 3745, 1322]
39, 7, 3.13, [3752, 3102, 1321]
39, 8, 3.11, [3754, 72, 3736]
39, 9, 3.1, [3752, 3740, 2260]
40, 0, 3.37, [3741, 3742, 3736]
40, 1, 3.37, [3752, 3742, 3736]
40, 2, 3.3, [3752, 3739, 3736]
40, 3, 3.29, [3746, 3742, 3736]
40, 4, 3.18, [3744, 1825, 3736]
40, 5, 3.14, [3752, 3745, 3755]
40, 6, 3.14, [3741, 101, 3744]
40, 7, 3.14, [3754, 3741, 3736]
40, 8, 3.12, [3741, 287, 3736]
40, 9, 3.11, [119, 3739, 4130]
41, 0, 3.37, [3741, 3742, 3736]
41, 1, 3.37, [3752, 3742, 3736]
41, 2, 3.21, [546, 3742, 3736]
41, 3, 3.19, [33, 3750, 3739]
41, 4, 3.18, [3752, 3743, 3736]
41, 5, 3.17, [3744, 3742, 3736]
41, 6, 3.17, [33, 3739, 3736]
41, 7, 3.16, [3752, 693, 3743]
41, 8, 3.15, [1830, 119, 3736]
41, 9, 3.14, [3761, 3745, 3736]
42, 0, 3.37, [3741, 3742, 3736]
42, 1, 3.37, [3752, 3742, 3736]
42, 2, 3.21, [3741, 3752, 3736]
42, 3, 3.17, [3754, 3742, 3736]
42, 4, 3.16, [3753, 2598, 3736]
42, 5, 3.14, [1828, 77, 3736]
42, 6, 3.13, [3759, 1315, 3736]
42, 7, 3.12, [3743, 3105, 1321]
42, 8, 3.11, [1826, 3742, 1833]
42, 9, 3.11, [3741, 3742, 4794]
43, 0, 3.39, [3752, 693, 3736]
43, 1, 3.37, [3741, 3742, 3736]
43, 2, 3.37, [3752, 3742, 3736]
43, 3, 3.25, [3752, 3742, 3754]
43, 4, 3.19, [3752, 3742, 1825]
43, 5, 3.19, [3741, 3742, 181]
43, 6, 3.17, [3741, 3752, 291]
43, 7, 3.17, [3741, 3742, 3733]
43, 8, 3.16, [2598, 2156, 3736]
43, 9, 3.14, [2598, 3742, 3753]
44, 0, 3.39, [3752, 693, 3736]
44, 1, 3.37, [3741, 3742, 3736]
44, 2, 3.2, [3754, 3742, 181]
44, 3, 3.2, [702, 3742, 3736]
44, 4, 3.18, [3753, 1322, 3736]
44, 5, 3.16, [3777, 3105, 3736]
44, 6, 3.16, [3752, 3750, 295]
44, 7, 3.14, [3741, 3739, 1686]
44, 8, 3.12, [3744, 693, 3745]
44, 9, 3.1, [4128, 3739, 1092]
45, 0, 3.39, [3752, 693, 3736]
45, 1, 3.38, [3752, 3742, 3744]
45, 2, 3.37, [3741, 3742, 3736]
45, 3, 3.31, [3752, 4130, 3736]
45, 4, 3.19, [3741, 693, 3749]
45, 5, 3.19, [3752, 1315, 3733]
45, 6, 3.16, [3741, 284, 101]
45, 7, 3.15, [3741, 24, 3736]
45, 8, 3.14, [3760, 3742, 295]
45, 9, 3.13, [3752, 3761, 3736]
46, 0, 3.39, [3752, 693, 3736]
46, 1, 3.38, [3752, 3742, 3744]
46, 2, 3.25, [3741, 3742, 3736]
46, 3, 3.17, [3752, 693, 2156]
46, 4, 3.14, [3752, 693, 3744]
46, 5, 3.11, [2464, 2598, 3736]
46, 6, 3.1, [3752, 693, 3747]
46, 7, 3.07, [279, 693, 4130]
46, 8, 3.07, [291, 24, 2229]
46, 9, 3.06, [3747, 3748, 229]
47, 0, 3.39, [3752, 693, 3736]
47, 1, 3.38, [3752, 3742, 3744]
47, 2, 3.28, [3752, 3740, 3736]
47, 3, 3.27, [3752, 3742, 3746]
47, 4, 3.18, [3752, 3743, 2156]
47, 5, 3.17, [3752, 229, 3736]
47, 6, 3.14, [3741, 3742, 3749]
47, 7, 3.13, [3741, 3736, 3744]
47, 8, 3.12, [3752, 24, 3744]
47, 9, 3.11, [3741, 3761, 3744]
48, 0, 3.39, [3752, 693, 3736]
48, 1, 3.38, [3752, 3742, 3744]
48, 2, 3.36, [3752, 1831, 3736]
48, 3, 3.29, [3752, 3742, 3737]
48, 4, 3.22, [3739, 3742, 3736]
48, 5, 3.18, [1315, 3742, 3736]
48, 6, 3.18, [3756, 693, 3746]
48, 7, 3.17, [3752, 1896, 689]
48, 8, 3.14, [3739, 4184, 3736]
48, 9, 3.12, [269, 693, 3744]
49, 0, 3.39, [3752, 693, 3736]
49, 1, 3.38, [3752, 3742, 3744]
49, 2, 3.28, [3752, 3742, 3754]
49, 3, 3.24, [3752, 1825, 3736]
49, 4, 3.18, [4128, 3777, 3736]
49, 5, 3.18, [3739, 693, 3736]
49, 6, 3.17, [3752, 4184, 3758]
49, 7, 3.16, [2260, 3744, 3736]
49, 8, 3.14, [3752, 24, 3744]
49, 9, 3.14, [4128, 72, 3736]
50, 0, 3.39, [3752, 693, 3736]
50, 1, 3.38, [3752, 3742, 3744]
50, 2, 3.27, [3752, 3743, 3744]
50, 3, 3.23, [3749, 1825, 3754]
50, 4, 3.21, [3752, 3740, 3736]
50, 5, 3.2, [3752, 693, 3737]
50, 6, 3.18, [3752, 1825, 3736]
50, 7, 3.17, [3752, 3750, 3736]
50, 8, 3.16, [3733, 4184, 3736]
50, 9, 3.14, [3756, 3742, 3736]
