generation number, individual number, fitness, candidate
0, 0, 13.28, [1060, 285, 11388]
0, 1, 11.89, [46, 281, 11388]
0, 2, 11.79, [278, 86, 33298]
0, 3, 11.06, [134362, 144436, 65899]
0, 4, 10.13, [118602, 278, 279]
0, 5, 8.33, [284, 90, 280]
0, 6, 8.17, [33300, 70639, 80449]
0, 7, 7.96, [66169, 67332, 71858]
0, 8, 7.73, [1063, 56241, 1062]
0, 9, 7.29, [10375, 56237, 56239]
1, 0, 16.58, [80661, 86, 11388]
1, 1, 13.28, [1060, 285, 11388]
1, 2, 12.83, [91277, 118606, 11388]
1, 3, 11.89, [46, 281, 11388]
1, 4, 11.78, [98063, 12067, 11388]
1, 5, 11.21, [46, 821, 33298]
1, 6, 11.12, [1063, 281, 11388]
1, 7, 10.18, [1060, 118602, 33299]
1, 8, 9.5, [1060, 66059, 33299]
1, 9, 8.66, [46, 281, 283]
2, 0, 16.58, [80661, 86, 11388]
2, 1, 15.83, [80661, 65897, 11388]
2, 2, 15.38, [144434, 86, 11388]
2, 3, 13.62, [80661, 91276, 11388]
2, 4, 13.28, [1060, 285, 11388]
2, 5, 12.6, [80661, 67332, 11388]
2, 6, 12.59, [91277, 86, 62858]
2, 7, 12.01, [11925, 86, 11388]
2, 8, 11.86, [6376, 86, 11388]
2, 9, 11.68, [98062, 86, 88]
3, 0, 16.58, [80661, 86, 11388]
3, 1, 15.83, [80661, 65897, 11388]
3, 2, 15.3, [80661, 86, 65899]
3, 3, 14.16, [80661, 86, 118602]
3, 4, 14.11, [33297, 70638, 65897]
3, 5, 13.43, [80661, 823, 11388]
3, 6, 13.4, [80661, 11388, 100807]
3, 7, 13.03, [144434, 70640, 11388]
3, 8, 11.96, [98063, 280, 65897]
3, 9, 11.27, [77358, 86, 73703]
4, 0, 16.58, [80661, 86, 11388]
4, 1, 15.83, [80661, 65897, 11388]
4, 2, 15.72, [150015, 86, 11388]
4, 3, 15.32, [127089, 91277, 11388]
4, 4, 15.2, [66059, 150652, 11388]
4, 5, 13.52, [71858, 91277, 11388]
4, 6, 12.43, [71858, 86, 65899]
4, 7, 12.33, [80661, 86, 66167]
4, 8, 11.99, [11926, 86, 11388]
4, 9, 11.46, [278, 65897, 113173]
5, 0, 16.58, [80661, 86, 11388]
5, 1, 15.83, [80661, 65897, 11388]
5, 2, 13.44, [1062, 86, 11388]
5, 3, 12.04, [70639, 56241, 11388]
5, 4, 11.76, [62858, 86, 285]
5, 5, 10.92, [88, 86, 33300]
5, 6, 10.73, [80661, 66169, 91276]
5, 7, 10.5, [134361, 11388, 6376]
5, 8, 9.22, [11925, 86, 150653]
5, 9, 8.98, [66166, 1060, 91277]
6, 0, 16.58, [80661, 86, 11388]
6, 1, 15.83, [80661, 65897, 11388]
6, 2, 13.12, [33299, 73700, 11388]
6, 3, 12.93, [73703, 86, 62858]
6, 4, 12.43, [80661, 67332, 11388]
6, 5, 12.01, [123523, 86, 80656]
6, 6, 11.78, [80661, 86, 123523]
6, 7, 11.37, [100807, 113171, 11388]
6, 8, 9.67, [70639, 86, 91277]
6, 9, 9.66, [118606, 86, 150015]
7, 0, 16.58, [80661, 86, 11388]
7, 1, 15.83, [80661, 65897, 11388]
7, 2, 14.96, [113173, 86, 11388]
7, 3, 12.24, [80661, 221360, 113171]
7, 4, 11.42, [80661, 150653, 66167]
7, 5, 11.27, [80450, 221360, 134362]
7, 6, 11.01, [66171, 156909, 86]
7, 7, 10.6, [80661, 65897, 67332]
7, 8, 10.47, [279, 66059, 77358]
7, 9, 10.12, [80661, 100140, 33296]
8, 0, 16.58, [80661, 86, 11388]
8, 1, 15.83, [80661, 65897, 11388]
8, 2, 15.77, [80449, 221360, 11388]
8, 3, 14.14, [80661, 1062, 11388]
8, 4, 13.68, [80661, 823, 11388]
8, 5, 12.1, [150652, 150653, 11388]
8, 6, 11.38, [80661, 70640, 66171]
8, 7, 11.29, [80661, 62858, 113171]
8, 8, 11.07, [113173, 86, 150015]
8, 9, 10.68, [113173, 87, 284]
9, 0, 16.58, [80661, 86, 11388]
9, 1, 15.83, [80661, 65897, 11388]
9, 2, 15.06, [80661, 98062, 33297]
9, 3, 14.62, [134361, 86, 11388]
9, 4, 14.42, [80661, 156909, 11388]
9, 5, 13.55, [150652, 33300, 11388]
9, 6, 11.56, [12067, 73703, 11388]
9, 7, 10.4, [33298, 100140, 11926]
9, 8, 10.38, [66170, 66171, 65897]
9, 9, 10.24, [33296, 279, 67332]
10, 0, 17.44, [65899, 65897, 11388]
10, 1, 16.58, [80661, 86, 11388]
10, 2, 16.37, [80661, 11387, 33297]
10, 3, 15.83, [80661, 65897, 11388]
10, 4, 15.43, [148118, 86, 11388]
10, 5, 15.18, [80661, 91277, 11388]
10, 6, 14.73, [87, 98062, 11388]
10, 7, 14.5, [150655, 98063, 11388]
10, 8, 12.71, [113173, 65897, 86]
10, 9, 12.34, [80661, 65900, 33297]
