generation number, individual number, fitness, candidate
0, 0, 3.13, [90, 11387, 100140]
0, 1, 3.13, [1060, 88, 150653]
0, 2, 3.13, [65897, 98063, 150655]
0, 3, 3.09, [86, 65897, 87893]
0, 4, 3.09, [118602, 31634, 282]
0, 5, 3.08, [1060, 118602, 70639]
0, 6, 3.08, [91277, 118602, 70640]
0, 7, 3.08, [127089, 33297, 150652]
0, 8, 3.04, [118602, 71858, 66059]
0, 9, 3.0, [67331, 70638, 65901]
1, 0, 3.21, [46, 65897, 150653]
1, 1, 3.2, [86, 1927, 127089]
1, 2, 3.19, [65897, 279, 150653]
1, 3, 3.15, [284, 11387, 100140]
1, 4, 3.15, [90, 98063, 148118]
1, 5, 3.13, [90, 11387, 100140]
1, 6, 3.13, [1060, 88, 150653]
1, 7, 3.12, [286, 88, 150653]
1, 8, 3.12, [33296, 11387, 100140]
1, 9, 3.11, [33297, 6376, 100140]
2, 0, 3.24, [90, 98063, 150652]
2, 1, 3.21, [46, 65897, 150653]
2, 2, 3.2, [86, 1927, 127089]
2, 3, 3.13, [46, 65897, 1060]
2, 4, 3.13, [65897, 88, 148118]
2, 5, 3.12, [88, 65897, 80662]
2, 6, 3.1, [90, 67332, 150653]
2, 7, 3.09, [80450, 80662, 150653]
2, 8, 3.07, [46, 95674, 113171]
2, 9, 3.07, [100141, 65897, 148118]
3, 0, 3.24, [90, 98063, 150652]
3, 1, 3.21, [46, 65897, 150653]
3, 2, 3.19, [90, 80450, 150652]
3, 3, 3.17, [65897, 98063, 150655]
3, 4, 3.15, [31634, 88, 150652]
3, 5, 3.13, [90, 33297, 150653]
3, 6, 3.13, [558, 98063, 148118]
3, 7, 3.13, [90, 98062, 823]
3, 8, 3.12, [90, 10375, 148118]
3, 9, 3.06, [80662, 98063, 150652]
4, 0, 3.24, [90, 98063, 150652]
4, 1, 3.21, [46, 65897, 150653]
4, 2, 3.13, [1062, 65897, 150652]
4, 3, 3.13, [90, 98062, 150652]
4, 4, 3.12, [90, 98063, 156909]
4, 5, 3.11, [90, 144434, 134365]
4, 6, 3.1, [156909, 6376, 56241]
4, 7, 3.1, [90, 98065, 67331]
4, 8, 3.09, [90, 98063, 127089]
4, 9, 3.08, [89, 65897, 150652]
5, 0, 3.24, [90, 98063, 150652]
5, 1, 3.21, [46, 65897, 150653]
5, 2, 3.18, [285, 65897, 150652]
5, 3, 3.17, [90, 98063, 150652]
5, 4, 3.15, [90, 98063, 65899]
5, 5, 3.14, [46, 31634, 150652]
5, 6, 3.13, [56241, 90, 10375]
5, 7, 3.12, [90, 67332, 150653]
5, 8, 3.11, [144436, 89, 150652]
5, 9, 3.11, [87, 66171, 67331]
6, 0, 3.24, [90, 98063, 150652]
6, 1, 3.21, [46, 65897, 150653]
6, 2, 3.16, [86, 65897, 150652]
6, 3, 3.16, [283, 98063, 150652]
6, 4, 3.15, [90, 65897, 148118]
6, 5, 3.15, [90, 65897, 150655]
6, 6, 3.14, [90, 98063, 150015]
6, 7, 3.12, [90, 98063, 150652]
6, 8, 3.12, [87, 98063, 150652]
6, 9, 3.12, [65900, 98063, 150655]
7, 0, 3.24, [90, 98063, 150652]
7, 1, 3.21, [46, 65897, 150653]
7, 2, 3.15, [88, 98063, 150652]
7, 3, 3.14, [90, 33297, 150653]
7, 4, 3.12, [46, 67332, 150652]
7, 5, 3.12, [823, 98063, 150652]
7, 6, 3.1, [90, 98065, 150653]
7, 7, 3.09, [90, 33297, 150653]
7, 8, 3.08, [144436, 156909, 150652]
7, 9, 3.06, [89, 281, 73700]
8, 0, 3.24, [90, 98063, 150652]
8, 1, 3.21, [46, 65897, 148118]
8, 2, 3.21, [46, 65897, 150653]
8, 3, 3.19, [90, 46, 56240]
8, 4, 3.17, [286, 65897, 150653]
8, 5, 3.15, [90, 66167, 280]
8, 6, 3.14, [46, 98063, 156909]
8, 7, 3.13, [285, 98063, 150653]
8, 8, 3.12, [90, 95674, 150653]
8, 9, 3.12, [90, 56239, 86]
9, 0, 3.24, [90, 98063, 150652]
9, 1, 3.21, [46, 65897, 148118]
9, 2, 3.19, [90, 144436, 148118]
9, 3, 3.16, [46, 31634, 150652]
9, 4, 3.15, [90, 65897, 150653]
9, 5, 3.14, [46, 66170, 150015]
9, 6, 3.13, [90, 283, 150652]
9, 7, 3.12, [46, 33296, 150652]
9, 8, 3.08, [46, 100140, 156909]
9, 9, 3.08, [46, 67332, 150652]
10, 0, 3.24, [90, 98063, 150652]
10, 1, 3.21, [46, 65897, 148118]
10, 2, 3.17, [90, 66170, 150654]
10, 3, 3.16, [46, 65897, 148118]
10, 4, 3.14, [90, 33297, 148118]
10, 5, 3.13, [11388, 33300, 150654]
10, 6, 3.1, [90, 66166, 11926]
10, 7, 3.1, [89, 98063, 150652]
10, 8, 3.1, [46, 65897, 148118]
10, 9, 3.1, [90, 221360, 148118]
11, 0, 3.25, [286, 65897, 148118]
11, 1, 3.24, [90, 98063, 150652]
11, 2, 3.21, [46, 65897, 148118]
11, 3, 3.2, [90, 56237, 150654]
11, 4, 3.18, [90, 118602, 150654]
11, 5, 3.16, [90, 98063, 150652]
11, 6, 3.15, [90, 66170, 1061]
11, 7, 3.12, [282, 66170, 150652]
11, 8, 3.1, [46, 65897, 148118]
11, 9, 3.1, [46, 98062, 150652]
12, 0, 3.25, [286, 65897, 148118]
12, 1, 3.24, [90, 98063, 150652]
12, 2, 3.18, [90, 144436, 148118]
12, 3, 3.11, [286, 33296, 150652]
12, 4, 3.11, [286, 56237, 148118]
12, 5, 3.1, [56237, 12067, 33300]
12, 6, 3.09, [134361, 65897, 148118]
12, 7, 3.08, [87, 56237, 150654]
12, 8, 3.07, [100141, 65897, 33300]
12, 9, 3.07, [123523, 11387, 148118]
13, 0, 3.25, [286, 65897, 148118]
13, 1, 3.24, [90, 150015, 148118]
13, 2, 3.24, [90, 98063, 150652]
13, 3, 3.16, [90, 65897, 150652]
13, 4, 3.14, [286, 90, 148118]
13, 5, 3.13, [285, 98063, 150652]
13, 6, 3.12, [90, 95674, 148118]
13, 7, 3.11, [11387, 80656, 148118]
13, 8, 3.11, [286, 65897, 558]
13, 9, 3.1, [286, 100807, 150654]
14, 0, 3.25, [286, 65897, 148118]
14, 1, 3.24, [90, 150015, 148118]
14, 2, 3.19, [90, 98062, 148118]
14, 3, 3.15, [286, 156909, 150655]
14, 4, 3.14, [90, 279, 148118]
14, 5, 3.12, [284, 98063, 148118]
14, 6, 3.11, [286, 285, 150652]
14, 7, 3.11, [286, 118602, 148118]
14, 8, 3.11, [56237, 70640, 282]
14, 9, 3.09, [286, 65897, 148118]
15, 0, 3.25, [286, 65897, 148118]
15, 1, 3.24, [90, 150015, 148118]
15, 2, 3.18, [285, 65897, 148118]
15, 3, 3.17, [282, 65897, 148118]
15, 4, 3.14, [286, 150652, 148118]
15, 5, 3.14, [90, 80450, 148118]
15, 6, 3.14, [285, 90, 148118]
15, 7, 3.13, [118602, 278, 150652]
15, 8, 3.13, [282, 150015, 148118]
15, 9, 3.1, [286, 150015, 1062]
16, 0, 3.25, [286, 65897, 148118]
16, 1, 3.24, [90, 150015, 148118]
16, 2, 3.19, [282, 148118, 286]
16, 3, 3.17, [156909, 65897, 278]
16, 4, 3.16, [285, 150015, 156909]
16, 5, 3.14, [90, 65897, 80449]
16, 6, 3.14, [90, 65897, 156909]
16, 7, 3.13, [282, 65897, 148118]
16, 8, 3.12, [286, 10375, 65897]
16, 9, 3.12, [286, 65897, 127089]
17, 0, 3.25, [286, 65897, 148118]
17, 1, 3.24, [90, 150015, 148118]
17, 2, 3.22, [90, 65897, 150655]
17, 3, 3.18, [90, 88, 87]
17, 4, 3.14, [286, 150653, 148118]
17, 5, 3.13, [286, 1927, 150654]
17, 6, 3.12, [156909, 65897, 150652]
17, 7, 3.1, [286, 65897, 86]
17, 8, 3.1, [286, 70638, 98065]
17, 9, 3.08, [123524, 149059, 148118]
18, 0, 3.25, [286, 65897, 148118]
18, 1, 3.24, [90, 150015, 148118]
18, 2, 3.18, [90, 88, 156909]
18, 3, 3.17, [90, 65897, 86]
18, 4, 3.16, [90, 88, 156909]
18, 5, 3.15, [286, 65897, 127089]
18, 6, 3.12, [90, 65897, 156909]
18, 7, 3.1, [284, 127088, 148118]
18, 8, 3.09, [286, 95674, 150655]
18, 9, 3.08, [90, 88, 65899]
19, 0, 3.25, [286, 65897, 148118]
19, 1, 3.24, [90, 150015, 148118]
19, 2, 3.18, [286, 150652, 148118]
19, 3, 3.18, [90, 65897, 127089]
19, 4, 3.17, [284, 65897, 156909]
19, 5, 3.13, [90, 150655, 148118]
19, 6, 3.12, [90, 88, 150654]
19, 7, 3.12, [90, 88, 31634]
19, 8, 3.12, [90, 150015, 148118]
19, 9, 3.09, [65899, 284, 150652]
20, 0, 3.25, [286, 65897, 148118]
20, 1, 3.24, [90, 150015, 148118]
20, 2, 3.16, [144434, 1062, 148118]
20, 3, 3.16, [284, 65897, 127089]
20, 4, 3.16, [1063, 150015, 148118]
20, 5, 3.12, [286, 65897, 127089]
20, 6, 3.12, [286, 56241, 144436]
20, 7, 3.11, [90, 31634, 148118]
20, 8, 3.11, [90, 65897, 280]
20, 9, 3.11, [90, 65897, 80662]
21, 0, 3.25, [286, 65897, 148118]
21, 1, 3.24, [90, 150015, 148118]
21, 2, 3.22, [286, 118606, 150652]
21, 3, 3.15, [90, 10375, 148118]
21, 4, 3.14, [1063, 150015, 148118]
21, 5, 3.14, [90, 65897, 33297]
21, 6, 3.13, [90, 150015, 148118]
21, 7, 3.13, [150015, 65897, 558]
21, 8, 3.11, [150654, 65897, 148118]
21, 9, 3.11, [286, 150653, 70640]
22, 0, 3.25, [286, 65897, 148118]
22, 1, 3.24, [90, 150015, 148118]
22, 2, 3.2, [286, 150015, 65900]
22, 3, 3.17, [1063, 150015, 56240]
22, 4, 3.16, [286, 150655, 148118]
22, 5, 3.14, [90, 1063, 56239]
22, 6, 3.12, [286, 95674, 33297]
22, 7, 3.11, [90, 65897, 80450]
22, 8, 3.1, [90, 33296, 148118]
22, 9, 3.1, [286, 118606, 150652]
23, 0, 3.25, [286, 65897, 148118]
23, 1, 3.24, [90, 150015, 148118]
23, 2, 3.18, [286, 150652, 148118]
23, 3, 3.15, [90, 150015, 148118]
23, 4, 3.14, [286, 80661, 148118]
23, 5, 3.12, [278, 150015, 148118]
23, 6, 3.12, [282, 150015, 56240]
23, 7, 3.11, [90, 150652, 148118]
23, 8, 3.1, [150652, 150015, 65901]
23, 9, 3.07, [90, 150015, 65900]
24, 0, 3.25, [286, 65897, 148118]
24, 1, 3.24, [90, 150015, 148118]
24, 2, 3.16, [284, 11926, 148118]
24, 3, 3.16, [73703, 150015, 80450]
24, 4, 3.14, [150655, 65897, 284]
24, 5, 3.11, [33296, 150015, 148118]
24, 6, 3.11, [90, 150015, 282]
24, 7, 3.1, [80449, 1061, 67331]
24, 8, 3.1, [90, 71858, 89]
24, 9, 3.08, [286, 127088, 11388]
25, 0, 3.25, [286, 65897, 148118]
25, 1, 3.24, [90, 150015, 148118]
25, 2, 3.16, [286, 150654, 148118]
25, 3, 3.15, [286, 150015, 127089]
25, 4, 3.14, [31634, 150015, 148118]
25, 5, 3.13, [90, 33296, 148118]
25, 6, 3.12, [73703, 150015, 127089]
25, 7, 3.1, [282, 65897, 80450]
25, 8, 3.09, [90, 65897, 156909]
25, 9, 3.08, [90, 150015, 98065]
26, 0, 3.25, [286, 65897, 148118]
26, 1, 3.24, [90, 150015, 148118]
26, 2, 3.21, [286, 150015, 56240]
26, 3, 3.17, [31634, 66171, 148118]
26, 4, 3.16, [90, 33296, 148118]
26, 5, 3.14, [95674, 150015, 148118]
26, 6, 3.14, [286, 33297, 127089]
26, 7, 3.13, [286, 65897, 127089]
26, 8, 3.12, [284, 150015, 148118]
26, 9, 3.1, [90, 65897, 127089]
27, 0, 3.25, [286, 65897, 148118]
27, 1, 3.24, [90, 150015, 148118]
27, 2, 3.16, [73700, 284, 118602]
27, 3, 3.16, [286, 150015, 156909]
27, 4, 3.15, [286, 150652, 148118]
27, 5, 3.13, [1063, 65897, 56240]
27, 6, 3.12, [66166, 65897, 148118]
27, 7, 3.12, [285, 65897, 148118]
27, 8, 3.11, [90, 65897, 150652]
27, 9, 3.1, [286, 150654, 148118]
28, 0, 3.25, [286, 65897, 148118]
28, 1, 3.24, [90, 150015, 148118]
28, 2, 3.2, [286, 150652, 148118]
28, 3, 3.17, [282, 284, 118602]
28, 4, 3.15, [285, 65897, 80656]
28, 5, 3.15, [286, 65897, 148118]
28, 6, 3.13, [286, 65897, 1061]
28, 7, 3.11, [113172, 278, 286]
28, 8, 3.1, [67331, 150015, 148118]
28, 9, 3.09, [88, 11387, 62858]
29, 0, 3.25, [286, 65897, 148118]
29, 1, 3.24, [90, 150015, 148118]
29, 2, 3.14, [285, 150652, 148118]
29, 3, 3.14, [86, 1927, 279]
29, 4, 3.12, [286, 150654, 148118]
29, 5, 3.12, [90, 33297, 148118]
29, 6, 3.12, [282, 95674, 98063]
29, 7, 3.11, [56241, 11935, 100140]
29, 8, 3.11, [1063, 65897, 66166]
29, 9, 3.1, [286, 65897, 283]
30, 0, 3.25, [286, 65897, 148118]
30, 1, 3.24, [90, 150015, 148118]
30, 2, 3.18, [286, 62858, 11388]
30, 3, 3.16, [286, 150654, 148118]
30, 4, 3.15, [283, 65897, 148118]
30, 5, 3.15, [286, 65897, 150655]
30, 6, 3.13, [286, 66169, 62858]
30, 7, 3.09, [33297, 65897, 558]
30, 8, 3.08, [33300, 33296, 66170]
30, 9, 3.07, [286, 70639, 150655]
31, 0, 3.25, [286, 65897, 148118]
31, 1, 3.24, [90, 150015, 148118]
31, 2, 3.21, [286, 150653, 148118]
31, 3, 3.18, [286, 65897, 148118]
31, 4, 3.17, [286, 62858, 150652]
31, 5, 3.16, [286, 150015, 150655]
31, 6, 3.14, [285, 65897, 148118]
31, 7, 3.12, [90, 150015, 148118]
31, 8, 3.1, [65901, 150654, 150652]
31, 9, 3.09, [282, 65897, 148118]
32, 0, 3.25, [286, 65897, 148118]
32, 1, 3.24, [282, 65897, 148118]
32, 2, 3.24, [90, 150015, 148118]
32, 3, 3.13, [86, 33297, 148118]
32, 4, 3.13, [66171, 150015, 148118]
32, 5, 3.11, [70639, 80656, 150654]
32, 6, 3.09, [286, 150654, 148118]
32, 7, 3.09, [11925, 90, 148118]
32, 8, 3.09, [62858, 33298, 150655]
32, 9, 3.08, [100807, 150653, 148118]
33, 0, 3.25, [286, 65897, 148118]
33, 1, 3.24, [282, 65897, 148118]
33, 2, 3.18, [89, 65897, 148118]
33, 3, 3.17, [286, 150653, 148118]
33, 4, 3.15, [286, 65897, 91276]
33, 5, 3.12, [282, 56237, 46]
33, 6, 3.11, [286, 149059, 148118]
33, 7, 3.1, [90, 95674, 148118]
33, 8, 3.1, [286, 123523, 113173]
33, 9, 3.07, [286, 73700, 148118]
34, 0, 3.25, [286, 65897, 148118]
34, 1, 3.24, [282, 65897, 148118]
34, 2, 3.19, [284, 65897, 66167]
34, 3, 3.19, [90, 66166, 148118]
34, 4, 3.15, [89, 123524, 148118]
34, 5, 3.14, [282, 80662, 148118]
34, 6, 3.13, [286, 80450, 221360]
34, 7, 3.09, [282, 65897, 148118]
34, 8, 3.09, [70638, 80449, 150652]
34, 9, 3.09, [558, 33297, 148118]
35, 0, 3.25, [286, 65897, 148118]
35, 1, 3.24, [282, 65897, 148118]
35, 2, 3.21, [90, 66170, 148118]
35, 3, 3.15, [286, 62858, 148118]
35, 4, 3.11, [1063, 65897, 148118]
35, 5, 3.11, [89, 1062, 821]
35, 6, 3.1, [284, 33296, 148118]
35, 7, 3.09, [282, 65897, 56240]
35, 8, 3.07, [282, 65897, 56239]
35, 9, 3.06, [286, 67331, 148118]
36, 0, 3.25, [286, 65897, 148118]
36, 1, 3.24, [282, 65897, 148118]
36, 2, 3.17, [1063, 66170, 148118]
36, 3, 3.14, [282, 65897, 283]
36, 4, 3.13, [282, 65897, 144436]
36, 5, 3.12, [90, 65897, 156909]
36, 6, 3.1, [1927, 89, 148118]
36, 7, 3.09, [80662, 65897, 127089]
36, 8, 3.07, [286, 95674, 56240]
36, 9, 3.05, [91277, 31634, 150654]
37, 0, 3.25, [286, 65897, 148118]
37, 1, 3.24, [282, 65897, 148118]
37, 2, 3.17, [286, 113171, 11387]
37, 3, 3.15, [70638, 65897, 821]
37, 4, 3.14, [80656, 89, 56237]
37, 5, 3.13, [286, 65900, 98063]
37, 6, 3.12, [46, 65897, 150015]
37, 7, 3.1, [87893, 11925, 285]
37, 8, 3.08, [144434, 65897, 80449]
37, 9, 3.07, [33299, 65897, 127089]
38, 0, 3.25, [286, 65897, 148118]
38, 1, 3.24, [282, 65897, 148118]
38, 2, 3.16, [282, 65897, 11388]
38, 3, 3.13, [286, 31634, 148118]
38, 4, 3.12, [285, 221360, 123524]
38, 5, 3.12, [1062, 65897, 91276]
38, 6, 3.11, [286, 149059, 148118]
38, 7, 3.11, [98065, 150654, 148118]
38, 8, 3.1, [11388, 113171, 150652]
38, 9, 3.08, [286, 56239, 66059]
39, 0, 3.25, [286, 65897, 148118]
39, 1, 3.24, [282, 65897, 148118]
39, 2, 3.19, [284, 65897, 148118]
39, 3, 3.18, [286, 56240, 148118]
39, 4, 3.16, [286, 46, 86]
39, 5, 3.13, [118602, 11387, 148118]
39, 6, 3.09, [65899, 65897, 134362]
39, 7, 3.08, [286, 113171, 1062]
39, 8, 3.07, [285, 65897, 91277]
39, 9, 3.07, [286, 33297, 558]
40, 0, 3.25, [286, 65897, 148118]
40, 1, 3.24, [282, 65897, 148118]
40, 2, 3.17, [100140, 283, 150654]
40, 3, 3.17, [56239, 66171, 156909]
40, 4, 3.17, [286, 31634, 148118]
40, 5, 3.14, [12067, 148118, 46]
40, 6, 3.14, [282, 66169, 148118]
40, 7, 3.1, [280, 65897, 148118]
40, 8, 3.08, [286, 80662, 127089]
40, 9, 3.07, [150655, 33296, 150652]
41, 0, 3.25, [286, 65897, 148118]
41, 1, 3.24, [282, 65897, 148118]
41, 2, 3.15, [286, 89, 156909]
41, 3, 3.12, [56239, 66171, 127089]
41, 4, 3.12, [127089, 65897, 33297]
41, 5, 3.11, [123524, 65897, 150654]
41, 6, 3.11, [56237, 286, 66059]
41, 7, 3.1, [286, 33297, 148118]
41, 8, 3.08, [113172, 65897, 148118]
41, 9, 3.07, [1927, 821, 221360]
42, 0, 3.25, [286, 65897, 148118]
42, 1, 3.24, [282, 65897, 148118]
42, 2, 3.15, [286, 62858, 127089]
42, 3, 3.14, [286, 65897, 88]
42, 4, 3.14, [90, 65897, 113173]
42, 5, 3.14, [134362, 65897, 148118]
42, 6, 3.12, [118602, 56240, 65899]
42, 7, 3.12, [14223, 89, 148118]
42, 8, 3.11, [286, 33300, 148118]
42, 9, 3.11, [286, 33296, 156909]
43, 0, 3.25, [286, 65897, 148118]
43, 1, 3.24, [282, 65897, 148118]
43, 2, 3.15, [90, 278, 148118]
43, 3, 3.14, [282, 65897, 127089]
43, 4, 3.14, [282, 73703, 150653]
43, 5, 3.13, [286, 66169, 148118]
43, 6, 3.11, [70640, 134365, 148118]
43, 7, 3.11, [90, 65897, 113173]
43, 8, 3.09, [90, 65897, 127089]
43, 9, 3.07, [286, 118606, 148118]
44, 0, 3.25, [286, 65897, 148118]
44, 1, 3.24, [282, 65897, 148118]
44, 2, 3.15, [284, 33297, 148118]
44, 3, 3.15, [286, 46, 148118]
44, 4, 3.13, [282, 86, 150654]
44, 5, 3.11, [282, 821, 156909]
44, 6, 3.11, [286, 65897, 149059]
44, 7, 3.09, [282, 279, 87893]
44, 8, 3.07, [90, 150654, 86]
44, 9, 3.07, [123523, 66169, 150653]
45, 0, 3.25, [286, 65897, 148118]
45, 1, 3.24, [282, 65897, 148118]
45, 2, 3.21, [284, 65897, 150654]
45, 3, 3.13, [1061, 221360, 33298]
45, 4, 3.12, [90, 33297, 148118]
45, 5, 3.12, [286, 46, 127089]
45, 6, 3.11, [134361, 65897, 281]
45, 7, 3.08, [31634, 65897, 283]
45, 8, 3.07, [113173, 65897, 90]
45, 9, 3.04, [91277, 65897, 148118]
46, 0, 3.25, [286, 65897, 148118]
46, 1, 3.24, [66169, 65897, 150652]
46, 2, 3.24, [282, 65897, 148118]
46, 3, 3.18, [283, 65897, 148118]
46, 4, 3.16, [286, 823, 148118]
46, 5, 3.12, [282, 65897, 150654]
46, 6, 3.12, [149059, 65897, 56240]
46, 7, 3.09, [66166, 33296, 56240]
46, 8, 3.08, [280, 11935, 86]
46, 9, 3.08, [150015, 11935, 150654]
47, 0, 3.25, [286, 65897, 148118]
47, 1, 3.24, [66169, 65897, 150652]
47, 2, 3.17, [87, 65897, 150655]
47, 3, 3.17, [283, 65897, 150655]
47, 4, 3.16, [66166, 65897, 148118]
47, 5, 3.15, [282, 65897, 127089]
47, 6, 3.13, [67331, 31634, 148118]
47, 7, 3.12, [278, 65897, 127089]
47, 8, 3.1, [286, 33296, 150652]
47, 9, 3.1, [90, 86, 148118]
48, 0, 3.25, [286, 65897, 148118]
48, 1, 3.24, [66169, 65897, 150652]
48, 2, 3.19, [286, 65897, 150652]
48, 3, 3.18, [282, 65897, 148118]
48, 4, 3.17, [286, 65897, 150015]
48, 5, 3.16, [66166, 280, 148118]
48, 6, 3.13, [66169, 95674, 150655]
48, 7, 3.13, [66169, 95674, 148118]
48, 8, 3.11, [286, 65897, 150654]
48, 9, 3.08, [286, 65897, 80656]
49, 0, 3.25, [286, 65897, 148118]
49, 1, 3.24, [66169, 150015, 148118]
49, 2, 3.24, [66169, 65897, 150652]
49, 3, 3.22, [286, 65897, 56241]
49, 4, 3.13, [66167, 65897, 150652]
49, 5, 3.13, [66059, 65897, 1063]
49, 6, 3.11, [1061, 98063, 148118]
49, 7, 3.11, [286, 31634, 148118]
49, 8, 3.1, [66169, 150652, 33298]
49, 9, 3.08, [127089, 67331, 150654]
50, 0, 3.25, [286, 65897, 148118]
50, 1, 3.24, [66169, 150015, 148118]
50, 2, 3.19, [285, 65897, 148118]
50, 3, 3.16, [66169, 33297, 148118]
50, 4, 3.11, [150654, 98062, 118602]
50, 5, 3.11, [286, 11388, 148118]
50, 6, 3.11, [66169, 65897, 156909]
50, 7, 3.1, [286, 150015, 150654]
50, 8, 3.1, [286, 283, 150652]
50, 9, 3.09, [66169, 150653, 150652]
