generation number, pop_size, worst, best, median, avg, std, diversity, improvement, number_of_selections
0, 10, 3.05, 3.18, 3.0999999999999996, 3.11, 0.04195235392680611,0.9407407407407408,0,[1.e-300]
1, 10, 3.06, 3.18, 3.13, 3.126, 0.03638681079732053,0.8444444444444444,0.0,[10.]
2, 10, 3.06, 3.18, 3.1100000000000003, 3.1169999999999995, 0.0424381903478459,0.7925925925925926,0.0,[20.]
3, 10, 3.07, 3.18, 3.115, 3.1260000000000003, 0.034409301068170535,0.7925925925925926,0.0,[30.]
4, 10, 3.07, 3.18, 3.1399999999999997, 3.1350000000000002, 0.03721558813185686,0.8962962962962963,0.0,[40.]
5, 10, 3.07, 3.18, 3.0949999999999998, 3.1130000000000004, 0.041725292090050235,0.8666666666666667,0.0,[50.]
6, 10, 3.06, 3.18, 3.1, 3.1100000000000003, 0.04266145801540314,0.8222222222222222,0.0,[60.]
7, 10, 3.08, 3.18, 3.135, 3.136, 0.03583294573433783,0.8222222222222222,0.0,[70.]
8, 10, 3.08, 3.18, 3.1, 3.1149999999999998, 0.0358468966578699,0.8222222222222222,0.0,[80.]
9, 10, 3.08, 3.18, 3.09, 3.1139999999999994, 0.038522720568516515,0.8444444444444444,0.0,[90.]
10, 10, 3.07, 3.18, 3.145, 3.1340000000000003, 0.044317039612320724,0.8,0.0,[100.]
