n_nodes,influence,n0,n1,n2,n3,n4
5,61.1000,3,4,5,172,8
5,59.2400,3,4,5,7,16
5,59.2400,3,4,5,7,16
5,56.3200,3,172,5,7,4
5,56.3200,3,172,5,7,4
5,56.3200,3,172,5,7,4
5,56.3200,3,172,5,7,4
5,55.3200,4,5,7,9,176
5,55.1000,3,930,5,7,4
5,55.1000,3,930,5,7,4
5,55.1000,3,930,5,7,4
5,54.7000,7,9,5,925,4
5,54.7000,7,9,5,925,4
5,54.7000,7,9,5,925,4
5,54.7000,7,9,5,925,4
5,51.6300,42,4,5,7,16
5,51.6300,42,4,5,7,16
5,51.6300,42,4,5,7,16
5,51.6300,42,4,5,7,16
5,50.5300,3,4,5,172,59
5,50.5000,3,4,5,172,39
5,50.2900,3,4,5,172,100
5,49.8600,3,172,5,7,16
5,49.8600,3,172,5,7,16
5,49.8600,3,172,5,7,16
5,49.5700,930,4,5,7,16
5,49.5700,930,4,5,7,16
5,49.5700,930,4,5,7,16
5,49.5700,930,4,5,7,16
5,49.5700,930,4,5,7,16
5,49.5700,930,4,5,7,16
5,49.5700,930,4,5,7,16
5,49.5700,930,4,5,7,16
5,49.5700,930,4,5,7,16
5,49.5700,930,4,5,7,16
5,49.5700,930,4,5,7,16
5,49.5700,930,4,5,7,16
5,49.4200,3,4,5,172,170
5,49.1300,3,4,5,172,772
5,49.1300,3,4,5,172,772
5,49.1200,3,4,5,79,925
5,49.1200,3,4,5,79,925
5,48.8900,3,4,5,172,691
5,48.8900,3,4,5,172,691
5,48.8900,3,4,5,172,691
5,48.8900,3,4,5,172,691
5,48.7400,3,4,5,172,690
5,48.7200,3,172,5,925,4
5,48.7200,3,172,5,925,4
5,48.7200,3,172,5,925,4
5,48.7200,3,172,5,925,4
5,48.7200,3,172,5,925,4
5,48.7200,3,172,5,925,4
5,48.7200,3,172,5,925,4
5,48.7200,3,172,5,925,4
5,48.7200,3,172,5,925,4
5,48.7200,3,172,5,925,4
5,48.7200,3,172,5,925,4
5,48.7200,3,172,5,925,4
5,48.7200,3,172,5,925,4
5,48.7200,3,172,5,925,4
5,48.7200,3,172,5,925,4
5,48.7200,3,172,5,925,4
5,48.7200,3,172,5,925,4
5,48.7200,3,172,5,925,4
5,48.7200,3,172,5,925,4
5,48.7200,3,172,5,925,4
5,48.7200,3,172,5,925,4
5,48.7200,3,172,5,925,4
5,48.7200,3,172,5,925,4
5,48.7200,3,172,5,925,4
5,48.7200,3,172,5,925,4
5,48.7200,3,172,5,925,4
5,48.7200,3,172,5,925,4
5,48.7200,3,172,5,925,4
5,48.7200,3,172,5,925,4
5,48.7200,3,172,5,925,4
5,48.7200,3,172,5,925,4
5,48.7200,3,172,5,925,4
5,48.7200,3,172,5,925,4
5,48.7200,3,172,5,925,4
5,48.7200,3,172,5,925,4
5,48.7200,3,172,5,925,4
5,48.7200,3,172,5,925,4
5,48.7200,3,172,5,925,4
5,48.7200,3,172,5,925,4
5,48.7200,3,172,5,925,4
5,48.7200,3,172,5,925,4
5,48.7200,3,172,5,925,4
5,48.7200,3,172,5,925,4
5,48.7200,3,172,5,925,4
5,48.7200,3,172,5,925,4
5,48.7200,3,172,5,925,4
5,48.7200,3,172,5,925,4
5,48.7200,3,172,5,925,4
5,48.7200,3,172,5,925,4
5,48.7200,3,172,5,925,4
5,48.7200,3,172,5,925,4
5,48.7200,3,172,5,925,4
5,48.7200,3,172,5,925,4
5,48.7200,3,172,5,925,4
5,48.7200,3,172,5,925,4
5,48.7200,3,172,5,925,4
5,48.7200,3,172,5,925,4
5,48.7200,3,172,5,925,4
5,48.7200,3,172,5,925,4
5,48.7200,3,172,5,925,4
5,48.7200,3,172,5,925,4
5,48.7200,3,172,5,925,4
5,48.7200,3,172,5,925,4
5,48.7200,3,172,5,925,4
5,48.7200,3,172,5,925,4
5,48.7200,3,172,5,925,4
5,48.7200,3,172,5,925,4
5,48.7200,3,172,5,925,4
5,48.7200,3,172,5,925,4
5,48.7200,3,172,5,925,4
5,48.7200,3,172,5,925,4
5,48.7200,3,172,5,925,4
5,48.7200,3,172,5,925,4
5,48.7200,3,172,5,925,4
5,48.7200,3,172,5,925,4
5,48.7200,3,172,5,925,4
5,48.7200,3,172,5,925,4
5,48.7200,3,172,5,925,4
5,48.7200,3,172,5,925,4
5,48.7200,3,172,5,925,4
5,48.7200,3,172,5,925,4
