num_genrations,diversity,improvement,best_fitness
0,0.9983333333333333,0,15.359035501253542
1,0.81,0.00930756774264505,15.50199076464315
2,0.44166666666666665,0.019281960753211418,15.800899542163645
3,0.31333333333333324,0.0,15.800899542163645
4,0.24166666666666659,0.006302340071874584,15.900482184519888
5,0.3966666666666666,0.010040878903999916,16.06013700064986
6,0.23833333333333317,0.0,16.06013700064986
7,0.11333333333333329,0.006469578198291751,16.164039312850843
8,0.18499999999999983,0.0,16.164039312850843
9,0.18333333333333335,0.0,16.164039312850843
10,0.20500000000000007,0.00988581195323721,16.32383396590242
11,0.1299999999999999,0.009451819833331801,16.47812390353735
12,0.09333333333333327,0.0,16.47812390353735
13,0.09333333333333327,0.0,16.47812390353735
14,0.13,0.0,16.47812390353735
15,0.20500000000000007,0.012291465957257258,16.680664202537148
