n_nodes,influence,n0,n1,n2,n3,n4,n5,n6,n7,n8,n9,n10,n11,n12,n13,n14,n15,n16,n17,n18,n19,n20
21,3211.2900,2560,5260,6038,3350,2334,6184,1197,4911,5176,3257,3393,3781,7755,7245,3023,7779,6500,5476,3040,3449,3455
21,3199.6800,2560,5260,6038,3350,2334,6184,1197,4911,5176,3257,3393,3781,7755,7245,3023,7779,6500,5476,2372,3449,3455
21,3199.6800,2560,5260,6038,3350,2334,6184,1197,4911,5176,3257,3393,3781,7755,7245,3023,7779,6500,5476,2372,3449,3455
21,3199.6800,2560,5260,6038,3350,2334,6184,1197,4911,5176,3257,3393,3781,7755,7245,3023,7779,6500,5476,2372,3449,3455
21,3199.6800,2560,5260,6038,3350,2334,6184,1197,4911,5176,3257,3393,3781,7755,7245,3023,7779,6500,5476,2372,3449,3455
21,3199.6800,2560,5260,6038,3350,2334,6184,1197,4911,5176,3257,3393,3781,7755,7245,3023,7779,6500,5476,2372,3449,3455
21,3199.6800,2560,5260,6038,3350,2334,6184,1197,4911,5176,3257,3393,3781,7755,7245,3023,7779,6500,5476,2372,3449,3455
21,3199.6800,2560,5260,6038,3350,2334,6184,1197,4911,5176,3257,3393,3781,7755,7245,3023,7779,6500,5476,2372,3449,3455
21,3199.6800,2560,5260,6038,3350,2334,6184,1197,4911,5176,3257,3393,3781,7755,7245,3023,7779,6500,5476,2372,3449,3455
21,3199.6800,2560,5260,6038,3350,2334,6184,1197,4911,5176,3257,3393,3781,7755,7245,3023,7779,6500,5476,2372,3449,3455
21,3199.6800,2560,5260,6038,3350,2334,6184,1197,4911,5176,3257,3393,3781,7755,7245,3023,7779,6500,5476,2372,3449,3455
21,3199.6800,2560,5260,6038,3350,2334,6184,1197,4911,5176,3257,3393,3781,7755,7245,3023,7779,6500,5476,2372,3449,3455
21,3199.6800,2560,5260,6038,3350,2334,6184,1197,4911,5176,3257,3393,3781,7755,7245,3023,7779,6500,5476,2372,3449,3455
21,3199.6800,2560,5260,6038,3350,2334,6184,1197,4911,5176,3257,3393,3781,7755,7245,3023,7779,6500,5476,2372,3449,3455
21,3199.6800,2560,5260,6038,3350,2334,6184,1197,4911,5176,3257,3393,3781,7755,7245,3023,7779,6500,5476,2372,3449,3455
21,3199.6800,2560,5260,6038,3350,2334,6184,1197,4911,5176,3257,3393,3781,7755,7245,3023,7779,6500,5476,2372,3449,3455
