n_nodes,influence,n0,n1,n2,n3,n4
5,22554.0900,7076,63285,64781,28948,16282
5,22554.0900,7076,63285,64781,28948,16282
5,22554.0900,7076,63285,64781,28948,16282
5,22550.8900,58614,53835,14298,6633,11824
5,22550.8900,58614,53835,14298,6633,11824
5,22550.8900,58614,53835,14298,6633,11824
5,22550.8900,58614,53835,14298,6633,11824
5,22550.8900,58614,53835,14298,6633,11824
5,22550.8900,58614,53835,14298,6633,11824
5,22550.8900,58614,53835,14298,6633,11824
5,22550.8900,58614,53835,14298,6633,11824
5,22550.8900,58614,53835,14298,6633,11824
5,22550.8900,58614,53835,14298,6633,11824
5,22550.8900,58614,53835,14298,6633,11824
5,22550.8900,58614,53835,14298,6633,11824
5,22550.8900,58614,53835,14298,6633,11824
5,22550.8900,58614,53835,14298,6633,11824
5,22550.8900,58614,53835,14298,6633,11824
5,22550.8900,58614,53835,14298,6633,11824
5,22550.8900,58614,53835,14298,6633,11824
5,22550.8900,58614,53835,14298,6633,11824
5,22550.8900,58614,53835,14298,6633,11824
5,22550.8900,58614,53835,14298,6633,11824
5,22550.8900,58614,53835,14298,6633,11824
5,22550.8900,58614,53835,14298,6633,11824
5,22550.8900,58614,53835,14298,6633,11824
5,22550.8900,58614,53835,14298,6633,11824
5,22550.8900,58614,53835,14298,6633,11824
5,22550.8900,58614,53835,14298,6633,11824
5,22550.8900,58614,53835,14298,6633,11824
5,22550.8900,58614,53835,14298,6633,11824
5,22550.8900,58614,53835,14298,6633,11824
5,22550.8900,58614,53835,14298,6633,11824
5,22550.8900,58614,53835,14298,6633,11824
5,22550.8900,58614,53835,14298,6633,11824
5,22550.8900,58614,53835,14298,6633,11824
5,22550.8900,58614,53835,14298,6633,11824
5,22550.8900,58614,53835,14298,6633,11824
5,22550.8900,58614,53835,14298,6633,11824
5,22550.8900,58614,53835,14298,6633,11824
5,22550.8900,58614,53835,14298,6633,11824
5,22550.8900,58614,53835,14298,6633,11824
5,22550.8900,58614,53835,14298,6633,11824
5,22550.8900,58614,53835,14298,6633,11824
5,22550.8900,58614,53835,14298,6633,11824
5,22550.8900,58614,53835,14298,6633,11824
5,22550.8900,58614,53835,14298,6633,11824
5,22550.8900,58614,53835,14298,6633,11824
5,22550.8900,58614,53835,14298,6633,11824
5,22550.8900,58614,53835,14298,6633,11824
5,22550.8900,58614,53835,14298,6633,11824
5,22550.8900,58614,53835,14298,6633,11824
5,22550.8900,58614,53835,14298,6633,11824
5,22550.8900,58614,53835,14298,6633,11824
5,22550.8900,58614,53835,14298,6633,11824
5,22550.8900,58614,53835,14298,6633,11824
5,22550.8900,58614,53835,14298,6633,11824
5,22550.8900,58614,53835,14298,6633,11824
5,22550.8900,58614,53835,14298,6633,11824
5,22550.8900,58614,53835,14298,6633,11824
5,22550.8900,58614,53835,14298,6633,11824
5,22550.8900,58614,53835,14298,6633,11824
5,22550.8900,58614,53835,14298,6633,11824
5,22550.8900,58614,53835,14298,6633,11824
