num_genrations,diversity,improvement,best_fitness
0,0.9959325396825397,0,62.91
1,0.9547619047619047,0.2201557780956924,76.76
2,0.8694444444444445,0.0,76.76
3,0.7541666666666667,0.25937988535695666,96.67
4,0.7274801587301587,0.008689355539464191,97.51
5,0.6874007936507938,0.22705363552456156,119.65
6,0.6784722222222223,0.0,119.65
7,0.564186507936508,-0.04320936063518597,114.48
8,0.30704365079365104,0.01659678546470992,116.38
9,0.37688492063492074,0.08858910465715761,126.69
10,0.33918650793650806,0.0,126.69
