generation number, pop_size, worst, best, median, avg, std, diversity, improvement, number_of_selections
0, 10, 3.01, 3.11, 3.065, 3.069, 0.030149626863362665,1.0,0,[1.e-300]
1, 10, 3.04, 3.14, 3.08, 3.0859999999999994, 0.026907248094147414,0.8222222222222222,0.009646302250803939,[1.e-300]
2, 10, 3.06, 3.25, 3.1, 3.117, 0.05235456045083371,0.7925925925925926,0.03503184713375792,[1.e-300]
3, 10, 3.11, 3.25, 3.135, 3.145, 0.039306488014067116,0.8222222222222222,0.0,[1.e-300]
4, 10, 3.1, 3.25, 3.13, 3.1450000000000005, 0.04201190307520001,0.7703703703703704,0.0,[1.e-300]
5, 10, 3.08, 3.25, 3.12, 3.1340000000000003, 0.04963869458396345,0.6592592592592592,0.0,[1.e-300]
6, 10, 3.07, 3.25, 3.105, 3.125, 0.05277309920783506,0.7259259259259259,0.0,[1.e-300]
7, 10, 3.1, 3.25, 3.1550000000000002, 3.156, 0.04521061822182927,0.8074074074074074,0.0,[1.e-300]
8, 10, 3.11, 3.25, 3.185, 3.179, 0.03910242959203434,0.7777777777777778,0.0,[1.e-300]
9, 10, 3.07, 3.25, 3.13, 3.1449999999999996, 0.057835974963685026,0.8592592592592593,0.0,[1.e-300]
10, 10, 3.07, 3.25, 3.115, 3.14, 0.054772255750516634,0.6148148148148149,0.0,[1.e-300]
