generation number, individual number, fitness, candidate
0, 0, 17.18, [284, 3746, 1825]
0, 1, 14.55, [3739, 3742, 1825]
0, 2, 13.47, [3759, 287, 1825]
0, 3, 12.82, [3754, 2229, 3755]
0, 4, 11.42, [4108, 1830, 4128]
0, 5, 10.87, [72, 293, 3746]
0, 6, 9.59, [3754, 1032, 1828]
0, 7, 9.4, [3733, 291, 3756]
0, 8, 8.76, [3741, 3761, 4130]
0, 9, 8.7, [3748, 1032, 3102]
1, 0, 17.18, [284, 3746, 1825]
1, 1, 16.28, [284, 3739, 1825]
1, 2, 15.14, [1315, 287, 1825]
1, 3, 15.04, [284, 3740, 1825]
1, 4, 14.6, [3741, 3746, 1825]
1, 5, 14.55, [3739, 3742, 1825]
1, 6, 14.32, [3741, 3746, 1825]
1, 7, 13.38, [3740, 229, 1825]
1, 8, 11.83, [284, 3746, 1833]
1, 9, 9.37, [270, 3741, 1828]
2, 0, 17.18, [284, 3746, 1825]
2, 1, 16.38, [284, 287, 1831]
2, 2, 16.28, [284, 3739, 1825]
2, 3, 15.15, [3397, 3746, 1825]
2, 4, 14.89, [1831, 3754, 3737]
2, 5, 13.48, [284, 287, 1830]
2, 6, 13.36, [352, 3740, 1825]
2, 7, 10.36, [284, 3739, 1826]
2, 8, 10.13, [101, 3749, 1828]
2, 9, 10.12, [72, 2490, 1833]
3, 0, 17.18, [284, 3746, 1825]
3, 1, 16.38, [284, 287, 1831]
3, 2, 16.3, [284, 3745, 1831]
3, 3, 16.27, [284, 3747, 1825]
3, 4, 16.18, [284, 287, 1831]
3, 5, 13.46, [284, 3754, 3733]
3, 6, 13.32, [1831, 3753, 1825]
3, 7, 11.79, [359, 3746, 101]
3, 8, 11.71, [284, 2156, 1686]
3, 9, 11.62, [2260, 2156, 1896]
4, 0, 17.18, [284, 3746, 1825]
4, 1, 16.58, [282, 3745, 1831]
4, 2, 16.38, [284, 287, 1831]
4, 3, 16.17, [284, 3397, 1825]
4, 4, 12.41, [284, 3737, 4129]
4, 5, 12.01, [693, 1032, 1322]
4, 6, 10.96, [284, 352, 282]
4, 7, 10.27, [291, 287, 3745]
4, 8, 10.26, [295, 1588, 1825]
4, 9, 9.32, [1605, 2260, 1830]
5, 0, 18.72, [77, 2260, 1831]
5, 1, 17.18, [284, 3746, 1825]
5, 2, 16.58, [282, 3745, 1831]
5, 3, 16.24, [284, 1032, 1825]
5, 4, 13.95, [119, 2463, 77]
5, 5, 13.8, [3750, 1896, 1825]
5, 6, 13.66, [284, 3746, 1834]
5, 7, 13.41, [284, 1541, 1322]
5, 8, 11.38, [282, 287, 1588]
5, 9, 10.82, [284, 3746, 1686]
6, 0, 18.72, [77, 2260, 1831]
6, 1, 17.18, [284, 3746, 1825]
6, 2, 16.88, [159, 3746, 1825]
6, 3, 14.82, [1541, 2260, 1831]
6, 4, 14.49, [77, 2260, 1834]
6, 5, 14.11, [77, 1541, 275]
6, 6, 14.02, [1092, 3745, 77]
6, 7, 10.61, [282, 3777, 1686]
6, 8, 10.21, [3746, 4129, 1896]
6, 9, 9.14, [279, 2260, 2261]
7, 0, 20.1, [77, 3100, 1825]
7, 1, 18.72, [77, 2260, 1831]
7, 2, 18.63, [284, 3752, 1831]
7, 3, 18.0, [77, 546, 1825]
7, 4, 17.52, [77, 546, 1825]
7, 5, 17.18, [284, 3746, 1825]
7, 6, 16.6, [77, 3746, 1830]
7, 7, 15.48, [2595, 3746, 1831]
7, 8, 15.4, [159, 3750, 1831]
7, 9, 14.55, [275, 2260, 1825]
8, 0, 20.1, [77, 3100, 1825]
8, 1, 18.72, [77, 2260, 1831]
8, 2, 17.95, [3105, 3100, 1831]
8, 3, 17.88, [159, 3100, 1831]
8, 4, 17.28, [159, 3100, 1831]
8, 5, 16.61, [77, 3100, 1834]
8, 6, 14.82, [275, 2260, 1825]
8, 7, 13.93, [2463, 2260, 1825]
8, 8, 13.7, [1541, 4108, 1831]
8, 9, 11.79, [263, 2260, 1825]
9, 0, 20.98, [77, 689, 1831]
9, 1, 20.1, [77, 3100, 1825]
9, 2, 19.82, [77, 689, 1831]
9, 3, 18.72, [77, 2260, 1831]
9, 4, 18.19, [77, 3100, 1829]
9, 5, 16.77, [77, 1040, 1825]
9, 6, 16.73, [546, 3100, 1831]
9, 7, 16.08, [159, 2260, 1825]
9, 8, 15.79, [159, 546, 1831]
9, 9, 13.56, [33, 2260, 1831]
10, 0, 20.98, [77, 689, 1831]
10, 1, 20.46, [77, 3752, 1831]
10, 2, 20.1, [77, 3100, 1825]
10, 3, 16.87, [77, 293, 1831]
10, 4, 15.52, [77, 4794, 1831]
10, 5, 14.74, [77, 689, 1826]
10, 6, 13.98, [77, 689, 1826]
10, 7, 13.48, [3746, 3755, 1831]
10, 8, 12.85, [77, 1322, 1826]
10, 9, 10.41, [275, 3737, 291]
11, 0, 20.98, [77, 689, 1831]
11, 1, 20.46, [77, 3752, 1831]
11, 2, 18.48, [77, 689, 693]
11, 3, 18.41, [77, 3760, 1831]
11, 4, 18.12, [77, 546, 1831]
11, 5, 18.1, [159, 3100, 1831]
11, 6, 15.7, [77, 3734, 1825]
11, 7, 14.76, [3761, 3105, 1831]
11, 8, 14.63, [24, 1825, 1831]
11, 9, 14.29, [77, 3760, 3750]
12, 0, 20.98, [77, 689, 1831]
12, 1, 20.46, [77, 3752, 1831]
12, 2, 18.52, [77, 3756, 1831]
12, 3, 18.38, [77, 3754, 1831]
12, 4, 17.21, [77, 4130, 1831]
12, 5, 13.71, [77, 3758, 3743]
12, 6, 13.69, [275, 181, 702]
12, 7, 12.65, [4131, 3759, 1831]
12, 8, 11.15, [4794, 3755, 1831]
12, 9, 10.47, [4108, 3750, 1315]
13, 0, 20.98, [77, 689, 1831]
13, 1, 20.46, [77, 3752, 1831]
13, 2, 19.4, [77, 3741, 1831]
13, 3, 18.7, [77, 4128, 1831]
13, 4, 16.15, [77, 689, 1834]
13, 5, 14.81, [181, 689, 4129]
13, 6, 13.62, [3105, 3752, 3753]
13, 7, 12.83, [3746, 689, 1092]
13, 8, 12.07, [699, 3741, 1831]
13, 9, 6.79, [3777, 3758, 3734]
14, 0, 20.98, [77, 689, 1831]
14, 1, 20.46, [77, 3752, 1831]
14, 2, 17.55, [159, 3752, 1831]
14, 3, 17.04, [77, 3761, 1831]
14, 4, 15.27, [77, 4128, 1830]
14, 5, 14.51, [77, 3741, 2261]
14, 6, 13.97, [2156, 3761, 1831]
14, 7, 13.42, [3743, 3744, 1831]
14, 8, 11.03, [2463, 3741, 3750]
14, 9, 10.98, [1322, 4108, 101]
15, 0, 20.98, [77, 689, 1831]
15, 1, 20.46, [77, 3752, 1831]
15, 2, 18.4, [77, 3750, 1831]
15, 3, 18.0, [77, 3752, 1829]
15, 4, 17.19, [275, 689, 1831]
15, 5, 15.27, [77, 4184, 3100]
15, 6, 15.2, [77, 3737, 1830]
15, 7, 13.72, [279, 4108, 1831]
15, 8, 11.75, [1826, 77, 269]
15, 9, 11.03, [77, 1826, 270]
16, 0, 20.98, [77, 689, 1831]
16, 1, 20.46, [77, 3752, 1831]
16, 2, 18.87, [77, 3750, 1831]
16, 3, 17.67, [159, 689, 1831]
16, 4, 16.88, [77, 3752, 1092]
16, 5, 16.43, [77, 3752, 3744]
16, 6, 14.91, [77, 3758, 229]
16, 7, 12.27, [3102, 3752, 689]
16, 8, 11.32, [77, 1006, 3759]
16, 9, 9.99, [1315, 3740, 1830]
17, 0, 20.98, [77, 689, 1831]
17, 1, 20.46, [77, 3752, 1831]
17, 2, 19.07, [77, 693, 1831]
17, 3, 18.21, [77, 3747, 1831]
17, 4, 17.72, [77, 3752, 1830]
17, 5, 15.8, [77, 229, 269]
17, 6, 15.75, [77, 3746, 4129]
17, 7, 13.52, [77, 3735, 1829]
17, 8, 13.0, [77, 271, 1830]
17, 9, 12.74, [159, 4130, 3733]
18, 0, 20.98, [77, 689, 1831]
18, 1, 20.46, [77, 3752, 1831]
18, 2, 18.39, [77, 3756, 1831]
18, 3, 17.89, [77, 3756, 1831]
18, 4, 15.66, [2156, 3752, 1829]
18, 5, 15.56, [77, 3752, 1321]
18, 6, 14.99, [77, 3739, 359]
18, 7, 12.81, [263, 689, 1831]
18, 8, 11.96, [2261, 693, 1541]
18, 9, 11.86, [3741, 689, 3750]
19, 0, 20.98, [77, 689, 1831]
19, 1, 20.46, [77, 3752, 1831]
19, 2, 19.76, [77, 3742, 1831]
19, 3, 17.58, [77, 3752, 1315]
19, 4, 16.91, [77, 3740, 1831]
19, 5, 15.73, [181, 1092, 1831]
19, 6, 14.6, [275, 689, 284]
19, 7, 14.06, [263, 689, 1831]
19, 8, 13.63, [2260, 689, 275]
19, 9, 12.63, [284, 3752, 2464]
20, 0, 20.98, [77, 689, 1831]
20, 1, 20.46, [77, 3752, 1831]
20, 2, 18.19, [77, 3760, 1831]
20, 3, 17.1, [279, 689, 1831]
20, 4, 16.69, [1322, 3752, 1831]
20, 5, 14.49, [119, 3741, 1831]
20, 6, 13.77, [77, 3759, 1315]
20, 7, 13.31, [263, 3744, 1831]
20, 8, 12.87, [3743, 3756, 1831]
20, 9, 9.8, [2400, 1315, 546]
21, 0, 20.98, [77, 689, 1831]
21, 1, 20.46, [77, 3752, 1831]
21, 2, 18.09, [77, 3736, 1830]
21, 3, 17.99, [77, 3756, 1831]
21, 4, 16.89, [77, 3753, 1831]
21, 5, 16.84, [3105, 352, 1831]
21, 6, 15.71, [77, 3734, 1831]
21, 7, 15.57, [2156, 3743, 1831]
21, 8, 14.39, [2229, 3745, 1831]
21, 9, 14.31, [77, 1032, 3777]
22, 0, 20.98, [77, 689, 1831]
22, 1, 20.46, [77, 3752, 1831]
22, 2, 16.86, [77, 3740, 1831]
22, 3, 16.09, [77, 689, 2463]
22, 4, 16.09, [77, 3736, 3740]
22, 5, 15.46, [2229, 3752, 270]
22, 6, 13.89, [287, 33, 1831]
22, 7, 13.67, [263, 3752, 1831]
22, 8, 13.16, [77, 3735, 702]
22, 9, 11.15, [996, 689, 1315]
23, 0, 20.98, [77, 689, 1831]
23, 1, 20.46, [77, 3752, 1831]
23, 2, 19.33, [77, 2156, 1831]
23, 3, 18.79, [77, 3760, 1831]
23, 4, 18.23, [3100, 689, 1831]
23, 5, 15.39, [77, 3752, 3747]
23, 6, 14.1, [77, 3754, 270]
23, 7, 13.79, [77, 1826, 3105]
23, 8, 13.29, [77, 689, 282]
23, 9, 10.57, [4108, 689, 3102]
24, 0, 20.98, [77, 689, 1831]
24, 1, 20.61, [77, 3742, 1831]
24, 2, 20.46, [77, 3752, 1831]
24, 3, 18.8, [77, 3741, 1831]
24, 4, 16.89, [77, 2156, 1829]
24, 5, 15.88, [275, 159, 1831]
24, 6, 14.76, [72, 3755, 1831]
24, 7, 13.84, [77, 2260, 3759]
24, 8, 12.58, [3745, 3752, 1829]
24, 9, 12.23, [159, 1829, 3740]
25, 0, 20.98, [77, 689, 1831]
25, 1, 20.61, [77, 3742, 1831]
25, 2, 19.17, [77, 3742, 1829]
25, 3, 17.86, [77, 269, 1831]
25, 4, 16.55, [77, 3736, 3755]
25, 5, 14.26, [1322, 2595, 1831]
25, 6, 13.21, [270, 4129, 1831]
25, 7, 13.03, [159, 3750, 4131]
25, 8, 12.82, [77, 3759, 1834]
25, 9, 12.11, [3744, 3742, 291]
26, 0, 20.98, [77, 689, 1831]
26, 1, 20.61, [77, 3742, 1831]
26, 2, 17.07, [229, 181, 1831]
26, 3, 15.18, [3105, 293, 1831]
26, 4, 14.9, [3752, 3740, 1831]
26, 5, 14.19, [285, 689, 282]
26, 6, 14.15, [4131, 3742, 693]
26, 7, 13.03, [263, 689, 1831]
26, 8, 12.51, [263, 3742, 1831]
26, 9, 10.52, [1588, 3752, 1092]
27, 0, 20.98, [77, 689, 1831]
27, 1, 20.61, [77, 3742, 1831]
27, 2, 20.14, [77, 3752, 1831]
27, 3, 17.53, [77, 3742, 1032]
27, 4, 16.25, [275, 689, 1831]
27, 5, 15.34, [3105, 3750, 1831]
27, 6, 13.77, [275, 689, 352]
27, 7, 13.72, [263, 181, 1831]
27, 8, 13.61, [275, 293, 1831]
27, 9, 11.86, [3100, 689, 2490]
28, 0, 20.98, [77, 689, 1831]
28, 1, 20.61, [77, 3742, 1831]
28, 2, 17.39, [77, 689, 1834]
28, 3, 17.02, [275, 3742, 1831]
28, 4, 16.38, [2261, 3742, 1831]
28, 5, 15.72, [3105, 689, 1829]
28, 6, 15.45, [77, 3749, 3743]
28, 7, 14.32, [1315, 3749, 1831]
28, 8, 14.16, [279, 1831, 1040]
28, 9, 11.91, [159, 1541, 295]
29, 0, 20.98, [77, 689, 1831]
29, 1, 20.61, [77, 3742, 1831]
29, 2, 17.1, [77, 295, 1831]
29, 3, 17.0, [77, 689, 1830]
29, 4, 16.3, [77, 689, 1834]
29, 5, 15.96, [3744, 689, 1831]
29, 6, 15.87, [3743, 3100, 1831]
29, 7, 15.59, [1032, 229, 1831]
29, 8, 13.63, [3397, 359, 1831]
29, 9, 13.23, [101, 3742, 1834]
30, 0, 20.98, [77, 689, 1831]
30, 1, 20.61, [77, 3742, 1831]
30, 2, 18.6, [77, 3743, 1831]
30, 3, 17.64, [77, 3742, 1830]
30, 4, 15.86, [1092, 3742, 1831]
30, 5, 13.93, [77, 3742, 1588]
30, 6, 13.87, [77, 3742, 1588]
30, 7, 13.41, [1541, 3742, 1830]
30, 8, 12.32, [352, 1321, 1831]
30, 9, 8.71, [1321, 3758, 3745]
31, 0, 20.98, [77, 689, 1831]
31, 1, 20.61, [77, 3742, 1831]
31, 2, 18.09, [77, 3742, 1829]
31, 3, 16.26, [77, 3743, 2260]
31, 4, 15.89, [352, 689, 1831]
31, 5, 14.24, [77, 3750, 1040]
31, 6, 12.05, [1834, 4131, 1825]
31, 7, 11.13, [77, 3758, 284]
31, 8, 11.09, [77, 3759, 1006]
31, 9, 10.27, [263, 229, 3744]
32, 0, 20.98, [77, 689, 1831]
32, 1, 20.61, [77, 3742, 1831]
32, 2, 18.71, [77, 101, 1831]
32, 3, 18.18, [77, 3750, 1831]
32, 4, 18.09, [77, 3760, 1831]
32, 5, 17.92, [159, 689, 1831]
32, 6, 16.85, [77, 689, 546]
32, 7, 16.77, [77, 689, 546]
32, 8, 15.8, [3746, 689, 1831]
32, 9, 13.07, [3100, 1315, 3756]
33, 0, 20.98, [77, 689, 1831]
33, 1, 20.61, [77, 3742, 1831]
33, 2, 17.0, [77, 3742, 1830]
33, 3, 16.69, [77, 3740, 1831]
33, 4, 16.44, [275, 689, 1831]
33, 5, 15.89, [3742, 1092, 1831]
33, 6, 14.94, [4128, 689, 2156]
33, 7, 14.75, [1040, 689, 1831]
33, 8, 13.46, [77, 1834, 1830]
33, 9, 13.36, [4301, 689, 1825]
34, 0, 20.98, [77, 689, 1831]
34, 1, 20.61, [77, 3742, 1831]
34, 2, 18.92, [77, 689, 1831]
34, 3, 18.33, [77, 689, 1829]
34, 4, 17.21, [77, 3742, 1830]
34, 5, 16.57, [77, 1040, 1831]
34, 6, 15.93, [3742, 3760, 1831]
34, 7, 14.31, [77, 3742, 1588]
34, 8, 13.45, [275, 3740, 1831]
34, 9, 13.37, [77, 996, 1830]
35, 0, 20.98, [77, 689, 1831]
35, 1, 20.61, [77, 3742, 1831]
35, 2, 17.6, [159, 689, 1831]
35, 3, 17.02, [77, 689, 2260]
35, 4, 16.98, [77, 3742, 2463]
35, 5, 16.73, [275, 689, 1831]
35, 6, 14.24, [2595, 3743, 1831]
35, 7, 13.07, [77, 1322, 702]
35, 8, 12.9, [159, 3741, 2261]
35, 9, 11.02, [291, 263, 1831]
36, 0, 20.98, [77, 689, 1831]
36, 1, 20.61, [77, 3742, 1831]
36, 2, 17.7, [77, 3758, 1831]
36, 3, 16.4, [77, 689, 546]
36, 4, 15.84, [77, 702, 2260]
36, 5, 15.18, [2595, 3742, 1831]
36, 6, 14.28, [159, 287, 3105]
36, 7, 14.09, [77, 263, 1831]
36, 8, 12.48, [3733, 3759, 1831]
36, 9, 12.34, [263, 284, 1831]
37, 0, 20.98, [77, 689, 1831]
37, 1, 20.61, [77, 3742, 1831]
37, 2, 17.12, [77, 3742, 269]
37, 3, 16.15, [279, 3742, 2229]
37, 4, 15.35, [77, 3759, 72]
37, 5, 14.64, [3750, 270, 1831]
37, 6, 14.5, [77, 3758, 1834]
37, 7, 14.16, [263, 689, 1831]
37, 8, 13.87, [77, 275, 3750]
37, 9, 13.69, [77, 3742, 1588]
38, 0, 20.98, [77, 689, 1831]
38, 1, 20.61, [77, 3742, 1831]
38, 2, 20.09, [77, 3742, 1831]
38, 3, 19.08, [77, 3739, 1831]
38, 4, 15.85, [77, 1825, 2595]
38, 5, 15.6, [77, 689, 291]
38, 6, 14.52, [77, 1605, 1831]
38, 7, 13.1, [4131, 3742, 1032]
38, 8, 12.99, [77, 159, 1829]
38, 9, 12.71, [275, 689, 269]
39, 0, 20.98, [77, 689, 1831]
39, 1, 20.61, [77, 3742, 1831]
39, 2, 17.42, [77, 2463, 1831]
39, 3, 16.03, [77, 3742, 3737]
39, 4, 15.37, [77, 3755, 4128]
39, 5, 15.16, [3752, 689, 3105]
39, 6, 14.72, [2229, 3742, 3756]
39, 7, 13.6, [159, 689, 3747]
39, 8, 13.12, [77, 4184, 3754]
39, 9, 11.72, [4128, 2463, 702]
40, 0, 20.98, [77, 689, 1831]
40, 1, 20.61, [77, 3742, 1831]
40, 2, 16.44, [77, 1825, 1829]
40, 3, 15.23, [77, 1830, 1092]
40, 4, 13.36, [3746, 1006, 1831]
40, 5, 12.93, [275, 689, 1834]
40, 6, 12.09, [77, 2463, 1588]
40, 7, 11.52, [159, 689, 4301]
40, 8, 10.3, [77, 285, 699]
40, 9, 9.74, [72, 3750, 1686]
41, 0, 20.98, [77, 689, 1831]
41, 1, 20.61, [77, 3742, 1831]
41, 2, 20.5, [77, 689, 1825]
41, 3, 16.46, [77, 2598, 1831]
41, 4, 16.42, [77, 3752, 1092]
41, 5, 15.53, [77, 3758, 1829]
41, 6, 14.52, [275, 1825, 1831]
41, 7, 13.47, [159, 1830, 1831]
41, 8, 13.42, [119, 3760, 1831]
41, 9, 13.39, [33, 3742, 1829]
42, 0, 20.98, [77, 689, 1831]
42, 1, 20.61, [77, 3742, 1831]
42, 2, 19.99, [77, 2156, 1825]
42, 3, 18.52, [77, 3741, 1831]
42, 4, 18.39, [77, 689, 1829]
42, 5, 18.06, [77, 3749, 1831]
42, 6, 16.26, [77, 3733, 229]
42, 7, 16.14, [77, 3742, 1834]
42, 8, 14.78, [77, 3754, 1987]
42, 9, 11.08, [263, 2598, 1831]
43, 0, 20.98, [77, 689, 1831]
43, 1, 20.61, [77, 3742, 1831]
43, 2, 17.23, [77, 2156, 3743]
43, 3, 16.78, [77, 3736, 3748]
43, 4, 16.4, [275, 689, 1831]
43, 5, 16.25, [702, 2229, 1831]
43, 6, 15.67, [284, 689, 702]
43, 7, 15.09, [1032, 3741, 1825]
43, 8, 14.27, [275, 3736, 1315]
43, 9, 13.4, [77, 3739, 284]
44, 0, 20.98, [77, 689, 1831]
44, 1, 20.61, [77, 3742, 1831]
44, 2, 16.82, [77, 3742, 689]
44, 3, 15.58, [77, 2156, 1834]
44, 4, 14.76, [77, 3736, 282]
44, 5, 13.25, [159, 3742, 3759]
44, 6, 13.2, [275, 689, 1834]
44, 7, 11.8, [3733, 24, 1830]
44, 8, 11.5, [275, 3742, 3748]
44, 9, 11.29, [159, 3105, 3102]
45, 0, 20.98, [77, 689, 1831]
45, 1, 20.61, [77, 3742, 1831]
45, 2, 15.62, [77, 2156, 3753]
45, 3, 15.61, [159, 2261, 1831]
45, 4, 15.14, [77, 689, 1605]
45, 5, 14.63, [1831, 3742, 4794]
45, 6, 14.49, [77, 689, 1588]
45, 7, 14.38, [275, 3742, 284]
45, 8, 14.04, [3758, 689, 1831]
45, 9, 13.75, [3733, 285, 1831]
46, 0, 20.98, [77, 689, 1831]
46, 1, 20.61, [77, 3742, 1831]
46, 2, 18.68, [77, 3742, 3100]
46, 3, 16.16, [77, 2156, 1834]
46, 4, 15.74, [77, 285, 1831]
46, 5, 15.12, [77, 229, 1833]
46, 6, 14.62, [159, 2156, 4128]
46, 7, 13.66, [546, 3105, 1829]
46, 8, 12.68, [77, 1605, 3753]
46, 9, 12.6, [77, 2598, 3745]
47, 0, 20.98, [77, 689, 1831]
47, 1, 20.96, [77, 3736, 1831]
47, 2, 20.61, [77, 3742, 1831]
47, 3, 17.3, [159, 689, 1831]
47, 4, 15.64, [77, 689, 2400]
47, 5, 15.44, [77, 24, 1830]
47, 6, 14.05, [77, 689, 284]
47, 7, 13.84, [2156, 3739, 1829]
47, 8, 12.68, [2261, 689, 4128]
47, 9, 10.75, [3102, 229, 1829]
48, 0, 20.98, [77, 689, 1831]
48, 1, 20.96, [77, 3736, 1831]
48, 2, 18.12, [275, 3736, 1831]
48, 3, 17.37, [275, 3736, 1831]
48, 4, 16.28, [1541, 2229, 1831]
48, 5, 15.36, [77, 3743, 1541]
48, 6, 13.73, [279, 3777, 1831]
48, 7, 13.62, [119, 3742, 693]
48, 8, 12.72, [77, 293, 3759]
48, 9, 12.67, [3755, 3736, 3777]
49, 0, 20.98, [77, 689, 1831]
49, 1, 20.96, [77, 3736, 1831]
49, 2, 19.51, [77, 693, 1831]
49, 3, 19.46, [159, 3736, 1831]
49, 4, 18.63, [77, 3736, 1834]
49, 5, 16.69, [270, 689, 1831]
49, 6, 15.38, [3746, 689, 1831]
49, 7, 14.51, [275, 3760, 1831]
49, 8, 13.18, [1032, 3736, 285]
49, 9, 12.26, [275, 3736, 1588]
50, 0, 20.98, [77, 689, 1831]
50, 1, 20.96, [77, 3736, 1831]
50, 2, 19.25, [77, 3744, 1831]
50, 3, 16.57, [77, 693, 4128]
50, 4, 16.53, [2595, 3736, 1831]
50, 5, 16.48, [282, 33, 1831]
50, 6, 14.28, [275, 3755, 1831]
50, 7, 13.21, [77, 1321, 4108]
50, 8, 12.73, [2490, 689, 3742]
50, 9, 12.57, [2229, 1825, 1588]
