n_nodes,influence,n0,n1,n2,n3,n4,n5,n6,n7,n8,n9
10,10319.2000,608,545,902,46,944,658,338,541,697,284
10,10319.2000,608,545,902,46,944,658,338,541,697,284
10,10319.2000,608,545,902,46,944,658,338,541,697,284
10,10319.2000,608,545,902,46,944,658,338,541,697,284
10,10319.2000,608,545,902,46,944,658,338,541,697,284
10,10319.2000,608,545,902,46,944,658,338,541,697,284
10,10313.8600,608,545,468,902,73,46,944,338,564,885
10,10313.8600,608,545,468,902,73,46,944,338,564,885
10,10313.8600,608,545,468,902,73,46,944,338,564,885
10,10290.8500,608,545,902,46,944,658,338,564,885,128
10,10289.6200,608,607,902,73,46,944,338,468,564,885
10,10273.3600,608,545,902,46,944,658,338,541,564,885
10,10236.0400,608,386,468,902,73,46,944,26,564,697
10,10236.0400,608,386,468,902,73,46,944,26,564,697
10,10236.0400,608,386,468,902,73,46,944,26,564,697
10,10236.0400,608,386,468,902,73,46,944,26,564,697
