generation number, pop_size, worst, best, median, avg, std, diversity, improvement, number_of_selections
0, 10, 2.01, 2.13, 2.07, 2.0589999999999997, 0.03935733730830886,0.9666666666666667,0,[1.e-300]
1, 10, 2.06, 2.19, 2.12, 2.1209999999999996, 0.03726929030716844,0.9333333333333333,0.028169014084507067,[1.e-300]
2, 10, 2.08, 2.2, 2.16, 2.146, 0.04431703961232071,0.9666666666666667,0.004566210045662206,[1.e-300]
3, 10, 2.08, 2.2, 2.13, 2.1370000000000005, 0.03874274125562104,0.8666666666666667,0.0,[1.e-300]
4, 10, 2.08, 2.2, 2.135, 2.1439999999999997, 0.039799497484264854,0.8111111111111111,0.0,[1.e-300]
5, 10, 2.07, 2.2, 2.1550000000000002, 2.1390000000000002, 0.045265881191025197,0.8111111111111111,0.0,[1.e-300]
6, 10, 2.07, 2.21, 2.13, 2.14, 0.047328638264797024,0.8666666666666667,0.004545454545454448,[1.e-300]
7, 10, 2.05, 2.21, 2.085, 2.1100000000000003, 0.05291502622129189,0.9222222222222223,0.0,[1.e-300]
8, 10, 2.03, 2.24, 2.1399999999999997, 2.1350000000000007, 0.07338255923582943,0.8555555555555556,0.013574660633484276,[1.e-300]
9, 10, 2.04, 2.24, 2.105, 2.1209999999999996, 0.05940538696111665,0.8888888888888888,0.0,[1.e-300]
10, 10, 2.02, 2.24, 2.0949999999999998, 2.109, 0.06992138442565339,0.8888888888888888,0.0,[1.e-300]
