num_genrations,diversity,improvement,best_fitness
0,0.9999507874015748,0,35.05
1,0.9757135826771653,0.3232524964336664,46.38
2,0.934621062992126,0.0,46.38
3,0.8767716535433071,0.358775334195774,63.02
4,0.8019192913385826,0.1461440812440495,72.23
5,0.7691190944881889,0.1239097327980064,81.18
6,0.6807824803149606,0.04052722345405262,84.47
7,0.5703494094488188,0.1702379543033029,98.85
8,0.45920275590551185,0.0510875063227113,103.9
9,0.3741633858267719,0.0,103.9
10,0.2820127952755904,0.0674687199230028,110.91
