num_genrations,diversity,improvement,best_fitness
4,0.4183333333333332,0.0,9.21
5,0.33166666666666667,0.0,9.21
0,1.0,0,9.11
6,0.23166666666666647,0.0,9.21
1,0.7816666666666667,0.0,9.11
7,0.0,0.0021715526601519624,9.23
2,0.5816666666666667,0.010976948408342638,9.21
8,0.0,0.0,9.23
9,0.0,0.0,9.23
3,0.5783333333333334,0.0,9.21
10,0.0,0.0,9.23
4,0.4183333333333332,0.0,9.21
5,0.33166666666666667,0.0,9.21
6,0.23166666666666647,0.0,9.21
7,0.0,0.0021715526601519624,9.23
8,0.0,0.0,9.23
9,0.0,0.0,9.23
10,0.0,0.0,9.23
