n_nodes,influence,n0,n1,n2,n3,n4,n5,n6,n7,n8,n9,n10,n11,n12
13,57.3700,2766,955,36,1511,3788,2381,7666,615,126,5800,965,179,752
13,57.3700,2766,955,36,1511,3788,2381,7666,615,126,5800,965,179,752
13,56.0300,2766,955,36,1511,3788,2381,7666,615,126,5800,965,179,752
13,54.7600,2766,955,36,1511,3788,2381,7666,615,126,5800,965,179,752
13,54.7600,2766,955,36,1511,3788,2381,7666,615,126,5800,965,179,752
13,54.7600,2766,955,36,1511,3788,2381,7666,615,126,5800,965,179,752
13,54.7600,2766,955,36,1511,3788,2381,7666,615,126,5800,965,179,752
13,54.7600,2766,955,36,1511,3788,2381,7666,615,126,5800,965,179,752
13,54.7600,2766,955,36,1511,3788,2381,7666,615,126,5800,965,179,752
13,54.7600,2766,955,36,1511,3788,2381,7666,615,126,5800,965,179,752
13,54.7600,2766,955,36,1511,3788,2381,7666,615,126,5800,965,179,752
13,54.7600,2766,955,36,1511,3788,2381,7666,615,126,5800,965,179,752
13,54.7600,2766,955,36,1511,3788,2381,7666,615,126,5800,965,179,752
13,54.7600,2766,955,36,1511,3788,2381,7666,615,126,5800,965,179,752
13,54.7600,2766,955,36,1511,3788,2381,7666,615,126,5800,965,179,752
13,54.7600,2766,955,36,1511,3788,2381,7666,615,126,5800,965,179,752
