generation number, pop_size, worst, best, median, avg, std, diversity, improvement, number_of_selections
0, 10, 6.26, 11.23, 9.13, 9.083, 1.4554796460273844,0.9111111111111111,0,[1.e-300]
1, 10, 8.9, 12.92, 10.745000000000001, 10.667, 1.1866006067755064,0.8444444444444444,0.1504897595725734,[10.]
2, 10, 9.41, 14.27, 11.504999999999999, 11.42, 1.5247753932956816,0.8296296296296296,0.10448916408668728,[20.]
3, 10, 10.2, 14.96, 13.094999999999999, 12.982999999999999, 1.4068265706902185,0.8222222222222222,0.04835318850735818,[30.]
4, 10, 11.0, 15.8, 13.71, 13.447, 1.5147280283932163,0.8,0.056149732620320844,[40.]
5, 10, 8.78, 15.8, 13.35, 12.665000000000001, 2.501280671975858,0.7925925925925926,0.0,[50.]
6, 10, 10.7, 16.05, 14.52, 13.895999999999997, 1.8498767526513762,0.6962962962962963,0.01582278481012658,[60.]
7, 10, 10.3, 16.05, 13.605, 13.232, 1.9648195845929466,0.7555555555555555,0.0,[70.]
8, 10, 9.65, 16.05, 11.055, 12.102, 2.521522555917357,0.8296296296296296,0.0,[80.]
9, 10, 10.68, 16.05, 14.185, 13.746, 1.904101888030155,0.5925925925925926,0.0,[90.]
10, 10, 9.55, 16.05, 13.485, 13.310000000000002, 2.0475448713031907,0.7481481481481481,0.0,[100.]
