generation number, individual number, fitness, candidate
0, 0, 3.13, [88, 66059, 31634]
0, 1, 3.12, [156909, 87, 33300]
0, 2, 3.1, [56239, 73700, 62858]
0, 3, 3.1, [1062, 282, 149059]
0, 4, 3.07, [11925, 98063, 73700]
0, 5, 3.07, [156909, 31634, 33300]
0, 6, 3.06, [6376, 1062, 87893]
0, 7, 3.05, [90, 282, 284]
0, 8, 3.03, [156909, 144434, 87893]
0, 9, 3.02, [156909, 100140, 71858]
1, 0, 3.17, [86, 66059, 33300]
1, 1, 3.14, [88, 66166, 1062]
1, 2, 3.13, [156909, 31634, 821]
1, 3, 3.13, [100807, 87, 31634]
1, 4, 3.13, [90, 66059, 31634]
1, 5, 3.13, [88, 66059, 31634]
1, 6, 3.12, [156909, 90, 31634]
1, 7, 3.12, [156909, 87, 33300]
1, 8, 3.09, [88, 65900, 66171]
1, 9, 3.08, [88, 33300, 33298]
2, 0, 3.18, [88, 66166, 33297]
2, 1, 3.17, [86, 66059, 33300]
2, 2, 3.15, [88, 87, 33298]
2, 3, 3.15, [90, 87, 33300]
2, 4, 3.14, [88, 66166, 1062]
2, 5, 3.13, [87, 66059, 1062]
2, 6, 3.11, [86, 65899, 100141]
2, 7, 3.07, [127088, 66059, 31634]
2, 8, 3.06, [33298, 73703, 33300]
2, 9, 3.04, [558, 67331, 98065]
3, 0, 3.18, [88, 66166, 33297]
3, 1, 3.17, [86, 66059, 33300]
3, 2, 3.15, [88, 286, 150655]
3, 3, 3.14, [88, 33299, 98063]
3, 4, 3.13, [88, 87, 33296]
3, 5, 3.12, [286, 66166, 33297]
3, 6, 3.1, [88, 87, 33299]
3, 7, 3.1, [95674, 62858, 33297]
3, 8, 3.1, [89, 66167, 87893]
3, 9, 3.08, [88, 87893, 821]
4, 0, 3.18, [88, 150652, 33297]
4, 1, 3.18, [88, 66166, 33297]
4, 2, 3.17, [86, 66059, 33300]
4, 3, 3.16, [86, 56237, 33297]
4, 4, 3.16, [279, 286, 98063]
4, 5, 3.15, [86, 66166, 11926]
4, 6, 3.12, [86, 66169, 91277]
4, 7, 3.11, [88, 33299, 148118]
4, 8, 3.08, [86, 66059, 91276]
4, 9, 3.07, [278, 66059, 33300]
5, 0, 3.18, [88, 150652, 33297]
5, 1, 3.18, [88, 66166, 33297]
5, 2, 3.15, [90, 286, 98063]
5, 3, 3.14, [86, 66166, 33297]
5, 4, 3.12, [88, 150653, 70638]
5, 5, 3.11, [558, 150652, 33297]
5, 6, 3.11, [86, 156909, 33297]
5, 7, 3.1, [156909, 73703, 89]
5, 8, 3.09, [88, 118602, 281]
5, 9, 3.08, [80450, 70640, 33297]
6, 0, 3.18, [88, 150652, 33297]
6, 1, 3.18, [88, 66166, 33297]
6, 2, 3.17, [88, 286, 98062]
6, 3, 3.16, [90, 66166, 33298]
6, 4, 3.15, [86, 66166, 33299]
6, 5, 3.13, [90, 284, 98063]
6, 6, 3.12, [11387, 286, 280]
6, 7, 3.11, [90, 89, 33297]
6, 8, 3.08, [87893, 286, 67332]
6, 9, 3.08, [90, 156909, 33297]
7, 0, 3.28, [100141, 278, 286]
7, 1, 3.18, [88, 150652, 33297]
7, 2, 3.18, [88, 66166, 33297]
7, 3, 3.15, [88, 87, 56240]
7, 4, 3.14, [88, 56240, 31634]
7, 5, 3.13, [90, 284, 98063]
7, 6, 3.13, [88, 65899, 33298]
7, 7, 3.11, [46, 284, 33297]
7, 8, 3.07, [88, 66167, 10375]
7, 9, 3.07, [280, 286, 98062]
8, 0, 3.28, [100141, 278, 286]
8, 1, 3.18, [88, 150652, 65899]
8, 2, 3.18, [88, 150652, 33297]
8, 3, 3.12, [6376, 56237, 150655]
8, 4, 3.1, [88, 150655, 286]
8, 5, 3.1, [88, 80450, 66059]
8, 6, 3.09, [11925, 66166, 66169]
8, 7, 3.08, [279, 87893, 33297]
8, 8, 3.08, [70638, 100141, 33297]
8, 9, 3.07, [11388, 66166, 10375]
9, 0, 3.28, [100141, 278, 286]
9, 1, 3.23, [88, 150654, 286]
9, 2, 3.19, [86, 150652, 286]
9, 3, 3.18, [88, 150652, 65899]
9, 4, 3.14, [100141, 150652, 285]
9, 5, 3.12, [86, 278, 286]
9, 6, 3.11, [88, 150654, 286]
9, 7, 3.1, [113173, 278, 65899]
9, 8, 3.1, [113173, 278, 65899]
9, 9, 3.09, [11926, 278, 286]
10, 0, 3.28, [100141, 278, 286]
10, 1, 3.23, [88, 150654, 286]
10, 2, 3.2, [88, 148118, 65899]
10, 3, 3.15, [113173, 150652, 286]
10, 4, 3.15, [46, 278, 286]
10, 5, 3.13, [86, 279, 286]
10, 6, 3.13, [88, 156909, 286]
10, 7, 3.12, [100141, 148118, 286]
10, 8, 3.1, [100141, 56241, 1060]
10, 9, 3.1, [88, 148118, 46]
