generation number, pop_size, worst, best, median, avg, std, diversity, improvement, number_of_selections
0, 10, 2.0, 2.15, 2.0549999999999997, 2.059, 0.041097445176069045,0.9888888888888889,0,[1.e-300]
1, 10, 2.03, 2.15, 2.075, 2.076, 0.04223742416388576,0.8777777777777778,0.0,[1.e-300]
2, 10, 2.03, 2.15, 2.0549999999999997, 2.0810000000000004, 0.05127377497317712,0.9333333333333333,0.0,[1.e-300]
3, 10, 2.03, 2.15, 2.085, 2.092, 0.04142463035441598,0.9444444444444444,0.0,[1.e-300]
4, 10, 2.02, 2.15, 2.065, 2.0780000000000003, 0.043772137256478584,0.9333333333333333,0.0,[1.e-300]
5, 10, 2.04, 2.16, 2.08, 2.096, 0.044090815370097194,0.9111111111111111,0.004651162790697782,[1.e-300]
6, 10, 2.05, 2.19, 2.13, 2.117, 0.05000999900020003,0.7777777777777778,0.013888888888888798,[1.e-300]
7, 10, 2.06, 2.19, 2.1, 2.108, 0.04069397989875164,0.8555555555555556,0.0,[1.e-300]
8, 10, 2.02, 2.19, 2.0949999999999998, 2.1029999999999998, 0.04691481642295962,0.8444444444444444,0.0,[1.e-300]
9, 10, 2.04, 2.19, 2.08, 2.107, 0.05348831648126539,0.8666666666666667,0.0,[1.e-300]
10, 10, 2.02, 2.19, 2.09, 2.098, 0.058787753826796275,0.9222222222222223,0.0,[1.e-300]
