num_genrations,diversity,improvement,best_fitness
0,0.9909274193548387,0,1073.82
1,0.8762768817204301,0.04285634463876626,1119.84
2,0.7361559139784947,0.012635733676239545,1133.99
3,0.22278225806451624,0.0,1133.99
4,0.021169354838709742,0.0,1133.99
5,0.03212365591397859,0.01194014056561342,1147.53
6,0.05147849462365617,0.0,1147.53
7,0.052688172043010795,0.0,1147.53
8,0.05255376344086038,0.010605387222992054,1159.7
9,0.002083333333333437,-0.0028283176683624837,1156.42
10,0.004166666666666652,0.0002248318085124703,1156.68
