generation number, pop_size, worst, best, median, avg, std, diversity, improvement, number_of_selections
0, 10, 3.04, 3.15, 3.08, 3.0849999999999995, 0.03640054944640259,0.9407407407407408,0,[1.e-300]
1, 10, 3.11, 3.21, 3.165, 3.167, 0.03377869150810911,0.9037037037037037,0.019047619047619067,[10.]
2, 10, 3.11, 3.21, 3.1399999999999997, 3.159, 0.03910242959203432,0.874074074074074,0.0,[20.]
3, 10, 3.09, 3.25, 3.175, 3.168, 0.04833218389437834,0.725925925925926,0.012461059190031164,[30.]
4, 10, 3.11, 3.31, 3.21, 3.2030000000000003, 0.054598534778874844,0.6888888888888889,0.018461538461538477,[40.]
5, 10, 3.11, 3.31, 3.175, 3.2009999999999996, 0.06533758489567855,0.7333333333333334,0.0,[50.]
6, 10, 3.13, 3.31, 3.205, 3.2079999999999997, 0.06584831053261736,0.6222222222222222,0.0,[60.]
7, 10, 3.11, 3.31, 3.2199999999999998, 3.217, 0.06277738446287802,0.7925925925925926,0.0,[70.]
8, 10, 3.08, 3.31, 3.175, 3.191, 0.0740877857679658,0.6962962962962963,0.0,[80.]
9, 10, 3.11, 3.31, 3.1799999999999997, 3.1959999999999997, 0.07031358332498779,0.6370370370370371,0.0,[90.]
10, 10, 3.12, 3.31, 3.1799999999999997, 3.195, 0.06200806399170998,0.674074074074074,0.0,[100.]
