num_genrations,diversity,improvement,best_fitness
0,0.9966666666666667,0,25.508156891948694
1,0.8527777777777777,0.3405397388964829,34.194697979663424
2,0.7505555555555555,-0.12618341453071955,29.879894229742796
3,0.5483333333333333,0.10811846247051689,33.110462452644256
4,0.3455555555555555,0.0250724112855264,33.94062158511093
5,0.30166666666666675,0.0,33.94062158511093
6,0.3455555555555555,0.08455595026877684,36.810503095952946
7,0.44333333333333325,0.0,36.810503095952946
8,0.19666666666666677,0.038882336774802434,38.241781474179696
9,0.016111111111110965,-0.03299141483747373,36.980130997441016
10,0.043888888888888866,0.0,36.980130997441016
