n_nodes,influence,n0,n1,n2,n3,n4
5,172.2300,5,104,22,8,14
5,168.7500,5,265,22,8,14
5,168.7500,5,265,22,8,14
5,168.7500,5,265,22,8,14
5,168.7500,5,265,22,8,14
5,168.5800,5,8,14,22,299
5,167.2900,5,104,22,8,38
5,167.2900,5,104,22,8,38
5,167.2900,5,104,22,8,38
5,166.7600,5,870,38,8,14
5,166.7500,5,258,133,8,14
5,165.8500,5,265,22,8,14
5,165.0600,258,5,104,8,14
5,165.0600,258,5,104,8,14
5,165.0600,258,5,104,8,14
5,165.0600,258,5,104,8,14
5,164.5100,5,265,22,8,38
5,163.9300,5,463,14,8,22
5,163.9300,5,463,14,8,22
5,163.6400,5,665,22,8,38
5,163.6400,5,665,22,8,38
5,163.6400,5,665,22,8,38
5,163.6400,5,665,22,8,38
5,163.6400,5,665,22,8,38
5,163.6400,5,665,22,8,38
5,163.6400,5,665,22,8,38
5,163.6400,5,665,22,8,38
5,163.5900,5,265,22,8,14
5,163.4900,5,38,104,8,14
5,163.3900,5,258,22,8,14
5,163.3700,5,665,22,8,14
5,162.7200,5,870,38,8,22
5,162.7200,5,870,38,8,22
5,162.7200,5,870,38,8,22
5,162.7200,5,870,38,8,22
5,162.7200,5,870,38,8,22
5,162.4100,5,258,22,8,14
5,162.2900,5,665,22,8,14
5,162.1500,5,665,22,8,14
5,161.6400,5,38,8,206,22
5,161.4400,5,265,104,8,14
5,161.3800,5,665,22,8,14
5,161.3800,5,665,22,8,14
5,161.3800,5,665,22,8,14
5,160.8100,5,258,22,8,14
5,160.8100,5,665,22,8,14
5,160.5900,5,665,14,8,38
5,160.4700,5,665,22,8,14
5,160.2600,5,463,22,8,14
5,160.1300,5,265,22,8,38
5,160.1300,5,265,22,8,38
5,160.0700,5,665,22,8,14
5,160.0500,5,258,22,8,38
5,160.0200,5,258,22,8,38
5,160.0200,5,258,22,8,38
5,159.4000,5,258,22,8,38
5,159.4000,5,258,22,8,38
5,159.3900,5,104,22,8,38
5,159.3900,5,104,22,8,38
5,159.2800,5,258,22,8,38
5,158.8000,5,870,38,8,14
5,158.8000,5,870,38,8,14
5,158.8000,5,870,38,8,14
5,158.8000,5,870,38,8,14
5,158.8000,5,870,38,8,14
5,158.8000,5,870,38,8,14
5,158.8000,5,870,38,8,14
5,158.8000,5,870,38,8,14
5,158.6300,5,870,38,8,14
5,158.4500,5,463,14,8,22
5,158.2700,5,665,554,8,14
5,158.2500,5,665,22,8,38
5,158.0500,5,265,554,8,14
5,157.8800,5,265,22,8,38
5,157.8800,5,265,22,8,38
5,157.8800,5,265,22,8,38
5,157.8800,5,265,22,8,38
5,157.8800,5,265,22,8,38
5,157.8800,5,265,22,8,38
5,157.8800,5,265,22,8,38
5,157.8800,5,265,22,8,38
5,157.8800,5,265,22,8,38
5,157.8700,5,463,14,8,38
5,157.8700,5,463,14,8,38
5,157.6800,5,104,133,8,14
5,157.6400,5,265,14,8,38
5,157.4400,258,5,827,8,14
5,157.3700,5,258,22,8,38
5,157.0600,503,5,38,8,22
5,157.0600,503,5,38,8,22
5,157.0600,503,5,38,8,22
5,156.7600,258,5,104,8,14
5,156.7600,5,258,22,8,38
5,156.7600,5,258,22,8,38
5,156.7600,5,258,22,8,38
5,156.6600,503,5,38,8,22
5,156.5300,5,265,554,8,14
5,156.5300,5,265,554,8,14
5,156.5300,5,265,554,8,14
5,156.5300,5,265,554,8,14
5,156.5300,5,265,554,8,14
5,156.5300,5,265,554,8,14
5,156.5300,5,265,554,8,14
5,156.5300,5,265,554,8,14
5,156.5300,5,265,554,8,14
5,156.5300,5,265,554,8,14
5,156.5300,5,265,554,8,14
5,156.5300,5,265,554,8,14
5,156.5000,5,265,746,8,14
5,155.8500,5,8,265,14,558
5,155.7600,258,5,827,8,14
5,155.7600,258,5,827,8,14
5,155.7600,258,5,827,8,14
5,155.7600,258,5,827,8,14
5,155.7600,258,5,827,8,14
5,155.5700,5,665,133,8,14
5,155.4200,5,258,827,8,14
5,155.2700,5,265,133,8,22
5,155.1800,5,258,133,8,14
5,155.1800,5,258,133,8,14
5,155.1800,5,258,133,8,14
5,155.1800,5,258,133,8,14
5,155.1800,5,258,133,8,14
5,155.1800,5,258,133,8,14
5,155.1800,5,258,133,8,14
5,155.1500,499,5,104,8,14
5,155.1500,5,258,22,8,38
5,155.0800,5,38,8,120,22
