generation number, individual number, fitness, candidate
0, 0, 11.69, [87, 59751, 285]
0, 1, 11.37, [282, 80450, 11925]
0, 2, 11.15, [94016, 127089, 14197]
0, 3, 10.22, [558, 285, 73931]
0, 4, 10.0, [90, 282, 46]
0, 5, 9.05, [150655, 85838, 96148]
0, 6, 8.96, [11925, 66079, 1063]
0, 7, 8.13, [14200, 70199, 40787]
0, 8, 7.29, [56241, 281, 47500]
0, 9, 6.79, [96648, 130282, 1927]
1, 0, 11.94, [282, 127089, 13042]
1, 1, 11.69, [87, 59751, 285]
1, 2, 11.37, [282, 80450, 11925]
1, 3, 11.36, [87, 127089, 14198]
1, 4, 11.24, [96147, 91978, 285]
1, 5, 11.23, [94016, 98065, 11925]
1, 6, 11.18, [98062, 59751, 126458]
1, 7, 10.83, [121382, 66171, 80450]
1, 8, 10.29, [282, 80450, 1062]
1, 9, 8.09, [87, 96648, 11925]
2, 0, 11.94, [282, 127089, 13042]
2, 1, 11.93, [59751, 127089, 285]
2, 2, 11.74, [282, 80450, 14200]
2, 3, 11.69, [87, 59751, 285]
2, 4, 11.43, [87, 59751, 14197]
2, 5, 10.93, [46, 127089, 11925]
2, 6, 10.56, [1060, 100807, 13042]
2, 7, 10.46, [1060, 127089, 13042]
2, 8, 10.38, [282, 98063, 285]
2, 9, 9.31, [87, 47500, 11925]
3, 0, 12.79, [87, 59751, 98062]
3, 1, 12.29, [46, 73932, 76776]
3, 2, 11.94, [282, 127089, 13042]
3, 3, 11.93, [59751, 127089, 285]
3, 4, 11.51, [46, 59751, 13042]
3, 5, 11.49, [282, 100807, 285]
3, 6, 10.67, [284, 127089, 14200]
3, 7, 10.33, [282, 127089, 90]
3, 8, 10.32, [87, 127089, 46]
3, 9, 10.0, [282, 80450, 40787]
4, 0, 15.76, [89, 73932, 98062]
4, 1, 13.39, [87, 59751, 144434]
4, 2, 12.79, [87, 59751, 98062]
4, 3, 12.29, [46, 73932, 76776]
4, 4, 11.86, [87, 59751, 85838]
4, 5, 10.78, [88, 1927, 98062]
4, 6, 10.73, [87, 59751, 14200]
4, 7, 10.53, [89, 11387, 1060]
4, 8, 10.47, [46, 86543, 14201]
4, 9, 9.71, [87, 86, 90]
5, 0, 15.81, [88, 73932, 98062]
5, 1, 15.76, [89, 73932, 98062]
5, 2, 15.15, [89, 59751, 144434]
5, 3, 14.61, [89, 73932, 127089]
5, 4, 13.97, [90, 73932, 98062]
5, 5, 13.92, [89, 59751, 98065]
5, 6, 13.87, [76776, 59751, 98062]
5, 7, 13.39, [87, 59751, 144434]
5, 8, 13.26, [89, 47500, 98062]
5, 9, 11.11, [87, 823, 98062]
6, 0, 16.35, [89, 73932, 144434]
6, 1, 15.81, [88, 73932, 98062]
6, 2, 15.76, [89, 73932, 98062]
6, 3, 14.88, [13042, 73932, 144434]
6, 4, 14.32, [89, 14197, 98062]
6, 5, 14.27, [93407, 73932, 144434]
6, 6, 13.29, [278, 59751, 144434]
6, 7, 13.25, [89, 77088, 98062]
6, 8, 12.04, [88, 80450, 93406]
6, 9, 10.67, [88, 1061, 286]
7, 0, 16.42, [281, 66076, 98065]
7, 1, 16.35, [89, 73932, 144434]
7, 2, 15.81, [88, 73932, 98062]
7, 3, 15.39, [86, 73932, 144434]
7, 4, 14.78, [86, 73932, 98062]
7, 5, 14.52, [89, 284, 144434]
7, 6, 14.38, [89, 70194, 98065]
7, 7, 13.64, [89, 80450, 62858]
7, 8, 13.5, [86543, 73932, 144434]
7, 9, 12.91, [281, 73932, 98062]
8, 0, 17.88, [283, 66076, 98065]
8, 1, 16.42, [281, 66076, 98065]
8, 2, 16.35, [89, 73932, 144434]
8, 3, 15.23, [281, 66076, 127089]
8, 4, 14.99, [87, 73932, 144434]
8, 5, 14.71, [86, 76776, 98065]
8, 6, 14.26, [66076, 73932, 113478]
8, 7, 14.22, [11388, 66169, 144434]
8, 8, 13.67, [89, 73932, 80449]
8, 9, 12.99, [89, 73932, 80449]
9, 0, 17.88, [283, 66076, 98065]
9, 1, 16.42, [281, 66076, 98065]
9, 2, 16.1, [283, 66076, 100807]
9, 3, 15.25, [87, 73932, 144434]
9, 4, 13.57, [281, 66076, 126458]
9, 5, 13.55, [113477, 66076, 98065]
9, 6, 12.9, [89, 70195, 98065]
9, 7, 11.79, [283, 1062, 11388]
9, 8, 10.46, [281, 98062, 127088]
9, 9, 9.67, [66167, 56240, 96648]
10, 0, 17.88, [283, 66076, 98065]
10, 1, 17.55, [282, 66076, 98065]
10, 2, 16.99, [96148, 66076, 70193]
10, 3, 16.42, [281, 66076, 98065]
10, 4, 15.93, [283, 66076, 70364]
10, 5, 11.47, [283, 70196, 126458]
10, 6, 10.89, [283, 113477, 98062]
10, 7, 10.73, [42918, 73932, 89]
10, 8, 10.72, [87, 73932, 80449]
10, 9, 9.76, [281, 66079, 98065]
