num_genrations,diversity,improvement,best_fitness
0,0.9943569023569023,0,33.97
1,0.922006734006734,0.024138946128937307,34.79
2,0.7855959595959596,0.027306697326818133,35.74
3,0.6947272727272727,0.03021824286513705,36.82
4,0.3023232323232321,0.038294405214557216,38.23
5,0.19245791245791255,0.005754642950562542,38.45
6,0.12384511784511787,0.0031209362808841986,38.57
7,0.13783838383838398,0.021000777806585488,39.38
8,0.145124579124579,0.0,39.38
9,0.10581818181818181,0.0,39.38
10,0.028282828282828243,0.0022854240731334766,39.47
11,0.004599326599326714,0.0007600709399544246,39.5
12,0.013124579124578872,0.0,39.5
13,0.02153535353535352,0.0,39.5
14,0.02234343434343411,0.0020253164556961593,39.58
15,0.008491582491582328,0.003789792824658883,39.73
16,0.011171717171717055,0.0,39.73
17,0.01705050505050476,0.0,39.73
18,0.02098989898989867,0.0,39.73
19,0.015811447811447832,0.0,39.73
20,0.005245791245790721,0.0,39.73
21,0.008996632996633003,0.0,39.73
22,0.01243771043771047,0.0,39.73
23,0.006282828282828334,0.0,39.73
24,0.009939393939394026,0.0,39.73
25,0.0059595959595959425,0.0,39.73
26,0.006646464646464678,0.0,39.73
27,0.00533333333333319,0.0,39.73
28,0.005986531986532206,0.0,39.73
29,0.0039999999999998925,0.0,39.73
30,0.0033198653198652783,0.0,39.73
31,0.0053131313131308255,0.0025169896803423466,39.83
32,0.005319865319864947,0.0,39.83
33,0.002666666666666706,0.0,39.83
34,0.003993265993265993,0.0,39.83
35,0.0039999999999998925,0.0,39.83
36,0.003979797979798194,0.0,39.83
37,0.003919191919191878,0.0,39.83
38,0.005993265993265995,0.0,39.83
39,0.00465319865319902,0.0,39.83
40,0.005986531986532095,0.0,39.83
41,0.0053265993265989575,0.0,39.83
42,0.0039999999999998925,0.0,39.83
43,0.0033333333333331883,0.0,39.83
44,0.002666666666666817,0.0,39.83
45,0.002666666666666817,0.0,39.83
46,0.0053265993265990685,0.0,39.83
47,0.004646464646464787,0.0,39.83
48,0.00666666666666671,0.0,39.83
49,0.002666666666666817,0.0,39.83
50,0.005993265993266217,0.0,39.83
51,0.005319865319865169,0.0,39.83
52,0.002666666666666928,0.0,39.83
53,0.007979797979798087,0.0,39.83
54,0.008626262626262315,0.0,39.83
55,0.005292929292928905,0.0,39.83
56,0.007939393939394357,0.0,39.83
57,0.0006666666666665932,0.0,39.83
58,0.0039999999999997815,0.0,39.83
59,0.006000000000000116,0.0,39.83
60,0.00798653198653243,0.0,39.83
61,0.006653198653198911,0.0,39.83
62,0.0040000000000000036,0.0,39.83
63,0.0033333333333332993,0.0,39.83
64,0.0039999999999998925,0.0,39.83
65,0.006653198653198689,0.0,39.83
66,0.005319865319865058,0.0,39.83
67,0.0053265993265989575,0.0,39.83
68,0.008646464646464569,0.0,39.83
69,0.007932659932660346,0.0,39.83
70,0.005306397306397037,0.0,39.83
71,0.0053265993265990685,0.0,39.83
72,0.007313131313131271,0.0,39.83
73,0.0053265993265990685,0.0012553351744916963,39.88
74,0.0092727272727271,0.0,39.88
75,0.015265993265993427,0.0,39.88
76,0.016404040404040088,0.0,39.88
77,0.004626262626262756,0.0,39.88
78,0.004659932659932808,0.002758274824473406,39.99
79,0.0053265993265989575,0.0,39.99
80,0.005979797979797641,0.0,39.99
81,0.0053265993265989575,0.006501625406351538,40.25
82,0.0053265993265989575,0.0,40.25
83,0.005299663299663027,0.0012422360248446499,40.3
84,0.009966329966329845,0.0,40.3
85,0.005319865319865169,0.0,40.3
86,0.005319865319864947,-0.0012406947890818154,40.25
87,0.00533333333333319,0.0,40.25
88,0.005292929292929127,0.0,40.25
89,0.0026599326599329176,0.0,40.25
90,0.0040000000000000036,0.003975155279503021,40.41
91,0.011939393939393916,0.0,40.41
92,0.0165050505050508,0.0,40.41
93,0.01218181818181785,0.0027220984904728174,40.52
94,0.010585858585858254,0.0,40.52
95,0.016828282828282637,0.0,40.52
96,0.01337373737373726,0.0,40.52
97,0.00739393939393973,0.0,40.52
98,0.011272727272727212,0.00937808489634737,40.9
99,0.01684848484848489,0.0,40.9
100,0.01682828282828286,0.0,40.9
