num_genrations,diversity,improvement,best_fitness
0,1.0,0,25.760000000000012
1,0.8872222222222222,0.0007763975155277954,25.78000000000001
2,0.4772222222222222,0.0003878975950348335,25.790000000000006
3,0.09888888888888869,0.0,25.790000000000006
4,0.043333333333333224,0.000775494377665883,25.81000000000001
5,0.06555555555555537,0.0007748934521501749,25.830000000000005
6,0.06611111111111101,0.0,25.830000000000005
7,0.040555555555555456,0.0,25.830000000000005
8,0.033333333333333215,0.0007742934572204074,25.85000000000001
9,0.06222222222222218,0.0019342359767893327,25.900000000000013
10,0.13111111111111107,0.0,25.900000000000013
