n_nodes,influence,n0,n1,n2,n3,n4,n5,n6,n7,n8,n9
10,1000.0000,769,450,902,265,83,47,473,901,380,88
10,1000.0000,769,450,902,265,364,44,47,186,707,286
10,1000.0000,769,450,902,265,364,44,47,186,707,286
10,1000.0000,769,450,902,265,364,44,47,186,707,286
10,1000.0000,769,450,901,902,265,47,83,903,473,380
10,1000.0000,997,901,44,658,816,47,83,88,473,380
10,1000.0000,769,450,707,902,542,364,44,47,186,286
10,1000.0000,997,207,816,44,83,47,473,901,707,286
10,1000.0000,997,207,816,44,83,47,473,901,380,88
10,1000.0000,2,901,44,207,816,47,83,88,473,380
10,1000.0000,769,450,707,902,265,364,44,47,617,286
10,1000.0000,769,450,902,265,83,47,473,901,380,88
10,1000.0000,769,450,902,265,364,44,47,186,707,286
10,1000.0000,769,450,902,265,364,44,47,186,707,286
10,1000.0000,769,450,902,265,364,44,47,186,707,286
10,1000.0000,769,450,902,265,83,47,473,901,380,88
