generation number, individual number, fitness, candidate
0, 0, 2.1, [1811, 193]
0, 1, 2.08, [264, 295]
0, 2, 2.08, [277, 2595]
0, 3, 2.04, [297, 154]
0, 4, 2.03, [1080, 335]
0, 5, 2.03, [302, 1080]
0, 6, 2.02, [81, 2525]
0, 7, 2.02, [280, 1082]
0, 8, 2.01, [191, 104]
0, 9, 2.01, [2770, 335]
1, 0, 2.1, [277, 220]
1, 1, 2.1, [1811, 193]
1, 2, 2.09, [1811, 2597]
1, 3, 2.09, [1069, 295]
1, 4, 2.08, [277, 2513]
1, 5, 2.08, [264, 295]
1, 6, 2.07, [295, 193]
1, 7, 2.06, [1811, 2599]
1, 8, 2.03, [300, 193]
1, 9, 2.01, [191, 2597]
2, 0, 2.14, [1811, 209]
2, 1, 2.1, [1811, 283]
2, 2, 2.1, [277, 220]
2, 3, 2.1, [1811, 193]
2, 4, 2.08, [277, 4849]
2, 5, 2.07, [81, 615]
2, 6, 2.06, [193, 279]
2, 7, 2.05, [303, 193]
2, 8, 2.05, [1811, 209]
2, 9, 2.04, [256, 269]
3, 0, 2.14, [1811, 209]
3, 1, 2.11, [277, 222]
3, 2, 2.1, [1811, 283]
3, 3, 2.09, [1811, 2597]
3, 4, 2.05, [103, 297]
3, 5, 2.05, [1811, 209]
3, 6, 2.03, [159, 222]
3, 7, 2.03, [273, 2514]
3, 8, 2.03, [1811, 209]
3, 9, 2.02, [300, 209]
4, 0, 2.14, [1811, 209]
4, 1, 2.11, [277, 159]
4, 2, 2.11, [277, 222]
4, 3, 2.1, [2512, 1811]
4, 4, 2.08, [1811, 2595]
4, 5, 2.05, [103, 2765]
4, 6, 2.05, [335, 1086]
4, 7, 2.03, [3155, 541]
4, 8, 2.03, [102, 250]
4, 9, 2.03, [2527, 154]
5, 0, 2.14, [1811, 209]
5, 1, 2.11, [277, 159]
5, 2, 2.09, [269, 302]
5, 3, 2.07, [269, 209]
5, 4, 2.06, [295, 209]
5, 5, 2.05, [154, 2595]
5, 6, 2.04, [2770, 874]
5, 7, 2.03, [77, 159]
5, 8, 2.02, [219, 226]
5, 9, 2.02, [1811, 219]
6, 0, 2.14, [1811, 209]
6, 1, 2.11, [277, 159]
6, 2, 2.07, [1811, 222]
6, 3, 2.06, [269, 222]
6, 4, 2.06, [266, 2595]
6, 5, 2.05, [220, 2512]
6, 6, 2.04, [3716, 193]
6, 7, 2.03, [303, 302]
6, 8, 2.01, [280, 2574]
6, 9, 2.01, [285, 159]
7, 0, 2.14, [1811, 269]
7, 1, 2.14, [1811, 209]
7, 2, 2.11, [277, 159]
7, 3, 2.07, [103, 295]
7, 4, 2.05, [1811, 149]
7, 5, 2.03, [226, 209]
7, 6, 2.03, [2512, 291]
7, 7, 2.03, [250, 2596]
7, 8, 2.02, [2712, 209]
7, 9, 2.02, [76, 2764]
8, 0, 2.14, [1811, 269]
8, 1, 2.14, [1811, 209]
8, 2, 2.12, [295, 159]
8, 3, 2.05, [1811, 2514]
8, 4, 2.05, [4602, 2770]
8, 5, 2.04, [209, 1086]
8, 6, 2.04, [2762, 226]
8, 7, 2.03, [103, 222]
8, 8, 2.03, [222, 2950]
8, 9, 2.02, [2762, 1086]
9, 0, 2.14, [1811, 269]
9, 1, 2.14, [1811, 209]
9, 2, 2.07, [1095, 874]
9, 3, 2.05, [2711, 2514]
9, 4, 2.05, [1069, 2770]
9, 5, 2.04, [541, 222]
9, 6, 2.04, [4602, 222]
9, 7, 2.03, [2711, 159]
9, 8, 2.03, [2950, 534]
9, 9, 2.02, [220, 1080]
10, 0, 2.14, [1811, 269]
10, 1, 2.14, [1811, 209]
10, 2, 2.08, [1082, 269]
10, 3, 2.07, [1811, 259]
10, 4, 2.04, [250, 609]
10, 5, 2.04, [2711, 874]
10, 6, 2.03, [1082, 209]
10, 7, 2.02, [1811, 2767]
10, 8, 2.02, [3155, 275]
10, 9, 2.02, [1087, 260]
11, 0, 2.14, [1811, 269]
11, 1, 2.14, [1811, 209]
11, 2, 2.08, [2711, 874]
11, 3, 2.07, [537, 226]
11, 4, 2.07, [1811, 2767]
11, 5, 2.03, [76, 874]
11, 6, 2.03, [1082, 81]
11, 7, 2.03, [3135, 209]
11, 8, 2.02, [616, 260]
11, 9, 2.02, [280, 558]
12, 0, 2.14, [1811, 269]
12, 1, 2.14, [1811, 209]
12, 2, 2.11, [103, 222]
12, 3, 2.08, [274, 269]
12, 4, 2.06, [2764, 77]
12, 5, 2.06, [1811, 2596]
12, 6, 2.05, [295, 285]
12, 7, 2.04, [303, 269]
12, 8, 2.03, [1811, 222]
12, 9, 2.03, [316, 222]
13, 0, 2.14, [1811, 269]
13, 1, 2.14, [1811, 209]
13, 2, 2.09, [269, 209]
13, 3, 2.05, [269, 209]
13, 4, 2.04, [2950, 285]
13, 5, 2.03, [1811, 219]
13, 6, 2.03, [1069, 222]
13, 7, 2.03, [103, 288]
13, 8, 2.02, [1811, 2156]
13, 9, 2.02, [2712, 222]
14, 0, 2.14, [1811, 269]
14, 1, 2.14, [1811, 209]
14, 2, 2.08, [1811, 2599]
14, 3, 2.08, [277, 263]
14, 4, 2.07, [2711, 256]
14, 5, 2.05, [226, 209]
14, 6, 2.03, [1080, 2532]
14, 7, 2.02, [291, 2065]
14, 8, 2.01, [2595, 3334]
14, 9, 2.01, [3716, 209]
15, 0, 2.14, [1811, 269]
15, 1, 2.14, [1811, 209]
15, 2, 2.07, [1811, 291]
15, 3, 2.06, [277, 222]
15, 4, 2.05, [277, 222]
15, 5, 2.05, [159, 154]
15, 6, 2.05, [1811, 291]
15, 7, 2.05, [102, 2764]
15, 8, 2.04, [1069, 269]
15, 9, 2.04, [1811, 534]
16, 0, 2.14, [1811, 269]
16, 1, 2.14, [1811, 209]
16, 2, 2.07, [264, 269]
16, 3, 2.06, [1811, 1082]
16, 4, 2.06, [91, 295]
16, 5, 2.04, [1811, 3716]
16, 6, 2.04, [226, 291]
16, 7, 2.02, [1086, 81]
16, 8, 2.01, [273, 301]
16, 9, 2.01, [149, 622]
17, 0, 2.14, [1811, 269]
17, 1, 2.14, [1811, 209]
17, 2, 2.05, [295, 209]
17, 3, 2.04, [2595, 266]
17, 4, 2.03, [291, 380]
17, 5, 2.03, [1811, 280]
17, 6, 2.03, [2597, 534]
17, 7, 2.02, [219, 2515]
17, 8, 2.02, [1811, 2156]
17, 9, 2.01, [1811, 3716]
18, 0, 2.15, [295, 279]
18, 1, 2.14, [1811, 269]
18, 2, 2.14, [1811, 209]
18, 3, 2.1, [295, 222]
18, 4, 2.1, [1811, 222]
18, 5, 2.08, [295, 219]
18, 6, 2.05, [301, 2530]
18, 7, 2.03, [1811, 558]
18, 8, 2.03, [534, 874]
18, 9, 2.02, [1069, 209]
19, 0, 2.15, [295, 279]
19, 1, 2.14, [1811, 269]
19, 2, 2.12, [295, 1811]
19, 3, 2.09, [295, 222]
19, 4, 2.05, [274, 1088]
19, 5, 2.04, [209, 91]
19, 6, 2.03, [1069, 279]
19, 7, 2.03, [558, 280]
19, 8, 2.02, [1811, 380]
19, 9, 2.01, [316, 256]
20, 0, 2.15, [295, 279]
20, 1, 2.14, [1811, 269]
20, 2, 2.12, [279, 622]
20, 3, 2.11, [2599, 269]
20, 4, 2.1, [250, 269]
20, 5, 2.09, [283, 269]
20, 6, 2.06, [1811, 104]
20, 7, 2.06, [2513, 279]
20, 8, 2.05, [3155, 256]
20, 9, 2.03, [296, 260]
21, 0, 2.15, [295, 279]
21, 1, 2.14, [1811, 269]
21, 2, 2.07, [2513, 1088]
21, 3, 2.07, [269, 279]
21, 4, 2.07, [295, 615]
21, 5, 2.05, [1080, 2512]
21, 6, 2.04, [279, 874]
21, 7, 2.04, [1087, 259]
21, 8, 2.03, [1088, 1082]
21, 9, 2.02, [3334, 277]
22, 0, 2.15, [295, 279]
22, 1, 2.14, [1811, 269]
22, 2, 2.08, [226, 279]
22, 3, 2.08, [277, 279]
22, 4, 2.08, [2513, 269]
22, 5, 2.07, [250, 269]
22, 6, 2.05, [295, 285]
22, 7, 2.04, [2950, 269]
22, 8, 2.03, [2764, 285]
22, 9, 2.03, [615, 4849]
23, 0, 2.15, [295, 279]
23, 1, 2.14, [1811, 269]
23, 2, 2.1, [295, 279]
23, 3, 2.09, [250, 279]
23, 4, 2.05, [622, 279]
23, 5, 2.05, [295, 380]
23, 6, 2.05, [300, 279]
23, 7, 2.04, [2515, 103]
23, 8, 2.03, [1095, 3334]
23, 9, 2.03, [2513, 76]
24, 0, 2.15, [295, 279]
24, 1, 2.14, [1811, 269]
24, 2, 2.09, [77, 279]
24, 3, 2.07, [2514, 269]
24, 4, 2.07, [2711, 279]
24, 5, 2.07, [295, 380]
24, 6, 2.07, [2514, 269]
24, 7, 2.04, [295, 1088]
24, 8, 2.03, [2595, 264]
24, 9, 2.02, [2950, 534]
25, 0, 2.15, [295, 279]
25, 1, 2.14, [1811, 269]
25, 2, 2.11, [295, 288]
25, 3, 2.08, [295, 288]
25, 4, 2.07, [226, 279]
25, 5, 2.07, [295, 285]
25, 6, 2.06, [1069, 279]
25, 7, 2.06, [1811, 380]
25, 8, 2.05, [283, 269]
25, 9, 2.05, [1811, 260]
26, 0, 2.15, [250, 269]
26, 1, 2.15, [295, 279]
26, 2, 2.14, [1811, 269]
26, 3, 2.13, [283, 269]
26, 4, 2.1, [2711, 279]
26, 5, 2.07, [278, 279]
26, 6, 2.06, [2530, 269]
26, 7, 2.05, [335, 301]
26, 8, 2.04, [159, 279]
26, 9, 2.03, [277, 4849]
27, 0, 2.15, [250, 269]
27, 1, 2.15, [295, 279]
27, 2, 2.1, [295, 3716]
27, 3, 2.08, [4602, 269]
27, 4, 2.04, [1069, 279]
27, 5, 2.04, [2514, 269]
27, 6, 2.04, [250, 244]
27, 7, 2.03, [297, 279]
27, 8, 2.03, [250, 380]
27, 9, 2.03, [2512, 263]
28, 0, 2.15, [250, 269]
28, 1, 2.15, [295, 279]
28, 2, 2.06, [295, 2156]
28, 3, 2.05, [295, 219]
28, 4, 2.05, [2593, 279]
28, 5, 2.04, [2593, 279]
28, 6, 2.04, [295, 285]
28, 7, 2.02, [159, 104]
28, 8, 2.02, [159, 2156]
28, 9, 2.02, [283, 380]
29, 0, 2.15, [250, 269]
29, 1, 2.15, [295, 279]
29, 2, 2.06, [240, 269]
29, 3, 2.05, [250, 260]
29, 4, 2.04, [295, 285]
29, 5, 2.03, [295, 2156]
29, 6, 2.02, [256, 279]
29, 7, 2.01, [2593, 102]
29, 8, 2.01, [250, 260]
29, 9, 2.01, [1088, 316]
30, 0, 2.15, [250, 269]
30, 1, 2.15, [295, 279]
30, 2, 2.09, [269, 1082]
30, 3, 2.07, [240, 269]
30, 4, 2.06, [240, 269]
30, 5, 2.06, [2530, 269]
30, 6, 2.06, [274, 269]
30, 7, 2.05, [1086, 77]
30, 8, 2.05, [149, 615]
30, 9, 2.02, [240, 3716]
31, 0, 2.15, [250, 269]
31, 1, 2.15, [295, 279]
31, 2, 2.1, [295, 222]
31, 3, 2.09, [295, 279]
31, 4, 2.06, [295, 2513]
31, 5, 2.05, [541, 269]
31, 6, 2.05, [240, 256]
31, 7, 2.04, [291, 269]
31, 8, 2.03, [250, 1095]
31, 9, 2.03, [240, 279]
32, 0, 2.15, [250, 269]
32, 1, 2.15, [295, 279]
32, 2, 2.1, [2530, 222]
32, 3, 2.06, [240, 279]
32, 4, 2.06, [259, 279]
32, 5, 2.05, [295, 288]
32, 6, 2.04, [280, 98]
32, 7, 2.04, [250, 380]
32, 8, 2.03, [295, 279]
32, 9, 2.02, [874, 104]
33, 0, 2.15, [250, 269]
33, 1, 2.15, [295, 279]
33, 2, 2.11, [295, 269]
33, 3, 2.08, [295, 279]
33, 4, 2.07, [541, 269]
33, 5, 2.06, [295, 279]
33, 6, 2.05, [537, 279]
33, 7, 2.05, [81, 222]
33, 8, 2.03, [250, 219]
33, 9, 2.03, [2530, 3716]
34, 0, 2.15, [250, 269]
34, 1, 2.15, [295, 279]
34, 2, 2.11, [295, 285]
34, 3, 2.1, [2512, 615]
34, 4, 2.09, [295, 285]
34, 5, 2.06, [91, 537]
34, 6, 2.05, [3155, 279]
34, 7, 2.04, [2593, 285]
34, 8, 2.03, [558, 2593]
34, 9, 2.03, [240, 269]
35, 0, 2.15, [250, 269]
35, 1, 2.15, [295, 279]
35, 2, 2.1, [295, 534]
35, 3, 2.09, [295, 2156]
35, 4, 2.07, [295, 303]
35, 5, 2.06, [316, 269]
35, 6, 2.05, [3135, 77]
35, 7, 2.03, [240, 279]
35, 8, 2.03, [380, 159]
35, 9, 2.02, [283, 226]
36, 0, 2.15, [250, 269]
36, 1, 2.15, [295, 279]
36, 2, 2.11, [295, 260]
36, 3, 2.08, [295, 103]
36, 4, 2.08, [2512, 2514]
36, 5, 2.06, [2595, 226]
36, 6, 2.05, [77, 4602]
36, 7, 2.05, [295, 285]
36, 8, 2.04, [250, 269]
36, 9, 2.03, [2530, 266]
37, 0, 2.15, [250, 269]
37, 1, 2.15, [295, 279]
37, 2, 2.09, [295, 3716]
37, 3, 2.09, [295, 260]
37, 4, 2.08, [269, 2595]
37, 5, 2.07, [301, 277]
37, 6, 2.04, [256, 279]
37, 7, 2.04, [283, 269]
37, 8, 2.04, [283, 279]
37, 9, 2.03, [256, 279]
38, 0, 2.15, [250, 269]
38, 1, 2.15, [295, 279]
38, 2, 2.08, [295, 1080]
38, 3, 2.07, [295, 285]
38, 4, 2.07, [295, 244]
38, 5, 2.06, [269, 3135]
38, 6, 2.06, [256, 279]
38, 7, 2.05, [91, 300]
38, 8, 2.05, [209, 269]
38, 9, 2.03, [380, 2574]
39, 0, 2.15, [250, 269]
39, 1, 2.15, [295, 279]
39, 2, 2.09, [295, 288]
39, 3, 2.09, [295, 2156]
39, 4, 2.09, [295, 3716]
39, 5, 2.07, [250, 279]
39, 6, 2.05, [250, 283]
39, 7, 2.05, [2593, 2512]
39, 8, 2.03, [240, 279]
39, 9, 2.02, [296, 2764]
40, 0, 2.15, [250, 269]
40, 1, 2.15, [295, 279]
40, 2, 2.1, [295, 1088]
40, 3, 2.06, [91, 260]
40, 4, 2.05, [316, 269]
40, 5, 2.04, [876, 4602]
40, 6, 2.04, [2574, 279]
40, 7, 2.02, [264, 191]
40, 8, 2.02, [273, 303]
40, 9, 2.02, [250, 260]
41, 0, 2.15, [250, 269]
41, 1, 2.15, [295, 279]
41, 2, 2.09, [295, 288]
41, 3, 2.07, [609, 295]
41, 4, 2.06, [102, 269]
41, 5, 2.05, [81, 103]
41, 6, 2.04, [622, 279]
41, 7, 2.04, [2513, 269]
41, 8, 2.01, [250, 316]
41, 9, 2.01, [250, 3716]
42, 0, 2.15, [250, 269]
42, 1, 2.15, [295, 279]
42, 2, 2.1, [256, 277]
42, 3, 2.08, [283, 269]
42, 4, 2.07, [2515, 277]
42, 5, 2.06, [295, 285]
42, 6, 2.06, [2764, 279]
42, 7, 2.06, [295, 3135]
42, 8, 2.05, [98, 279]
42, 9, 2.03, [250, 277]
43, 0, 2.15, [250, 269]
43, 1, 2.15, [295, 279]
43, 2, 2.06, [2514, 269]
43, 3, 2.05, [316, 269]
43, 4, 2.04, [2513, 260]
43, 5, 2.04, [256, 279]
43, 6, 2.03, [2711, 874]
43, 7, 2.03, [316, 277]
43, 8, 2.01, [283, 244]
43, 9, 2.01, [256, 244]
44, 0, 2.15, [295, 269]
44, 1, 2.15, [250, 269]
44, 2, 2.15, [295, 279]
44, 3, 2.13, [295, 288]
44, 4, 2.1, [295, 874]
44, 5, 2.07, [295, 285]
44, 6, 2.05, [295, 3716]
44, 7, 2.04, [250, 244]
44, 8, 2.03, [2514, 260]
44, 9, 2.01, [3135, 256]
45, 0, 2.15, [193, 269]
45, 1, 2.15, [295, 269]
45, 2, 2.15, [250, 269]
45, 3, 2.07, [226, 277]
45, 4, 2.07, [250, 269]
45, 5, 2.06, [256, 279]
45, 6, 2.05, [2712, 288]
45, 7, 2.04, [222, 154]
45, 8, 2.04, [250, 193]
45, 9, 2.04, [1082, 285]
46, 0, 2.15, [193, 269]
46, 1, 2.15, [295, 269]
46, 2, 2.07, [295, 77]
46, 3, 2.07, [266, 269]
46, 4, 2.07, [1811, 2597]
46, 5, 2.05, [295, 3334]
46, 6, 2.05, [1086, 269]
46, 7, 2.03, [226, 285]
46, 8, 2.02, [193, 616]
46, 9, 2.01, [193, 2767]
47, 0, 2.15, [193, 269]
47, 1, 2.15, [295, 269]
47, 2, 2.06, [2711, 269]
47, 3, 2.06, [193, 77]
47, 4, 2.05, [264, 3135]
47, 5, 2.05, [250, 277]
47, 6, 2.03, [273, 250]
47, 7, 2.02, [2530, 2764]
47, 8, 2.01, [558, 4602]
47, 9, 2.01, [2156, 285]
48, 0, 2.15, [295, 269]
48, 1, 2.15, [193, 269]
48, 2, 2.15, [295, 269]
48, 3, 2.09, [2512, 2764]
48, 4, 2.05, [2711, 269]
48, 5, 2.04, [91, 269]
48, 6, 2.03, [1080, 1095]
48, 7, 2.03, [2527, 250]
48, 8, 2.02, [291, 3135]
48, 9, 2.02, [2530, 2599]
49, 0, 2.15, [295, 269]
49, 1, 2.15, [193, 269]
49, 2, 2.12, [622, 269]
49, 3, 2.08, [2530, 269]
49, 4, 2.07, [266, 269]
49, 5, 2.07, [295, 2767]
49, 6, 2.06, [1095, 269]
49, 7, 2.06, [2513, 269]
49, 8, 2.04, [240, 300]
49, 9, 2.04, [303, 622]
50, 0, 2.15, [295, 269]
50, 1, 2.15, [193, 269]
50, 2, 2.08, [2514, 2525]
50, 3, 2.08, [269, 103]
50, 4, 2.08, [269, 277]
50, 5, 2.06, [269, 159]
50, 6, 2.05, [297, 154]
50, 7, 2.05, [295, 288]
50, 8, 2.05, [296, 269]
50, 9, 2.04, [77, 261]
