generation number, individual number, fitness, candidate
0, 0, 2.16, [5117, 1603]
0, 1, 2.11, [520, 819]
0, 2, 2.03, [476, 1229]
0, 3, 2.03, [716, 2490]
0, 4, 2.02, [1138, 922]
0, 5, 2.01, [609, 697]
0, 6, 2.01, [429, 2070]
0, 7, 2.01, [711, 495]
0, 8, 2.01, [974, 1378]
0, 9, 2.0, [841, 1028]
1, 0, 2.16, [5117, 1603]
1, 1, 2.11, [520, 819]
1, 2, 2.1, [5117, 873]
1, 3, 2.04, [476, 873]
1, 4, 2.03, [990, 1603]
1, 5, 2.03, [635, 964]
1, 6, 2.03, [1567, 656]
1, 7, 2.01, [922, 675]
1, 8, 2.01, [2032, 819]
1, 9, 2.0, [831, 1229]
2, 0, 2.16, [520, 1514]
2, 1, 2.16, [5117, 1603]
2, 2, 2.13, [5117, 873]
2, 3, 2.11, [520, 819]
2, 4, 2.03, [816, 690]
2, 5, 2.03, [970, 1514]
2, 6, 2.01, [78, 483]
2, 7, 2.01, [970, 1603]
2, 8, 2.01, [990, 974]
2, 9, 2.01, [819, 1603]
3, 0, 2.16, [520, 1514]
3, 1, 2.16, [5117, 1603]
3, 2, 2.1, [5117, 2340]
3, 3, 2.03, [819, 741]
3, 4, 2.02, [545, 1567]
3, 5, 2.02, [834, 873]
3, 6, 2.01, [970, 711]
3, 7, 2.0, [336, 1514]
3, 8, 2.0, [2436, 1603]
3, 9, 2.0, [1574, 609]
4, 0, 2.16, [520, 1514]
4, 1, 2.16, [5117, 1603]
4, 2, 2.12, [520, 831]
4, 3, 2.11, [520, 339]
4, 4, 2.06, [5117, 2340]
4, 5, 2.04, [336, 1567]
4, 6, 2.04, [545, 1141]
4, 7, 2.02, [2032, 1514]
4, 8, 2.02, [694, 850]
4, 9, 2.02, [1574, 1603]
5, 0, 2.18, [5117, 2340]
5, 1, 2.16, [520, 1514]
5, 2, 2.16, [5117, 1603]
5, 3, 2.13, [5117, 2340]
5, 4, 2.12, [5117, 2340]
5, 5, 2.11, [5117, 2340]
5, 6, 2.1, [5117, 1289]
5, 7, 2.04, [716, 1603]
5, 8, 2.03, [964, 1603]
5, 9, 2.02, [662, 1603]
6, 0, 2.18, [5117, 2340]
6, 1, 2.16, [520, 1514]
6, 2, 2.15, [5117, 2340]
6, 3, 2.12, [5117, 2340]
6, 4, 2.1, [520, 1045]
6, 5, 2.03, [587, 78]
6, 6, 2.03, [1157, 1048]
6, 7, 2.02, [15, 1514]
6, 8, 2.02, [1225, 2340]
6, 9, 2.0, [1229, 483]
7, 0, 2.18, [5117, 2340]
7, 1, 2.16, [520, 1514]
7, 2, 2.12, [5117, 1540]
7, 3, 2.1, [5117, 2340]
7, 4, 2.05, [2070, 1967]
7, 5, 2.04, [336, 2340]
7, 6, 2.01, [495, 3639]
7, 7, 2.01, [780, 2032]
7, 8, 2.01, [1543, 2667]
7, 9, 2.0, [1381, 483]
8, 0, 2.18, [5117, 2340]
8, 1, 2.16, [520, 1514]
8, 2, 2.05, [964, 1540]
8, 3, 2.03, [1029, 1514]
8, 4, 2.02, [1029, 2340]
8, 5, 2.02, [635, 78]
8, 6, 2.02, [495, 741]
8, 7, 2.01, [716, 545]
8, 8, 2.01, [1229, 2340]
8, 9, 2.01, [675, 964]
9, 0, 2.18, [5117, 2340]
9, 1, 2.16, [520, 1514]
9, 2, 2.03, [964, 1157]
9, 3, 2.03, [731, 819]
9, 4, 2.03, [716, 2340]
9, 5, 2.02, [339, 841]
9, 6, 2.01, [3, 1514]
9, 7, 2.01, [1028, 819]
9, 8, 2.01, [786, 2667]
9, 9, 2.0, [831, 1540]
10, 0, 2.18, [5117, 2340]
10, 1, 2.16, [520, 1514]
10, 2, 2.13, [520, 1157]
10, 3, 2.13, [5117, 2340]
10, 4, 2.1, [520, 873]
10, 5, 2.08, [1574, 819]
10, 6, 2.03, [247, 2340]
10, 7, 2.02, [731, 1157]
10, 8, 2.01, [731, 1827]
10, 9, 2.01, [1138, 731]
11, 0, 2.18, [5117, 2340]
11, 1, 2.16, [520, 1514]
11, 2, 2.15, [5117, 1219]
11, 3, 2.14, [520, 1157]
11, 4, 2.13, [5117, 1141]
11, 5, 2.05, [905, 1514]
11, 6, 2.03, [1219, 716]
11, 7, 2.02, [1157, 873]
11, 8, 2.02, [429, 834]
11, 9, 2.02, [850, 697]
12, 0, 2.18, [5117, 2340]
12, 1, 2.16, [520, 1514]
12, 2, 2.15, [520, 690]
12, 3, 2.12, [5117, 2340]
12, 4, 2.08, [5117, 3639]
12, 5, 2.08, [964, 2340]
12, 6, 2.04, [487, 450]
12, 7, 2.02, [1003, 690]
12, 8, 2.02, [841, 2436]
12, 9, 2.01, [247, 694]
13, 0, 2.18, [5117, 2340]
13, 1, 2.16, [520, 785]
13, 2, 2.16, [520, 1514]
13, 3, 2.13, [5117, 2340]
13, 4, 2.07, [5117, 731]
13, 5, 2.04, [1543, 1353]
13, 6, 2.04, [964, 2340]
13, 7, 2.04, [5117, 1419]
13, 8, 2.03, [1138, 2340]
13, 9, 2.03, [831, 690]
14, 0, 2.18, [5117, 2340]
14, 1, 2.16, [520, 785]
14, 2, 2.09, [5117, 487]
14, 3, 2.06, [662, 2340]
14, 4, 2.06, [5117, 2340]
14, 5, 2.04, [785, 2340]
14, 6, 2.01, [751, 1827]
14, 7, 2.0, [735, 1157]
14, 8, 2.0, [1580, 1229]
14, 9, 2.0, [216, 731]
15, 0, 2.18, [5117, 2340]
15, 1, 2.16, [520, 785]
15, 2, 2.15, [520, 1157]
15, 3, 2.13, [5117, 487]
15, 4, 2.12, [5117, 751]
15, 5, 2.1, [5117, 735]
15, 6, 2.09, [5117, 487]
15, 7, 2.06, [716, 2340]
15, 8, 2.05, [2436, 2340]
15, 9, 2.02, [247, 2340]
16, 0, 2.18, [5117, 2340]
16, 1, 2.16, [520, 785]
16, 2, 2.09, [5117, 487]
16, 3, 2.07, [964, 2340]
16, 4, 2.07, [5117, 3639]
16, 5, 2.04, [970, 2340]
16, 6, 2.04, [905, 785]
16, 7, 2.02, [990, 1225]
16, 8, 2.01, [831, 1157]
16, 9, 2.01, [690, 2340]
17, 0, 2.18, [5117, 2340]
17, 1, 2.16, [520, 785]
17, 2, 2.15, [520, 1555]
17, 3, 2.05, [1567, 2340]
17, 4, 2.03, [964, 735]
17, 5, 2.03, [690, 2340]
17, 6, 2.02, [970, 785]
17, 7, 2.02, [2341, 1827]
17, 8, 2.02, [1540, 785]
17, 9, 2.01, [1574, 905]
18, 0, 2.18, [5117, 2340]
18, 1, 2.16, [520, 785]
18, 2, 2.13, [5117, 850]
18, 3, 2.12, [520, 841]
18, 4, 2.11, [520, 2341]
18, 5, 2.09, [5117, 735]
18, 6, 2.03, [816, 819]
18, 7, 2.02, [1567, 785]
18, 8, 2.01, [2032, 1509]
18, 9, 2.01, [495, 735]
19, 0, 2.18, [5117, 2340]
19, 1, 2.16, [520, 785]
19, 2, 2.14, [520, 1157]
19, 3, 2.14, [5117, 1157]
19, 4, 2.14, [520, 2341]
19, 5, 2.13, [5117, 697]
19, 6, 2.04, [1567, 785]
19, 7, 2.03, [476, 78]
19, 8, 2.02, [831, 841]
19, 9, 2.02, [691, 850]
20, 0, 2.18, [5117, 2340]
20, 1, 2.17, [5117, 735]
20, 2, 2.16, [520, 785]
20, 3, 2.14, [520, 694]
20, 4, 2.11, [5117, 336]
20, 5, 2.04, [247, 2340]
20, 6, 2.04, [690, 2340]
20, 7, 2.02, [3147, 735]
20, 8, 2.02, [587, 2846]
20, 9, 2.01, [2667, 2340]
21, 0, 2.18, [5117, 2340]
21, 1, 2.17, [5117, 735]
21, 2, 2.16, [5117, 735]
21, 3, 2.03, [78, 690]
21, 4, 2.02, [834, 2341]
21, 5, 2.02, [1029, 780]
21, 6, 2.02, [1048, 2340]
21, 7, 2.01, [690, 735]
21, 8, 2.01, [336, 2340]
21, 9, 2.0, [1003, 2341]
22, 0, 2.2, [5117, 487]
22, 1, 2.18, [5117, 2340]
22, 2, 2.17, [5117, 735]
22, 3, 2.13, [5117, 662]
22, 4, 2.05, [751, 1138]
22, 5, 2.02, [1029, 735]
22, 6, 2.02, [78, 2341]
22, 7, 2.02, [1430, 495]
22, 8, 2.01, [1048, 816]
22, 9, 2.01, [1394, 1430]
23, 0, 2.2, [5117, 487]
23, 1, 2.18, [5117, 2340]
23, 2, 2.07, [5117, 1543]
23, 3, 2.07, [5117, 1540]
23, 4, 2.03, [1025, 735]
23, 5, 2.03, [819, 1157]
23, 6, 2.02, [934, 2341]
23, 7, 2.01, [1289, 2340]
23, 8, 2.01, [711, 1430]
23, 9, 2.01, [741, 666]
24, 0, 2.2, [5117, 487]
24, 1, 2.18, [5117, 2340]
24, 2, 2.16, [5117, 476]
24, 3, 2.05, [5117, 483]
24, 4, 2.05, [5117, 1567]
24, 5, 2.04, [1157, 1555]
24, 6, 2.02, [1025, 545]
24, 7, 2.02, [922, 487]
24, 8, 2.02, [1540, 1543]
24, 9, 2.0, [1967, 798]
25, 0, 2.2, [5117, 487]
25, 1, 2.18, [5117, 2340]
25, 2, 2.08, [5117, 1569]
25, 3, 2.06, [635, 934]
25, 4, 2.04, [1567, 487]
25, 5, 2.03, [1353, 809]
25, 6, 2.02, [974, 675]
25, 7, 2.02, [831, 476]
25, 8, 2.01, [831, 476]
25, 9, 2.01, [1574, 2340]
26, 0, 2.2, [5117, 487]
26, 1, 2.18, [5117, 2340]
26, 2, 2.15, [5117, 785]
26, 3, 2.05, [3, 974]
26, 4, 2.04, [476, 2490]
26, 5, 2.03, [905, 2340]
26, 6, 2.02, [476, 809]
26, 7, 2.02, [336, 786]
26, 8, 2.01, [98, 429]
26, 9, 2.01, [1353, 809]
27, 0, 2.2, [5117, 487]
27, 1, 2.18, [5117, 2340]
27, 2, 2.1, [5117, 1157]
27, 3, 2.07, [5117, 834]
27, 4, 2.03, [15, 2070]
27, 5, 2.02, [336, 2340]
27, 6, 2.02, [336, 487]
27, 7, 2.01, [831, 974]
27, 8, 2.01, [3, 483]
27, 9, 2.01, [1394, 476]
28, 0, 2.2, [5117, 487]
28, 1, 2.18, [5117, 2340]
28, 2, 2.16, [5117, 809]
28, 3, 2.14, [5117, 1225]
28, 4, 2.09, [5117, 483]
28, 5, 2.08, [1378, 520]
28, 6, 2.05, [1567, 487]
28, 7, 2.03, [922, 809]
28, 8, 2.03, [1827, 1003]
28, 9, 2.02, [1967, 3147]
29, 0, 2.2, [5117, 487]
29, 1, 2.18, [5117, 2340]
29, 2, 2.06, [5117, 1289]
29, 3, 2.03, [780, 487]
29, 4, 2.02, [609, 809]
29, 5, 2.02, [850, 1157]
29, 6, 2.01, [731, 487]
29, 7, 2.01, [990, 1419]
29, 8, 2.01, [336, 483]
29, 9, 2.01, [429, 1574]
30, 0, 2.2, [5117, 487]
30, 1, 2.18, [5117, 2340]
30, 2, 2.15, [5117, 990]
30, 3, 2.07, [2340, 1289]
30, 4, 2.04, [850, 483]
30, 5, 2.02, [751, 487]
30, 6, 2.02, [1381, 1138]
30, 7, 2.01, [336, 1157]
30, 8, 2.01, [1574, 1045]
30, 9, 2.0, [1289, 1827]
31, 0, 2.2, [5117, 487]
31, 1, 2.18, [5117, 2340]
31, 2, 2.15, [5117, 841]
31, 3, 2.14, [5117, 841]
31, 4, 2.12, [5117, 78]
31, 5, 2.1, [5117, 2341]
31, 6, 2.02, [1157, 487]
31, 7, 2.02, [2340, 1003]
31, 8, 2.01, [1029, 545]
31, 9, 2.0, [1509, 1045]
32, 0, 2.2, [5117, 487]
32, 1, 2.18, [5117, 2340]
32, 2, 2.17, [5117, 710]
32, 3, 2.07, [905, 841]
32, 4, 2.04, [905, 841]
32, 5, 2.02, [974, 247]
32, 6, 2.02, [1414, 2436]
32, 7, 2.02, [786, 735]
32, 8, 2.02, [476, 1003]
32, 9, 2.01, [751, 1514]
33, 0, 2.2, [5117, 487]
33, 1, 2.18, [5117, 2340]
33, 2, 2.07, [5117, 970]
33, 3, 2.05, [336, 1540]
33, 4, 2.03, [841, 2340]
33, 5, 2.03, [786, 487]
33, 6, 2.03, [1543, 247]
33, 7, 2.03, [487, 15]
33, 8, 2.02, [990, 2341]
33, 9, 2.0, [873, 483]
34, 0, 2.2, [5117, 487]
34, 1, 2.18, [5117, 2340]
34, 2, 2.1, [520, 1003]
34, 3, 2.03, [873, 476]
34, 4, 2.02, [691, 487]
34, 5, 2.02, [751, 487]
34, 6, 2.02, [3639, 841]
34, 7, 2.01, [694, 902]
34, 8, 2.01, [1827, 1048]
34, 9, 2.0, [2341, 1157]
35, 0, 2.2, [5117, 487]
35, 1, 2.18, [5117, 2340]
35, 2, 2.14, [5117, 483]
35, 3, 2.14, [5117, 656]
35, 4, 2.08, [5117, 320]
35, 5, 2.04, [520, 483]
35, 6, 2.03, [1540, 2340]
35, 7, 2.01, [1138, 675]
35, 8, 2.01, [1378, 841]
35, 9, 2.0, [831, 1003]
36, 0, 2.2, [5117, 487]
36, 1, 2.18, [5117, 2340]
36, 2, 2.11, [5117, 320]
36, 3, 2.1, [5117, 809]
36, 4, 2.02, [922, 487]
36, 5, 2.02, [1569, 873]
36, 6, 2.02, [1414, 483]
36, 7, 2.01, [819, 905]
36, 8, 2.01, [816, 2341]
36, 9, 2.0, [905, 1289]
37, 0, 2.2, [5117, 487]
37, 1, 2.18, [5117, 2340]
37, 2, 2.12, [5117, 2341]
37, 3, 2.07, [5117, 1141]
37, 4, 2.06, [98, 841]
37, 5, 2.04, [429, 1430]
37, 6, 2.03, [1574, 741]
37, 7, 2.02, [3147, 841]
37, 8, 2.01, [1289, 487]
37, 9, 2.01, [905, 2340]
38, 0, 2.2, [5117, 487]
38, 1, 2.18, [5117, 2340]
38, 2, 2.12, [5117, 483]
38, 3, 2.05, [716, 710]
38, 4, 2.03, [974, 1045]
38, 5, 2.02, [902, 694]
38, 6, 2.02, [1574, 320]
38, 7, 2.02, [3, 487]
38, 8, 2.01, [1574, 2341]
38, 9, 2.01, [1229, 809]
39, 0, 2.2, [5117, 487]
39, 1, 2.18, [5117, 2340]
39, 2, 2.07, [785, 2340]
39, 3, 2.04, [711, 476]
39, 4, 2.04, [1574, 710]
39, 5, 2.03, [1430, 1347]
39, 6, 2.03, [934, 483]
39, 7, 2.03, [905, 450]
39, 8, 2.02, [970, 2340]
39, 9, 2.02, [1430, 476]
40, 0, 2.2, [5117, 487]
40, 1, 2.18, [5117, 2340]
40, 2, 2.1, [5117, 1157]
40, 3, 2.09, [5117, 1509]
40, 4, 2.08, [5117, 1157]
40, 5, 2.04, [785, 809]
40, 6, 2.03, [2032, 2340]
40, 7, 2.02, [902, 1157]
40, 8, 2.01, [1574, 1157]
40, 9, 2.01, [1378, 974]
41, 0, 2.2, [5117, 487]
41, 1, 2.18, [5117, 2340]
41, 2, 2.17, [520, 710]
41, 3, 2.15, [5117, 2341]
41, 4, 2.08, [5117, 809]
41, 5, 2.03, [1419, 2340]
41, 6, 2.02, [850, 483]
41, 7, 2.02, [934, 339]
41, 8, 2.01, [1567, 1225]
41, 9, 2.01, [336, 545]
42, 0, 2.2, [5117, 487]
42, 1, 2.18, [5117, 2340]
42, 2, 2.11, [5117, 809]
42, 3, 2.09, [716, 487]
42, 4, 2.08, [5117, 1509]
42, 5, 2.05, [450, 487]
42, 6, 2.03, [1574, 2341]
42, 7, 2.03, [78, 694]
42, 8, 2.01, [1569, 2340]
42, 9, 2.0, [1029, 1289]
43, 0, 2.2, [5117, 487]
43, 1, 2.18, [5117, 2340]
43, 2, 2.15, [5117, 809]
43, 3, 2.11, [5117, 1157]
43, 4, 2.11, [5117, 483]
43, 5, 2.04, [635, 1543]
43, 6, 2.03, [964, 1003]
43, 7, 2.03, [711, 487]
43, 8, 2.02, [1381, 850]
43, 9, 2.0, [964, 1603]
44, 0, 2.2, [5117, 487]
44, 1, 2.18, [5117, 2340]
44, 2, 2.1, [5117, 1414]
44, 3, 2.08, [5117, 1967]
44, 4, 2.05, [1414, 487]
44, 5, 2.03, [336, 487]
44, 6, 2.03, [1029, 2340]
44, 7, 2.02, [1048, 2340]
44, 8, 2.02, [1378, 1157]
44, 9, 2.02, [1225, 1540]
45, 0, 2.2, [5117, 487]
45, 1, 2.18, [5117, 2340]
45, 2, 2.12, [5117, 841]
45, 3, 2.09, [5117, 809]
45, 4, 2.06, [751, 2340]
45, 5, 2.02, [741, 1567]
45, 6, 2.02, [1580, 2846]
45, 7, 2.01, [1514, 1003]
45, 8, 2.01, [711, 487]
45, 9, 2.0, [1543, 1580]
46, 0, 2.2, [5117, 487]
46, 1, 2.18, [5117, 2340]
46, 2, 2.03, [1141, 809]
46, 3, 2.02, [78, 609]
46, 4, 2.02, [450, 1967]
46, 5, 2.02, [439, 990]
46, 6, 2.0, [1028, 1603]
46, 7, 2.0, [2846, 1567]
46, 8, 2.0, [2667, 1157]
46, 9, 2.0, [662, 545]
47, 0, 2.2, [5117, 487]
47, 1, 2.18, [5117, 2340]
47, 2, 2.09, [5117, 1219]
47, 3, 2.04, [1827, 751]
47, 4, 2.03, [751, 487]
47, 5, 2.03, [1567, 964]
47, 6, 2.02, [429, 809]
47, 7, 2.0, [339, 1827]
47, 8, 2.0, [831, 1603]
47, 9, 2.0, [1219, 609]
48, 0, 2.2, [5117, 487]
48, 1, 2.18, [5117, 2340]
48, 2, 2.08, [5117, 1048]
48, 3, 2.03, [2032, 1219]
48, 4, 2.02, [990, 1219]
48, 5, 2.02, [336, 751]
48, 6, 2.01, [905, 2340]
48, 7, 2.01, [1827, 1157]
48, 8, 2.0, [429, 751]
48, 9, 2.0, [741, 2341]
49, 0, 2.2, [5117, 487]
49, 1, 2.18, [5117, 2340]
49, 2, 2.15, [5117, 716]
49, 3, 2.09, [5117, 809]
49, 4, 2.02, [1827, 1048]
49, 5, 2.02, [905, 1229]
49, 6, 2.02, [1138, 819]
49, 7, 2.02, [798, 905]
49, 8, 2.0, [1381, 2341]
49, 9, 2.0, [483, 798]
50, 0, 2.2, [5117, 487]
50, 1, 2.18, [5117, 2340]
50, 2, 2.15, [1219, 520]
50, 3, 2.12, [5117, 834]
50, 4, 2.01, [691, 2340]
50, 5, 2.01, [905, 487]
50, 6, 2.01, [1603, 1967]
50, 7, 2.01, [1029, 716]
50, 8, 2.0, [873, 487]
50, 9, 2.0, [675, 922]
