num_genrations,diversity,improvement,best_fitness
0,0.9961538461538462,0,1370.62
1,0.8570512820512821,0.11086223752754117,1522.5699999999983
2,0.6519230769230769,0.32770907084731715,2021.5299999999975
3,0.40705128205128216,0.0,2021.5299999999975
4,0.17307692307692313,0.4550315849876084,2941.3899999999962
5,0.24871794871794872,0.027813380748557825,3023.1999999999966
6,0.009615384615384581,-0.020312913469171863,2961.7899999999963
7,0.028846153846153744,0.05867735389747407,3135.579999999996
8,0.054487179487179516,0.0,3135.579999999996
9,0.13974358974358947,9.567607906662485e-05,3135.8799999999956
10,0.1038461538461537,0.029398446369121325,3228.0699999999956
