generation number, individual number, fitness, candidate
0, 0, 3.08, [711, 934, 970]
0, 1, 3.06, [1347, 1414, 1157]
0, 2, 3.05, [483, 1414, 934]
0, 3, 3.05, [487, 1025, 1580]
0, 4, 3.04, [1514, 15, 1347]
0, 5, 3.03, [2340, 1138, 850]
0, 6, 3.02, [716, 1967, 3]
0, 7, 3.02, [1141, 990, 691]
0, 8, 3.01, [819, 1029, 15]
0, 9, 3.0, [609, 339, 1028]
1, 0, 3.1, [3639, 5117, 970]
1, 1, 3.1, [834, 934, 1028]
1, 2, 3.08, [487, 1289, 1157]
1, 3, 3.08, [711, 934, 970]
1, 4, 3.06, [1347, 1414, 1157]
1, 5, 3.04, [697, 785, 970]
1, 6, 3.04, [1555, 934, 970]
1, 7, 3.03, [1347, 3147, 1580]
1, 8, 3.03, [487, 798, 970]
1, 9, 3.02, [711, 964, 2846]
2, 0, 3.1, [711, 5117, 990]
2, 1, 3.1, [3639, 5117, 970]
2, 2, 3.1, [834, 934, 1028]
2, 3, 3.07, [487, 841, 970]
2, 4, 3.05, [3639, 934, 990]
2, 5, 3.04, [1029, 697, 690]
2, 6, 3.04, [3639, 3, 1157]
2, 7, 3.03, [834, 587, 1028]
2, 8, 3.03, [487, 450, 1028]
2, 9, 3.02, [2436, 3147, 819]
3, 0, 3.12, [3639, 5117, 741]
3, 1, 3.1, [711, 5117, 990]
3, 2, 3.1, [3639, 5117, 970]
3, 3, 3.09, [1048, 5117, 905]
3, 4, 3.06, [834, 934, 990]
3, 5, 3.05, [831, 336, 2032]
3, 6, 3.02, [711, 735, 1381]
3, 7, 3.02, [1141, 656, 1028]
3, 8, 3.01, [609, 694, 873]
3, 9, 3.01, [3639, 495, 1028]
4, 0, 3.13, [1025, 5117, 970]
4, 1, 3.13, [711, 5117, 2341]
4, 2, 3.12, [711, 5117, 2490]
4, 3, 3.12, [2340, 5117, 990]
4, 4, 3.12, [3639, 5117, 741]
4, 5, 3.11, [247, 5117, 990]
4, 6, 3.11, [831, 5117, 741]
4, 7, 3.1, [711, 5117, 990]
4, 8, 3.07, [3639, 873, 691]
4, 9, 3.07, [3639, 5117, 786]
5, 0, 3.14, [1289, 5117, 2341]
5, 1, 3.13, [1025, 5117, 970]
5, 2, 3.13, [711, 5117, 2341]
5, 3, 3.11, [495, 5117, 339]
5, 4, 3.03, [711, 2032, 970]
5, 5, 3.03, [1025, 1381, 970]
5, 6, 3.02, [711, 819, 970]
5, 7, 3.02, [1025, 731, 2341]
5, 8, 3.01, [1025, 662, 2341]
5, 9, 3.01, [711, 710, 2490]
6, 0, 3.14, [495, 5117, 247]
6, 1, 3.14, [1289, 5117, 2341]
6, 2, 3.13, [1025, 5117, 970]
6, 3, 3.11, [751, 5117, 2341]
6, 4, 3.1, [1289, 2667, 520]
6, 5, 3.09, [1347, 5117, 339]
6, 6, 3.05, [711, 841, 2846]
6, 7, 3.03, [1289, 786, 2341]
6, 8, 3.02, [711, 216, 2341]
6, 9, 3.02, [711, 1574, 970]
7, 0, 3.22, [520, 5117, 2341]
7, 1, 3.19, [841, 5117, 247]
7, 2, 3.14, [495, 5117, 990]
7, 3, 3.14, [495, 5117, 247]
7, 4, 3.14, [1289, 5117, 2341]
7, 5, 3.11, [495, 5117, 1603]
7, 6, 3.08, [1289, 5117, 216]
7, 7, 3.06, [751, 5117, 2341]
7, 8, 3.05, [635, 5117, 970]
7, 9, 3.04, [1025, 3, 247]
8, 0, 3.23, [520, 5117, 216]
8, 1, 3.22, [520, 3639, 247]
8, 2, 3.22, [520, 5117, 2341]
8, 3, 3.19, [841, 5117, 247]
8, 4, 3.15, [841, 5117, 690]
8, 5, 3.15, [495, 5117, 1025]
8, 6, 3.1, [819, 5117, 2341]
8, 7, 3.1, [320, 5117, 247]
8, 8, 3.03, [2340, 320, 1567]
8, 9, 3.03, [841, 873, 2341]
9, 0, 3.3, [520, 5117, 216]
9, 1, 3.23, [520, 5117, 216]
9, 2, 3.22, [520, 3639, 247]
9, 3, 3.11, [520, 635, 439]
9, 4, 3.1, [520, 3639, 15]
9, 5, 3.09, [841, 5117, 1569]
9, 6, 3.08, [694, 5117, 545]
9, 7, 3.07, [520, 3639, 1028]
9, 8, 3.07, [520, 2667, 247]
9, 9, 3.06, [3639, 5117, 1419]
10, 0, 3.3, [520, 5117, 216]
10, 1, 3.26, [520, 5117, 934]
10, 2, 3.25, [520, 5117, 834]
10, 3, 3.23, [520, 5117, 216]
10, 4, 3.17, [520, 697, 15]
10, 5, 3.17, [1219, 5117, 694]
10, 6, 3.16, [520, 3, 439]
10, 7, 3.15, [520, 635, 15]
10, 8, 3.12, [520, 1540, 716]
10, 9, 3.02, [320, 735, 487]
