generation number, pop_size, worst, best, median, avg, std, diversity, improvement, number_of_selections
0, 10, 5.36, 10.72, 6.865, 7.460000000000001, 1.5179130409875266,0.9777777777777777,0,[1.e-300]
1, 10, 5.67, 11.99, 8.565, 8.674000000000001, 1.8750317330648036,0.8888888888888888,0.1184701492537313,[1.e-300]
2, 10, 6.76, 12.83, 8.18, 8.891000000000002, 2.0851160639158675,0.9666666666666667,0.07005838198498748,[1.e-300]
3, 10, 7.81, 12.83, 10.035, 9.917, 1.5557316606664529,0.9111111111111111,0.0,[1.e-300]
4, 10, 10.08, 13.22, 11.32, 11.447999999999999, 1.148214265718729,0.711111111111111,0.030397505845674244,[1.e-300]
5, 10, 7.65, 13.22, 11.114999999999998, 10.693000000000001, 2.1244954695174094,0.8777777777777778,0.0,[1.e-300]
6, 10, 9.11, 14.09, 12.91, 12.406, 1.6366624575641735,0.6888888888888889,0.06580937972768526,[1.e-300]
7, 10, 6.08, 14.09, 8.33, 9.145999999999999, 2.860490167785934,0.9222222222222223,0.0,[1.e-300]
8, 10, 7.06, 14.09, 8.864999999999998, 10.199000000000002, 2.414412765042465,0.8666666666666667,0.0,[1.e-300]
9, 10, 6.69, 14.09, 8.635, 9.351, 2.6062634172316503,0.9111111111111111,0.0,[1.e-300]
10, 10, 6.5, 14.09, 10.01, 10.339, 2.8764750998400803,0.8444444444444444,0.0,[1.e-300]
