generation number, pop_size, worst, best, median, avg, std, diversity, improvement, number_of_selections
0, 10, 6.0, 66.64, 8.785, 14.565999999999999, 17.533549098799135,0.9777777777777777,0,[1.e-300]
1, 10, 7.0, 66.64, 16.5, 28.898999999999994, 24.45885624881098,0.837037037037037,0.0,[1.e-300]
2, 10, 10.55, 67.94, 66.105, 55.543000000000006, 21.908579620778706,0.7111111111111111,0.019507803121248456,[1.e-300]
3, 10, 64.37, 70.21, 67.775, 67.816, 1.8487466024309518,0.5851851851851853,0.03341183397115096,[1.e-300]
4, 10, 11.0, 70.36, 68.32, 57.142999999999994, 22.978212310795634,0.6074074074074074,0.0021364477994588477,[1.e-300]
5, 10, 8.0, 70.36, 67.485, 46.68300000000001, 27.435379002302845,0.6962962962962963,0.0,[1.e-300]
6, 10, 8.0, 70.36, 14.5, 33.533, 27.773898556018384,0.7851851851851852,0.0,[1.e-300]
7, 10, 6.0, 70.36, 36.695, 38.221, 29.16747690493643,0.8148148148148149,0.0,[1.e-300]
8, 10, 11.0, 70.36, 43.53, 42.726000000000006, 27.101081602032046,0.762962962962963,0.0,[1.e-300]
9, 10, 9.0, 71.03, 38.305, 39.699, 28.773086539333942,0.7703703703703704,0.009522455940875522,[1.e-300]
10, 10, 10.0, 71.51, 64.86, 49.951, 25.395583257724166,0.7703703703703704,0.00675770801069976,[1.e-300]
