generation number, pop_size, worst, best, median, avg, std, diversity, improvement, number_of_selections
0, 10, 3.0, 3.11, 3.04, 3.05, 0.03660601043544626,0.9481481481481482,0,[1.e-300]
1, 10, 3.03, 3.22, 3.0599999999999996, 3.0789999999999997, 0.052810983706043674,0.762962962962963,0.03536977491961425,[10.]
2, 10, 3.03, 3.22, 3.0549999999999997, 3.082, 0.05418486873657636,0.8518518518518519,0.0,[20.]
3, 10, 3.01, 3.22, 3.1, 3.101, 0.063316664473107,0.8518518518518519,0.0,[30.]
4, 10, 3.01, 3.22, 3.105, 3.104, 0.06931089380465397,0.7777777777777778,0.0,[40.]
5, 10, 3.03, 3.27, 3.16, 3.149, 0.07475961476626279,0.7555555555555555,0.01552795031055895,[50.]
6, 10, 3.06, 3.27, 3.175, 3.1679999999999997, 0.059632206063502315,0.7481481481481481,0.0,[60.]
7, 10, 3.09, 3.27, 3.125, 3.1550000000000002, 0.06280923498976883,0.8296296296296297,0.0,[70.]
8, 10, 3.04, 3.27, 3.17, 3.159, 0.09224424101265076,0.7703703703703704,0.0,[80.]
9, 10, 3.06, 3.27, 3.125, 3.1439999999999992, 0.07337574531137657,0.6888888888888889,0.0,[90.]
10, 10, 3.08, 3.27, 3.165, 3.1739999999999995, 0.060860496218811774,0.7111111111111111,0.0,[100.]
