n_nodes,influence,n0,n1,n2,n3,n4
5,10.2700,32881,133563,70407,76988,252747
5,10.2700,32881,133563,70407,76988,252747
5,10.2700,32881,133563,70407,76988,252747
5,10.2700,32881,133563,70407,76988,252747
5,10.2700,32881,133563,70407,76988,252747
5,10.2700,32881,133563,70407,76988,252747
5,10.2700,32881,133563,70407,76988,252747
5,10.2700,32881,133563,70407,76988,252747
5,10.2700,32881,133563,70407,76988,252747
5,10.2700,32881,133563,70407,76988,252747
5,10.2700,32881,133563,70407,76988,252747
5,10.2700,32881,133563,70407,76988,252747
5,10.2700,32881,133563,70407,76988,252747
5,10.2700,32881,133563,70407,76988,252747
5,10.2700,32881,133563,70407,76988,252747
5,10.2700,32881,133563,70407,76988,252747
5,10.2700,32881,133563,70407,76988,252747
5,10.2700,32881,133563,70407,76988,252747
5,10.2700,32881,133563,70407,76988,252747
5,10.2700,32881,133563,70407,76988,252747
5,10.2700,32881,133563,70407,76988,252747
5,10.2700,32881,133563,70407,76988,252747
5,10.2700,32881,133563,70407,76988,252747
5,10.2700,32881,133563,70407,76988,252747
5,10.2700,32881,133563,70407,76988,252747
5,10.2700,32881,133563,70407,76988,252747
5,10.2700,32881,133563,70407,76988,252747
5,10.2700,32881,133563,70407,76988,252747
5,10.2700,32881,133563,70407,76988,252747
5,10.2700,32881,133563,70407,76988,252747
5,10.2700,32881,133563,70407,76988,252747
5,10.2700,32881,133563,70407,76988,252747
5,10.2700,32881,133563,70407,76988,252747
5,10.2700,32881,133563,70407,76988,252747
5,10.2700,32881,133563,70407,76988,252747
5,10.2700,32881,133563,70407,76988,252747
5,10.2700,32881,133563,70407,76988,252747
5,10.2700,32881,133563,70407,76988,252747
5,10.2700,32881,133563,70407,76988,252747
5,10.2700,32881,133563,70407,76988,252747
5,10.2700,32881,133563,70407,76988,252747
5,10.2700,32881,133563,70407,76988,252747
5,10.2700,32881,133563,70407,76988,252747
5,10.2700,32881,133563,70407,76988,252747
5,10.2700,32881,133563,70407,76988,252747
5,10.2700,32881,133563,70407,76988,252747
5,10.2700,32881,133563,70407,76988,252747
5,10.2700,32881,133563,70407,76988,252747
5,10.2700,32881,133563,70407,76988,252747
5,10.2700,32881,133563,70407,76988,252747
5,10.2700,32881,133563,70407,76988,252747
5,10.2700,32881,133563,70407,76988,252747
5,10.2700,32881,133563,70407,76988,252747
5,10.2100,33564,140550,22477,115077,252747
5,10.1800,33564,140550,70407,76988,252747
5,10.1800,33564,140550,70407,76988,252747
5,10.1800,33564,140550,70407,76988,252747
5,10.1800,33564,140550,70407,76988,252747
5,10.1800,33564,140550,70407,76988,252747
5,10.1800,33564,140550,70407,76988,252747
5,10.1800,33564,140550,70407,76988,252747
5,9.9900,33564,133563,70407,76988,252747
5,9.9100,33564,140550,22477,115077,180132
5,9.9100,33564,140550,22477,115077,180132
