num_genrations,diversity,improvement,best_fitness
0,0.9993055555555556,0,984.57
1,0.9587301587301588,0.25050529672852107,1231.21
2,0.8649801587301587,0.14921093883253062,1414.92
3,0.7770833333333333,0.009852147117858132,1428.86
4,0.5722222222222223,0.015179933653402053,1450.55
5,0.5213293650793651,0.028706352762745236,1492.19
6,0.3701388888888889,0.024212734303272292,1528.32
7,0.40634920634920646,0.008054595896147517,1540.63
8,0.37003968253968267,0.0,1540.63
9,0.2925595238095241,0.0026937032253038454,1544.78
10,0.23164682539682557,0.012034076049663977,1563.37
