n_nodes,influence,n0,n1,n2,n3,n4,n5,n6,n7,n8,n9,n10,n11,n12,n13,n14
15,53.3800,218336,231362,229861,56613,66949,38907,246219,212972,201904,78323,137179,147740,189917,151610,98303
15,52.0900,218336,231362,56613,229861,66949,137179,246219,212972,201904,78323,189917,38907,147740,255326,98303
15,51.9100,218336,231362,56613,229861,66949,137179,246219,212972,201904,78323,189917,38907,147740,255326,98303
15,51.7200,218336,231362,229861,56613,17508,38907,246219,212972,201904,78323,137179,147740,189917,255326,98303
15,51.5900,218336,231362,56613,229861,66949,137179,246219,212972,201904,78323,189917,38907,147740,255326,98303
15,51.5900,218336,231362,56613,229861,66949,137179,246219,212972,201904,78323,189917,38907,147740,255326,98303
15,51.5900,218336,231362,56613,229861,66949,137179,246219,212972,201904,78323,189917,38907,147740,255326,98303
15,51.5900,218336,231362,56613,229861,66949,137179,246219,212972,201904,78323,189917,38907,147740,255326,98303
15,51.5900,218336,231362,56613,229861,66949,137179,246219,212972,201904,78323,189917,38907,147740,255326,98303
15,51.5900,218336,231362,56613,229861,66949,137179,246219,212972,201904,78323,189917,38907,147740,255326,98303
15,51.5900,218336,231362,56613,229861,66949,137179,246219,212972,201904,78323,189917,38907,147740,255326,98303
15,51.4600,218336,231362,56613,229861,66949,137179,246219,212972,201904,78323,189917,38907,147740,255326,98303
15,51.4600,218336,231362,56613,229861,66949,137179,246219,212972,201904,78323,189917,38907,147740,255326,98303
15,51.4600,218336,231362,56613,229861,66949,137179,246219,212972,201904,78323,189917,38907,147740,255326,98303
15,51.3900,231362,229861,66949,56613,38907,246219,218336,212972,201904,78323,250650,137179,147740,255326,98303
15,51.1000,231362,229861,66949,56613,38907,246219,218336,212972,201904,78323,250650,137179,147740,255326,98303
