n_nodes,influence,n0,n1,n2,n3,n4
5,24.6700,255617,229225,217268,95347,90862
5,23.0988,255617,229225,178392,89396,90862
5,23.0922,255617,163877,229225,90862,83149
5,23.0365,255617,227173,229225,90862,95347
5,22.7898,255617,229225,163877,95347,90862
5,22.7898,255617,229225,163877,95347,90862
5,22.7898,255617,229225,163877,95347,90862
5,22.7898,255617,229225,163877,95347,90862
5,22.7898,255617,229225,163877,95347,90862
5,22.7898,255617,229225,163877,95347,90862
5,22.7898,255617,229225,163877,95347,90862
5,22.7898,255617,229225,163877,95347,90862
5,22.7898,255617,229225,163877,95347,90862
5,22.7898,255617,229225,163877,95347,90862
5,22.7898,255617,229225,163877,95347,90862
5,22.7898,255617,229225,163877,95347,90862
5,22.7898,255617,229225,163877,95347,90862
5,22.7898,255617,229225,163877,95347,90862
5,22.7898,255617,229225,163877,95347,90862
5,22.7898,255617,229225,163877,95347,90862
5,22.7898,255617,229225,163877,95347,90862
5,22.7898,255617,229225,163877,95347,90862
5,22.6835,255617,229225,217268,71634,95347
5,22.6835,255617,229225,217268,71634,95347
5,22.3773,255617,229225,90862,241862,95347
5,22.3575,255617,229225,90862,95347,213693
5,22.3574,255617,229225,178392,89396,477
5,22.3574,255617,229225,178392,89396,477
5,22.3574,255617,229225,178392,89396,477
5,22.3574,255617,229225,178392,89396,477
5,22.3574,255617,229225,178392,89396,477
5,22.3574,255617,229225,178392,89396,477
5,22.3574,255617,229225,178392,89396,477
5,22.3574,255617,229225,178392,89396,477
5,22.3574,255617,229225,178392,89396,477
5,22.0949,55001,229225,90862,95347,178622
5,22.0484,255617,229225,163877,95347,477
5,22.0152,255617,229225,152877,95347,90862
5,22.0152,255617,229225,152877,95347,90862
5,22.0152,255617,229225,152877,95347,90862
5,22.0152,255617,229225,152877,95347,90862
5,22.0152,255617,229225,152877,95347,90862
5,22.0152,255617,229225,152877,95347,90862
5,22.0152,255617,229225,152877,95347,90862
5,22.0152,255617,229225,152877,95347,90862
5,22.0152,255617,229225,152877,95347,90862
5,21.9068,255617,163877,229225,90862,62642
5,21.8043,477,229225,152877,95347,90862
5,21.7844,50509,229225,90862,95347,178622
5,21.7083,90862,95347,229225,178622,255617
5,21.7083,90862,95347,229225,178622,255617
5,21.7083,90862,95347,229225,178622,255617
5,21.7083,90862,95347,229225,178622,255617
5,21.7083,90862,95347,229225,178622,255617
5,21.7083,90862,95347,229225,178622,255617
5,21.7083,90862,95347,229225,178622,255617
5,21.7083,90862,95347,229225,178622,255617
5,21.7083,90862,95347,229225,178622,255617
5,21.7083,90862,95347,229225,178622,255617
5,21.7083,90862,95347,229225,178622,255617
5,21.7083,90862,95347,229225,178622,255617
5,21.7083,90862,95347,229225,178622,255617
5,21.7083,90862,95347,229225,178622,255617
5,21.7083,90862,95347,229225,178622,255617
