generation number, individual number, fitness, candidate
0, 0, 30.99, [295, 277, 269]
0, 1, 21.7, [1086, 295, 2525]
0, 2, 14.89, [558, 541, 277]
0, 3, 13.6, [2512, 2764, 154]
0, 4, 11.99, [283, 302, 209]
0, 5, 9.22, [2156, 2515, 302]
0, 6, 8.66, [264, 2514, 558]
0, 7, 8.56, [260, 2065, 4602]
0, 8, 7.14, [2767, 222, 2596]
0, 9, 5.1, [2532, 2770, 316]
1, 0, 30.99, [295, 277, 269]
1, 1, 29.91, [295, 98, 269]
1, 2, 27.62, [1087, 295, 269]
1, 3, 27.19, [1088, 295, 277]
1, 4, 22.69, [98, 295, 2525]
1, 5, 21.7, [1086, 295, 2525]
1, 6, 21.46, [3155, 277, 1811]
1, 7, 18.58, [1086, 250, 269]
1, 8, 17.49, [2514, 277, 2525]
1, 9, 15.42, [2513, 277, 2525]
2, 0, 30.99, [295, 277, 269]
2, 1, 29.91, [295, 98, 269]
2, 2, 27.53, [2764, 295, 269]
2, 3, 25.59, [2711, 277, 269]
2, 4, 24.21, [295, 77, 4849]
2, 5, 22.08, [295, 615, 266]
2, 6, 21.12, [874, 277, 259]
2, 7, 20.8, [2764, 295, 3716]
2, 8, 15.59, [226, 219, 269]
2, 9, 9.99, [2574, 2593, 1811]
3, 0, 30.99, [295, 277, 269]
3, 1, 29.91, [295, 98, 269]
3, 2, 25.7, [1088, 295, 103]
3, 3, 23.29, [874, 277, 269]
3, 4, 20.92, [2764, 295, 3716]
3, 5, 19.77, [380, 295, 240]
3, 6, 14.26, [2764, 876, 269]
3, 7, 14.17, [343, 222, 269]
3, 8, 12.49, [159, 296, 91]
3, 9, 12.46, [615, 2065, 279]
4, 0, 30.99, [295, 277, 269]
4, 1, 29.91, [295, 98, 269]
4, 2, 28.71, [295, 277, 259]
4, 3, 25.91, [295, 273, 269]
4, 4, 22.8, [1088, 295, 285]
4, 5, 21.38, [295, 2765, 91]
4, 6, 20.83, [244, 277, 269]
4, 7, 18.54, [1088, 154, 269]
4, 8, 18.33, [2767, 98, 269]
4, 9, 17.78, [2770, 277, 103]
5, 0, 30.99, [295, 277, 269]
5, 1, 29.91, [295, 98, 269]
5, 2, 27.89, [295, 2767, 269]
5, 3, 23.91, [295, 98, 81]
5, 4, 21.04, [2530, 277, 269]
5, 5, 19.14, [295, 256, 3716]
5, 6, 18.72, [2065, 91, 269]
5, 7, 18.63, [3716, 277, 269]
5, 8, 18.57, [295, 2770, 2527]
5, 9, 17.66, [2512, 98, 259]
6, 0, 30.99, [295, 277, 269]
6, 1, 29.91, [295, 98, 269]
6, 2, 26.1, [295, 343, 269]
6, 3, 23.7, [295, 91, 1080]
6, 4, 22.61, [295, 98, 537]
6, 5, 18.96, [222, 300, 269]
6, 6, 17.69, [266, 300, 269]
6, 7, 15.4, [609, 2767, 269]
6, 8, 14.37, [1082, 91, 2512]
6, 9, 14.23, [3334, 269, 2593]
7, 0, 30.99, [295, 277, 269]
7, 1, 30.09, [295, 91, 269]
7, 2, 29.91, [295, 98, 269]
7, 3, 26.31, [295, 279, 193]
7, 4, 26.27, [295, 98, 279]
7, 5, 25.95, [295, 273, 269]
7, 6, 24.13, [295, 616, 277]
7, 7, 22.89, [295, 98, 1086]
7, 8, 22.1, [2599, 277, 269]
7, 9, 19.17, [2597, 209, 269]
8, 0, 30.99, [295, 277, 269]
8, 1, 30.09, [295, 91, 269]
8, 2, 28.97, [295, 91, 269]
8, 3, 25.4, [295, 102, 269]
8, 4, 24.9, [295, 277, 537]
8, 5, 23.47, [295, 273, 279]
8, 6, 19.42, [295, 2530, 159]
8, 7, 17.26, [2530, 277, 2525]
8, 8, 15.92, [876, 615, 269]
8, 9, 15.77, [3135, 380, 269]
9, 0, 30.99, [295, 277, 269]
9, 1, 30.09, [295, 91, 269]
9, 2, 28.05, [295, 303, 269]
9, 3, 27.64, [295, 609, 269]
9, 4, 24.73, [295, 277, 3716]
9, 5, 22.29, [295, 302, 288]
9, 6, 20.58, [295, 2597, 2527]
9, 7, 16.77, [1095, 3135, 269]
9, 8, 15.08, [77, 209, 193]
9, 9, 15.07, [609, 277, 2593]
10, 0, 30.99, [295, 277, 269]
10, 1, 30.09, [295, 91, 269]
10, 2, 28.2, [295, 259, 279]
10, 3, 17.63, [295, 2513, 2527]
10, 4, 16.3, [274, 609, 269]
10, 5, 14.83, [283, 277, 104]
10, 6, 13.69, [301, 277, 265]
10, 7, 13.36, [2156, 277, 541]
10, 8, 12.51, [537, 303, 279]
10, 9, 8.61, [283, 2515, 2762]
11, 0, 30.99, [295, 277, 269]
11, 1, 30.09, [295, 91, 269]
11, 2, 28.68, [295, 2512, 269]
11, 3, 26.96, [295, 277, 380]
11, 4, 21.86, [269, 259, 220]
11, 5, 17.93, [279, 277, 288]
11, 6, 17.08, [3334, 1811, 269]
11, 7, 15.88, [616, 302, 269]
11, 8, 14.17, [297, 91, 279]
11, 9, 12.54, [2765, 1811, 1082]
12, 0, 30.99, [295, 277, 269]
12, 1, 30.09, [295, 91, 269]
12, 2, 28.11, [295, 303, 269]
12, 3, 23.09, [295, 2515, 98]
12, 4, 22.26, [295, 104, 380]
12, 5, 22.13, [2514, 277, 269]
12, 6, 20.85, [295, 300, 264]
12, 7, 19.94, [537, 277, 269]
12, 8, 19.57, [295, 2532, 2599]
12, 9, 18.36, [209, 91, 269]
13, 0, 32.07, [295, 1811, 269]
13, 1, 30.99, [295, 277, 269]
13, 2, 30.09, [295, 91, 269]
13, 3, 28.52, [295, 104, 269]
13, 4, 23.11, [295, 277, 616]
13, 5, 21.68, [77, 226, 269]
13, 6, 20.75, [295, 2515, 534]
13, 7, 20.04, [103, 277, 98]
13, 8, 19.85, [295, 876, 159]
13, 9, 13.04, [266, 2513, 279]
14, 0, 32.07, [295, 1811, 269]
14, 1, 30.99, [295, 277, 269]
14, 2, 23.55, [2514, 277, 269]
14, 3, 22.74, [295, 1811, 278]
14, 4, 21.53, [876, 277, 269]
14, 5, 21.52, [295, 874, 4849]
14, 6, 20.78, [622, 277, 269]
14, 7, 19.72, [295, 1095, 264]
14, 8, 18.84, [283, 1811, 269]
14, 9, 14.96, [622, 277, 534]
15, 0, 32.07, [295, 1811, 269]
15, 1, 31.68, [295, 277, 269]
15, 2, 31.33, [295, 77, 269]
15, 3, 30.99, [295, 277, 269]
15, 4, 25.12, [295, 1811, 209]
15, 5, 23.81, [295, 1811, 3716]
15, 6, 17.88, [295, 4602, 102]
15, 7, 16.84, [295, 1069, 2527]
15, 8, 16.77, [2514, 277, 260]
15, 9, 15.39, [2514, 2712, 269]
16, 0, 32.07, [295, 1811, 269]
16, 1, 31.68, [295, 277, 269]
16, 2, 30.13, [295, 2597, 269]
16, 3, 25.84, [295, 277, 1086]
16, 4, 24.48, [3155, 277, 269]
16, 5, 23.89, [295, 2765, 259]
16, 6, 19.57, [295, 2525, 4602]
16, 7, 19.37, [615, 1811, 269]
16, 8, 18.42, [2525, 220, 269]
16, 9, 18.07, [295, 316, 2574]
17, 0, 32.07, [295, 1811, 269]
17, 1, 31.68, [295, 277, 269]
17, 2, 27.32, [295, 104, 269]
17, 3, 26.05, [295, 1069, 269]
17, 4, 24.74, [295, 2597, 1088]
17, 5, 23.26, [250, 277, 269]
17, 6, 18.23, [2593, 193, 269]
17, 7, 14.98, [256, 77, 2593]
17, 8, 14.25, [191, 277, 288]
17, 9, 12.99, [2515, 265, 279]
18, 0, 32.07, [295, 1811, 269]
18, 1, 31.68, [295, 277, 269]
18, 2, 26.88, [295, 2597, 279]
18, 3, 25.37, [295, 2532, 269]
18, 4, 24.73, [295, 277, 303]
18, 5, 24.67, [295, 226, 1088]
18, 6, 20.19, [295, 1069, 226]
18, 7, 15.99, [2530, 277, 222]
18, 8, 15.29, [2599, 266, 269]
18, 9, 14.9, [104, 277, 609]
19, 0, 32.07, [295, 1811, 269]
19, 1, 31.68, [295, 277, 269]
19, 2, 27.63, [295, 2596, 269]
19, 3, 26.35, [295, 1811, 98]
19, 4, 26.11, [295, 226, 279]
19, 5, 19.66, [2514, 226, 269]
19, 6, 16.58, [316, 2597, 269]
19, 7, 15.0, [250, 1811, 91]
19, 8, 12.37, [316, 2532, 269]
19, 9, 10.32, [1080, 3135, 2596]
20, 0, 32.07, [295, 1811, 269]
20, 1, 31.68, [295, 277, 269]
20, 2, 23.78, [295, 1811, 104]
20, 3, 20.98, [295, 244, 98]
20, 4, 20.87, [291, 277, 269]
20, 5, 18.75, [2513, 2950, 269]
20, 6, 17.44, [220, 277, 285]
20, 7, 16.28, [622, 103, 269]
20, 8, 14.32, [259, 1088, 558]
20, 9, 12.68, [260, 273, 269]
21, 0, 32.07, [295, 1811, 269]
21, 1, 31.68, [295, 277, 269]
21, 2, 30.37, [295, 300, 269]
21, 3, 26.67, [295, 274, 269]
21, 4, 24.89, [295, 2711, 98]
21, 5, 19.09, [295, 2599, 240]
21, 6, 18.28, [295, 297, 3716]
21, 7, 16.74, [4602, 277, 98]
21, 8, 13.42, [279, 2712, 1095]
21, 9, 13.29, [76, 2712, 269]
22, 0, 32.07, [295, 1811, 269]
22, 1, 31.68, [295, 277, 269]
22, 2, 29.42, [295, 277, 279]
22, 3, 25.42, [295, 300, 2711]
22, 4, 24.22, [91, 277, 269]
22, 5, 19.93, [91, 220, 269]
22, 6, 19.18, [295, 2593, 283]
22, 7, 17.74, [2513, 1811, 103]
22, 8, 16.76, [301, 77, 279]
22, 9, 10.84, [615, 1811, 316]
23, 0, 32.07, [295, 1811, 269]
23, 1, 31.68, [295, 277, 269]
23, 2, 26.47, [295, 226, 279]
23, 3, 23.56, [295, 277, 2156]
23, 4, 23.45, [250, 277, 269]
23, 5, 21.17, [295, 2767, 874]
23, 6, 19.53, [2530, 1811, 269]
23, 7, 16.06, [876, 256, 269]
23, 8, 15.76, [3716, 1811, 269]
23, 9, 13.1, [91, 1811, 285]
24, 0, 32.07, [295, 1811, 269]
24, 1, 31.68, [295, 277, 269]
24, 2, 29.35, [295, 277, 279]
24, 3, 20.15, [296, 277, 279]
24, 4, 18.99, [2530, 226, 269]
24, 5, 17.56, [1080, 277, 2950]
24, 6, 16.67, [297, 2767, 269]
24, 7, 15.99, [278, 1086, 269]
24, 8, 15.47, [250, 273, 269]
24, 9, 10.58, [2514, 226, 541]
25, 0, 32.07, [295, 1811, 269]
25, 1, 31.68, [295, 277, 269]
25, 2, 27.74, [295, 2712, 269]
25, 3, 27.6, [295, 303, 269]
25, 4, 27.28, [295, 2712, 269]
25, 5, 24.85, [295, 193, 302]
25, 6, 22.67, [295, 1811, 2765]
25, 7, 22.53, [295, 1069, 279]
25, 8, 22.26, [2595, 300, 269]
25, 9, 20.68, [193, 1811, 269]
26, 0, 32.07, [295, 1811, 269]
26, 1, 31.68, [295, 277, 269]
26, 2, 27.13, [295, 103, 279]
26, 3, 23.82, [295, 1811, 285]
26, 4, 23.7, [295, 296, 2711]
26, 5, 22.79, [295, 291, 302]
26, 6, 21.74, [295, 1811, 2156]
26, 7, 20.68, [295, 193, 2156]
26, 8, 20.56, [2514, 1811, 269]
26, 9, 20.39, [295, 343, 2711]
27, 0, 32.07, [295, 1811, 269]
27, 1, 31.68, [295, 277, 269]
27, 2, 30.37, [295, 300, 269]
27, 3, 27.84, [295, 303, 269]
27, 4, 26.3, [295, 537, 269]
27, 5, 22.51, [2593, 277, 269]
27, 6, 21.87, [2513, 277, 279]
27, 7, 17.4, [2514, 103, 269]
27, 8, 16.14, [295, 149, 316]
27, 9, 8.43, [1080, 1069, 263]
28, 0, 32.07, [295, 1811, 269]
28, 1, 31.68, [295, 277, 269]
28, 2, 27.13, [295, 2712, 269]
28, 3, 23.64, [295, 1811, 285]
28, 4, 23.51, [295, 1811, 301]
28, 5, 22.06, [295, 103, 275]
28, 6, 18.33, [283, 1811, 269]
28, 7, 12.47, [250, 1088, 4849]
28, 8, 12.36, [103, 266, 288]
28, 9, 11.38, [2530, 1811, 244]
29, 0, 32.07, [295, 1811, 269]
29, 1, 31.68, [295, 277, 269]
29, 2, 24.0, [295, 2515, 77]
29, 3, 23.71, [295, 1082, 209]
29, 4, 20.61, [295, 4602, 288]
29, 5, 18.65, [77, 273, 269]
29, 6, 18.19, [1811, 537, 269]
29, 7, 16.01, [1080, 537, 269]
29, 8, 15.95, [220, 102, 269]
29, 9, 15.82, [2597, 1069, 269]
30, 0, 32.07, [295, 1811, 269]
30, 1, 31.68, [295, 277, 269]
30, 2, 27.62, [295, 2525, 269]
30, 3, 23.91, [295, 2711, 209]
30, 4, 23.7, [295, 1811, 2770]
30, 5, 22.3, [295, 1069, 77]
30, 6, 20.26, [295, 1082, 2156]
30, 7, 17.22, [1087, 250, 269]
30, 8, 14.65, [264, 259, 2711]
30, 9, 14.36, [278, 303, 269]
31, 0, 32.07, [295, 1811, 269]
31, 1, 31.68, [295, 277, 269]
31, 2, 30.25, [295, 2597, 269]
31, 3, 27.97, [295, 2512, 269]
31, 4, 26.54, [295, 277, 81]
31, 5, 24.88, [295, 2711, 1082]
31, 6, 23.33, [295, 277, 2156]
31, 7, 21.77, [295, 874, 622]
31, 8, 19.97, [295, 226, 149]
31, 9, 18.58, [876, 1811, 269]
32, 0, 32.07, [295, 1811, 269]
32, 1, 31.68, [295, 277, 269]
32, 2, 25.69, [295, 1811, 2595]
32, 3, 23.91, [295, 277, 2156]
32, 4, 23.33, [295, 277, 1069]
32, 5, 21.18, [295, 264, 2711]
32, 6, 19.5, [295, 2512, 2156]
32, 7, 12.28, [534, 1811, 2596]
32, 8, 12.23, [2950, 300, 303]
32, 9, 11.63, [296, 1811, 265]
33, 0, 32.07, [295, 1811, 269]
33, 1, 31.68, [295, 277, 269]
33, 2, 25.63, [295, 273, 269]
33, 3, 23.84, [295, 277, 2156]
33, 4, 19.18, [98, 277, 226]
33, 5, 18.09, [2530, 302, 269]
33, 6, 16.63, [154, 277, 285]
33, 7, 16.39, [316, 1811, 269]
33, 8, 15.21, [2525, 2712, 269]
33, 9, 14.56, [2513, 1088, 2593]
34, 0, 32.07, [295, 1811, 269]
34, 1, 31.68, [295, 277, 269]
34, 2, 24.72, [295, 2597, 193]
34, 3, 24.55, [295, 1811, 288]
34, 4, 23.51, [295, 226, 1095]
34, 5, 21.89, [295, 1811, 2156]
34, 6, 19.5, [297, 295, 260]
34, 7, 16.57, [295, 1069, 250]
34, 8, 16.16, [1086, 265, 269]
34, 9, 11.85, [250, 1811, 3334]
35, 0, 32.07, [295, 1811, 269]
35, 1, 31.68, [295, 277, 269]
35, 2, 26.16, [295, 1069, 269]
35, 3, 24.49, [295, 1811, 285]
35, 4, 23.88, [295, 277, 219]
35, 5, 22.76, [295, 2712, 193]
35, 6, 20.41, [295, 1080, 2156]
35, 7, 20.36, [209, 1811, 269]
35, 8, 17.89, [283, 2597, 269]
35, 9, 16.06, [3716, 1811, 269]
36, 0, 32.07, [295, 1811, 269]
36, 1, 31.68, [295, 277, 269]
36, 2, 30.38, [295, 2711, 269]
36, 3, 27.22, [295, 222, 269]
36, 4, 23.32, [250, 277, 269]
36, 5, 22.53, [269, 277, 2593]
36, 6, 19.84, [295, 4849, 1087]
36, 7, 19.59, [295, 1069, 2512]
36, 8, 17.78, [2515, 193, 269]
36, 9, 16.63, [2513, 1069, 269]
37, 0, 32.07, [295, 1811, 269]
37, 1, 31.68, [295, 277, 269]
37, 2, 23.95, [259, 1811, 269]
37, 3, 23.9, [295, 380, 874]
37, 4, 23.54, [295, 874, 1086]
37, 5, 22.78, [295, 2711, 263]
37, 6, 18.78, [876, 1811, 269]
37, 7, 18.56, [2514, 2711, 269]
37, 8, 16.09, [2513, 2515, 269]
37, 9, 13.99, [2515, 273, 269]
38, 0, 32.07, [295, 1811, 269]
38, 1, 31.68, [295, 277, 269]
38, 2, 30.11, [295, 300, 269]
38, 3, 28.81, [295, 154, 269]
38, 4, 22.59, [295, 1811, 2762]
38, 5, 21.68, [295, 91, 3135]
38, 6, 20.01, [2513, 1811, 269]
38, 7, 18.54, [295, 149, 2712]
38, 8, 14.97, [297, 2527, 269]
38, 9, 14.02, [266, 1811, 1088]
39, 0, 32.07, [295, 1811, 269]
39, 1, 31.68, [295, 277, 269]
39, 2, 29.81, [295, 226, 269]
39, 3, 27.16, [295, 104, 269]
39, 4, 23.09, [295, 277, 2156]
39, 5, 20.28, [295, 91, 3334]
39, 6, 18.93, [1811, 264, 269]
39, 7, 18.31, [295, 264, 2762]
39, 8, 17.65, [259, 266, 77]
39, 9, 17.63, [250, 1087, 269]
40, 0, 32.07, [295, 1811, 269]
40, 1, 31.68, [295, 277, 269]
40, 2, 29.13, [295, 226, 269]
40, 3, 26.42, [295, 279, 1082]
40, 4, 25.62, [295, 1069, 269]
40, 5, 25.14, [295, 277, 3716]
40, 6, 25.11, [295, 269, 250]
40, 7, 22.69, [295, 2764, 98]
40, 8, 21.52, [295, 240, 259]
40, 9, 20.27, [295, 609, 2574]
41, 0, 32.07, [295, 1811, 269]
41, 1, 31.68, [295, 277, 269]
41, 2, 31.55, [295, 1811, 269]
41, 3, 27.93, [295, 277, 193]
41, 4, 21.89, [77, 1095, 269]
41, 5, 21.27, [295, 219, 98]
41, 6, 19.82, [2530, 1811, 269]
41, 7, 14.42, [263, 1087, 269]
41, 8, 12.63, [343, 1811, 2512]
41, 9, 12.02, [876, 1811, 266]
42, 0, 32.07, [295, 1811, 269]
42, 1, 31.68, [295, 277, 269]
42, 2, 29.65, [295, 1082, 269]
42, 3, 29.45, [295, 91, 269]
42, 4, 25.11, [295, 1811, 266]
42, 5, 23.06, [1080, 277, 269]
42, 6, 21.05, [295, 303, 222]
42, 7, 18.04, [2514, 226, 269]
42, 8, 12.97, [558, 3334, 269]
42, 9, 10.6, [209, 222, 279]
43, 0, 32.07, [295, 1811, 269]
43, 1, 31.68, [295, 277, 269]
43, 2, 29.0, [295, 226, 269]
43, 3, 23.97, [295, 1811, 261]
43, 4, 20.81, [876, 277, 269]
43, 5, 17.28, [154, 277, 285]
43, 6, 16.83, [2530, 2767, 269]
43, 7, 15.86, [615, 2712, 269]
43, 8, 15.02, [275, 1086, 269]
43, 9, 14.17, [1095, 2764, 103]
44, 0, 32.07, [295, 1811, 269]
44, 1, 31.68, [295, 277, 269]
44, 2, 29.15, [295, 226, 269]
44, 3, 27.36, [295, 2712, 269]
44, 4, 23.48, [295, 77, 261]
44, 5, 20.48, [250, 1811, 269]
44, 6, 19.7, [2514, 1811, 269]
44, 7, 12.27, [296, 77, 301]
44, 8, 10.83, [534, 291, 269]
44, 9, 9.77, [615, 275, 279]
45, 0, 32.07, [295, 1811, 269]
45, 1, 31.68, [295, 277, 269]
45, 2, 31.25, [295, 77, 269]
45, 3, 28.0, [295, 303, 269]
45, 4, 20.38, [380, 1811, 269]
45, 5, 20.31, [295, 2711, 2530]
45, 6, 17.87, [295, 244, 278]
45, 7, 15.15, [380, 261, 269]
45, 8, 12.47, [283, 226, 3155]
45, 9, 12.07, [4849, 1811, 2599]
46, 0, 32.07, [295, 1811, 269]
46, 1, 31.68, [295, 277, 269]
46, 2, 28.66, [295, 226, 269]
46, 3, 27.47, [295, 260, 269]
46, 4, 24.44, [295, 1811, 288]
46, 5, 24.27, [295, 1811, 285]
46, 6, 23.5, [295, 77, 288]
46, 7, 11.1, [191, 266, 3155]
46, 8, 10.09, [265, 303, 2711]
46, 9, 9.9, [2513, 1095, 102]
47, 0, 32.07, [295, 1811, 269]
47, 1, 31.68, [295, 277, 269]
47, 2, 23.37, [295, 226, 1080]
47, 3, 21.49, [295, 1811, 76]
47, 4, 21.26, [295, 1069, 220]
47, 5, 19.74, [295, 226, 876]
47, 6, 19.53, [295, 278, 285]
47, 7, 17.24, [250, 277, 2514]
47, 8, 14.58, [265, 537, 269]
47, 9, 12.89, [278, 273, 269]
48, 0, 32.07, [295, 1811, 269]
48, 1, 31.68, [295, 277, 269]
48, 2, 30.29, [295, 1811, 269]
48, 3, 27.52, [295, 2574, 269]
48, 4, 25.82, [295, 193, 300]
48, 5, 24.95, [295, 300, 1080]
48, 6, 22.91, [295, 303, 1080]
48, 7, 22.46, [295, 226, 285]
48, 8, 21.39, [2513, 1811, 269]
48, 9, 17.28, [2764, 226, 269]
49, 0, 32.07, [295, 1811, 269]
49, 1, 31.68, [295, 277, 269]
49, 2, 28.6, [295, 1086, 269]
49, 3, 20.17, [2712, 277, 279]
49, 4, 19.27, [297, 1811, 269]
49, 5, 18.21, [295, 335, 2574]
49, 6, 13.49, [1087, 1069, 269]
49, 7, 13.21, [380, 1811, 285]
49, 8, 10.68, [259, 263, 2156]
49, 9, 9.26, [273, 260, 1088]
50, 0, 32.07, [295, 1811, 269]
50, 1, 31.68, [295, 277, 269]
50, 2, 27.64, [295, 296, 269]
50, 3, 27.59, [295, 2712, 269]
50, 4, 26.56, [295, 278, 269]
50, 5, 23.26, [295, 1069, 259]
50, 6, 20.23, [295, 209, 256]
50, 7, 16.26, [103, 296, 269]
50, 8, 13.77, [876, 343, 269]
50, 9, 11.12, [279, 275, 2514]
