num_genrations,diversity,improvement,best_fitness
0,0.9987903225806452,0,212.0
1,0.8784274193548387,0.0,212.0
2,0.6530241935483871,0.4508018867924528,307.57
3,0.6627016129032258,0.05663751341158116,324.99
4,0.4887096774193548,0.010831102495461343,328.51
5,0.4278225806451612,0.23028218319077057,404.16
6,0.4618951612903226,0.01563737133808391,410.48
7,0.39274193548387104,0.2427158448645488,510.11
8,0.4449596774193548,0.015369234086765661,517.95
9,0.34455645161290316,0.04338256588473774,540.42
10,0.35141129032258056,0.05784389918951925,571.68
