n_nodes,influence,n0,n1,n2,n3,n4,n5,n6,n7,n8,n9,n10,n11,n12,n13,n14
15,216.7700,11744,41985,75427,61671,55464,25031,682,3084,45452,38062,3463,48564,57749,49302,31
15,208.4000,11744,31,75427,61671,55464,25031,682,3084,45452,38062,3463,30994,36594,48564,49302
15,199.9500,11744,41985,75427,8,55464,25031,682,3084,45452,38062,36594,48564,57749,49302,31
15,196.3600,11744,31,75427,61671,55464,25031,682,45452,38062,61968,30994,36594,48564,57749,49302
15,196.3600,11744,31,75427,61671,55464,25031,682,45452,38062,61968,30994,36594,48564,57749,49302
15,196.3600,11744,31,75427,61671,55464,25031,682,45452,38062,61968,30994,36594,48564,57749,49302
15,196.3600,11744,31,75427,61671,55464,25031,682,45452,38062,61968,30994,36594,48564,57749,49302
15,195.3900,11744,31,75427,61671,55464,25031,682,45452,38062,61968,30994,36594,48564,57749,49302
15,194.8600,11744,63256,61671,55464,25031,682,45452,38062,61968,30994,36594,48564,57749,49302,31
15,194.8600,11744,63256,61671,55464,25031,682,45452,38062,61968,30994,36594,48564,57749,49302,31
15,179.0700,11744,41985,75427,61671,55464,25031,682,3463,3084,45452,38062,30430,36594,48564,49302
15,177.4500,11744,41985,75427,61671,55464,25031,682,3084,45452,38062,3463,30994,36594,48564,49302
15,177.0500,11744,41985,75427,61671,55464,25031,682,45452,38062,30994,245,48564,57749,49302,1948
15,174.8800,11744,41985,75427,61671,55464,25031,682,45452,38062,30994,245,48564,57749,49302,1948
15,174.8800,11744,41985,75427,61671,55464,25031,682,45452,38062,30994,245,48564,57749,49302,1948
15,173.3900,11744,41985,75427,61671,55464,25031,682,3463,3084,45452,38062,30994,36594,48564,2180
15,172.4100,11744,41985,75427,61671,55464,25031,682,3084,45452,38062,3463,30994,36594,48564,49302
15,172.3700,11744,41985,75427,61671,55464,25031,682,3463,3084,45452,38062,30430,36594,48564,49302
15,171.2700,11744,41985,75427,61671,57027,25031,682,3463,3084,45452,38062,30994,36594,49302,1948
15,169.8300,11744,41985,75427,8,55464,25031,682,3084,45452,38062,3463,30994,36594,48564,49302
15,169.8300,11744,41985,75427,8,55464,25031,682,3084,45452,38062,3463,30994,36594,48564,49302
15,169.8300,11744,41985,75427,8,55464,25031,682,3084,45452,38062,3463,30994,36594,48564,49302
15,169.8300,11744,41985,75427,8,55464,25031,682,3084,45452,38062,3463,30994,36594,48564,49302
15,169.6600,11744,41985,75427,25031,55464,8,682,3463,56940,45452,38062,30994,36594,48564,49302
15,169.1900,11744,41985,75427,61671,55464,25031,682,3084,45452,38062,3463,30994,36594,48564,49302
15,169.1900,11744,41985,75427,61671,55464,25031,682,3084,45452,38062,3463,30994,36594,48564,49302
15,169.1800,11744,41985,75427,61671,67308,25031,682,3463,3084,45452,38062,30994,36594,48564,49302
15,168.5200,11744,41985,75427,61671,505,25031,682,3463,3084,45452,38062,30994,36594,48564,49302
15,168.4800,11744,41985,75427,61671,57027,25031,682,3463,3084,45452,38062,30994,36594,48564,49302
15,168.4800,11744,41985,75427,61671,57027,25031,682,3463,3084,45452,38062,30994,36594,48564,49302
15,168.4800,11744,41985,75427,61671,57027,25031,682,3463,3084,45452,38062,30994,36594,48564,49302
15,167.4100,11744,41985,75427,8,55464,25031,682,3084,45452,38062,3463,30994,36594,48564,49302
