n_nodes,influence,n0,n1,n2,n3,n4
5,17.6300,2584,3786,6481,4536,7231
5,17.6300,2584,3786,6481,4536,7231
5,16.3000,2584,3786,6481,4536,7231
5,14.4700,2584,3540,6481,4536,7231
5,14.2700,3563,4072,4536,1147,7231
5,14.2300,2249,4536,6481,2584,7231
5,13.8300,4536,7523,6481,2584,7231
5,13.4700,3563,4536,6481,2584,7231
5,13.4700,3563,4536,6481,2584,7231
5,13.4700,3563,4536,6481,2584,7231
5,13.4700,3563,4536,6481,2584,7231
5,13.0400,1147,3563,6481,4536,7231
5,13.0400,1147,3563,6481,4536,7231
5,12.6900,2925,2249,6383,985,7231
5,11.9600,2249,4536,4007,117,4175
5,11.9600,2249,4536,4007,117,4175
