generation number, individual number, fitness, candidate
0, 0, 2.04, [1430, 1378]
0, 1, 2.02, [450, 1347]
0, 2, 2.02, [487, 587]
0, 3, 2.02, [970, 905]
0, 4, 2.01, [1378, 716]
0, 5, 2.01, [2340, 15]
0, 6, 2.0, [731, 247]
0, 7, 2.0, [1353, 964]
0, 8, 2.0, [78, 831]
0, 9, 2.0, [656, 1378]
1, 0, 2.05, [1430, 450]
1, 1, 2.04, [1025, 816]
1, 2, 2.04, [1430, 1378]
1, 3, 2.03, [1430, 1555]
1, 4, 2.02, [1025, 905]
1, 5, 2.02, [450, 1347]
1, 6, 2.01, [1025, 905]
1, 7, 2.01, [487, 816]
1, 8, 2.0, [691, 1378]
1, 9, 2.0, [970, 1430]
2, 0, 2.07, [2436, 5117]
2, 1, 2.05, [1430, 450]
2, 2, 2.04, [1025, 816]
2, 3, 2.03, [1289, 450]
2, 4, 2.02, [1025, 850]
2, 5, 2.02, [1430, 694]
2, 6, 2.01, [2846, 1048]
2, 7, 2.01, [1289, 450]
2, 8, 2.01, [1025, 816]
2, 9, 2.01, [974, 1289]
3, 0, 2.15, [780, 5117]
3, 1, 2.13, [785, 5117]
3, 2, 2.13, [1543, 5117]
3, 3, 2.12, [1025, 5117]
3, 4, 2.1, [1289, 5117]
3, 5, 2.07, [2436, 5117]
3, 6, 2.05, [1430, 450]
3, 7, 2.02, [798, 3147]
3, 8, 2.02, [2436, 694]
3, 9, 2.01, [483, 1543]
4, 0, 2.15, [780, 5117]
4, 1, 2.13, [785, 5117]
4, 2, 2.08, [1378, 5117]
4, 3, 2.04, [1025, 751]
4, 4, 2.03, [98, 905]
4, 5, 2.01, [780, 2436]
4, 6, 2.01, [247, 483]
4, 7, 2.01, [1029, 831]
4, 8, 2.0, [1225, 429]
4, 9, 2.0, [1353, 545]
5, 0, 2.15, [780, 5117]
5, 1, 2.13, [785, 5117]
5, 2, 2.12, [711, 5117]
5, 3, 2.11, [735, 5117]
5, 4, 2.03, [785, 902]
5, 5, 2.03, [495, 731]
5, 6, 2.01, [1378, 841]
5, 7, 2.01, [15, 809]
5, 8, 2.01, [1567, 1029]
5, 9, 2.0, [2667, 1574]
6, 0, 2.15, [780, 5117]
6, 1, 2.13, [785, 5117]
6, 2, 2.12, [1378, 5117]
6, 3, 2.04, [1543, 990]
6, 4, 2.04, [98, 905]
6, 5, 2.04, [785, 974]
6, 6, 2.03, [809, 1574]
6, 7, 2.02, [1569, 1025]
6, 8, 2.01, [902, 1219]
6, 9, 2.01, [780, 735]
7, 0, 2.15, [487, 5117]
7, 1, 2.15, [1378, 5117]
7, 2, 2.15, [520, 2667]
7, 3, 2.15, [780, 5117]
7, 4, 2.14, [78, 5117]
7, 5, 2.13, [785, 5117]
7, 6, 2.05, [1048, 439]
7, 7, 2.02, [785, 1574]
7, 8, 2.01, [545, 656]
7, 9, 2.01, [1378, 974]
8, 0, 2.15, [520, 336]
8, 1, 2.15, [487, 5117]
8, 2, 2.15, [1378, 5117]
8, 3, 2.12, [741, 5117]
8, 4, 2.1, [520, 1567]
8, 5, 2.06, [5117, 2667]
8, 6, 2.01, [495, 711]
8, 7, 2.0, [545, 970]
8, 8, 2.0, [1045, 1574]
8, 9, 2.0, [1509, 2490]
9, 0, 2.23, [247, 5117]
9, 1, 2.16, [520, 831]
9, 2, 2.15, [520, 336]
9, 3, 2.15, [487, 5117]
9, 4, 2.14, [1289, 5117]
9, 5, 2.03, [841, 336]
9, 6, 2.02, [1378, 1347]
9, 7, 2.02, [247, 675]
9, 8, 2.01, [850, 15]
9, 9, 2.01, [247, 336]
10, 0, 2.23, [247, 5117]
10, 1, 2.16, [520, 831]
10, 2, 2.14, [216, 5117]
10, 3, 2.11, [520, 751]
10, 4, 2.1, [520, 2032]
10, 5, 2.04, [487, 1353]
10, 6, 2.04, [216, 336]
10, 7, 2.01, [483, 336]
10, 8, 2.0, [247, 3639]
10, 9, 2.0, [320, 1353]
11, 0, 2.23, [247, 5117]
11, 1, 2.16, [520, 831]
11, 2, 2.13, [520, 336]
11, 3, 2.12, [520, 751]
11, 4, 2.12, [666, 5117]
11, 5, 2.06, [216, 934]
11, 6, 2.03, [635, 785]
11, 7, 2.02, [247, 780]
11, 8, 2.02, [247, 2341]
11, 9, 2.0, [691, 711]
12, 0, 2.23, [247, 5117]
12, 1, 2.16, [520, 831]
12, 2, 2.09, [2436, 5117]
12, 3, 2.05, [247, 439]
12, 4, 2.04, [1569, 1414]
12, 5, 2.03, [2490, 439]
12, 6, 2.02, [711, 1025]
12, 7, 2.02, [1419, 98]
12, 8, 2.01, [336, 751]
12, 9, 2.0, [666, 819]
13, 0, 2.23, [247, 5117]
13, 1, 2.16, [520, 831]
13, 2, 2.15, [1138, 5117]
13, 3, 2.06, [905, 841]
13, 4, 2.04, [216, 1514]
13, 5, 2.03, [247, 2436]
13, 6, 2.03, [1347, 3147]
13, 7, 2.02, [439, 841]
13, 8, 2.02, [1141, 2032]
13, 9, 2.02, [247, 990]
14, 0, 2.23, [247, 5117]
14, 1, 2.16, [520, 831]
14, 2, 2.14, [710, 5117]
14, 3, 2.09, [964, 5117]
14, 4, 2.02, [247, 841]
14, 5, 2.02, [1138, 780]
14, 6, 2.02, [216, 831]
14, 7, 2.02, [439, 1543]
14, 8, 2.01, [216, 841]
14, 9, 2.0, [2341, 1029]
15, 0, 2.23, [247, 5117]
15, 1, 2.17, [483, 5117]
15, 2, 2.16, [520, 831]
15, 3, 2.13, [520, 3]
15, 4, 2.07, [974, 5117]
15, 5, 2.05, [1543, 1381]
15, 6, 2.03, [785, 711]
15, 7, 2.03, [476, 656]
15, 8, 2.0, [710, 970]
15, 9, 2.0, [2490, 902]
16, 0, 2.23, [247, 5117]
16, 1, 2.17, [483, 5117]
16, 2, 2.1, [716, 5117]
16, 3, 2.09, [336, 5117]
16, 4, 2.08, [216, 5117]
16, 5, 2.06, [741, 5117]
16, 6, 2.04, [922, 666]
16, 7, 2.03, [216, 3]
16, 8, 2.03, [216, 3]
16, 9, 2.0, [1378, 666]
17, 0, 2.23, [247, 5117]
17, 1, 2.17, [483, 5117]
17, 2, 2.02, [495, 1219]
17, 3, 2.02, [2070, 691]
17, 4, 2.02, [247, 990]
17, 5, 2.02, [694, 1827]
17, 6, 2.01, [483, 1289]
17, 7, 2.01, [336, 3]
17, 8, 2.0, [1141, 609]
17, 9, 2.0, [247, 1378]
18, 0, 2.23, [247, 5117]
18, 1, 2.17, [483, 5117]
18, 2, 2.14, [520, 1543]
18, 3, 2.09, [2667, 5117]
18, 4, 2.05, [1347, 694]
18, 5, 2.04, [483, 716]
18, 6, 2.04, [1555, 964]
18, 7, 2.03, [476, 1289]
18, 8, 2.03, [247, 1141]
18, 9, 2.02, [247, 798]
19, 0, 2.23, [247, 5117]
19, 1, 2.17, [483, 5117]
19, 2, 2.14, [216, 5117]
19, 3, 2.04, [247, 3]
19, 4, 2.03, [716, 1603]
19, 5, 2.02, [1567, 450]
19, 6, 2.02, [483, 336]
19, 7, 2.02, [1574, 798]
19, 8, 2.0, [1419, 1048]
19, 9, 2.0, [1574, 1567]
20, 0, 2.23, [247, 5117]
20, 1, 2.17, [483, 5117]
20, 2, 2.02, [216, 336]
20, 3, 2.02, [216, 3]
20, 4, 2.02, [1029, 751]
20, 5, 2.01, [609, 751]
20, 6, 2.0, [1003, 1967]
20, 7, 2.0, [2667, 816]
20, 8, 2.0, [675, 98]
20, 9, 2.0, [1567, 731]
21, 0, 2.23, [247, 5117]
21, 1, 2.17, [483, 5117]
21, 2, 2.1, [1229, 5117]
21, 3, 2.06, [609, 5117]
21, 4, 2.03, [656, 1827]
21, 5, 2.02, [545, 786]
21, 6, 2.02, [247, 834]
21, 7, 2.02, [247, 819]
21, 8, 2.01, [1138, 1353]
21, 9, 2.01, [1430, 320]
22, 0, 2.23, [247, 5117]
22, 1, 2.17, [483, 5117]
22, 2, 2.04, [476, 98]
22, 3, 2.03, [483, 1514]
22, 4, 2.03, [483, 990]
22, 5, 2.03, [1003, 487]
22, 6, 2.01, [2070, 1378]
22, 7, 2.01, [1225, 3]
22, 8, 2.0, [216, 15]
22, 9, 2.0, [697, 691]
23, 0, 2.23, [247, 5117]
23, 1, 2.17, [483, 5117]
23, 2, 2.05, [476, 1574]
23, 3, 2.04, [247, 1141]
23, 4, 2.01, [694, 1141]
23, 5, 2.01, [483, 1567]
23, 6, 2.01, [786, 666]
23, 7, 2.01, [483, 3147]
23, 8, 2.01, [483, 78]
23, 9, 2.01, [1289, 691]
24, 0, 2.23, [247, 5117]
24, 1, 2.17, [483, 5117]
24, 2, 2.13, [520, 786]
24, 3, 2.04, [476, 905]
24, 4, 2.02, [1347, 587]
24, 5, 2.02, [694, 1419]
24, 6, 2.01, [990, 1419]
24, 7, 2.01, [1419, 1574]
24, 8, 2.01, [831, 905]
24, 9, 2.0, [1580, 483]
25, 0, 2.23, [247, 5117]
25, 1, 2.17, [483, 5117]
25, 2, 2.13, [247, 5117]
25, 3, 2.1, [3639, 5117]
25, 4, 2.08, [1045, 5117]
25, 5, 2.04, [439, 675]
25, 6, 2.03, [1540, 694]
25, 7, 2.03, [1229, 780]
25, 8, 2.02, [785, 247]
25, 9, 2.01, [216, 786]
26, 0, 2.23, [247, 5117]
26, 1, 2.17, [483, 5117]
26, 2, 2.11, [216, 5117]
26, 3, 2.06, [662, 5117]
26, 4, 2.02, [656, 1225]
26, 5, 2.01, [786, 716]
26, 6, 2.01, [1967, 1394]
26, 7, 2.01, [656, 1574]
26, 8, 2.0, [731, 1029]
26, 9, 2.0, [2490, 1569]
27, 0, 2.23, [247, 5117]
27, 1, 2.17, [483, 5117]
27, 2, 2.04, [483, 1543]
27, 3, 2.03, [216, 1048]
27, 4, 2.03, [850, 816]
27, 5, 2.03, [2032, 694]
27, 6, 2.02, [483, 809]
27, 7, 2.02, [98, 751]
27, 8, 2.01, [3639, 450]
27, 9, 2.0, [216, 735]
28, 0, 2.23, [247, 5117]
28, 1, 2.17, [483, 5117]
28, 2, 2.1, [741, 5117]
28, 3, 2.09, [216, 5117]
28, 4, 2.07, [487, 5117]
28, 5, 2.03, [247, 1967]
28, 6, 2.03, [1569, 1514]
28, 7, 2.01, [850, 78]
28, 8, 2.01, [694, 1514]
28, 9, 2.0, [1225, 1555]
29, 0, 2.23, [247, 5117]
29, 1, 2.17, [483, 5117]
29, 2, 2.12, [216, 5117]
29, 3, 2.03, [1219, 710]
29, 4, 2.03, [1048, 850]
29, 5, 2.02, [247, 905]
29, 6, 2.02, [483, 816]
29, 7, 2.01, [483, 1138]
29, 8, 2.0, [1514, 1225]
29, 9, 2.0, [339, 666]
30, 0, 2.23, [247, 5117]
30, 1, 2.17, [483, 5117]
30, 2, 2.13, [731, 5117]
30, 3, 2.11, [320, 5117]
30, 4, 2.08, [786, 1414]
30, 5, 2.03, [439, 1141]
30, 6, 2.02, [216, 873]
30, 7, 2.01, [1509, 694]
30, 8, 2.01, [483, 336]
30, 9, 2.01, [691, 2032]
31, 0, 2.23, [247, 5117]
31, 1, 2.17, [483, 5117]
31, 2, 2.14, [934, 5117]
31, 3, 2.05, [716, 934]
31, 4, 2.02, [247, 751]
31, 5, 2.01, [216, 1378]
31, 6, 2.01, [3639, 1289]
31, 7, 2.01, [1048, 2032]
31, 8, 2.0, [3639, 1430]
31, 9, 2.0, [483, 1543]
32, 0, 2.23, [247, 5117]
32, 1, 2.17, [483, 5117]
32, 2, 2.12, [216, 5117]
32, 3, 2.09, [1580, 5117]
32, 4, 2.03, [1569, 905]
32, 5, 2.02, [1543, 320]
32, 6, 2.01, [247, 1029]
32, 7, 2.01, [1347, 1141]
32, 8, 2.0, [609, 2667]
32, 9, 2.0, [483, 1580]
33, 0, 2.23, [247, 5117]
33, 1, 2.17, [483, 5117]
33, 2, 2.13, [520, 675]
33, 3, 2.04, [439, 1394]
33, 4, 2.03, [1045, 476]
33, 5, 2.02, [1347, 609]
33, 6, 2.02, [483, 1347]
33, 7, 2.01, [483, 1567]
33, 8, 2.01, [1353, 697]
33, 9, 2.01, [1025, 662]
34, 0, 2.23, [247, 5117]
34, 1, 2.17, [520, 2032]
34, 2, 2.17, [483, 5117]
34, 3, 2.15, [216, 5117]
34, 4, 2.12, [711, 5117]
34, 5, 2.1, [2341, 5117]
34, 6, 2.02, [336, 819]
34, 7, 2.01, [711, 1347]
34, 8, 2.01, [78, 216]
34, 9, 2.0, [216, 675]
35, 0, 2.23, [247, 5117]
35, 1, 2.17, [520, 2032]
35, 2, 2.1, [520, 751]
35, 3, 2.05, [520, 905]
35, 4, 2.03, [694, 3639]
35, 5, 2.02, [216, 2032]
35, 6, 2.02, [483, 990]
35, 7, 2.02, [247, 2070]
35, 8, 2.01, [216, 711]
35, 9, 2.01, [429, 1567]
36, 0, 2.23, [247, 5117]
36, 1, 2.17, [520, 2032]
36, 2, 2.15, [520, 2070]
36, 3, 2.13, [520, 3]
36, 4, 2.12, [520, 1574]
36, 5, 2.11, [520, 2070]
36, 6, 2.08, [2490, 5117]
36, 7, 2.04, [656, 476]
36, 8, 2.03, [216, 905]
36, 9, 2.02, [247, 710]
37, 0, 2.23, [247, 5117]
37, 1, 2.17, [520, 2032]
37, 2, 2.16, [662, 5117]
37, 3, 2.14, [520, 970]
37, 4, 2.09, [520, 336]
37, 5, 2.02, [1430, 3]
37, 6, 2.02, [694, 3]
37, 7, 2.01, [1603, 1567]
37, 8, 2.01, [1003, 1543]
37, 9, 2.0, [247, 1353]
38, 0, 2.23, [247, 5117]
38, 1, 2.17, [520, 2032]
38, 2, 2.05, [1229, 5117]
38, 3, 2.03, [1543, 2032]
38, 4, 2.02, [809, 2341]
38, 5, 2.02, [1028, 786]
38, 6, 2.01, [1028, 990]
38, 7, 2.01, [1827, 809]
38, 8, 2.01, [3, 1141]
38, 9, 2.01, [587, 735]
39, 0, 2.23, [247, 5117]
39, 1, 2.17, [2490, 5117]
39, 2, 2.17, [520, 2032]
39, 3, 2.15, [520, 751]
39, 4, 2.14, [2490, 5117]
39, 5, 2.09, [735, 5117]
39, 6, 2.06, [247, 2070]
39, 7, 2.05, [716, 809]
39, 8, 2.01, [216, 2032]
39, 9, 2.01, [216, 2032]
40, 0, 2.23, [247, 5117]
40, 1, 2.17, [2490, 5117]
40, 2, 2.14, [495, 5117]
40, 3, 2.1, [520, 495]
40, 4, 2.09, [1540, 5117]
40, 5, 2.07, [247, 5117]
40, 6, 2.04, [850, 487]
40, 7, 2.01, [247, 2070]
40, 8, 2.01, [2490, 2070]
40, 9, 2.0, [216, 2032]
41, 0, 2.23, [247, 5117]
41, 1, 2.17, [2490, 5117]
41, 2, 2.12, [902, 5117]
41, 3, 2.04, [1414, 1567]
41, 4, 2.01, [970, 1580]
41, 5, 2.01, [635, 1555]
41, 6, 2.01, [216, 666]
41, 7, 2.0, [247, 1567]
41, 8, 2.0, [731, 476]
41, 9, 2.0, [2490, 429]
42, 0, 2.23, [247, 5117]
42, 1, 2.17, [2490, 5117]
42, 2, 2.04, [1048, 476]
42, 3, 2.04, [1430, 902]
42, 4, 2.04, [902, 834]
42, 5, 2.03, [1025, 675]
42, 6, 2.02, [247, 1540]
42, 7, 2.0, [1555, 3147]
42, 8, 2.0, [1048, 1353]
42, 9, 2.0, [2490, 1827]
43, 0, 2.23, [247, 5117]
43, 1, 2.17, [2490, 5117]
43, 2, 2.13, [2436, 520]
43, 3, 2.05, [964, 1378]
43, 4, 2.05, [247, 1543]
43, 5, 2.04, [786, 3]
43, 6, 2.02, [841, 1025]
43, 7, 2.01, [905, 1029]
43, 8, 2.0, [1419, 339]
43, 9, 2.0, [15, 1141]
44, 0, 2.23, [247, 5117]
44, 1, 2.17, [2490, 5117]
44, 2, 2.11, [216, 520]
44, 3, 2.06, [476, 520]
44, 4, 2.05, [247, 3]
44, 5, 2.05, [1157, 1381]
44, 6, 2.05, [487, 1567]
44, 7, 2.02, [1029, 2032]
44, 8, 2.01, [1555, 320]
44, 9, 2.01, [78, 1378]
45, 0, 2.23, [247, 5117]
45, 1, 2.17, [2490, 5117]
45, 2, 2.02, [336, 1138]
45, 3, 2.02, [216, 751]
45, 4, 2.01, [786, 3639]
45, 5, 2.01, [247, 495]
45, 6, 2.01, [1543, 545]
45, 7, 2.01, [675, 2032]
45, 8, 2.01, [247, 1138]
45, 9, 2.01, [1967, 1045]
46, 0, 2.23, [247, 5117]
46, 1, 2.17, [2490, 5117]
46, 2, 2.16, [15, 5117]
46, 3, 2.09, [3, 5117]
46, 4, 2.03, [216, 751]
46, 5, 2.02, [731, 2032]
46, 6, 2.01, [2341, 1555]
46, 7, 2.01, [1414, 841]
46, 8, 2.0, [2490, 3]
46, 9, 2.0, [816, 735]
47, 0, 2.23, [247, 5117]
47, 1, 2.17, [2490, 5117]
47, 2, 2.13, [902, 5117]
47, 3, 2.11, [216, 5117]
47, 4, 2.03, [690, 934]
47, 5, 2.03, [922, 2032]
47, 6, 2.02, [339, 78]
47, 7, 2.02, [1567, 809]
47, 8, 2.01, [216, 751]
47, 9, 2.0, [2490, 1289]
48, 0, 2.23, [247, 5117]
48, 1, 2.17, [2490, 5117]
48, 2, 2.09, [1580, 5117]
48, 3, 2.07, [1580, 5117]
48, 4, 2.03, [247, 3]
48, 5, 2.03, [841, 741]
48, 6, 2.02, [694, 1414]
48, 7, 2.01, [2490, 1029]
48, 8, 2.01, [1378, 78]
48, 9, 2.0, [711, 1419]
49, 0, 2.23, [247, 5117]
49, 1, 2.17, [2490, 5117]
49, 2, 2.15, [1569, 5117]
49, 3, 2.12, [216, 5117]
49, 4, 2.06, [697, 751]
49, 5, 2.02, [247, 1029]
49, 6, 2.02, [429, 1827]
49, 7, 2.0, [873, 662]
49, 8, 2.0, [429, 1540]
49, 9, 2.0, [731, 1353]
50, 0, 2.23, [247, 5117]
50, 1, 2.17, [2490, 5117]
50, 2, 2.15, [1569, 5117]
50, 3, 2.09, [1540, 5117]
50, 4, 2.03, [216, 834]
50, 5, 2.02, [1569, 1414]
50, 6, 2.01, [216, 850]
50, 7, 2.01, [1430, 545]
50, 8, 2.01, [2032, 691]
50, 9, 2.01, [2846, 834]
