n_nodes,influence,n0,n1,n2,n3,n4
5,23.3900,203715,211278,47656,229207,150295
5,23.3900,203715,211278,47656,229207,150295
5,23.3900,203715,211278,47656,229207,150295
5,23.3900,203715,211278,47656,229207,150295
5,23.3900,203715,211278,47656,229207,150295
5,23.3900,203715,211278,47656,229207,150295
5,23.3900,203715,211278,47656,229207,150295
5,23.3900,203715,211278,47656,229207,150295
5,23.3900,203715,211278,47656,229207,150295
5,23.3900,203715,211278,47656,229207,150295
5,23.3600,203715,211278,47656,150295,94051
5,23.3600,203715,211278,47656,150295,94051
5,23.3600,203715,211278,47656,150295,94051
5,23.3600,203715,211278,47656,150295,94051
5,23.3600,203715,211278,47656,150295,94051
5,23.3600,203715,211278,47656,150295,94051
5,23.3600,203715,211278,47656,150295,94051
5,23.3600,203715,211278,47656,150295,94051
5,23.3600,203715,211278,47656,150295,94051
5,23.3600,203715,211278,47656,150295,94051
5,23.3600,203715,211278,47656,150295,94051
5,23.3600,203715,211278,47656,150295,94051
5,23.3600,203715,211278,47656,150295,94051
5,23.3600,203715,211278,47656,150295,94051
5,23.3600,203715,211278,47656,150295,94051
5,23.3600,203715,211278,47656,150295,94051
5,23.3600,203715,211278,47656,150295,94051
5,23.3600,203715,211278,47656,150295,94051
5,23.3600,203715,211278,47656,150295,94051
5,23.3600,203715,211278,47656,150295,94051
5,23.3600,203715,211278,47656,150295,94051
5,23.3600,203715,211278,47656,150295,94051
