generation number, individual number, fitness, candidate
0, 0, 20.46, [1224, 2377, 1401]
0, 1, 16.0, [1767, 1091, 1827]
0, 2, 15.0, [1827, 1068, 2171]
0, 3, 13.0, [1025, 775, 140]
0, 4, 12.54, [1247, 1223, 1068]
0, 5, 12.0, [749, 1125, 421]
0, 6, 11.0, [1058, 1480, 1287]
0, 7, 8.68, [697, 905, 1328]
0, 8, 8.54, [1020, 788, 1332]
0, 9, 3.0, [1347, 1090, 1767]
1, 0, 20.46, [1224, 2377, 1401]
1, 1, 18.0, [1025, 1091, 905]
1, 2, 16.02, [1224, 1223, 831]
1, 3, 16.0, [1767, 1091, 521]
1, 4, 16.0, [1767, 1091, 1827]
1, 5, 15.5, [1224, 775, 1827]
1, 6, 15.43, [1224, 775, 1827]
1, 7, 15.0, [1827, 1332, 2171]
1, 8, 13.0, [1767, 1091, 1059]
1, 9, 12.0, [1247, 775, 1401]
2, 0, 24.53, [1224, 1091, 421]
2, 1, 22.45, [1328, 1091, 1401]
2, 2, 20.46, [1224, 2377, 1401]
2, 3, 19.0, [1224, 1223, 521]
2, 4, 18.0, [1025, 1091, 905]
2, 5, 16.42, [1224, 140, 4227]
2, 6, 14.84, [1230, 421, 1401]
2, 7, 13.55, [1224, 2377, 1020]
2, 8, 13.54, [1025, 1223, 2377]
2, 9, 13.0, [1611, 2377, 1401]
3, 0, 25.0, [1480, 1091, 1401]
3, 1, 24.53, [1224, 1091, 421]
3, 2, 22.45, [1328, 1091, 1401]
3, 3, 21.6, [1224, 1091, 1059]
3, 4, 21.45, [1224, 1091, 1059]
3, 5, 21.06, [1224, 1223, 695]
3, 6, 20.45, [1328, 1091, 695]
3, 7, 17.5, [1224, 521, 421]
3, 8, 17.0, [1287, 1091, 421]
3, 9, 16.0, [1279, 1091, 421]
4, 0, 25.0, [1480, 1091, 1401]
4, 1, 25.0, [1480, 1091, 1401]
4, 2, 24.53, [1224, 1091, 421]
4, 3, 23.03, [1224, 1091, 788]
4, 4, 23.0, [1480, 1091, 695]
4, 5, 23.0, [751, 1091, 1401]
4, 6, 20.0, [1090, 1091, 1401]
4, 7, 19.0, [1480, 1091, 1146]
4, 8, 18.0, [1480, 1091, 1442]
4, 9, 14.0, [975, 1091, 1107]
5, 0, 25.0, [1480, 1091, 1401]
5, 1, 25.0, [1480, 1091, 1401]
5, 2, 21.82, [1480, 1425, 1350]
5, 3, 20.0, [749, 1091, 695]
5, 4, 18.0, [1480, 1091, 2110]
5, 5, 17.04, [1230, 1091, 1025]
5, 6, 15.0, [1480, 1311, 1401]
5, 7, 14.4, [1068, 1223, 521]
5, 8, 13.0, [1347, 1417, 1401]
5, 9, 12.0, [1480, 1058, 320]
6, 0, 48.53, [1201, 1091, 6917]
6, 1, 25.0, [1480, 1091, 1401]
6, 2, 25.0, [1480, 1091, 1401]
6, 3, 20.0, [1767, 1091, 1401]
6, 4, 19.0, [1125, 1091, 1025]
6, 5, 18.0, [749, 1091, 1827]
6, 6, 17.0, [1347, 1425, 1401]
6, 7, 17.0, [1058, 1091, 749]
6, 8, 14.98, [1480, 1311, 1350]
6, 9, 12.0, [1480, 1090, 2332]
7, 0, 65.14, [1480, 1091, 1509]
7, 1, 50.46, [1480, 785, 6917]
7, 2, 48.53, [1201, 1091, 6917]
7, 3, 25.0, [1480, 1091, 1401]
7, 4, 20.08, [1480, 1091, 1230]
7, 5, 17.0, [1480, 1442, 695]
7, 6, 16.0, [1201, 1091, 521]
7, 7, 14.0, [1201, 1430, 1401]
7, 8, 14.0, [1767, 1091, 975]
7, 9, 13.0, [1767, 1091, 314]
8, 0, 72.46, [140, 1068, 1509]
8, 1, 67.29, [1417, 785, 1509]
8, 2, 65.26, [1347, 421, 1509]
8, 3, 65.14, [1480, 1091, 1509]
8, 4, 62.73, [1480, 2377, 1509]
8, 5, 61.22, [1611, 1078, 1509]
8, 6, 50.46, [1480, 785, 6917]
8, 7, 49.34, [1347, 1091, 6917]
8, 8, 15.0, [1417, 1091, 1149]
8, 9, 11.0, [1417, 576, 1149]
9, 0, 72.46, [140, 1068, 1509]
9, 1, 70.18, [1417, 695, 1509]
9, 2, 70.09, [1141, 1068, 1509]
9, 3, 69.5, [1417, 1068, 1509]
9, 4, 69.14, [576, 1091, 1509]
9, 5, 68.94, [1141, 421, 1509]
9, 6, 68.51, [140, 1131, 1509]
9, 7, 67.89, [140, 1131, 1509]
9, 8, 67.29, [1417, 785, 1509]
9, 9, 16.86, [1417, 1068, 1350]
10, 0, 72.46, [140, 1068, 1509]
10, 1, 71.26, [576, 1141, 1509]
10, 2, 70.18, [1417, 695, 1509]
10, 3, 69.85, [1141, 1068, 1509]
10, 4, 69.53, [140, 1442, 1509]
10, 5, 69.14, [576, 1442, 1509]
10, 6, 66.85, [1417, 1058, 1509]
10, 7, 64.67, [1417, 1224, 1509]
10, 8, 48.58, [6917, 1020, 1125]
10, 9, 12.0, [1068, 1480, 1437]
11, 0, 72.46, [140, 1068, 1509]
11, 1, 71.26, [576, 1141, 1509]
11, 2, 70.83, [1141, 1068, 1509]
11, 3, 69.32, [576, 695, 1509]
11, 4, 67.33, [140, 1107, 1509]
11, 5, 67.03, [140, 4227, 1509]
11, 6, 65.51, [1417, 831, 1509]
11, 7, 65.21, [1935, 1141, 1509]
11, 8, 64.76, [1091, 1230, 1509]
11, 9, 17.0, [140, 2377, 1401]
12, 0, 72.46, [140, 1068, 1509]
12, 1, 71.26, [576, 1141, 1509]
12, 2, 61.72, [2377, 1437, 1509]
12, 3, 19.93, [1223, 1068, 1224]
12, 4, 18.0, [1417, 571, 1091]
12, 5, 17.0, [1141, 1068, 1425]
12, 6, 15.0, [140, 1827, 1125]
12, 7, 13.57, [140, 1068, 788]
12, 8, 13.0, [775, 1068, 576]
12, 9, 12.0, [1351, 1068, 1090]
13, 0, 72.46, [140, 1068, 1509]
13, 1, 71.26, [576, 1141, 1509]
13, 2, 70.71, [140, 1402, 1509]
13, 3, 67.29, [645, 1068, 1509]
13, 4, 65.28, [775, 1141, 1509]
13, 5, 19.0, [140, 1068, 1425]
13, 6, 13.0, [576, 1068, 1146]
13, 7, 12.0, [2094, 1068, 2320]
13, 8, 12.0, [1480, 1068, 1580]
13, 9, 11.0, [140, 1141, 1518]
14, 0, 72.46, [140, 1068, 1509]
14, 1, 71.26, [576, 1141, 1509]
14, 2, 71.0, [576, 1141, 1509]
14, 3, 70.14, [576, 788, 1509]
14, 4, 64.93, [645, 1058, 1509]
14, 5, 15.0, [140, 1141, 2332]
14, 6, 13.0, [576, 1068, 1146]
14, 7, 12.54, [140, 1328, 785]
14, 8, 12.0, [576, 1068, 2989]
14, 9, 9.0, [140, 1090, 1146]
15, 0, 72.46, [140, 1068, 1509]
15, 1, 71.26, [576, 1141, 1509]
15, 2, 71.24, [576, 1141, 1509]
15, 3, 71.07, [140, 1402, 1509]
15, 4, 71.02, [576, 1141, 1509]
15, 5, 67.22, [576, 1652, 1509]
15, 6, 63.31, [1090, 1480, 1509]
15, 7, 62.37, [1146, 585, 1509]
15, 8, 19.0, [576, 1068, 1425]
15, 9, 15.8, [576, 1068, 1990]
16, 0, 72.46, [140, 1068, 1509]
16, 1, 71.26, [576, 1141, 1509]
16, 2, 70.8, [140, 1402, 1509]
16, 3, 69.93, [140, 788, 1509]
16, 4, 69.42, [571, 1068, 1509]
16, 5, 69.16, [140, 975, 1509]
16, 6, 67.81, [140, 1212, 1509]
16, 7, 15.5, [2320, 1141, 1223]
16, 8, 15.0, [751, 576, 1125]
16, 9, 12.0, [140, 1430, 576]
17, 0, 72.46, [140, 1068, 1509]
17, 1, 71.26, [576, 1141, 1509]
17, 2, 70.35, [576, 1058, 1509]
17, 3, 66.35, [1430, 788, 1509]
17, 4, 66.25, [717, 1068, 1509]
17, 5, 65.09, [1425, 788, 1509]
17, 6, 19.0, [140, 1068, 1425]
17, 7, 11.0, [140, 1141, 2989]
17, 8, 10.45, [1767, 1141, 1223]
17, 9, 9.0, [2094, 1442, 571]
18, 0, 72.46, [140, 1068, 1509]
18, 1, 71.98, [576, 1068, 1509]
18, 2, 71.26, [576, 1141, 1509]
18, 3, 69.02, [1025, 1141, 1509]
18, 4, 68.8, [140, 697, 1509]
18, 5, 67.9, [1430, 1402, 1509]
18, 6, 66.42, [571, 788, 1509]
18, 7, 18.16, [576, 1141, 1350]
18, 8, 13.0, [140, 717, 1332]
18, 9, 12.0, [1480, 1058, 571]
19, 0, 72.46, [140, 1068, 1509]
19, 1, 71.98, [576, 1068, 1509]
19, 2, 70.65, [140, 1402, 1509]
19, 3, 70.41, [576, 1058, 1509]
19, 4, 66.76, [2377, 1125, 1509]
19, 5, 63.83, [3662, 1417, 1509]
19, 6, 17.96, [576, 1141, 1350]
19, 7, 11.47, [1442, 1068, 697]
19, 8, 11.0, [576, 1068, 1247]
19, 9, 11.0, [576, 1058, 695]
20, 0, 72.46, [140, 1068, 1509]
20, 1, 71.98, [576, 1068, 1509]
20, 2, 69.12, [140, 717, 1509]
20, 3, 68.53, [576, 1368, 1509]
20, 4, 68.0, [905, 785, 1509]
20, 5, 67.84, [576, 1990, 1509]
20, 6, 60.86, [1287, 1437, 1509]
20, 7, 15.0, [1025, 1157, 1401]
20, 8, 11.0, [1279, 1935, 1401]
20, 9, 10.9, [1990, 1611, 1417]
21, 0, 72.46, [140, 1068, 1509]
21, 1, 71.98, [576, 1068, 1509]
21, 2, 70.49, [140, 1058, 1509]
21, 3, 68.1, [140, 1378, 1509]
21, 4, 67.87, [2171, 1247, 1509]
21, 5, 44.25, [1652, 6917, 1403]
21, 6, 16.0, [576, 717, 1401]
21, 7, 14.0, [140, 1068, 2377]
21, 8, 12.0, [749, 1068, 326]
21, 9, 10.0, [140, 1058, 1149]
22, 0, 72.46, [140, 1068, 1509]
22, 1, 71.98, [576, 1068, 1509]
22, 2, 66.97, [1442, 421, 1509]
22, 3, 66.91, [140, 1611, 1509]
22, 4, 65.5, [645, 1058, 1509]
22, 5, 62.25, [1146, 1620, 1509]
22, 6, 18.0, [140, 1091, 1225]
22, 7, 15.52, [1025, 1068, 1224]
22, 8, 10.0, [140, 1058, 3124]
22, 9, 9.0, [1442, 1437, 2377]
23, 0, 72.46, [140, 1068, 1509]
23, 1, 71.98, [576, 1068, 1509]
23, 2, 70.7, [1223, 1068, 1509]
23, 3, 70.2, [576, 421, 1509]
23, 4, 69.1, [576, 717, 1509]
23, 5, 68.13, [576, 831, 1509]
23, 6, 67.96, [140, 695, 1509]
23, 7, 66.07, [1149, 1068, 1509]
23, 8, 63.92, [1401, 1403, 1509]
23, 9, 16.0, [645, 1068, 1091]
24, 0, 72.46, [140, 1068, 1509]
24, 1, 71.98, [576, 1068, 1509]
24, 2, 70.1, [1068, 1141, 1509]
24, 3, 68.17, [576, 1279, 1509]
24, 4, 23.06, [1091, 1068, 1350]
24, 5, 19.0, [140, 1068, 1401]
24, 6, 16.0, [905, 695, 1401]
24, 7, 11.0, [576, 1935, 1058]
24, 8, 10.53, [1402, 2110, 2320]
24, 9, 10.0, [576, 421, 2989]
25, 0, 72.46, [140, 1068, 1509]
25, 1, 71.98, [576, 1068, 1509]
25, 2, 70.33, [576, 1058, 1509]
25, 3, 68.05, [576, 1279, 1509]
25, 4, 66.7, [1064, 1141, 1509]
25, 5, 66.38, [1025, 1068, 1509]
25, 6, 17.0, [1068, 1141, 1401]
25, 7, 14.0, [576, 1068, 2377]
25, 8, 10.0, [2377, 1068, 1652]
25, 9, 8.0, [1149, 1068, 1157]
26, 0, 72.46, [140, 1068, 1509]
26, 1, 71.98, [576, 1068, 1509]
26, 2, 70.7, [1223, 1068, 1509]
26, 3, 69.95, [576, 1058, 1509]
26, 4, 67.64, [576, 1064, 1509]
26, 5, 67.3, [140, 1287, 1509]
26, 6, 15.0, [571, 140, 1401]
26, 7, 8.0, [576, 1279, 1695]
26, 8, 8.0, [1068, 1058, 1620]
26, 9, 7.0, [645, 1125, 4227]
27, 0, 72.46, [140, 1068, 1509]
27, 1, 72.15, [576, 1068, 1509]
27, 2, 71.98, [576, 1068, 1509]
27, 3, 71.76, [576, 1025, 1509]
27, 4, 70.04, [576, 1058, 1509]
27, 5, 68.05, [140, 831, 1509]
27, 6, 63.78, [1279, 697, 1509]
27, 7, 15.54, [788, 1068, 1425]
27, 8, 12.0, [576, 1068, 1695]
27, 9, 11.0, [140, 1058, 1146]
28, 0, 72.46, [140, 1068, 1509]
28, 1, 72.15, [576, 1068, 1509]
28, 2, 65.11, [1425, 1058, 1509]
28, 3, 64.28, [314, 975, 1509]
28, 4, 20.51, [140, 1068, 1224]
28, 5, 14.0, [576, 785, 1430]
28, 6, 13.0, [576, 1068, 1611]
28, 7, 13.0, [576, 1146, 1332]
28, 8, 8.0, [975, 1068, 1225]
28, 9, 7.0, [571, 1058, 2110]
29, 0, 72.46, [140, 1068, 1509]
29, 1, 72.15, [576, 1068, 1509]
29, 2, 69.17, [571, 1068, 1509]
29, 3, 67.67, [576, 1403, 1509]
29, 4, 66.84, [1990, 1068, 1509]
29, 5, 65.01, [1827, 1090, 1509]
29, 6, 48.45, [314, 1068, 6917]
29, 7, 18.88, [140, 1068, 1350]
29, 8, 16.0, [1351, 1146, 1425]
29, 9, 12.51, [576, 1328, 1058]
30, 0, 72.46, [140, 1068, 1509]
30, 1, 72.15, [576, 1068, 1509]
30, 2, 69.11, [695, 1224, 1509]
30, 3, 68.52, [975, 1068, 1509]
30, 4, 66.34, [1611, 1125, 1509]
30, 5, 61.06, [1090, 1020, 1509]
30, 6, 17.0, [576, 1401, 421]
30, 7, 13.0, [1125, 585, 1480]
30, 8, 12.0, [140, 831, 1442]
30, 9, 9.0, [140, 1149, 1146]
31, 0, 72.46, [140, 1068, 1509]
31, 1, 72.18, [576, 1068, 1509]
31, 2, 72.15, [576, 1068, 1509]
31, 3, 72.06, [140, 1068, 1509]
31, 4, 69.14, [140, 751, 1509]
31, 5, 67.61, [576, 1226, 1509]
31, 6, 65.22, [645, 571, 1509]
31, 7, 17.0, [576, 1068, 1351]
31, 8, 13.0, [140, 1068, 1652]
31, 9, 9.0, [1078, 1058, 421]
32, 0, 72.46, [140, 1068, 1509]
32, 1, 72.18, [576, 1068, 1509]
32, 2, 67.44, [140, 1146, 1509]
32, 3, 66.04, [1442, 1328, 1509]
32, 4, 63.22, [1059, 1091, 1509]
32, 5, 16.87, [576, 697, 1224]
32, 6, 13.0, [140, 326, 2377]
32, 7, 12.0, [140, 905, 521]
32, 8, 11.0, [1279, 1068, 2332]
32, 9, 10.52, [576, 1328, 2110]
33, 0, 72.46, [140, 1068, 1509]
33, 1, 72.18, [576, 1068, 1509]
33, 2, 69.69, [1328, 1068, 1509]
33, 3, 66.39, [2171, 1906, 1509]
33, 4, 66.29, [1149, 1068, 1509]
33, 5, 19.06, [140, 1068, 1350]
33, 6, 19.02, [140, 1328, 1224]
33, 7, 18.49, [1091, 1417, 1407]
33, 8, 13.0, [1401, 1620, 1078]
33, 9, 12.0, [576, 1068, 2110]
34, 0, 72.46, [140, 1068, 1509]
34, 1, 72.18, [576, 1068, 1509]
34, 2, 71.25, [1125, 1068, 1509]
34, 3, 67.97, [140, 1247, 1509]
34, 4, 67.56, [140, 1611, 1509]
34, 5, 63.18, [2332, 831, 1509]
34, 6, 60.92, [2110, 775, 1509]
34, 7, 17.04, [576, 749, 1350]
34, 8, 15.0, [1091, 521, 1149]
34, 9, 14.0, [140, 1058, 1442]
35, 0, 72.46, [140, 1068, 1509]
35, 1, 72.18, [576, 1068, 1509]
35, 2, 67.96, [697, 1068, 1509]
35, 3, 67.96, [576, 831, 1509]
35, 4, 20.56, [576, 1068, 1224]
35, 5, 16.0, [905, 1091, 1226]
35, 6, 14.0, [1090, 1430, 1091]
35, 7, 13.92, [1025, 1068, 1350]
35, 8, 13.0, [1125, 521, 1141]
35, 9, 12.0, [140, 1068, 1247]
36, 0, 72.46, [140, 1068, 1509]
36, 1, 72.18, [576, 1068, 1509]
36, 2, 69.77, [571, 1068, 1509]
36, 3, 67.28, [576, 1351, 1509]
36, 4, 12.49, [576, 1146, 1407]
36, 5, 12.0, [140, 1068, 1695]
36, 6, 11.88, [2377, 1350, 2110]
36, 7, 10.0, [140, 645, 1417]
36, 8, 9.0, [571, 1025, 2110]
36, 9, 9.0, [140, 1020, 975]
37, 0, 72.46, [140, 1068, 1509]
37, 1, 72.18, [576, 1068, 1509]
37, 2, 68.2, [140, 1247, 1509]
37, 3, 67.3, [576, 1580, 1509]
37, 4, 67.26, [576, 1935, 1509]
37, 5, 62.16, [314, 1146, 1509]
37, 6, 13.0, [140, 1068, 421]
37, 7, 11.52, [571, 1068, 1328]
37, 8, 11.48, [140, 831, 1407]
37, 9, 9.0, [140, 585, 1279]
38, 0, 72.46, [140, 1068, 1509]
38, 1, 72.18, [576, 1068, 1509]
38, 2, 71.46, [576, 1141, 1509]
38, 3, 67.54, [576, 1580, 1509]
38, 4, 67.4, [140, 1146, 1509]
38, 5, 65.54, [788, 1157, 1509]
38, 6, 64.16, [571, 1247, 1509]
38, 7, 19.98, [140, 1350, 2171]
38, 8, 15.42, [314, 1068, 1224]
38, 9, 12.0, [576, 1068, 1279]
39, 0, 72.46, [140, 1068, 1509]
39, 1, 72.18, [576, 1068, 1509]
39, 2, 70.35, [576, 1058, 1509]
39, 3, 67.83, [975, 1068, 1509]
39, 4, 67.35, [645, 1068, 1509]
39, 5, 64.25, [1224, 831, 1509]
39, 6, 22.49, [1224, 1068, 1425]
39, 7, 17.9, [140, 1141, 1350]
39, 8, 9.0, [1430, 785, 1090]
39, 9, 8.63, [1497, 1407, 749]
40, 0, 72.46, [140, 1068, 1509]
40, 1, 72.18, [576, 1068, 1509]
40, 2, 69.47, [571, 1068, 1509]
40, 3, 68.96, [571, 1068, 1509]
40, 4, 61.48, [1652, 1212, 1509]
40, 5, 20.46, [576, 1068, 1224]
40, 6, 17.0, [576, 1068, 1351]
40, 7, 14.4, [576, 1068, 1328]
40, 8, 11.0, [645, 1068, 1332]
40, 9, 9.49, [571, 785, 1328]
41, 0, 72.46, [140, 1068, 1509]
41, 1, 72.18, [576, 1068, 1509]
41, 2, 69.22, [1332, 1068, 1509]
41, 3, 63.24, [314, 1475, 1509]
41, 4, 21.0, [140, 1068, 1091]
41, 5, 13.0, [140, 1068, 1430]
41, 6, 13.0, [140, 695, 1351]
41, 7, 12.53, [1425, 1058, 697]
41, 8, 12.53, [521, 2332, 1328]
41, 9, 12.0, [140, 1068, 1131]
42, 0, 72.46, [140, 1068, 1509]
42, 1, 72.18, [576, 1068, 1509]
42, 2, 70.55, [1328, 695, 1509]
42, 3, 69.91, [576, 1058, 1509]
42, 4, 68.27, [576, 1620, 1509]
42, 5, 14.0, [576, 1417, 905]
42, 6, 13.52, [576, 1058, 1407]
42, 7, 13.0, [576, 1068, 695]
42, 8, 12.0, [140, 1068, 1247]
42, 9, 12.0, [576, 1068, 1131]
43, 0, 72.46, [140, 1068, 1509]
43, 1, 72.18, [576, 1068, 1509]
43, 2, 70.68, [1407, 1068, 1509]
43, 3, 70.47, [1827, 695, 1509]
43, 4, 69.21, [1442, 695, 1509]
43, 5, 69.19, [576, 1091, 1509]
43, 6, 67.31, [1078, 695, 1509]
43, 7, 66.54, [1328, 1230, 1509]
43, 8, 65.99, [1328, 831, 1509]
43, 9, 15.0, [2320, 1068, 751]
44, 0, 72.46, [140, 1068, 1509]
44, 1, 72.24, [576, 1068, 1509]
44, 2, 72.18, [576, 1068, 1509]
44, 3, 68.21, [1247, 1125, 1509]
44, 4, 66.65, [905, 645, 1509]
44, 5, 15.0, [1417, 1058, 1350]
44, 6, 13.53, [140, 1328, 1442]
44, 7, 12.47, [1407, 1068, 2377]
44, 8, 10.53, [788, 1068, 749]
44, 9, 9.0, [1442, 1906, 785]
45, 0, 72.46, [576, 1068, 1509]
45, 1, 72.46, [140, 1068, 1509]
45, 2, 72.24, [576, 1068, 1509]
45, 3, 68.3, [140, 831, 1509]
45, 4, 67.26, [314, 1068, 1509]
45, 5, 64.39, [787, 1224, 1509]
45, 6, 13.0, [140, 1068, 1935]
45, 7, 12.0, [576, 1068, 1767]
45, 8, 12.0, [2332, 1068, 1935]
45, 9, 7.0, [2110, 1068, 1090]
46, 0, 72.46, [576, 1068, 1509]
46, 1, 72.46, [140, 1068, 1509]
46, 2, 67.41, [1230, 1407, 1509]
46, 3, 66.93, [2377, 1068, 1509]
46, 4, 65.0, [2377, 1025, 1509]
46, 5, 64.08, [785, 1146, 1509]
46, 6, 63.4, [1424, 320, 1509]
46, 7, 62.22, [1437, 831, 1509]
46, 8, 12.0, [576, 1068, 1695]
46, 9, 12.0, [576, 1068, 1226]
47, 0, 72.46, [576, 1068, 1509]
47, 1, 72.46, [140, 1068, 1509]
47, 2, 69.34, [140, 749, 1509]
47, 3, 68.23, [576, 831, 1509]
47, 4, 67.51, [6917, 1068, 1509]
47, 5, 63.11, [1131, 320, 1509]
47, 6, 20.04, [1230, 1091, 1351]
47, 7, 9.0, [1350, 1226, 1403]
47, 8, 9.0, [576, 1475, 1437]
47, 9, 8.0, [576, 831, 2110]
48, 0, 72.46, [576, 1068, 1509]
48, 1, 72.46, [140, 1068, 1509]
48, 2, 70.37, [576, 1058, 1509]
48, 3, 68.33, [576, 831, 1509]
48, 4, 61.41, [1146, 2094, 1509]
48, 5, 43.55, [314, 6917, 4227]
48, 6, 19.0, [576, 1068, 1401]
48, 7, 18.0, [1652, 1125, 1091]
48, 8, 13.59, [1827, 1068, 1407]
48, 9, 10.0, [1247, 1068, 320]
49, 0, 72.46, [576, 1068, 1509]
49, 1, 72.46, [140, 1068, 1509]
49, 2, 70.01, [576, 1058, 1509]
49, 3, 67.15, [1350, 695, 1509]
49, 4, 16.51, [576, 831, 1224]
49, 5, 16.0, [140, 1068, 2332]
49, 6, 14.3, [576, 1990, 1402]
49, 7, 13.0, [576, 1068, 1475]
49, 8, 12.0, [140, 1131, 1332]
49, 9, 11.0, [1125, 831, 1332]
50, 0, 72.46, [576, 1068, 1509]
50, 1, 72.46, [140, 1068, 1509]
50, 2, 66.31, [1040, 1068, 1509]
50, 3, 49.57, [421, 1058, 6917]
50, 4, 46.54, [4227, 6917, 905]
50, 5, 14.0, [140, 1068, 2377]
50, 6, 12.5, [576, 695, 1990]
50, 7, 12.0, [576, 1058, 320]
50, 8, 10.0, [751, 1068, 2094]
50, 9, 8.54, [1407, 1058, 1020]
