n_nodes,influence,n0,n1,n2,n3,n4,n5,n6,n7,n8,n9,n10,n11,n12,n13,n14,n15,n16,n17,n18,n19
20,65.1100,6656,1795,3203,143,663,6295,1946,7451,8111,3642,2362,4543,964,784,7121,5844,2135,7276,3958,3454
20,64.8900,6656,1795,3203,143,784,663,6295,1946,7451,8111,2362,3642,4543,964,7121,5844,2135,3125,3958,3454
20,63.8400,6656,1795,3203,143,784,663,6295,7451,5801,3642,4543,964,5959,2890,7121,5844,2135,7276,3958,3454
20,63.7600,6656,1795,3203,143,663,6295,1946,7451,8111,3642,2362,4543,964,784,7121,5844,2135,7276,3958,3454
20,63.6600,6656,1795,3203,143,784,2453,663,6295,1946,7451,352,2362,3642,964,7121,5844,2135,7276,3958,3454
20,63.6500,6656,1795,3203,143,663,6295,1946,7451,8111,3642,2362,4543,964,784,7121,5844,2135,7276,3958,3454
20,63.1700,6656,1795,3203,143,663,6295,1946,7451,8111,3642,2362,4543,964,784,7121,5844,2135,7276,3958,3454
20,63.1700,6656,1795,3203,143,663,6295,1946,7451,8111,3642,2362,4543,964,784,7121,5844,2135,7276,3958,3454
20,63.0800,6656,1795,3203,143,784,663,6295,1946,7451,8111,2362,3642,2453,964,7121,5844,2135,7276,3958,3454
20,63.0800,6656,1795,3203,143,784,663,6295,1946,7451,8111,2362,3642,2453,964,7121,5844,2135,7276,3958,3454
20,63.0800,6656,1795,3203,143,784,663,6295,1946,7451,8111,2362,3642,2453,964,7121,5844,2135,7276,3958,3454
20,62.9700,6656,1795,3203,143,784,663,6295,1946,7451,8111,2362,3642,4543,2890,7121,5844,2135,7276,3958,3454
20,62.8200,6656,1795,3203,143,663,6295,1946,7451,8111,3642,2362,4543,964,784,7121,5844,2135,7276,3958,3454
20,62.6900,6656,1795,3203,143,663,6295,1946,7451,8111,3642,2362,4543,964,784,7121,5844,2135,7276,3958,3454
20,62.5600,6656,1795,3203,143,663,6295,1946,7451,8111,3642,2362,4543,964,784,7121,5844,2135,7276,3958,3454
20,62.5600,6656,1795,3203,143,663,6295,1946,7451,8111,3642,2362,4543,964,784,7121,5844,2135,7276,3958,3454
20,62.5600,6656,1795,3203,143,663,6295,1946,7451,8111,3642,2362,4543,964,784,7121,5844,2135,7276,3958,3454
20,62.5600,6656,1795,3203,143,663,6295,1946,7451,8111,3642,2362,4543,964,784,7121,5844,2135,7276,3958,3454
20,62.5600,6656,1795,3203,143,663,6295,1946,7451,8111,3642,2362,4543,964,784,7121,5844,2135,7276,3958,3454
20,62.5600,6656,1795,3203,143,663,6295,1946,7451,8111,3642,2362,4543,964,784,7121,5844,2135,7276,3958,3454
20,62.5600,6656,1795,3203,143,663,6295,1946,7451,8111,3642,2362,4543,964,784,7121,5844,2135,7276,3958,3454
20,61.5800,6656,1795,3203,143,784,663,6295,1946,7451,8111,2362,3642,4083,964,7121,5844,2135,7276,3958,3454
20,59.5700,6656,3203,4879,143,663,6295,4760,7451,5801,3642,4543,964,5959,2890,7121,5844,2135,7276,3958,3454
20,59.5700,6656,3203,4879,143,663,6295,4760,7451,5801,3642,4543,964,5959,2890,7121,5844,2135,7276,3958,3454
20,59.5700,6656,3203,4879,143,663,6295,4760,7451,5801,3642,4543,964,5959,2890,7121,5844,2135,7276,3958,3454
20,59.5700,6656,3203,4879,143,663,6295,4760,7451,5801,3642,4543,964,5959,2890,7121,5844,2135,7276,3958,3454
20,59.5700,6656,3203,4879,143,663,6295,4760,7451,5801,3642,4543,964,5959,2890,7121,5844,2135,7276,3958,3454
20,59.5700,6656,3203,4879,143,663,6295,4760,7451,5801,3642,4543,964,5959,2890,7121,5844,2135,7276,3958,3454
20,59.5700,6656,3203,4879,143,663,6295,4760,7451,5801,3642,4543,964,5959,2890,7121,5844,2135,7276,3958,3454
20,59.5700,6656,3203,4879,143,663,6295,4760,7451,5801,3642,4543,964,5959,2890,7121,5844,2135,7276,3958,3454
20,59.5700,6656,3203,4879,143,663,6295,4760,7451,5801,3642,4543,964,5959,2890,7121,5844,2135,7276,3958,3454
20,59.5700,6656,3203,4879,143,663,6295,4760,7451,5801,3642,4543,964,5959,2890,7121,5844,2135,7276,3958,3454
