generation number, individual number, fitness, candidate
0, 0, 16.8, [33297, 70638, 100141]
0, 1, 16.44, [65901, 11388, 56240]
0, 2, 15.74, [70638, 11388, 285]
0, 3, 14.71, [33297, 148118, 285]
0, 4, 13.98, [148118, 80656, 88]
0, 5, 13.85, [221360, 65901, 285]
0, 6, 13.03, [33296, 221360, 80450]
0, 7, 13.01, [98062, 73703, 65901]
0, 8, 12.52, [98063, 56240, 31634]
0, 9, 10.66, [66169, 62858, 100141]
1, 0, 16.8, [33297, 70638, 100141]
1, 1, 16.53, [65901, 11388, 100141]
1, 2, 16.44, [65901, 11388, 56240]
1, 3, 15.64, [33297, 70638, 86]
1, 4, 14.85, [148118, 11388, 62858]
1, 5, 14.46, [77358, 11388, 100141]
1, 6, 14.36, [33297, 70638, 90]
1, 7, 14.15, [65901, 62858, 100141]
1, 8, 13.79, [65901, 80661, 88]
1, 9, 12.93, [70638, 11925, 100141]
2, 0, 16.8, [33297, 70638, 100141]
2, 1, 16.53, [65901, 11388, 100141]
2, 2, 16.02, [33298, 70638, 56240]
2, 3, 15.41, [89, 11388, 113173]
2, 4, 15.34, [65901, 11388, 33298]
2, 5, 15.16, [33297, 70638, 66169]
2, 6, 15.15, [33298, 70638, 89]
2, 7, 14.94, [65901, 11388, 66169]
2, 8, 12.91, [65901, 33298, 285]
2, 9, 12.59, [80450, 100807, 100141]
3, 0, 16.81, [33297, 70638, 100141]
3, 1, 16.8, [33297, 70638, 100141]
3, 2, 16.53, [65901, 11388, 100141]
3, 3, 15.56, [91276, 11388, 56240]
3, 4, 14.71, [33296, 70638, 73703]
3, 5, 14.6, [127089, 70638, 100141]
3, 6, 14.54, [91276, 11388, 100141]
3, 7, 13.32, [65901, 56240, 31634]
3, 8, 13.17, [89, 11926, 100141]
3, 9, 12.73, [33298, 70638, 113171]
4, 0, 16.82, [33297, 70638, 100141]
4, 1, 16.81, [33297, 70638, 100141]
4, 2, 16.8, [33297, 70638, 100141]
4, 3, 16.78, [33297, 70638, 100141]
4, 4, 16.3, [98063, 11388, 80656]
4, 5, 14.31, [65901, 11387, 73703]
4, 6, 13.26, [33299, 80656, 100141]
4, 7, 12.82, [33298, 77358, 100141]
4, 8, 12.76, [66167, 65897, 100141]
4, 9, 11.39, [66169, 12067, 127089]
5, 0, 17.15, [33297, 127089, 11387]
5, 1, 16.82, [33297, 70638, 100141]
5, 2, 16.81, [33297, 70638, 100141]
5, 3, 15.96, [89, 70638, 100141]
5, 4, 15.57, [11387, 73703, 100141]
5, 5, 15.12, [56240, 70638, 118602]
5, 6, 14.56, [33297, 70638, 80449]
5, 7, 14.42, [100141, 56240, 148118]
5, 8, 14.17, [33298, 70638, 221360]
5, 9, 12.86, [279, 33298, 33296]
6, 0, 17.28, [65899, 127089, 11387]
6, 1, 17.15, [33297, 127089, 11387]
6, 2, 16.82, [33297, 70638, 100141]
6, 3, 16.51, [33297, 91277, 11387]
6, 4, 16.44, [65899, 66169, 100141]
6, 5, 15.4, [33297, 65901, 11387]
6, 6, 14.94, [80656, 65897, 11387]
6, 7, 14.35, [33297, 127089, 113173]
6, 8, 14.16, [33297, 127089, 113171]
6, 9, 12.42, [221360, 33296, 90]
7, 0, 17.28, [65899, 127089, 11387]
7, 1, 17.15, [33297, 127089, 11387]
7, 2, 14.95, [33297, 77358, 11387]
7, 3, 14.93, [33297, 100807, 11387]
7, 4, 14.46, [73703, 127089, 11387]
7, 5, 13.86, [56239, 127089, 100141]
7, 6, 13.8, [65901, 100140, 11387]
7, 7, 13.6, [285, 80661, 11387]
7, 8, 13.49, [65897, 91277, 127089]
7, 9, 12.83, [77358, 127089, 11387]
8, 0, 17.73, [65899, 127089, 11387]
8, 1, 17.55, [65899, 89, 70638]
8, 2, 17.28, [65899, 127089, 11387]
8, 3, 17.15, [33297, 127089, 11387]
8, 4, 17.11, [80661, 65899, 11387]
8, 5, 16.55, [80656, 127089, 11388]
8, 6, 14.23, [98063, 127089, 11387]
8, 7, 14.18, [33297, 127089, 31634]
8, 8, 13.81, [65899, 148118, 6376]
8, 9, 13.37, [56239, 221360, 11387]
9, 0, 18.09, [65899, 11387, 70638]
9, 1, 17.95, [65899, 89, 100141]
9, 2, 17.73, [65899, 127089, 11387]
9, 3, 17.55, [65899, 89, 70638]
9, 4, 17.39, [65899, 65901, 11387]
9, 5, 16.2, [100140, 65899, 70638]
9, 6, 16.07, [65899, 280, 11387]
9, 7, 15.79, [65899, 280, 11387]
9, 8, 15.76, [33297, 127089, 70638]
9, 9, 15.22, [65899, 56240, 156909]
10, 0, 18.63, [65899, 127089, 11388]
10, 1, 18.09, [65899, 11387, 70638]
10, 2, 17.95, [65899, 89, 100141]
10, 3, 17.77, [33296, 11388, 70638]
10, 4, 16.75, [65899, 46, 100141]
10, 5, 14.89, [221360, 46, 65899]
10, 6, 14.72, [62858, 33297, 91277]
10, 7, 14.27, [70640, 11387, 100141]
10, 8, 14.12, [65899, 33298, 70638]
10, 9, 13.77, [90, 89, 70638]
