n_nodes,influence,n0,n1,n2,n3,n4
5,1673.2500,290,457,1133,3369,1214
5,1673.2500,290,457,1133,3369,1214
5,1673.2500,290,457,1133,3369,1214
5,1673.2500,290,457,1133,3369,1214
5,1673.2500,290,457,1133,3369,1214
5,1672.7800,609,1133,457,1214,4162
5,1672.7800,609,1133,457,1214,4162
5,1672.7800,609,1133,457,1214,4162
5,1672.4300,865,457,4243,911,1214
5,1672.4300,865,457,4243,911,1214
5,1672.4300,865,457,4243,911,1214
5,1672.4300,865,457,4243,911,1214
5,1672.4300,865,457,4243,911,1214
5,1672.4300,865,457,4243,911,1214
5,1672.4300,865,457,4243,911,1214
5,1672.4300,865,457,4243,911,1214
5,1672.4300,865,457,4243,911,1214
5,1672.4300,865,457,4243,911,1214
5,1672.3200,1867,457,1133,1135,1214
5,1671.5900,609,1133,457,1469,1214
5,1671.5900,609,1133,457,1469,1214
5,1671.5900,609,1133,457,1469,1214
5,1671.5900,609,1133,457,1469,1214
5,1671.5900,609,1133,457,1469,1214
5,1671.5900,609,1133,457,1469,1214
5,1671.5900,609,1133,457,1469,1214
5,1671.5900,609,1133,457,1469,1214
5,1671.5900,609,1133,457,1469,1214
5,1671.5600,865,4260,457,1133,1214
5,1671.4200,290,1135,457,1469,724
5,1670.9300,808,457,1133,1469,1214
5,1670.9300,808,457,1133,1469,1214
5,1670.6300,290,1135,457,1133,1214
5,1670.6300,290,1135,457,1133,1214
5,1670.6300,290,1135,457,1133,1214
5,1670.6300,290,1135,457,1133,1214
5,1670.6300,290,1135,457,1133,1214
5,1670.4500,609,457,1133,1499,1214
5,1670.4500,609,457,1133,1499,1214
5,1670.4500,609,457,1133,1499,1214
5,1670.4500,609,457,1133,1499,1214
5,1670.4500,609,457,1133,1499,1214
5,1670.4500,609,457,1133,1499,1214
5,1670.4500,609,457,1133,1499,1214
5,1670.4500,609,457,1133,1499,1214
5,1670.0700,865,457,4243,1214,724
5,1670.0700,865,457,4243,1214,724
5,1670.0700,865,457,4243,1214,724
5,1669.8200,609,1133,457,1469,724
5,1669.8200,609,1133,457,1469,724
5,1669.8200,609,1133,457,1469,724
5,1669.8200,609,1133,457,1469,724
5,1669.8200,609,1133,457,1469,724
5,1669.8200,609,1133,457,1469,724
5,1669.7300,187,3394,457,1133,1214
5,1669.6900,4243,865,457,1214,724
5,1669.6900,4243,865,457,1214,724
5,1669.5800,865,4260,457,1469,724
5,1669.5800,865,4260,457,1469,724
5,1669.5800,865,4260,457,1469,724
5,1669.5800,865,4260,457,1469,724
5,1669.5800,865,4260,457,1469,724
5,1669.5800,865,4260,457,1469,724
5,1669.5800,865,4260,457,1469,724
5,1669.5800,865,4260,457,1469,724
5,1669.5800,865,4260,457,1469,724
5,1669.5800,865,4260,457,1469,724
5,1669.5800,865,4260,457,1469,724
5,1669.5800,865,4260,457,1469,724
5,1669.5800,865,4260,457,1469,724
5,1669.5800,865,4260,457,1469,724
5,1669.5800,865,4260,457,1469,724
5,1669.5800,865,4260,457,1469,724
5,1669.5800,865,4260,457,1469,724
5,1669.5800,865,4260,457,1469,724
5,1669.5800,865,4260,457,1469,724
5,1669.5800,865,4260,457,1469,724
5,1669.5800,865,4260,457,1469,724
5,1669.5800,865,4260,457,1469,724
5,1669.4900,4243,865,457,1469,1214
5,1669.4900,4243,865,457,1469,1214
5,1669.4900,4243,865,457,1469,1214
5,1669.4900,609,1133,457,1214,724
5,1669.4900,609,1133,457,1214,724
5,1669.4900,4243,865,457,1469,1214
5,1669.4900,4243,865,457,1469,1214
5,1669.4900,4243,865,457,1469,1214
5,1669.4900,4243,865,457,1469,1214
5,1669.4900,609,1133,457,1214,724
5,1669.4900,4243,865,457,1469,1214
5,1669.4900,290,1133,457,1469,724
5,1669.4900,609,1133,457,1214,724
5,1669.4900,4243,865,457,1469,1214
5,1669.4900,4243,865,457,1469,1214
5,1669.4900,4243,865,457,1469,1214
5,1669.4900,4243,865,457,1469,1214
5,1669.4900,609,1133,457,1214,724
5,1669.4700,226,4162,865,457,724
5,1669.3700,4243,865,457,1214,724
5,1669.3700,4243,865,457,1214,724
5,1669.3700,4243,865,457,1214,724
5,1669.3700,4243,865,457,1214,724
5,1669.3700,4243,865,457,1214,724
5,1669.3700,4243,865,457,1214,724
5,1669.3700,4243,865,457,1214,724
5,1669.3600,4243,865,457,1214,4162
5,1669.3600,4243,865,457,1214,4162
5,1669.3400,5477,865,457,1214,4162
5,1669.2900,865,457,1133,1499,1214
5,1669.1600,4243,865,457,1469,1214
5,1669.1300,290,1133,457,1214,724
5,1669.1300,290,1133,457,1214,724
5,1669.0900,5477,865,457,1214,4162
5,1669.0900,5477,865,457,1214,4162
5,1669.0900,5477,865,457,1214,4162
5,1669.0900,5477,865,457,1214,4162
5,1669.0900,5477,865,457,1214,4162
5,1669.0900,5477,865,457,1214,4162
5,1669.0900,5477,865,457,1214,4162
5,1669.0900,5477,865,457,1214,4162
5,1669.0800,4243,865,457,1469,1214
5,1669.0800,4243,865,457,1469,1214
5,1669.0600,4243,865,457,1214,724
5,1669.0600,4243,865,457,1214,724
5,1669.0600,4243,865,457,1214,724
5,1668.9900,5477,865,457,911,1214
5,1668.9300,4243,865,457,1469,1214
5,1668.8200,290,457,1133,724,4026
