generation number, individual number, fitness, candidate
0, 0, 3.08, [269, 250, 266]
0, 1, 3.07, [2595, 279, 2525]
0, 2, 3.07, [3716, 278, 1811]
0, 3, 3.07, [2595, 343, 2525]
0, 4, 3.06, [2595, 2593, 244]
0, 5, 3.05, [264, 2512, 76]
0, 6, 3.04, [2595, 265, 2593]
0, 7, 3.04, [264, 3716, 2593]
0, 8, 3.03, [91, 266, 3334]
0, 9, 3.0, [285, 244, 343]
1, 0, 3.15, [2595, 256, 266]
1, 1, 3.08, [279, 278, 1811]
1, 2, 3.08, [269, 250, 266]
1, 3, 3.08, [2156, 278, 1811]
1, 4, 3.08, [269, 250, 266]
1, 5, 3.07, [269, 1087, 250]
1, 6, 3.07, [2595, 279, 2525]
1, 7, 3.06, [269, 2711, 2762]
1, 8, 3.04, [285, 3135, 220]
1, 9, 3.04, [285, 343, 2525]
2, 0, 3.15, [2595, 256, 266]
2, 1, 3.13, [269, 343, 266]
2, 2, 3.12, [285, 250, 1811]
2, 3, 3.1, [2525, 295, 261]
2, 4, 3.08, [2595, 263, 1811]
2, 5, 3.08, [279, 278, 1811]
2, 6, 3.06, [622, 256, 266]
2, 7, 3.04, [244, 256, 266]
2, 8, 3.03, [279, 278, 261]
2, 9, 3.02, [2595, 278, 226]
3, 0, 3.15, [2595, 256, 266]
3, 1, 3.13, [269, 343, 266]
3, 2, 3.12, [269, 250, 1069]
3, 3, 3.11, [269, 256, 261]
3, 4, 3.09, [2595, 240, 1811]
3, 5, 3.08, [269, 256, 261]
3, 6, 3.06, [104, 343, 266]
3, 7, 3.06, [2595, 615, 250]
3, 8, 3.04, [285, 256, 261]
3, 9, 3.04, [278, 2593, 264]
4, 0, 3.15, [2595, 256, 266]
4, 1, 3.13, [269, 343, 266]
4, 2, 3.1, [3334, 269, 279]
4, 3, 3.1, [269, 256, 261]
4, 4, 3.1, [2770, 2595, 91]
4, 5, 3.05, [2595, 622, 1069]
4, 6, 3.05, [615, 343, 266]
4, 7, 3.04, [269, 335, 266]
4, 8, 3.02, [3334, 256, 261]
4, 9, 3.02, [2597, 343, 266]
5, 0, 3.15, [2595, 256, 266]
5, 1, 3.14, [295, 343, 279]
5, 2, 3.13, [269, 343, 266]
5, 3, 3.06, [2595, 2156, 279]
5, 4, 3.06, [269, 343, 266]
5, 5, 3.06, [2770, 615, 266]
5, 6, 3.05, [2595, 343, 261]
5, 7, 3.04, [3334, 77, 266]
5, 8, 3.03, [2595, 256, 102]
5, 9, 3.02, [1087, 343, 266]
6, 0, 3.15, [2595, 256, 266]
6, 1, 3.14, [295, 343, 279]
6, 2, 3.12, [295, 343, 285]
6, 3, 3.12, [295, 343, 261]
6, 4, 3.07, [2595, 1811, 266]
6, 5, 3.07, [269, 343, 77]
6, 6, 3.07, [2599, 250, 226]
6, 7, 3.06, [2599, 343, 279]
6, 8, 3.04, [2513, 4602, 288]
6, 9, 3.02, [244, 3716, 1088]
7, 0, 3.15, [2595, 256, 266]
7, 1, 3.14, [295, 343, 279]
7, 2, 3.09, [2595, 2950, 285]
7, 3, 3.08, [2513, 256, 266]
7, 4, 3.07, [2595, 343, 103]
7, 5, 3.06, [295, 343, 266]
7, 6, 3.06, [295, 343, 260]
7, 7, 3.06, [2513, 343, 261]
7, 8, 3.05, [4602, 335, 264]
7, 9, 3.05, [874, 2765, 266]
8, 0, 3.15, [2595, 256, 266]
8, 1, 3.14, [295, 343, 279]
8, 2, 3.07, [2530, 256, 266]
8, 3, 3.07, [2595, 343, 279]
8, 4, 3.06, [295, 256, 261]
8, 5, 3.05, [2513, 91, 279]
8, 6, 3.04, [2595, 343, 380]
8, 7, 3.04, [264, 343, 279]
8, 8, 3.04, [193, 256, 266]
8, 9, 3.03, [159, 343, 279]
9, 0, 3.15, [2595, 256, 266]
9, 1, 3.14, [295, 343, 279]
9, 2, 3.11, [295, 256, 279]
9, 3, 3.08, [4602, 256, 279]
9, 4, 3.07, [295, 343, 266]
9, 5, 3.07, [295, 343, 266]
9, 6, 3.06, [2595, 343, 260]
9, 7, 3.06, [2595, 278, 279]
9, 8, 3.05, [2512, 343, 266]
9, 9, 3.04, [2595, 343, 220]
10, 0, 3.15, [2595, 256, 266]
10, 1, 3.14, [295, 343, 279]
10, 2, 3.11, [295, 343, 266]
10, 3, 3.09, [295, 343, 260]
10, 4, 3.07, [2595, 1087, 279]
10, 5, 3.07, [2595, 266, 558]
10, 6, 3.05, [104, 1082, 240]
10, 7, 3.03, [2593, 256, 266]
10, 8, 3.03, [2595, 256, 244]
10, 9, 3.02, [2712, 343, 266]
11, 0, 3.15, [2595, 256, 266]
11, 1, 3.14, [295, 343, 279]
11, 2, 3.1, [295, 343, 261]
11, 3, 3.08, [295, 343, 244]
11, 4, 3.06, [103, 4602, 2765]
11, 5, 3.05, [222, 256, 260]
11, 6, 3.05, [534, 256, 266]
11, 7, 3.05, [2595, 343, 266]
11, 8, 3.04, [2597, 343, 266]
11, 9, 3.03, [2514, 256, 266]
12, 0, 3.15, [2595, 256, 266]
12, 1, 3.14, [295, 343, 279]
12, 2, 3.11, [2595, 343, 269]
12, 3, 3.09, [2595, 256, 269]
12, 4, 3.07, [295, 335, 266]
12, 5, 3.07, [103, 2593, 266]
12, 6, 3.07, [2595, 256, 260]
12, 7, 3.05, [295, 343, 261]
12, 8, 3.05, [2595, 256, 2770]
12, 9, 3.03, [278, 343, 266]
13, 0, 3.26, [2595, 295, 279]
13, 1, 3.15, [2595, 256, 266]
13, 2, 3.14, [2770, 256, 159]
13, 3, 3.14, [295, 343, 279]
13, 4, 3.1, [295, 343, 266]
13, 5, 3.06, [2595, 343, 269]
13, 6, 3.06, [295, 256, 264]
13, 7, 3.05, [103, 256, 261]
13, 8, 3.05, [2599, 343, 279]
13, 9, 3.04, [2595, 4602, 266]
14, 0, 3.26, [2595, 295, 279]
14, 1, 3.15, [2595, 256, 266]
14, 2, 3.1, [2595, 250, 279]
14, 3, 3.09, [295, 335, 266]
14, 4, 3.07, [278, 2530, 279]
14, 5, 3.07, [3334, 77, 279]
14, 6, 3.06, [295, 76, 266]
14, 7, 3.05, [2595, 876, 220]
14, 8, 3.04, [300, 876, 3334]
14, 9, 3.02, [300, 343, 226]
15, 0, 3.26, [2595, 295, 279]
15, 1, 3.21, [1088, 295, 279]
15, 2, 3.15, [278, 295, 244]
15, 3, 3.15, [2595, 256, 266]
15, 4, 3.14, [2770, 295, 279]
15, 5, 3.1, [1811, 295, 266]
15, 6, 3.08, [226, 256, 279]
15, 7, 3.08, [1087, 2950, 279]
15, 8, 3.07, [3334, 256, 279]
15, 9, 3.06, [2595, 2514, 266]
16, 0, 3.26, [2595, 295, 279]
16, 1, 3.21, [1088, 295, 279]
16, 2, 3.13, [2599, 295, 279]
16, 3, 3.09, [2595, 303, 279]
16, 4, 3.09, [98, 256, 266]
16, 5, 3.09, [98, 295, 244]
16, 6, 3.08, [316, 295, 2593]
16, 7, 3.07, [278, 2514, 279]
16, 8, 3.05, [300, 256, 261]
16, 9, 3.05, [2599, 256, 279]
17, 0, 3.26, [2595, 295, 279]
17, 1, 3.21, [1088, 295, 279]
17, 2, 3.11, [2595, 295, 261]
17, 3, 3.1, [874, 295, 244]
17, 4, 3.09, [91, 256, 279]
17, 5, 3.09, [2599, 283, 279]
17, 6, 3.09, [609, 295, 4602]
17, 7, 3.08, [2595, 295, 300]
17, 8, 3.07, [2595, 300, 103]
17, 9, 3.06, [98, 874, 279]
18, 0, 3.26, [2595, 295, 279]
18, 1, 3.21, [1088, 295, 279]
18, 2, 3.15, [98, 295, 244]
18, 3, 3.11, [4602, 295, 104]
18, 4, 3.1, [277, 103, 279]
18, 5, 3.08, [1088, 295, 380]
18, 6, 3.08, [615, 301, 534]
18, 7, 3.06, [256, 81, 244]
18, 8, 3.06, [1088, 209, 91]
18, 9, 3.06, [91, 283, 76]
19, 0, 3.26, [2595, 295, 279]
19, 1, 3.21, [1088, 295, 279]
19, 2, 3.15, [2595, 263, 279]
19, 3, 3.14, [2595, 2770, 2762]
19, 4, 3.14, [3135, 295, 244]
19, 5, 3.13, [4602, 295, 244]
19, 6, 3.1, [91, 295, 279]
19, 7, 3.07, [1088, 295, 558]
19, 8, 3.05, [2595, 264, 244]
19, 9, 3.03, [2595, 316, 279]
20, 0, 3.26, [2595, 295, 279]
20, 1, 3.21, [1088, 295, 279]
20, 2, 3.12, [1088, 295, 266]
20, 3, 3.11, [193, 295, 81]
20, 4, 3.09, [2595, 2711, 279]
20, 5, 3.07, [297, 275, 1811]
20, 6, 3.07, [2599, 295, 279]
20, 7, 3.05, [1086, 159, 285]
20, 8, 3.05, [244, 1811, 380]
20, 9, 3.04, [159, 316, 279]
21, 0, 3.26, [2595, 295, 279]
21, 1, 3.21, [1088, 295, 279]
21, 2, 3.15, [2597, 295, 266]
21, 3, 3.09, [1088, 295, 244]
21, 4, 3.08, [1088, 295, 260]
21, 5, 3.07, [149, 295, 260]
21, 6, 3.07, [300, 295, 266]
21, 7, 3.05, [98, 1811, 279]
21, 8, 3.04, [2515, 291, 874]
21, 9, 3.03, [1088, 295, 380]
22, 0, 3.26, [2595, 295, 279]
22, 1, 3.21, [1088, 295, 279]
22, 2, 3.11, [2597, 295, 244]
22, 3, 3.1, [1088, 876, 279]
22, 4, 3.08, [3334, 874, 279]
22, 5, 3.08, [2597, 295, 266]
22, 6, 3.08, [76, 295, 285]
22, 7, 3.08, [98, 295, 275]
22, 8, 3.06, [76, 534, 279]
22, 9, 3.05, [2595, 534, 4602]
23, 0, 3.26, [2595, 295, 279]
23, 1, 3.21, [1088, 295, 279]
23, 2, 3.1, [2597, 295, 260]
23, 3, 3.1, [1086, 264, 279]
23, 4, 3.09, [2595, 295, 250]
23, 5, 3.09, [874, 622, 279]
23, 6, 3.08, [2597, 295, 380]
23, 7, 3.06, [81, 295, 244]
23, 8, 3.06, [1088, 81, 244]
23, 9, 3.05, [1088, 269, 244]
24, 0, 3.26, [2595, 295, 279]
24, 1, 3.21, [1088, 295, 279]
24, 2, 3.11, [2597, 300, 279]
24, 3, 3.11, [2595, 191, 279]
24, 4, 3.1, [2595, 295, 149]
24, 5, 3.07, [2595, 1069, 279]
24, 6, 3.06, [1088, 256, 260]
24, 7, 3.06, [91, 265, 256]
24, 8, 3.04, [226, 1087, 279]
24, 9, 3.03, [2599, 222, 541]
25, 0, 3.26, [2595, 295, 279]
25, 1, 3.21, [1088, 295, 279]
25, 2, 3.14, [2599, 295, 279]
25, 3, 3.14, [301, 295, 103]
25, 4, 3.08, [104, 220, 380]
25, 5, 3.07, [2595, 250, 279]
25, 6, 3.07, [1088, 2530, 300]
25, 7, 3.05, [2595, 2513, 3135]
25, 8, 3.04, [295, 3334, 279]
25, 9, 3.02, [1088, 316, 266]
26, 0, 3.26, [2595, 295, 279]
26, 1, 3.21, [1088, 295, 279]
26, 2, 3.15, [343, 295, 2595]
26, 3, 3.12, [615, 295, 300]
26, 4, 3.07, [2595, 2525, 279]
26, 5, 3.06, [77, 2762, 622]
26, 6, 3.06, [2762, 77, 541]
26, 7, 3.05, [3716, 343, 103]
26, 8, 3.04, [1088, 1086, 279]
26, 9, 3.01, [1088, 1080, 279]
27, 0, 3.26, [2595, 295, 279]
27, 1, 3.21, [1088, 295, 279]
27, 2, 3.11, [2595, 295, 2156]
27, 3, 3.09, [2597, 295, 2513]
27, 4, 3.08, [263, 269, 2513]
27, 5, 3.08, [541, 279, 2595]
27, 6, 3.08, [2599, 104, 295]
27, 7, 3.07, [2595, 81, 279]
27, 8, 3.07, [4602, 250, 279]
27, 9, 3.04, [300, 316, 874]
28, 0, 3.26, [2595, 295, 279]
28, 1, 3.21, [1088, 295, 279]
28, 2, 3.14, [269, 295, 279]
28, 3, 3.13, [2595, 295, 265]
28, 4, 3.11, [2595, 295, 260]
28, 5, 3.08, [2595, 876, 279]
28, 6, 3.04, [98, 159, 91]
28, 7, 3.04, [380, 3716, 279]
28, 8, 3.03, [4602, 2530, 279]
28, 9, 3.02, [1088, 301, 2156]
29, 0, 3.26, [2595, 295, 279]
29, 1, 3.21, [1088, 295, 279]
29, 2, 3.15, [3135, 295, 250]
29, 3, 3.09, [2595, 295, 279]
29, 4, 3.09, [269, 295, 260]
29, 5, 3.07, [2950, 295, 275]
29, 6, 3.06, [98, 159, 265]
29, 7, 3.06, [2595, 2513, 279]
29, 8, 3.05, [264, 874, 193]
29, 9, 3.03, [1088, 2593, 1087]
30, 0, 3.26, [2595, 295, 279]
30, 1, 3.21, [1088, 295, 279]
30, 2, 3.11, [301, 295, 343]
30, 3, 3.1, [1088, 295, 2595]
30, 4, 3.08, [149, 876, 279]
30, 5, 3.08, [269, 316, 250]
30, 6, 3.07, [76, 1811, 279]
30, 7, 3.07, [1087, 277, 279]
30, 8, 3.07, [219, 91, 291]
30, 9, 3.04, [2595, 316, 279]
31, 0, 3.26, [2595, 295, 279]
31, 1, 3.21, [1088, 295, 279]
31, 2, 3.15, [2595, 295, 4602]
31, 3, 3.15, [244, 295, 159]
31, 4, 3.12, [98, 193, 279]
31, 5, 3.11, [301, 295, 380]
31, 6, 3.1, [301, 876, 279]
31, 7, 3.1, [1088, 609, 2595]
31, 8, 3.07, [98, 295, 343]
31, 9, 3.03, [301, 2514, 279]
32, 0, 3.26, [2595, 295, 279]
32, 1, 3.21, [1088, 295, 279]
32, 2, 3.19, [2595, 295, 220]
32, 3, 3.13, [2595, 295, 541]
32, 4, 3.12, [3135, 277, 279]
32, 5, 3.09, [295, 149, 291]
32, 6, 3.06, [91, 295, 2595]
32, 7, 3.06, [616, 269, 265]
32, 8, 3.05, [2599, 266, 279]
32, 9, 3.05, [2595, 283, 278]
33, 0, 3.26, [2595, 295, 279]
33, 1, 3.21, [1088, 295, 279]
33, 2, 3.18, [2595, 77, 279]
33, 3, 3.12, [3334, 295, 269]
33, 4, 3.11, [3135, 250, 279]
33, 5, 3.08, [2595, 278, 279]
33, 6, 3.07, [277, 295, 76]
33, 7, 3.06, [1088, 295, 209]
33, 8, 3.05, [2595, 283, 279]
33, 9, 3.04, [2595, 300, 220]
34, 0, 3.26, [2595, 295, 279]
34, 1, 3.21, [1088, 295, 279]
34, 2, 3.14, [2595, 277, 265]
34, 3, 3.11, [81, 2514, 2512]
34, 4, 3.09, [2595, 2764, 279]
34, 5, 3.09, [2595, 77, 380]
34, 6, 3.06, [2595, 558, 279]
34, 7, 3.05, [2525, 2514, 244]
34, 8, 3.04, [534, 219, 279]
34, 9, 3.04, [222, 283, 260]
35, 0, 3.26, [2595, 295, 279]
35, 1, 3.21, [1088, 295, 279]
35, 2, 3.16, [2595, 295, 279]
35, 3, 3.1, [193, 295, 1811]
35, 4, 3.09, [2599, 295, 2513]
35, 5, 3.07, [1088, 316, 279]
35, 6, 3.07, [266, 2513, 279]
35, 7, 3.07, [81, 2527, 279]
35, 8, 3.07, [1088, 295, 343]
35, 9, 3.06, [2595, 2530, 265]
36, 0, 3.26, [2595, 295, 279]
36, 1, 3.21, [1088, 295, 279]
36, 2, 3.16, [301, 295, 380]
36, 3, 3.14, [295, 285, 279]
36, 4, 3.09, [2595, 295, 2712]
36, 5, 3.08, [193, 277, 279]
36, 6, 3.06, [244, 295, 541]
36, 7, 3.06, [250, 876, 2950]
36, 8, 3.06, [1088, 2514, 279]
36, 9, 3.04, [541, 103, 279]
37, 0, 3.26, [2595, 295, 279]
37, 1, 3.21, [1088, 295, 279]
37, 2, 3.17, [269, 295, 2597]
37, 3, 3.14, [295, 285, 154]
37, 4, 3.08, [2525, 269, 279]
37, 5, 3.08, [266, 295, 220]
37, 6, 3.07, [1088, 295, 260]
37, 7, 3.06, [2595, 876, 279]
37, 8, 3.06, [301, 2513, 279]
37, 9, 3.05, [250, 3334, 2513]
38, 0, 3.26, [2595, 295, 279]
38, 1, 3.21, [1088, 295, 279]
38, 2, 3.18, [269, 295, 2597]
38, 3, 3.17, [269, 295, 260]
38, 4, 3.11, [615, 295, 279]
38, 5, 3.08, [193, 291, 159]
38, 6, 3.08, [98, 2525, 279]
38, 7, 3.08, [98, 295, 2597]
38, 8, 3.06, [2595, 209, 279]
38, 9, 3.05, [269, 291, 279]
39, 0, 3.26, [2595, 295, 279]
39, 1, 3.21, [1088, 295, 279]
39, 2, 3.17, [541, 295, 279]
39, 3, 3.16, [269, 295, 244]
39, 4, 3.12, [2595, 2514, 279]
39, 5, 3.1, [291, 295, 279]
39, 6, 3.09, [269, 295, 244]
39, 7, 3.07, [1088, 2513, 2597]
39, 8, 3.06, [2599, 2512, 77]
39, 9, 3.04, [1088, 250, 316]
40, 0, 3.26, [2595, 295, 279]
40, 1, 3.21, [1088, 295, 279]
40, 2, 3.16, [4602, 295, 279]
40, 3, 3.11, [265, 295, 1087]
40, 4, 3.1, [2595, 295, 269]
40, 5, 3.1, [615, 2765, 295]
40, 6, 3.1, [2595, 295, 2593]
40, 7, 3.08, [269, 2525, 260]
40, 8, 3.07, [2595, 343, 279]
40, 9, 3.06, [541, 279, 103]
41, 0, 3.26, [2595, 295, 279]
41, 1, 3.21, [1088, 295, 279]
41, 2, 3.13, [277, 2574, 2595]
41, 3, 3.09, [1088, 295, 300]
41, 4, 3.08, [265, 295, 380]
41, 5, 3.08, [2525, 295, 2513]
41, 6, 3.07, [2512, 295, 275]
41, 7, 3.07, [76, 295, 1080]
41, 8, 3.07, [81, 295, 343]
41, 9, 3.05, [4602, 2513, 622]
42, 0, 3.26, [2595, 295, 279]
42, 1, 3.21, [1088, 295, 279]
42, 2, 3.12, [277, 285, 279]
42, 3, 3.1, [1088, 2515, 295]
42, 4, 3.09, [1082, 295, 279]
42, 5, 3.09, [1088, 2593, 2595]
42, 6, 3.08, [2762, 81, 2595]
42, 7, 3.08, [1087, 103, 279]
42, 8, 3.04, [277, 2574, 260]
42, 9, 3.03, [81, 2525, 2515]
43, 0, 3.26, [2595, 295, 279]
43, 1, 3.21, [1088, 295, 279]
43, 2, 3.12, [1811, 2513, 2593]
43, 3, 3.09, [2595, 335, 279]
43, 4, 3.08, [277, 541, 279]
43, 5, 3.07, [193, 288, 279]
43, 6, 3.06, [285, 283, 279]
43, 7, 3.06, [2595, 534, 279]
43, 8, 3.04, [2595, 291, 104]
43, 9, 3.04, [316, 300, 3334]
44, 0, 3.26, [2595, 295, 279]
44, 1, 3.21, [1088, 295, 279]
44, 2, 3.15, [2595, 295, 380]
44, 3, 3.08, [285, 335, 279]
44, 4, 3.06, [300, 250, 264]
44, 5, 3.05, [4849, 250, 279]
44, 6, 3.04, [278, 2513, 103]
44, 7, 3.04, [220, 1086, 380]
44, 8, 3.03, [91, 264, 260]
44, 9, 3.03, [1811, 2513, 244]
45, 0, 3.26, [2595, 295, 279]
45, 1, 3.21, [1088, 295, 279]
45, 2, 3.1, [615, 295, 264]
45, 3, 3.09, [81, 295, 263]
45, 4, 3.08, [2595, 226, 279]
45, 5, 3.07, [98, 2712, 279]
45, 6, 3.05, [1088, 283, 279]
45, 7, 3.05, [98, 265, 1086]
45, 8, 3.05, [285, 2514, 279]
45, 9, 3.05, [1088, 250, 279]
46, 0, 3.26, [2595, 295, 279]
46, 1, 3.21, [1088, 295, 279]
46, 2, 3.16, [2595, 295, 380]
46, 3, 3.1, [81, 1811, 279]
46, 4, 3.07, [98, 264, 295]
46, 5, 3.06, [2595, 279, 295]
46, 6, 3.05, [615, 295, 260]
46, 7, 3.05, [2595, 876, 264]
46, 8, 3.05, [1088, 2513, 297]
46, 9, 3.05, [1088, 91, 4602]
47, 0, 3.26, [2595, 295, 279]
47, 1, 3.21, [1088, 295, 279]
47, 2, 3.15, [2595, 295, 380]
47, 3, 3.12, [2595, 91, 1080]
47, 4, 3.1, [250, 1811, 279]
47, 5, 3.1, [98, 295, 279]
47, 6, 3.09, [2595, 2512, 2950]
47, 7, 3.08, [1086, 295, 380]
47, 8, 3.08, [81, 295, 244]
47, 9, 3.08, [2595, 295, 380]
48, 0, 3.26, [2595, 295, 279]
48, 1, 3.21, [1088, 295, 279]
48, 2, 3.15, [2595, 295, 380]
48, 3, 3.13, [1088, 295, 2599]
48, 4, 3.11, [2595, 2513, 279]
48, 5, 3.08, [2595, 874, 279]
48, 6, 3.07, [263, 295, 279]
48, 7, 3.06, [265, 266, 279]
48, 8, 3.06, [226, 3716, 104]
48, 9, 3.03, [98, 91, 1080]
49, 0, 3.26, [2595, 295, 279]
49, 1, 3.21, [1088, 295, 279]
49, 2, 3.13, [2597, 295, 279]
49, 3, 3.1, [256, 295, 279]
49, 4, 3.1, [1088, 295, 2762]
49, 5, 3.1, [98, 295, 380]
49, 6, 3.08, [2595, 295, 380]
49, 7, 3.08, [283, 269, 279]
49, 8, 3.07, [874, 1087, 380]
49, 9, 3.05, [534, 283, 104]
50, 0, 3.26, [2595, 295, 279]
50, 1, 3.21, [1088, 295, 279]
50, 2, 3.13, [98, 295, 4602]
50, 3, 3.12, [98, 295, 104]
50, 4, 3.1, [98, 295, 279]
50, 5, 3.1, [2595, 295, 250]
50, 6, 3.04, [1088, 343, 279]
50, 7, 3.04, [2597, 265, 380]
50, 8, 3.03, [244, 4602, 279]
50, 9, 3.03, [2595, 876, 285]
