n_nodes,influence,n0,n1,n2,n3,n4,n5,n6,n7,n8,n9,n10,n11,n12,n13,n14,n15,n16,n17,n18,n19
20,35.0700,123828,83646,28705,245754,34764,88716,261407,25241,36097,226394,134761,90074,202592,261244,137523,156149,258978,51619,130728,56805
20,35.0700,123828,83646,28705,245754,34764,88716,261407,25241,36097,226394,134761,90074,202592,261244,137523,156149,258978,51619,130728,56805
20,35.0700,123828,83646,28705,245754,34764,88716,261407,25241,36097,226394,134761,90074,202592,261244,137523,156149,258978,51619,130728,56805
20,35.0700,123828,83646,28705,245754,34764,88716,261407,25241,36097,226394,134761,90074,202592,261244,137523,156149,258978,51619,130728,56805
20,35.0700,123828,83646,28705,245754,34764,88716,261407,25241,36097,226394,134761,90074,202592,261244,137523,156149,258978,51619,130728,56805
20,35.0700,123828,83646,28705,245754,34764,88716,261407,25241,36097,226394,134761,90074,202592,261244,137523,156149,258978,51619,130728,56805
20,35.0700,123828,83646,28705,245754,34764,88716,261407,25241,36097,226394,134761,90074,202592,261244,137523,156149,258978,51619,130728,56805
20,35.0700,123828,83646,28705,245754,34764,88716,261407,25241,36097,226394,134761,90074,202592,261244,137523,156149,258978,51619,130728,56805
20,35.0700,123828,83646,28705,245754,34764,88716,261407,25241,36097,226394,134761,90074,202592,261244,137523,156149,258978,51619,130728,56805
20,35.0700,123828,83646,28705,245754,34764,88716,261407,25241,36097,226394,134761,90074,202592,261244,137523,156149,258978,51619,130728,56805
20,35.0700,123828,83646,28705,245754,34764,88716,261407,25241,36097,226394,134761,90074,202592,261244,137523,156149,258978,51619,130728,56805
20,35.0700,123828,83646,28705,245754,34764,88716,261407,25241,36097,226394,134761,90074,202592,261244,137523,156149,258978,51619,130728,56805
20,35.0700,123828,83646,28705,245754,34764,88716,261407,25241,36097,226394,134761,90074,202592,261244,137523,156149,258978,51619,130728,56805
20,35.0700,123828,83646,28705,245754,34764,88716,261407,25241,36097,226394,134761,90074,202592,261244,137523,156149,258978,51619,130728,56805
20,35.0700,123828,83646,28705,245754,34764,88716,261407,25241,36097,226394,134761,90074,202592,261244,137523,156149,258978,51619,130728,56805
20,35.0700,123828,83646,28705,245754,34764,88716,261407,25241,36097,226394,134761,90074,202592,261244,137523,156149,258978,51619,130728,56805
20,35.0700,123828,83646,28705,245754,34764,88716,261407,25241,36097,226394,134761,90074,202592,261244,137523,156149,258978,51619,130728,56805
20,35.0700,123828,83646,28705,245754,34764,88716,261407,25241,36097,226394,134761,90074,202592,261244,137523,156149,258978,51619,130728,56805
20,35.0700,123828,83646,28705,245754,34764,88716,261407,25241,36097,226394,134761,90074,202592,261244,137523,156149,258978,51619,130728,56805
20,35.0700,123828,83646,28705,245754,34764,88716,261407,25241,36097,226394,134761,90074,202592,261244,137523,156149,258978,51619,130728,56805
20,35.0700,123828,83646,28705,245754,34764,88716,261407,25241,36097,226394,134761,90074,202592,261244,137523,156149,258978,51619,130728,56805
20,35.0700,123828,83646,28705,245754,34764,88716,261407,25241,36097,226394,134761,90074,202592,261244,137523,156149,258978,51619,130728,56805
20,35.0700,123828,83646,28705,245754,34764,88716,261407,25241,36097,226394,134761,90074,202592,261244,137523,156149,258978,51619,130728,56805
20,35.0700,123828,83646,28705,245754,34764,88716,261407,25241,36097,226394,134761,90074,202592,261244,137523,156149,258978,51619,130728,56805
20,35.0700,123828,83646,28705,245754,34764,88716,261407,25241,36097,226394,134761,90074,202592,261244,137523,156149,258978,51619,130728,56805
20,35.0700,123828,83646,28705,245754,34764,88716,261407,25241,36097,226394,134761,90074,202592,261244,137523,156149,258978,51619,130728,56805
20,35.0700,123828,83646,28705,245754,34764,88716,261407,25241,36097,226394,134761,90074,202592,261244,137523,156149,258978,51619,130728,56805
20,35.0700,123828,83646,28705,245754,34764,88716,261407,25241,36097,226394,134761,90074,202592,261244,137523,156149,258978,51619,130728,56805
20,35.0700,123828,83646,28705,245754,34764,88716,261407,25241,36097,226394,134761,90074,202592,261244,137523,156149,258978,51619,130728,56805
20,35.0700,123828,83646,28705,245754,34764,88716,261407,25241,36097,226394,134761,90074,202592,261244,137523,156149,258978,51619,130728,56805
20,35.0700,123828,83646,28705,245754,34764,88716,261407,25241,36097,226394,134761,90074,202592,261244,137523,156149,258978,51619,130728,56805
20,35.0400,72130,115193,33354,167841,96076,127958,34747,24437,17320,5489,133310,117916,243341,89482,221414,259785,197776,29002,243736,79109
