num_genrations,diversity,improvement,best_fitness
0,0.9931649831649831,0,34.18
1,0.9226868686868687,0.017554125219426606,34.78
2,0.8536161616161616,0.03133985048878655,35.87
3,0.6857441077441078,0.018957345971563976,36.55
4,0.4671649831649832,0.011764705882352934,36.98
5,0.3757306397306397,0.01487290427257989,37.53
6,0.3963030303030304,0.010391686650679471,37.92
7,0.43754882154882146,0.004219409282700331,38.08
8,0.40154882154882177,0.013130252100840336,38.58
9,0.39975084175084175,0.01114567133229652,39.01
10,0.1491851851851852,0.013329915406306157,39.53
11,0.2901750841750841,0.018972931950417403,40.28
12,0.29952188552188563,0.0037239324726911264,40.43
13,0.2921885521885522,0.0,40.43
14,0.2333198653198656,0.012861736334405223,40.95
15,0.10014814814814854,0.0,40.95
16,0.17632323232323222,0.0,40.95
17,0.12156902356902355,0.0,40.95
18,0.003993265993265993,0.0,40.95
19,0.0019999999999997797,0.0002442002442001956,40.96
20,0.00798653198653232,0.0,40.96
21,0.0039999999999998925,0.0009765624999999792,41.0
22,0.0033333333333331883,0.004146341463414676,41.17
23,0.011050505050504755,0.0,41.17
24,0.015696969696969654,0.0,41.17
25,0.013959595959596283,0.0,41.17
26,0.007717171717172011,0.0,41.17
27,0.0033198653198652783,0.0,41.17
28,0.005986531986532206,0.0,41.17
29,0.00923905723905738,0.0,41.17
30,0.005973063973063963,0.0,41.17
31,0.0033333333333332993,0.00024289531212042773,41.18
32,0.004659932659932808,0.0,41.18
33,0.00533333333333319,0.0009713453132588428,41.22
34,0.007319865319865393,0.0,41.22
35,0.005986531986531984,0.0,41.22
36,0.004653198653198687,0.0,41.22
37,0.005986531986532095,0.0,41.22
38,0.0013333333333338526,0.0,41.22
39,0.007319865319865393,0.0,41.22
40,0.004626262626262867,0.0,41.22
41,0.004653198653199131,0.0,41.22
42,0.004639730639730888,0.0,41.22
43,0.0039999999999997815,0.0,41.22
44,0.007326599326599403,0.0,41.22
45,0.0039999999999998925,0.0,41.22
46,0.006653198653198689,0.0,41.22
47,0.0033333333333331883,0.0,41.22
48,0.003979797979797861,0.0,41.22
49,0.0033333333333331883,0.0,41.22
50,0.006666666666666599,0.0,41.22
51,0.0039999999999997815,0.0,41.22
52,0.004659932659932586,0.0,41.22
53,0.0039999999999998925,0.005094614264919963,41.43
54,0.005986531986532206,0.0,41.43
55,0.005319865319864947,0.0,41.43
56,0.005999999999999894,0.0,41.43
57,0.007252525252525288,0.0,41.43
58,0.006619528619528747,0.0,41.43
59,0.009764309764309753,0.0,41.43
60,0.009265993265993533,0.0,41.43
61,0.006626262626262647,0.0,41.43
62,0.005319865319865058,0.0,41.43
63,0.007959595959596388,0.0,41.43
64,0.005319865319865169,0.0,41.43
65,0.0033333333333331883,0.0,41.43
66,0.0033333333333331883,0.0,41.43
67,0.0019999999999995577,0.0,41.43
68,0.0053265993265990685,0.0,41.43
69,0.0039999999999998925,0.0,41.43
70,0.0019999999999995577,0.0,41.43
71,0.003326599326599178,0.0,41.43
72,0.007905723905724193,0.0,41.43
73,0.00465319865319902,0.0,41.43
74,0.004626262626262867,0.0,41.43
75,0.005993265993265884,0.0,41.43
76,0.0053265993265989575,0.0,41.43
77,0.0033333333333332993,0.0021723388848661216,41.52
78,0.0033265993265994,0.0,41.52
79,0.0033333333333332993,0.0,41.52
80,0.009966329966329956,0.0,41.52
81,0.002653198653198685,0.0,41.52
82,0.003326599326599178,0.0,41.52
83,0.005993265993265995,0.0,41.52
84,0.007959595959596166,0.0,41.52
85,0.004659932659932808,0.0,41.52
86,0.007333333333333303,0.0,41.52
87,0.0033333333333331883,0.0,41.52
88,0.00865993265993259,0.0,41.52
89,0.0019865319865316478,0.0,41.52
90,0.005326599326599291,0.0,41.52
91,0.004659932659932808,0.0,41.52
92,0.00852525252525238,0.0,41.52
93,0.005306397306397037,0.0,41.52
94,0.007265993265993309,0.0,41.52
95,0.00726599326599342,0.0,41.52
96,0.004653198653198798,0.0,41.52
97,0.004653198653198798,0.0,41.52
98,0.004653198653199131,0.0,41.52
99,0.004653198653198798,0.0,41.52
100,0.006639730639730557,0.0,41.52
