num_genrations,diversity,improvement,best_fitness
6,0.045454545454545414,0.0,382.15
9,0.057575757575757835,0.0,395.89
7,0.12954545454545452,0.0,382.15
10,0.04469696969696968,0.014953648740811882,401.81
8,0.20378787878787885,0.035954468140782445,395.89
0,1.0,0,262.47
9,0.057575757575757835,0.0,395.89
1,0.7053030303030303,0.0,262.47
10,0.04469696969696968,0.014953648740811882,401.81
2,0.3712121212121213,0.18432582771364342,310.85
3,0.125,-0.13578896573910257,268.64
4,0.2439393939393939,0.018872840976771863,273.71
5,0.43560606060606066,0.3961857440356582,382.15
6,0.045454545454545414,0.0,382.15
7,0.12954545454545452,0.0,382.15
8,0.20378787878787885,0.035954468140782445,395.89
9,0.057575757575757835,0.0,395.89
10,0.04469696969696968,0.014953648740811882,401.81
