n_nodes,influence,n0,n1,n2,n3,n4,n5,n6,n7,n8,n9,n10
11,286.3200,1441,3682,5738,5816,1521,4850,308,6806,2617,4574,2079
11,285.5900,1441,3682,5738,5816,1521,4850,308,6806,2617,4574,2079
11,285.5900,1441,3682,5738,5816,1521,4850,308,6806,2617,4574,2079
11,285.5900,1441,3682,5738,5816,1521,4850,308,6806,2617,4574,2079
11,285.5900,1441,3682,5738,5816,1521,4850,308,6806,2617,4574,2079
11,285.5900,1441,3682,5738,5816,1521,4850,308,6806,2617,4574,2079
11,285.5900,1441,3682,5738,5816,1521,4850,308,6806,2617,4574,2079
11,285.5900,1441,3682,5738,5816,1521,4850,308,6806,2617,4574,2079
11,285.5900,1441,3682,5738,5816,1521,4850,308,6806,2617,4574,2079
11,285.5900,1441,3682,5738,5816,1521,4850,308,6806,2617,4574,2079
11,285.5900,1441,3682,5738,5816,1521,4850,308,6806,2617,4574,2079
11,285.5900,1441,3682,5738,5816,1521,4850,308,6806,2617,4574,2079
11,285.5900,1441,3682,5738,5816,1521,4850,308,6806,2617,4574,2079
11,285.5900,1441,3682,5738,5816,1521,4850,308,6806,2617,4574,2079
11,285.5900,1441,3682,5738,5816,1521,4850,308,6806,2617,4574,2079
11,283.6100,1441,3682,5738,5816,1521,4850,308,6806,2617,4574,2079
