num_genrations,diversity,improvement,best_fitness
0,1.0,0,10328.84
1,0.9083333333333333,-0.0005179671676587462,10323.49
2,0.7283333333333333,0.0,10323.49
3,0.42333333333333323,0.0013261019287082673,10337.18
4,0.3783333333333332,-0.0003579312733260645,10333.48
5,0.43999999999999995,4.741868179933398e-05,10333.97
6,0.365,0.0004896472507662892,10339.03
7,0.42500000000000004,0.0,10339.03
8,0.5199999999999999,0.0,10339.03
9,0.32000000000000006,0.0,10339.03
10,0.10000000000000009,0.0,10339.03
11,0.0,0.0,10339.03
12,0.0,0.0,10339.03
13,0.0,0.0,10339.03
14,0.0,0.000435243925203815,10343.53
15,0.0,0.0,10343.53
16,0.02499999999999991,0.0,10343.53
17,0.046666666666666634,0.0,10343.53
18,0.07166666666666655,0.0,10343.53
19,0.02499999999999991,0.0,10343.53
20,0.0,0.0,10343.53
21,0.0,0.0,10343.53
22,0.0,0.0,10343.53
23,0.0,0.0,10343.53
24,0.0,0.0,10343.53
25,0.0,0.0,10343.53
26,0.0,0.0,10343.53
27,0.0,0.0,10343.53
28,0.0,0.0,10343.53
29,0.0,0.0,10343.53
30,0.0,0.0,10343.53
