n_nodes,influence,n0,n1,n2,n3,n4,n5,n6
7,2308.8100,35813,165,7626,55420,8732,17470,1535
7,2308.8100,35813,165,7626,55420,8732,17470,1535
7,2308.8100,35813,165,7626,55420,8732,17470,1535
7,2308.8100,35813,165,7626,55420,8732,17470,1535
7,2308.8100,35813,165,7626,55420,8732,17470,1535
7,2308.8100,35813,165,7626,55420,8732,17470,1535
7,2308.8100,35813,165,7626,55420,8732,17470,1535
7,2308.8100,35813,165,7626,55420,8732,17470,1535
7,2308.8100,35813,165,7626,55420,8732,17470,1535
7,2308.8100,35813,165,7626,55420,8732,17470,1535
7,2308.8100,35813,165,7626,55420,8732,17470,1535
7,2307.0700,35813,165,7626,62517,8732,17470,1535
7,2307.0700,35813,165,7626,62517,8732,17470,1535
7,2307.0700,35813,165,7626,62517,8732,17470,1535
7,2306.5000,35813,165,73875,7626,8732,17470,1535
7,2306.5000,35813,165,7626,31818,8732,17470,1535
