n_nodes,influence,n0,n1,n2,n3,n4
5,23.8300,19903,208959,19133,245754,238548
5,23.8300,19903,208959,19133,245754,238548
5,23.8300,19903,208959,19133,245754,238548
5,23.8300,19903,208959,19133,245754,238548
5,23.7400,19903,208959,175908,179116,227761
5,23.7000,19903,208959,175908,179116,227761
5,23.7000,19903,208959,175908,179116,227761
5,23.7000,19903,208959,175908,179116,227761
5,23.7000,19903,208959,175908,179116,227761
5,23.7000,19903,208959,175908,179116,227761
5,23.7000,19903,208959,175908,179116,227761
5,23.7000,19903,208959,175908,179116,227761
5,23.7000,19903,208959,175908,179116,227761
5,23.7000,19903,208959,175908,179116,227761
5,23.7000,19903,208959,175908,179116,227761
5,23.7000,19903,208959,175908,179116,227761
5,23.7000,19903,208959,175908,179116,227761
5,23.7000,19903,208959,175908,179116,227761
5,23.7000,19903,208959,175908,179116,227761
5,23.5400,19903,208959,19133,245754,238548
5,23.5400,19903,208959,19133,245754,238548
5,23.5400,19903,208959,19133,245754,238548
5,23.5400,19903,208959,19133,245754,238548
5,23.4900,19903,208959,19133,245754,238548
5,23.4900,19903,208959,19133,245754,238548
5,23.4200,19903,208959,19133,245754,238548
5,23.3800,19903,208959,19133,245754,238548
5,23.3800,19903,208959,19133,245754,238548
5,23.3800,19903,208959,19133,245754,238548
5,23.3800,19903,208959,19133,245754,238548
5,23.3600,175908,19903,179116,227761,5365
5,23.3200,19903,208959,19133,245754,238548
