generation number, individual number, fitness, candidate
0, 0, 8.61, [90, 56240]
0, 1, 8.17, [56241, 86]
0, 2, 7.54, [127089, 33300]
0, 3, 7.34, [88, 1063]
0, 4, 6.95, [144434, 150015]
0, 5, 6.75, [56239, 66169]
0, 6, 6.39, [66170, 65901]
0, 7, 5.87, [1061, 134361]
0, 8, 5.14, [6376, 66171]
0, 9, 4.67, [65897, 95674]
1, 0, 9.15, [90, 89]
1, 1, 9.04, [80450, 56240]
1, 2, 8.61, [90, 56240]
1, 3, 8.17, [56241, 86]
1, 4, 7.92, [90, 46]
1, 5, 7.63, [56241, 100140]
1, 6, 7.31, [90, 62858]
1, 7, 7.2, [98062, 283]
1, 8, 7.04, [66169, 56240]
1, 9, 6.94, [282, 33300]
2, 0, 9.62, [286, 56240]
2, 1, 9.15, [90, 89]
2, 2, 9.04, [80450, 56240]
2, 3, 8.34, [80450, 90]
2, 4, 8.22, [66171, 56240]
2, 5, 7.5, [66169, 150015]
2, 6, 6.94, [134361, 282]
2, 7, 6.88, [821, 65897]
2, 8, 6.78, [150653, 282]
2, 9, 5.43, [280, 89]
3, 0, 11.72, [86, 65899]
3, 1, 10.03, [11388, 113173]
3, 2, 9.62, [286, 56240]
3, 3, 9.15, [90, 89]
3, 4, 8.81, [65899, 127088]
3, 5, 8.2, [80449, 56240]
3, 6, 8.05, [279, 98062]
3, 7, 6.51, [100140, 66170]
3, 8, 5.84, [134365, 56240]
3, 9, 5.79, [284, 90]
4, 0, 13.24, [11387, 65899]
4, 1, 12.4, [65899, 100141]
4, 2, 11.72, [86, 65899]
4, 3, 10.84, [11388, 148118]
4, 4, 10.43, [33297, 113173]
4, 5, 10.34, [12067, 65899]
4, 6, 10.03, [11388, 113173]
4, 7, 7.76, [86, 56237]
4, 8, 7.45, [284, 56241]
4, 9, 6.21, [86, 118606]
5, 0, 13.24, [11387, 65899]
5, 1, 12.4, [65899, 100141]
5, 2, 11.03, [150652, 33297]
5, 3, 9.94, [73703, 100141]
5, 4, 7.89, [286, 144434]
5, 5, 7.82, [285, 113173]
5, 6, 7.24, [86, 70640]
5, 7, 7.15, [6376, 46]
5, 8, 6.4, [86, 70639]
5, 9, 5.0, [91277, 1927]
6, 0, 14.27, [11388, 65899]
6, 1, 13.24, [11387, 65899]
6, 2, 13.11, [11387, 65899]
6, 3, 12.4, [65899, 100141]
6, 4, 11.85, [46, 65899]
6, 5, 11.67, [127089, 33297]
6, 6, 7.84, [282, 56241]
6, 7, 7.01, [285, 33299]
6, 8, 7.0, [558, 80656]
6, 9, 6.26, [70640, 123523]
7, 0, 14.27, [11388, 65899]
7, 1, 13.24, [11387, 65899]
7, 2, 9.76, [33297, 113171]
7, 3, 8.32, [98063, 90]
7, 4, 8.21, [286, 150654]
7, 5, 7.55, [284, 150654]
7, 6, 7.51, [284, 98062]
7, 7, 7.2, [65897, 156909]
7, 8, 7.2, [280, 62858]
7, 9, 6.89, [283, 150654]
8, 0, 14.27, [11388, 65899]
8, 1, 13.24, [11387, 65899]
8, 2, 11.39, [33297, 73703]
8, 3, 11.05, [33297, 283]
8, 4, 10.22, [11388, 144434]
8, 5, 8.76, [66171, 100141]
8, 6, 8.36, [10375, 33297]
8, 7, 8.01, [66059, 90]
8, 8, 7.27, [12067, 127089]
8, 9, 5.99, [12067, 123523]
9, 0, 14.27, [11388, 65899]
9, 1, 13.24, [11387, 65899]
9, 2, 11.6, [282, 65899]
9, 3, 10.33, [11388, 66059]
9, 4, 9.85, [33299, 65899]
9, 5, 9.36, [11387, 56239]
9, 6, 8.04, [11387, 156909]
9, 7, 8.02, [33297, 65900]
9, 8, 7.56, [33298, 113173]
9, 9, 6.26, [70638, 113172]
10, 0, 14.27, [11388, 65899]
10, 1, 13.24, [11387, 65899]
10, 2, 12.84, [11387, 65899]
10, 3, 9.98, [11387, 73703]
10, 4, 9.73, [11388, 70640]
10, 5, 9.53, [6376, 65899]
10, 6, 9.28, [11926, 65899]
10, 7, 8.28, [100141, 1060]
10, 8, 7.8, [46, 144434]
10, 9, 6.3, [11925, 278]
