num_genrations,diversity,improvement,best_fitness
0,0.9933400673400673,0,110.93
1,0.9407070707070707,0.14135040115388076,126.61
2,0.5974343434343434,0.11634152120685573,141.34
3,0.7032861952861953,0.08794396490731574,153.77
4,0.6983367003367004,0.12882877024126943,173.58
5,0.6115488215488215,0.07454775895840533,186.52
6,0.5200606060606061,0.11215955393523476,207.44
7,0.33907070707070697,0.05857115310451218,219.59
8,0.3596835016835017,0.09349241768750854,240.12
9,0.3398114478114478,0.03385807096451772,248.25
10,0.20130639730639732,0.02920443101711984,255.5
11,0.1533265993265992,0.011428571428571491,258.42
12,0.1618585858585858,0.019812707994737267,263.54
13,0.15628282828282825,0.013280716399787508,267.04
14,0.060154882154882294,0.0189484721390054,272.1
15,0.07292255892255894,0.017934582873943384,276.98
16,0.06901010101010074,3.610368979706442e-05,276.99
17,0.0448754208754204,0.003718545795877009,278.02
18,0.015084175084175255,0.006546291633695393,279.84
19,0.019609427609427965,0.0,279.84
20,0.03401346801346794,0.007933104631217937,282.06
21,0.02962289562289544,0.0081542934127491,284.36
22,0.04103030303030297,0.006294837529891559,286.15
23,0.04018181818181776,0.005381792766031873,287.69
24,0.01562962962962966,0.01126212242344193,290.93
25,0.0194612794612794,0.0,290.93
26,0.027151515151515038,0.0,290.93
27,0.020875420875420936,0.003299762829546556,291.89
28,0.015609427609427629,0.0,291.89
29,0.028821548821548637,0.00373428346294848,292.98
30,0.026666666666666394,0.006519216328759533,294.89
31,0.015319865319865067,0.0,294.89
32,0.0164040404040402,0.0,294.89
33,0.01610774410774407,0.0,294.89
34,0.0065521885521886425,0.0,294.89
35,0.005892255892255949,0.005391841025467231,296.48
36,0.011245791245790837,0.0,296.48
37,0.014808080808080604,0.0,296.48
38,0.016774410774410442,0.0,296.48
39,0.012282828282828007,0.0,296.48
40,0.0025858585858585803,0.0,296.48
41,0.0033198653198652783,0.0,296.48
42,0.0013333333333338526,0.0,296.48
43,0.0013333333333338526,0.01801133297355631,301.82
44,0.002666666666666706,0.0,301.82
45,0.0019999999999995577,0.0,301.82
46,0.0019999999999995577,0.0,301.82
47,0.011272727272727212,0.0,301.82
48,0.016161616161616155,0.005002981909747501,303.33
49,0.01682828282828286,0.0018461741337816974,303.89
50,0.009252525252525179,0.0,303.89
51,0.004646464646464787,0.022310704531244955,310.67
52,0.010606060606060286,0.0,310.67
53,0.015737373737373828,0.0007725238999581842,310.91
54,0.004666666666666708,0.003827474188671955,312.1
55,0.002666666666666817,0.004229413649471301,313.42
56,0.004646464646464787,-0.004211601046519026,312.1
57,0.002666666666666817,0.0,312.1
58,0.005999999999999894,0.0,312.1
59,0.0019865319865314257,0.0,312.1
60,0.002666666666666817,0.004421659724447278,313.48
61,0.003993265993265993,0.0,313.48
62,0.002666666666666817,0.003126196248564378,314.46
63,0.0033265993265994,0.0,314.46
64,0.0032929292929292364,0.0,314.46
65,0.003986531986531983,0.0,314.46
66,0.00395286195286193,0.0,314.46
67,0.001993265993265547,0.0,314.46
68,0.0019999999999997797,0.0,314.46
69,0.0019999999999995577,0.0,314.46
70,0.003993265993265993,0.0,314.46
71,0.002666666666666817,0.0,314.46
72,0.0033333333333331883,0.0,314.46
73,0.004659932659932586,0.0,314.46
74,0.0039999999999997815,0.0,314.46
75,0.0026599326599329176,0.0,314.46
76,0.003326599326599178,0.0,314.46
77,0.0019999999999997797,0.0,314.46
78,0.0033265993265990668,0.004070470012084302,315.74
79,0.0013333333333338526,0.0,315.74
80,0.0039999999999997815,0.0,315.74
81,0.0026599326599326956,0.0,315.74
82,0.0019932659932656582,0.0,315.74
83,0.0013333333333338526,0.009849876480648678,318.85
84,0.010383838383838051,0.0,318.85
85,0.016828282828282637,0.0,318.85
86,0.0032525252525250625,0.0010036067116198624,319.17
87,0.0019999999999997797,0.008459441676849292,321.87
88,0.005326599326599291,0.0008699164258861425,322.15
89,0.0019999999999997797,0.0,322.15
90,0.00399326599326566,0.0,322.15
91,0.0044646464646467265,0.0,322.15
92,0.0053265993265990685,0.0,322.15
93,0.0033333333333332993,0.0,322.15
94,0.003313131313131268,0.0,322.15
95,0.0033198653198651673,0.0,322.15
96,0.003993265993265882,0.0,322.15
97,0.0039865319865317606,0.0,322.15
98,0.0033333333333331883,0.0,322.15
99,0.0039999999999998925,0.0,322.15
100,0.0026599326599329176,0.0,322.15
