generation number, pop_size, worst, best, median, avg, std, diversity, improvement, number_of_selections
0, 10, 7.39, 14.3, 10.26, 10.391, 2.181817820075728,0.9481481481481482,0,[1.e-300]
1, 10, 10.51, 16.41, 12.455, 13.033000000000001, 1.731340809892726,0.7777777777777778,0.1475524475524475,[1.e-300]
2, 10, 9.57, 16.41, 14.255, 13.285, 2.387635860008808,0.8148148148148149,0.0,[1.e-300]
3, 10, 11.2, 16.41, 13.79, 13.962, 1.4652289923421529,0.7111111111111111,0.0,[1.e-300]
4, 10, 10.0, 16.41, 13.875, 13.443000000000001, 2.3609703513597964,0.7925925925925926,0.0,[1.e-300]
5, 10, 10.57, 16.41, 13.085, 13.485000000000003, 2.160140041756552,0.8148148148148149,0.0,[1.e-300]
6, 10, 11.06, 16.41, 13.440000000000001, 13.697, 1.924022089270287,0.7037037037037037,0.0,[1.e-300]
7, 10, 12.82, 18.76, 15.855, 15.693999999999999, 1.5034773027884394,0.6074074074074074,0.14320536258379046,[1.e-300]
8, 10, 10.25, 18.76, 14.96, 14.578999999999999, 2.4860428395343472,0.6962962962962964,0.0,[1.e-300]
9, 10, 13.09, 18.76, 14.49, 15.167000000000002, 1.9394537890859895,0.6592592592592592,0.0,[1.e-300]
10, 10, 9.39, 18.76, 14.41, 14.113999999999999, 3.372925139993475,0.8296296296296296,0.0,[1.e-300]
