generation number, pop_size, worst, best, median, avg, std, diversity, improvement, number_of_selections
0, 10, 7.07, 16.6, 12.61, 12.436999999999998, 2.7576150927930465,0.9407407407407408,0,[1.e-300]
1, 10, 13.7, 16.71, 15.175, 15.172, 1.052813373775239,0.8592592592592593,0.006626506024096351,[1.e-300]
2, 10, 12.75, 17.41, 16.275, 15.697999999999999, 1.4483425009299424,0.6148148148148149,0.041891083183722276,[1.e-300]
3, 10, 10.61, 17.41, 14.0, 14.352999999999998, 2.0840731752987947,0.7185185185185186,0.0,[1.e-300]
4, 10, 11.42, 20.06, 16.05, 15.563999999999998, 2.650860992206117,0.6814814814814815,0.15221137277426758,[1.e-300]
5, 10, 13.79, 20.06, 14.365, 15.748999999999999, 2.2188125202459084,0.7185185185185186,0.0,[1.e-300]
6, 10, 11.11, 20.06, 15.525, 15.395, 2.8013969729404646,0.8,0.0,[1.e-300]
7, 10, 12.45, 20.06, 16.215, 16.401999999999997, 1.9143552439398488,0.8074074074074074,0.0,[1.e-300]
8, 10, 13.28, 20.39, 17.689999999999998, 17.520000000000003, 2.2301659131105023,0.7777777777777778,0.016450648055832597,[1.e-300]
9, 10, 13.53, 21.85, 17.075, 17.612, 2.520880005077592,0.6888888888888889,0.07160372731731245,[1.e-300]
10, 10, 12.73, 21.85, 18.515, 18.130000000000003, 3.0526545824904594,0.6074074074074074,0.0,[1.e-300]
