num_genrations,diversity,improvement,best_fitness
0,0.9973790322580646,0,207.35
1,0.8920362903225807,0.0,207.35
2,0.6732862903225806,0.15384615384615388,239.25
3,0.22983870967741937,-0.029258098223615466,232.25
4,0.3559475806451613,-0.02144241119483311,227.27
5,0.5623991935483872,0.006820081840982016,228.82
6,0.42207661290322585,0.1804912158028145,270.12
7,0.5240927419354838,0.0,270.12
8,0.36995967741935476,0.0,270.12
9,0.3637096774193549,0.178698356286095,318.39
10,0.10211693548387113,0.029209460096108582,327.69
