num_genrations,diversity,improvement,best_fitness
0,0.9959677419354839,0,21.65
1,0.9137096774193548,0.0969976905311779,23.75
2,0.8616935483870968,0.11115789473684214,26.39
3,0.6157258064516129,0.05873436907919669,27.94
4,0.48467741935483866,0.028632784538296246,28.74
5,0.35241935483870956,0.0,28.74
6,0.2790322580645159,0.028183716075156656,29.55
7,0.2802419354838708,0.010829103214890026,29.87
8,0.23346774193548359,0.06293940408436555,31.75
9,0.23870967741935467,0.0,31.75
10,0.10322580645161294,0.0,31.75
