generation number, individual number, fitness, candidate
0, 0, 64.48, [1224, 1620, 1509]
0, 1, 63.49, [1424, 1509, 1425]
0, 2, 62.81, [697, 1509, 1935]
0, 3, 61.34, [1509, 1226, 1935]
0, 4, 50.44, [695, 6917, 1425]
0, 5, 16.47, [1224, 1430, 1287]
0, 6, 13.0, [1480, 1652, 1430]
0, 7, 12.0, [749, 1401, 1020]
0, 8, 10.0, [751, 1064, 1125]
0, 9, 9.21, [1350, 1652, 697]
1, 0, 66.27, [1064, 1025, 1509]
1, 1, 64.48, [1224, 1620, 1509]
1, 2, 63.53, [1028, 1509, 1620]
1, 3, 63.49, [1424, 1509, 1425]
1, 4, 63.36, [1424, 1509, 1225]
1, 5, 63.11, [751, 1935, 1509]
1, 6, 22.04, [1224, 1425, 1990]
1, 7, 15.52, [697, 1091, 1620]
1, 8, 14.57, [1224, 1935, 2377]
1, 9, 14.0, [1131, 2332, 1425]
2, 0, 66.62, [1064, 1025, 1509]
2, 1, 66.27, [1064, 1025, 1509]
2, 2, 65.3, [1518, 1025, 1509]
2, 3, 64.48, [1224, 1620, 1509]
2, 4, 64.34, [1332, 1190, 1509]
2, 5, 64.28, [1224, 1131, 1509]
2, 6, 63.28, [1279, 1620, 1509]
2, 7, 62.37, [1064, 4227, 1509]
2, 8, 15.0, [1424, 1091, 1025]
2, 9, 8.0, [1247, 1025, 1028]
3, 0, 66.62, [1064, 1025, 1509]
3, 1, 66.27, [1064, 1025, 1509]
3, 2, 63.35, [1064, 1475, 1509]
3, 3, 62.64, [697, 1351, 1509]
3, 4, 62.02, [831, 1580, 1509]
3, 5, 15.43, [1224, 1025, 1767]
3, 6, 15.42, [1402, 1351, 2320]
3, 7, 10.53, [788, 1025, 1417]
3, 8, 8.0, [1906, 1225, 1351]
3, 9, 8.0, [2110, 1025, 1146]
4, 0, 67.15, [1064, 1068, 1509]
4, 1, 67.08, [1064, 1068, 1509]
4, 2, 66.62, [1064, 1025, 1509]
4, 3, 66.27, [1064, 1025, 1509]
4, 4, 64.32, [1131, 1401, 1509]
4, 5, 10.6, [1990, 1068, 1619]
4, 6, 10.51, [1328, 1378, 576]
4, 7, 10.0, [1064, 1620, 2171]
4, 8, 10.0, [1064, 1401, 1715]
4, 9, 6.54, [697, 905, 1518]
5, 0, 67.78, [1028, 1068, 1509]
5, 1, 67.15, [1064, 1068, 1509]
5, 2, 67.08, [1064, 1068, 1509]
5, 3, 61.18, [4227, 1190, 1509]
5, 4, 12.0, [2094, 1068, 1480]
5, 5, 10.0, [1064, 1090, 1401]
5, 6, 9.52, [1328, 1068, 1518]
5, 7, 8.54, [788, 1068, 1020]
5, 8, 8.0, [1480, 1906, 4227]
5, 9, 7.0, [1064, 1068, 1040]
6, 0, 67.78, [1028, 1068, 1509]
6, 1, 67.15, [1064, 1068, 1509]
6, 2, 63.12, [1064, 2332, 1509]
6, 3, 62.91, [4227, 751, 1509]
6, 4, 62.07, [4227, 1064, 1509]
6, 5, 7.0, [1028, 1068, 1090]
6, 6, 7.0, [1347, 1767, 1430]
6, 7, 6.7, [1028, 1190, 1990]
6, 8, 6.0, [1078, 1058, 645]
6, 9, 3.0, [1064, 1190, 2989]
7, 0, 70.38, [1223, 1068, 1509]
7, 1, 67.78, [1028, 1068, 1509]
7, 2, 67.15, [1064, 1068, 1509]
7, 3, 66.04, [1350, 1068, 1509]
7, 4, 65.38, [1064, 1058, 1509]
7, 5, 63.14, [1059, 1091, 1509]
7, 6, 47.59, [645, 6917, 1401]
7, 7, 9.0, [1064, 2320, 571]
7, 8, 6.0, [1028, 1068, 717]
7, 9, 6.0, [1368, 1497, 751]
8, 0, 70.64, [1407, 1068, 1509]
8, 1, 70.38, [1223, 1068, 1509]
8, 2, 67.78, [1028, 1068, 1509]
8, 3, 65.44, [1064, 1058, 1509]
8, 4, 64.38, [1332, 5684, 1509]
8, 5, 61.9, [1078, 1403, 1509]
8, 6, 13.0, [1091, 1437, 1906]
8, 7, 11.51, [1619, 1068, 1223]
8, 8, 11.49, [1223, 1146, 1827]
8, 9, 10.6, [1223, 1068, 1058]
9, 0, 70.64, [1407, 1068, 1509]
9, 1, 70.38, [1223, 1068, 1509]
9, 2, 65.87, [1407, 3662, 1509]
9, 3, 65.83, [1328, 1620, 1509]
9, 4, 62.83, [1028, 1020, 1509]
9, 5, 20.44, [1407, 1091, 1351]
9, 6, 12.52, [2377, 1068, 1407]
9, 7, 12.49, [1407, 1068, 320]
9, 8, 10.5, [1407, 1935, 1351]
9, 9, 10.0, [1827, 1068, 905]
10, 0, 70.64, [1407, 1068, 1509]
10, 1, 70.38, [1223, 1068, 1509]
10, 2, 68.93, [751, 576, 1509]
10, 3, 66.28, [1078, 1068, 1509]
10, 4, 65.45, [1223, 2110, 1509]
10, 5, 64.31, [1328, 1020, 1509]
10, 6, 16.48, [1223, 1620, 1401]
10, 7, 14.96, [1407, 1224, 1767]
10, 8, 14.55, [1223, 1068, 421]
10, 9, 14.52, [1328, 1068, 1351]
