generation number, individual number, fitness, candidate
0, 0, 2.07, [1025, 1401]
0, 1, 2.02, [970, 1224]
0, 2, 2.02, [749, 1157]
0, 3, 2.01, [1652, 1403]
0, 4, 2.0, [2110, 645]
0, 5, 2.0, [320, 970]
0, 6, 2.0, [1368, 1131]
0, 7, 2.0, [521, 1091]
0, 8, 2.0, [1230, 2171]
0, 9, 2.0, [1906, 970]
1, 0, 2.07, [975, 1091]
1, 1, 2.07, [1025, 1401]
1, 2, 2.03, [1068, 1224]
1, 3, 2.03, [749, 521]
1, 4, 2.02, [1149, 1403]
1, 5, 2.02, [1652, 1480]
1, 6, 2.02, [970, 1224]
1, 7, 2.01, [326, 1157]
1, 8, 2.01, [1025, 421]
1, 9, 2.0, [970, 1695]
2, 0, 2.07, [975, 1091]
2, 1, 2.07, [1025, 1401]
2, 2, 2.04, [1068, 1091]
2, 3, 2.04, [975, 1402]
2, 4, 2.04, [1131, 1401]
2, 5, 2.03, [140, 1332]
2, 6, 2.03, [970, 1328]
2, 7, 2.02, [1025, 1518]
2, 8, 2.02, [1247, 2332]
2, 9, 2.01, [1168, 1401]
2, 10, 2.01, [5684, 421]
3, 0, 2.07, [975, 1091]
3, 1, 2.07, [1025, 1401]
3, 2, 2.05, [1168, 1401]
3, 3, 2.05, [1332, 1125]
3, 4, 2.05, [785, 1401]
3, 5, 2.04, [1201, 1442]
3, 6, 2.04, [1168, 1401]
3, 7, 2.03, [1025, 1078]
3, 8, 2.02, [975, 320]
3, 9, 2.01, [695, 1279]
3, 10, 2.01, [1403, 1201]
3, 11, 2.0, [1025, 1311]
4, 0, 2.1, [1068, 1091]
4, 1, 2.08, [1157, 1091]
4, 2, 2.07, [975, 1091]
4, 3, 2.07, [1025, 1401]
4, 4, 2.05, [975, 1091]
4, 5, 2.04, [1168, 1125]
4, 6, 2.04, [1068, 1091]
4, 7, 2.02, [975, 1059]
4, 8, 2.02, [1225, 421]
4, 9, 2.02, [975, 1059]
4, 10, 2.01, [1168, 1430]
4, 11, 2.01, [1025, 1430]
4, 12, 2.0, [975, 1059]
5, 0, 2.11, [788, 1509]
5, 1, 2.1, [1068, 1091]
5, 2, 2.08, [1715, 1091]
5, 3, 2.08, [1157, 1091]
5, 4, 2.07, [1168, 1091]
5, 5, 2.06, [1168, 1091]
5, 6, 2.04, [1078, 1424]
5, 7, 2.03, [1168, 1091]
5, 8, 2.02, [1619, 749]
5, 9, 2.02, [1168, 1401]
5, 10, 2.02, [576, 831]
5, 11, 2.01, [831, 1091]
5, 12, 2.01, [1190, 1332]
5, 13, 2.0, [717, 1212]
6, 0, 2.19, [831, 1509]
6, 1, 2.11, [788, 1509]
6, 2, 2.1, [1068, 1091]
6, 3, 2.08, [697, 1091]
6, 4, 2.06, [697, 1091]
6, 5, 2.05, [717, 1091]
6, 6, 2.04, [697, 1091]
6, 7, 2.02, [1157, 1580]
6, 8, 2.02, [1378, 1351]
6, 9, 2.02, [1475, 1279]
6, 10, 2.02, [1168, 1223]
6, 11, 2.01, [831, 140]
6, 12, 2.01, [975, 1212]
6, 13, 2.0, [1168, 1695]
7, 0, 2.19, [831, 1509]
7, 1, 2.16, [645, 1509]
7, 2, 2.13, [1058, 1509]
7, 3, 2.11, [788, 1509]
7, 4, 2.03, [1935, 421]
7, 5, 2.02, [831, 1141]
7, 6, 2.02, [788, 1078]
7, 7, 2.01, [697, 645]
7, 8, 2.01, [697, 1402]
7, 9, 2.01, [831, 1620]
7, 10, 2.01, [697, 1403]
7, 11, 2.0, [5684, 1619]
7, 12, 2.0, [1190, 1059]
7, 13, 2.0, [585, 905]
8, 0, 2.19, [831, 1509]
8, 1, 2.18, [1347, 1509]
8, 2, 2.16, [645, 1509]
8, 3, 2.15, [717, 1509]
8, 4, 2.08, [1935, 1401]
8, 5, 2.06, [697, 1425]
8, 6, 2.04, [1190, 1332]
8, 7, 2.02, [717, 645]
8, 8, 2.02, [788, 695]
8, 9, 2.01, [1906, 1351]
8, 10, 2.01, [1058, 2989]
8, 11, 2.0, [831, 1090]
8, 12, 2.0, [4227, 697]
8, 13, 2.0, [1131, 320]
9, 0, 2.26, [1040, 1509]
9, 1, 2.19, [831, 1509]
9, 2, 2.18, [1347, 1509]
9, 3, 2.07, [1935, 1091]
9, 4, 2.04, [521, 1417]
9, 5, 2.04, [1935, 2377]
9, 6, 2.04, [1287, 1125]
9, 7, 2.03, [831, 785]
9, 8, 2.02, [1442, 1279]
9, 9, 2.01, [6917, 1168]
9, 10, 2.0, [831, 1059]
9, 11, 2.0, [1347, 1059]
9, 12, 2.0, [1347, 1146]
9, 13, 2.0, [645, 1402]
10, 0, 2.26, [1040, 1509]
10, 1, 2.22, [326, 1509]
10, 2, 2.19, [326, 1509]
10, 3, 2.19, [1020, 1509]
10, 4, 2.19, [831, 1509]
10, 5, 2.15, [1518, 1509]
10, 6, 2.12, [1025, 1509]
10, 7, 2.12, [1212, 1509]
10, 8, 2.05, [1040, 576]
10, 9, 2.02, [1078, 1417]
10, 10, 2.01, [1040, 2332]
10, 11, 2.01, [1407, 1190]
10, 12, 2.01, [1827, 751]
10, 13, 2.01, [1040, 1141]
10, 14, 2.0, [1190, 1611]
