n_nodes,influence,n0,n1,n2,n3,n4,n5,n6,n7,n8,n9,n10,n11,n12,n13,n14,n15,n16,n17,n18
19,22554.9300,69122,31254,28952,5658,37018,45730,59938,60072,22065,30259,64957,18623,9611,9188,50280,16110,13038,16375,2298
19,22554.9300,69122,31254,28952,5658,37018,45730,59938,60072,22065,30259,64957,18623,9611,9188,50280,16110,13038,16375,2298
19,22554.9300,69122,31254,28952,5658,37018,45730,59938,60072,22065,30259,64957,18623,9611,9188,50280,16110,13038,16375,2298
19,22554.9300,69122,31254,28952,5658,37018,45730,59938,60072,22065,30259,64957,18623,9611,9188,50280,16110,13038,16375,2298
19,22554.9300,69122,31254,28952,5658,37018,45730,59938,60072,22065,30259,64957,18623,9611,9188,50280,16110,13038,16375,2298
19,22554.9300,69122,31254,28952,5658,37018,45730,59938,60072,22065,30259,64957,18623,9611,9188,50280,16110,13038,16375,2298
19,22554.9300,69122,31254,28952,5658,37018,45730,59938,60072,22065,30259,64957,18623,9611,9188,50280,16110,13038,16375,2298
19,22554.9300,69122,31254,28952,5658,37018,45730,59938,60072,22065,30259,64957,18623,9611,9188,50280,16110,13038,16375,2298
19,22553.5300,69122,31254,28952,5658,37018,45730,59938,60072,22065,30259,64957,18623,9611,9188,50280,16110,13038,16375,2298
19,22553.5300,69122,31254,28952,5658,37018,45730,59938,60072,22065,30259,64957,18623,9611,9188,50280,16110,13038,16375,2298
19,22553.5300,69122,31254,28952,5658,37018,45730,59938,60072,22065,30259,64957,18623,9611,9188,50280,16110,13038,16375,2298
19,22553.5300,69122,31254,28952,5658,37018,45730,59938,60072,22065,30259,64957,18623,9611,9188,50280,16110,13038,16375,2298
19,22553.5300,69122,31254,28952,5658,37018,45730,59938,60072,22065,30259,64957,18623,9611,9188,50280,16110,13038,16375,2298
19,22553.5300,69122,31254,28952,5658,37018,45730,59938,60072,22065,30259,64957,18623,9611,9188,50280,16110,13038,16375,2298
19,22553.5300,69122,31254,28952,5658,37018,45730,59938,60072,22065,30259,64957,18623,9611,9188,50280,16110,13038,16375,2298
19,22553.5300,69122,31254,28952,5658,37018,45730,59938,60072,22065,30259,64957,18623,9611,9188,50280,16110,13038,16375,2298
