n_nodes,influence,n0,n1,n2,n3,n4,n5,n6,n7,n8
9,2145.2600,1568,6758,3974,7135,8142,6773,4438,2586,4607
9,2145.2600,1568,6758,3974,7135,8142,6773,4438,2586,4607
9,2145.2600,1568,6758,3974,7135,8142,6773,4438,2586,4607
9,2145.2600,1568,6758,3974,7135,8142,6773,4438,2586,4607
9,2145.2600,1568,6758,3974,7135,8142,6773,4438,2586,4607
9,2145.2600,1568,6758,3974,7135,8142,6773,4438,2586,4607
9,2145.2600,1568,6758,3974,7135,8142,6773,4438,2586,4607
9,2145.2600,1568,6758,3974,7135,8142,6773,4438,2586,4607
9,2145.2600,1568,6758,3974,7135,8142,6773,4438,2586,4607
9,2145.2600,1568,6758,3974,7135,8142,6773,4438,2586,4607
9,2145.2600,1568,6758,3974,7135,8142,6773,4438,2586,4607
9,2145.2600,1568,6758,3974,7135,8142,6773,4438,2586,4607
9,2145.2600,1568,6758,3974,7135,8142,6773,4438,2586,4607
9,2145.2600,1568,6758,3974,7135,8142,6773,4438,2586,4607
9,2145.2600,1568,6758,3974,7135,8142,6773,4438,2586,4607
9,2145.2600,1568,6758,3974,7135,8142,6773,4438,2586,4607
