num_genrations,diversity,improvement,best_fitness
0,1.0,0,21.920363726419023
1,0.815,0.023928402528684847,22.44488301323996
2,0.41500000000000004,0.0,22.44488301323996
3,0.02499999999999991,0.0,22.44488301323996
4,0.02499999999999991,0.03858505840322764,23.310920135159435
5,0.06833333333333313,0.0,23.310920135159435
6,0.11833333333333318,0.0,23.310920135159435
7,0.046666666666666634,0.0,23.310920135159435
8,0.06499999999999995,0.0,23.310920135159435
9,0.07999999999999996,0.0,23.310920135159435
10,0.06499999999999984,0.0,23.310920135159435
11,0.0,0.0,23.310920135159435
12,0.050000000000000044,0.00556607230500129,23.440670402127843
13,0.07166666666666655,0.0,23.440670402127843
14,0.22833333333333328,0.005373833946702094,23.566636672468253
15,0.30166666666666675,0.01734214265458581,23.97533264753099
