num_genrations,diversity,improvement,best_fitness
0,1.0,0,82.94
1,0.8866666666666667,0.26416686761514346,104.85
2,0.6133333333333333,0.0,104.85
3,0.2250000000000001,0.0,104.85
4,0.0,0.2961373390557941,135.9
5,0.02499999999999991,0.0,135.9
6,0.09999999999999987,0.016482707873436208,138.14
7,0.10499999999999987,-0.07101491240770215,128.33
8,0.09166666666666656,0.1371464193875165,145.93
9,0.10666666666666669,0.0,145.93
10,0.10499999999999976,0.0,145.93
11,0.09166666666666645,0.0,145.93
12,0.0,0.0,145.93
13,0.0,0.0,145.93
14,0.0,0.0,145.93
15,0.0,0.0,145.93
16,0.0,0.0,145.93
17,0.0,0.0,145.93
18,0.0,0.09093400945658865,159.2
19,0.0,0.0746231155778896,171.08
20,0.0,0.0,171.08
