generation number, individual number, fitness, candidate
0, 0, 62.32, [1509, 1425]
0, 1, 11.0, [1351, 2332]
0, 2, 8.53, [1620, 1223]
0, 3, 8.0, [2171, 1475]
0, 4, 6.0, [1068, 1906]
0, 5, 3.0, [1168, 1935]
0, 6, 3.0, [1652, 1906]
0, 7, 3.0, [1518, 1247]
0, 8, 2.0, [2989, 3662]
0, 9, 2.0, [2094, 1201]
1, 0, 66.2, [1509, 1068]
1, 1, 64.54, [1509, 2320]
1, 2, 64.28, [1509, 2320]
1, 3, 62.32, [1509, 1425]
1, 4, 11.0, [1058, 1425]
1, 5, 11.0, [1351, 2332]
1, 6, 7.57, [1287, 1223]
1, 7, 7.0, [2320, 1201]
1, 8, 7.0, [1351, 1201]
1, 9, 7.0, [1475, 2332]
2, 0, 66.2, [1509, 1068]
2, 1, 64.54, [1509, 2320]
2, 2, 63.8, [1509, 2320]
2, 3, 62.3, [1509, 831]
2, 4, 9.0, [571, 2171]
2, 5, 9.0, [1368, 1425]
2, 6, 7.0, [1287, 1068]
2, 7, 7.0, [576, 1424]
2, 8, 7.0, [1059, 2171]
2, 9, 5.0, [1417, 1437]
3, 0, 66.34, [1509, 2171]
3, 1, 66.2, [1509, 1068]
3, 2, 64.54, [1509, 2320]
3, 3, 64.2, [1509, 1058]
3, 4, 62.6, [1509, 1168]
3, 5, 8.0, [2171, 585]
3, 6, 7.0, [2332, 2320]
3, 7, 7.0, [3662, 1480]
3, 8, 5.0, [1090, 1141]
3, 9, 3.0, [775, 3124]
4, 0, 66.34, [1509, 2171]
4, 1, 66.2, [1509, 1068]
4, 2, 15.0, [1091, 1417]
4, 3, 11.0, [1351, 1068]
4, 4, 11.0, [1480, 1332]
4, 5, 8.0, [975, 695]
4, 6, 7.0, [1028, 2171]
4, 7, 5.0, [785, 775]
4, 8, 2.0, [1168, 1190]
4, 9, 2.0, [1107, 1347]
5, 0, 66.34, [1509, 2171]
5, 1, 66.2, [1509, 1068]
5, 2, 65.49, [1509, 1827]
5, 3, 65.45, [1509, 1141]
5, 4, 42.44, [6917, 5684]
5, 5, 16.0, [1091, 1125]
5, 6, 15.0, [1091, 1417]
5, 7, 12.0, [1351, 140]
5, 8, 11.0, [1430, 2171]
5, 9, 5.0, [421, 1090]
6, 0, 67.27, [140, 1509]
6, 1, 66.37, [1509, 1125]
6, 2, 66.34, [1509, 2171]
6, 3, 66.2, [1509, 1068]
6, 4, 11.5, [1402, 1425]
6, 5, 7.0, [1107, 2171]
6, 6, 6.0, [1064, 1332]
6, 7, 6.0, [1767, 2332]
6, 8, 6.0, [1332, 1201]
6, 9, 2.0, [1518, 3124]
7, 0, 67.27, [140, 1509]
7, 1, 66.37, [1509, 1125]
7, 2, 11.0, [576, 1068]
7, 3, 9.0, [1425, 1347]
7, 4, 9.0, [1141, 2332]
7, 5, 8.0, [140, 1403]
7, 6, 7.0, [1695, 695]
7, 7, 7.0, [140, 1368]
7, 8, 6.0, [1146, 1827]
7, 9, 5.49, [1223, 970]
8, 0, 67.56, [576, 1509]
8, 1, 67.27, [140, 1509]
8, 2, 66.37, [1509, 1125]
8, 3, 11.0, [140, 1332]
8, 4, 10.49, [1224, 2094]
8, 5, 7.0, [787, 1480]
8, 6, 7.0, [576, 1279]
8, 7, 6.0, [2332, 645]
8, 8, 4.55, [1168, 1402]
8, 9, 4.52, [645, 1402]
9, 0, 67.56, [576, 1509]
9, 1, 67.27, [140, 1509]
9, 2, 10.5, [1064, 1224]
9, 3, 7.0, [1430, 1475]
9, 4, 6.49, [788, 326]
9, 5, 6.0, [1332, 1619]
9, 6, 5.0, [1212, 521]
9, 7, 4.0, [1058, 1064]
9, 8, 3.0, [1247, 1201]
9, 9, 3.0, [1146, 1020]
10, 0, 67.56, [576, 1509]
10, 1, 67.27, [140, 1509]
10, 2, 65.21, [1025, 1509]
10, 3, 65.0, [1025, 1509]
10, 4, 64.66, [785, 1509]
10, 5, 11.56, [1157, 1224]
10, 6, 11.47, [140, 1223]
10, 7, 11.0, [571, 1401]
10, 8, 8.0, [576, 1475]
10, 9, 7.0, [1767, 1351]
