n_nodes,influence,n0,n1,n2,n3,n4,n5,n6
7,99.6000,177,7,44,816,79,83,320
7,99.6000,177,7,44,816,79,83,320
7,99.6000,177,7,44,816,79,83,320
7,96.7900,320,7,44,47,755,79,83
7,96.7900,320,7,44,47,755,79,83
7,96.7900,320,7,44,47,755,79,83
7,96.7900,320,7,44,47,755,79,83
7,96.7900,320,7,44,47,755,79,83
7,96.7900,320,7,44,47,755,79,83
7,96.7900,320,7,44,47,755,79,83
7,96.7900,320,7,44,47,755,79,83
7,95.0500,320,7,44,47,79,755,83
7,95.0500,320,7,44,47,79,755,83
7,94.7000,177,7,44,47,79,755,83
7,94.7000,177,7,44,47,79,755,83
7,94.4600,7,44,47,816,79,83,320
