generation number, pop_size, worst, best, median, avg, std, diversity, improvement, number_of_selections
0, 10, 3.01, 3.23, 3.045, 3.065, 0.06216912416947823,0.9703703703703703,0,[1.e-300]
1, 10, 3.06, 3.23, 3.11, 3.113, 0.04733920151417852,0.7555555555555555,0.0,[1.e-300]
2, 10, 3.05, 3.23, 3.085, 3.103, 0.056400354608814346,0.7481481481481482,0.0,[1.e-300]
3, 10, 3.07, 3.23, 3.1100000000000003, 3.12, 0.04538722287164089,0.7185185185185186,0.0,[1.e-300]
4, 10, 3.07, 3.23, 3.125, 3.125, 0.045442271070007055,0.7037037037037037,0.0,[1.e-300]
5, 10, 3.05, 3.23, 3.08, 3.107, 0.05459853477887479,0.7555555555555555,0.0,[1.e-300]
6, 10, 3.06, 3.23, 3.115, 3.123, 0.05000999900019994,0.725925925925926,0.0,[1.e-300]
7, 10, 3.05, 3.23, 3.125, 3.126, 0.053141321022345714,0.7777777777777778,0.0,[1.e-300]
8, 10, 3.07, 3.23, 3.085, 3.123, 0.05762811813689569,0.7185185185185186,0.0,[1.e-300]
9, 10, 3.08, 3.23, 3.1500000000000004, 3.1439999999999997, 0.05122499389946287,0.6518518518518518,0.0,[1.e-300]
10, 10, 3.07, 3.23, 3.12, 3.129, 0.04908156476723214,0.7111111111111111,0.0,[1.e-300]
