generation number, individual number, fitness, candidate
0, 0, 10.84, [89, 11387]
0, 1, 10.27, [65899, 134361]
0, 2, 9.3, [100141, 80449]
0, 3, 7.89, [286, 56237]
0, 4, 7.55, [150653, 33298]
0, 5, 7.52, [98062, 150652]
0, 6, 7.0, [73700, 134361]
0, 7, 6.71, [134361, 56239]
0, 8, 4.64, [12067, 70639]
0, 9, 4.29, [127088, 156909]
1, 0, 12.32, [65899, 56240]
1, 1, 10.86, [65899, 283]
1, 2, 10.84, [89, 11387]
1, 3, 10.27, [65899, 134361]
1, 4, 9.12, [56241, 11387]
1, 5, 8.13, [1061, 11387]
1, 6, 7.88, [70640, 33296]
1, 7, 7.31, [286, 278]
1, 8, 7.16, [150652, 134361]
1, 9, 6.77, [70638, 134361]
2, 0, 12.32, [65899, 56240]
2, 1, 10.86, [65899, 283]
2, 2, 9.99, [73703, 11387]
2, 3, 9.49, [65897, 46]
2, 4, 8.39, [65899, 67331]
2, 5, 8.11, [89, 91276]
2, 6, 7.22, [98063, 1061]
2, 7, 7.1, [823, 56240]
2, 8, 6.62, [56239, 77358]
2, 9, 5.93, [66171, 77358]
3, 0, 12.32, [65899, 56240]
3, 1, 10.86, [65899, 283]
3, 2, 10.77, [65899, 66059]
3, 3, 9.94, [70638, 56240]
3, 4, 9.52, [98065, 11387]
3, 5, 9.36, [46, 70638]
3, 6, 9.11, [221360, 56240]
3, 7, 6.15, [91277, 70639]
3, 8, 5.35, [134362, 113173]
3, 9, 5.0, [73703, 66059]
4, 0, 12.32, [65899, 56240]
4, 1, 10.86, [65899, 283]
4, 2, 10.23, [65899, 11925]
4, 3, 10.16, [80656, 100141]
4, 4, 7.58, [70638, 80662]
4, 5, 6.5, [134361, 284]
4, 6, 6.4, [31634, 100807]
4, 7, 6.05, [70638, 134365]
4, 8, 5.0, [46, 1927]
4, 9, 4.57, [80662, 156909]
5, 0, 12.32, [65899, 56240]
5, 1, 11.35, [65899, 73700]
5, 2, 10.86, [65899, 283]
5, 3, 8.84, [87, 73703]
5, 4, 8.75, [67332, 33297]
5, 5, 7.58, [100141, 66166]
5, 6, 6.44, [87893, 88]
5, 7, 6.12, [11925, 1061]
5, 8, 5.72, [558, 283]
5, 9, 5.43, [821, 11925]
6, 0, 12.32, [65899, 56240]
6, 1, 11.35, [65899, 73700]
6, 2, 11.32, [65899, 56241]
6, 3, 11.18, [65899, 90]
6, 4, 10.6, [65899, 12067]
6, 5, 9.84, [65899, 91276]
6, 6, 7.63, [1060, 56240]
6, 7, 7.25, [221360, 123524]
6, 8, 6.77, [87, 156909]
6, 9, 6.61, [91276, 73700]
7, 0, 12.32, [65899, 56240]
7, 1, 11.45, [65899, 65901]
7, 2, 11.35, [65899, 73700]
7, 3, 9.88, [65899, 66170]
7, 4, 9.68, [33297, 156909]
7, 5, 9.11, [11388, 821]
7, 6, 7.93, [1063, 89]
7, 7, 7.54, [148118, 66167]
7, 8, 7.08, [98065, 113173]
7, 9, 6.28, [70639, 73703]
8, 0, 12.32, [65899, 56240]
8, 1, 11.45, [65899, 65901]
8, 2, 9.74, [65899, 156909]
8, 3, 8.63, [73700, 98063]
8, 4, 7.38, [46, 66170]
8, 5, 7.08, [280, 65901]
8, 6, 6.66, [823, 56240]
8, 7, 6.11, [127088, 80450]
8, 8, 5.98, [66171, 66166]
8, 9, 5.64, [134361, 33299]
9, 0, 13.24, [65899, 89]
9, 1, 12.32, [65899, 56240]
9, 2, 11.45, [65899, 65901]
9, 3, 9.75, [65899, 113171]
9, 4, 8.11, [286, 150015]
9, 5, 7.66, [62858, 150654]
9, 6, 7.53, [65899, 65900]
9, 7, 7.22, [113171, 285]
9, 8, 6.24, [123524, 65901]
9, 9, 5.94, [80449, 80662]
10, 0, 13.24, [65899, 89]
10, 1, 12.32, [65899, 56240]
10, 2, 10.34, [127089, 89]
10, 3, 10.19, [80656, 89]
10, 4, 9.3, [31634, 89]
10, 5, 8.16, [285, 65901]
10, 6, 6.85, [12067, 73700]
10, 7, 6.3, [56240, 1927]
10, 8, 6.21, [286, 10375]
10, 9, 5.76, [281, 89]
