num_genrations,diversity,improvement,best_fitness
4,0.8879429133858268,0.0,9.21
0,1.0,0,9.21
5,0.6748277559055118,0.013029315960911966,9.33
6,0.3659448818897638,-0.0032154340836012176,9.3
1,0.9759842519685039,0.0,9.21
7,0.17347440944881898,0.0,9.3
8,0.03110236220472462,0.0,9.3
2,0.9581200787401575,0.0,9.21
9,0.0,0.0,9.3
3,0.9251476377952756,0.0,9.21
10,0.0,0.0,9.3
4,0.8879429133858268,0.0,9.21
5,0.6748277559055118,0.013029315960911966,9.33
6,0.3659448818897638,-0.0032154340836012176,9.3
7,0.17347440944881898,0.0,9.3
8,0.03110236220472462,0.0,9.3
9,0.0,0.0,9.3
10,0.0,0.0,9.3
