generation number, individual number, fitness, candidate
0, 0, 46.98, [6917, 1402, 1368]
0, 1, 20.44, [1091, 1230, 2171]
0, 2, 14.0, [1025, 1401, 521]
0, 3, 13.49, [1224, 1652, 1403]
0, 4, 6.0, [1131, 749, 1157]
0, 5, 6.0, [1064, 2377, 1287]
0, 6, 5.0, [320, 970, 1368]
0, 7, 5.0, [1040, 1028, 1058]
0, 8, 3.0, [2110, 645, 970]
0, 9, 3.0, [1906, 970, 1279]
1, 0, 67.81, [1509, 1230, 2171]
1, 1, 66.52, [1509, 1402, 521]
1, 2, 64.97, [1509, 1417, 1368]
1, 3, 51.02, [6917, 1402, 1125]
1, 4, 46.98, [6917, 1402, 1368]
1, 5, 20.44, [1091, 1230, 2171]
1, 6, 20.0, [1091, 1332, 521]
1, 7, 19.0, [1025, 1401, 2320]
1, 8, 18.0, [1025, 1401, 1125]
1, 9, 14.5, [1091, 788, 1368]
2, 0, 69.36, [1509, 1417, 1125]
2, 1, 67.81, [1509, 1230, 2171]
2, 2, 66.52, [1509, 1402, 521]
2, 3, 63.26, [1509, 1230, 1497]
2, 4, 12.54, [1442, 697, 140]
2, 5, 11.75, [1935, 1990, 1125]
2, 6, 8.0, [1107, 1580, 2171]
2, 7, 8.0, [2377, 1827, 2110]
2, 8, 8.0, [2377, 1059, 521]
2, 9, 7.88, [1131, 1230, 1125]
2, 10, 6.0, [4227, 1347, 521]
3, 0, 70.43, [1509, 1141, 2171]
3, 1, 70.13, [1509, 1141, 1125]
3, 2, 70.07, [1509, 1141, 2171]
3, 3, 69.36, [1509, 1417, 1125]
3, 4, 67.81, [1509, 1230, 2171]
3, 5, 63.87, [1509, 1230, 1368]
3, 6, 63.68, [1509, 1230, 1368]
3, 7, 14.0, [1425, 4227, 2171]
3, 8, 10.0, [1347, 1425, 2989]
3, 9, 9.0, [1695, 775, 695]
3, 10, 8.96, [2094, 1230, 1125]
4, 0, 70.43, [1509, 1141, 2171]
4, 1, 70.13, [1509, 1141, 1125]
4, 2, 68.18, [1509, 717, 1125]
4, 3, 67.15, [1509, 314, 1125]
4, 4, 66.57, [1509, 1064, 1125]
4, 5, 64.49, [1509, 1332, 1990]
4, 6, 61.48, [1509, 1906, 1226]
4, 7, 15.0, [1425, 1141, 785]
4, 8, 8.0, [421, 1028, 2377]
4, 9, 7.49, [749, 1402, 1201]
4, 10, 7.0, [2989, 1212, 1332]
5, 0, 70.43, [1509, 1141, 2171]
5, 1, 70.32, [1509, 1141, 1125]
5, 2, 70.13, [1509, 1141, 1125]
5, 3, 69.97, [1509, 1402, 1125]
5, 4, 69.63, [1509, 1402, 1125]
5, 5, 67.92, [1509, 521, 2171]
5, 6, 14.9, [1350, 775, 1125]
5, 7, 9.45, [1767, 1402, 1125]
5, 8, 8.61, [1201, 1402, 905]
5, 9, 8.0, [2989, 314, 2171]
5, 10, 6.0, [1475, 2989, 1058]
6, 0, 70.43, [1509, 1141, 2171]
6, 1, 70.32, [1509, 1141, 1125]
6, 2, 70.08, [1509, 1402, 2171]
6, 3, 69.48, [1509, 1402, 2171]
6, 4, 66.68, [1509, 1131, 2171]
6, 5, 61.22, [1509, 4227, 775]
6, 6, 13.0, [1480, 5684, 2320]
6, 7, 11.47, [2377, 1402, 1430]
6, 8, 11.0, [320, 1141, 905]
6, 9, 10.0, [1475, 1611, 2171]
6, 10, 8.0, [2332, 1347, 775]
7, 0, 70.43, [1509, 1141, 2171]
7, 1, 70.32, [1509, 1141, 1125]
7, 2, 70.22, [1509, 1141, 1125]
7, 3, 69.58, [1509, 1402, 2171]
7, 4, 66.37, [1509, 1347, 2171]
7, 5, 65.97, [1509, 1402, 314]
7, 6, 65.95, [787, 1141, 1509]
7, 7, 62.34, [1509, 5684, 2332]
7, 8, 61.76, [1509, 1580, 1437]
7, 9, 47.79, [1518, 1068, 6917]
7, 10, 11.0, [2989, 1141, 2171]
7, 11, 10.78, [905, 1402, 1328]
8, 0, 70.43, [1509, 1141, 2171]
8, 1, 70.32, [1509, 1141, 1125]
8, 2, 69.97, [1328, 2171, 1509]
8, 3, 69.46, [1509, 1402, 1125]
8, 4, 67.2, [1509, 1141, 717]
8, 5, 65.54, [1509, 788, 1141]
8, 6, 64.16, [1509, 1935, 785]
8, 7, 19.5, [1224, 326, 2171]
8, 8, 12.0, [751, 1058, 1125]
8, 9, 11.0, [3662, 1141, 2171]
8, 10, 11.0, [1475, 1141, 1125]
8, 11, 9.43, [1424, 1402, 1125]
8, 12, 6.0, [571, 1403, 1020]
9, 0, 70.43, [1509, 1141, 2171]
9, 1, 70.32, [1509, 1141, 1125]
9, 2, 69.96, [1509, 1402, 1125]
9, 3, 69.73, [1509, 1402, 1125]
9, 4, 66.46, [1509, 1020, 1125]
9, 5, 66.31, [1509, 1990, 2171]
9, 6, 65.48, [1509, 1475, 571]
9, 7, 63.58, [1509, 1652, 1091]
9, 8, 61.11, [1509, 2989, 2110]
9, 9, 21.0, [1091, 1141, 2171]
9, 10, 14.0, [1332, 1141, 1125]
9, 11, 14.0, [2171, 1141, 326]
9, 12, 11.0, [1417, 314, 2171]
9, 13, 9.5, [1378, 1402, 1025]
10, 0, 70.43, [1509, 1141, 2171]
10, 1, 70.32, [1509, 1141, 1125]
10, 2, 69.78, [1509, 1402, 1125]
10, 3, 68.55, [1509, 1827, 785]
10, 4, 68.2, [1509, 1141, 785]
10, 5, 66.55, [1509, 4227, 1125]
10, 6, 65.97, [1509, 1402, 1368]
10, 7, 23.0, [1401, 1141, 1091]
10, 8, 13.0, [1401, 1141, 1347]
10, 9, 12.4, [1425, 1402, 1107]
10, 10, 11.0, [1141, 1311, 2171]
10, 11, 10.04, [1695, 1230, 2171]
10, 12, 9.0, [775, 1020, 2171]
10, 13, 8.0, [975, 1141, 1078]
10, 14, 8.0, [1767, 695, 1378]
