num_genrations,diversity,improvement,best_fitness
0,1.0,0,66.22
1,0.7722222222222221,0.03231652068861372,68.36
2,0.6233333333333333,0.09098888238736101,74.58
3,0.6805555555555556,-0.004156610351300647,74.27
4,0.5661111111111111,0.07647771644001625,79.95
5,0.25277777777777777,0.019512195121951247,81.51
6,0.04888888888888887,0.020488283646178402,83.18
7,0.12722222222222213,0.01130079345996631,84.12
8,0.10944444444444423,0.0,84.12
9,0.06833333333333336,0.02365668093200184,86.11
10,0.06499999999999972,0.017884101730344982,87.65
