num_genrations,diversity,improvement,best_fitness
0,0.990989898989899,0,173.01
1,0.9137171717171717,0.06334893936766665,183.97
2,0.4472323232323232,0.058868293743545214,194.8
3,0.4081717171717173,0.07335728952772069,209.09
4,0.4280555555555555,0.07317423119230945,224.39
5,0.363479797979798,0.01706849681358355,228.22
6,0.1984343434343434,0.02615896941547629,234.19
7,0.13845959595959612,0.030616166360647405,241.36
8,0.1661868686868686,0.02117169373549878,246.47
9,0.13782828282828286,0.0,246.47
10,0.15063636363636368,0.02694039842577196,253.11
11,0.10243434343434354,0.00568922602820907,254.55
12,0.07851010101010103,0.025810253388332323,261.12
13,0.07897979797979782,0.0017999387254900828,261.59
14,0.07319191919191936,0.00898352383500907,263.94
15,0.06284848484848449,0.0026521179055845594,264.64
16,0.0627171717171714,0.012016324062877897,267.82
17,0.056191919191918904,0.0,267.82
18,0.054353535353535265,0.00694496303487422,269.68
19,0.041828282828283214,0.0,269.68
20,0.05328282828282804,0.006192524473450074,271.35
21,0.022505050505050583,0.008697254468398587,273.71
22,0.023343434343434666,0.002155566110116663,274.3
23,0.02386868686868726,0.005577834487786995,275.83
24,0.015409090909090817,0.0,275.83
25,0.018378787878787883,0.0,275.83
26,0.012944444444444536,0.0,275.83
27,0.0029393939393941304,0.0,275.83
28,0.005348484848485047,0.0,275.83
29,0.002989898989899209,0.0,275.83
30,0.003989898989898988,0.0,275.83
31,0.0040000000000000036,0.018562157850850178,280.95
32,0.00920707070707083,0.0026339206264460193,281.69
33,0.01239898989898991,0.004366502183251156,282.92
34,0.004489898989898822,0.0055492718789763645,284.49
35,0.010126262626262705,0.01880558191852074,289.84
36,0.013919191919192109,0.008763455699696455,292.38
37,0.00774747474747528,0.001744305356043474,292.89
38,0.012651515151515302,0.0,292.89
39,0.015166666666667106,0.0,292.89
40,0.0052121212121215565,0.0,292.89
41,0.00393939393939402,0.0,292.89
42,0.000500000000000167,0.0,292.89
43,0.00449494949494933,0.0,292.89
44,0.00298484848484859,0.0,292.89
45,0.0030000000000001137,0.0,292.89
46,0.00199494949494905,0.006350507016286025,294.75
47,0.006939393939394356,0.0,294.75
48,0.013000000000000234,0.012213740458015345,298.35
49,0.0053181818181821106,0.0006033182503769062,298.53
50,0.013444444444444814,0.01711720765082241,303.64
51,0.024070707070707575,0.01267948886839686,307.49
52,0.01123737373737399,0.003512309343393229,308.57
53,0.018151515151515252,0.008523187607350019,311.2
54,0.014388888888889007,0.003181233933161983,312.19
55,0.006348484848485159,0.004356321470899175,313.55
56,0.012969696969697297,0.0006059639610907279,313.74
57,0.013000000000000345,0.0016255498183208735,314.25
58,0.01452020202020221,0.0,314.25
59,0.018414141414141327,0.0014001591089896506,314.69
60,0.00946969696969735,0.0035908354253392084,315.82
61,0.010212121212121561,0.0,315.82
62,0.011636363636364,0.0006965993287316424,316.04
63,0.007545454545454966,0.0,316.04
64,0.0025000000000001688,0.0,316.04
65,0.001489898989898708,0.0,316.04
66,0.0035000000000000586,0.0015820782179470953,316.54
67,0.006045454545454687,0.0,316.54
68,0.014777777777778223,0.009161559360586267,319.44
69,0.01936868686868687,0.0,319.44
70,0.0281919191919191,0.0037252692211369827,320.63
71,0.018777777777777782,0.0,320.63
72,0.012136363636363945,0.00810903533668098,323.23
73,0.013242424242424389,0.004238467963988505,324.6
74,0.01829797979797998,0.0,324.6
75,0.02165656565656604,0.0,324.6
76,0.011989898989899106,0.00536044362292037,326.34
77,0.008191919191919528,0.0,326.34
78,0.021499999999999964,0.010510510510510532,329.77
79,0.010085858585858865,0.007035206355945033,332.09
80,0.014545454545454639,0.005480442048842332,333.91
81,0.01755050505050504,0.008145907579886707,336.63
82,0.022343434343434,0.0,336.63
83,0.012606060606060843,0.0,336.63
84,0.0038989898989900684,0.0013664854588122852,337.09
85,0.001000000000000556,0.007297754308938374,339.55
86,0.003994949494949607,0.0,339.55
87,0.002994949494949717,0.0,339.55
88,0.003979797979797972,0.004388160801060253,341.04
89,0.0014999999999999458,0.0,341.04
90,0.0030000000000001137,0.0,341.04
91,0.0019999999999997797,0.0,341.04
92,0.001000000000000556,0.0,341.04
93,0.00249494949494955,0.0,341.04
94,0.0025000000000001688,0.0,341.04
95,0.0025000000000001688,0.0,341.04
96,0.0014999999999997238,0.0,341.04
97,0.0019999999999997797,0.0,341.04
98,0.0030000000000001137,0.0,341.04
99,0.00249494949494955,0.0,341.04
100,0.001000000000000556,0.0,341.04
