num_genrations,diversity,improvement,best_fitness
0,1.0,0,1578.984
1,0.9216666666666666,0.016557482533071904,1605.128
2,0.7433333333333334,0.03796581954834758,1666.068
3,0.2466666666666666,0.0031919465471997445,1671.386
4,0.31666666666666665,0.004379598728241074,1678.706
5,0.1416666666666666,0.007024458124293441,1690.498
6,0.1549999999999998,0.002567290821994417,1694.838
7,0.1599999999999997,0.03048550952952443,1746.506
8,0.11333333333333329,0.0992598937535857,1919.864
9,0.18166666666666653,0.0,1919.864
10,0.28833333333333333,0.03880795723030374,1994.37
