num_genrations,diversity,improvement,best_fitness
0,1.0,0,1439.54
1,0.8472222222222222,-0.23790933214776944,1097.06
2,0.5344444444444444,0.017574243888210283,1116.34
3,0.5783333333333334,0.039459304512962166,1160.39
4,0.275,0.14320185454890152,1326.56
5,0.18055555555555558,-0.11633096128331921,1172.24
6,0.06833333333333313,0.015082235719647908,1189.92
7,0.08666666666666667,0.0,1189.92
8,0.11055555555555541,0.08705627269060097,1293.51
9,0.13888888888888884,0.0,1293.51
10,0.13111111111111118,0.08158421658897107,1399.04
