generation number, individual number, fitness, candidate
0, 0, 32.62, [1381, 5117]
0, 1, 13.7, [970, 964]
0, 2, 12.0, [476, 970]
0, 3, 9.0, [716, 785]
0, 4, 7.4, [336, 841]
0, 5, 6.47, [1141, 1381]
0, 6, 5.0, [831, 786]
0, 7, 4.0, [902, 3147]
0, 8, 4.0, [1419, 247]
0, 9, 3.0, [1509, 902]
1, 0, 32.62, [1381, 5117]
1, 1, 30.0, [635, 5117]
1, 2, 13.7, [970, 964]
1, 3, 10.25, [1555, 439]
1, 4, 9.3, [1378, 964]
1, 5, 8.0, [1381, 247]
1, 6, 8.0, [2070, 1574]
1, 7, 6.0, [1381, 429]
1, 8, 6.0, [970, 831]
1, 9, 6.0, [487, 2667]
2, 0, 36.19, [476, 5117]
2, 1, 33.29, [1543, 5117]
2, 2, 32.62, [1381, 5117]
2, 3, 30.0, [635, 5117]
2, 4, 29.69, [735, 5117]
2, 5, 10.0, [247, 476]
2, 6, 10.0, [1381, 487]
2, 7, 9.0, [1603, 439]
2, 8, 8.0, [816, 1543]
2, 9, 6.55, [809, 1430]
3, 0, 36.19, [476, 5117]
3, 1, 33.93, [741, 5117]
3, 2, 33.29, [1543, 5117]
3, 3, 32.25, [5117, 809]
3, 4, 30.06, [1419, 5117]
3, 5, 11.0, [1543, 476]
3, 6, 10.0, [476, 1574]
3, 7, 9.0, [439, 934]
3, 8, 7.0, [990, 1381]
3, 9, 7.0, [1543, 1574]
4, 0, 36.19, [476, 5117]
4, 1, 33.93, [741, 5117]
4, 2, 33.22, [819, 5117]
4, 3, 12.0, [487, 934]
4, 4, 9.0, [1138, 1028]
4, 5, 9.0, [662, 2070]
4, 6, 9.0, [831, 1138]
4, 7, 8.17, [1347, 819]
4, 8, 8.0, [934, 1419]
4, 9, 7.53, [741, 841]
5, 0, 36.61, [964, 5117]
5, 1, 36.19, [476, 5117]
5, 2, 33.93, [741, 5117]
5, 3, 12.0, [1514, 934]
5, 4, 9.27, [476, 1555]
5, 5, 9.0, [487, 786]
5, 6, 7.58, [841, 2070]
5, 7, 7.0, [902, 1381]
5, 8, 7.0, [697, 970]
5, 9, 6.0, [1028, 990]
6, 0, 38.56, [2340, 520]
6, 1, 36.61, [964, 5117]
6, 2, 36.19, [476, 5117]
6, 3, 30.9, [786, 5117]
6, 4, 28.89, [1378, 5117]
6, 5, 12.4, [964, 662]
6, 6, 9.4, [964, 2667]
6, 7, 8.47, [741, 1430]
6, 8, 8.0, [476, 2667]
6, 9, 7.55, [841, 1514]
7, 0, 38.56, [336, 520]
7, 1, 38.56, [2340, 520]
7, 2, 36.61, [964, 5117]
7, 3, 34.65, [247, 520]
7, 4, 10.45, [1138, 841]
7, 5, 8.0, [476, 1394]
7, 6, 8.0, [798, 476]
7, 7, 5.0, [2340, 735]
7, 8, 4.51, [1509, 1430]
7, 9, 4.0, [1419, 1574]
8, 0, 38.56, [336, 520]
8, 1, 38.56, [2340, 520]
8, 2, 37.8, [751, 520]
8, 3, 34.62, [15, 520]
8, 4, 34.25, [5117, 487]
8, 5, 13.56, [336, 1138]
8, 6, 9.55, [964, 831]
8, 7, 7.46, [336, 3147]
8, 8, 6.0, [751, 98]
8, 9, 4.0, [635, 809]
9, 0, 38.56, [336, 520]
9, 1, 38.56, [2340, 520]
9, 2, 36.32, [98, 520]
9, 3, 35.35, [1048, 520]
9, 4, 15.0, [716, 934]
9, 5, 9.09, [970, 1347]
9, 6, 8.0, [751, 990]
9, 7, 8.0, [819, 662]
9, 8, 8.0, [934, 429]
9, 9, 7.0, [751, 816]
10, 0, 38.56, [336, 520]
10, 1, 38.56, [2340, 520]
10, 2, 37.17, [841, 520]
10, 3, 34.47, [247, 520]
10, 4, 30.69, [5117, 2070]
10, 5, 29.01, [1141, 5117]
10, 6, 10.0, [1514, 990]
10, 7, 9.5, [841, 476]
10, 8, 7.0, [2667, 934]
10, 9, 6.45, [2340, 1289]
