generation number, pop_size, worst, best, median, avg, std, diversity, improvement, number_of_selections
0, 10, 2.0, 2.09, 2.01, 2.021, 0.026999999999999972,0.9666666666666667,0,[1.e-300]
1, 10, 2.01, 2.09, 2.045, 2.043, 0.0245153013442625,0.9222222222222223,0.0,[1.e-300]
2, 10, 2.01, 2.09, 2.03, 2.0379999999999994, 0.02749545416973505,0.9222222222222223,0.0,[1.e-300]
3, 10, 2.02, 2.13, 2.065, 2.061, 0.031448370387032756,0.9111111111111111,0.01913875598086126,[1.e-300]
4, 10, 2.03, 2.13, 2.065, 2.071, 0.03300000000000003,0.8555555555555556,0.0,[1.e-300]
5, 10, 2.04, 2.17, 2.09, 2.0919999999999996, 0.03815756805667783,0.8777777777777778,0.018779342723004713,[1.e-300]
6, 10, 2.01, 2.17, 2.0300000000000002, 2.063, 0.05496362433464518,0.8777777777777778,0.0,[1.e-300]
7, 10, 2.01, 2.17, 2.05, 2.0669999999999993, 0.051000000000000004,0.9,0.0,[1.e-300]
8, 10, 2.04, 2.17, 2.0700000000000003, 2.085, 0.04129164564412518,0.9222222222222223,0.0,[1.e-300]
9, 10, 2.03, 2.17, 2.06, 2.075, 0.04129164564412517,0.9222222222222223,0.0,[1.e-300]
10, 10, 2.01, 2.17, 2.065, 2.072, 0.0481248376620639,0.9111111111111111,0.0,[1.e-300]
