num_genrations,diversity,improvement,best_fitness
0,0.9999507874015748,0,1559.76
1,0.9787893700787401,0.17587321126327124,1834.08
2,0.9476131889763779,0.0,1834.08
3,0.8760580708661417,0.5294316496554131,2805.1
4,0.675123031496063,0.01476952693308627,2846.53
5,0.6704232283464567,0.046207136408188125,2978.06
6,0.6777066929133858,0.12202574830594418,3341.46
7,0.5258612204724409,0.001738760900923532,3347.27
8,0.45935039370078734,0.006993759093231157,3370.68
9,0.5138533464566929,0.0,3370.68
10,0.43348917322834624,0.04595808560883867,3525.59
