num_genrations,diversity,improvement,best_fitness
0,0.9999007936507937,0,146.43
1,0.9497023809523809,0.19995902479000205,175.71
2,0.8292658730158731,0.43366911388082596,251.90999999999994
3,0.6671626984126984,0.056686911992376444,266.1899999999995
4,0.5402777777777779,0.2614673729291129,335.7899999999999
5,0.3016865079365081,0.0007445129396348911,336.0399999999999
6,0.4305555555555556,0.008987025354124458,339.0599999999999
7,0.41835317460317456,0.05857370376924478,358.92
8,0.12132936507936498,0.0,358.92
9,0.12430555555555556,0.0,358.92
10,0.11438492063492078,0.0,358.92
