generation number, individual number, fitness, candidate
0, 0, 2.1, [90, 56240]
0, 1, 2.08, [286, 56237]
0, 2, 2.08, [98062, 150652]
0, 3, 2.07, [127088, 156909]
0, 4, 2.06, [65899, 134361]
0, 5, 2.04, [150653, 33298]
0, 6, 2.03, [89, 11387]
0, 7, 2.02, [12067, 70639]
0, 8, 2.02, [100141, 80449]
0, 9, 2.0, [134361, 56239]
1, 0, 2.12, [90, 150654]
1, 1, 2.12, [286, 62858]
1, 2, 2.11, [90, 148118]
1, 3, 2.11, [283, 56240]
1, 4, 2.1, [90, 62858]
1, 5, 2.1, [90, 56240]
1, 6, 2.09, [144434, 56240]
1, 7, 2.08, [286, 56237]
1, 8, 2.07, [80450, 56240]
1, 9, 2.06, [31634, 118606]
2, 0, 2.17, [286, 62858]
2, 1, 2.14, [283, 56239]
2, 2, 2.14, [286, 62858]
2, 3, 2.12, [90, 150654]
2, 4, 2.12, [286, 62858]
2, 5, 2.11, [56240, 150654]
2, 6, 2.11, [283, 148118]
2, 7, 2.1, [90, 62858]
2, 8, 2.08, [90, 56239]
2, 9, 2.08, [90, 62858]
3, 0, 2.17, [286, 62858]
3, 1, 2.14, [87, 66167]
3, 2, 2.14, [283, 56239]
3, 3, 2.13, [118602, 62858]
3, 4, 2.1, [286, 56241]
3, 5, 2.07, [71858, 1061]
3, 6, 2.06, [282, 65900]
3, 7, 2.04, [98062, 62858]
3, 8, 2.04, [70639, 86]
3, 9, 2.03, [67332, 11387]
4, 0, 2.17, [286, 62858]
4, 1, 2.14, [87, 66167]
4, 2, 2.14, [87, 66167]
4, 3, 2.13, [150655, 86]
4, 4, 2.13, [286, 56239]
4, 5, 2.12, [118602, 90]
4, 6, 2.11, [150655, 66167]
4, 7, 2.1, [286, 65897]
4, 8, 2.1, [98062, 88]
4, 9, 2.07, [284, 66167]
5, 0, 2.17, [286, 62858]
5, 1, 2.14, [87, 66167]
5, 2, 2.13, [86, 62858]
5, 3, 2.12, [282, 66167]
5, 4, 2.11, [286, 56239]
5, 5, 2.1, [87, 56241]
5, 6, 2.1, [89, 62858]
5, 7, 2.09, [11387, 11926]
5, 8, 2.06, [286, 1927]
5, 9, 2.05, [282, 134365]
6, 0, 2.17, [286, 62858]
6, 1, 2.15, [1061, 87]
6, 2, 2.14, [88, 62858]
6, 3, 2.14, [87, 66167]
6, 4, 2.1, [86, 56241]
6, 5, 2.09, [86, 56239]
6, 6, 2.09, [89, 62858]
6, 7, 2.08, [285, 118606]
6, 8, 2.07, [89, 66167]
6, 9, 2.06, [286, 149059]
7, 0, 2.18, [285, 62858]
7, 1, 2.17, [286, 62858]
7, 2, 2.15, [1061, 87]
7, 3, 2.1, [286, 56240]
7, 4, 2.09, [87, 11387]
7, 5, 2.09, [1061, 66169]
7, 6, 2.08, [88, 56237]
7, 7, 2.07, [11387, 70639]
7, 8, 2.07, [86, 66167]
7, 9, 2.06, [12067, 221360]
8, 0, 2.18, [285, 62858]
8, 1, 2.17, [286, 62858]
8, 2, 2.13, [285, 66167]
8, 3, 2.1, [150653, 56240]
8, 4, 2.09, [282, 62858]
8, 5, 2.09, [118602, 90]
8, 6, 2.07, [11935, 62858]
8, 7, 2.07, [70639, 66169]
8, 8, 2.06, [90, 33298]
8, 9, 2.05, [285, 67332]
9, 0, 2.18, [285, 62858]
9, 1, 2.17, [286, 62858]
9, 2, 2.13, [285, 62858]
9, 3, 2.12, [282, 62858]
9, 4, 2.1, [285, 66167]
9, 5, 2.08, [91277, 65899]
9, 6, 2.08, [80661, 56237]
9, 7, 2.08, [11388, 1061]
9, 8, 2.07, [100141, 62858]
9, 9, 2.04, [1062, 62858]
10, 0, 2.18, [285, 62858]
10, 1, 2.17, [286, 62858]
10, 2, 2.11, [134362, 66169]
10, 3, 2.1, [1062, 62858]
10, 4, 2.09, [150654, 150015]
10, 5, 2.08, [1061, 88]
10, 6, 2.07, [80449, 98065]
10, 7, 2.06, [286, 95674]
10, 8, 2.05, [1062, 80656]
10, 9, 2.05, [87, 91277]
