n_nodes,influence,n0,n1,n2,n3,n4,n5,n6,n7,n8,n9,n10,n11,n12
13,24.9800,161165,76029,143313,152542,104473,216991,21994,12880,171431,169680,11411,53751,142657
13,24.9800,161165,76029,143313,152542,104473,216991,21994,12880,171431,169680,11411,53751,142657
13,24.9600,161165,76029,143313,152542,104473,216991,21994,12880,171431,169680,11411,53751,142657
13,24.9600,161165,76029,143313,152542,104473,216991,21994,12880,171431,169680,11411,53751,142657
13,24.9600,161165,76029,143313,152542,104473,216991,21994,12880,171431,169680,11411,53751,142657
13,24.9600,161165,76029,143313,152542,104473,216991,21994,12880,171431,169680,11411,53751,142657
13,24.9600,161165,76029,143313,152542,104473,216991,21994,12880,171431,169680,11411,53751,142657
13,24.9600,161165,76029,143313,152542,104473,216991,21994,12880,171431,169680,11411,53751,142657
13,24.9600,161165,76029,143313,152542,104473,216991,21994,12880,171431,169680,11411,53751,142657
13,24.9600,161165,76029,143313,152542,104473,216991,21994,12880,171431,169680,11411,53751,142657
13,24.9600,161165,76029,143313,152542,104473,216991,21994,12880,171431,169680,11411,53751,142657
13,24.9600,161165,76029,143313,152542,104473,216991,21994,12880,171431,169680,11411,53751,142657
13,24.9600,161165,76029,143313,152542,104473,216991,21994,12880,171431,169680,11411,53751,142657
13,24.9600,161165,76029,143313,152542,104473,216991,21994,12880,171431,169680,11411,53751,142657
13,24.8800,142657,171431,21994,161165,12880,143313,169680,11411,53751,104473,207259,152542,216991
13,24.8800,142657,171431,21994,161165,12880,143313,169680,11411,53751,104473,207259,152542,216991
