generation number, individual number, fitness, candidate
0, 0, 8.72, [91978, 56239]
0, 1, 8.0, [91978, 100807]
0, 2, 7.94, [96144, 59751]
0, 3, 7.64, [96144, 279]
0, 4, 7.19, [558, 98062]
0, 5, 6.46, [94017, 98065]
0, 6, 6.13, [70195, 70194]
0, 7, 5.7, [13042, 113477]
0, 8, 4.23, [113478, 66079]
0, 9, 4.2, [1060, 40787]
1, 0, 9.0, [91978, 85839]
1, 1, 8.85, [70196, 87]
1, 2, 8.72, [91978, 56239]
1, 3, 8.41, [11387, 76776]
1, 4, 8.0, [96148, 100807]
1, 5, 8.0, [91978, 100807]
1, 6, 7.95, [96147, 56239]
1, 7, 7.76, [96144, 90]
1, 8, 7.76, [96148, 279]
1, 9, 7.35, [96144, 56241]
2, 0, 13.74, [66076, 87]
2, 1, 10.48, [70196, 62858]
2, 2, 9.86, [70196, 47392]
2, 3, 9.67, [70196, 56240]
2, 4, 9.0, [91978, 47392]
2, 5, 9.0, [91978, 85839]
2, 6, 8.99, [96147, 88]
2, 7, 8.85, [70196, 87]
2, 8, 8.15, [96148, 87]
2, 9, 8.12, [91978, 46]
3, 0, 13.74, [66076, 87]
3, 1, 13.36, [66076, 86]
3, 2, 12.49, [66076, 124712]
3, 3, 10.48, [70196, 62858]
3, 4, 8.71, [70196, 90]
3, 5, 8.16, [14197, 62858]
3, 6, 7.82, [56239, 11387]
3, 7, 7.52, [70195, 56240]
3, 8, 6.71, [70196, 70198]
3, 9, 6.69, [66169, 14198]
4, 0, 13.74, [66076, 87]
4, 1, 13.36, [66076, 86]
4, 2, 13.35, [66076, 87]
4, 3, 13.1, [66076, 86]
4, 4, 12.58, [66076, 90]
4, 5, 12.28, [66076, 56241]
4, 6, 11.9, [66076, 94015]
4, 7, 7.9, [85839, 6376]
4, 8, 7.87, [76776, 124712]
4, 9, 7.2, [285, 121382]
5, 0, 14.39, [66076, 144434]
5, 1, 13.74, [66076, 87]
5, 2, 13.62, [66076, 282]
5, 3, 13.36, [66076, 86]
5, 4, 9.4, [70194, 86]
5, 5, 7.86, [70195, 62858]
5, 6, 7.53, [90, 127089]
5, 7, 7.44, [59751, 66079]
5, 8, 7.2, [73931, 70365]
5, 9, 7.03, [46, 93406]
6, 0, 14.91, [66076, 88]
6, 1, 14.39, [66076, 144434]
6, 2, 13.74, [66076, 87]
6, 3, 13.5, [66076, 46]
6, 4, 10.29, [11388, 14198]
6, 5, 8.75, [70194, 87]
6, 6, 7.68, [70197, 144434]
6, 7, 7.62, [1061, 56239]
6, 8, 7.56, [70195, 86]
6, 9, 6.9, [46, 86]
7, 0, 14.91, [66076, 88]
7, 1, 14.39, [66076, 144434]
7, 2, 12.45, [66076, 279]
7, 3, 8.75, [66079, 88]
7, 4, 7.92, [87, 96144]
7, 5, 7.75, [70364, 66078]
7, 6, 7.51, [130282, 94016]
7, 7, 7.31, [40788, 88]
7, 8, 7.11, [59751, 90]
7, 9, 6.84, [70195, 127089]
8, 0, 14.91, [66076, 88]
8, 1, 14.39, [66076, 144434]
8, 2, 13.2, [66076, 46]
8, 3, 13.18, [66076, 62858]
8, 4, 12.87, [66076, 100807]
8, 5, 8.93, [86543, 70193]
8, 6, 8.58, [70194, 14199]
8, 7, 7.71, [66079, 70199]
8, 8, 7.7, [87, 62858]
8, 9, 7.5, [14200, 46]
9, 0, 14.91, [66076, 88]
9, 1, 14.39, [66076, 144434]
9, 2, 12.73, [66076, 86]
9, 3, 9.57, [66076, 1927]
9, 4, 7.82, [282, 94016]
9, 5, 7.6, [14200, 86]
9, 6, 6.76, [56237, 96148]
9, 7, 6.52, [66079, 66171]
9, 8, 6.1, [285, 286]
9, 9, 5.84, [1927, 88]
10, 0, 14.91, [66076, 88]
10, 1, 14.39, [66076, 144434]
10, 2, 13.33, [66076, 46]
10, 3, 9.53, [80450, 88]
10, 4, 9.46, [70196, 86]
10, 5, 7.39, [93407, 56240]
10, 6, 7.21, [66167, 821]
10, 7, 7.05, [94017, 144434]
10, 8, 6.98, [77088, 127089]
10, 9, 5.66, [40786, 56240]
11, 0, 14.91, [66076, 88]
11, 1, 14.39, [66076, 144434]
11, 2, 13.14, [66076, 127089]
11, 3, 12.38, [66076, 127089]
11, 4, 9.84, [56240, 98062]
11, 5, 8.27, [66079, 88]
11, 6, 8.04, [80450, 144434]
11, 7, 7.64, [94016, 46]
11, 8, 6.43, [6376, 285]
11, 9, 5.96, [90, 94015]
12, 0, 14.91, [66076, 88]
12, 1, 14.39, [66076, 144434]
12, 2, 13.89, [66076, 98065]
12, 3, 12.04, [66076, 14200]
12, 4, 8.12, [100807, 86]
12, 5, 7.89, [96144, 59751]
12, 6, 6.71, [66079, 94016]
12, 7, 6.08, [280, 86]
12, 8, 5.39, [70197, 90]
12, 9, 5.1, [148118, 47500]
13, 0, 14.91, [66076, 88]
13, 1, 14.39, [66076, 144434]
13, 2, 14.0, [66076, 73932]
13, 3, 11.25, [66076, 823]
13, 4, 8.37, [70196, 70364]
13, 5, 7.85, [59751, 46]
13, 6, 7.77, [13042, 86]
13, 7, 6.36, [66169, 96144]
13, 8, 6.17, [66170, 96144]
13, 9, 6.13, [62858, 40787]
14, 0, 14.91, [66076, 88]
14, 1, 14.39, [66076, 144434]
14, 2, 12.8, [70193, 144434]
14, 3, 11.79, [66076, 94015]
14, 4, 9.9, [86, 76776]
14, 5, 9.8, [70196, 98065]
14, 6, 9.26, [66076, 93408]
14, 7, 8.57, [283, 88]
14, 8, 7.93, [70194, 14198]
14, 9, 7.73, [96148, 14198]
15, 0, 14.91, [66076, 88]
15, 1, 14.39, [66076, 144434]
15, 2, 13.43, [66076, 98065]
15, 3, 12.72, [70193, 144434]
15, 4, 10.75, [70196, 144434]
15, 5, 10.37, [70193, 279]
15, 6, 9.94, [76776, 88]
15, 7, 9.06, [14199, 88]
15, 8, 7.94, [93406, 88]
15, 9, 7.76, [284, 127089]
16, 0, 14.91, [66076, 88]
16, 1, 14.39, [66076, 144434]
16, 2, 13.12, [66076, 127089]
16, 3, 11.35, [70364, 144434]
16, 4, 10.1, [86, 144434]
16, 5, 9.83, [70364, 88]
16, 6, 7.99, [96148, 46]
16, 7, 7.72, [46, 284]
16, 8, 7.48, [77088, 98062]
16, 9, 5.91, [14199, 823]
17, 0, 14.91, [66076, 88]
17, 1, 14.39, [66076, 144434]
17, 2, 13.53, [66076, 100807]
17, 3, 11.96, [70193, 88]
17, 4, 8.93, [93407, 70193]
17, 5, 8.89, [91978, 46]
17, 6, 8.69, [70196, 14199]
17, 7, 8.64, [282, 96148]
17, 8, 7.59, [98062, 1060]
17, 9, 6.0, [40786, 85839]
18, 0, 14.91, [66076, 88]
18, 1, 14.39, [66076, 144434]
18, 2, 12.73, [66076, 70193]
18, 3, 9.95, [286, 144434]
18, 4, 9.86, [66076, 1927]
18, 5, 9.46, [80450, 88]
18, 6, 9.02, [98065, 96147]
18, 7, 8.92, [282, 98065]
18, 8, 8.29, [88, 46]
18, 9, 7.34, [66079, 279]
19, 0, 14.91, [66076, 88]
19, 1, 14.39, [66076, 144434]
19, 2, 10.98, [70196, 88]
19, 3, 9.47, [66076, 66079]
19, 4, 8.82, [100807, 62858]
19, 5, 7.97, [280, 88]
19, 6, 7.06, [281, 98062]
19, 7, 6.3, [1060, 286]
19, 8, 5.0, [96144, 96147]
19, 9, 4.89, [280, 86543]
20, 0, 14.91, [66076, 88]
20, 1, 14.39, [66076, 144434]
20, 2, 13.48, [66076, 46]
20, 3, 9.0, [96147, 85839]
20, 4, 8.79, [70195, 144434]
20, 5, 7.66, [59751, 80450]
20, 6, 6.74, [283, 66079]
20, 7, 6.74, [98063, 96148]
20, 8, 6.17, [96648, 279]
20, 9, 5.92, [42918, 98065]
21, 0, 14.91, [66076, 88]
21, 1, 14.39, [66076, 144434]
21, 2, 12.81, [282, 66076]
21, 3, 12.19, [66076, 90]
21, 4, 9.71, [14198, 144434]
21, 5, 7.9, [85838, 88]
21, 6, 7.43, [94017, 88]
21, 7, 6.86, [14223, 88]
21, 8, 6.59, [42918, 144434]
21, 9, 6.59, [148118, 14199]
22, 0, 15.22, [66076, 144434]
22, 1, 14.91, [66076, 88]
22, 2, 14.39, [66076, 144434]
22, 3, 13.8, [66076, 46]
22, 4, 8.8, [100807, 98065]
22, 5, 8.63, [77088, 144434]
22, 6, 7.89, [87, 88]
22, 7, 7.67, [282, 46]
22, 8, 6.5, [283, 98063]
22, 9, 4.87, [282, 42918]
23, 0, 15.22, [66076, 144434]
23, 1, 14.91, [66076, 88]
23, 2, 14.1, [66076, 89]
23, 3, 12.01, [70193, 144434]
23, 4, 8.44, [70196, 278]
23, 5, 7.86, [284, 80450]
23, 6, 7.53, [284, 73931]
23, 7, 7.21, [59751, 284]
23, 8, 6.65, [86543, 98065]
23, 9, 6.51, [42918, 144434]
24, 0, 15.22, [66076, 144434]
24, 1, 14.91, [66076, 88]
24, 2, 13.58, [66076, 98065]
24, 3, 12.73, [66076, 96148]
24, 4, 10.39, [66076, 66078]
24, 5, 10.27, [76776, 144434]
24, 6, 8.72, [148118, 144434]
24, 7, 8.28, [126458, 144434]
24, 8, 7.76, [86, 88]
24, 9, 7.64, [86, 14200]
25, 0, 15.22, [66076, 144434]
25, 1, 14.91, [66076, 88]
25, 2, 14.05, [66076, 98062]
25, 3, 12.73, [66076, 80450]
25, 4, 8.22, [127088, 98065]
25, 5, 8.04, [98063, 88]
25, 6, 8.0, [96144, 14199]
25, 7, 7.97, [96147, 87]
25, 8, 7.56, [66079, 62858]
25, 9, 5.0, [1063, 11925]
26, 0, 15.22, [66076, 144434]
26, 1, 14.91, [66076, 88]
26, 2, 13.88, [66076, 98065]
26, 3, 12.64, [66076, 279]
26, 4, 12.64, [66076, 278]
26, 5, 9.1, [278, 144434]
26, 6, 8.25, [127089, 98065]
26, 7, 8.25, [46, 127089]
26, 8, 7.78, [70195, 98062]
26, 9, 6.44, [85838, 284]
27, 0, 15.22, [66076, 144434]
27, 1, 14.91, [66076, 88]
27, 2, 13.32, [66076, 127089]
27, 3, 12.9, [66076, 127089]
27, 4, 9.19, [94016, 144434]
27, 5, 8.81, [56239, 285]
27, 6, 8.71, [70194, 70199]
27, 7, 5.88, [70195, 1061]
27, 8, 5.55, [821, 86]
27, 9, 5.4, [821, 86]
28, 0, 15.22, [66076, 144434]
28, 1, 14.91, [66076, 88]
28, 2, 13.55, [66076, 47392]
28, 3, 12.95, [66076, 100807]
28, 4, 9.87, [96148, 73932]
28, 5, 8.96, [70364, 127089]
28, 6, 8.91, [286, 80450]
28, 7, 8.84, [66078, 88]
28, 8, 7.79, [13042, 91978]
28, 9, 5.9, [66169, 14197]
29, 0, 15.22, [66076, 144434]
29, 1, 14.91, [66076, 88]
29, 2, 14.79, [66076, 88]
29, 3, 13.09, [66076, 46]
29, 4, 10.49, [70193, 127089]
29, 5, 10.02, [62858, 144434]
29, 6, 9.67, [70194, 47392]
29, 7, 7.84, [66078, 86]
29, 8, 7.4, [87, 282]
29, 9, 7.26, [70194, 94015]
30, 0, 15.22, [66076, 144434]
30, 1, 14.91, [66076, 88]
30, 2, 12.72, [66076, 278]
30, 3, 10.13, [70196, 88]
30, 4, 9.65, [73931, 144434]
30, 5, 7.87, [47500, 88]
30, 6, 7.49, [66171, 14201]
30, 7, 7.31, [148118, 98065]
30, 8, 7.09, [70198, 62858]
30, 9, 3.56, [94015, 40786]
31, 0, 15.22, [66076, 144434]
31, 1, 14.91, [66076, 88]
31, 2, 14.18, [66076, 98065]
31, 3, 12.56, [66076, 279]
31, 4, 9.84, [14197, 144434]
31, 5, 8.37, [98065, 279]
31, 6, 7.93, [70194, 13042]
31, 7, 7.83, [121382, 285]
31, 8, 6.85, [56239, 823]
31, 9, 6.71, [14200, 284]
32, 0, 15.22, [66076, 144434]
32, 1, 14.91, [66076, 88]
32, 2, 12.35, [66076, 90]
32, 3, 9.42, [66078, 88]
32, 4, 9.09, [70196, 14199]
32, 5, 8.05, [70194, 279]
32, 6, 7.58, [127088, 80450]
32, 7, 6.97, [80449, 76776]
32, 8, 6.79, [6376, 98065]
32, 9, 6.54, [62858, 66170]
33, 0, 15.22, [66076, 144434]
33, 1, 14.91, [66076, 88]
33, 2, 13.44, [66076, 46]
33, 3, 10.25, [66076, 40787]
33, 4, 9.77, [283, 144434]
33, 5, 8.52, [87, 85839]
33, 6, 8.49, [66079, 88]
33, 7, 7.81, [66078, 127089]
33, 8, 7.44, [14198, 282]
33, 9, 6.69, [126458, 70199]
34, 0, 15.22, [66076, 144434]
34, 1, 14.91, [66076, 88]
34, 2, 12.69, [66076, 127089]
34, 3, 10.68, [70194, 144434]
34, 4, 10.33, [70196, 144434]
34, 5, 9.99, [14198, 144434]
34, 6, 9.43, [87, 66167]
34, 7, 8.3, [284, 88]
34, 8, 6.96, [70365, 86]
34, 9, 6.72, [148118, 285]
35, 0, 15.22, [66076, 144434]
35, 1, 14.91, [66076, 88]
35, 2, 11.46, [66076, 124712]
35, 3, 9.3, [91978, 66167]
35, 4, 9.22, [14197, 70196]
35, 5, 8.56, [11388, 47500]
35, 6, 8.14, [14199, 70364]
35, 7, 8.0, [70195, 144434]
35, 8, 7.02, [90, 14198]
35, 9, 6.52, [77088, 96144]
36, 0, 15.22, [66076, 144434]
36, 1, 14.91, [66076, 88]
36, 2, 10.5, [14201, 70193]
36, 3, 9.86, [76776, 47392]
36, 4, 8.12, [70195, 88]
36, 5, 7.25, [113477, 144434]
36, 6, 7.17, [66079, 59751]
36, 7, 7.03, [62858, 126458]
36, 8, 6.46, [40788, 282]
36, 9, 5.07, [1062, 94015]
37, 0, 15.22, [66076, 144434]
37, 1, 14.91, [66076, 88]
37, 2, 14.24, [47392, 66076]
37, 3, 13.03, [66076, 46]
37, 4, 11.74, [66076, 70364]
37, 5, 9.54, [93407, 11388]
37, 6, 8.4, [13042, 98065]
37, 7, 7.61, [14201, 90]
37, 8, 7.27, [76776, 14200]
37, 9, 6.87, [77088, 14197]
38, 0, 15.22, [66076, 144434]
38, 1, 14.91, [66076, 88]
38, 2, 12.85, [66076, 86]
38, 3, 8.91, [70196, 127089]
38, 4, 8.87, [130282, 56239]
38, 5, 8.32, [70196, 70364]
38, 6, 8.25, [98065, 87]
38, 7, 7.46, [93406, 98065]
38, 8, 6.28, [94015, 127089]
38, 9, 6.2, [46, 86543]
39, 0, 15.22, [66076, 144434]
39, 1, 14.91, [66076, 88]
39, 2, 12.51, [66076, 127089]
39, 3, 11.57, [66076, 96648]
39, 4, 10.84, [70196, 144434]
39, 5, 9.44, [96144, 66167]
39, 6, 8.6, [285, 98065]
39, 7, 7.47, [86, 85838]
39, 8, 7.16, [280, 98065]
39, 9, 6.71, [11387, 279]
40, 0, 15.22, [66076, 144434]
40, 1, 14.91, [66076, 88]
40, 2, 13.55, [98065, 66076]
40, 3, 10.27, [11388, 62858]
40, 4, 10.05, [76776, 88]
40, 5, 9.2, [282, 88]
40, 6, 8.69, [66076, 113477]
40, 7, 8.25, [80450, 144434]
40, 8, 8.12, [70365, 98065]
40, 9, 7.74, [11387, 98065]
41, 0, 15.22, [66076, 144434]
41, 1, 14.91, [66076, 88]
41, 2, 13.78, [66076, 56240]
41, 3, 12.18, [66076, 278]
41, 4, 10.15, [11388, 86]
41, 5, 9.15, [80450, 88]
41, 6, 8.94, [70194, 87]
41, 7, 8.32, [98065, 127089]
41, 8, 7.63, [66078, 279]
41, 9, 6.34, [1061, 66078]
42, 0, 15.22, [66076, 144434]
42, 1, 14.91, [66076, 88]
42, 2, 12.63, [66076, 286]
42, 3, 12.37, [70193, 144434]
42, 4, 9.25, [70193, 94015]
42, 5, 8.13, [80450, 56240]
42, 6, 8.01, [66078, 127089]
42, 7, 7.91, [66079, 46]
42, 8, 7.5, [1062, 88]
42, 9, 6.66, [96144, 56237]
43, 0, 15.22, [66076, 144434]
43, 1, 14.91, [66076, 88]
43, 2, 11.04, [66076, 1063]
43, 3, 9.61, [76776, 98065]
43, 4, 8.84, [14197, 98065]
43, 5, 7.92, [62858, 121382]
43, 6, 7.74, [87, 88]
43, 7, 7.49, [70195, 286]
43, 8, 6.63, [281, 282]
43, 9, 5.49, [70194, 93408]
44, 0, 15.22, [66076, 144434]
44, 1, 14.91, [66076, 88]
44, 2, 14.64, [66076, 144434]
44, 3, 13.27, [66076, 127089]
44, 4, 12.07, [66076, 278]
44, 5, 8.87, [90, 88]
44, 6, 8.73, [13042, 56239]
44, 7, 7.9, [124712, 56239]
44, 8, 7.1, [70194, 93406]
44, 9, 6.1, [1927, 70196]
45, 0, 15.22, [66076, 144434]
45, 1, 14.91, [66076, 88]
45, 2, 12.76, [66076, 100807]
45, 3, 12.17, [66076, 73931]
45, 4, 9.54, [284, 144434]
45, 5, 8.66, [90, 88]
45, 6, 8.07, [56240, 14200]
45, 7, 7.1, [42918, 11388]
45, 8, 6.6, [11387, 70365]
45, 9, 5.78, [80450, 40787]
46, 0, 15.22, [66076, 144434]
46, 1, 14.91, [66076, 88]
46, 2, 8.76, [80450, 56240]
46, 3, 8.37, [284, 88]
46, 4, 8.04, [90, 56239]
46, 5, 7.36, [40788, 144434]
46, 6, 7.0, [150655, 98065]
46, 7, 6.93, [284, 85838]
46, 8, 6.8, [42918, 144434]
46, 9, 6.39, [823, 285]
47, 0, 15.22, [66076, 144434]
47, 1, 14.91, [66076, 88]
47, 2, 13.78, [66076, 88]
47, 3, 10.51, [66076, 56237]
47, 4, 10.48, [70194, 88]
47, 5, 9.29, [70194, 56240]
47, 6, 8.72, [283, 47392]
47, 7, 7.88, [98065, 144434]
47, 8, 7.71, [98063, 88]
47, 9, 7.02, [113477, 76776]
48, 0, 15.22, [66076, 144434]
48, 1, 14.91, [66076, 88]
48, 2, 9.29, [70196, 279]
48, 3, 8.95, [70193, 56237]
48, 4, 8.39, [56240, 127089]
48, 5, 7.84, [96148, 66171]
48, 6, 7.68, [89, 1060]
48, 7, 7.1, [85839, 281]
48, 8, 6.91, [1927, 144434]
48, 9, 6.06, [98065, 80450]
49, 0, 15.22, [66076, 144434]
49, 1, 14.91, [66076, 88]
49, 2, 12.17, [66076, 90]
49, 3, 11.47, [70193, 88]
49, 4, 9.98, [70194, 88]
49, 5, 9.59, [70193, 14200]
49, 6, 8.71, [76776, 56241]
49, 7, 7.73, [282, 66079]
49, 8, 6.87, [66079, 13042]
49, 9, 6.4, [80450, 126458]
50, 0, 15.22, [66076, 144434]
50, 1, 14.91, [66076, 88]
50, 2, 8.83, [94016, 47392]
50, 3, 8.0, [73931, 100807]
50, 4, 7.77, [1063, 144434]
50, 5, 7.27, [70194, 93406]
50, 6, 6.93, [127088, 70365]
50, 7, 6.01, [90, 94015]
50, 8, 5.52, [86543, 284]
50, 9, 5.0, [42918, 100807]
