num_genrations,diversity,improvement,best_fitness
0,1.0,0,22539.15
1,0.9040322580645161,0.0003385220826871191,22546.78
2,0.8225806451612903,-0.0003051433508464349,22539.9
3,0.7475806451612903,0.00028704652638199485,22546.37
4,0.6741935483870968,0.0,22546.37
5,0.6177419354838709,0.0,22546.37
6,0.44354838709677424,-0.00030514889980060565,22539.49
7,0.12096774193548399,0.0,22539.49
8,0.012499999999999956,0.00021340323139510572,22544.3
9,0.012499999999999956,0.0,22544.3
10,0.05604838709677418,0.0,22544.3
