num_genrations,diversity,improvement,best_fitness
0,0.9986559139784946,0,1417.65
1,0.8481182795698925,0.027510316368638238,1456.65
2,0.4761424731182796,0.0036110252977722794,1461.91
3,0.0966397849462366,0.0067924838054325065,1471.84
4,0.10067204301075261,0.009668170453310155,1486.07
5,0.0590053763440862,0.0,1486.07
6,0.07399193548387117,0.0,1486.07
7,0.06673387096774219,0.0,1486.07
8,0.0746639784946237,0.0,1486.07
9,0.00813172043010768,0.0,1486.07
10,0.004166666666666652,0.0072405741317703685,1496.83
