generation number, individual number, fitness, candidate
0, 0, 30.98, [1353, 5117, 697]
0, 1, 12.1, [934, 1025, 450]
0, 2, 12.0, [247, 694, 487]
0, 3, 10.0, [1028, 834, 656]
0, 4, 8.39, [2070, 1580, 1555]
0, 5, 8.31, [741, 483, 1289]
0, 6, 6.0, [78, 1378, 1574]
0, 7, 5.0, [1394, 450, 780]
0, 8, 5.0, [1048, 1569, 247]
0, 9, 3.0, [339, 841, 1028]
1, 0, 33.02, [247, 5117, 1569]
1, 1, 31.56, [609, 5117, 697]
1, 2, 30.98, [1353, 5117, 697]
1, 3, 16.35, [934, 964, 1048]
1, 4, 13.0, [934, 587, 1138]
1, 5, 12.1, [934, 1025, 450]
1, 6, 12.0, [1827, 834, 656]
1, 7, 9.0, [834, 751, 675]
1, 8, 8.0, [1419, 741, 697]
1, 9, 7.0, [1353, 694, 690]
2, 0, 36.95, [694, 5117, 1381]
2, 1, 35.42, [834, 5117, 1569]
2, 2, 33.02, [247, 5117, 1569]
2, 3, 32.13, [2032, 5117, 697]
2, 4, 31.56, [609, 5117, 697]
2, 5, 11.05, [336, 3, 1574]
2, 6, 10.18, [1347, 694, 697]
2, 7, 8.0, [1514, 1509, 780]
2, 8, 7.52, [247, 3, 697]
2, 9, 7.0, [694, 1219, 1569]
3, 0, 38.08, [694, 5117, 741]
3, 1, 36.97, [247, 5117, 834]
3, 2, 36.95, [694, 5117, 1381]
3, 3, 36.84, [247, 5117, 834]
3, 4, 35.93, [834, 5117, 690]
3, 5, 35.42, [873, 5117, 1569]
3, 6, 35.42, [834, 5117, 1569]
3, 7, 34.96, [1414, 5117, 697]
3, 8, 34.35, [694, 5117, 2032]
3, 9, 33.65, [819, 5117, 1569]
4, 0, 38.36, [819, 5117, 834]
4, 1, 38.08, [694, 5117, 741]
4, 2, 36.97, [247, 5117, 834]
4, 3, 35.63, [247, 5117, 662]
4, 4, 35.3, [429, 5117, 834]
4, 5, 33.79, [247, 5117, 1289]
4, 6, 33.58, [694, 5117, 1378]
4, 7, 13.47, [247, 336, 741]
4, 8, 13.0, [247, 2032, 1381]
4, 9, 11.41, [694, 3, 834]
5, 0, 38.94, [873, 5117, 834]
5, 1, 38.36, [819, 5117, 834]
5, 2, 38.08, [694, 5117, 741]
5, 3, 37.72, [2340, 5117, 487]
5, 4, 36.82, [819, 5117, 662]
5, 5, 34.85, [216, 5117, 662]
5, 6, 14.51, [819, 336, 834]
5, 7, 14.0, [247, 785, 834]
5, 8, 13.64, [819, 336, 662]
5, 9, 13.0, [247, 2032, 741]
6, 0, 39.2, [1514, 5117, 741]
6, 1, 38.94, [873, 5117, 834]
6, 2, 38.59, [873, 5117, 741]
6, 3, 38.41, [873, 5117, 1543]
6, 4, 38.36, [819, 5117, 834]
6, 5, 37.16, [873, 5117, 809]
6, 6, 16.0, [819, 934, 1381]
6, 7, 13.0, [1514, 934, 1225]
6, 8, 12.47, [694, 1430, 834]
6, 9, 11.0, [694, 1029, 834]
7, 0, 39.2, [1514, 5117, 741]
7, 1, 38.94, [873, 5117, 834]
7, 2, 37.8, [2340, 5117, 834]
7, 3, 37.63, [2340, 5117, 834]
7, 4, 36.77, [2340, 5117, 1543]
7, 5, 35.86, [1514, 5117, 1967]
7, 6, 34.25, [339, 5117, 834]
7, 7, 33.86, [1509, 5117, 741]
7, 8, 15.45, [873, 336, 741]
7, 9, 14.0, [873, 1567, 741]
8, 0, 39.2, [1514, 5117, 741]
8, 1, 38.94, [873, 5117, 834]
8, 2, 38.28, [1514, 5117, 1414]
8, 3, 35.26, [1580, 5117, 834]
8, 4, 33.86, [873, 5117, 831]
8, 5, 14.0, [2340, 970, 741]
8, 6, 12.0, [2340, 974, 834]
8, 7, 11.0, [741, 1567, 1219]
8, 8, 9.0, [873, 1419, 816]
8, 9, 7.0, [1378, 873, 15]
9, 0, 39.2, [1514, 5117, 741]
9, 1, 38.94, [873, 5117, 834]
9, 2, 38.41, [1514, 5117, 1414]
9, 3, 15.0, [2032, 990, 741]
9, 4, 15.0, [873, 970, 741]
9, 5, 14.0, [1514, 970, 834]
9, 6, 12.0, [1514, 247, 1543]
9, 7, 9.2, [675, 1347, 741]
9, 8, 8.18, [1394, 1289, 741]
9, 9, 8.0, [798, 587, 1414]
10, 0, 39.2, [1514, 5117, 741]
10, 1, 38.94, [873, 5117, 834]
10, 2, 34.15, [15, 5117, 1414]
10, 3, 30.01, [905, 5117, 545]
10, 4, 24.49, [2846, 831, 635]
10, 5, 15.0, [873, 2032, 741]
10, 6, 13.0, [1514, 1574, 834]
10, 7, 12.0, [1514, 1574, 1414]
10, 8, 12.0, [1514, 834, 850]
10, 9, 11.0, [1514, 922, 1543]
