generation number, individual number, fitness, candidate
0, 0, 3.18, [90, 77088, 14197]
0, 1, 3.17, [14200, 14198, 56241]
0, 2, 3.13, [94015, 70193, 86543]
0, 3, 3.1, [80450, 93407, 86]
0, 4, 3.1, [91978, 90, 11388]
0, 5, 3.08, [73932, 126458, 70194]
0, 6, 3.07, [98065, 113478, 70196]
0, 7, 3.07, [77088, 1061, 70198]
0, 8, 3.06, [283, 100807, 90]
0, 9, 3.02, [96144, 1060, 73931]
1, 0, 3.18, [90, 77088, 14197]
1, 1, 3.17, [14200, 14198, 56241]
1, 2, 3.16, [91978, 90, 14198]
1, 3, 3.14, [90, 284, 11388]
1, 4, 3.14, [14200, 70194, 14197]
1, 5, 3.13, [14200, 77088, 90]
1, 6, 3.11, [90, 14198, 56240]
1, 7, 3.08, [98062, 94016, 14197]
1, 8, 3.08, [94015, 93407, 62858]
1, 9, 3.08, [56239, 14198, 56241]
2, 0, 3.18, [90, 77088, 14197]
2, 1, 3.17, [90, 46, 14197]
2, 2, 3.17, [14200, 14198, 56241]
2, 3, 3.14, [90, 279, 14201]
2, 4, 3.12, [11388, 70199, 47392]
2, 5, 3.1, [14200, 70194, 14197]
2, 6, 3.09, [13042, 70194, 56241]
2, 7, 3.09, [73931, 77088, 89]
2, 8, 3.07, [70193, 77088, 56241]
2, 9, 3.07, [94015, 14198, 14197]
3, 0, 3.18, [90, 77088, 14197]
3, 1, 3.17, [90, 70199, 14201]
3, 2, 3.17, [90, 46, 14197]
3, 3, 3.15, [90, 77088, 56237]
3, 4, 3.13, [14200, 59751, 14197]
3, 5, 3.13, [90, 77088, 56240]
3, 6, 3.13, [90, 11388, 56241]
3, 7, 3.11, [70195, 77088, 14197]
3, 8, 3.11, [13042, 77088, 14197]
3, 9, 3.1, [66169, 86, 14197]
4, 0, 3.18, [90, 77088, 14197]
4, 1, 3.17, [90, 70199, 14201]
4, 2, 3.15, [286, 56241, 93407]
4, 3, 3.14, [90, 77088, 70199]
4, 4, 3.13, [1061, 77088, 14201]
4, 5, 3.12, [98062, 86, 56239]
4, 6, 3.12, [90, 77088, 93407]
4, 7, 3.1, [90, 70199, 86]
4, 8, 3.09, [90, 66171, 14197]
4, 9, 3.08, [90, 46, 98062]
5, 0, 3.18, [90, 77088, 14197]
5, 1, 3.17, [90, 70199, 14201]
5, 2, 3.13, [14201, 77088, 66171]
5, 3, 3.11, [286, 56241, 13042]
5, 4, 3.1, [70196, 77088, 14201]
5, 5, 3.09, [66167, 70199, 14197]
5, 6, 3.08, [90, 88, 93407]
5, 7, 3.07, [80450, 77088, 46]
5, 8, 3.07, [90, 144434, 96144]
5, 9, 3.06, [11925, 77088, 14201]
6, 0, 3.22, [90, 66076, 14201]
6, 1, 3.18, [90, 77088, 14197]
6, 2, 3.17, [90, 70199, 14201]
6, 3, 3.14, [70196, 66169, 14197]
6, 4, 3.13, [90, 88, 70196]
6, 5, 3.12, [90, 66078, 46]
6, 6, 3.11, [1060, 77088, 14201]
6, 7, 3.11, [90, 77088, 1063]
6, 8, 3.09, [46, 86543, 14197]
6, 9, 3.08, [90, 70364, 121382]
7, 0, 3.22, [90, 66076, 14201]
7, 1, 3.18, [90, 77088, 14197]
7, 2, 3.16, [283, 66076, 14201]
7, 3, 3.16, [90, 14198, 14201]
7, 4, 3.15, [90, 66076, 70199]
7, 5, 3.15, [80450, 56241, 14201]
7, 6, 3.13, [90, 56240, 70196]
7, 7, 3.11, [278, 1060, 1062]
7, 8, 3.11, [278, 88, 14197]
7, 9, 3.1, [90, 279, 14201]
8, 0, 3.22, [90, 66076, 14201]
8, 1, 3.18, [90, 77088, 14197]
8, 2, 3.15, [56239, 14200, 14197]
8, 3, 3.14, [278, 13042, 14198]
8, 4, 3.14, [56241, 77088, 14201]
8, 5, 3.13, [90, 113478, 14201]
8, 6, 3.11, [144434, 66076, 66169]
8, 7, 3.11, [283, 66076, 558]
8, 8, 3.09, [113478, 1063, 13042]
8, 9, 3.08, [278, 46, 62858]
9, 0, 3.22, [90, 66076, 14201]
9, 1, 3.2, [87, 66076, 70199]
9, 2, 3.18, [90, 77088, 14197]
9, 3, 3.16, [56239, 66076, 11925]
9, 4, 3.15, [70198, 77088, 14201]
9, 5, 3.13, [90, 121382, 46]
9, 6, 3.13, [14199, 66076, 1060]
9, 7, 3.13, [56239, 66076, 14197]
9, 8, 3.13, [90, 77088, 278]
9, 9, 3.11, [46, 14200, 14197]
10, 0, 3.25, [87, 70193, 14201]
10, 1, 3.22, [90, 66076, 14201]
10, 2, 3.2, [87, 66076, 70199]
10, 3, 3.13, [90, 70364, 66171]
10, 4, 3.13, [90, 66076, 221360]
10, 5, 3.13, [87, 66076, 93407]
10, 6, 3.12, [87, 70365, 14201]
10, 7, 3.12, [90, 66169, 70199]
10, 8, 3.11, [90, 66076, 1060]
10, 9, 3.11, [90, 66076, 1060]
