n_nodes,influence,n0,n1,n2,n3,n4,n5,n6,n7,n8,n9
10,428.4500,1636,4502,4957,637,1299,12346,5960,588,2056,843
10,427.2200,1636,4502,4957,637,1299,12346,5960,588,2056,843
10,427.2200,1636,4502,4957,637,1299,12346,5960,588,2056,843
10,427.2200,1636,4502,4957,637,1299,12346,5960,588,2056,843
10,427.2200,1636,4502,4957,637,1299,12346,5960,588,2056,843
10,427.2200,1636,4502,4957,637,1299,12346,5960,588,2056,843
10,425.9900,1636,4502,4957,637,1299,12346,5960,588,2056,843
10,425.9900,1636,4502,4957,637,1299,12346,5960,588,2056,843
10,425.9300,1636,4502,4957,637,1299,12346,5960,588,2056,843
10,425.9300,1636,4502,4957,637,1299,12346,5960,588,2056,843
10,425.9300,1636,4502,4957,637,1299,12346,5960,588,2056,843
10,425.9300,1636,4502,4957,637,1299,12346,5960,588,2056,843
10,425.9300,1636,4502,4957,637,1299,12346,5960,588,2056,843
10,425.9300,1636,4502,4957,637,1299,12346,5960,588,2056,843
10,425.9300,1636,4502,4957,637,1299,12346,5960,588,2056,843
10,425.9300,1636,4502,4957,637,1299,12346,5960,588,2056,843
10,422.6800,1636,4502,4957,637,1299,12346,5960,588,2056,843
10,422.6800,1636,4502,4957,637,1299,12346,5960,588,2056,843
10,422.6800,1636,4502,4957,637,1299,12346,5960,588,2056,843
10,422.6800,1636,4502,4957,637,1299,12346,5960,588,2056,843
10,421.3700,1636,4502,4957,637,1299,12346,5960,588,2056,843
10,421.3700,1636,4502,4957,637,1299,12346,5960,588,2056,843
10,421.3700,1636,4502,4957,637,1299,12346,5960,588,2056,843
10,421.3700,1636,4502,4957,637,1299,12346,5960,588,2056,843
10,421.3700,1636,4502,4957,637,1299,12346,5960,588,2056,843
10,421.3700,1636,4502,4957,637,1299,12346,5960,588,2056,843
10,421.3700,1636,4502,4957,637,1299,12346,5960,588,2056,843
10,421.3700,1636,4502,4957,637,1299,12346,5960,588,2056,843
10,421.3700,1636,4502,4957,637,1299,12346,5960,588,2056,843
10,421.3700,1636,4502,4957,637,1299,12346,5960,588,2056,843
10,421.3700,1636,4502,4957,637,1299,12346,5960,588,2056,843
10,419.8500,1636,4502,4957,637,1299,12346,5960,588,2056,843
