num_genrations,diversity,improvement,best_fitness
0,0.9981854838709677,0,110.56
1,0.894758064516129,0.009768451519536887,111.64
2,0.7,0.17171264779648873,130.81
3,0.18467741935483883,0.004816145554621172,131.44
4,0.28588709677419355,0.021911138161898932,134.32
5,0.3046370967741936,0.014294222751637999,136.24
6,0.2383064516129032,0.0,136.24
7,0.10625000000000007,0.013505578391074599,138.08
8,0.09294354838709706,0.006952491309385715,139.04
9,0.11108870967741957,0.0,139.04
10,0.09939516129032278,0.0,139.04
