generation number, pop_size, worst, best, median, avg, std, diversity, improvement, number_of_selections
0, 10, 5.52, 62.69, 9.74, 13.889000000000001, 16.371846841453163,0.9851851851851852,0,[1.e-300]
1, 10, 9.0, 63.27, 14.969999999999999, 32.146, 24.769806297183674,0.8,0.009251874302121637,[1.e-300]
2, 10, 4.0, 64.32, 62.945, 40.884, 27.788564626478998,0.8,0.016595542911332226,[1.e-300]
3, 10, 13.0, 67.61, 64.19999999999999, 54.525, 20.062602647712485,0.6444444444444444,0.051150497512437915,[1.e-300]
4, 10, 11.0, 69.28, 65.22999999999999, 50.52499999999999, 24.186839086577642,0.7481481481481482,0.024700488093477323,[1.e-300]
5, 10, 9.0, 69.28, 39.84, 39.518, 27.13020855061752,0.8296296296296296,0.0,[1.e-300]
6, 10, 7.0, 69.28, 55.730000000000004, 43.598, 24.986053629975263,0.8444444444444444,0.0,[1.e-300]
7, 10, 14.0, 69.28, 64.14500000000001, 50.529, 23.78323419974668,0.7777777777777778,0.0,[1.e-300]
8, 10, 10.0, 72.03, 67.495, 52.098, 24.79392820833359,0.7481481481481482,0.03969399538106236,[1.e-300]
9, 10, 9.0, 72.03, 40.66, 40.036, 28.064902707830647,0.7925925925925926,0.0,[1.e-300]
10, 10, 8.0, 72.03, 65.83, 55.379, 23.79103799753176,0.6888888888888889,0.0,[1.e-300]
