generation number, individual number, fitness, candidate
0, 0, 3.08, [269, 250, 266]
0, 1, 3.07, [2595, 279, 2525]
0, 2, 3.07, [3716, 278, 1811]
0, 3, 3.07, [2595, 343, 2525]
0, 4, 3.06, [2595, 2593, 244]
0, 5, 3.05, [264, 2512, 76]
0, 6, 3.04, [2595, 265, 2593]
0, 7, 3.04, [264, 3716, 2593]
0, 8, 3.03, [91, 266, 3334]
0, 9, 3.0, [285, 244, 343]
1, 0, 3.23, [269, 295, 266]
1, 1, 3.16, [269, 278, 2512]
1, 2, 3.15, [269, 275, 2525]
1, 3, 3.11, [316, 226, 295]
1, 4, 3.11, [3716, 250, 295]
1, 5, 3.09, [269, 278, 244]
1, 6, 3.08, [269, 2599, 2762]
1, 7, 3.08, [269, 250, 266]
1, 8, 3.07, [2595, 279, 2525]
1, 9, 3.06, [3716, 250, 104]
2, 0, 3.23, [269, 295, 266]
2, 1, 3.16, [269, 278, 2512]
2, 2, 3.15, [1082, 295, 2512]
2, 3, 3.14, [2593, 295, 2525]
2, 4, 3.13, [269, 295, 3716]
2, 5, 3.12, [291, 295, 2512]
2, 6, 3.08, [269, 226, 266]
2, 7, 3.07, [269, 278, 76]
2, 8, 3.06, [874, 275, 2512]
2, 9, 3.05, [269, 2712, 266]
3, 0, 3.23, [269, 295, 266]
3, 1, 3.16, [269, 278, 2512]
3, 2, 3.15, [269, 295, 2765]
3, 3, 3.11, [269, 622, 266]
3, 4, 3.11, [269, 250, 2512]
3, 5, 3.1, [250, 295, 2525]
3, 6, 3.1, [1082, 295, 2712]
3, 7, 3.09, [269, 76, 2512]
3, 8, 3.08, [269, 295, 266]
3, 9, 3.05, [2593, 3135, 266]
4, 0, 3.23, [269, 295, 266]
4, 1, 3.16, [269, 278, 2512]
4, 2, 3.15, [874, 295, 2765]
4, 3, 3.13, [269, 2513, 220]
4, 4, 3.11, [269, 295, 2525]
4, 5, 3.1, [269, 2595, 266]
4, 6, 3.08, [244, 295, 2512]
4, 7, 3.06, [269, 278, 622]
4, 8, 3.04, [149, 3716, 2599]
4, 9, 3.04, [2765, 622, 266]
5, 0, 3.23, [269, 295, 266]
5, 1, 3.17, [283, 295, 2950]
5, 2, 3.17, [269, 295, 266]
5, 3, 3.16, [269, 278, 2512]
5, 4, 3.12, [256, 295, 2512]
5, 5, 3.1, [1082, 295, 279]
5, 6, 3.07, [874, 1082, 2512]
5, 7, 3.06, [269, 1087, 2765]
5, 8, 3.06, [269, 283, 220]
5, 9, 3.05, [269, 3334, 266]
6, 0, 3.23, [269, 295, 266]
6, 1, 3.17, [283, 295, 2950]
6, 2, 3.1, [300, 295, 2595]
6, 3, 3.09, [250, 2593, 541]
6, 4, 3.08, [301, 1811, 76]
6, 5, 3.07, [264, 295, 266]
6, 6, 3.06, [2595, 3135, 1086]
6, 7, 3.05, [2525, 1811, 265]
6, 8, 3.04, [256, 2765, 266]
6, 9, 3.04, [269, 541, 193]
7, 0, 3.23, [269, 295, 266]
7, 1, 3.17, [283, 295, 2950]
7, 2, 3.16, [283, 295, 3135]
7, 3, 3.16, [269, 295, 2593]
7, 4, 3.14, [2599, 295, 266]
7, 5, 3.12, [269, 295, 2950]
7, 6, 3.11, [283, 295, 2950]
7, 7, 3.11, [283, 222, 2595]
7, 8, 3.07, [269, 2525, 2950]
7, 9, 3.06, [3716, 226, 2762]
8, 0, 3.23, [269, 295, 266]
8, 1, 3.17, [283, 295, 2950]
8, 2, 3.12, [283, 295, 277]
8, 3, 3.11, [269, 1811, 81]
8, 4, 3.1, [269, 295, 3135]
8, 5, 3.1, [343, 295, 91]
8, 6, 3.1, [269, 295, 77]
8, 7, 3.06, [1082, 3716, 266]
8, 8, 3.06, [279, 193, 301]
8, 9, 3.06, [1811, 295, 266]
9, 0, 3.23, [269, 295, 266]
9, 1, 3.17, [283, 295, 2950]
9, 2, 3.13, [269, 250, 2950]
9, 3, 3.09, [283, 295, 2593]
9, 4, 3.09, [149, 1086, 291]
9, 5, 3.08, [301, 295, 81]
9, 6, 3.07, [226, 295, 2950]
9, 7, 3.06, [269, 104, 266]
9, 8, 3.03, [283, 3135, 266]
9, 9, 3.03, [283, 291, 103]
10, 0, 3.23, [269, 295, 266]
10, 1, 3.17, [283, 295, 2950]
10, 2, 3.16, [269, 295, 278]
10, 3, 3.14, [4602, 295, 291]
10, 4, 3.09, [300, 295, 2950]
10, 5, 3.09, [269, 541, 1811]
10, 6, 3.07, [283, 2512, 266]
10, 7, 3.03, [2599, 1086, 266]
10, 8, 3.02, [149, 220, 266]
10, 9, 3.01, [2950, 264, 343]
