generation number, individual number, fitness, candidate
0, 0, 11.52, [65899, 90]
0, 1, 11.06, [11388, 150652]
0, 2, 10.34, [86, 11387]
0, 3, 10.03, [33297, 278]
0, 4, 7.74, [279, 80450]
0, 5, 6.89, [31634, 11925]
0, 6, 6.62, [89, 87893]
0, 7, 5.11, [284, 283]
0, 8, 5.11, [56240, 66170]
0, 9, 4.62, [11935, 144434]
1, 0, 11.52, [65899, 90]
1, 1, 11.14, [33297, 150652]
1, 2, 11.06, [11388, 150652]
1, 3, 11.01, [11388, 286]
1, 4, 10.68, [33297, 150652]
1, 5, 10.41, [65899, 150654]
1, 6, 9.22, [80450, 56240]
1, 7, 5.98, [11926, 150652]
1, 8, 5.93, [11926, 90]
1, 9, 5.9, [11926, 90]
2, 0, 11.52, [65899, 90]
2, 1, 11.14, [33297, 150652]
2, 2, 10.55, [11388, 284]
2, 3, 9.04, [80661, 80450]
2, 4, 8.33, [65899, 11935]
2, 5, 7.0, [11388, 14223]
2, 6, 7.0, [6376, 284]
2, 7, 6.93, [12067, 90]
2, 8, 6.87, [113173, 90]
2, 9, 6.76, [70640, 150652]
3, 0, 11.52, [65899, 90]
3, 1, 11.25, [33297, 285]
3, 2, 11.14, [33297, 150652]
3, 3, 10.94, [65899, 283]
3, 4, 10.65, [33297, 284]
3, 5, 10.15, [65899, 156909]
3, 6, 9.48, [11387, 90]
3, 7, 8.28, [33297, 134365]
3, 8, 6.62, [11925, 90]
3, 9, 6.54, [11925, 90]
4, 0, 11.52, [65899, 90]
4, 1, 11.28, [65899, 283]
4, 2, 11.25, [33297, 285]
4, 3, 11.11, [33297, 285]
4, 4, 9.83, [11387, 62858]
4, 5, 9.63, [65899, 1062]
4, 6, 9.58, [89, 73700]
4, 7, 8.37, [148118, 282]
4, 8, 8.3, [100141, 284]
4, 9, 7.96, [56240, 280]
5, 0, 11.65, [65899, 46]
5, 1, 11.59, [33297, 282]
5, 2, 11.52, [65899, 90]
5, 3, 11.49, [65899, 286]
5, 4, 11.28, [65899, 283]
5, 5, 8.63, [33298, 66170]
5, 6, 8.05, [56241, 31634]
5, 7, 6.75, [70640, 285]
5, 8, 6.39, [134361, 66171]
5, 9, 6.26, [144436, 286]
6, 0, 11.65, [65899, 46]
6, 1, 11.59, [33297, 282]
6, 2, 10.98, [33297, 285]
6, 3, 10.97, [65899, 46]
6, 4, 10.8, [65897, 65899]
6, 5, 9.57, [65899, 1063]
6, 6, 7.39, [70640, 282]
6, 7, 6.65, [56239, 90]
6, 8, 6.35, [11926, 86]
6, 9, 6.27, [98065, 77358]
7, 0, 12.39, [33297, 88]
7, 1, 12.18, [65899, 86]
7, 2, 11.71, [33297, 46]
7, 3, 11.67, [33297, 86]
7, 4, 11.65, [65899, 46]
7, 5, 11.59, [33297, 282]
7, 6, 9.35, [70638, 46]
7, 7, 8.28, [66169, 86]
7, 8, 7.32, [65897, 71858]
7, 9, 7.02, [113173, 90]
8, 0, 12.39, [33297, 88]
8, 1, 12.18, [65899, 86]
8, 2, 11.36, [33297, 285]
8, 3, 8.13, [150652, 98063]
8, 4, 7.91, [12067, 100141]
8, 5, 7.79, [283, 86]
8, 6, 7.45, [65900, 88]
8, 7, 7.04, [33299, 86]
8, 8, 5.57, [73703, 1927]
8, 9, 4.1, [33299, 70639]
9, 0, 12.59, [33297, 88]
9, 1, 12.39, [33297, 88]
9, 2, 12.18, [65899, 86]
9, 3, 11.98, [65899, 86]
9, 4, 9.95, [33297, 87]
9, 5, 8.17, [80661, 31634]
9, 6, 8.0, [67331, 33297]
9, 7, 6.9, [70640, 285]
9, 8, 6.44, [558, 98062]
9, 9, 6.24, [33299, 86]
10, 0, 13.11, [65899, 88]
10, 1, 12.59, [33297, 88]
10, 2, 12.39, [33297, 88]
10, 3, 11.69, [65899, 46]
10, 4, 11.14, [33297, 46]
10, 5, 10.02, [33297, 285]
10, 6, 9.6, [33297, 80662]
10, 7, 9.03, [91277, 88]
10, 8, 7.59, [100141, 123523]
10, 9, 7.04, [98063, 33300]
