n_nodes,influence,n0,n1,n2,n3,n4,n5,n6,n7,n8
9,345.7300,1193,5801,1259,7564,6671,4666,265,3642,3454
9,330.6500,1193,5801,1259,6671,3642,7564,729,4666,3454
9,330.6500,1193,5801,1259,6671,3642,7564,729,4666,3454
9,330.6500,1193,5801,1259,6671,3642,7564,729,4666,3454
9,330.6500,1193,5801,1259,6671,3642,7564,729,4666,3454
9,330.6500,1193,5801,1259,6671,3642,7564,729,4666,3454
9,330.6500,1193,5801,1259,6671,3642,7564,729,4666,3454
9,330.6500,1193,5801,1259,6671,3642,7564,729,4666,3454
9,330.6500,1193,5801,1259,6671,3642,7564,729,4666,3454
9,330.6500,1193,5801,1259,6671,3642,7564,729,4666,3454
9,330.6500,1193,5801,1259,6671,3642,7564,729,4666,3454
9,330.6500,1193,5801,1259,6671,3642,7564,729,4666,3454
9,330.6500,1193,5801,1259,6671,3642,7564,729,4666,3454
9,330.6500,1193,5801,1259,6671,3642,7564,729,4666,3454
9,330.6500,1193,5801,1259,6671,3642,7564,729,4666,3454
9,330.6500,1193,5801,1259,6671,3642,7564,729,4666,3454
