generation number, individual number, fitness, candidate
0, 0, 3.14, [2512, 295, 1086]
0, 1, 3.11, [256, 283, 277]
0, 2, 3.07, [534, 291, 1086]
0, 3, 3.06, [2765, 4602, 874]
0, 4, 3.05, [149, 3135, 2512]
0, 5, 3.05, [1082, 76, 2597]
0, 6, 3.04, [1087, 104, 76]
0, 7, 3.03, [266, 226, 301]
0, 8, 3.02, [301, 2950, 149]
0, 9, 3.01, [76, 2525, 2599]
1, 0, 3.15, [220, 295, 277]
1, 1, 3.14, [2512, 295, 1086]
1, 2, 3.13, [91, 295, 1086]
1, 3, 3.13, [2512, 104, 277]
1, 4, 3.11, [256, 283, 277]
1, 5, 3.09, [2512, 291, 266]
1, 6, 3.09, [2512, 269, 266]
1, 7, 3.06, [534, 295, 1811]
1, 8, 3.05, [256, 2527, 1086]
1, 9, 3.05, [149, 76, 2512]
2, 0, 3.16, [2512, 2593, 277]
2, 1, 3.15, [220, 295, 277]
2, 2, 3.14, [220, 295, 277]
2, 3, 3.14, [4602, 295, 1086]
2, 4, 3.14, [2512, 295, 1086]
2, 5, 3.13, [269, 295, 277]
2, 6, 3.09, [220, 295, 1082]
2, 7, 3.08, [220, 295, 1811]
2, 8, 3.08, [104, 295, 277]
2, 9, 3.06, [222, 104, 1086]
3, 0, 3.16, [3716, 295, 277]
3, 1, 3.16, [2512, 2593, 277]
3, 2, 3.15, [2512, 295, 2527]
3, 3, 3.15, [220, 295, 277]
3, 4, 3.1, [2512, 269, 1086]
3, 5, 3.1, [2527, 609, 1086]
3, 6, 3.09, [4602, 269, 277]
3, 7, 3.09, [220, 2593, 295]
3, 8, 3.09, [2765, 2593, 103]
3, 9, 3.08, [2512, 193, 265]
4, 0, 3.16, [3716, 295, 277]
4, 1, 3.16, [2512, 2593, 277]
4, 2, 3.14, [2512, 256, 277]
4, 3, 3.1, [2512, 193, 277]
4, 4, 3.08, [2512, 4602, 277]
4, 5, 3.07, [1086, 295, 2599]
4, 6, 3.07, [2950, 295, 277]
4, 7, 3.06, [2525, 295, 2527]
4, 8, 3.05, [3716, 266, 277]
4, 9, 3.05, [2512, 2593, 2513]
5, 0, 3.21, [2512, 295, 1086]
5, 1, 3.16, [3716, 295, 277]
5, 2, 3.16, [2512, 2593, 277]
5, 3, 3.15, [2527, 295, 277]
5, 4, 3.11, [2512, 2765, 277]
5, 5, 3.1, [1082, 2593, 277]
5, 6, 3.09, [283, 2593, 277]
5, 7, 3.09, [301, 295, 277]
5, 8, 3.09, [541, 2593, 277]
5, 9, 3.07, [2512, 256, 2950]
6, 0, 3.21, [2512, 295, 1086]
6, 1, 3.18, [278, 2593, 277]
6, 2, 3.16, [3716, 295, 277]
6, 3, 3.14, [2512, 295, 285]
6, 4, 3.12, [226, 295, 534]
6, 5, 3.11, [256, 2593, 277]
6, 6, 3.07, [2512, 534, 277]
6, 7, 3.06, [2599, 295, 2950]
6, 8, 3.06, [2512, 295, 283]
6, 9, 3.04, [2512, 2525, 103]
7, 0, 3.21, [2512, 295, 1086]
7, 1, 3.18, [278, 2593, 277]
7, 2, 3.13, [278, 295, 3135]
7, 3, 3.09, [2593, 295, 2599]
7, 4, 3.08, [3135, 295, 343]
7, 5, 3.08, [3716, 295, 265]
7, 6, 3.07, [81, 2593, 277]
7, 7, 3.07, [1811, 76, 265]
7, 8, 3.07, [4602, 295, 277]
7, 9, 3.06, [104, 2512, 1086]
8, 0, 3.21, [2512, 295, 1086]
8, 1, 3.18, [278, 2593, 277]
8, 2, 3.13, [2593, 300, 277]
8, 3, 3.13, [278, 269, 77]
8, 4, 3.12, [2512, 295, 104]
8, 5, 3.12, [2512, 295, 264]
8, 6, 3.07, [2593, 285, 277]
8, 7, 3.05, [2512, 4602, 277]
8, 8, 3.05, [278, 77, 1086]
8, 9, 3.04, [278, 2593, 1087]
9, 0, 3.21, [2512, 295, 1086]
9, 1, 3.18, [278, 2593, 277]
9, 2, 3.12, [244, 2527, 277]
9, 3, 3.11, [269, 295, 104]
9, 4, 3.08, [2512, 300, 222]
9, 5, 3.08, [316, 2593, 277]
9, 6, 3.06, [220, 300, 2599]
9, 7, 3.06, [300, 3135, 2597]
9, 8, 3.06, [278, 291, 1086]
9, 9, 3.03, [3334, 76, 1086]
10, 0, 3.21, [2512, 295, 1086]
10, 1, 3.18, [278, 2593, 277]
10, 2, 3.13, [2712, 295, 77]
10, 3, 3.13, [269, 295, 104]
10, 4, 3.12, [269, 256, 1086]
10, 5, 3.11, [2512, 2762, 277]
10, 6, 3.07, [278, 104, 277]
10, 7, 3.06, [244, 295, 2597]
10, 8, 3.06, [3135, 2593, 277]
10, 9, 3.06, [278, 226, 1086]
