n_nodes,influence,n0,n1,n2,n3,n4
5,28.3100,75500,181543,86728,226636,22604
5,27.7100,75500,181543,86728,226636,22604
5,27.5000,75500,181543,86728,226636,22604
5,27.5000,75500,181543,86728,226636,22604
5,27.5000,75500,181543,86728,226636,22604
5,27.4800,75500,181543,86728,226636,22604
5,27.4800,75500,181543,86728,226636,22604
5,27.4800,75500,181543,86728,226636,22604
5,27.4800,75500,181543,86728,226636,22604
5,27.4800,75500,181543,86728,226636,22604
5,27.4800,75500,181543,86728,226636,22604
5,27.4800,75500,181543,86728,226636,22604
5,27.4800,75500,181543,86728,226636,22604
5,27.4800,75500,181543,86728,226636,22604
5,27.4100,75500,181543,86728,226636,22604
5,27.3700,75500,181543,86728,226636,22604
