generation number, individual number, fitness, candidate
0, 0, 2.06, [2065, 263]
0, 1, 2.04, [291, 77]
0, 2, 2.04, [256, 191]
0, 3, 2.04, [2595, 209]
0, 4, 2.04, [159, 269]
0, 5, 2.03, [615, 209]
0, 6, 2.03, [259, 2764]
0, 7, 2.03, [264, 103]
0, 8, 2.02, [264, 2767]
0, 9, 2.0, [380, 2597]
1, 0, 2.06, [2595, 193]
1, 1, 2.06, [2065, 263]
1, 2, 2.05, [2595, 193]
1, 3, 2.04, [291, 77]
1, 4, 2.03, [335, 209]
1, 5, 2.02, [2950, 263]
1, 6, 2.02, [159, 291]
1, 7, 2.02, [2599, 263]
1, 8, 2.02, [259, 266]
1, 9, 2.02, [98, 622]
2, 0, 2.06, [2595, 291]
2, 1, 2.06, [2595, 193]
2, 2, 2.06, [2065, 263]
2, 3, 2.05, [2595, 291]
2, 4, 2.05, [269, 193]
2, 5, 2.04, [2595, 265]
2, 6, 2.03, [269, 193]
2, 7, 2.03, [2065, 4849]
2, 8, 2.03, [2595, 76]
2, 9, 2.02, [2950, 193]
3, 0, 2.06, [2595, 291]
3, 1, 2.06, [2595, 193]
3, 2, 2.05, [2599, 193]
3, 3, 2.05, [2595, 259]
3, 4, 2.04, [103, 291]
3, 5, 2.04, [2595, 259]
3, 6, 2.03, [2950, 193]
3, 7, 2.03, [2595, 244]
3, 8, 2.02, [609, 2596]
3, 9, 2.02, [159, 2950]
4, 0, 2.06, [2512, 380]
4, 1, 2.06, [2595, 291]
4, 2, 2.06, [2595, 193]
4, 3, 2.04, [265, 266]
4, 4, 2.04, [615, 193]
4, 5, 2.03, [2764, 537]
4, 6, 2.02, [2595, 4849]
4, 7, 2.02, [277, 2712]
4, 8, 2.02, [2513, 537]
4, 9, 2.02, [283, 240]
5, 0, 2.07, [615, 154]
5, 1, 2.06, [2512, 4849]
5, 2, 2.06, [615, 193]
5, 3, 2.06, [2512, 380]
5, 4, 2.06, [2595, 291]
5, 5, 2.04, [91, 558]
5, 6, 2.04, [2597, 2599]
5, 7, 2.03, [2595, 4849]
5, 8, 2.03, [2512, 220]
5, 9, 2.01, [335, 380]
6, 0, 2.07, [615, 154]
6, 1, 2.06, [615, 154]
6, 2, 2.06, [2512, 4849]
6, 3, 2.04, [615, 302]
6, 4, 2.03, [2711, 616]
6, 5, 2.03, [2514, 261]
6, 6, 2.03, [1080, 2595]
6, 7, 2.03, [261, 159]
6, 8, 2.02, [874, 275]
6, 9, 2.02, [2767, 1095]
7, 0, 2.1, [280, 295]
7, 1, 2.08, [2515, 154]
7, 2, 2.07, [615, 154]
7, 3, 2.06, [615, 154]
7, 4, 2.05, [2512, 191]
7, 5, 2.05, [269, 154]
7, 6, 2.04, [615, 278]
7, 7, 2.04, [1088, 154]
7, 8, 2.03, [2532, 2711]
7, 9, 2.03, [3155, 76]
8, 0, 2.12, [278, 295]
8, 1, 2.12, [301, 295]
8, 2, 2.1, [280, 295]
8, 3, 2.08, [2515, 154]
8, 4, 2.05, [277, 2515]
8, 5, 2.04, [280, 2593]
8, 6, 2.03, [2515, 2530]
8, 7, 2.03, [226, 263]
8, 8, 2.02, [278, 154]
8, 9, 2.02, [2515, 2513]
9, 0, 2.12, [278, 295]
9, 1, 2.12, [301, 295]
9, 2, 2.1, [2596, 295]
9, 3, 2.08, [259, 295]
9, 4, 2.06, [2525, 295]
9, 5, 2.05, [2770, 297]
9, 6, 2.05, [1086, 615]
9, 7, 2.04, [301, 296]
9, 8, 2.03, [2950, 874]
9, 9, 2.02, [263, 154]
10, 0, 2.12, [278, 295]
10, 1, 2.12, [301, 295]
10, 2, 2.11, [303, 295]
10, 3, 2.09, [2599, 2593]
10, 4, 2.08, [1086, 154]
10, 5, 2.06, [261, 2512]
10, 6, 2.06, [275, 77]
10, 7, 2.05, [303, 874]
10, 8, 2.04, [2599, 3135]
10, 9, 2.03, [541, 2513]
11, 0, 2.14, [2597, 295]
11, 1, 2.12, [278, 295]
11, 2, 2.12, [301, 295]
11, 3, 2.04, [558, 541]
11, 4, 2.03, [316, 335]
11, 5, 2.02, [278, 250]
11, 6, 2.02, [296, 301]
11, 7, 2.02, [303, 291]
11, 8, 2.02, [263, 77]
11, 9, 2.01, [274, 2514]
12, 0, 2.14, [2597, 295]
12, 1, 2.13, [303, 295]
12, 2, 2.12, [278, 295]
12, 3, 2.07, [279, 259]
12, 4, 2.07, [2764, 295]
12, 5, 2.07, [103, 295]
12, 6, 2.06, [2595, 2767]
12, 7, 2.06, [77, 3155]
12, 8, 2.05, [1086, 261]
12, 9, 2.03, [263, 81]
13, 0, 2.14, [2597, 295]
13, 1, 2.13, [303, 295]
13, 2, 2.06, [77, 3155]
13, 3, 2.05, [279, 2712]
13, 4, 2.04, [2597, 81]
13, 5, 2.03, [2515, 1087]
13, 6, 2.02, [77, 2525]
13, 7, 2.02, [278, 2513]
13, 8, 2.02, [296, 335]
13, 9, 2.01, [3155, 275]
14, 0, 2.14, [2597, 295]
14, 1, 2.13, [303, 295]
14, 2, 2.09, [295, 149]
14, 3, 2.05, [77, 2512]
14, 4, 2.05, [2527, 874]
14, 5, 2.05, [259, 4602]
14, 6, 2.04, [77, 250]
14, 7, 2.03, [259, 4849]
14, 8, 2.02, [303, 1095]
14, 9, 2.02, [615, 1095]
15, 0, 2.15, [191, 295]
15, 1, 2.14, [2597, 295]
15, 2, 2.13, [303, 295]
15, 3, 2.12, [81, 295]
15, 4, 2.06, [259, 295]
15, 5, 2.05, [288, 259]
15, 6, 2.05, [77, 2525]
15, 7, 2.02, [558, 3334]
15, 8, 2.02, [303, 1087]
15, 9, 2.02, [159, 2513]
16, 0, 2.15, [191, 295]
16, 1, 2.14, [2597, 295]
16, 2, 2.1, [259, 295]
16, 3, 2.08, [534, 295]
16, 4, 2.05, [1811, 534]
16, 5, 2.04, [191, 615]
16, 6, 2.03, [2597, 2712]
16, 7, 2.02, [534, 2593]
16, 8, 2.02, [1080, 301]
16, 9, 2.02, [2762, 1069]
17, 0, 2.15, [191, 295]
17, 1, 2.14, [2597, 295]
17, 2, 2.08, [77, 2596]
17, 3, 2.05, [220, 256]
17, 4, 2.04, [193, 274]
17, 5, 2.03, [193, 300]
17, 6, 2.03, [193, 302]
17, 7, 2.03, [615, 2515]
17, 8, 2.02, [81, 876]
17, 9, 2.01, [1088, 261]
18, 0, 2.15, [191, 295]
18, 1, 2.14, [269, 295]
18, 2, 2.14, [2597, 295]
18, 3, 2.07, [77, 274]
18, 4, 2.04, [2593, 159]
18, 5, 2.03, [193, 2530]
18, 6, 2.03, [193, 250]
18, 7, 2.03, [2597, 1069]
18, 8, 2.02, [159, 274]
18, 9, 2.01, [191, 343]
19, 0, 2.15, [191, 295]
19, 1, 2.14, [269, 295]
19, 2, 2.11, [81, 295]
19, 3, 2.07, [269, 2513]
19, 4, 2.07, [269, 301]
19, 5, 2.07, [77, 250]
19, 6, 2.05, [2595, 4602]
19, 7, 2.05, [193, 274]
19, 8, 2.02, [2593, 2513]
19, 9, 2.02, [2597, 876]
20, 0, 2.15, [191, 295]
20, 1, 2.14, [269, 295]
20, 2, 2.08, [285, 295]
20, 3, 2.06, [269, 2530]
20, 4, 2.03, [558, 2515]
20, 5, 2.03, [295, 2770]
20, 6, 2.03, [2514, 266]
20, 7, 2.02, [1082, 2574]
20, 8, 2.02, [2596, 102]
20, 9, 2.01, [2765, 876]
21, 0, 2.15, [191, 295]
21, 1, 2.14, [2597, 295]
21, 2, 2.14, [269, 295]
21, 3, 2.1, [2527, 295]
21, 4, 2.08, [2156, 295]
21, 5, 2.06, [303, 874]
21, 6, 2.04, [2770, 301]
21, 7, 2.03, [4849, 2530]
21, 8, 2.02, [3155, 244]
21, 9, 2.01, [335, 2765]
22, 0, 2.15, [191, 295]
22, 1, 2.14, [2597, 295]
22, 2, 2.11, [2770, 295]
22, 3, 2.1, [191, 295]
22, 4, 2.07, [2597, 2770]
22, 5, 2.06, [2514, 876]
22, 6, 2.06, [609, 295]
22, 7, 2.05, [259, 291]
22, 8, 2.05, [154, 274]
22, 9, 2.04, [191, 278]
23, 0, 2.15, [191, 295]
23, 1, 2.14, [2597, 295]
23, 2, 2.09, [159, 295]
23, 3, 2.08, [874, 295]
23, 4, 2.06, [2512, 1086]
23, 5, 2.03, [1811, 278]
23, 6, 2.03, [191, 250]
23, 7, 2.02, [2765, 191]
23, 8, 2.02, [2515, 558]
23, 9, 2.02, [2770, 316]
24, 0, 2.15, [191, 295]
24, 1, 2.14, [2597, 295]
24, 2, 2.07, [2762, 295]
24, 3, 2.05, [193, 295]
24, 4, 2.04, [191, 2512]
24, 5, 2.04, [4602, 265]
24, 6, 2.03, [4849, 2593]
24, 7, 2.03, [300, 283]
24, 8, 2.02, [283, 297]
24, 9, 2.01, [2599, 534]
25, 0, 2.15, [191, 295]
25, 1, 2.14, [2597, 295]
25, 2, 2.09, [193, 103]
25, 3, 2.05, [191, 260]
25, 4, 2.03, [76, 874]
25, 5, 2.03, [380, 2950]
25, 6, 2.03, [2770, 316]
25, 7, 2.02, [622, 2530]
25, 8, 2.01, [3334, 2514]
25, 9, 2.0, [2711, 1088]
26, 0, 2.15, [191, 295]
26, 1, 2.14, [2597, 295]
26, 2, 2.1, [159, 295]
26, 3, 2.06, [301, 103]
26, 4, 2.06, [77, 103]
26, 5, 2.06, [191, 295]
26, 6, 2.05, [296, 295]
26, 7, 2.05, [193, 2513]
26, 8, 2.04, [2597, 2514]
26, 9, 2.02, [2525, 222]
27, 0, 2.15, [191, 295]
27, 1, 2.14, [77, 103]
27, 2, 2.14, [2597, 295]
27, 3, 2.13, [2599, 295]
27, 4, 2.13, [193, 295]
27, 5, 2.08, [1811, 295]
27, 6, 2.07, [159, 2950]
27, 7, 2.06, [77, 2513]
27, 8, 2.04, [209, 2767]
27, 9, 2.02, [874, 2525]
28, 0, 2.15, [191, 295]
28, 1, 2.14, [77, 103]
28, 2, 2.1, [193, 295]
28, 3, 2.1, [77, 103]
28, 4, 2.07, [2764, 295]
28, 5, 2.03, [2764, 295]
28, 6, 2.03, [1086, 91]
28, 7, 2.02, [1095, 1086]
28, 8, 2.02, [220, 615]
28, 9, 2.01, [191, 300]
29, 0, 2.16, [274, 295]
29, 1, 2.15, [191, 295]
29, 2, 2.14, [77, 103]
29, 3, 2.13, [265, 295]
29, 4, 2.06, [2596, 269]
29, 5, 2.06, [277, 295]
29, 6, 2.05, [277, 103]
29, 7, 2.04, [193, 103]
29, 8, 2.03, [1811, 278]
29, 9, 2.02, [278, 159]
30, 0, 2.16, [274, 295]
30, 1, 2.15, [191, 295]
30, 2, 2.08, [1811, 279]
30, 3, 2.06, [191, 2595]
30, 4, 2.04, [274, 2513]
30, 5, 2.03, [274, 209]
30, 6, 2.03, [296, 3135]
30, 7, 2.03, [274, 2514]
30, 8, 2.01, [343, 291]
30, 9, 2.01, [191, 1088]
31, 0, 2.17, [295, 874]
31, 1, 2.16, [274, 295]
31, 2, 2.15, [191, 295]
31, 3, 2.05, [274, 2512]
31, 4, 2.05, [191, 2513]
31, 5, 2.05, [2595, 219]
31, 6, 2.03, [159, 2530]
31, 7, 2.03, [193, 275]
31, 8, 2.03, [2595, 2711]
31, 9, 2.02, [274, 2514]
32, 0, 2.17, [295, 874]
32, 1, 2.16, [274, 295]
32, 2, 2.1, [193, 295]
32, 3, 2.09, [274, 295]
32, 4, 2.06, [2527, 2530]
32, 5, 2.06, [275, 2513]
32, 6, 2.05, [2595, 316]
32, 7, 2.04, [558, 2762]
32, 8, 2.03, [285, 2767]
32, 9, 2.02, [191, 876]
33, 0, 2.17, [295, 874]
33, 1, 2.16, [274, 295]
33, 2, 2.13, [295, 103]
33, 3, 2.07, [149, 295]
33, 4, 2.02, [303, 1087]
33, 5, 2.02, [3135, 263]
33, 6, 2.02, [278, 260]
33, 7, 2.02, [104, 265]
33, 8, 2.02, [2527, 277]
33, 9, 2.01, [159, 291]
34, 0, 2.17, [295, 874]
34, 1, 2.16, [274, 295]
34, 2, 2.1, [295, 300]
34, 3, 2.06, [263, 269]
34, 4, 2.05, [2532, 193]
34, 5, 2.04, [2595, 2527]
34, 6, 2.04, [275, 103]
34, 7, 2.03, [154, 285]
34, 8, 2.03, [103, 2527]
34, 9, 2.02, [81, 103]
35, 0, 2.17, [295, 874]
35, 1, 2.16, [274, 295]
35, 2, 2.07, [1811, 277]
35, 3, 2.07, [295, 2770]
35, 4, 2.07, [295, 264]
35, 5, 2.03, [250, 537]
35, 6, 2.03, [876, 154]
35, 7, 2.02, [4602, 209]
35, 8, 2.02, [4602, 81]
35, 9, 2.01, [316, 2515]
36, 0, 2.17, [295, 874]
36, 1, 2.16, [274, 295]
36, 2, 2.15, [295, 77]
36, 3, 2.07, [256, 2711]
36, 4, 2.06, [274, 2770]
36, 5, 2.05, [226, 874]
36, 6, 2.04, [285, 1080]
36, 7, 2.03, [303, 263]
36, 8, 2.03, [275, 264]
36, 9, 2.02, [250, 874]
37, 0, 2.17, [295, 874]
37, 1, 2.16, [274, 295]
37, 2, 2.09, [295, 303]
37, 3, 2.07, [295, 77]
37, 4, 2.04, [1811, 244]
37, 5, 2.04, [1069, 91]
37, 6, 2.03, [303, 2711]
37, 7, 2.03, [283, 259]
37, 8, 2.03, [876, 283]
37, 9, 2.02, [616, 280]
38, 0, 2.17, [295, 874]
38, 1, 2.16, [274, 295]
38, 2, 2.11, [2764, 277]
38, 3, 2.07, [295, 874]
38, 4, 2.05, [274, 2512]
38, 5, 2.05, [2765, 380]
38, 6, 2.05, [300, 874]
38, 7, 2.04, [250, 302]
38, 8, 2.03, [2770, 81]
38, 9, 2.02, [280, 1080]
39, 0, 2.17, [295, 874]
39, 1, 2.16, [274, 295]
39, 2, 2.04, [2764, 2530]
39, 3, 2.04, [2513, 2765]
39, 4, 2.03, [4602, 1069]
39, 5, 2.02, [274, 300]
39, 6, 2.02, [1811, 3334]
39, 7, 2.02, [541, 2514]
39, 8, 2.02, [2767, 266]
39, 9, 2.01, [1095, 102]
40, 0, 2.17, [295, 874]
40, 1, 2.16, [274, 295]
40, 2, 2.11, [295, 269]
40, 3, 2.07, [279, 1088]
40, 4, 2.05, [269, 273]
40, 5, 2.05, [2514, 301]
40, 6, 2.03, [2599, 874]
40, 7, 2.02, [297, 2712]
40, 8, 2.02, [240, 876]
40, 9, 2.02, [1082, 2770]
41, 0, 2.17, [295, 874]
41, 1, 2.16, [263, 295]
41, 2, 2.16, [274, 295]
41, 3, 2.06, [1811, 269]
41, 4, 2.06, [295, 2593]
41, 5, 2.05, [259, 874]
41, 6, 2.03, [219, 269]
41, 7, 2.03, [226, 2596]
41, 8, 2.03, [2597, 1088]
41, 9, 2.03, [4602, 2596]
42, 0, 2.17, [295, 874]
42, 1, 2.16, [263, 295]
42, 2, 2.09, [295, 280]
42, 3, 2.06, [1069, 295]
42, 4, 2.05, [2595, 2764]
42, 5, 2.05, [2770, 874]
42, 6, 2.03, [274, 2770]
42, 7, 2.02, [274, 266]
42, 8, 2.01, [274, 2767]
42, 9, 2.01, [876, 2767]
43, 0, 2.17, [295, 874]
43, 1, 2.16, [263, 295]
43, 2, 2.09, [2596, 874]
43, 3, 2.08, [263, 874]
43, 4, 2.06, [291, 295]
43, 5, 2.05, [302, 2770]
43, 6, 2.05, [303, 2512]
43, 7, 2.04, [263, 2762]
43, 8, 2.01, [1082, 278]
43, 9, 2.01, [876, 278]
44, 0, 2.17, [295, 874]
44, 1, 2.16, [263, 295]
44, 2, 2.08, [295, 3334]
44, 3, 2.07, [876, 295]
44, 4, 2.06, [622, 874]
44, 5, 2.05, [2596, 2514]
44, 6, 2.05, [295, 280]
44, 7, 2.04, [263, 2770]
44, 8, 2.03, [300, 874]
44, 9, 2.02, [266, 316]
45, 0, 2.17, [295, 874]
45, 1, 2.16, [263, 295]
45, 2, 2.1, [295, 98]
45, 3, 2.08, [295, 291]
45, 4, 2.05, [2514, 300]
45, 5, 2.05, [2513, 295]
45, 6, 2.03, [2764, 2596]
45, 7, 2.03, [534, 335]
45, 8, 2.02, [1069, 1088]
45, 9, 2.02, [537, 260]
46, 0, 2.17, [295, 874]
46, 1, 2.16, [263, 295]
46, 2, 2.13, [2593, 295]
46, 3, 2.1, [295, 278]
46, 4, 2.08, [277, 2530]
46, 5, 2.06, [295, 609]
46, 6, 2.06, [537, 269]
46, 7, 2.05, [534, 256]
46, 8, 2.05, [154, 874]
46, 9, 2.03, [2767, 278]
47, 0, 2.17, [295, 874]
47, 1, 2.16, [263, 295]
47, 2, 2.13, [874, 295]
47, 3, 2.09, [260, 295]
47, 4, 2.09, [295, 220]
47, 5, 2.07, [295, 2767]
47, 6, 2.06, [2530, 874]
47, 7, 2.06, [2767, 1811]
47, 8, 2.06, [291, 874]
47, 9, 2.02, [874, 265]
48, 0, 2.17, [295, 874]
48, 1, 2.16, [263, 295]
48, 2, 2.1, [295, 277]
48, 3, 2.07, [103, 876]
48, 4, 2.06, [295, 209]
48, 5, 2.06, [266, 193]
48, 6, 2.06, [2599, 874]
48, 7, 2.04, [3155, 220]
48, 8, 2.04, [2770, 2514]
48, 9, 2.02, [81, 2597]
49, 0, 2.17, [295, 874]
49, 1, 2.16, [263, 295]
49, 2, 2.1, [295, 1088]
49, 3, 2.07, [609, 295]
49, 4, 2.06, [874, 2532]
49, 5, 2.06, [295, 4602]
49, 6, 2.04, [98, 2514]
49, 7, 2.04, [291, 274]
49, 8, 2.03, [1088, 2527]
49, 9, 2.03, [302, 2770]
50, 0, 2.17, [295, 874]
50, 1, 2.16, [263, 295]
50, 2, 2.06, [2156, 2512]
50, 3, 2.06, [296, 193]
50, 4, 2.05, [2596, 874]
50, 5, 2.03, [2513, 303]
50, 6, 2.02, [2514, 219]
50, 7, 2.02, [3135, 102]
50, 8, 2.01, [263, 1080]
50, 9, 2.01, [222, 278]
