n_nodes,influence,n0,n1,n2,n3,n4,n5,n6,n7,n8,n9,n10,n11,n12,n13,n14,n15,n16,n17,n18,n19,n20,n21,n22,n23,n24,n25,n26,n27,n28,n29,n30,n31,n32,n33,n34,n35,n36,n37,n38,n39
40,208.6000,250880,234389,197807,24857,240154,156447,172575,229285,145062,206461,132655,127924,33973,251704,112953,16824,34815,249149,252222,65474,52296,138186,241099,176332,73680,199130,178268,257885,92639,104546,171621,206951,87148,19054,204143,48756,140534,2424,126461,11775
40,208.6000,250880,234389,197807,24857,240154,156447,172575,229285,145062,206461,132655,127924,33973,251704,112953,16824,34815,249149,252222,65474,52296,138186,241099,176332,73680,199130,178268,257885,92639,104546,171621,206951,87148,19054,204143,48756,140534,2424,126461,11775
40,208.6000,250880,234389,197807,24857,240154,156447,172575,229285,145062,206461,132655,127924,33973,251704,112953,16824,34815,249149,252222,65474,52296,138186,241099,176332,73680,199130,178268,257885,92639,104546,171621,206951,87148,19054,204143,48756,140534,2424,126461,11775
40,208.6000,250880,234389,197807,24857,240154,156447,172575,229285,145062,206461,132655,127924,33973,251704,112953,16824,34815,249149,252222,65474,52296,138186,241099,176332,73680,199130,178268,257885,92639,104546,171621,206951,87148,19054,204143,48756,140534,2424,126461,11775
40,208.6000,250880,234389,197807,24857,240154,156447,172575,229285,145062,206461,132655,127924,33973,251704,112953,16824,34815,249149,252222,65474,52296,138186,241099,176332,73680,199130,178268,257885,92639,104546,171621,206951,87148,19054,204143,48756,140534,2424,126461,11775
40,208.6000,250880,234389,197807,24857,240154,156447,172575,229285,145062,206461,132655,127924,33973,251704,112953,16824,34815,249149,252222,65474,52296,138186,241099,176332,73680,199130,178268,257885,92639,104546,171621,206951,87148,19054,204143,48756,140534,2424,126461,11775
40,208.6000,250880,234389,197807,24857,240154,156447,172575,229285,145062,206461,132655,127924,33973,251704,112953,16824,34815,249149,252222,65474,52296,138186,241099,176332,73680,199130,178268,257885,92639,104546,171621,206951,87148,19054,204143,48756,140534,2424,126461,11775
40,208.6000,250880,234389,197807,24857,240154,156447,172575,229285,145062,206461,132655,127924,33973,251704,112953,16824,34815,249149,252222,65474,52296,138186,241099,176332,73680,199130,178268,257885,92639,104546,171621,206951,87148,19054,204143,48756,140534,2424,126461,11775
40,208.6000,250880,234389,197807,24857,240154,156447,172575,229285,145062,206461,132655,127924,33973,251704,112953,16824,34815,249149,252222,65474,52296,138186,241099,176332,73680,199130,178268,257885,92639,104546,171621,206951,87148,19054,204143,48756,140534,2424,126461,11775
40,208.6000,250880,234389,197807,24857,240154,156447,172575,229285,145062,206461,132655,127924,33973,251704,112953,16824,34815,249149,252222,65474,52296,138186,241099,176332,73680,199130,178268,257885,92639,104546,171621,206951,87148,19054,204143,48756,140534,2424,126461,11775
40,208.6000,250880,234389,197807,24857,240154,156447,172575,229285,145062,206461,132655,127924,33973,251704,112953,16824,34815,249149,252222,65474,52296,138186,241099,176332,73680,199130,178268,257885,92639,104546,171621,206951,87148,19054,204143,48756,140534,2424,126461,11775
40,208.6000,250880,234389,197807,24857,240154,156447,172575,229285,145062,206461,132655,127924,33973,251704,112953,16824,34815,249149,252222,65474,52296,138186,241099,176332,73680,199130,178268,257885,92639,104546,171621,206951,87148,19054,204143,48756,140534,2424,126461,11775
40,208.6000,250880,234389,197807,24857,240154,156447,172575,229285,145062,206461,132655,127924,33973,251704,112953,16824,34815,249149,252222,65474,52296,138186,241099,176332,73680,199130,178268,257885,92639,104546,171621,206951,87148,19054,204143,48756,140534,2424,126461,11775
40,208.6000,250880,234389,197807,24857,240154,156447,172575,229285,145062,206461,132655,127924,33973,251704,112953,16824,34815,249149,252222,65474,52296,138186,241099,176332,73680,199130,178268,257885,92639,104546,171621,206951,87148,19054,204143,48756,140534,2424,126461,11775
40,208.6000,250880,234389,197807,24857,240154,156447,172575,229285,145062,206461,132655,127924,33973,251704,112953,16824,34815,249149,252222,65474,52296,138186,241099,176332,73680,199130,178268,257885,92639,104546,171621,206951,87148,19054,204143,48756,140534,2424,126461,11775
40,208.6000,250880,234389,197807,24857,240154,156447,172575,229285,145062,206461,132655,127924,33973,251704,112953,16824,34815,249149,252222,65474,52296,138186,241099,176332,73680,199130,178268,257885,92639,104546,171621,206951,87148,19054,204143,48756,140534,2424,126461,11775
40,208.6000,250880,234389,197807,24857,240154,156447,172575,229285,145062,206461,132655,127924,33973,251704,112953,16824,34815,249149,252222,65474,52296,138186,241099,176332,73680,199130,178268,257885,92639,104546,171621,206951,87148,19054,204143,48756,140534,2424,126461,11775
40,208.6000,250880,234389,197807,24857,240154,156447,172575,229285,145062,206461,132655,127924,33973,251704,112953,16824,34815,249149,252222,65474,52296,138186,241099,176332,73680,199130,178268,257885,92639,104546,171621,206951,87148,19054,204143,48756,140534,2424,126461,11775
40,208.6000,250880,234389,197807,24857,240154,156447,172575,229285,145062,206461,132655,127924,33973,251704,112953,16824,34815,249149,252222,65474,52296,138186,241099,176332,73680,199130,178268,257885,92639,104546,171621,206951,87148,19054,204143,48756,140534,2424,126461,11775
40,208.6000,250880,234389,197807,24857,240154,156447,172575,229285,145062,206461,132655,127924,33973,251704,112953,16824,34815,249149,252222,65474,52296,138186,241099,176332,73680,199130,178268,257885,92639,104546,171621,206951,87148,19054,204143,48756,140534,2424,126461,11775
40,208.6000,250880,234389,197807,24857,240154,156447,172575,229285,145062,206461,132655,127924,33973,251704,112953,16824,34815,249149,252222,65474,52296,138186,241099,176332,73680,199130,178268,257885,92639,104546,171621,206951,87148,19054,204143,48756,140534,2424,126461,11775
40,208.6000,250880,234389,197807,24857,240154,156447,172575,229285,145062,206461,132655,127924,33973,251704,112953,16824,34815,249149,252222,65474,52296,138186,241099,176332,73680,199130,178268,257885,92639,104546,171621,206951,87148,19054,204143,48756,140534,2424,126461,11775
40,208.6000,250880,234389,197807,24857,240154,156447,172575,229285,145062,206461,132655,127924,33973,251704,112953,16824,34815,249149,252222,65474,52296,138186,241099,176332,73680,199130,178268,257885,92639,104546,171621,206951,87148,19054,204143,48756,140534,2424,126461,11775
40,208.6000,250880,234389,197807,24857,240154,156447,172575,229285,145062,206461,132655,127924,33973,251704,112953,16824,34815,249149,252222,65474,52296,138186,241099,176332,73680,199130,178268,257885,92639,104546,171621,206951,87148,19054,204143,48756,140534,2424,126461,11775
40,208.6000,250880,234389,197807,24857,240154,156447,172575,229285,145062,206461,132655,127924,33973,251704,112953,16824,34815,249149,252222,65474,52296,138186,241099,176332,73680,199130,178268,257885,92639,104546,171621,206951,87148,19054,204143,48756,140534,2424,126461,11775
40,208.6000,250880,234389,197807,24857,240154,156447,172575,229285,145062,206461,132655,127924,33973,251704,112953,16824,34815,249149,252222,65474,52296,138186,241099,176332,73680,199130,178268,257885,92639,104546,171621,206951,87148,19054,204143,48756,140534,2424,126461,11775
40,208.6000,250880,234389,197807,24857,240154,156447,172575,229285,145062,206461,132655,127924,33973,251704,112953,16824,34815,249149,252222,65474,52296,138186,241099,176332,73680,199130,178268,257885,92639,104546,171621,206951,87148,19054,204143,48756,140534,2424,126461,11775
40,208.6000,250880,234389,197807,24857,240154,156447,172575,229285,145062,206461,132655,127924,33973,251704,112953,16824,34815,249149,252222,65474,52296,138186,241099,176332,73680,199130,178268,257885,92639,104546,171621,206951,87148,19054,204143,48756,140534,2424,126461,11775
40,208.6000,250880,234389,197807,24857,240154,156447,172575,229285,145062,206461,132655,127924,33973,251704,112953,16824,34815,249149,252222,65474,52296,138186,241099,176332,73680,199130,178268,257885,92639,104546,171621,206951,87148,19054,204143,48756,140534,2424,126461,11775
40,208.6000,250880,234389,197807,24857,240154,156447,172575,229285,145062,206461,132655,127924,33973,251704,112953,16824,34815,249149,252222,65474,52296,138186,241099,176332,73680,199130,178268,257885,92639,104546,171621,206951,87148,19054,204143,48756,140534,2424,126461,11775
40,208.6000,250880,234389,197807,24857,240154,156447,172575,229285,145062,206461,132655,127924,33973,251704,112953,16824,34815,249149,252222,65474,52296,138186,241099,176332,73680,199130,178268,257885,92639,104546,171621,206951,87148,19054,204143,48756,140534,2424,126461,11775
40,208.6000,250880,234389,197807,24857,240154,156447,172575,229285,145062,206461,132655,127924,33973,251704,112953,16824,34815,249149,252222,65474,52296,138186,241099,176332,73680,199130,178268,257885,92639,104546,171621,206951,87148,19054,204143,48756,140534,2424,126461,11775
40,208.6000,250880,234389,197807,24857,240154,156447,172575,229285,145062,206461,132655,127924,33973,251704,112953,16824,34815,249149,252222,65474,52296,138186,241099,176332,73680,199130,178268,257885,92639,104546,171621,206951,87148,19054,204143,48756,140534,2424,126461,11775
40,208.6000,250880,234389,197807,24857,240154,156447,172575,229285,145062,206461,132655,127924,33973,251704,112953,16824,34815,249149,252222,65474,52296,138186,241099,176332,73680,199130,178268,257885,92639,104546,171621,206951,87148,19054,204143,48756,140534,2424,126461,11775
40,208.6000,250880,234389,197807,24857,240154,156447,172575,229285,145062,206461,132655,127924,33973,251704,112953,16824,34815,249149,252222,65474,52296,138186,241099,176332,73680,199130,178268,257885,92639,104546,171621,206951,87148,19054,204143,48756,140534,2424,126461,11775
40,208.6000,250880,234389,197807,24857,240154,156447,172575,229285,145062,206461,132655,127924,33973,251704,112953,16824,34815,249149,252222,65474,52296,138186,241099,176332,73680,199130,178268,257885,92639,104546,171621,206951,87148,19054,204143,48756,140534,2424,126461,11775
40,208.6000,250880,234389,197807,24857,240154,156447,172575,229285,145062,206461,132655,127924,33973,251704,112953,16824,34815,249149,252222,65474,52296,138186,241099,176332,73680,199130,178268,257885,92639,104546,171621,206951,87148,19054,204143,48756,140534,2424,126461,11775
40,208.6000,250880,234389,197807,24857,240154,156447,172575,229285,145062,206461,132655,127924,33973,251704,112953,16824,34815,249149,252222,65474,52296,138186,241099,176332,73680,199130,178268,257885,92639,104546,171621,206951,87148,19054,204143,48756,140534,2424,126461,11775
40,208.6000,250880,234389,197807,24857,240154,156447,172575,229285,145062,206461,132655,127924,33973,251704,112953,16824,34815,249149,252222,65474,52296,138186,241099,176332,73680,199130,178268,257885,92639,104546,171621,206951,87148,19054,204143,48756,140534,2424,126461,11775
40,208.6000,250880,234389,197807,24857,240154,156447,172575,229285,145062,206461,132655,127924,33973,251704,112953,16824,34815,249149,252222,65474,52296,138186,241099,176332,73680,199130,178268,257885,92639,104546,171621,206951,87148,19054,204143,48756,140534,2424,126461,11775
40,208.6000,250880,234389,197807,24857,240154,156447,172575,229285,145062,206461,132655,127924,33973,251704,112953,16824,34815,249149,252222,65474,52296,138186,241099,176332,73680,199130,178268,257885,92639,104546,171621,206951,87148,19054,204143,48756,140534,2424,126461,11775
40,208.6000,250880,234389,197807,24857,240154,156447,172575,229285,145062,206461,132655,127924,33973,251704,112953,16824,34815,249149,252222,65474,52296,138186,241099,176332,73680,199130,178268,257885,92639,104546,171621,206951,87148,19054,204143,48756,140534,2424,126461,11775
40,208.6000,250880,234389,197807,24857,240154,156447,172575,229285,145062,206461,132655,127924,33973,251704,112953,16824,34815,249149,252222,65474,52296,138186,241099,176332,73680,199130,178268,257885,92639,104546,171621,206951,87148,19054,204143,48756,140534,2424,126461,11775
40,208.6000,250880,234389,197807,24857,240154,156447,172575,229285,145062,206461,132655,127924,33973,251704,112953,16824,34815,249149,252222,65474,52296,138186,241099,176332,73680,199130,178268,257885,92639,104546,171621,206951,87148,19054,204143,48756,140534,2424,126461,11775
40,208.6000,250880,234389,197807,24857,240154,156447,172575,229285,145062,206461,132655,127924,33973,251704,112953,16824,34815,249149,252222,65474,52296,138186,241099,176332,73680,199130,178268,257885,92639,104546,171621,206951,87148,19054,204143,48756,140534,2424,126461,11775
40,208.6000,250880,234389,197807,24857,240154,156447,172575,229285,145062,206461,132655,127924,33973,251704,112953,16824,34815,249149,252222,65474,52296,138186,241099,176332,73680,199130,178268,257885,92639,104546,171621,206951,87148,19054,204143,48756,140534,2424,126461,11775
40,208.6000,250880,234389,197807,24857,240154,156447,172575,229285,145062,206461,132655,127924,33973,251704,112953,16824,34815,249149,252222,65474,52296,138186,241099,176332,73680,199130,178268,257885,92639,104546,171621,206951,87148,19054,204143,48756,140534,2424,126461,11775
40,208.6000,250880,234389,197807,24857,240154,156447,172575,229285,145062,206461,132655,127924,33973,251704,112953,16824,34815,249149,252222,65474,52296,138186,241099,176332,73680,199130,178268,257885,92639,104546,171621,206951,87148,19054,204143,48756,140534,2424,126461,11775
40,208.6000,250880,234389,197807,24857,240154,156447,172575,229285,145062,206461,132655,127924,33973,251704,112953,16824,34815,249149,252222,65474,52296,138186,241099,176332,73680,199130,178268,257885,92639,104546,171621,206951,87148,19054,204143,48756,140534,2424,126461,11775
40,208.6000,250880,234389,197807,24857,240154,156447,172575,229285,145062,206461,132655,127924,33973,251704,112953,16824,34815,249149,252222,65474,52296,138186,241099,176332,73680,199130,178268,257885,92639,104546,171621,206951,87148,19054,204143,48756,140534,2424,126461,11775
40,205.7100,250880,234389,24857,240154,172575,156447,229285,145062,197807,132655,127924,33973,16824,112953,251704,249149,252222,65474,52296,138186,241099,176332,73680,199130,178268,257885,92639,126461,104546,171621,206951,11775,87148,19054,204143,48756,140534,2424,206461,150163
40,205.4000,250880,234389,197807,24857,240154,156447,172575,229285,145062,206461,132655,127924,33973,251704,112953,16824,34815,249149,252222,65474,52296,138186,241099,176332,73680,199130,178268,257885,92639,104546,171621,206951,87148,19054,204143,48756,140534,2424,126461,11775
40,205.0700,250880,234389,197807,24857,240154,156447,172575,229285,145062,206461,132655,127924,33973,251704,112953,16824,34815,249149,252222,65474,52296,138186,241099,176332,73680,199130,178268,257885,92639,104546,171621,206951,87148,19054,204143,48756,140534,2424,126461,11775
40,204.6600,250880,234389,197807,150163,24857,240154,156447,172575,229285,145062,132655,127924,33973,251704,112953,16824,206461,249149,252222,65474,52296,138186,241099,176332,73680,199130,178268,257885,92639,104546,171621,206951,87148,19054,204143,48756,140534,2424,126461,11775
40,204.0600,250880,234389,197807,24857,240154,156447,172575,229285,145062,206461,132655,127924,33973,251704,112953,16824,34815,249149,252222,65474,52296,138186,241099,176332,73680,199130,178268,257885,92639,104546,171621,206951,87148,19054,204143,48756,140534,2424,126461,11775
40,203.8400,250880,234389,197807,24857,240154,156447,172575,229285,145062,206461,132655,127924,33973,251704,112953,16824,34815,249149,252222,65474,52296,138186,241099,176332,73680,199130,178268,257885,92639,104546,171621,206951,87148,19054,204143,48756,140534,2424,126461,11775
40,203.8300,250880,234389,197807,24857,240154,156447,172575,229285,145062,206461,132655,127924,33973,251704,112953,16824,34815,249149,252222,65474,52296,138186,241099,176332,73680,199130,178268,257885,92639,104546,171621,206951,87148,19054,204143,48756,140534,2424,126461,11775
40,203.6100,250880,234389,197807,24857,240154,156447,172575,229285,145062,206461,132655,127924,33973,251704,112953,16824,34815,249149,252222,65474,52296,138186,241099,176332,73680,199130,178268,257885,92639,104546,171621,206951,87148,19054,204143,48756,140534,2424,126461,11775
40,203.4800,250880,234389,197807,24857,240154,156447,172575,229285,145062,206461,132655,127924,33973,251704,112953,16824,34815,249149,252222,65474,52296,138186,241099,176332,73680,199130,178268,257885,92639,104546,171621,206951,87148,19054,204143,48756,140534,2424,126461,11775
40,203.3500,250880,234389,197807,24857,240154,156447,172575,229285,145062,206461,132655,127924,33973,251704,112953,16824,34815,249149,252222,65474,52296,138186,241099,176332,73680,199130,178268,257885,92639,104546,171621,206951,87148,19054,204143,48756,140534,2424,126461,11775
40,203.2700,250880,234389,197807,24857,240154,156447,172575,229285,145062,206461,132655,127924,33973,251704,112953,16824,34815,249149,252222,65474,52296,138186,241099,176332,73680,199130,178268,257885,92639,104546,171621,206951,87148,19054,204143,48756,140534,2424,126461,11775
40,203.2100,250880,234389,197807,24857,240154,156447,172575,229285,145062,206461,132655,127924,33973,251704,112953,16824,34815,249149,252222,65474,52296,138186,241099,176332,73680,199130,178268,257885,92639,104546,171621,206951,87148,19054,204143,48756,140534,2424,126461,11775
40,203.2000,250880,234389,197807,24857,240154,156447,172575,229285,145062,206461,132655,127924,33973,251704,112953,16824,34815,249149,252222,65474,52296,138186,241099,176332,73680,199130,178268,257885,92639,104546,171621,206951,87148,19054,204143,48756,140534,2424,126461,11775
40,203.1800,250880,234389,197807,24857,240154,156447,172575,229285,145062,206461,132655,127924,33973,251704,112953,16824,34815,249149,252222,65474,52296,138186,241099,176332,73680,199130,178268,257885,92639,104546,171621,206951,87148,19054,204143,48756,140534,2424,126461,11775
40,203.0400,250880,234389,197807,24857,240154,156447,172575,229285,145062,206461,132655,127924,33973,251704,112953,16824,34815,249149,252222,65474,52296,138186,241099,176332,73680,199130,178268,257885,92639,104546,171621,206951,87148,19054,204143,48756,140534,2424,126461,11775
40,202.9000,250880,234389,197807,24857,240154,156447,172575,229285,145062,206461,132655,127924,33973,251704,112953,16824,34815,249149,252222,65474,52296,138186,241099,176332,73680,199130,178268,257885,92639,104546,171621,206951,87148,19054,204143,48756,140534,2424,126461,11775
40,202.5800,250880,234389,197807,24857,240154,156447,172575,229285,145062,206461,132655,127924,33973,251704,112953,16824,34815,249149,252222,65474,52296,138186,241099,176332,73680,199130,178268,257885,92639,104546,171621,206951,87148,19054,204143,48756,140534,2424,126461,11775
40,202.2900,250880,234389,197807,24857,240154,156447,172575,229285,145062,206461,132655,127924,33973,251704,112953,16824,34815,249149,252222,65474,52296,138186,241099,176332,73680,199130,178268,257885,92639,104546,171621,206951,87148,19054,204143,48756,140534,2424,126461,11775
40,202.0900,250880,234389,197807,24857,240154,156447,172575,229285,145062,206461,132655,127924,33973,251704,112953,16824,34815,249149,252222,65474,52296,138186,241099,176332,73680,199130,178268,257885,92639,104546,171621,206951,87148,19054,204143,48756,140534,2424,126461,11775
40,202.0700,250880,234389,197807,24857,240154,156447,172575,229285,145062,206461,132655,127924,33973,251704,112953,16824,34815,249149,252222,65474,52296,138186,241099,176332,73680,199130,178268,257885,92639,104546,171621,206951,87148,19054,204143,48756,140534,2424,126461,11775
40,201.8600,250880,234389,197807,24857,240154,156447,172575,229285,145062,206461,132655,127924,33973,251704,112953,16824,34815,249149,252222,65474,52296,138186,241099,176332,73680,199130,178268,257885,92639,104546,171621,206951,87148,19054,204143,48756,140534,2424,126461,11775
40,201.7900,250880,234389,197807,24857,240154,156447,172575,229285,145062,206461,132655,127924,33973,251704,112953,16824,34815,249149,252222,65474,52296,138186,241099,176332,73680,199130,178268,257885,92639,104546,171621,206951,87148,19054,204143,48756,140534,2424,126461,11775
40,201.7500,250880,234389,24857,240154,172575,34815,229285,145062,197807,132655,127924,33973,16824,156447,112953,249149,252222,65474,52296,138186,241099,176332,73680,199130,178268,257885,92639,126461,206461,104546,171621,11775,206951,251704,87148,19054,204143,48756,140534,2424
40,201.5500,250880,234389,197807,24857,240154,156447,172575,229285,145062,206461,132655,127924,33973,251704,112953,16824,34815,249149,252222,65474,52296,138186,241099,176332,73680,199130,178268,257885,92639,104546,171621,206951,87148,19054,204143,48756,140534,2424,126461,11775
40,201.4400,250880,234389,197807,24857,240154,156447,172575,229285,145062,206461,132655,127924,33973,251704,112953,16824,34815,249149,252222,65474,52296,138186,241099,176332,73680,199130,178268,257885,92639,104546,171621,206951,87148,19054,204143,48756,140534,2424,126461,11775
40,201.3400,250880,234389,197807,24857,240154,156447,172575,229285,145062,206461,132655,127924,33973,251704,112953,16824,34815,249149,252222,65474,52296,138186,241099,176332,73680,199130,178268,257885,92639,104546,171621,206951,87148,19054,204143,48756,140534,2424,126461,11775
40,201.3300,250880,234389,197807,24857,240154,156447,172575,229285,145062,206461,132655,127924,33973,251704,112953,16824,34815,249149,252222,65474,52296,138186,241099,176332,73680,199130,178268,257885,92639,104546,171621,206951,87148,19054,204143,48756,140534,2424,126461,11775
40,201.1800,250880,234389,197807,24857,240154,156447,172575,229285,145062,206461,132655,127924,33973,251704,112953,16824,34815,249149,252222,65474,52296,138186,241099,176332,73680,199130,178268,257885,92639,104546,171621,206951,87148,19054,204143,48756,140534,2424,126461,11775
40,201.1600,250880,234389,197807,24857,240154,156447,172575,229285,145062,206461,132655,127924,33973,251704,112953,16824,34815,249149,252222,65474,52296,138186,241099,176332,73680,199130,178268,257885,92639,104546,171621,206951,87148,19054,204143,48756,140534,2424,126461,11775
40,201.1300,250880,234389,197807,24857,240154,156447,172575,229285,145062,206461,132655,127924,33973,251704,112953,16824,34815,249149,252222,65474,52296,138186,241099,176332,73680,199130,178268,257885,92639,104546,171621,206951,87148,19054,204143,48756,140534,2424,126461,11775
40,201.0500,250880,234389,197807,24857,240154,156447,172575,229285,145062,206461,132655,127924,33973,251704,112953,16824,34815,249149,252222,65474,52296,138186,241099,176332,73680,199130,178268,257885,92639,104546,171621,206951,87148,19054,204143,48756,140534,2424,126461,11775
40,200.7600,250880,234389,197807,24857,240154,156447,172575,229285,145062,206461,132655,127924,33973,251704,112953,16824,34815,249149,252222,65474,52296,138186,241099,176332,73680,199130,178268,257885,92639,104546,171621,206951,87148,19054,204143,48756,140534,2424,126461,11775
40,200.6800,250880,234389,197807,24857,240154,156447,172575,229285,145062,206461,132655,127924,33973,251704,112953,16824,34815,249149,252222,65474,52296,138186,241099,176332,73680,199130,178268,257885,92639,104546,171621,206951,87148,19054,204143,48756,140534,2424,126461,11775
40,200.6500,250880,234389,197807,24857,240154,156447,172575,229285,145062,206461,132655,127924,33973,251704,112953,16824,34815,249149,252222,65474,52296,138186,241099,176332,73680,199130,178268,257885,92639,104546,171621,206951,87148,19054,204143,48756,140534,2424,126461,11775
40,200.6300,250880,234389,197807,24857,240154,156447,172575,229285,145062,206461,132655,127924,33973,251704,112953,16824,34815,249149,252222,65474,52296,138186,241099,176332,73680,199130,178268,257885,92639,104546,171621,206951,87148,19054,204143,48756,140534,2424,126461,11775
40,200.5900,250880,234389,197807,24857,240154,156447,172575,229285,145062,206461,132655,127924,33973,251704,112953,16824,34815,249149,252222,65474,52296,138186,241099,176332,73680,199130,178268,257885,92639,104546,171621,206951,87148,19054,204143,48756,140534,2424,126461,11775
40,200.4400,250880,234389,197807,24857,240154,156447,172575,229285,145062,206461,132655,127924,33973,251704,112953,16824,34815,249149,252222,65474,52296,138186,241099,176332,73680,199130,178268,257885,92639,104546,171621,206951,87148,19054,204143,48756,140534,2424,126461,11775
40,200.4000,250880,234389,197807,24857,240154,156447,172575,229285,145062,206461,132655,127924,33973,251704,112953,16824,34815,249149,252222,65474,52296,138186,241099,176332,73680,199130,178268,257885,92639,104546,171621,206951,87148,19054,204143,48756,140534,2424,126461,11775
40,200.3500,250880,234389,197807,24857,240154,156447,172575,229285,145062,206461,132655,127924,33973,251704,112953,16824,34815,249149,252222,65474,52296,138186,241099,176332,73680,199130,178268,257885,92639,104546,171621,206951,87148,19054,204143,48756,140534,2424,126461,11775
40,199.7900,250880,234389,197807,24857,240154,156447,172575,229285,145062,206461,132655,127924,33973,251704,112953,16824,34815,249149,252222,65474,52296,138186,241099,176332,73680,199130,178268,257885,92639,104546,171621,206951,87148,19054,204143,48756,140534,2424,126461,11775
40,199.7800,250880,234389,24857,240154,172575,156447,229285,145062,197807,186525,127924,33973,16824,112953,251704,249149,252222,65474,52296,138186,241099,176332,73680,199130,178268,257885,92639,126461,104546,171621,206951,11775,87148,19054,204143,48756,140534,2424,206461,34815
40,199.7800,250880,234389,197807,24857,240154,156447,172575,229285,145062,206461,132655,127924,33973,251704,112953,16824,34815,249149,252222,65474,52296,138186,241099,176332,73680,199130,178268,257885,92639,104546,171621,206951,87148,19054,204143,48756,140534,2424,126461,11775
40,199.5800,250880,234389,24857,240154,172575,156447,229285,145062,197807,132655,127924,33973,16824,112953,251704,249149,252222,65474,52296,138186,241099,176332,73680,199130,178268,257885,92639,126461,107657,171621,206951,11775,87148,19054,204143,48756,140534,2424,206461,34815
40,199.5800,250880,234389,197807,24857,240154,156447,172575,229285,145062,206461,132655,127924,33973,251704,112953,16824,34815,249149,252222,65474,52296,138186,241099,176332,73680,199130,178268,257885,92639,104546,171621,206951,87148,19054,204143,48756,140534,2424,126461,11775
40,199.3600,250880,234389,197807,24857,240154,156447,172575,229285,145062,206461,132655,127924,33973,251704,112953,16824,34815,249149,252222,65474,52296,138186,241099,176332,73680,199130,178268,257885,92639,104546,171621,206951,87148,19054,204143,48756,140534,2424,126461,11775
40,199.2300,250880,234389,197807,24857,240154,156447,172575,229285,145062,206461,132655,127924,33973,251704,112953,16824,34815,249149,252222,65474,52296,138186,241099,176332,73680,199130,178268,257885,92639,104546,171621,206951,87148,19054,204143,48756,140534,2424,126461,11775
40,199.0900,250880,234389,197807,24857,240154,156447,172575,229285,145062,206461,132655,127924,33973,251704,112953,16824,34815,249149,252222,65474,52296,138186,241099,176332,73680,199130,178268,257885,92639,104546,171621,206951,87148,19054,204143,48756,140534,2424,126461,11775
40,198.8700,250880,234389,197807,24857,240154,156447,172575,229285,145062,206461,132655,127924,33973,251704,112953,16824,34815,249149,252222,65474,52296,138186,241099,176332,73680,199130,178268,257885,92639,104546,171621,206951,87148,19054,204143,48756,140534,2424,126461,11775
40,198.1100,250880,234389,197807,24857,240154,156447,172575,229285,145062,206461,132655,127924,33973,251704,112953,16824,34815,249149,252222,65474,52296,138186,241099,176332,73680,199130,178268,257885,92639,104546,171621,206951,87148,19054,204143,48756,140534,2424,126461,11775
40,198.1000,250880,234389,197807,24857,240154,156447,172575,229285,145062,206461,132655,127924,33973,251704,112953,16824,34815,249149,252222,65474,52296,138186,241099,176332,73680,199130,178268,257885,92639,104546,171621,206951,87148,19054,204143,48756,140534,2424,126461,11775
