n_nodes,influence,n0,n1,n2,n3,n4,n5,n6,n7,n8,n9,n10,n11,n12,n13,n14,n15,n16,n17,n18,n19,n20,n21,n22,n23,n24,n25,n26,n27,n28,n29
30,98.7400,43087,153216,92328,245620,226925,126869,114002,25102,212661,118967,74986,117916,243341,89482,68036,143812,92359,1350,259785,18384,227923,127958,221414,54504,147563,125281,50165,24437,95614,193151
30,98.7400,43087,153216,92328,245620,226925,126869,114002,25102,212661,118967,74986,117916,243341,89482,68036,143812,92359,1350,259785,18384,227923,127958,221414,54504,147563,125281,50165,24437,95614,193151
30,98.1100,89482,243341,25102,197776,126869,69013,117916,1053,53022,219563,255153,212661,118967,12344,175287,147831,68036,143812,92359,1350,259785,18384,114002,227923,221414,74986,147563,226925,245620,95614
30,97.9100,18384,12344,27716,245620,226925,126869,114002,25102,212661,118967,74986,117916,243341,89482,221414,259785,197776,68036,147563,219563,92359,69013,143812,255153,227923,1053,175287,53022,1350,95614
30,97.9100,18384,12344,27716,245620,226925,126869,114002,25102,212661,118967,74986,117916,243341,89482,221414,259785,197776,68036,147563,219563,92359,69013,143812,255153,227923,1053,175287,53022,1350,95614
30,97.9100,18384,12344,27716,245620,226925,126869,114002,25102,212661,118967,74986,117916,243341,89482,221414,259785,197776,68036,147563,219563,92359,69013,143812,255153,227923,1053,175287,53022,1350,95614
30,97.9100,18384,12344,27716,245620,226925,126869,114002,25102,212661,118967,74986,117916,243341,89482,221414,259785,197776,68036,147563,219563,92359,69013,143812,255153,227923,1053,175287,53022,1350,95614
30,97.9100,18384,12344,27716,245620,226925,126869,114002,25102,212661,118967,74986,117916,243341,89482,221414,259785,197776,68036,147563,219563,92359,69013,143812,255153,227923,1053,175287,53022,1350,95614
30,97.9100,18384,12344,27716,245620,226925,126869,114002,25102,212661,118967,74986,117916,243341,89482,221414,259785,197776,68036,147563,219563,92359,69013,143812,255153,227923,1053,175287,53022,1350,95614
30,97.9100,18384,12344,27716,245620,226925,126869,114002,25102,212661,118967,74986,117916,243341,89482,221414,259785,197776,68036,147563,219563,92359,69013,143812,255153,227923,1053,175287,53022,1350,95614
30,97.9100,18384,12344,27716,245620,226925,126869,114002,25102,212661,118967,74986,117916,243341,89482,221414,259785,197776,68036,147563,219563,92359,69013,143812,255153,227923,1053,175287,53022,1350,95614
30,97.9100,18384,12344,27716,245620,226925,126869,114002,25102,212661,118967,74986,117916,243341,89482,221414,259785,197776,68036,147563,219563,92359,69013,143812,255153,227923,1053,175287,53022,1350,95614
30,97.7200,43087,153216,92328,245620,226925,126869,114002,25102,212661,118967,74986,117916,243341,89482,68036,143812,92359,1350,259785,18384,227923,127958,221414,54504,147563,125281,50165,24437,95614,193151
30,97.5700,89482,243341,25102,197776,126869,69013,117916,1053,53022,219563,255153,212661,118967,261872,175287,27716,68036,143812,92359,1350,259785,18384,114002,227923,221414,74986,147563,226925,245620,95614
30,97.5400,18384,12344,27716,193151,50165,127958,114002,25102,212661,118967,74986,117916,243341,89482,221414,259785,197776,68036,147563,219563,92359,69013,143812,255153,227923,1053,175287,53022,1350,95614
30,97.5400,18384,12344,27716,193151,50165,127958,114002,25102,212661,118967,74986,117916,243341,89482,221414,259785,197776,68036,147563,219563,92359,69013,143812,255153,227923,1053,175287,53022,1350,95614
30,97.5300,43087,153216,92328,245620,226925,126869,114002,25102,212661,118967,74986,117916,243341,89482,68036,143812,92359,1350,259785,18384,227923,127958,221414,54504,147563,125281,50165,24437,95614,193151
30,97.5300,43087,153216,92328,245620,226925,126869,114002,25102,212661,118967,74986,117916,243341,89482,68036,143812,92359,1350,259785,18384,227923,127958,221414,54504,147563,125281,50165,24437,95614,193151
30,97.5300,43087,153216,92328,245620,226925,126869,114002,25102,212661,118967,74986,117916,243341,89482,68036,143812,92359,1350,259785,18384,227923,127958,221414,54504,147563,125281,50165,24437,95614,193151
30,97.2100,43087,153216,92328,245620,226925,126869,114002,25102,212661,5489,133310,117916,243341,213682,193882,195851,77042,76652,243736,79109,247574,69013,143812,255153,227923,1053,141845,6167,26563,95614
30,97.2100,43087,153216,92328,245620,226925,126869,114002,25102,212661,5489,133310,117916,243341,213682,193882,195851,77042,76652,243736,79109,247574,69013,143812,255153,227923,1053,141845,6167,26563,95614
30,97.2100,43087,153216,92328,245620,226925,126869,114002,25102,212661,5489,133310,117916,243341,213682,193882,195851,77042,76652,243736,79109,247574,69013,143812,255153,227923,1053,141845,6167,26563,95614
30,97.1900,43087,153216,92328,245620,226925,126869,114002,25102,212661,118967,74986,117916,243341,89482,68036,143812,92359,1350,259785,18384,227923,127958,221414,54504,147563,125281,50165,24437,95614,193151
30,96.8100,43087,153216,92328,245620,226925,126869,114002,25102,212661,118967,74986,117916,243341,89482,221414,259785,197776,68036,147563,219563,92359,69013,143812,255153,227923,1053,175287,53022,1350,95614
30,96.7000,18384,12344,27716,245620,226925,126869,114002,25102,212661,118967,74986,117916,243341,89482,221414,259785,197776,68036,147563,219563,92359,69013,143812,255153,227923,1053,175287,53022,1350,95614
30,96.6700,153216,79109,195851,243341,25102,126869,247574,69013,243736,141845,228294,117916,1053,92328,255153,213682,212661,133310,26563,143812,43087,114002,227923,193882,76652,226925,5489,77042,245620,95614
30,96.4900,89482,243341,25102,197776,126869,69013,117916,1053,53022,219563,255153,212661,118967,12344,175287,27716,61348,143812,92359,1350,259785,18384,114002,227923,221414,74986,147563,226925,245620,95614
30,96.2500,18384,12344,27716,245620,226925,126869,114002,25102,212661,118967,74986,117916,243341,89482,221414,259785,197776,29002,72024,219563,92359,69013,143812,255153,227923,1053,175287,6167,26563,95614
30,96.2500,18384,12344,27716,245620,226925,126869,114002,25102,212661,118967,74986,117916,243341,89482,221414,259785,197776,29002,72024,219563,92359,69013,143812,255153,227923,1053,175287,6167,26563,95614
30,96.2300,18384,12344,27716,193151,50165,127958,114002,25102,212661,118967,74986,117916,243341,89482,221414,259785,197776,68036,147563,219563,92359,69013,143812,255153,227923,1053,175287,53022,1350,95614
30,96.1500,18384,12344,27716,245620,226925,126869,114002,25102,212661,118967,74986,117916,243341,89482,221414,259785,197776,29002,72024,219563,92359,69013,143812,255153,227923,1053,141845,6167,26563,95614
30,96.1200,18384,12344,27716,193151,50165,127958,114002,25102,212661,118967,74986,117916,243341,89482,221414,259785,54504,68036,243736,79109,247574,69013,143812,255153,227923,1053,141845,6167,26563,95614
