n_nodes,influence,n0,n1,n2,n3,n4
5,139.9700,2565,1549,766,11,1166
5,138.2700,2565,1549,766,11,1166
5,138.2600,2565,1549,766,11,1166
5,138.2600,2565,1549,766,11,1166
5,138.1400,2565,1549,766,11,1166
5,138.1400,2565,1549,766,11,1166
5,138.1400,2565,1549,766,11,1166
5,138.1400,2565,1549,766,11,1166
5,138.1400,2565,1549,766,11,1166
5,138.1400,2565,1549,766,11,1166
5,138.1400,2565,1549,766,11,1166
5,138.1400,2565,1549,766,11,1166
5,138.1400,2565,1549,766,11,1166
5,138.1400,2565,1549,766,11,1166
5,138.1400,2565,1549,766,11,1166
5,138.1400,2565,1549,766,11,1166
5,138.1400,2565,1549,766,11,1166
5,138.0500,2565,1549,766,11,1166
5,138.0500,2565,1549,766,11,1166
5,138.0500,2565,1549,766,11,1166
5,138.0500,2565,1549,766,11,1166
5,138.0500,2565,1549,766,11,1166
5,138.0500,2565,1549,766,11,1166
5,138.0500,2565,1549,766,11,1166
5,138.0500,2565,1549,766,11,1166
5,138.0500,2565,1549,766,11,1166
5,138.0500,2565,1549,766,11,1166
5,138.0500,2565,1549,766,11,1166
5,138.0500,2565,1549,766,11,1166
5,138.0500,2565,1549,766,11,1166
5,138.0500,2565,1549,766,11,1166
5,138.0500,2565,1549,766,11,1166
5,138.0500,2565,1549,766,11,1166
5,137.5700,2565,1549,766,11,1166
5,137.5700,2565,1549,766,11,1166
5,137.5700,2565,1549,766,11,1166
5,137.5700,2565,1549,766,11,1166
5,137.3900,2565,1549,766,11,1166
5,137.0000,2565,1549,766,11,1166
5,137.0000,2565,1549,766,11,1166
5,137.0000,2565,1549,766,11,1166
5,137.0000,2565,1549,766,11,1166
5,137.0000,2565,1549,766,11,1166
5,137.0000,2565,1549,766,11,1166
5,137.0000,2565,1549,766,11,1166
5,137.0000,2565,1549,766,11,1166
5,137.0000,2565,1549,766,11,1166
5,136.9800,2565,1549,766,11,1166
5,136.6400,2565,1549,766,11,1166
5,136.6400,2565,1549,766,11,1166
5,136.5500,2565,1549,766,11,1166
5,136.5500,2565,1549,766,11,1166
5,136.5500,2565,1549,766,11,1166
5,136.5500,2565,1549,766,11,1166
5,136.5500,2565,1549,766,11,1166
5,136.5500,2565,1549,766,11,1166
5,136.5500,2565,1549,766,11,1166
5,136.5500,2565,1549,766,11,1166
5,136.5500,2565,1549,766,11,1166
5,136.5500,2565,1549,766,11,1166
5,136.5500,2565,1549,766,11,1166
5,136.5500,2565,1549,766,11,1166
5,136.5500,2565,1549,766,11,1166
5,136.5500,2565,1549,766,11,1166
5,136.5500,2565,1549,766,11,1166
5,136.5500,2565,1549,766,11,1166
5,136.5500,2565,1549,766,11,1166
5,136.5500,2565,1549,766,11,1166
5,136.5500,2565,1549,766,11,1166
5,136.5500,2565,1549,766,11,1166
5,136.5500,2565,1549,766,11,1166
5,136.5500,2565,1549,766,11,1166
5,136.5500,2565,1549,766,11,1166
5,136.5500,2565,1549,766,11,1166
5,136.5500,2565,1549,766,11,1166
5,136.5500,2565,1549,766,11,1166
5,136.5500,2565,1549,766,11,1166
5,136.5500,2565,1549,766,11,1166
5,136.5500,2565,1549,766,11,1166
5,136.5500,2565,1549,766,11,1166
5,136.5500,2565,1549,766,11,1166
5,136.5500,2565,1549,766,11,1166
5,136.5500,2565,1549,766,11,1166
5,136.5500,2565,1549,766,11,1166
5,136.5500,2565,1549,766,11,1166
5,136.5500,2565,1549,766,11,1166
5,136.5500,2565,1549,766,11,1166
5,136.5500,2565,1549,766,11,1166
5,136.5500,2565,1549,766,11,1166
5,136.5500,2565,1549,766,11,1166
5,136.5500,2565,1549,766,11,1166
5,136.5500,2565,1549,766,11,1166
5,136.5500,2565,1549,766,11,1166
5,136.5500,2565,1549,766,11,1166
5,136.5500,2565,1549,766,11,1166
5,136.5500,2565,1549,766,11,1166
5,136.5500,2565,1549,766,11,1166
5,136.5500,2565,1549,766,11,1166
5,136.5500,2565,1549,766,11,1166
5,136.5500,2565,1549,766,11,1166
5,136.5500,2565,1549,766,11,1166
5,136.5500,2565,1549,766,11,1166
5,136.5500,2565,1549,766,11,1166
5,136.5500,2565,1549,766,11,1166
5,136.5500,2565,1549,766,11,1166
5,136.5500,2565,1549,766,11,1166
5,136.5500,2565,1549,766,11,1166
5,136.5500,2565,1549,766,11,1166
5,136.5500,2565,1549,766,11,1166
5,136.5500,2565,1549,766,11,1166
5,136.5500,2565,1549,766,11,1166
5,136.5500,2565,1549,766,11,1166
5,136.5500,2565,1549,766,11,1166
5,136.5500,2565,1549,766,11,1166
5,136.5500,2565,1549,766,11,1166
5,136.5500,2565,1549,766,11,1166
5,136.4600,2565,1549,766,11,1166
5,136.2100,2565,1549,766,11,1166
5,136.2100,2565,1549,766,11,1166
5,136.1600,2565,1549,766,11,1166
5,136.0800,2565,1549,766,11,1166
5,136.0800,2565,1549,766,11,1166
5,135.7900,2565,1549,766,11,1166
5,135.7900,2565,1549,766,11,1166
5,135.7900,2565,1549,766,11,1166
5,135.7900,2565,1549,766,11,1166
5,135.7700,2565,1549,766,11,1166
5,135.7000,2565,1549,766,11,1166
