n_nodes,influence,n0,n1,n2,n3,n4,n5,n6,n7,n8,n9,n10,n11,n12,n13,n14,n15,n16,n17,n18,n19,n20
21,134.7300,256,13,14,921,542,419,937,681,940,943,561,179,824,697,63,452,350,95,482,611,7
21,132.1300,63,824,940,561,937,14,95,350,542,256,120,611,943,452,681,179,13,482,697,419,921
21,132.1300,63,824,940,561,937,14,95,350,542,256,120,611,943,452,681,179,13,482,697,419,921
21,132.1300,63,824,940,561,937,14,95,350,542,256,120,611,943,452,681,179,13,482,697,419,921
21,132.1300,63,824,940,561,937,14,95,350,542,256,120,611,943,452,681,179,13,482,697,419,921
21,132.1300,63,824,940,561,937,14,95,350,542,256,120,611,943,452,681,179,13,482,697,419,921
21,132.1300,63,824,940,561,937,14,95,350,542,256,120,611,943,452,681,179,13,482,697,419,921
21,132.1300,63,824,940,561,937,14,95,350,542,256,120,611,943,452,681,179,13,482,697,419,921
21,132.1300,63,824,940,561,937,14,95,350,542,256,120,611,943,452,681,179,13,482,697,419,921
21,132.1300,63,824,940,561,937,14,95,350,542,256,120,611,943,452,681,179,13,482,697,419,921
21,132.1300,63,824,940,561,937,14,95,350,542,256,120,611,943,452,681,179,13,482,697,419,921
21,132.1300,63,824,940,561,937,14,95,350,542,256,120,611,943,452,681,179,13,482,697,419,921
21,132.1300,63,824,940,561,937,14,95,350,542,256,120,611,943,452,681,179,13,482,697,419,921
21,132.1300,63,824,940,561,937,14,95,350,542,256,120,611,943,452,681,179,13,482,697,419,921
21,132.1100,63,824,940,561,937,14,95,350,542,256,120,611,943,452,681,179,13,482,697,419,921
21,132.1100,63,824,940,561,937,14,95,350,542,256,120,611,943,452,681,179,13,482,697,419,921
