n_nodes,influence,n0,n1,n2,n3,n4,n5,n6,n7,n8,n9,n10,n11,n12,n13,n14,n15,n16,n17,n18
19,83.3100,5545,5478,985,6270,1501,5822,3974,4791,3568,2688,5880,344,3360,6003,1441,5073,6650,3522,1236
19,83.3100,5545,5478,985,6270,1501,5822,3974,4791,3568,2688,5880,344,3360,6003,1441,5073,6650,3522,1236
19,83.3100,5545,5478,985,6270,1501,5822,3974,4791,3568,2688,5880,344,3360,6003,1441,5073,6650,3522,1236
19,83.3100,5545,5478,985,6270,1501,5822,3974,4791,3568,2688,5880,344,3360,6003,1441,5073,6650,3522,1236
19,83.3100,5545,5478,985,6270,1501,5822,3974,4791,3568,2688,5880,344,3360,6003,1441,5073,6650,3522,1236
19,83.3100,5545,5478,985,6270,1501,5822,3974,4791,3568,2688,5880,344,3360,6003,1441,5073,6650,3522,1236
19,83.3100,5545,5478,985,6270,1501,5822,3974,4791,3568,2688,5880,344,3360,6003,1441,5073,6650,3522,1236
19,82.6200,5545,5478,985,6270,1501,5822,3974,4791,3568,2688,5880,344,3360,6003,1441,5073,6650,3522,1236
19,82.6200,5545,5478,985,6270,1501,5822,3974,4791,3568,2688,5880,344,3360,6003,1441,5073,6650,3522,1236
19,81.7900,5545,5478,985,6270,1501,5822,3974,4791,3568,2688,5880,344,3360,6003,1441,5073,6650,3522,1236
19,81.7900,5545,5478,985,6270,1501,5822,3974,4791,3568,2688,5880,344,3360,6003,1441,5073,6650,3522,1236
19,81.3300,2688,3360,1441,5545,4791,5822,3522,5073,1236,344,2438,1501,355,5478,3568,6003,5880,6650,6270
19,81.3300,2688,3360,1441,5545,4791,5822,3522,5073,1236,344,2438,1501,355,5478,3568,6003,5880,6650,6270
19,81.3300,2688,3360,1441,5545,4791,5822,3522,5073,1236,344,2438,1501,355,5478,3568,6003,5880,6650,6270
19,81.0400,5545,5478,985,6270,1501,5822,3974,4791,3568,2688,5880,344,3360,6003,1441,5073,6650,3522,1236
19,81.0400,5545,5478,985,6270,1501,5822,3974,4791,3568,2688,5880,344,3360,6003,1441,5073,6650,3522,1236
