n_nodes,influence,n0,n1,n2,n3,n4
5,279.3200,1200,2706,6243,3642,1247
5,276.4200,1200,2706,6243,3642,1247
5,276.4200,1200,2706,6243,3642,1247
5,275.6000,1200,2706,6243,3642,1247
5,274.4400,1200,2706,6243,3642,1247
5,274.1800,1200,2706,6243,3642,1247
5,269.2300,1200,2706,6243,3642,1247
5,269.2300,1200,2706,6243,3642,1247
5,269.2300,1200,2706,6243,3642,1247
5,269.2300,1200,2706,6243,3642,1247
5,269.2300,1200,2706,6243,3642,1247
5,269.2300,1200,2706,6243,3642,1247
5,269.2300,1200,2706,6243,3642,1247
5,269.2300,1200,2706,6243,3642,1247
5,268.5400,1200,2706,5844,3642,1247
5,267.4700,1200,2706,5844,3642,1247
