generation number, individual number, fitness, candidate
0, 0, 28.81, [277, 295, 279]
0, 1, 18.61, [1811, 2514, 277]
0, 2, 12.93, [77, 1080, 1082]
0, 3, 11.0, [2595, 256, 2762]
0, 4, 10.24, [191, 2525, 274]
0, 5, 10.22, [244, 2597, 2515]
0, 6, 9.14, [154, 2712, 301]
0, 7, 8.55, [265, 280, 4849]
0, 8, 7.22, [4602, 2156, 1080]
0, 9, 6.45, [1087, 104, 102]
1, 0, 28.81, [277, 295, 279]
1, 1, 27.16, [300, 295, 279]
1, 2, 24.86, [300, 295, 1082]
1, 3, 21.21, [295, 2711, 876]
1, 4, 19.53, [2065, 295, 244]
1, 5, 18.61, [1811, 2514, 277]
1, 6, 18.39, [303, 295, 2514]
1, 7, 16.66, [77, 1080, 380]
1, 8, 15.15, [1811, 279, 303]
1, 9, 14.35, [193, 259, 335]
2, 0, 28.81, [277, 295, 279]
2, 1, 27.16, [300, 295, 279]
2, 2, 21.12, [295, 2711, 244]
2, 3, 20.84, [2770, 295, 2767]
2, 4, 20.07, [302, 295, 244]
2, 5, 18.24, [300, 250, 279]
2, 6, 16.87, [273, 295, 876]
2, 7, 13.78, [2593, 2595, 279]
2, 8, 13.76, [2065, 2514, 279]
2, 9, 12.9, [300, 250, 537]
3, 0, 28.81, [277, 295, 279]
3, 1, 27.16, [300, 295, 279]
3, 2, 24.34, [295, 3135, 279]
3, 3, 23.18, [300, 295, 3716]
3, 4, 22.19, [77, 295, 244]
3, 5, 21.59, [303, 295, 154]
3, 6, 19.18, [303, 295, 244]
3, 7, 18.85, [2527, 295, 2767]
3, 8, 12.3, [2770, 876, 279]
3, 9, 11.55, [291, 2711, 2767]
4, 0, 28.81, [277, 295, 279]
4, 1, 27.16, [300, 295, 279]
4, 2, 23.37, [274, 295, 279]
4, 3, 22.94, [2765, 295, 279]
4, 4, 20.45, [302, 295, 244]
4, 5, 19.43, [273, 295, 2593]
4, 6, 18.09, [2765, 295, 256]
4, 7, 15.13, [300, 876, 279]
4, 8, 14.61, [277, 876, 3716]
4, 9, 12.32, [277, 3135, 244]
5, 0, 28.81, [277, 295, 279]
5, 1, 27.16, [300, 295, 279]
5, 2, 26.62, [277, 295, 2595]
5, 3, 26.18, [77, 295, 2711]
5, 4, 23.67, [295, 291, 279]
5, 5, 22.41, [558, 295, 874]
5, 6, 19.61, [297, 295, 558]
5, 7, 18.47, [274, 269, 279]
5, 8, 14.09, [274, 2530, 279]
5, 9, 13.02, [300, 558, 380]
6, 0, 28.81, [277, 295, 279]
6, 1, 27.16, [300, 295, 279]
6, 2, 27.0, [277, 295, 103]
6, 3, 26.81, [302, 295, 279]
6, 4, 24.89, [302, 295, 2595]
6, 5, 24.85, [277, 295, 534]
6, 6, 22.16, [265, 295, 2595]
6, 7, 21.81, [77, 295, 244]
6, 8, 18.49, [277, 222, 2711]
6, 9, 15.66, [300, 1086, 2711]
7, 0, 28.81, [277, 295, 279]
7, 1, 27.16, [300, 295, 279]
7, 2, 22.66, [300, 295, 537]
7, 3, 22.28, [273, 295, 279]
7, 4, 20.31, [2513, 295, 285]
7, 5, 17.06, [149, 295, 275]
7, 6, 16.58, [874, 220, 279]
7, 7, 13.38, [2156, 2512, 279]
7, 8, 13.04, [1088, 91, 279]
7, 9, 12.03, [274, 259, 244]
8, 0, 28.81, [277, 295, 279]
8, 1, 27.54, [1811, 295, 279]
8, 2, 27.16, [300, 295, 279]
8, 3, 26.91, [220, 295, 279]
8, 4, 26.08, [277, 295, 260]
8, 5, 26.05, [1811, 295, 193]
8, 6, 20.51, [300, 269, 2596]
8, 7, 20.26, [2574, 295, 265]
8, 8, 17.97, [2513, 295, 244]
8, 9, 15.22, [277, 876, 285]
9, 0, 28.81, [277, 295, 279]
9, 1, 27.54, [1811, 295, 279]
9, 2, 26.26, [277, 295, 260]
9, 3, 25.36, [1811, 295, 380]
9, 4, 24.24, [1811, 295, 266]
9, 5, 23.55, [277, 295, 244]
9, 6, 22.84, [277, 295, 316]
9, 7, 22.27, [1811, 295, 244]
9, 8, 18.01, [275, 295, 537]
9, 9, 15.29, [2767, 102, 269]
10, 0, 28.81, [277, 295, 279]
10, 1, 27.54, [1811, 295, 279]
10, 2, 26.79, [277, 295, 380]
10, 3, 25.44, [285, 295, 269]
10, 4, 23.83, [1811, 295, 2764]
10, 5, 20.03, [277, 2530, 279]
10, 6, 19.6, [273, 295, 260]
10, 7, 14.83, [277, 2597, 343]
10, 8, 14.29, [1811, 2513, 260]
10, 9, 14.17, [2065, 264, 279]
11, 0, 28.81, [277, 295, 279]
11, 1, 27.54, [1811, 295, 279]
11, 2, 26.41, [2595, 295, 279]
11, 3, 25.52, [277, 295, 159]
11, 4, 24.88, [277, 1087, 295]
11, 5, 21.81, [1811, 295, 244]
11, 6, 20.94, [277, 250, 279]
11, 7, 19.47, [277, 2513, 2595]
11, 8, 18.3, [277, 283, 279]
11, 9, 18.06, [301, 295, 149]
12, 0, 28.81, [277, 295, 279]
12, 1, 27.54, [1811, 295, 279]
12, 2, 26.65, [1088, 295, 279]
12, 3, 25.54, [277, 295, 2515]
12, 4, 24.44, [4849, 295, 279]
12, 5, 24.07, [277, 295, 541]
12, 6, 16.05, [277, 609, 226]
12, 7, 14.95, [277, 2515, 2762]
12, 8, 12.43, [263, 3716, 279]
12, 9, 12.28, [2595, 273, 103]
13, 0, 28.81, [277, 295, 279]
13, 1, 27.54, [1811, 295, 279]
13, 2, 24.81, [269, 295, 343]
13, 3, 23.62, [91, 295, 154]
13, 4, 21.85, [1811, 295, 244]
13, 5, 19.68, [274, 295, 266]
13, 6, 18.72, [269, 302, 279]
13, 7, 17.34, [277, 2770, 2515]
13, 8, 14.4, [154, 874, 279]
13, 9, 12.76, [1088, 316, 279]
14, 0, 28.81, [277, 295, 279]
14, 1, 27.54, [1811, 295, 279]
14, 2, 26.96, [269, 295, 260]
14, 3, 25.22, [2596, 295, 279]
14, 4, 22.68, [1069, 295, 279]
14, 5, 20.25, [1069, 295, 302]
14, 6, 18.85, [277, 193, 300]
14, 7, 18.14, [296, 295, 343]
14, 8, 16.12, [273, 295, 343]
14, 9, 15.89, [277, 876, 263]
15, 0, 28.81, [277, 295, 279]
15, 1, 27.54, [1811, 295, 279]
15, 2, 26.48, [2595, 295, 279]
15, 3, 26.12, [277, 295, 266]
15, 4, 24.48, [1811, 295, 266]
15, 5, 21.31, [277, 250, 279]
15, 6, 21.06, [295, 558, 260]
15, 7, 19.4, [1086, 77, 279]
15, 8, 19.04, [295, 2065, 316]
15, 9, 17.58, [277, 2065, 260]
16, 0, 28.81, [277, 295, 279]
16, 1, 27.54, [1811, 295, 279]
16, 2, 26.39, [1811, 295, 2595]
16, 3, 26.17, [226, 295, 279]
16, 4, 22.53, [273, 295, 279]
16, 5, 22.47, [615, 295, 291]
16, 6, 11.51, [1811, 4602, 266]
16, 7, 10.11, [316, 541, 279]
16, 8, 8.89, [256, 273, 380]
16, 9, 7.09, [1080, 273, 609]
17, 0, 28.81, [277, 295, 279]
17, 1, 27.54, [1811, 295, 279]
17, 2, 26.6, [2711, 295, 279]
17, 3, 24.84, [1811, 295, 260]
17, 4, 21.45, [288, 295, 2950]
17, 5, 16.64, [277, 77, 301]
17, 6, 15.93, [1811, 283, 279]
17, 7, 15.82, [1811, 2596, 279]
17, 8, 15.51, [874, 91, 279]
17, 9, 13.49, [1811, 316, 279]
18, 0, 30.09, [277, 295, 269]
18, 1, 28.81, [277, 295, 279]
18, 2, 27.54, [1811, 295, 279]
18, 3, 24.04, [300, 295, 260]
18, 4, 23.28, [277, 295, 275]
18, 5, 22.53, [288, 295, 380]
18, 6, 19.63, [273, 295, 2950]
18, 7, 18.58, [1811, 2513, 279]
18, 8, 17.91, [277, 2514, 1080]
18, 9, 15.18, [1811, 541, 279]
19, 0, 30.09, [277, 295, 269]
19, 1, 28.81, [277, 295, 279]
19, 2, 28.23, [277, 295, 103]
19, 3, 24.37, [277, 295, 534]
19, 4, 23.64, [277, 98, 269]
19, 5, 20.18, [81, 295, 244]
19, 6, 14.18, [103, 2596, 91]
19, 7, 13.4, [77, 291, 2597]
19, 8, 10.5, [1088, 301, 288]
19, 9, 10.0, [273, 154, 874]
20, 0, 30.95, [300, 295, 269]
20, 1, 30.09, [277, 295, 269]
20, 2, 28.81, [277, 295, 279]
20, 3, 26.56, [277, 295, 103]
20, 4, 26.36, [297, 295, 269]
20, 5, 23.96, [2513, 295, 103]
20, 6, 21.38, [2764, 295, 159]
20, 7, 19.12, [77, 98, 279]
20, 8, 13.15, [273, 265, 269]
20, 9, 10.91, [291, 3334, 279]
21, 0, 30.95, [300, 295, 269]
21, 1, 30.09, [277, 295, 269]
21, 2, 25.16, [283, 295, 269]
21, 3, 21.6, [2530, 77, 269]
21, 4, 21.46, [300, 295, 2156]
21, 5, 20.56, [300, 2530, 269]
21, 6, 18.88, [300, 2513, 279]
21, 7, 16.31, [275, 295, 316]
21, 8, 13.4, [279, 2530, 2767]
21, 9, 11.38, [98, 2513, 1069]
22, 0, 30.95, [300, 295, 269]
22, 1, 30.09, [277, 295, 269]
22, 2, 24.16, [277, 295, 288]
22, 3, 20.56, [283, 295, 615]
22, 4, 18.21, [277, 2514, 98]
22, 5, 17.39, [300, 616, 269]
22, 6, 15.24, [277, 2514, 2525]
22, 7, 14.59, [260, 263, 269]
22, 8, 13.95, [277, 283, 159]
22, 9, 11.9, [219, 149, 269]
23, 0, 30.95, [300, 295, 269]
23, 1, 30.09, [277, 295, 269]
23, 2, 25.95, [277, 295, 2512]
23, 3, 25.94, [300, 295, 277]
23, 4, 25.8, [264, 295, 269]
23, 5, 24.94, [2767, 295, 103]
23, 6, 24.83, [277, 295, 2765]
23, 7, 21.97, [209, 295, 2764]
23, 8, 15.42, [277, 1087, 285]
23, 9, 11.83, [302, 240, 2595]
24, 0, 30.95, [300, 295, 269]
24, 1, 30.09, [277, 295, 269]
24, 2, 26.96, [300, 1811, 295]
24, 3, 26.95, [300, 295, 77]
24, 4, 25.18, [269, 295, 876]
24, 5, 24.75, [300, 295, 226]
24, 6, 22.16, [300, 2513, 269]
24, 7, 21.1, [77, 154, 269]
24, 8, 19.54, [2764, 295, 297]
24, 9, 17.75, [615, 1080, 269]
25, 0, 30.95, [300, 295, 269]
25, 1, 30.09, [277, 295, 269]
25, 2, 26.99, [2525, 295, 269]
25, 3, 17.69, [537, 295, 876]
25, 4, 16.97, [302, 876, 269]
25, 5, 16.25, [76, 295, 240]
25, 6, 16.08, [2712, 2764, 269]
25, 7, 15.96, [103, 541, 269]
25, 8, 15.55, [300, 2530, 2595]
25, 9, 15.14, [300, 2711, 1087]
26, 0, 30.95, [300, 295, 269]
26, 1, 30.09, [277, 295, 269]
26, 2, 26.73, [279, 295, 98]
26, 3, 25.36, [273, 295, 269]
26, 4, 23.01, [297, 295, 103]
26, 5, 22.11, [303, 295, 2599]
26, 6, 21.86, [2525, 295, 2595]
26, 7, 20.28, [2525, 295, 285]
26, 8, 17.37, [264, 295, 256]
26, 9, 17.14, [275, 295, 244]
27, 0, 30.95, [300, 295, 269]
27, 1, 30.09, [277, 295, 269]
27, 2, 29.09, [380, 295, 269]
27, 3, 28.13, [191, 295, 269]
27, 4, 27.18, [300, 295, 279]
27, 5, 22.52, [2065, 295, 2512]
27, 6, 22.17, [295, 102, 77]
27, 7, 18.13, [277, 2530, 98]
27, 8, 15.28, [159, 91, 279]
27, 9, 15.03, [273, 2513, 269]
28, 0, 30.95, [300, 295, 269]
28, 1, 30.09, [277, 295, 269]
28, 2, 26.99, [259, 295, 2595]
28, 3, 24.53, [2597, 295, 81]
28, 4, 24.15, [191, 295, 1811]
28, 5, 23.62, [98, 295, 159]
28, 6, 22.43, [558, 295, 2595]
28, 7, 21.86, [380, 295, 3716]
28, 8, 21.49, [302, 295, 4602]
28, 9, 21.19, [76, 295, 300]
29, 0, 30.95, [300, 295, 269]
29, 1, 30.76, [220, 295, 269]
29, 2, 30.09, [277, 295, 269]
29, 3, 24.59, [277, 259, 269]
29, 4, 22.5, [300, 295, 3135]
29, 5, 22.2, [259, 2513, 269]
29, 6, 22.19, [2156, 295, 2595]
29, 7, 21.61, [2514, 295, 2595]
29, 8, 19.75, [102, 295, 2767]
29, 9, 14.46, [159, 259, 2525]
30, 0, 30.95, [300, 295, 269]
30, 1, 30.76, [220, 295, 269]
30, 2, 30.28, [1088, 295, 269]
30, 3, 27.41, [300, 295, 279]
30, 4, 25.31, [277, 295, 1087]
30, 5, 21.07, [209, 295, 3135]
30, 6, 20.74, [264, 295, 2595]
30, 7, 19.4, [277, 2514, 98]
30, 8, 19.04, [220, 277, 81]
30, 9, 15.52, [302, 244, 269]
31, 0, 30.95, [300, 295, 269]
31, 1, 30.76, [220, 295, 269]
31, 2, 24.69, [259, 295, 4849]
31, 3, 21.09, [558, 295, 288]
31, 4, 20.0, [102, 295, 98]
31, 5, 19.81, [77, 283, 269]
31, 6, 17.82, [220, 283, 269]
31, 7, 16.8, [273, 295, 2532]
31, 8, 14.69, [300, 76, 279]
31, 9, 13.17, [283, 3135, 77]
32, 0, 30.95, [300, 295, 269]
32, 1, 30.76, [220, 295, 269]
32, 2, 26.42, [259, 295, 91]
32, 3, 23.75, [209, 295, 98]
32, 4, 22.93, [300, 295, 2574]
32, 5, 22.37, [2515, 277, 269]
32, 6, 17.43, [1069, 295, 2156]
32, 7, 16.94, [278, 2513, 269]
32, 8, 15.65, [1080, 343, 269]
32, 9, 14.05, [102, 876, 269]
33, 0, 30.95, [300, 295, 269]
33, 1, 30.76, [220, 295, 269]
33, 2, 29.6, [81, 295, 269]
33, 3, 28.47, [259, 295, 279]
33, 4, 25.85, [220, 295, 1811]
33, 5, 23.53, [300, 295, 285]
33, 6, 22.26, [1082, 295, 2515]
33, 7, 21.37, [335, 295, 91]
33, 8, 13.78, [300, 876, 91]
33, 9, 11.64, [300, 2593, 380]
34, 0, 30.95, [300, 295, 269]
34, 1, 30.76, [220, 295, 269]
34, 2, 28.74, [209, 295, 269]
34, 3, 27.54, [220, 295, 277]
34, 4, 25.55, [264, 295, 269]
34, 5, 25.12, [300, 295, 2711]
34, 6, 23.75, [81, 295, 91]
34, 7, 23.28, [300, 295, 1087]
34, 8, 22.65, [81, 295, 2950]
34, 9, 14.14, [300, 2595, 537]
35, 0, 30.95, [300, 295, 269]
35, 1, 30.76, [220, 295, 269]
35, 2, 27.54, [300, 295, 279]
35, 3, 25.88, [302, 295, 277]
35, 4, 20.37, [1811, 159, 269]
35, 5, 19.08, [609, 295, 1069]
35, 6, 18.66, [220, 2514, 269]
35, 7, 14.61, [209, 2156, 269]
35, 8, 13.52, [209, 250, 91]
35, 9, 13.46, [537, 300, 193]
36, 0, 30.95, [300, 295, 269]
36, 1, 30.76, [220, 295, 269]
36, 2, 23.27, [300, 295, 3716]
36, 3, 20.78, [2530, 295, 103]
36, 4, 20.58, [2525, 295, 222]
36, 5, 19.73, [541, 295, 2764]
36, 6, 19.67, [240, 295, 154]
36, 7, 14.55, [209, 3716, 269]
36, 8, 13.72, [343, 2514, 269]
36, 9, 12.28, [300, 250, 256]
37, 0, 31.74, [259, 295, 269]
37, 1, 30.95, [300, 295, 269]
37, 2, 30.76, [220, 295, 269]
37, 3, 28.3, [2512, 295, 269]
37, 4, 21.42, [2512, 295, 285]
37, 5, 20.28, [220, 2597, 269]
37, 6, 14.24, [300, 2513, 222]
37, 7, 11.81, [343, 616, 269]
37, 8, 11.14, [300, 291, 273]
37, 9, 10.27, [300, 3334, 876]
38, 0, 31.74, [259, 295, 269]
38, 1, 30.95, [300, 295, 269]
38, 2, 22.49, [300, 295, 534]
38, 3, 21.2, [2512, 295, 285]
38, 4, 20.19, [343, 277, 269]
38, 5, 19.0, [280, 295, 2762]
38, 6, 17.8, [159, 280, 269]
38, 7, 14.03, [300, 279, 102]
38, 8, 11.83, [259, 2762, 285]
38, 9, 10.13, [259, 4849, 3334]
39, 0, 31.74, [259, 295, 269]
39, 1, 30.95, [300, 295, 269]
39, 2, 27.43, [259, 295, 103]
39, 3, 27.42, [2515, 295, 269]
39, 4, 27.06, [300, 295, 279]
39, 5, 26.07, [2765, 295, 269]
39, 6, 20.16, [300, 2514, 269]
39, 7, 19.78, [280, 295, 534]
39, 8, 16.19, [2593, 280, 269]
39, 9, 12.21, [259, 2514, 76]
40, 0, 31.74, [259, 295, 269]
40, 1, 30.95, [300, 295, 269]
40, 2, 23.26, [622, 295, 279]
40, 3, 22.31, [300, 295, 288]
40, 4, 21.23, [259, 2514, 269]
40, 5, 19.55, [283, 295, 2767]
40, 6, 18.62, [259, 269, 2762]
40, 7, 16.44, [1069, 2711, 269]
40, 8, 15.32, [259, 98, 266]
40, 9, 14.6, [1086, 300, 159]
41, 0, 31.74, [259, 295, 269]
41, 1, 30.95, [300, 295, 269]
41, 2, 20.65, [300, 2513, 269]
41, 3, 18.09, [259, 316, 269]
41, 4, 17.42, [4602, 295, 343]
41, 5, 17.27, [4849, 295, 2530]
41, 6, 16.35, [343, 295, 2532]
41, 7, 14.56, [300, 250, 263]
41, 8, 12.32, [259, 2767, 876]
41, 9, 11.82, [259, 278, 1080]
42, 0, 31.74, [259, 295, 269]
42, 1, 30.95, [300, 295, 269]
42, 2, 30.47, [3155, 295, 269]
42, 3, 29.89, [300, 295, 269]
42, 4, 25.04, [260, 295, 77]
42, 5, 22.96, [81, 295, 2593]
42, 6, 19.82, [300, 2514, 269]
42, 7, 19.8, [81, 2513, 269]
42, 8, 19.66, [300, 2514, 269]
42, 9, 16.22, [2530, 2770, 269]
43, 0, 31.74, [259, 295, 269]
43, 1, 30.95, [300, 295, 269]
43, 2, 30.16, [1088, 295, 269]
43, 3, 25.46, [269, 295, 219]
43, 4, 23.92, [3155, 295, 2512]
43, 5, 23.04, [3155, 295, 3716]
43, 6, 22.65, [259, 295, 76]
43, 7, 17.03, [264, 380, 269]
43, 8, 16.4, [81, 1087, 269]
43, 9, 15.78, [2515, 541, 269]
44, 0, 31.74, [259, 295, 269]
44, 1, 30.95, [300, 295, 269]
44, 2, 29.43, [302, 295, 269]
44, 3, 28.92, [81, 295, 269]
44, 4, 27.83, [300, 295, 279]
44, 5, 26.49, [3135, 295, 269]
44, 6, 24.07, [302, 295, 1095]
44, 7, 22.54, [266, 295, 226]
44, 8, 16.6, [2595, 2762, 269]
44, 9, 16.17, [1088, 1087, 269]
45, 0, 31.74, [259, 295, 269]
45, 1, 30.95, [300, 295, 269]
45, 2, 26.06, [264, 295, 269]
45, 3, 25.03, [300, 295, 1088]
45, 4, 24.23, [277, 1082, 269]
45, 5, 22.39, [91, 295, 265]
45, 6, 22.27, [259, 2597, 269]
45, 7, 22.09, [264, 295, 1811]
45, 8, 18.51, [302, 1086, 269]
45, 9, 11.86, [302, 380, 104]
46, 0, 31.74, [259, 295, 269]
46, 1, 30.95, [300, 295, 269]
46, 2, 25.75, [264, 295, 269]
46, 3, 25.52, [259, 295, 2767]
46, 4, 22.47, [259, 295, 2156]
46, 5, 20.07, [259, 283, 269]
46, 6, 19.97, [300, 2514, 269]
46, 7, 13.83, [622, 2762, 269]
46, 8, 13.19, [220, 283, 250]
46, 9, 10.35, [102, 2512, 226]
47, 0, 31.74, [259, 295, 269]
47, 1, 30.95, [300, 295, 269]
47, 2, 26.03, [259, 295, 874]
47, 3, 24.5, [259, 295, 3716]
47, 4, 22.45, [259, 250, 269]
47, 5, 19.6, [259, 264, 269]
47, 6, 16.7, [260, 2513, 277]
47, 7, 16.65, [81, 2596, 269]
47, 8, 12.74, [558, 2599, 279]
47, 9, 10.75, [300, 316, 288]
48, 0, 31.74, [259, 295, 269]
48, 1, 30.95, [300, 295, 269]
48, 2, 23.56, [300, 295, 2574]
48, 3, 21.17, [259, 269, 226]
48, 4, 19.53, [280, 295, 297]
48, 5, 18.55, [4849, 295, 3334]
48, 6, 17.7, [300, 316, 269]
48, 7, 15.64, [259, 300, 622]
48, 8, 15.33, [280, 609, 269]
48, 9, 14.67, [300, 103, 1082]
49, 0, 31.74, [259, 295, 269]
49, 1, 30.95, [300, 295, 269]
49, 2, 28.51, [81, 295, 269]
49, 3, 27.7, [2596, 295, 269]
49, 4, 19.23, [876, 295, 2596]
49, 5, 17.94, [1087, 295, 343]
49, 6, 13.99, [259, 266, 2950]
49, 7, 13.53, [259, 2530, 2574]
49, 8, 10.29, [104, 2513, 4602]
49, 9, 9.55, [874, 4602, 285]
50, 0, 31.74, [259, 295, 269]
50, 1, 30.95, [300, 295, 269]
50, 2, 28.95, [259, 295, 279]
50, 3, 27.22, [280, 295, 269]
50, 4, 24.01, [81, 295, 226]
50, 5, 20.83, [273, 295, 615]
50, 6, 20.42, [263, 295, 2574]
50, 7, 18.3, [302, 279, 269]
50, 8, 15.82, [303, 103, 269]
50, 9, 14.59, [2767, 275, 269]
