n_nodes,influence,n0,n1,n2,n3,n4,n5,n6,n7,n8,n9,n10
11,111.7900,36,517,902,7,78,102,241,338,467,564,317
11,111.7900,36,517,902,7,78,102,241,338,467,564,317
11,111.7900,36,517,902,7,78,102,241,338,467,564,317
11,111.7900,36,517,902,7,78,102,241,338,467,564,317
11,111.7900,36,517,902,7,78,102,241,338,467,564,317
11,111.7900,36,517,902,7,78,102,241,338,467,564,317
11,111.7900,36,517,902,7,78,102,241,338,467,564,317
11,107.9700,36,517,902,7,78,944,241,338,564,317,467
11,106.9400,36,517,902,7,102,78,241,255,467,564,317
11,106.4700,36,517,902,7,78,944,241,338,564,317,467
11,106.3100,36,517,902,7,78,944,241,338,564,317,467
11,106.3100,36,517,902,7,78,944,241,338,564,317,467
11,106.3100,36,517,902,7,78,944,241,338,564,317,467
11,106.3100,36,517,902,7,78,944,241,338,564,317,467
11,106.3100,36,517,902,7,78,944,241,338,564,317,467
11,106.3100,36,517,902,7,78,944,241,338,564,317,467
