n_nodes,influence,n0,n1,n2,n3,n4,n5,n6,n7,n8,n9,n10,n11,n12,n13,n14,n15,n16,n17,n18,n19
20,35.4900,54643,164747,95737,28342,62895,21835,163052,117587,194195,146581,150357,115312,75756,6612,60663,201646,45030,23501,50943,11227
20,35.4900,54643,164747,95737,28342,62895,21835,163052,117587,194195,146581,150357,115312,75756,6612,60663,201646,45030,23501,50943,11227
20,35.4900,54643,164747,95737,28342,62895,21835,163052,117587,194195,146581,150357,115312,75756,6612,60663,201646,45030,23501,50943,11227
20,35.4900,54643,164747,95737,28342,62895,21835,163052,117587,194195,146581,150357,115312,75756,6612,60663,201646,45030,23501,50943,11227
20,35.4900,54643,164747,95737,28342,62895,21835,163052,117587,194195,146581,150357,115312,75756,6612,60663,201646,45030,23501,50943,11227
20,35.4900,54643,164747,95737,28342,62895,21835,163052,117587,194195,146581,150357,115312,75756,6612,60663,201646,45030,23501,50943,11227
20,35.4900,54643,164747,95737,28342,62895,21835,163052,117587,194195,146581,150357,115312,75756,6612,60663,201646,45030,23501,50943,11227
20,35.4900,54643,164747,95737,28342,62895,21835,163052,117587,194195,146581,150357,115312,75756,6612,60663,201646,45030,23501,50943,11227
20,35.4900,54643,164747,95737,28342,62895,21835,163052,117587,194195,146581,150357,115312,75756,6612,60663,201646,45030,23501,50943,11227
20,35.4900,54643,164747,95737,28342,62895,21835,163052,117587,194195,146581,150357,115312,75756,6612,60663,201646,45030,23501,50943,11227
20,35.4900,54643,164747,95737,28342,62895,21835,163052,117587,194195,146581,150357,115312,75756,6612,60663,201646,45030,23501,50943,11227
20,35.4900,54643,164747,95737,28342,62895,21835,163052,117587,194195,146581,150357,115312,75756,6612,60663,201646,45030,23501,50943,11227
20,35.4900,54643,164747,95737,28342,62895,21835,163052,117587,194195,146581,150357,115312,75756,6612,60663,201646,45030,23501,50943,11227
20,35.1700,54643,164747,95737,28342,62895,21835,158509,75479,159670,195704,215380,260675,238148,93548,202916,94071,183557,142753,248800,180902
20,35.1300,54643,164747,95737,28342,62895,21835,158509,75479,159670,195704,215380,260675,238148,93548,202916,94071,183557,142753,248800,180902
20,35.1300,54643,164747,95737,28342,62895,21835,158509,75479,159670,195704,215380,260675,238148,93548,202916,94071,183557,142753,248800,180902
20,35.1300,54643,164747,95737,28342,62895,21835,158509,75479,159670,195704,215380,260675,238148,93548,202916,94071,183557,142753,248800,180902
20,35.1300,54643,164747,95737,28342,62895,21835,158509,75479,159670,195704,215380,260675,238148,93548,202916,94071,183557,142753,248800,180902
20,35.1300,54643,164747,95737,28342,62895,21835,158509,75479,159670,195704,215380,260675,238148,93548,202916,94071,183557,142753,248800,180902
20,35.1300,54643,164747,95737,28342,62895,21835,158509,75479,159670,195704,215380,260675,238148,93548,202916,94071,183557,142753,248800,180902
20,35.1300,54643,164747,95737,28342,62895,21835,158509,75479,159670,195704,215380,260675,238148,93548,202916,94071,183557,142753,248800,180902
20,35.1300,54643,164747,95737,28342,62895,21835,158509,75479,159670,195704,215380,260675,238148,93548,202916,94071,183557,142753,248800,180902
20,35.1300,54643,164747,95737,28342,62895,21835,158509,75479,159670,195704,215380,260675,238148,93548,202916,94071,183557,142753,248800,180902
20,35.1300,54643,164747,95737,28342,62895,21835,158509,75479,159670,195704,215380,260675,238148,93548,202916,94071,183557,142753,248800,180902
20,35.1300,54643,164747,95737,28342,62895,21835,158509,75479,159670,195704,215380,260675,238148,93548,202916,94071,183557,142753,248800,180902
20,35.1300,54643,164747,95737,28342,62895,21835,158509,75479,159670,195704,215380,260675,238148,93548,202916,94071,183557,142753,248800,180902
20,35.1300,54643,164747,95737,28342,62895,21835,158509,75479,159670,195704,215380,260675,238148,93548,202916,94071,183557,142753,248800,180902
20,35.1300,54643,164747,95737,28342,62895,21835,158509,75479,159670,195704,215380,260675,238148,93548,202916,94071,183557,142753,248800,180902
20,35.1300,54643,164747,95737,28342,62895,21835,158509,75479,159670,195704,215380,260675,238148,93548,202916,94071,183557,142753,248800,180902
20,35.1300,54643,164747,95737,28342,62895,21835,158509,75479,159670,195704,215380,260675,238148,93548,202916,94071,183557,142753,248800,180902
20,35.1300,54643,164747,95737,28342,62895,21835,158509,75479,159670,195704,215380,260675,238148,93548,202916,94071,183557,142753,248800,180902
20,35.1300,54643,164747,95737,28342,62895,21835,158509,75479,159670,195704,215380,260675,238148,93548,202916,94071,183557,142753,248800,180902
