num_genrations,diversity,improvement,best_fitness
0,0.9883333333333333,0,109.40000000000002
1,0.7916666666666667,0.013436928702011085,110.87000000000003
2,0.28333333333333344,0.27843420221881504,141.74000000000007
3,0.32999999999999996,0.00910117115845889,143.03000000000003
4,0.2350000000000001,0.10822904285814175,158.51000000000005
5,0.04833333333333334,0.0,158.51000000000005
6,0.07999999999999996,0.0,158.51000000000005
7,0.07333333333333314,0.0,158.51000000000005
8,0.0,0.0,158.51000000000005
9,0.0,0.0,158.51000000000005
10,0.0,0.0,158.51000000000005
11,0.0,0.0,158.51000000000005
12,0.050000000000000044,0.07589426534603512,170.54000000000008
13,0.15333333333333332,0.0,170.54000000000008
14,0.18333333333333324,0.0,170.54000000000008
15,0.21333333333333315,0.0,170.54000000000008
16,0.08499999999999974,0.0,170.54000000000008
17,0.0,0.0,170.54000000000008
18,0.0,0.0,170.54000000000008
19,0.02499999999999991,0.038700598100152236,177.14000000000004
20,0.02499999999999991,0.0,177.14000000000004
