generation number, individual number, fitness, candidate
0, 0, 3.15, [14198, 70193, 278]
0, 1, 3.14, [11925, 282, 285]
0, 2, 3.13, [87, 70194, 14197]
0, 3, 3.12, [70364, 278, 94017]
0, 4, 3.12, [13042, 70196, 86543]
0, 5, 3.1, [56241, 279, 77088]
0, 6, 3.09, [70364, 113478, 94016]
0, 7, 3.08, [100807, 558, 56239]
0, 8, 3.06, [126458, 56239, 56241]
0, 9, 3.04, [279, 98062, 98065]
1, 0, 3.17, [56240, 70364, 70194]
1, 1, 3.17, [14198, 73931, 56239]
1, 2, 3.15, [14198, 70193, 278]
1, 3, 3.14, [11925, 282, 285]
1, 4, 3.12, [56239, 94016, 285]
1, 5, 3.11, [13042, 47392, 98062]
1, 6, 3.1, [94015, 70194, 286]
1, 7, 3.1, [11925, 279, 285]
1, 8, 3.09, [126458, 282, 285]
1, 9, 3.08, [14198, 70193, 76776]
2, 0, 3.17, [56240, 70364, 70194]
2, 1, 3.17, [14198, 73931, 56239]
2, 2, 3.13, [14198, 283, 285]
2, 3, 3.12, [14198, 56239, 73931]
2, 4, 3.12, [66167, 282, 285]
2, 5, 3.12, [121382, 70193, 278]
2, 6, 3.12, [98065, 282, 285]
2, 7, 3.1, [40787, 88, 1062]
2, 8, 3.07, [14201, 558, 70194]
2, 9, 3.07, [14201, 77088, 126458]
3, 0, 3.17, [56240, 56241, 285]
3, 1, 3.17, [56240, 70364, 70194]
3, 2, 3.17, [14198, 73931, 56239]
3, 3, 3.11, [94016, 283, 56239]
3, 4, 3.11, [56240, 70364, 558]
3, 5, 3.11, [86543, 70364, 56239]
3, 6, 3.09, [14198, 77088, 285]
3, 7, 3.09, [98065, 283, 56239]
3, 8, 3.08, [70198, 283, 70194]
3, 9, 3.07, [14198, 73931, 13042]
4, 0, 3.21, [14198, 70195, 285]
4, 1, 3.17, [56240, 56241, 285]
4, 2, 3.17, [56240, 70364, 70194]
4, 3, 3.16, [1062, 70364, 70194]
4, 4, 3.13, [56240, 283, 56239]
4, 5, 3.12, [56240, 70364, 148118]
4, 6, 3.1, [94015, 6376, 89]
4, 7, 3.1, [14198, 73931, 86543]
4, 8, 3.09, [66170, 56241, 285]
4, 9, 3.09, [56240, 73931, 284]
5, 0, 3.21, [14198, 280, 285]
5, 1, 3.21, [14198, 70195, 285]
5, 2, 3.19, [1061, 98065, 56239]
5, 3, 3.17, [56240, 56241, 285]
5, 4, 3.13, [14198, 283, 14200]
5, 5, 3.13, [1061, 14201, 14199]
5, 6, 3.12, [94017, 70195, 285]
5, 7, 3.12, [14198, 1062, 285]
5, 8, 3.11, [70198, 70364, 285]
5, 9, 3.06, [56240, 70195, 94017]
6, 0, 3.21, [14198, 280, 285]
6, 1, 3.21, [14198, 70195, 285]
6, 2, 3.19, [14198, 280, 11388]
6, 3, 3.18, [14198, 14201, 285]
6, 4, 3.16, [1061, 70195, 285]
6, 5, 3.12, [59751, 89, 77088]
6, 6, 3.12, [1061, 280, 14198]
6, 7, 3.11, [1061, 86543, 285]
6, 8, 3.1, [76776, 56241, 62858]
6, 9, 3.09, [100807, 98065, 56239]
7, 0, 3.21, [14198, 280, 285]
7, 1, 3.21, [14198, 70195, 285]
7, 2, 3.19, [56241, 1061, 285]
7, 3, 3.18, [73931, 13042, 285]
7, 4, 3.17, [56239, 70195, 285]
7, 5, 3.13, [66167, 280, 86]
7, 6, 3.1, [1927, 66076, 126458]
7, 7, 3.09, [56241, 90, 56240]
7, 8, 3.08, [93407, 280, 284]
7, 9, 3.07, [14198, 70195, 73931]
8, 0, 3.21, [14198, 280, 285]
8, 1, 3.21, [14198, 70195, 285]
8, 2, 3.2, [14198, 66076, 14199]
8, 3, 3.15, [56241, 66170, 285]
8, 4, 3.14, [14198, 1061, 70195]
8, 5, 3.13, [1061, 280, 285]
8, 6, 3.12, [89, 70195, 88]
8, 7, 3.1, [89, 280, 76776]
8, 8, 3.09, [286, 280, 46]
8, 9, 3.08, [56240, 70195, 285]
9, 0, 3.21, [14198, 280, 285]
9, 1, 3.21, [14198, 70195, 285]
9, 2, 3.19, [88, 66076, 285]
9, 3, 3.16, [93407, 280, 62858]
9, 4, 3.15, [14198, 76776, 285]
9, 5, 3.12, [14198, 14199, 285]
9, 6, 3.12, [14198, 96144, 14199]
9, 7, 3.11, [14198, 73931, 70195]
9, 8, 3.1, [56241, 66170, 14200]
9, 9, 3.08, [14198, 59751, 121382]
10, 0, 3.21, [14198, 280, 285]
10, 1, 3.21, [14198, 70195, 285]
10, 2, 3.2, [89, 280, 285]
10, 3, 3.14, [14198, 100807, 285]
10, 4, 3.13, [14198, 278, 66076]
10, 5, 3.12, [98065, 70195, 285]
10, 6, 3.11, [14198, 66076, 126458]
10, 7, 3.11, [14198, 280, 70198]
10, 8, 3.1, [14198, 70196, 144434]
10, 9, 3.06, [59751, 70195, 98062]
