generation number, pop_size, worst, best, median, avg, std, diversity, improvement, number_of_selections
0, 10, 5.21, 10.89, 6.74, 7.305999999999999, 1.85664859356853,0.9888888888888889,0,[1.e-300]
1, 10, 6.09, 13.38, 9.5, 9.744, 2.097799799790247,0.8555555555555556,0.22865013774104684,[1.e-300]
2, 10, 9.12, 13.38, 10.575, 11.041, 1.5513442557988217,0.7666666666666667,0.0,[1.e-300]
3, 10, 7.04, 14.76, 10.235, 10.515000000000002, 2.495953725532587,0.9333333333333333,0.10313901345291472,[1.e-300]
4, 10, 8.15, 14.76, 9.76, 10.359, 2.1076643470913483,0.8777777777777778,0.0,[1.e-300]
5, 10, 5.0, 14.76, 7.885, 8.499, 3.255845358735577,0.9222222222222223,0.0,[1.e-300]
6, 10, 5.76, 15.68, 10.145, 10.512, 3.2167275296487268,0.8444444444444444,0.06233062330623306,[1.e-300]
7, 10, 6.36, 15.68, 8.38, 9.629, 3.227399727334685,0.9777777777777777,0.0,[1.e-300]
8, 10, 7.34, 15.68, 11.06, 11.330000000000002, 2.4015828113975166,0.8555555555555556,0.0,[1.e-300]
9, 10, 5.85, 15.68, 11.675, 11.11, 3.2205279070363604,0.9,0.0,[1.e-300]
10, 10, 6.8, 15.68, 10.11, 10.682999999999998, 2.762864636568357,0.9222222222222223,0.0,[1.e-300]
