generation number, individual number, fitness, candidate
0, 0, 3.14, [2260, 1831, 689]
0, 1, 3.12, [1322, 4129, 2595]
0, 2, 3.08, [3741, 693, 1605]
0, 3, 3.08, [3747, 101, 293]
0, 4, 3.06, [1829, 3777, 3737]
0, 5, 3.04, [2156, 295, 1833]
0, 6, 3.03, [1830, 279, 295]
0, 7, 3.03, [1315, 3740, 293]
0, 8, 3.02, [1833, 1826, 269]
0, 9, 3.0, [275, 546, 2400]
1, 0, 3.21, [1315, 1831, 689]
1, 1, 3.19, [1322, 3100, 2595]
1, 2, 3.14, [2260, 1831, 689]
1, 3, 3.13, [1322, 4129, 3758]
1, 4, 3.12, [1322, 4129, 2595]
1, 5, 3.09, [181, 1831, 3733]
1, 6, 3.08, [546, 1831, 284]
1, 7, 3.08, [3105, 295, 1833]
1, 8, 3.05, [2260, 4128, 2595]
1, 9, 3.04, [1322, 3759, 1987]
2, 0, 3.21, [1315, 1831, 689]
2, 1, 3.19, [1322, 3100, 2595]
2, 2, 3.18, [1322, 1831, 3758]
2, 3, 3.16, [1315, 1831, 689]
2, 4, 3.15, [1315, 1831, 689]
2, 5, 3.13, [1322, 1831, 3105]
2, 6, 3.13, [1315, 1831, 2156]
2, 7, 3.11, [352, 3100, 2595]
2, 8, 3.1, [2260, 4129, 3747]
2, 9, 3.09, [352, 3100, 2595]
3, 0, 3.21, [3745, 3736, 689]
3, 1, 3.21, [1322, 3760, 689]
3, 2, 3.21, [1315, 1831, 689]
3, 3, 3.19, [1322, 3100, 2595]
3, 4, 3.15, [1315, 1831, 689]
3, 5, 3.13, [1315, 2229, 2595]
3, 6, 3.12, [1315, 3100, 689]
3, 7, 3.12, [2156, 3749, 3743]
3, 8, 3.11, [352, 3100, 2595]
3, 9, 3.08, [2260, 3756, 1831]
4, 0, 3.28, [3736, 1831, 689]
4, 1, 3.26, [3745, 3736, 689]
4, 2, 3.26, [1315, 3736, 689]
4, 3, 3.21, [3745, 3736, 689]
4, 4, 3.21, [1322, 3760, 689]
4, 5, 3.18, [1322, 1896, 689]
4, 6, 3.18, [3736, 3760, 689]
4, 7, 3.16, [1315, 3736, 689]
4, 8, 3.13, [1315, 3748, 689]
4, 9, 3.11, [1321, 1831, 689]
5, 0, 3.28, [3736, 1831, 689]
5, 1, 3.26, [3745, 3736, 689]
5, 2, 3.19, [693, 1541, 689]
5, 3, 3.15, [282, 2595, 689]
5, 4, 3.15, [1315, 3755, 689]
5, 5, 3.14, [1315, 275, 689]
5, 6, 3.12, [3736, 1834, 119]
5, 7, 3.12, [1322, 1321, 689]
5, 8, 3.1, [3739, 3745, 24]
5, 9, 3.09, [3736, 4108, 1321]
6, 0, 3.28, [3736, 1831, 689]
6, 1, 3.26, [3745, 3736, 689]
6, 2, 3.18, [3756, 3736, 3747]
6, 3, 3.16, [3736, 119, 689]
6, 4, 3.16, [3750, 291, 689]
6, 5, 3.15, [3755, 1541, 689]
6, 6, 3.15, [3745, 1831, 3755]
6, 7, 3.14, [2463, 285, 689]
6, 8, 3.13, [3744, 1831, 291]
6, 9, 3.1, [693, 1831, 3749]
7, 0, 3.28, [3736, 996, 689]
7, 1, 3.28, [3736, 1831, 689]
7, 2, 3.26, [3745, 3736, 689]
7, 3, 3.23, [3749, 1831, 3747]
7, 4, 3.22, [3756, 3749, 689]
7, 5, 3.21, [3756, 3736, 3759]
7, 6, 3.15, [702, 2400, 689]
7, 7, 3.13, [3745, 101, 3747]
7, 8, 3.12, [3736, 293, 3759]
7, 9, 3.12, [3777, 287, 3750]
8, 0, 3.28, [3736, 996, 689]
8, 1, 3.28, [3736, 1831, 689]
8, 2, 3.22, [3756, 3736, 996]
8, 3, 3.21, [3756, 3749, 689]
8, 4, 3.16, [3756, 1006, 689]
8, 5, 3.15, [1321, 1831, 689]
8, 6, 3.15, [3744, 1829, 291]
8, 7, 3.14, [3743, 285, 689]
8, 8, 3.12, [3736, 3740, 689]
8, 9, 3.11, [3747, 1831, 295]
9, 0, 3.28, [3736, 996, 689]
9, 1, 3.28, [3736, 1831, 689]
9, 2, 3.22, [3736, 1829, 689]
9, 3, 3.19, [3756, 229, 689]
9, 4, 3.17, [3736, 1831, 1006]
9, 5, 3.13, [3737, 3749, 689]
9, 6, 3.13, [3736, 1831, 3743]
9, 7, 3.12, [3756, 3736, 359]
9, 8, 3.11, [291, 3741, 689]
9, 9, 3.1, [3756, 1829, 689]
10, 0, 3.29, [2229, 4129, 689]
10, 1, 3.28, [3736, 996, 689]
10, 2, 3.28, [3736, 1831, 689]
10, 3, 3.17, [287, 1831, 3755]
10, 4, 3.16, [3736, 1829, 693]
10, 5, 3.13, [4128, 996, 689]
10, 6, 3.11, [2463, 3740, 3742]
10, 7, 3.1, [3746, 1831, 3741]
10, 8, 3.06, [291, 1040, 3747]
10, 9, 3.05, [3758, 996, 293]
11, 0, 3.29, [2229, 4129, 689]
11, 1, 3.28, [3736, 996, 689]
11, 2, 3.23, [3736, 996, 3743]
11, 3, 3.23, [3746, 1831, 689]
11, 4, 3.19, [3741, 3105, 689]
11, 5, 3.17, [3737, 4129, 689]
11, 6, 3.17, [3736, 4130, 689]
11, 7, 3.12, [2229, 996, 3750]
11, 8, 3.1, [2229, 1830, 689]
11, 9, 3.09, [2229, 4128, 291]
12, 0, 3.29, [2229, 4129, 689]
12, 1, 3.28, [3736, 996, 689]
12, 2, 3.2, [3746, 4129, 3760]
12, 3, 3.19, [3758, 546, 689]
12, 4, 3.18, [2156, 1831, 689]
12, 5, 3.17, [3746, 4129, 3734]
12, 6, 3.14, [279, 1032, 689]
12, 7, 3.14, [2229, 275, 689]
12, 8, 3.12, [1006, 159, 689]
12, 9, 3.11, [2464, 1831, 689]
13, 0, 3.29, [2229, 4129, 689]
13, 1, 3.28, [3736, 996, 689]
13, 2, 3.2, [3736, 4129, 3759]
13, 3, 3.15, [2229, 1006, 689]
13, 4, 3.13, [2229, 2156, 3737]
13, 5, 3.12, [3743, 4129, 689]
13, 6, 3.09, [2229, 996, 72]
13, 7, 3.08, [2490, 2463, 3740]
13, 8, 3.05, [1040, 996, 3777]
13, 9, 3.05, [3735, 3756, 287]
14, 0, 3.29, [2229, 4129, 689]
14, 1, 3.28, [3736, 996, 689]
14, 2, 3.24, [3736, 4131, 689]
14, 3, 3.23, [3736, 3105, 689]
14, 4, 3.18, [3758, 4129, 689]
14, 5, 3.16, [2229, 1006, 689]
14, 6, 3.15, [3736, 4129, 1322]
14, 7, 3.15, [2229, 1006, 689]
14, 8, 3.11, [2229, 4129, 1831]
14, 9, 3.11, [2229, 1006, 689]
15, 0, 3.29, [2229, 4129, 689]
15, 1, 3.28, [3736, 996, 689]
15, 2, 3.25, [3754, 3758, 3760]
15, 3, 3.22, [2229, 3753, 689]
15, 4, 3.17, [2229, 1825, 3750]
15, 5, 3.17, [3736, 4129, 285]
15, 6, 3.14, [3758, 4129, 3737]
15, 7, 3.13, [2229, 3746, 3748]
15, 8, 3.12, [2464, 996, 689]
15, 9, 3.11, [2229, 4128, 2463]
16, 0, 3.29, [2229, 4129, 689]
16, 1, 3.28, [3736, 996, 689]
16, 2, 3.21, [3754, 4131, 689]
16, 3, 3.19, [3737, 4129, 689]
16, 4, 3.17, [2261, 4129, 689]
16, 5, 3.16, [2229, 3744, 3760]
16, 6, 3.15, [2229, 1006, 689]
16, 7, 3.14, [3736, 4129, 2261]
16, 8, 3.12, [1829, 4129, 689]
16, 9, 3.11, [3744, 3760, 3397]
17, 0, 3.29, [2229, 4129, 689]
17, 1, 3.28, [3736, 996, 689]
17, 2, 3.18, [2229, 101, 689]
17, 3, 3.17, [3743, 4129, 689]
17, 4, 3.14, [2229, 3744, 119]
17, 5, 3.13, [2229, 1006, 689]
17, 6, 3.1, [546, 4131, 689]
17, 7, 3.08, [3740, 2463, 3758]
17, 8, 3.08, [3735, 4129, 3743]
17, 9, 3.07, [2229, 3759, 2463]
18, 0, 3.29, [2229, 4129, 689]
18, 1, 3.28, [3736, 996, 689]
18, 2, 3.23, [2156, 996, 689]
18, 3, 3.23, [3736, 3105, 689]
18, 4, 3.21, [2229, 101, 689]
18, 5, 3.21, [3736, 3105, 689]
18, 6, 3.16, [2463, 4129, 689]
18, 7, 3.14, [2229, 3777, 689]
18, 8, 3.1, [3736, 3747, 119]
18, 9, 3.1, [1825, 996, 689]
19, 0, 3.29, [2229, 4129, 689]
19, 1, 3.28, [3736, 996, 689]
19, 2, 3.17, [3737, 2595, 689]
19, 3, 3.14, [3733, 4129, 689]
19, 4, 3.14, [2229, 1006, 689]
19, 5, 3.11, [2156, 996, 3758]
19, 6, 3.09, [1829, 1833, 3102]
19, 7, 3.08, [4108, 1032, 689]
19, 8, 3.06, [3736, 996, 3734]
19, 9, 3.06, [3105, 4129, 2598]
20, 0, 3.29, [2229, 4129, 689]
20, 1, 3.28, [3736, 996, 689]
20, 2, 3.22, [2229, 3760, 689]
20, 3, 3.21, [3737, 4131, 689]
20, 4, 3.21, [3736, 3760, 689]
20, 5, 3.2, [996, 4129, 689]
20, 6, 3.17, [2229, 3747, 689]
20, 7, 3.16, [699, 4129, 689]
20, 8, 3.15, [2229, 1006, 689]
20, 9, 3.14, [2229, 1006, 689]
21, 0, 3.29, [2229, 4129, 689]
21, 1, 3.28, [3736, 996, 689]
21, 2, 3.2, [3746, 4129, 689]
21, 3, 3.19, [2229, 1006, 689]
21, 4, 3.17, [3736, 3760, 119]
21, 5, 3.16, [3736, 3760, 3759]
21, 6, 3.15, [2229, 3760, 77]
21, 7, 3.13, [1987, 996, 689]
21, 8, 3.12, [1092, 4129, 689]
21, 9, 3.09, [2229, 996, 3760]
22, 0, 3.29, [2229, 4129, 689]
22, 1, 3.28, [3736, 996, 689]
22, 2, 3.21, [3737, 4129, 689]
22, 3, 3.18, [3736, 4130, 689]
22, 4, 3.17, [3744, 4129, 689]
22, 5, 3.16, [2229, 229, 3760]
22, 6, 3.15, [2229, 1825, 3745]
22, 7, 3.15, [2229, 996, 3758]
22, 8, 3.12, [3746, 1006, 689]
22, 9, 3.11, [2229, 1006, 3742]
23, 0, 3.29, [2229, 4129, 689]
23, 1, 3.28, [3736, 996, 689]
23, 2, 3.27, [3736, 4130, 689]
23, 3, 3.24, [3736, 3740, 689]
23, 4, 3.2, [3736, 3741, 3734]
23, 5, 3.13, [702, 996, 689]
23, 6, 3.12, [3746, 4129, 689]
23, 7, 3.12, [1829, 996, 689]
23, 8, 3.09, [1826, 996, 689]
23, 9, 3.09, [1315, 3756, 3752]
24, 0, 3.32, [2229, 4128, 689]
24, 1, 3.3, [3736, 4131, 689]
24, 2, 3.29, [2229, 4129, 689]
24, 3, 3.28, [3736, 996, 689]
24, 4, 3.21, [3736, 3105, 689]
24, 5, 3.19, [1834, 4130, 689]
24, 6, 3.15, [1092, 4129, 689]
24, 7, 3.09, [2229, 996, 3749]
24, 8, 3.07, [2229, 33, 3102]
24, 9, 3.06, [3740, 1032, 269]
25, 0, 3.32, [2229, 4128, 689]
25, 1, 3.3, [3736, 4131, 689]
25, 2, 3.2, [3736, 24, 689]
25, 3, 3.18, [3736, 3105, 689]
25, 4, 3.16, [270, 4129, 689]
25, 5, 3.15, [2229, 3743, 689]
25, 6, 3.15, [3747, 1686, 689]
25, 7, 3.15, [3100, 4128, 271]
25, 8, 3.14, [2229, 4131, 270]
25, 9, 3.12, [1829, 4131, 689]
26, 0, 3.32, [2229, 4128, 689]
26, 1, 3.3, [3736, 4131, 689]
26, 2, 3.29, [3736, 4130, 689]
26, 3, 3.23, [3736, 4128, 3760]
26, 4, 3.2, [269, 3737, 689]
26, 5, 3.19, [2229, 4129, 689]
26, 6, 3.18, [3759, 3105, 689]
26, 7, 3.14, [2229, 693, 689]
26, 8, 3.12, [3736, 3747, 1896]
26, 9, 3.1, [4108, 4128, 271]
27, 0, 3.32, [2229, 4128, 689]
27, 1, 3.3, [3736, 4131, 689]
27, 2, 3.27, [3736, 3105, 689]
27, 3, 3.25, [2229, 3100, 689]
27, 4, 3.22, [2156, 4131, 689]
27, 5, 3.18, [3736, 4130, 689]
27, 6, 3.18, [3736, 4184, 689]
27, 7, 3.18, [3736, 4129, 689]
27, 8, 3.17, [3736, 4129, 1831]
27, 9, 3.17, [1987, 4128, 3760]
28, 0, 3.32, [2229, 4128, 689]
28, 1, 3.3, [3736, 4131, 689]
28, 2, 3.2, [3736, 4129, 689]
28, 3, 3.19, [3736, 4128, 269]
28, 4, 3.19, [3736, 1686, 689]
28, 5, 3.17, [2229, 4131, 3758]
28, 6, 3.14, [2229, 4128, 689]
28, 7, 3.12, [4129, 287, 689]
28, 8, 3.09, [3737, 4131, 689]
28, 9, 3.09, [271, 4130, 1833]
29, 0, 3.32, [2229, 4128, 689]
29, 1, 3.31, [3102, 4128, 689]
29, 2, 3.3, [3736, 3741, 689]
29, 3, 3.3, [3736, 4131, 689]
29, 4, 3.18, [3736, 2463, 689]
29, 5, 3.18, [2229, 4128, 689]
29, 6, 3.17, [3736, 4130, 689]
29, 7, 3.16, [3760, 4129, 689]
29, 8, 3.13, [2229, 4129, 1605]
29, 9, 3.09, [2229, 4128, 3749]
30, 0, 3.32, [2229, 4128, 689]
30, 1, 3.31, [3102, 4128, 689]
30, 2, 3.27, [3100, 1032, 689]
30, 3, 3.24, [3754, 4128, 689]
30, 4, 3.21, [3744, 4128, 689]
30, 5, 3.2, [2229, 3744, 689]
30, 6, 3.15, [3102, 3741, 3759]
30, 7, 3.13, [3105, 4128, 3397]
30, 8, 3.11, [693, 4128, 275]
30, 9, 3.11, [1826, 4128, 77]
31, 0, 3.32, [2229, 4128, 689]
31, 1, 3.31, [3102, 4128, 689]
31, 2, 3.21, [1829, 1032, 689]
31, 3, 3.17, [3100, 4128, 3735]
31, 4, 3.16, [2229, 4184, 689]
31, 5, 3.15, [3750, 1040, 689]
31, 6, 3.15, [2229, 4128, 24]
31, 7, 3.14, [2229, 3755, 689]
31, 8, 3.14, [3100, 3744, 689]
31, 9, 3.12, [2229, 3397, 3755]
32, 0, 3.32, [2229, 4128, 689]
32, 1, 3.31, [3102, 4128, 689]
32, 2, 3.21, [2229, 4128, 3750]
32, 3, 3.19, [284, 4128, 689]
32, 4, 3.17, [293, 3741, 689]
32, 5, 3.16, [3100, 4128, 2261]
32, 6, 3.14, [3746, 4128, 689]
32, 7, 3.14, [2229, 1541, 689]
32, 8, 3.13, [3100, 4128, 3735]
32, 9, 3.13, [2229, 3737, 689]
33, 0, 3.32, [2229, 4128, 689]
33, 1, 3.31, [3102, 4128, 689]
33, 2, 3.25, [2229, 3736, 689]
33, 3, 3.16, [1829, 4128, 3750]
33, 4, 3.15, [2463, 3748, 3736]
33, 5, 3.14, [2229, 4128, 3749]
33, 6, 3.12, [4131, 546, 689]
33, 7, 3.12, [3735, 1032, 689]
33, 8, 3.09, [3737, 3105, 2595]
33, 9, 3.08, [3102, 1831, 689]
34, 0, 3.32, [2229, 4128, 689]
34, 1, 3.31, [3102, 4128, 689]
34, 2, 3.23, [3102, 3753, 3736]
34, 3, 3.2, [3753, 77, 181]
34, 4, 3.18, [3760, 4128, 689]
34, 5, 3.16, [2229, 3737, 3742]
34, 6, 3.15, [359, 3756, 3742]
34, 7, 3.13, [77, 4128, 1032]
34, 8, 3.12, [2400, 4128, 693]
34, 9, 3.11, [293, 1833, 689]
35, 0, 3.32, [2229, 4128, 689]
35, 1, 3.31, [3102, 4128, 689]
35, 2, 3.19, [2598, 3759, 689]
35, 3, 3.19, [3102, 3100, 689]
35, 4, 3.19, [2229, 4128, 3750]
35, 5, 3.17, [2229, 4131, 689]
35, 6, 3.16, [3102, 3753, 3749]
35, 7, 3.15, [3102, 4128, 3758]
35, 8, 3.15, [2229, 4128, 3744]
35, 9, 3.12, [3754, 77, 689]
36, 0, 3.32, [2229, 4128, 689]
36, 1, 3.31, [3102, 4128, 689]
36, 2, 3.24, [1833, 181, 689]
36, 3, 3.22, [3100, 2595, 689]
36, 4, 3.21, [2229, 4129, 3752]
36, 5, 3.15, [3761, 1040, 3746]
36, 6, 3.15, [2156, 3759, 689]
36, 7, 3.1, [3102, 4128, 2598]
36, 8, 3.09, [1987, 4128, 4130]
36, 9, 3.09, [291, 4184, 689]
37, 0, 3.32, [2229, 4128, 689]
37, 1, 3.31, [3102, 4128, 689]
37, 2, 3.28, [1825, 4128, 689]
37, 3, 3.21, [2229, 3397, 689]
37, 4, 3.19, [2229, 4128, 689]
37, 5, 3.19, [3743, 4128, 689]
37, 6, 3.18, [3100, 4128, 3755]
37, 7, 3.18, [2229, 3750, 689]
37, 8, 3.17, [1833, 4129, 689]
37, 9, 3.15, [2156, 4128, 3752]
38, 0, 3.32, [2229, 4128, 689]
38, 1, 3.31, [3102, 4128, 689]
38, 2, 3.25, [3100, 4128, 689]
38, 3, 3.23, [3100, 4128, 689]
38, 4, 3.21, [2229, 3102, 689]
38, 5, 3.19, [2229, 3752, 3760]
38, 6, 3.19, [3100, 4128, 689]
38, 7, 3.09, [2260, 4128, 2400]
38, 8, 3.09, [4129, 3745, 3759]
38, 9, 3.08, [2229, 1826, 3102]
39, 0, 3.32, [2229, 4128, 689]
39, 1, 3.31, [3102, 4128, 689]
39, 2, 3.15, [3749, 1092, 2261]
39, 3, 3.15, [3102, 4131, 689]
39, 4, 3.14, [3100, 4128, 282]
39, 5, 3.14, [2229, 3397, 3736]
39, 6, 3.12, [3102, 287, 689]
39, 7, 3.12, [3102, 4129, 689]
39, 8, 3.11, [3737, 4128, 2229]
39, 9, 3.11, [3761, 3743, 3759]
40, 0, 3.32, [2229, 4128, 689]
40, 1, 3.31, [3102, 4128, 689]
40, 2, 3.29, [3100, 4128, 689]
40, 3, 3.29, [3736, 4128, 689]
40, 4, 3.21, [2229, 271, 689]
40, 5, 3.17, [3100, 4128, 282]
40, 6, 3.17, [2229, 2400, 3742]
40, 7, 3.16, [3747, 4184, 689]
40, 8, 3.15, [3102, 3740, 3742]
40, 9, 3.06, [2229, 1092, 285]
41, 0, 3.32, [2229, 4128, 689]
41, 1, 3.31, [3102, 4128, 689]
41, 2, 3.15, [3100, 4130, 689]
41, 3, 3.12, [271, 4128, 689]
41, 4, 3.12, [359, 1831, 689]
41, 5, 3.11, [1829, 3744, 270]
41, 6, 3.11, [3761, 4128, 689]
41, 7, 3.1, [1825, 284, 3750]
41, 8, 3.1, [1829, 4128, 1605]
41, 9, 3.09, [4129, 4128, 72]
42, 0, 3.32, [2229, 4128, 689]
42, 1, 3.31, [3102, 4128, 689]
42, 2, 3.23, [3100, 229, 689]
42, 3, 3.18, [3100, 4131, 689]
42, 4, 3.15, [2229, 3742, 1032]
42, 5, 3.15, [2229, 3105, 3733]
42, 6, 3.14, [699, 4128, 689]
42, 7, 3.11, [2464, 2463, 689]
42, 8, 3.1, [2464, 4130, 689]
42, 9, 3.07, [271, 3743, 3749]
43, 0, 3.32, [2229, 4128, 689]
43, 1, 3.31, [3102, 4128, 689]
43, 2, 3.23, [3100, 284, 689]
43, 3, 3.17, [3100, 702, 689]
43, 4, 3.13, [2156, 4131, 689]
43, 5, 3.12, [3102, 4130, 689]
43, 6, 3.11, [1829, 4129, 3761]
43, 7, 3.1, [3100, 4128, 3734]
43, 8, 3.07, [2260, 702, 4130]
43, 9, 3.06, [3102, 229, 3750]
44, 0, 3.32, [2229, 4128, 689]
44, 1, 3.31, [3102, 4128, 689]
44, 2, 3.3, [3752, 4128, 3758]
44, 3, 3.18, [270, 4128, 3752]
44, 4, 3.17, [3102, 3105, 689]
44, 5, 3.15, [3100, 291, 689]
44, 6, 3.12, [3102, 4128, 3749]
44, 7, 3.11, [2464, 4128, 119]
44, 8, 3.11, [271, 285, 689]
44, 9, 3.1, [293, 4128, 689]
45, 0, 3.32, [2229, 4128, 689]
45, 1, 3.31, [3102, 4128, 689]
45, 2, 3.21, [2229, 4130, 689]
45, 3, 3.2, [2229, 4128, 3750]
45, 4, 3.18, [3752, 4130, 689]
45, 5, 3.17, [3100, 4128, 689]
45, 6, 3.14, [2229, 3105, 3759]
45, 7, 3.13, [1541, 1605, 689]
45, 8, 3.13, [2229, 3759, 689]
45, 9, 3.09, [2261, 3105, 689]
46, 0, 3.32, [2229, 4128, 689]
46, 1, 3.31, [3102, 4128, 689]
46, 2, 3.16, [2229, 3750, 689]
46, 3, 3.16, [3102, 4184, 689]
46, 4, 3.15, [1322, 4130, 3736]
46, 5, 3.15, [1829, 4128, 689]
46, 6, 3.14, [2229, 693, 689]
46, 7, 3.14, [4794, 4128, 3759]
46, 8, 3.09, [3102, 4128, 287]
46, 9, 3.07, [2229, 1605, 1092]
47, 0, 3.32, [2229, 4128, 689]
47, 1, 3.31, [3102, 4128, 689]
47, 2, 3.19, [2229, 4128, 689]
47, 3, 3.17, [2229, 3105, 689]
47, 4, 3.16, [2229, 3105, 3753]
47, 5, 3.16, [1829, 4128, 689]
47, 6, 3.14, [2229, 24, 3737]
47, 7, 3.12, [2260, 3747, 689]
47, 8, 3.12, [3102, 3750, 3754]
47, 9, 3.11, [291, 285, 689]
48, 0, 3.32, [2229, 4128, 689]
48, 1, 3.31, [3102, 4128, 689]
48, 2, 3.14, [3747, 293, 3749]
48, 3, 3.14, [2229, 996, 3758]
48, 4, 3.13, [2229, 1605, 3756]
48, 5, 3.12, [3745, 77, 689]
48, 6, 3.12, [1605, 4128, 3759]
48, 7, 3.12, [3100, 1315, 689]
48, 8, 3.11, [3100, 996, 181]
48, 9, 3.11, [3749, 271, 689]
49, 0, 3.32, [2229, 4128, 689]
49, 1, 3.31, [3102, 4128, 689]
49, 2, 3.24, [2229, 3105, 689]
49, 3, 3.19, [3100, 689, 3756]
49, 4, 3.17, [2229, 3756, 4131]
49, 5, 3.17, [1987, 1605, 689]
49, 6, 3.16, [3743, 3750, 3749]
49, 7, 3.15, [3102, 4128, 3759]
49, 8, 3.14, [2464, 4128, 689]
49, 9, 3.12, [3752, 293, 689]
50, 0, 3.32, [2229, 4128, 689]
50, 1, 3.31, [3102, 4128, 689]
50, 2, 3.25, [2229, 4131, 3754]
50, 3, 3.24, [1321, 4128, 689]
50, 4, 3.18, [3100, 3105, 689]
50, 5, 3.18, [2229, 4128, 3755]
50, 6, 3.15, [2229, 4128, 693]
50, 7, 3.15, [2229, 3102, 3750]
50, 8, 3.13, [271, 3755, 352]
50, 9, 3.11, [2229, 4128, 3755]
