n_nodes,influence,n0,n1,n2,n3,n4
5,282.5700,9437,131329,210595,6612,17806
5,279.7700,200990,131329,210595,6612,17806
5,279.7700,200990,131329,210595,6612,17806
5,279.7700,200990,131329,210595,6612,17806
5,279.7700,200990,131329,210595,6612,17806
5,279.7700,200990,131329,210595,6612,17806
5,271.1400,131329,210595,17806,6612,32862
5,266.5800,131329,210595,136023,17806,6612
5,265.8800,200990,164747,210595,6612,17806
5,259.0400,241095,131329,210595,6612,17806
5,259.0400,241095,131329,210595,6612,17806
5,259.0400,241095,131329,210595,6612,17806
5,259.0400,241095,131329,210595,6612,17806
5,259.0400,241095,131329,210595,6612,17806
5,259.0400,241095,131329,210595,6612,17806
5,258.1200,241095,131329,210595,6612,17806
5,256.8800,175296,131329,210595,6612,17806
5,256.8800,175296,131329,210595,6612,17806
5,256.8800,175296,131329,210595,6612,17806
5,254.5500,175296,131329,210595,6612,17806
5,250.2900,210595,57141,17806,6612,200990
5,250.1600,17806,6612,209845,216573,9437
5,250.0100,175296,131329,17806,117201,20185
5,248.3700,175296,164747,210595,6612,17806
5,246.7600,200990,164747,210595,6612,17806
5,246.6900,131329,210595,6612,22915,9437
5,246.6900,131329,210595,6612,22915,9437
5,246.6900,131329,210595,6612,22915,9437
5,246.6900,131329,210595,6612,22915,9437
5,246.6300,241095,6612,170686,60663,17806
5,245.5200,175296,131329,210595,6612,17806
5,244.9200,175296,131329,210595,6612,60663
5,244.9200,175296,131329,210595,6612,60663
5,244.9200,175296,131329,210595,6612,60663
5,244.9200,175296,131329,210595,6612,60663
5,244.9200,175296,131329,210595,6612,60663
5,244.0200,9437,131329,198789,6612,60663
5,244.0200,9437,131329,198789,6612,60663
5,243.3700,200990,164747,210595,6612,17806
5,243.2500,241095,253095,210595,6612,17806
5,242.4600,175296,131329,210595,6612,17806
5,242.4600,175296,131329,210595,6612,17806
5,242.4500,200990,164747,210595,6612,17806
5,242.4500,200990,164747,210595,6612,17806
5,242.4500,200990,164747,210595,6612,17806
5,242.4500,200990,164747,210595,6612,17806
5,242.4500,200990,164747,210595,6612,17806
5,242.4500,200990,164747,210595,6612,17806
5,242.4500,200990,164747,210595,6612,17806
5,242.4500,200990,164747,210595,6612,17806
5,242.4500,200990,164747,210595,6612,17806
5,242.4500,200990,164747,210595,6612,17806
5,242.4100,241095,6612,170686,60663,17806
5,242.4100,241095,6612,170686,60663,17806
5,242.4100,241095,6612,170686,60663,17806
5,241.4400,108548,164747,17806,6612,200990
5,240.9500,131329,210595,6612,60663,174724
5,240.3600,200990,164747,210595,6612,17806
5,240.2800,9437,241095,210595,6612,60663
5,240.2800,9437,241095,210595,6612,60663
5,240.2800,9437,241095,210595,6612,60663
5,240.2800,9437,241095,210595,6612,60663
5,240.2800,9437,241095,210595,6612,60663
5,240.2800,9437,241095,210595,6612,60663
5,240.2800,9437,241095,210595,6612,60663
5,240.2800,9437,241095,210595,6612,60663
5,240.2800,9437,241095,210595,6612,60663
5,240.2800,9437,241095,210595,6612,60663
5,239.2400,200990,164747,210595,6612,17806
5,238.4500,175296,131329,210595,6612,60663
5,238.0000,175296,131329,20185,6612,17806
5,237.9600,8102,131329,210595,17806,6612
5,236.8100,131329,138142,210595,6612,9437
5,236.6600,175296,131329,210595,6612,17806
5,236.3100,175296,131329,210595,6612,17806
5,236.3100,175296,131329,210595,6612,17806
5,236.3100,175296,131329,210595,6612,17806
5,235.9300,175296,131329,210595,6612,17806
5,235.2100,131329,210595,250213,17806,6612
5,235.0900,158066,253095,210595,6612,17806
5,235.0900,158066,253095,210595,6612,17806
5,235.0900,158066,253095,210595,6612,17806
5,235.0900,158066,253095,210595,6612,17806
5,235.0900,158066,253095,210595,6612,17806
5,235.0900,158066,253095,210595,6612,17806
5,235.0900,158066,253095,210595,6612,17806
5,234.9200,200990,164747,210595,6612,17806
5,234.0600,6612,151976,210595,17806,94470
5,233.6700,9437,131329,198789,17806,94470
5,232.7500,158066,253095,210595,6612,17806
5,232.6400,164747,131329,210595,6612,17806
5,232.5800,175296,131329,210595,6612,152178
5,232.4300,200990,164747,210595,6612,17806
5,231.9700,175296,131329,210595,17806,94470
5,231.9700,175296,131329,210595,17806,94470
5,231.9700,175296,131329,210595,17806,94470
5,231.9700,175296,131329,210595,17806,94470
5,231.8100,164747,131329,210595,6612,17806
5,231.6500,200990,164747,210595,6612,60663
5,231.5000,158066,253095,210595,6612,17806
5,231.3800,9437,241095,210595,6612,17806
5,231.1500,241095,131329,210595,6612,9437
5,231.1500,241095,131329,210595,6612,9437
5,231.1500,241095,131329,210595,6612,9437
5,231.1400,241095,253095,210595,6612,17806
5,231.1400,241095,253095,210595,6612,17806
5,230.8800,131329,198789,6612,60663,160617
5,230.3700,200990,164747,210595,6612,17806
5,230.3700,200990,164747,210595,6612,17806
5,230.3700,200990,164747,210595,6612,17806
5,230.3700,200990,164747,210595,6612,17806
5,230.3700,200990,164747,210595,6612,17806
5,230.3700,200990,164747,210595,6612,17806
5,230.3700,200990,164747,210595,6612,17806
5,230.3700,200990,164747,210595,6612,17806
5,230.3700,200990,164747,210595,6612,17806
5,230.3700,200990,164747,210595,6612,17806
5,230.3700,200990,164747,210595,6612,17806
5,230.3700,200990,164747,210595,6612,17806
5,230.3700,200990,164747,210595,6612,17806
5,230.3700,200990,164747,210595,6612,17806
5,230.3700,200990,164747,210595,6612,17806
5,230.3700,200990,164747,210595,6612,17806
5,230.3700,200990,164747,210595,6612,17806
5,230.1200,200990,131329,210595,6612,17806
5,230.0100,164747,62895,198789,6612,17806
5,229.9000,164747,62895,198789,6612,17806
5,229.9000,164747,62895,198789,6612,17806
