num_genrations,diversity,improvement,best_fitness
0,1.0,0,17.36
1,0.9477182539682539,0.02822580645161302,17.85
2,0.8928571428571429,0.02633053221288509,18.32
3,0.8340277777777778,0.05676855895196502,19.36
4,0.7250992063492063,0.1291322314049587,21.86
5,0.6852182539682541,0.005032021957913972,21.97
6,0.6521825396825398,0.022303140646336005,22.46
7,0.47410714285714295,0.008904719501335676,22.66
8,0.18035714285714322,0.029126213592233014,23.32
9,0.1754960317460318,0.03173241852487129,24.06
10,0.20089285714285743,0.0,24.06
