num_genrations,diversity,improvement,best_fitness
0,0.9955252525252525,0,49.19
1,0.9117171717171717,0.08355356779833299,53.3
2,0.5046969696969696,0.19887429643527207,63.9
3,0.4714141414141414,0.15899843505477315,74.06
4,0.4411515151515151,0.033621388063732036,76.55
5,0.24819191919191919,0.11417374265186166,85.29
6,0.2844444444444444,0.019463008559033844,86.95
7,0.19543434343434374,0.01161587119033917,87.96
8,0.10116161616161634,0.0,87.96
9,0.10836363636363633,0.02228285584356535,89.92
10,0.0485858585858584,0.00433718861209965,90.31
11,0.0777474747474749,0.0,90.31
12,0.07164646464646451,0.0,90.31
13,0.0524343434343435,0.0,90.31
14,0.004989898989898656,0.0,90.31
15,0.009979797979797977,0.0,90.31
16,0.007989898989899546,0.0,90.31
17,0.003989898989899099,0.017606023696157717,91.9
18,0.0040000000000000036,0.0,91.9
19,0.007989898989899324,0.0,91.9
20,0.004999999999999671,0.0,91.9
21,0.010898989898990297,0.0,91.9
22,0.008000000000000451,0.0,91.9
23,0.008000000000000562,0.0,91.9
24,0.004999999999999893,0.0,91.9
25,0.0030000000000001137,0.0,91.9
26,0.0,0.0,91.9
27,0.003989898989898766,0.0,91.9
28,0.006999999999999895,0.0,91.9
29,0.001000000000000223,0.0,91.9
30,0.00898989898989866,0.0,91.9
31,0.009959595959596168,0.0,91.9
32,0.006969696969696848,0.0,91.9
33,0.010919191919192328,0.0,91.9
34,0.008959595959595723,0.0,91.9
35,0.003989898989899099,0.0,91.9
36,0.0030000000000001137,0.0,91.9
37,0.008959595959595834,0.0,91.9
38,0.0019999999999995577,0.0,91.9
39,0.0069898989898988795,0.0,91.9
40,0.0019999999999997797,0.0,91.9
41,0.007939393939394246,0.0,91.9
42,0.007959595959596277,0.0,91.9
43,0.003989898989898988,0.0,91.9
44,0.008949494949494596,0.0,91.9
45,0.006969696969696848,0.0,91.9
46,0.0059595959595961645,0.0,91.9
47,0.0030000000000001137,0.0,91.9
48,0.0019999999999995577,0.0,91.9
49,0.004969696969696624,0.0,91.9
50,0.006999999999999895,0.0,91.9
51,0.005939393939393911,0.0,91.9
52,0.005989898989899101,0.0,91.9
53,0.006000000000000116,0.0,91.9
54,0.005989898989899101,0.0,91.9
55,0.001989898989898542,0.0,91.9
56,0.005878787878787928,0.0,91.9
57,0.00696969696969707,0.0,91.9
58,0.00797979797979853,0.0,91.9
59,0.004989898989898656,0.0,91.9
60,0.0019999999999995577,0.0,91.9
61,0.0069898989898988795,0.0,91.9
62,0.012919191919192219,0.01240478781284005,93.04
63,0.009505050505050572,0.0,93.04
64,0.024797979797979486,0.0,93.04
65,0.022404040404040315,0.005481513327600934,93.55
66,0.0040000000000000036,0.0,93.55
67,0.0040000000000000036,0.0,93.55
68,0.002989898989899209,0.0,93.55
69,0.003969696969697067,0.0,93.55
70,0.004989898989898656,0.0,93.55
71,0.007969696969697071,0.0,93.55
72,0.0030000000000002247,0.0,93.55
73,0.007979797979798087,0.006520577231427039,94.16
74,0.004999999999999671,0.0,94.16
75,0.005989898989899101,0.0,94.16
76,0.00497979797979764,0.0,94.16
77,0.00941414141414143,0.0,94.16
78,0.0029797979797981933,0.0,94.16
79,0.0030000000000001137,0.0,94.16
80,0.006999999999999895,0.0,94.16
81,0.005989898989899101,0.0,94.16
82,0.0039999999999998925,0.0,94.16
83,0.006878787878787929,0.0,94.16
84,0.009969696969696962,0.0,94.16
85,0.011909090909090647,0.0,94.16
86,0.01943434343434347,0.014762107051826685,95.55
87,0.012868686868686696,0.001569858712715915,95.7
88,0.02499999999999991,0.0,95.7
89,0.00787878787878793,0.014838035527690717,97.12
90,0.01326262626262631,0.0,97.12
91,0.02327272727272711,0.0003088962108731583,97.15
92,0.024757575757575867,0.0,97.15
93,0.022797979797979928,0.0,97.15
94,0.024434343434343475,0.0029850746268655897,97.44
95,0.013989898989898775,0.0,97.44
96,0.0239999999999998,0.004207717569786501,97.85
97,0.018424242424242454,0.0,97.85
98,0.020939393939393924,0.0,97.85
99,0.02403030303030307,0.0,97.85
100,0.010565656565657,0.0,97.85
