n_nodes,influence,n0,n1,n2,n3,n4
5,238.9400,4,3,5,9,8
5,238.0600,4,3,5,9,8
5,238.0600,4,3,5,9,8
5,238.0600,4,3,5,9,8
5,237.9100,4,3,5,9,8
5,236.4000,4,3,5,9,8
5,228.8600,4,8,5,9,14
5,228.8600,4,8,5,9,14
5,228.8600,4,8,5,9,14
5,228.7200,4,8,5,9,14
5,227.3100,4,8,5,9,14
5,225.9400,4,8,5,9,14
5,225.3400,4,8,5,9,14
5,224.2800,8,3,5,9,14
5,223.9800,4,8,5,9,14
5,223.9800,4,8,5,9,14
5,223.9800,4,8,5,9,14
5,222.7400,4,3,5,9,14
5,222.0900,4,8,5,9,14
5,221.0200,4,8,5,9,14
5,221.0200,4,8,5,9,14
5,221.0200,4,8,5,9,14
5,216.1700,4,3,5,9,14
5,210.0100,9131,3,5,8,9
5,204.6900,4,8,5,9,2456
5,204.5700,4,5,8,9,7834
5,204.3900,8,3,5,9,1848
5,204.3900,8,3,5,9,1848
5,204.3900,8,3,5,9,1848
5,204.0900,354,3,5,9,8
5,204.0900,354,3,5,9,8
5,204.0900,354,3,5,9,8
5,204.0900,354,3,5,9,8
5,204.0900,354,3,5,9,8
5,204.0900,354,3,5,9,8
5,204.0900,354,3,5,9,8
5,204.0900,354,3,5,9,8
5,204.0900,354,3,5,9,8
5,203.7600,4,8,5,9,2456
5,203.7600,4,8,5,9,2456
5,203.7600,4,8,5,9,2456
5,203.7600,4,8,5,9,2456
5,203.7600,4,8,5,9,2456
5,203.7600,4,8,5,9,2456
5,203.5800,4,8,5,9,2456
5,202.6900,4,8,5,9,2456
5,202.6900,4,8,5,9,2456
5,202.6900,4,8,5,9,2456
5,202.6900,4,8,5,9,2456
5,202.6900,4,8,5,9,2456
5,201.7600,4,8,5,9,1848
5,201.4300,4,8,5,9,1245
5,201.2000,4,5,8,9,9187
5,201.2000,4,5,8,9,9187
5,201.1400,4,8,5,9,1245
5,201.1100,4,8,5,9,2456
5,200.4500,4,8,5,9,1848
5,200.3600,4,8,5,9,2456
5,200.3600,4,8,5,9,2456
5,200.2100,4,8,5,9,2456
5,200.2100,4,8,5,9,2456
5,200.1600,4,8,5,9,2456
5,199.2800,4,8,5,9,9788
5,199.1700,4,8,5,9,2456
5,198.9900,4,8,5,9,2456
5,198.9900,4,8,5,9,2456
5,198.9900,4,8,5,9,2456
5,198.9900,4,8,5,9,2456
5,198.9900,4,8,5,9,2456
5,198.9900,4,8,5,9,2456
5,198.9900,4,8,5,9,2456
5,198.9900,4,8,5,9,2456
5,198.9900,4,8,5,9,2456
5,198.9900,4,8,5,9,2456
5,198.9900,4,8,5,9,2456
5,198.9900,4,8,5,9,2456
5,198.9900,4,8,5,9,2456
5,198.7300,4,8,5,9,2456
5,196.9700,4,8,5,9,2456
5,196.9700,4,8,5,9,2456
5,196.7400,4,5,8,14,4087
5,196.6400,4,3,5,9,1848
5,196.6400,4,3,5,9,1848
5,196.6400,4,3,5,9,1848
5,196.6400,4,3,5,9,1848
5,196.6400,4,3,5,9,1848
5,196.6400,4,3,5,9,1848
5,196.6400,4,3,5,9,1848
5,196.6400,4,3,5,9,1848
5,196.6400,4,3,5,9,1848
5,194.9500,4,8,1787,5,14
5,194.9500,4,8,1787,5,14
5,194.9500,4,8,1787,5,14
5,194.9500,4,8,1787,5,14
5,194.9500,4,8,1787,5,14
5,194.8800,4,8,5,9,1848
5,194.8200,4,5,8,6031,14
5,194.5600,4,5,8,2763,14
5,194.5600,4,5,8,2763,14
5,194.4500,4,3,5,9,1848
5,194.0900,4,8,3275,5,14
5,194.0900,4,8,3275,5,14
5,194.0900,4,8,3275,5,14
5,194.0900,4,8,3275,5,14
5,194.0900,4,8,3275,5,14
5,194.0900,4,8,3275,5,14
5,193.9800,4,8,3275,5,14
5,193.9800,4,8,3275,5,14
5,193.7200,4,5,8,9239,14
5,193.7200,4,5,8,9239,14
5,193.1000,3,4,5,9,6654
5,192.9000,4,8,1787,5,14
5,192.9000,4,8,1787,5,14
5,192.9000,4,8,1787,5,14
5,192.7900,4,5,8,14,7573
5,192.7600,4,8,3275,5,14
5,192.3600,4,8,3275,5,14
5,192.1100,4,5,8,14,2456
5,192.0600,4,8,3275,5,14
5,191.6100,4,5,8,8428,14
5,191.6100,4,5,8,8428,14
5,191.6100,4,5,8,8428,14
5,191.6100,4,5,8,8428,14
5,191.4200,8,3,3275,5,14
5,191.4200,8,3,3275,5,14
5,191.4200,8,3,3275,5,14
5,191.4200,8,3,3275,5,14
5,191.4200,8,3,3275,5,14
