generation number, individual number, fitness, candidate
0, 0, 2.18, [277, 295]
0, 1, 2.12, [876, 295]
0, 2, 2.08, [3135, 295]
0, 3, 2.05, [302, 1086]
0, 4, 2.04, [876, 279]
0, 5, 2.03, [103, 296]
0, 6, 2.03, [2512, 102]
0, 7, 2.02, [1082, 2527]
0, 8, 2.02, [260, 2711]
0, 9, 2.02, [193, 280]
1, 0, 2.18, [277, 295]
1, 1, 2.15, [2764, 295]
1, 2, 2.12, [876, 295]
1, 3, 2.06, [1088, 2595]
1, 4, 2.06, [277, 103]
1, 5, 2.05, [277, 2513]
1, 6, 2.05, [2595, 301]
1, 7, 2.04, [277, 876]
1, 8, 2.03, [302, 2596]
1, 9, 2.03, [296, 2525]
2, 0, 2.18, [277, 295]
2, 1, 2.15, [2764, 295]
2, 2, 2.1, [2527, 269]
2, 3, 2.08, [277, 2530]
2, 4, 2.06, [335, 103]
2, 5, 2.06, [275, 295]
2, 6, 2.05, [4602, 874]
2, 7, 2.05, [4849, 269]
2, 8, 2.05, [226, 193]
2, 9, 2.03, [277, 876]
3, 0, 2.18, [277, 295]
3, 1, 2.15, [2764, 295]
3, 2, 2.14, [277, 295]
3, 3, 2.07, [279, 301]
3, 4, 2.06, [2764, 279]
3, 5, 2.04, [277, 3135]
3, 6, 2.04, [1088, 534]
3, 7, 2.02, [285, 274]
3, 8, 2.02, [1088, 541]
3, 9, 2.02, [302, 622]
4, 0, 2.18, [277, 295]
4, 1, 2.15, [2764, 295]
4, 2, 2.12, [1811, 159]
4, 3, 2.11, [244, 295]
4, 4, 2.1, [273, 295]
4, 5, 2.06, [295, 301]
4, 6, 2.05, [273, 269]
4, 7, 2.05, [81, 2574]
4, 8, 2.02, [76, 2767]
4, 9, 2.02, [77, 191]
5, 0, 2.18, [277, 295]
5, 1, 2.15, [2764, 295]
5, 2, 2.08, [277, 250]
5, 3, 2.07, [277, 2595]
5, 4, 2.03, [303, 226]
5, 5, 2.03, [277, 537]
5, 6, 2.03, [609, 300]
5, 7, 2.03, [264, 1087]
5, 8, 2.03, [1811, 316]
5, 9, 2.02, [265, 104]
6, 0, 2.18, [277, 295]
6, 1, 2.15, [2764, 295]
6, 2, 2.1, [277, 256]
6, 3, 2.1, [77, 295]
6, 4, 2.07, [2596, 209]
6, 5, 2.05, [2764, 335]
6, 6, 2.04, [277, 316]
6, 7, 2.03, [2764, 240]
6, 8, 2.02, [2767, 256]
6, 9, 2.02, [209, 240]
7, 0, 2.18, [277, 295]
7, 1, 2.15, [2764, 295]
7, 2, 2.11, [285, 295]
7, 3, 2.08, [277, 222]
7, 4, 2.03, [2530, 2513]
7, 5, 2.03, [380, 297]
7, 6, 2.02, [283, 2527]
7, 7, 2.02, [219, 154]
7, 8, 2.02, [2515, 265]
7, 9, 2.01, [3716, 316]
8, 0, 2.18, [277, 295]
8, 1, 2.15, [2764, 295]
8, 2, 2.14, [77, 269]
8, 3, 2.14, [874, 295]
8, 4, 2.09, [1088, 295]
8, 5, 2.08, [534, 295]
8, 6, 2.05, [615, 103]
8, 7, 2.04, [2770, 616]
8, 8, 2.03, [541, 876]
8, 9, 2.03, [3716, 266]
9, 0, 2.18, [277, 295]
9, 1, 2.15, [2764, 295]
9, 2, 2.13, [77, 295]
9, 3, 2.1, [2065, 295]
9, 4, 2.08, [274, 295]
9, 5, 2.05, [103, 3716]
9, 6, 2.05, [2599, 2514]
9, 7, 2.04, [300, 874]
9, 8, 2.03, [277, 2156]
9, 9, 2.02, [240, 291]
10, 0, 2.18, [277, 295]
10, 1, 2.15, [2764, 295]
10, 2, 2.12, [874, 295]
10, 3, 2.11, [277, 220]
10, 4, 2.08, [2512, 2767]
10, 5, 2.08, [77, 250]
10, 6, 2.07, [277, 2156]
10, 7, 2.05, [256, 222]
10, 8, 2.03, [283, 295]
10, 9, 2.01, [343, 193]
11, 0, 2.18, [277, 295]
11, 1, 2.15, [2764, 295]
11, 2, 2.08, [2764, 295]
11, 3, 2.06, [277, 219]
11, 4, 2.05, [874, 154]
11, 5, 2.05, [256, 1088]
11, 6, 2.04, [2597, 2595]
11, 7, 2.04, [2770, 295]
11, 8, 2.03, [2764, 2514]
11, 9, 2.03, [1082, 609]
12, 0, 2.18, [277, 295]
12, 1, 2.15, [2764, 295]
12, 2, 2.13, [609, 295]
12, 3, 2.08, [263, 295]
12, 4, 2.05, [874, 154]
12, 5, 2.05, [273, 295]
12, 6, 2.04, [3716, 876]
12, 7, 2.03, [2596, 302]
12, 8, 2.02, [874, 876]
12, 9, 2.02, [3155, 285]
13, 0, 2.18, [277, 295]
13, 1, 2.15, [2764, 295]
13, 2, 2.12, [77, 295]
13, 3, 2.09, [2512, 280]
13, 4, 2.08, [277, 2595]
13, 5, 2.06, [3155, 283]
13, 6, 2.05, [3334, 250]
13, 7, 2.02, [541, 2767]
13, 8, 2.02, [288, 343]
13, 9, 2.01, [541, 303]
14, 0, 2.18, [277, 295]
14, 1, 2.15, [2764, 295]
14, 2, 2.05, [3716, 2597]
14, 3, 2.05, [193, 295]
14, 4, 2.04, [193, 2513]
14, 5, 2.04, [2512, 316]
14, 6, 2.02, [265, 280]
14, 7, 2.01, [266, 278]
14, 8, 2.01, [77, 261]
14, 9, 2.0, [259, 288]
15, 0, 2.18, [277, 295]
15, 1, 2.15, [2764, 295]
15, 2, 2.12, [277, 295]
15, 3, 2.08, [297, 295]
15, 4, 2.06, [295, 264]
15, 5, 2.04, [3135, 2596]
15, 6, 2.03, [193, 2514]
15, 7, 2.01, [279, 283]
15, 8, 2.01, [154, 380]
15, 9, 2.0, [219, 343]
16, 0, 2.18, [277, 295]
16, 1, 2.15, [874, 295]
16, 2, 2.15, [2764, 295]
16, 3, 2.11, [558, 295]
16, 4, 2.08, [303, 295]
16, 5, 2.07, [874, 2597]
16, 6, 2.06, [274, 2597]
16, 7, 2.05, [2512, 2764]
16, 8, 2.03, [259, 1088]
16, 9, 2.02, [4849, 303]
17, 0, 2.18, [277, 295]
17, 1, 2.15, [874, 295]
17, 2, 2.12, [273, 295]
17, 3, 2.08, [261, 295]
17, 4, 2.04, [2762, 2513]
17, 5, 2.03, [297, 220]
17, 6, 2.03, [1080, 250]
17, 7, 2.02, [2762, 2599]
17, 8, 2.01, [2765, 103]
17, 9, 2.01, [159, 154]
18, 0, 2.18, [277, 295]
18, 1, 2.15, [874, 295]
18, 2, 2.11, [874, 1811]
18, 3, 2.08, [77, 295]
18, 4, 2.06, [77, 269]
18, 5, 2.05, [2712, 226]
18, 6, 2.04, [250, 616]
18, 7, 2.04, [256, 91]
18, 8, 2.02, [558, 2597]
18, 9, 2.02, [273, 295]
19, 0, 2.18, [277, 295]
19, 1, 2.15, [874, 295]
19, 2, 2.07, [300, 2770]
19, 3, 2.07, [260, 103]
19, 4, 2.05, [277, 283]
19, 5, 2.03, [303, 295]
19, 6, 2.03, [2527, 316]
19, 7, 2.02, [244, 279]
19, 8, 2.01, [3135, 2513]
19, 9, 2.0, [2525, 260]
20, 0, 2.18, [277, 295]
20, 1, 2.15, [874, 295]
20, 2, 2.12, [266, 295]
20, 3, 2.1, [264, 295]
20, 4, 2.08, [159, 2599]
20, 5, 2.07, [300, 2527]
20, 6, 2.06, [2762, 103]
20, 7, 2.04, [222, 273]
20, 8, 2.02, [265, 250]
20, 9, 2.02, [874, 2765]
21, 0, 2.18, [277, 295]
21, 1, 2.15, [874, 295]
21, 2, 2.1, [277, 615]
21, 3, 2.08, [277, 316]
21, 4, 2.08, [279, 874]
21, 5, 2.06, [277, 2513]
21, 6, 2.05, [226, 295]
21, 7, 2.03, [2512, 537]
21, 8, 2.02, [191, 265]
21, 9, 2.01, [303, 273]
22, 0, 2.18, [277, 295]
22, 1, 2.15, [874, 295]
22, 2, 2.11, [380, 295]
22, 3, 2.08, [277, 297]
22, 4, 2.07, [300, 874]
22, 5, 2.05, [4849, 297]
22, 6, 2.03, [874, 2514]
22, 7, 2.02, [874, 2515]
22, 8, 2.02, [288, 263]
22, 9, 2.01, [1082, 2762]
23, 0, 2.18, [277, 295]
23, 1, 2.15, [2770, 295]
23, 2, 2.15, [874, 295]
23, 3, 2.12, [260, 295]
23, 4, 2.09, [2767, 295]
23, 5, 2.08, [277, 295]
23, 6, 2.07, [277, 283]
23, 7, 2.04, [3155, 76]
23, 8, 2.04, [154, 2599]
23, 9, 2.03, [616, 295]
24, 0, 2.18, [277, 295]
24, 1, 2.15, [2770, 295]
24, 2, 2.12, [874, 295]
24, 3, 2.12, [77, 295]
24, 4, 2.06, [2513, 2593]
24, 5, 2.05, [193, 279]
24, 6, 2.05, [300, 191]
24, 7, 2.05, [2532, 2595]
24, 8, 2.04, [1095, 297]
24, 9, 2.03, [558, 2513]
25, 0, 2.18, [277, 295]
25, 1, 2.15, [2770, 295]
25, 2, 2.12, [159, 295]
25, 3, 2.08, [98, 2596]
25, 4, 2.07, [266, 154]
25, 5, 2.06, [2765, 295]
25, 6, 2.04, [263, 301]
25, 7, 2.03, [874, 876]
25, 8, 2.03, [2527, 301]
25, 9, 2.02, [316, 2597]
26, 0, 2.18, [277, 295]
26, 1, 2.15, [2770, 295]
26, 2, 2.06, [81, 279]
26, 3, 2.05, [226, 285]
26, 4, 2.04, [277, 316]
26, 5, 2.03, [2764, 303]
26, 6, 2.02, [273, 2514]
26, 7, 2.02, [2711, 2513]
26, 8, 2.02, [159, 296]
26, 9, 2.02, [266, 876]
27, 0, 2.18, [277, 295]
27, 1, 2.15, [2770, 295]
27, 2, 2.08, [541, 295]
27, 3, 2.06, [269, 302]
27, 4, 2.05, [277, 159]
27, 5, 2.04, [2770, 2711]
27, 6, 2.03, [1811, 285]
27, 7, 2.02, [226, 2513]
27, 8, 2.02, [2593, 335]
27, 9, 2.02, [296, 250]
28, 0, 2.18, [277, 295]
28, 1, 2.15, [2770, 295]
28, 2, 2.11, [1087, 295]
28, 3, 2.09, [874, 295]
28, 4, 2.08, [269, 2514]
28, 5, 2.04, [159, 250]
28, 6, 2.04, [303, 302]
28, 7, 2.04, [269, 2513]
28, 8, 2.03, [874, 302]
28, 9, 2.02, [159, 273]
29, 0, 2.18, [277, 295]
29, 1, 2.15, [2770, 295]
29, 2, 2.12, [2525, 295]
29, 3, 2.09, [874, 2514]
29, 4, 2.07, [277, 283]
29, 5, 2.05, [2515, 615]
29, 6, 2.04, [269, 283]
29, 7, 2.04, [77, 280]
29, 8, 2.03, [260, 277]
29, 9, 2.02, [2596, 91]
30, 0, 2.18, [277, 295]
30, 1, 2.15, [2770, 295]
30, 2, 2.11, [222, 295]
30, 3, 2.05, [2762, 380]
30, 4, 2.05, [300, 295]
30, 5, 2.05, [2770, 2599]
30, 6, 2.04, [2770, 2530]
30, 7, 2.03, [534, 278]
30, 8, 2.03, [283, 2065]
30, 9, 2.01, [1095, 261]
31, 0, 2.18, [277, 295]
31, 1, 2.15, [2770, 295]
31, 2, 2.14, [77, 295]
31, 3, 2.09, [2596, 269]
31, 4, 2.06, [2527, 259]
31, 5, 2.04, [2762, 2514]
31, 6, 2.03, [91, 295]
31, 7, 2.03, [259, 537]
31, 8, 2.02, [277, 154]
31, 9, 2.02, [76, 2512]
32, 0, 2.18, [277, 295]
32, 1, 2.15, [2770, 295]
32, 2, 2.09, [277, 295]
32, 3, 2.08, [874, 295]
32, 4, 2.07, [77, 295]
32, 5, 2.06, [2762, 2513]
32, 6, 2.01, [2156, 260]
32, 7, 2.01, [616, 615]
32, 8, 2.0, [2532, 266]
32, 9, 2.0, [343, 3135]
33, 0, 2.18, [277, 295]
33, 1, 2.15, [2770, 295]
33, 2, 2.14, [222, 295]
33, 3, 2.13, [277, 295]
33, 4, 2.1, [1095, 295]
33, 5, 2.08, [277, 1086]
33, 6, 2.06, [2065, 274]
33, 7, 2.06, [2762, 277]
33, 8, 2.04, [1086, 103]
33, 9, 2.03, [277, 876]
34, 0, 2.18, [277, 295]
34, 1, 2.15, [2770, 295]
34, 2, 2.12, [2596, 295]
34, 3, 2.1, [273, 295]
34, 4, 2.05, [534, 222]
34, 5, 2.03, [81, 2596]
34, 6, 2.03, [193, 283]
34, 7, 2.03, [297, 191]
34, 8, 2.02, [1082, 4602]
34, 9, 2.02, [222, 316]
35, 0, 2.18, [277, 295]
35, 1, 2.15, [2770, 295]
35, 2, 2.12, [2512, 277]
35, 3, 2.05, [226, 278]
35, 4, 2.04, [300, 1080]
35, 5, 2.03, [244, 2599]
35, 6, 2.03, [1088, 295]
35, 7, 2.03, [269, 240]
35, 8, 2.03, [256, 159]
35, 9, 2.02, [159, 226]
36, 0, 2.18, [277, 295]
36, 1, 2.15, [2770, 295]
36, 2, 2.13, [874, 277]
36, 3, 2.09, [2770, 295]
36, 4, 2.07, [2532, 295]
36, 5, 2.07, [874, 295]
36, 6, 2.06, [2512, 2530]
36, 7, 2.03, [260, 302]
36, 8, 2.03, [2770, 250]
36, 9, 2.03, [534, 3716]
37, 0, 2.18, [277, 295]
37, 1, 2.15, [2770, 295]
37, 2, 2.08, [273, 295]
37, 3, 2.07, [226, 81]
37, 4, 2.07, [874, 295]
37, 5, 2.06, [300, 209]
37, 6, 2.06, [2527, 303]
37, 7, 2.04, [1088, 2596]
37, 8, 2.04, [193, 534]
37, 9, 2.03, [296, 191]
38, 0, 2.18, [277, 295]
38, 1, 2.15, [2770, 295]
38, 2, 2.1, [303, 295]
38, 3, 2.07, [269, 77]
38, 4, 2.04, [1088, 2595]
38, 5, 2.03, [278, 288]
38, 6, 2.03, [609, 209]
38, 7, 2.02, [191, 1087]
38, 8, 2.02, [279, 149]
38, 9, 2.02, [2597, 76]
39, 0, 2.18, [277, 295]
39, 1, 2.15, [2770, 295]
39, 2, 2.1, [558, 295]
39, 3, 2.06, [335, 103]
39, 4, 2.04, [77, 2599]
39, 5, 2.04, [316, 2599]
39, 6, 2.02, [2711, 3334]
39, 7, 2.02, [250, 2514]
39, 8, 2.01, [335, 303]
39, 9, 2.01, [303, 283]
40, 0, 2.18, [277, 295]
40, 1, 2.15, [2770, 295]
40, 2, 2.12, [874, 295]
40, 3, 2.07, [265, 77]
40, 4, 2.04, [277, 283]
40, 5, 2.03, [558, 537]
40, 6, 2.03, [335, 876]
40, 7, 2.02, [103, 76]
40, 8, 2.02, [380, 279]
40, 9, 2.02, [1088, 1086]
41, 0, 2.18, [277, 295]
41, 1, 2.15, [2770, 295]
41, 2, 2.12, [277, 2530]
41, 3, 2.06, [2770, 285]
41, 4, 2.06, [874, 98]
41, 5, 2.05, [874, 343]
41, 6, 2.05, [259, 103]
41, 7, 2.04, [2767, 2530]
41, 8, 2.03, [622, 259]
41, 9, 2.01, [2770, 534]
42, 0, 2.22, [77, 295]
42, 1, 2.18, [277, 295]
42, 2, 2.15, [2770, 295]
42, 3, 2.11, [2512, 295]
42, 4, 2.07, [303, 1080]
42, 5, 2.06, [541, 295]
42, 6, 2.05, [295, 2530]
42, 7, 2.03, [2770, 2514]
42, 8, 2.03, [2770, 4602]
42, 9, 2.02, [297, 2065]
43, 0, 2.22, [77, 295]
43, 1, 2.18, [277, 295]
43, 2, 2.06, [2156, 279]
43, 3, 2.04, [277, 380]
43, 4, 2.04, [2712, 103]
43, 5, 2.04, [275, 226]
43, 6, 2.03, [261, 103]
43, 7, 2.03, [77, 250]
43, 8, 2.02, [2593, 1088]
43, 9, 2.02, [1086, 1069]
44, 0, 2.22, [77, 295]
44, 1, 2.18, [277, 295]
44, 2, 2.1, [77, 2574]
44, 3, 2.08, [2525, 1811]
44, 4, 2.07, [277, 2530]
44, 5, 2.06, [77, 537]
44, 6, 2.03, [77, 537]
44, 7, 2.03, [2712, 283]
44, 8, 2.02, [275, 876]
44, 9, 2.02, [274, 1082]
45, 0, 2.22, [77, 295]
45, 1, 2.18, [277, 295]
45, 2, 2.11, [77, 295]
45, 3, 2.07, [609, 77]
45, 4, 2.06, [2595, 259]
45, 5, 2.04, [240, 256]
45, 6, 2.02, [265, 2574]
45, 7, 2.02, [240, 3135]
45, 8, 2.01, [102, 2513]
45, 9, 2.01, [291, 2767]
46, 0, 2.22, [77, 295]
46, 1, 2.18, [277, 295]
46, 2, 2.12, [2770, 295]
46, 3, 2.12, [295, 280]
46, 4, 2.1, [77, 295]
46, 5, 2.08, [2512, 260]
46, 6, 2.07, [622, 159]
46, 7, 2.06, [259, 274]
46, 8, 2.04, [1080, 1088]
46, 9, 2.03, [277, 266]
47, 0, 2.22, [77, 295]
47, 1, 2.18, [277, 295]
47, 2, 2.11, [277, 2514]
47, 3, 2.08, [295, 159]
47, 4, 2.06, [77, 256]
47, 5, 2.06, [103, 220]
47, 6, 2.05, [77, 280]
47, 7, 2.02, [280, 2156]
47, 8, 2.02, [2532, 558]
47, 9, 2.01, [622, 263]
48, 0, 2.22, [77, 295]
48, 1, 2.18, [277, 295]
48, 2, 2.13, [269, 295]
48, 3, 2.1, [274, 295]
48, 4, 2.08, [77, 2596]
48, 5, 2.07, [277, 283]
48, 6, 2.06, [2764, 2514]
48, 7, 2.05, [102, 2764]
48, 8, 2.03, [615, 193]
48, 9, 2.03, [77, 193]
49, 0, 2.22, [77, 295]
49, 1, 2.18, [277, 295]
49, 2, 2.12, [2770, 295]
49, 3, 2.08, [77, 2530]
49, 4, 2.07, [269, 149]
49, 5, 2.07, [277, 1080]
49, 6, 2.06, [277, 2512]
49, 7, 2.04, [264, 2514]
49, 8, 2.03, [77, 222]
49, 9, 2.02, [537, 2711]
50, 0, 2.22, [77, 295]
50, 1, 2.18, [277, 295]
50, 2, 2.09, [103, 295]
50, 3, 2.06, [273, 295]
50, 4, 2.05, [91, 302]
50, 5, 2.03, [278, 2950]
50, 6, 2.03, [2595, 244]
50, 7, 2.03, [2764, 159]
50, 8, 2.02, [2711, 2765]
50, 9, 2.02, [874, 149]
