generation number, individual number, fitness, candidate
0, 0, 11.0, [140, 1025]
0, 1, 10.86, [1350, 571]
0, 2, 8.0, [1059, 1401]
0, 3, 6.0, [1068, 1580]
0, 4, 5.0, [1620, 1403]
0, 5, 4.51, [1767, 1402]
0, 6, 4.48, [585, 788]
0, 7, 4.0, [1368, 749]
0, 8, 3.0, [3124, 1935]
0, 9, 3.0, [1619, 775]
1, 0, 13.14, [1350, 1068]
1, 1, 13.0, [585, 1091]
1, 2, 11.16, [1350, 320]
1, 3, 11.0, [140, 1025]
1, 4, 10.86, [1350, 571]
1, 5, 7.0, [576, 1580]
1, 6, 7.0, [1652, 1025]
1, 7, 7.0, [140, 1059]
1, 8, 7.0, [1247, 1442]
1, 9, 7.0, [140, 1247]
2, 0, 13.14, [1350, 1068]
2, 1, 13.0, [585, 1091]
2, 2, 12.92, [1350, 1442]
2, 3, 10.06, [1350, 1078]
2, 4, 9.98, [1350, 1078]
2, 5, 9.0, [140, 1058]
2, 6, 7.0, [1652, 1025]
2, 7, 6.0, [3662, 1068]
2, 8, 6.0, [3124, 1068]
2, 9, 5.0, [585, 1058]
3, 0, 13.14, [1350, 1068]
3, 1, 13.02, [1350, 1442]
3, 2, 13.0, [1403, 1091]
3, 3, 13.0, [585, 1091]
3, 4, 6.0, [1190, 1068]
3, 5, 6.0, [1347, 1442]
3, 6, 6.0, [3124, 1068]
3, 7, 6.0, [1025, 314]
3, 8, 6.0, [3124, 1068]
3, 9, 5.0, [1141, 1064]
4, 0, 13.14, [1350, 1068]
4, 1, 13.02, [1350, 1442]
4, 2, 11.53, [1350, 1328]
4, 3, 10.12, [1350, 1078]
4, 4, 7.0, [1417, 1058]
4, 5, 6.0, [3124, 1068]
4, 6, 6.0, [2094, 1068]
4, 7, 3.0, [1157, 831]
4, 8, 2.0, [1064, 1225]
4, 9, 2.0, [1437, 314]
5, 0, 13.14, [1350, 1068]
5, 1, 13.02, [1350, 1442]
5, 2, 11.56, [1350, 1402]
5, 3, 11.0, [1350, 1058]
5, 4, 7.0, [975, 1125]
5, 5, 7.0, [140, 1131]
5, 6, 6.0, [1040, 1068]
5, 7, 5.0, [1378, 751]
5, 8, 4.0, [1149, 1058]
5, 9, 3.0, [1403, 3124]
6, 0, 13.14, [1350, 1068]
6, 1, 13.02, [1350, 1442]
6, 2, 10.76, [1230, 1425]
6, 3, 10.54, [1350, 788]
6, 4, 9.0, [1230, 576]
6, 5, 7.0, [1157, 1025]
6, 6, 6.0, [1020, 1442]
6, 7, 5.56, [2377, 1230]
6, 8, 5.39, [1417, 788]
6, 9, 4.0, [1424, 785]
7, 0, 13.14, [1350, 1068]
7, 1, 13.02, [1350, 1442]
7, 2, 10.0, [1403, 1425]
7, 3, 9.0, [320, 140]
7, 4, 9.0, [1212, 1401]
7, 5, 8.0, [1620, 1332]
7, 6, 6.0, [1430, 1149]
7, 7, 6.0, [1417, 1078]
7, 8, 5.0, [1131, 326]
7, 9, 4.0, [1230, 1149]
8, 0, 13.14, [1350, 1068]
8, 1, 13.02, [1350, 1442]
8, 2, 10.0, [1611, 1425]
8, 3, 10.0, [521, 576]
8, 4, 8.5, [788, 140]
8, 5, 7.53, [1403, 1223]
8, 6, 7.0, [1611, 1442]
8, 7, 7.0, [1225, 2320]
8, 8, 7.0, [320, 421]
8, 9, 6.0, [1226, 1442]
9, 0, 13.14, [1350, 1068]
9, 1, 13.02, [1350, 1442]
9, 2, 11.12, [1350, 1058]
9, 3, 8.94, [1350, 1201]
9, 4, 7.0, [1611, 1068]
9, 5, 6.0, [1090, 1068]
9, 6, 5.0, [1226, 1141]
9, 7, 3.53, [1906, 788]
9, 8, 3.0, [1619, 1157]
9, 9, 2.0, [1168, 1437]
10, 0, 63.33, [1509, 1442]
10, 1, 13.14, [1350, 1068]
10, 2, 13.02, [1350, 1442]
10, 3, 11.0, [695, 1068]
10, 4, 9.0, [421, 1442]
10, 5, 8.88, [1350, 831]
10, 6, 7.0, [975, 1068]
10, 7, 7.0, [1652, 1442]
10, 8, 4.44, [1328, 2110]
10, 9, 4.0, [785, 1212]
