n_nodes,influence,n0,n1,n2,n3,n4,n5,n6,n7,n8,n9
10,2083.2800,18,645,634,763,143,737,22588,28845,5942,20235
10,2083.2800,18,645,634,763,143,737,22588,28845,5942,20235
10,2080.3200,18,645,634,763,143,737,22588,28845,5942,20235
10,2080.3200,18,645,634,763,143,737,22588,28845,5942,20235
10,2080.3200,18,645,634,763,143,737,22588,28845,5942,20235
10,2080.3200,18,645,634,763,143,737,22588,28845,5942,20235
10,2080.3200,18,645,634,763,143,737,22588,28845,5942,20235
10,2080.3200,18,645,634,763,143,737,22588,28845,5942,20235
10,2080.3200,18,645,634,763,143,737,22588,28845,5942,20235
10,2080.3200,18,645,634,763,143,737,22588,28845,5942,20235
10,2080.3200,18,645,634,763,143,737,22588,28845,5942,20235
10,2080.3200,18,645,634,763,143,737,22588,28845,5942,20235
10,2080.3200,18,645,634,763,143,737,22588,28845,5942,20235
10,2080.3200,18,645,634,763,143,737,22588,28845,5942,20235
10,2080.3200,18,645,634,763,143,737,22588,28845,5942,20235
10,2080.3200,18,645,634,763,143,737,22588,28845,5942,20235
