n_nodes,influence,n0,n1,n2,n3,n4
5,218.4300,290,2276,34831,66570,4149
5,218.4300,290,2276,34831,66570,4149
5,217.0900,2276,11302,290,4149,66570
5,217.0900,2276,11302,290,4149,66570
5,217.0900,2276,11302,290,4149,66570
5,217.0900,2276,11302,290,4149,66570
5,217.0900,2276,11302,290,4149,66570
5,217.0900,2276,11302,290,4149,66570
5,217.0900,2276,11302,290,4149,66570
5,217.0900,2276,11302,290,4149,66570
5,217.0900,2276,11302,290,4149,66570
5,217.0900,2276,11302,290,4149,66570
5,217.0900,2276,11302,290,4149,66570
5,217.0900,2276,11302,290,4149,66570
5,215.8600,2276,11302,290,4149,66570
5,212.9600,2276,11302,290,66570,4149
