num_genrations,diversity,improvement,best_fitness
0,1.0,0,317.0699999999992
1,0.8183333333333334,-0.7472797804901121,80.12999999999994
2,0.715,0.10220891052040475,88.31999999999996
3,0.4900000000000001,0.2695878623188428,112.13000000000015
4,0.30499999999999994,-0.030411129938465984,108.71999999999996
5,0.17166666666666663,0.0033112582781456915,109.07999999999996
6,0.10666666666666647,0.0,109.07999999999996
7,0.0,0.0,109.07999999999996
8,0.0,0.0,109.07999999999996
9,0.0,0.0,109.07999999999996
10,0.0,0.0,109.07999999999996
11,0.02499999999999991,0.0023835716905024314,109.33999999999996
12,0.08999999999999997,0.0,109.33999999999996
13,0.1333333333333333,0.4063471739528081,153.76999999999998
14,0.2300000000000001,0.0,153.76999999999998
15,0.09833333333333316,0.0,153.76999999999998
16,0.02499999999999991,0.1182935553098784,171.95999999999998
17,0.050000000000000044,0.44894161432891366,249.15999999999997
18,0.050000000000000044,0.0,249.15999999999997
19,0.07166666666666655,0.0,249.15999999999997
20,0.17333333333333312,0.0,249.15999999999997
21,0.0,0.0,249.15999999999997
22,0.02499999999999991,0.03266977042864018,257.29999999999995
23,0.07999999999999996,0.0,257.29999999999995
24,0.1316666666666666,0.0,257.29999999999995
25,0.02499999999999991,0.07155071900505258,275.71
26,0.11666666666666659,0.0,275.71
27,0.1433333333333331,0.0,275.71
28,0.02499999999999991,0.13234920750063478,312.2
29,0.06499999999999995,0.0,312.2
30,0.10499999999999976,0.0,312.2
