generation number, individual number, fitness, candidate
0, 0, 11.0, [934, 656]
0, 1, 10.0, [1138, 495]
0, 2, 9.0, [487, 656]
0, 3, 9.0, [990, 1543]
0, 4, 6.0, [831, 873]
0, 5, 5.0, [662, 635]
0, 6, 4.18, [1540, 1555]
0, 7, 3.0, [1157, 1569]
0, 8, 2.0, [545, 1045]
0, 9, 2.0, [429, 1229]
1, 0, 28.47, [2846, 785]
1, 1, 16.0, [439, 716]
1, 2, 12.0, [439, 656]
1, 3, 12.0, [439, 656]
1, 4, 11.0, [934, 656]
1, 5, 10.0, [1138, 495]
1, 6, 9.75, [964, 339]
1, 7, 9.0, [439, 1229]
1, 8, 8.0, [934, 635]
1, 9, 6.0, [819, 216]
2, 0, 36.56, [520, 716]
2, 1, 36.5, [520, 716]
2, 2, 28.47, [2846, 785]
2, 3, 27.49, [2846, 816]
2, 4, 27.46, [2846, 816]
2, 5, 16.0, [439, 716]
2, 6, 13.0, [439, 487]
2, 7, 13.0, [934, 785]
2, 8, 9.0, [439, 735]
2, 9, 7.0, [731, 785]
3, 0, 37.35, [520, 785]
3, 1, 36.56, [520, 716]
3, 2, 36.53, [520, 716]
3, 3, 36.5, [520, 716]
3, 4, 34.47, [520, 735]
3, 5, 34.44, [520, 495]
3, 6, 10.0, [690, 716]
3, 7, 10.0, [1157, 716]
3, 8, 6.0, [1603, 2032]
3, 9, 5.0, [786, 1028]
4, 0, 37.35, [520, 785]
4, 1, 36.56, [520, 716]
4, 2, 10.09, [1347, 785]
4, 3, 9.0, [1569, 716]
4, 4, 7.0, [798, 785]
4, 5, 7.0, [1567, 587]
4, 6, 7.0, [902, 487]
4, 7, 6.0, [735, 785]
4, 8, 4.0, [711, 247]
4, 9, 4.0, [2340, 1157]
5, 0, 37.35, [520, 785]
5, 1, 36.56, [520, 716]
5, 2, 34.62, [520, 922]
5, 3, 34.56, [520, 735]
5, 4, 10.09, [1347, 785]
5, 5, 10.0, [1567, 785]
5, 6, 9.0, [675, 716]
5, 7, 6.32, [1289, 1414]
5, 8, 6.0, [990, 1394]
5, 9, 4.44, [3, 1967]
6, 0, 37.35, [520, 785]
6, 1, 36.56, [520, 716]
6, 2, 34.35, [520, 922]
6, 3, 10.0, [816, 785]
6, 4, 9.0, [587, 785]
6, 5, 9.0, [2490, 439]
6, 6, 7.0, [741, 690]
6, 7, 7.0, [1419, 785]
6, 8, 7.0, [816, 1574]
6, 9, 6.16, [1347, 78]
7, 0, 37.35, [520, 785]
7, 1, 37.05, [520, 841]
7, 2, 36.56, [520, 716]
7, 3, 35.32, [520, 741]
7, 4, 34.71, [520, 609]
7, 5, 16.0, [1138, 716]
7, 6, 12.0, [662, 716]
7, 7, 9.0, [1509, 716]
7, 8, 9.0, [934, 780]
7, 9, 5.0, [1574, 1157]
8, 0, 37.35, [520, 785]
8, 1, 37.05, [520, 841]
8, 2, 34.53, [520, 15]
8, 3, 7.0, [78, 487]
8, 4, 7.0, [2032, 78]
8, 5, 5.0, [819, 2667]
8, 6, 5.0, [1048, 816]
8, 7, 5.0, [1827, 697]
8, 8, 3.44, [15, 841]
8, 9, 3.0, [495, 545]
9, 0, 38.59, [520, 487]
9, 1, 37.35, [520, 785]
9, 2, 37.05, [520, 841]
9, 3, 35.23, [520, 483]
9, 4, 11.0, [741, 785]
9, 5, 7.0, [850, 2032]
9, 6, 5.0, [1045, 656]
9, 7, 4.52, [690, 841]
9, 8, 4.0, [247, 1003]
9, 9, 3.47, [429, 841]
10, 0, 38.59, [520, 487]
10, 1, 37.35, [520, 785]
10, 2, 35.11, [520, 1580]
10, 3, 8.0, [662, 1543]
10, 4, 6.48, [816, 841]
10, 5, 6.0, [990, 483]
10, 6, 4.0, [1574, 798]
10, 7, 4.0, [1419, 1574]
10, 8, 4.0, [1045, 974]
10, 9, 3.53, [841, 483]
11, 0, 38.59, [520, 487]
11, 1, 37.35, [520, 785]
11, 2, 36.44, [520, 780]
11, 3, 35.53, [520, 974]
11, 4, 35.38, [520, 1580]
11, 5, 13.0, [1138, 487]
11, 6, 10.0, [934, 1574]
11, 7, 4.0, [247, 1580]
11, 8, 3.0, [2341, 1219]
11, 9, 3.0, [691, 850]
12, 0, 38.59, [520, 487]
12, 1, 38.47, [520, 694]
12, 2, 38.41, [520, 487]
12, 3, 38.29, [520, 694]
12, 4, 37.35, [520, 785]
12, 5, 6.0, [320, 970]
12, 6, 6.0, [1381, 3639]
12, 7, 6.0, [1028, 1381]
12, 8, 5.0, [3639, 816]
12, 9, 4.0, [1029, 850]
13, 0, 38.59, [520, 487]
13, 1, 38.48, [520, 336]
13, 2, 38.47, [520, 694]
13, 3, 34.9, [520, 320]
13, 4, 11.0, [785, 2070]
13, 5, 6.41, [1141, 1514]
13, 6, 6.18, [1555, 694]
13, 7, 6.0, [785, 483]
13, 8, 6.0, [873, 483]
13, 9, 6.0, [1540, 786]
14, 0, 38.59, [520, 487]
14, 1, 38.48, [520, 336]
14, 2, 35.38, [520, 691]
14, 3, 10.0, [934, 974]
14, 4, 9.2, [964, 2436]
14, 5, 7.49, [450, 336]
14, 6, 7.25, [1555, 487]
14, 7, 6.52, [2490, 336]
14, 8, 5.0, [2490, 656]
14, 9, 4.0, [1827, 15]
15, 0, 38.59, [520, 487]
15, 1, 38.48, [520, 336]
15, 2, 35.17, [520, 483]
15, 3, 8.0, [934, 691]
15, 4, 6.0, [2032, 1048]
15, 5, 5.23, [1555, 809]
15, 6, 5.0, [741, 1967]
15, 7, 5.0, [694, 711]
15, 8, 5.0, [247, 78]
15, 9, 5.0, [831, 694]
16, 0, 38.59, [520, 487]
16, 1, 38.48, [520, 336]
16, 2, 35.68, [520, 2341]
16, 3, 8.11, [1543, 1347]
16, 4, 6.18, [819, 1289]
16, 5, 6.0, [691, 834]
16, 6, 6.0, [2436, 487]
16, 7, 6.0, [694, 78]
16, 8, 3.18, [1289, 1569]
16, 9, 3.0, [1540, 483]
17, 0, 38.59, [520, 487]
17, 1, 38.48, [520, 336]
17, 2, 37.53, [520, 809]
17, 3, 9.0, [656, 741]
17, 4, 8.0, [1574, 487]
17, 5, 8.0, [694, 662]
17, 6, 8.0, [1045, 476]
17, 7, 7.0, [905, 816]
17, 8, 7.0, [1967, 990]
17, 9, 3.0, [2436, 710]
18, 0, 38.59, [520, 487]
18, 1, 38.48, [520, 336]
18, 2, 13.0, [1138, 487]
18, 3, 8.0, [675, 934]
18, 4, 6.0, [2436, 487]
18, 5, 6.0, [831, 741]
18, 6, 5.0, [816, 694]
18, 7, 4.47, [690, 841]
18, 8, 4.0, [1827, 15]
18, 9, 2.0, [635, 1378]
19, 0, 38.59, [520, 487]
19, 1, 38.48, [520, 336]
19, 2, 13.0, [439, 2070]
19, 3, 10.52, [2070, 336]
19, 4, 6.58, [731, 336]
19, 5, 6.55, [429, 336]
19, 6, 6.0, [1569, 741]
19, 7, 6.0, [609, 487]
19, 8, 6.0, [2490, 487]
19, 9, 4.0, [666, 809]
20, 0, 38.69, [520, 1347]
20, 1, 38.59, [520, 487]
20, 2, 38.48, [520, 336]
20, 3, 13.4, [964, 2070]
20, 4, 12.0, [934, 741]
20, 5, 9.0, [439, 483]
20, 6, 9.0, [662, 2070]
20, 7, 9.0, [439, 483]
20, 8, 6.0, [2032, 798]
20, 9, 6.0, [1509, 2032]
21, 0, 38.69, [520, 1347]
21, 1, 38.59, [520, 487]
21, 2, 38.03, [520, 1430]
21, 3, 38.01, [520, 1347]
21, 4, 37.47, [520, 809]
21, 5, 35.59, [520, 2846]
21, 6, 34.47, [520, 922]
21, 7, 10.0, [439, 922]
21, 8, 9.15, [964, 483]
21, 9, 3.27, [1289, 666]
22, 0, 38.69, [520, 1347]
22, 1, 38.59, [520, 487]
22, 2, 38.35, [520, 476]
22, 3, 29.04, [1509, 5117]
22, 4, 13.0, [439, 2070]
22, 5, 8.0, [662, 1567]
22, 6, 4.0, [587, 2490]
22, 7, 3.0, [1540, 1419]
22, 8, 3.0, [2490, 922]
22, 9, 2.0, [2436, 1225]
23, 0, 38.69, [520, 1347]
23, 1, 38.59, [520, 487]
23, 2, 38.47, [520, 786]
23, 3, 37.32, [520, 809]
23, 4, 36.8, [520, 1555]
23, 5, 13.0, [716, 2070]
23, 6, 9.0, [439, 483]
23, 7, 7.39, [974, 1347]
23, 8, 6.0, [974, 905]
23, 9, 5.55, [841, 1574]
24, 0, 38.69, [520, 1347]
24, 1, 38.59, [520, 487]
24, 2, 37.75, [520, 964]
24, 3, 34.62, [520, 735]
24, 4, 13.85, [487, 964]
24, 5, 6.08, [1157, 1347]
24, 6, 6.0, [1543, 690]
24, 7, 6.0, [834, 429]
24, 8, 5.0, [656, 1225]
24, 9, 5.0, [487, 809]
25, 0, 38.69, [520, 1347]
25, 1, 38.59, [520, 487]
25, 2, 38.51, [520, 336]
25, 3, 10.0, [741, 970]
25, 4, 9.0, [662, 487]
25, 5, 7.0, [1514, 697]
25, 6, 6.56, [1569, 336]
25, 7, 6.0, [970, 675]
25, 8, 5.0, [819, 1048]
25, 9, 5.0, [1543, 3639]
26, 0, 38.69, [520, 1347]
26, 1, 38.59, [520, 487]
26, 2, 10.0, [741, 970]
26, 3, 10.0, [741, 970]
26, 4, 9.0, [1048, 1138]
26, 5, 9.0, [1543, 487]
26, 6, 8.54, [587, 336]
26, 7, 8.17, [1543, 1347]
26, 8, 8.0, [1028, 934]
26, 9, 7.49, [1567, 1430]
27, 0, 38.69, [520, 1347]
27, 1, 38.59, [520, 487]
27, 2, 35.32, [520, 483]
27, 3, 12.21, [1138, 1347]
27, 4, 9.0, [1543, 487]
27, 5, 8.24, [1381, 1025]
27, 6, 6.4, [3147, 1347]
27, 7, 6.0, [711, 970]
27, 8, 4.54, [1430, 1353]
27, 9, 4.0, [751, 1394]
28, 0, 38.69, [520, 1347]
28, 1, 38.59, [520, 487]
28, 2, 12.0, [816, 1138]
28, 3, 8.27, [1381, 1025]
28, 4, 8.0, [1827, 487]
28, 5, 7.0, [934, 1580]
28, 6, 6.0, [834, 1569]
28, 7, 5.22, [1048, 1347]
28, 8, 5.08, [1225, 1347]
28, 9, 4.0, [690, 780]
29, 0, 38.69, [520, 1347]
29, 1, 38.59, [520, 487]
29, 2, 35.17, [520, 1003]
29, 3, 13.3, [990, 964]
29, 4, 13.0, [741, 1138]
29, 5, 10.0, [495, 1138]
29, 6, 8.38, [694, 1347]
29, 7, 6.52, [816, 841]
29, 8, 6.35, [816, 1555]
29, 9, 6.0, [1967, 1567]
30, 0, 38.69, [520, 1347]
30, 1, 38.59, [520, 487]
30, 2, 37.41, [520, 1574]
30, 3, 9.2, [339, 964]
30, 4, 8.0, [2490, 476]
30, 5, 7.37, [1827, 1347]
30, 6, 4.11, [798, 1025]
30, 7, 4.0, [850, 3147]
30, 8, 3.0, [1029, 1229]
30, 9, 3.0, [609, 850]
31, 0, 38.69, [520, 1347]
31, 1, 38.59, [520, 487]
31, 2, 13.0, [439, 873]
31, 3, 9.2, [2490, 964]
31, 4, 5.0, [1353, 816]
31, 5, 5.0, [1045, 786]
31, 6, 4.0, [339, 809]
31, 7, 4.0, [690, 1157]
31, 8, 4.0, [216, 1219]
31, 9, 3.19, [1555, 675]
32, 0, 38.69, [520, 1347]
32, 1, 38.59, [520, 487]
32, 2, 36.45, [520, 1555]
32, 3, 29.18, [5117, 1003]
32, 4, 10.75, [690, 964]
32, 5, 9.25, [2436, 964]
32, 6, 6.08, [495, 1347]
32, 7, 5.0, [320, 694]
32, 8, 3.26, [1289, 666]
32, 9, 3.0, [1574, 1603]
33, 0, 39.62, [520, 873]
33, 1, 38.69, [520, 1347]
33, 2, 38.59, [520, 487]
33, 3, 36.95, [520, 841]
33, 4, 34.56, [520, 922]
33, 5, 6.0, [1967, 2340]
33, 6, 5.53, [1967, 1430]
33, 7, 5.0, [922, 809]
33, 8, 3.52, [1045, 841]
33, 9, 3.0, [850, 483]
34, 0, 39.62, [520, 873]
34, 1, 39.29, [520, 1514]
34, 2, 38.69, [520, 1347]
34, 3, 13.6, [964, 487]
34, 4, 13.0, [2032, 1138]
34, 5, 11.84, [1025, 964]
34, 6, 10.0, [741, 873]
34, 7, 7.0, [1540, 873]
34, 8, 5.5, [1540, 1430]
34, 9, 4.18, [690, 1289]
35, 0, 39.62, [520, 873]
35, 1, 39.29, [520, 1514]
35, 2, 38.42, [520, 336]
35, 3, 36.63, [520, 1555]
35, 4, 12.0, [2340, 1138]
35, 5, 7.42, [1025, 2340]
35, 6, 6.31, [690, 1347]
35, 7, 6.3, [495, 1347]
35, 8, 6.0, [1029, 2340]
35, 9, 6.0, [483, 873]
36, 0, 39.62, [520, 873]
36, 1, 39.29, [520, 1514]
36, 2, 35.47, [520, 339]
36, 3, 30.02, [5117, 1567]
36, 4, 9.05, [964, 339]
36, 5, 8.55, [587, 336]
36, 6, 8.45, [247, 336]
36, 7, 8.0, [974, 873]
36, 8, 6.0, [697, 2340]
36, 9, 5.15, [1419, 1347]
37, 0, 62.67, [520, 5117]
37, 1, 39.62, [520, 873]
37, 2, 39.5, [520, 1514]
37, 3, 39.29, [520, 1514]
37, 4, 10.0, [741, 873]
37, 5, 8.47, [336, 1574]
37, 6, 8.0, [247, 1514]
37, 7, 5.0, [819, 666]
37, 8, 5.0, [656, 635]
37, 9, 4.18, [1289, 1430]
38, 0, 62.67, [520, 5117]
38, 1, 39.62, [520, 873]
38, 2, 36.7, [520, 3]
38, 3, 35.41, [520, 1003]
38, 4, 29.51, [320, 5117]
38, 5, 7.0, [1381, 1967]
38, 6, 7.0, [751, 786]
38, 7, 6.0, [2436, 873]
38, 8, 5.0, [816, 339]
38, 9, 5.0, [1574, 922]
39, 0, 62.67, [520, 5117]
39, 1, 39.62, [520, 873]
39, 2, 36.62, [520, 587]
39, 3, 35.59, [520, 675]
39, 4, 35.53, [520, 3639]
39, 5, 29.94, [5117, 1419]
39, 6, 10.0, [934, 1574]
39, 7, 7.0, [902, 487]
39, 8, 6.0, [609, 970]
39, 9, 5.0, [690, 587]
40, 0, 62.67, [520, 5117]
40, 1, 39.62, [520, 873]
40, 2, 38.5, [520, 1567]
40, 3, 32.66, [662, 5117]
40, 4, 8.0, [694, 1514]
40, 5, 7.0, [1540, 873]
40, 6, 6.0, [635, 970]
40, 7, 5.0, [15, 2340]
40, 8, 4.0, [710, 1029]
40, 9, 3.55, [3, 2667]
41, 0, 62.67, [520, 5117]
41, 1, 39.62, [520, 873]
41, 2, 35.44, [483, 520]
41, 3, 31.88, [974, 5117]
41, 4, 30.1, [2490, 5117]
41, 5, 7.18, [1555, 1514]
41, 6, 6.0, [831, 1514]
41, 7, 6.0, [694, 3147]
41, 8, 5.0, [2490, 786]
41, 9, 5.0, [2340, 1378]
42, 0, 62.67, [520, 5117]
42, 1, 39.62, [520, 873]
42, 2, 35.44, [520, 1045]
42, 3, 35.38, [520, 831]
42, 4, 28.97, [780, 5117]
42, 5, 11.0, [873, 785]
42, 6, 6.0, [1414, 495]
42, 7, 5.34, [1025, 216]
42, 8, 5.0, [816, 691]
42, 9, 5.0, [2490, 786]
43, 0, 62.67, [520, 5117]
43, 1, 39.83, [520, 1514]
43, 2, 39.62, [520, 873]
43, 3, 33.76, [741, 5117]
43, 4, 13.0, [834, 439]
43, 5, 9.0, [1540, 476]
43, 6, 6.0, [735, 970]
43, 7, 5.0, [662, 1045]
43, 8, 3.52, [841, 731]
43, 9, 3.0, [1580, 1827]
44, 0, 62.67, [520, 5117]
44, 1, 39.83, [520, 1514]
44, 2, 30.22, [731, 5117]
44, 3, 9.0, [2436, 439]
44, 4, 8.0, [1827, 2032]
44, 5, 6.0, [1540, 2340]
44, 6, 6.0, [922, 2340]
44, 7, 6.0, [2436, 1514]
44, 8, 4.38, [1025, 1430]
44, 9, 4.0, [697, 1157]
45, 0, 62.67, [520, 5117]
45, 1, 39.83, [520, 1514]
45, 2, 33.14, [2340, 5117]
45, 3, 11.0, [247, 439]
45, 4, 6.51, [1141, 2070]
45, 5, 6.0, [798, 2032]
45, 6, 6.0, [731, 2032]
45, 7, 4.47, [809, 1141]
45, 8, 4.0, [1967, 78]
45, 9, 2.0, [1394, 1028]
46, 0, 62.67, [520, 5117]
46, 1, 39.83, [520, 1514]
46, 2, 38.03, [520, 1430]
46, 3, 37.32, [520, 905]
46, 4, 32.11, [247, 5117]
46, 5, 10.51, [716, 841]
46, 6, 6.42, [1141, 2032]
46, 7, 3.0, [1048, 78]
46, 8, 2.0, [320, 666]
46, 9, 2.0, [798, 731]
47, 0, 62.67, [520, 5117]
47, 1, 39.83, [520, 1514]
47, 2, 38.38, [520, 1567]
47, 3, 36.27, [964, 5117]
47, 4, 35.59, [520, 2667]
47, 5, 8.0, [809, 990]
47, 6, 7.0, [1514, 690]
47, 7, 6.43, [831, 336]
47, 8, 6.0, [1603, 970]
47, 9, 6.0, [1381, 666]
48, 0, 62.67, [520, 5117]
48, 1, 39.83, [520, 1514]
48, 2, 36.7, [1138, 5117]
48, 3, 30.19, [609, 5117]
48, 4, 11.48, [964, 336]
48, 5, 10.0, [990, 1514]
48, 6, 6.0, [873, 2340]
48, 7, 6.0, [711, 1381]
48, 8, 5.0, [1157, 1514]
48, 9, 3.0, [339, 3]
49, 0, 62.67, [520, 5117]
49, 1, 39.83, [520, 1514]
49, 2, 37.14, [520, 785]
49, 3, 36.93, [520, 3]
49, 4, 35.68, [520, 1569]
49, 5, 12.0, [1138, 2340]
49, 6, 5.31, [1555, 1574]
49, 7, 5.0, [1540, 974]
49, 8, 3.0, [735, 902]
49, 9, 3.0, [1028, 710]
50, 0, 62.67, [520, 5117]
50, 1, 39.83, [520, 1514]
50, 2, 38.23, [520, 786]
50, 3, 36.84, [439, 5117]
50, 4, 35.44, [520, 2341]
50, 5, 35.32, [520, 2667]
50, 6, 14.85, [964, 785]
50, 7, 6.0, [873, 1569]
50, 8, 5.0, [2340, 735]
50, 9, 4.46, [1540, 3]
