n_nodes,influence,n0,n1,n2,n3,n4,n5,n6,n7,n8
9,57.5296,19370,6605,47054,24655,6482,15726,6545,64660,7067
9,57.5296,19370,6605,47054,24655,6482,15726,6545,64660,7067
9,57.5296,19370,6605,47054,24655,6482,15726,6545,64660,7067
9,57.5296,19370,6605,47054,24655,6482,15726,6545,64660,7067
9,57.5296,19370,6605,47054,24655,6482,15726,6545,64660,7067
9,57.5296,19370,6605,47054,24655,6482,15726,6545,64660,7067
9,57.5296,19370,6605,47054,24655,6482,15726,6545,64660,7067
9,57.5296,19370,6605,47054,24655,6482,15726,6545,64660,7067
9,57.5296,19370,6605,47054,24655,6482,15726,6545,64660,7067
9,57.5296,19370,6605,47054,24655,6482,15726,6545,64660,7067
9,57.5296,19370,6605,47054,24655,6482,15726,6545,64660,7067
9,57.5296,19370,6605,47054,24655,6482,15726,6545,64660,7067
9,57.5296,19370,6605,47054,24655,6482,15726,6545,64660,7067
9,57.5296,19370,6605,47054,24655,6482,15726,6545,64660,7067
9,57.5296,19370,6605,47054,24655,6482,15726,6545,64660,7067
9,57.5296,19370,6605,47054,24655,6482,15726,6545,64660,7067
