generation number, individual number, fitness, candidate
0, 0, 11.0, [5684, 1935, 1401]
0, 1, 10.16, [1230, 970, 2320]
0, 2, 10.0, [1068, 326, 2110]
0, 3, 10.0, [1401, 585, 1652]
0, 4, 9.48, [695, 788, 1906]
0, 5, 7.0, [1767, 1611, 1827]
0, 6, 7.0, [1059, 1417, 1247]
0, 7, 6.0, [521, 1424, 1190]
0, 8, 5.51, [1107, 2110, 1328]
0, 9, 4.46, [1715, 1230, 1157]
1, 0, 18.0, [1091, 970, 2320]
1, 1, 17.0, [1351, 749, 1401]
1, 2, 13.0, [5684, 1091, 2110]
1, 3, 12.0, [1401, 1827, 2110]
1, 4, 11.0, [1068, 1935, 521]
1, 5, 11.0, [831, 1935, 1401]
1, 6, 11.0, [5684, 1935, 1401]
1, 7, 10.16, [1230, 970, 2320]
1, 8, 8.04, [1230, 1935, 320]
1, 9, 7.0, [1058, 585, 1652]
2, 0, 62.23, [1509, 970, 2110]
2, 1, 22.0, [1091, 1620, 1401]
2, 2, 18.0, [1091, 970, 2320]
2, 3, 17.0, [1351, 749, 1401]
2, 4, 16.0, [1091, 1020, 521]
2, 5, 15.0, [1401, 521, 2320]
2, 6, 13.0, [1078, 749, 1401]
2, 7, 11.0, [1351, 749, 1403]
2, 8, 10.0, [1442, 1827, 2110]
2, 9, 9.0, [1287, 970, 2320]
3, 0, 66.24, [1509, 1378, 421]
3, 1, 64.15, [1509, 1906, 326]
3, 2, 62.23, [1509, 970, 2110]
3, 3, 43.48, [6917, 1059, 1225]
3, 4, 22.0, [1091, 1620, 1401]
3, 5, 19.0, [1091, 1475, 2320]
3, 6, 19.0, [1091, 1475, 2320]
3, 7, 16.0, [1091, 645, 905]
3, 8, 16.0, [1091, 970, 521]
3, 9, 15.0, [1091, 1620, 1619]
4, 0, 66.5, [1509, 1378, 1827]
4, 1, 66.24, [1509, 1378, 421]
4, 2, 65.06, [1509, 2332, 326]
4, 3, 64.36, [1509, 1475, 1401]
4, 4, 64.15, [1509, 1906, 326]
4, 5, 63.3, [1509, 1620, 320]
4, 6, 18.0, [1091, 1620, 1827]
4, 7, 13.0, [1091, 1378, 1437]
4, 8, 11.0, [1351, 1906, 421]
4, 9, 10.25, [1990, 1906, 421]
5, 0, 70.23, [1509, 576, 421]
5, 1, 69.53, [1509, 1068, 326]
5, 2, 66.5, [1509, 1378, 1827]
5, 3, 66.37, [1509, 2332, 905]
5, 4, 66.24, [1509, 1378, 421]
5, 5, 66.22, [1509, 3124, 421]
5, 6, 65.35, [1509, 1332, 1378]
5, 7, 63.6, [1509, 1378, 1157]
5, 8, 62.58, [1509, 2332, 1090]
5, 9, 61.49, [1509, 1090, 1767]
6, 0, 71.09, [1509, 576, 905]
6, 1, 70.23, [1509, 576, 421]
6, 2, 69.53, [1509, 1068, 326]
6, 3, 66.39, [1509, 1068, 1090]
6, 4, 66.21, [1509, 1378, 1827]
6, 5, 65.89, [1509, 1068, 2110]
6, 6, 65.46, [1509, 326, 1827]
6, 7, 16.0, [1401, 1068, 1827]
6, 8, 13.04, [1350, 1378, 421]
6, 9, 7.0, [775, 1378, 326]
7, 0, 71.09, [1509, 576, 905]
7, 1, 70.23, [1509, 576, 421]
7, 2, 70.17, [1509, 421, 576]
7, 3, 66.31, [1509, 831, 421]
7, 4, 61.86, [1509, 314, 1090]
7, 5, 61.28, [1509, 1059, 1212]
7, 6, 17.0, [1401, 1068, 905]
7, 7, 15.0, [1425, 576, 1090]
7, 8, 11.0, [1149, 521, 576]
7, 9, 9.0, [1518, 576, 1475]
8, 0, 71.09, [1509, 576, 905]
8, 1, 70.23, [1509, 576, 421]
8, 2, 66.71, [1509, 697, 905]
8, 3, 17.0, [1224, 1328, 905]
8, 4, 16.46, [1350, 1990, 421]
8, 5, 15.0, [1442, 576, 905]
8, 6, 13.0, [1378, 576, 2320]
8, 7, 11.0, [2377, 751, 905]
8, 8, 10.0, [2377, 5684, 576]
8, 9, 9.0, [521, 314, 421]
9, 0, 71.09, [1509, 576, 905]
9, 1, 70.23, [1509, 576, 421]
9, 2, 68.45, [1509, 576, 585]
9, 3, 66.93, [1509, 314, 421]
9, 4, 12.53, [788, 775, 1425]
9, 5, 12.0, [326, 576, 421]
9, 6, 12.0, [585, 576, 905]
9, 7, 11.0, [2989, 576, 905]
9, 8, 10.76, [1230, 576, 717]
9, 9, 8.0, [1767, 576, 1580]
10, 0, 71.09, [1509, 576, 905]
10, 1, 70.23, [1509, 576, 421]
10, 2, 69.15, [1509, 576, 695]
10, 3, 63.08, [1509, 645, 787]
10, 4, 62.18, [1509, 314, 1059]
10, 5, 19.0, [1425, 1332, 2171]
10, 6, 12.53, [697, 576, 1332]
10, 7, 10.48, [1223, 314, 421]
10, 8, 9.0, [1131, 576, 775]
10, 9, 9.0, [1020, 576, 1078]
