generation number, individual number, fitness, candidate
0, 0, 3.1, [1401, 1351, 1350]
0, 1, 3.08, [1425, 1279, 1247]
0, 2, 3.07, [1425, 1497, 521]
0, 3, 3.04, [1767, 1430, 785]
0, 4, 3.03, [1078, 1378, 1224]
0, 5, 3.03, [975, 1497, 2320]
0, 6, 3.03, [788, 1695, 1328]
0, 7, 3.03, [1224, 1442, 1201]
0, 8, 3.02, [1058, 1223, 1141]
0, 9, 3.01, [1131, 1935, 1068]
1, 0, 3.16, [1425, 1247, 1350]
1, 1, 3.11, [1401, 1425, 1906]
1, 2, 3.1, [1401, 1351, 1350]
1, 3, 3.08, [1425, 1279, 1247]
1, 4, 3.06, [4227, 1497, 1350]
1, 5, 3.05, [1425, 1025, 785]
1, 6, 3.05, [1425, 1279, 695]
1, 7, 3.04, [1767, 1224, 521]
1, 8, 3.04, [320, 1351, 521]
1, 9, 3.04, [1401, 1935, 1247]
2, 0, 3.17, [320, 1425, 1350]
2, 1, 3.16, [1425, 1247, 1350]
2, 2, 3.13, [1401, 1425, 1403]
2, 3, 3.11, [1401, 1425, 1403]
2, 4, 3.11, [1401, 1425, 1906]
2, 5, 3.08, [320, 1425, 1350]
2, 6, 3.07, [1425, 1935, 1611]
2, 7, 3.04, [1401, 1247, 1141]
2, 8, 3.04, [4227, 1247, 1906]
2, 9, 3.03, [5684, 1247, 1906]
3, 0, 3.18, [1347, 1425, 1509]
3, 1, 3.17, [320, 1425, 1350]
3, 2, 3.16, [1425, 1247, 1350]
3, 3, 3.1, [320, 1224, 1350]
3, 4, 3.09, [1401, 1201, 1350]
3, 5, 3.09, [1059, 1425, 1350]
3, 6, 3.08, [1168, 1425, 2171]
3, 7, 3.07, [1497, 1425, 1403]
3, 8, 3.05, [1141, 1068, 1223]
3, 9, 3.05, [585, 1480, 5684]
4, 0, 3.18, [1347, 1425, 1509]
4, 1, 3.17, [320, 1620, 1509]
4, 2, 3.17, [320, 1425, 1350]
4, 3, 3.14, [320, 1425, 2332]
4, 4, 3.11, [521, 1425, 1350]
4, 5, 3.1, [1347, 1442, 1350]
4, 6, 3.1, [1347, 1425, 1442]
4, 7, 3.04, [2332, 1247, 1425]
4, 8, 3.04, [1347, 788, 1350]
4, 9, 3.03, [320, 1403, 1247]
5, 0, 3.25, [320, 5684, 1509]
5, 1, 3.19, [320, 1475, 1509]
5, 2, 3.18, [1347, 1425, 1509]
5, 3, 3.17, [585, 1425, 1509]
5, 4, 3.17, [320, 1620, 1509]
5, 5, 3.13, [320, 1425, 1068]
5, 6, 3.12, [1141, 1620, 1509]
5, 7, 3.07, [1225, 1223, 1442]
5, 8, 3.05, [1347, 1425, 1611]
5, 9, 3.05, [1401, 695, 1247]
6, 0, 3.27, [585, 1425, 1509]
6, 1, 3.25, [320, 5684, 1509]
6, 2, 3.23, [1064, 1091, 1509]
6, 3, 3.19, [585, 1078, 1509]
6, 4, 3.19, [320, 1475, 1509]
6, 5, 3.18, [1223, 5684, 1509]
6, 6, 3.17, [1401, 1141, 1509]
6, 7, 3.15, [585, 788, 1509]
6, 8, 3.11, [320, 1201, 1509]
6, 9, 3.02, [831, 5684, 1058]
7, 0, 3.27, [585, 1425, 1509]
7, 1, 3.25, [320, 5684, 1509]
7, 2, 3.21, [1509, 5684, 1424]
7, 3, 3.2, [1090, 1425, 1509]
7, 4, 3.19, [3124, 5684, 1509]
7, 5, 3.16, [1223, 1247, 1509]
7, 6, 3.15, [585, 1125, 1509]
7, 7, 3.12, [576, 1425, 1509]
7, 8, 3.12, [1247, 1425, 1332]
7, 9, 3.1, [695, 1091, 645]
8, 0, 3.27, [585, 1425, 1509]
8, 1, 3.25, [320, 5684, 1509]
8, 2, 3.18, [585, 1425, 1509]
8, 3, 3.16, [3124, 5684, 1509]
8, 4, 3.13, [3124, 1424, 1509]
8, 5, 3.1, [3124, 1620, 1509]
8, 6, 3.05, [2377, 5684, 1425]
8, 7, 3.05, [320, 1425, 1131]
8, 8, 3.03, [585, 5684, 1350]
8, 9, 3.02, [1497, 1442, 1695]
9, 0, 3.27, [585, 1425, 1509]
9, 1, 3.25, [320, 5684, 1509]
9, 2, 3.21, [585, 2320, 1509]
9, 3, 3.21, [320, 4227, 1509]
9, 4, 3.14, [3124, 5684, 1509]
9, 5, 3.11, [1332, 1425, 1403]
9, 6, 3.09, [320, 1425, 1990]
9, 7, 3.07, [585, 5684, 1350]
9, 8, 3.06, [320, 1425, 1767]
9, 9, 3.05, [1125, 5684, 905]
10, 0, 3.27, [3124, 1425, 1509]
10, 1, 3.27, [585, 1425, 1509]
10, 2, 3.25, [320, 5684, 1509]
10, 3, 3.24, [585, 1425, 1509]
10, 4, 3.23, [3124, 5684, 1509]
10, 5, 3.09, [1328, 1425, 1442]
10, 6, 3.05, [1225, 1425, 2332]
10, 7, 3.04, [3124, 1430, 1078]
10, 8, 3.02, [585, 5684, 1424]
10, 9, 3.02, [1247, 2320, 787]
11, 0, 3.27, [3124, 1425, 1509]
11, 1, 3.27, [585, 1425, 1509]
11, 2, 3.23, [320, 2332, 1509]
11, 3, 3.18, [1480, 1695, 1509]
11, 4, 3.1, [1611, 1425, 326]
11, 5, 3.1, [1078, 5684, 1509]
11, 6, 3.08, [1020, 1425, 1091]
11, 7, 3.06, [320, 1425, 1767]
11, 8, 3.04, [585, 1442, 1401]
11, 9, 3.02, [3124, 1442, 326]
12, 0, 3.27, [3124, 1425, 1509]
12, 1, 3.27, [585, 1425, 1509]
12, 2, 3.2, [585, 2320, 1509]
12, 3, 3.18, [3124, 1125, 1509]
12, 4, 3.18, [585, 1425, 1509]
12, 5, 3.15, [585, 1425, 1509]
12, 6, 3.13, [1225, 2332, 1509]
12, 7, 3.11, [320, 1425, 2332]
12, 8, 3.11, [1201, 1059, 1509]
12, 9, 3.08, [3124, 1990, 1509]
13, 0, 3.27, [3124, 1425, 1509]
13, 1, 3.27, [585, 1425, 1509]
13, 2, 3.24, [585, 785, 1509]
13, 3, 3.22, [1059, 1425, 1509]
13, 4, 3.16, [3124, 1619, 1509]
13, 5, 3.15, [1125, 1425, 1509]
13, 6, 3.14, [585, 1201, 1509]
13, 7, 3.06, [1695, 2332, 1350]
13, 8, 3.04, [1230, 1247, 975]
13, 9, 3.02, [1059, 1425, 1058]
14, 0, 3.27, [3124, 1425, 1509]
14, 1, 3.27, [585, 1425, 1509]
14, 2, 3.26, [3124, 1425, 1509]
14, 3, 3.22, [3124, 1990, 1509]
14, 4, 3.16, [3124, 1131, 1509]
14, 5, 3.15, [1401, 1090, 1509]
14, 6, 3.14, [1059, 1425, 1351]
14, 7, 3.12, [3124, 1497, 1509]
14, 8, 3.04, [585, 1425, 1695]
14, 9, 3.04, [585, 1619, 1401]
15, 0, 3.27, [3124, 1425, 1509]
15, 1, 3.27, [585, 1425, 1509]
15, 2, 3.11, [1611, 1425, 1091]
15, 3, 3.08, [2332, 1425, 1141]
15, 4, 3.07, [1424, 1425, 1125]
15, 5, 3.06, [3124, 5684, 1990]
15, 6, 3.06, [751, 1425, 1328]
15, 7, 3.05, [1020, 1425, 326]
15, 8, 3.03, [3124, 1224, 2332]
15, 9, 3.02, [1226, 1425, 2377]
16, 0, 3.27, [3124, 1425, 1509]
16, 1, 3.27, [585, 1425, 1509]
16, 2, 3.19, [1611, 1425, 1509]
16, 3, 3.18, [1990, 571, 1509]
16, 4, 3.17, [3124, 1425, 1509]
16, 5, 3.12, [1497, 1425, 1442]
16, 6, 3.11, [585, 1425, 1247]
16, 7, 3.1, [2332, 5684, 1509]
16, 8, 3.07, [3124, 1425, 1402]
16, 9, 3.07, [1695, 1425, 1417]
17, 0, 3.27, [3124, 1425, 1509]
17, 1, 3.27, [585, 1425, 1509]
17, 2, 3.2, [905, 1425, 1509]
17, 3, 3.19, [1442, 775, 1509]
17, 4, 3.14, [1378, 1620, 1509]
17, 5, 3.13, [645, 1425, 975]
17, 6, 3.12, [3124, 1425, 1350]
17, 7, 3.11, [3124, 4227, 1509]
17, 8, 3.03, [775, 1141, 1058]
17, 9, 3.03, [3124, 1401, 1201]
18, 0, 3.27, [3124, 1425, 1509]
18, 1, 3.27, [585, 1425, 1509]
18, 2, 3.22, [1480, 1028, 1509]
18, 3, 3.21, [1125, 1425, 1509]
18, 4, 3.21, [585, 975, 1509]
18, 5, 3.17, [3124, 775, 1509]
18, 6, 3.16, [3124, 1906, 1509]
18, 7, 3.15, [3124, 1619, 1509]
18, 8, 3.12, [1695, 576, 1509]
18, 9, 3.1, [1442, 1425, 1350]
19, 0, 3.27, [3124, 1425, 1509]
19, 1, 3.27, [585, 1425, 1509]
19, 2, 3.21, [1480, 1509, 2320]
19, 3, 3.08, [1827, 1425, 1223]
19, 4, 3.08, [1125, 1425, 1068]
19, 5, 3.05, [788, 1425, 1226]
19, 6, 3.04, [788, 2332, 1437]
19, 7, 3.04, [326, 1425, 1141]
19, 8, 3.02, [3124, 1497, 1827]
19, 9, 3.02, [975, 1620, 1020]
20, 0, 3.27, [3124, 1425, 1509]
20, 1, 3.27, [585, 1425, 1509]
20, 2, 3.2, [1480, 1509, 4227]
20, 3, 3.15, [3124, 1378, 1509]
20, 4, 3.15, [3124, 2320, 1509]
20, 5, 3.08, [3124, 1430, 1509]
20, 6, 3.08, [3124, 1425, 1224]
20, 7, 3.07, [1125, 1425, 1990]
20, 8, 3.06, [1611, 1091, 1425]
20, 9, 3.06, [1580, 1425, 1430]
21, 0, 3.27, [3124, 1425, 1509]
21, 1, 3.27, [585, 1425, 1509]
21, 2, 3.23, [1767, 1425, 1509]
21, 3, 3.19, [585, 4227, 1509]
21, 4, 3.19, [1058, 1509, 1827]
21, 5, 3.17, [3124, 1767, 1509]
21, 6, 3.15, [785, 695, 1509]
21, 7, 3.15, [1497, 717, 1509]
21, 8, 3.06, [1695, 1425, 2320]
21, 9, 3.05, [585, 1425, 1767]
22, 0, 3.27, [3124, 1425, 1509]
22, 1, 3.27, [585, 1425, 1509]
22, 2, 3.17, [521, 1425, 1509]
22, 3, 3.12, [3124, 1020, 1509]
22, 4, 3.08, [585, 1350, 1125]
22, 5, 3.08, [645, 1425, 576]
22, 6, 3.07, [3124, 1425, 326]
22, 7, 3.05, [521, 1224, 1480]
22, 8, 3.04, [1767, 1425, 1403]
22, 9, 3.02, [717, 1351, 1827]
23, 0, 3.27, [3124, 1425, 1509]
23, 1, 3.27, [585, 1425, 1509]
23, 2, 3.17, [5684, 1125, 1509]
23, 3, 3.14, [3124, 1020, 1509]
23, 4, 3.12, [3124, 1025, 1509]
23, 5, 3.11, [585, 4227, 1509]
23, 6, 3.09, [3124, 1425, 1401]
23, 7, 3.06, [585, 1425, 1695]
23, 8, 3.05, [3124, 1425, 1247]
23, 9, 3.03, [1201, 905, 521]
24, 0, 3.27, [3124, 1425, 1509]
24, 1, 3.27, [585, 1425, 1509]
24, 2, 3.19, [775, 1020, 1509]
24, 3, 3.17, [2171, 1201, 1509]
24, 4, 3.16, [2320, 1125, 1509]
24, 5, 3.15, [1332, 1425, 1401]
24, 6, 3.1, [3124, 1425, 1224]
24, 7, 3.08, [1279, 1425, 2320]
24, 8, 3.07, [1201, 1425, 1332]
24, 9, 3.04, [1332, 1425, 1059]
25, 0, 3.27, [1906, 1425, 1509]
25, 1, 3.27, [3124, 1425, 1509]
25, 2, 3.27, [585, 1425, 1509]
25, 3, 3.23, [3124, 1425, 1509]
25, 4, 3.2, [3124, 1020, 1509]
25, 5, 3.19, [585, 1424, 1509]
25, 6, 3.16, [3124, 785, 1509]
25, 7, 3.15, [585, 1201, 1509]
25, 8, 3.15, [775, 5684, 1509]
25, 9, 3.06, [2320, 1425, 1403]
26, 0, 3.27, [1906, 1425, 1509]
26, 1, 3.27, [3124, 1425, 1509]
26, 2, 3.15, [3124, 1091, 1350]
26, 3, 3.12, [1906, 695, 1509]
26, 4, 3.1, [1332, 1424, 1509]
26, 5, 3.09, [585, 1425, 1990]
26, 6, 3.08, [3124, 1425, 1332]
26, 7, 3.05, [1906, 1425, 1497]
26, 8, 3.02, [1020, 1767, 326]
26, 9, 3.02, [585, 1425, 1201]
27, 0, 3.27, [1906, 1425, 1509]
27, 1, 3.27, [3124, 1425, 1509]
27, 2, 3.21, [1332, 2110, 1509]
27, 3, 3.15, [1223, 1424, 1509]
27, 4, 3.08, [1401, 1425, 1437]
27, 5, 3.05, [3124, 1425, 1146]
27, 6, 3.05, [1906, 1425, 1090]
27, 7, 3.04, [1279, 1401, 1695]
27, 8, 3.03, [1906, 1141, 1442]
27, 9, 3.02, [1068, 1201, 1990]
28, 0, 3.27, [1906, 1425, 1509]
28, 1, 3.27, [3124, 1425, 1509]
28, 2, 3.21, [5684, 785, 1509]
28, 3, 3.18, [1906, 1141, 1509]
28, 4, 3.15, [1078, 1425, 1509]
28, 5, 3.1, [1407, 1425, 1509]
28, 6, 3.08, [1332, 1425, 2989]
28, 7, 3.07, [1351, 1425, 1401]
28, 8, 3.06, [1401, 1425, 1518]
28, 9, 3.02, [3124, 1425, 1695]
29, 0, 3.27, [1906, 1425, 1509]
29, 1, 3.27, [3124, 1425, 1509]
29, 2, 3.23, [1040, 1425, 1509]
29, 3, 3.2, [1328, 785, 1509]
29, 4, 3.15, [5684, 1497, 1509]
29, 5, 3.14, [1906, 2332, 1509]
29, 6, 3.14, [5684, 4227, 1509]
29, 7, 3.06, [1906, 1990, 2332]
29, 8, 3.06, [1090, 1425, 1767]
29, 9, 3.03, [3124, 1230, 1091]
30, 0, 3.27, [2171, 1425, 1509]
30, 1, 3.27, [1906, 1425, 1509]
30, 2, 3.27, [3124, 1425, 1509]
30, 3, 3.18, [785, 1090, 1509]
30, 4, 3.15, [1328, 2110, 1509]
30, 5, 3.15, [1328, 1425, 1091]
30, 6, 3.12, [1040, 1425, 2377]
30, 7, 3.05, [3124, 785, 1401]
30, 8, 3.03, [2332, 5684, 1146]
30, 9, 3.02, [3124, 1425, 1225]
31, 0, 3.27, [2171, 1425, 1509]
31, 1, 3.27, [1906, 1425, 1509]
31, 2, 3.23, [695, 1279, 1509]
31, 3, 3.19, [2332, 1425, 1509]
31, 4, 3.15, [1906, 5684, 1509]
31, 5, 3.15, [1611, 905, 1509]
31, 6, 3.08, [1695, 1990, 1509]
31, 7, 3.06, [2171, 2110, 1332]
31, 8, 3.05, [1378, 1425, 2320]
31, 9, 3.03, [2171, 1442, 1767]
32, 0, 3.27, [2171, 1425, 1509]
32, 1, 3.27, [1906, 1425, 1509]
32, 2, 3.22, [1125, 1401, 1509]
32, 3, 3.18, [1424, 2320, 1509]
32, 4, 3.16, [326, 1090, 1509]
32, 5, 3.13, [1068, 1425, 1351]
32, 6, 3.1, [1906, 1131, 1509]
32, 7, 3.08, [2332, 1425, 1351]
32, 8, 3.05, [2171, 1827, 1442]
32, 9, 3.05, [1906, 1425, 1226]
33, 0, 3.27, [2171, 1425, 1509]
33, 1, 3.27, [1906, 1425, 1509]
33, 2, 3.19, [1442, 1401, 1509]
33, 3, 3.14, [1125, 1620, 1509]
33, 4, 3.12, [1611, 1225, 1509]
33, 5, 3.1, [1906, 1437, 1509]
33, 6, 3.08, [1125, 1425, 1146]
33, 7, 3.07, [1480, 1425, 2332]
33, 8, 3.05, [1906, 1401, 1695]
33, 9, 3.03, [2320, 1068, 1767]
34, 0, 3.27, [2171, 1425, 1509]
34, 1, 3.27, [1906, 1425, 1509]
34, 2, 3.24, [1125, 1425, 1509]
34, 3, 3.21, [1442, 1201, 1509]
34, 4, 3.17, [1767, 1401, 1509]
34, 5, 3.16, [1906, 1767, 1509]
34, 6, 3.15, [3124, 1230, 1509]
34, 7, 3.15, [1223, 1425, 1509]
34, 8, 3.1, [1906, 1425, 1332]
34, 9, 3.05, [1715, 1425, 1279]
35, 0, 3.27, [2171, 1425, 1509]
35, 1, 3.27, [1906, 1425, 1509]
35, 2, 3.09, [1906, 1091, 3124]
35, 3, 3.09, [1125, 1437, 1509]
35, 4, 3.09, [2171, 785, 1425]
35, 5, 3.08, [1125, 1425, 314]
35, 6, 3.08, [2171, 1480, 1230]
35, 7, 3.07, [1125, 1224, 1403]
35, 8, 3.06, [1437, 1425, 1417]
35, 9, 3.04, [2171, 1141, 326]
36, 0, 3.28, [1125, 1425, 1509]
36, 1, 3.27, [2171, 1425, 1509]
36, 2, 3.27, [1906, 1425, 1509]
36, 3, 3.25, [2171, 1091, 1509]
36, 4, 3.23, [1906, 1480, 1509]
36, 5, 3.12, [1223, 1091, 1509]
36, 6, 3.1, [1090, 1425, 1287]
36, 7, 3.05, [1068, 1425, 1028]
36, 8, 3.04, [1906, 1611, 1078]
36, 9, 3.04, [1906, 1425, 1247]
37, 0, 3.28, [1125, 1425, 1509]
37, 1, 3.27, [2171, 1425, 1509]
37, 2, 3.25, [1125, 1425, 1509]
37, 3, 3.18, [3662, 1425, 1509]
37, 4, 3.18, [1226, 1425, 1509]
37, 5, 3.15, [140, 1224, 1509]
37, 6, 3.11, [1125, 1425, 1401]
37, 7, 3.1, [1350, 1425, 320]
37, 8, 3.09, [1125, 1425, 1497]
37, 9, 3.06, [1480, 1350, 775]
38, 0, 3.28, [1125, 1425, 1509]
38, 1, 3.27, [2171, 1425, 1509]
38, 2, 3.21, [788, 905, 1509]
38, 3, 3.18, [1090, 1028, 1509]
38, 4, 3.17, [1935, 1767, 1509]
38, 5, 3.16, [1131, 1078, 1509]
38, 6, 3.16, [1125, 140, 1509]
38, 7, 3.14, [2171, 1425, 2332]
38, 8, 3.14, [695, 1695, 1509]
38, 9, 3.1, [1068, 140, 1509]
39, 0, 3.28, [1125, 1425, 1509]
39, 1, 3.27, [2171, 1425, 1509]
39, 2, 3.23, [697, 1425, 1509]
39, 3, 3.2, [785, 1425, 1509]
39, 4, 3.17, [1125, 905, 1509]
39, 5, 3.15, [1230, 1425, 1509]
39, 6, 3.06, [1767, 1425, 3124]
39, 7, 3.03, [1090, 1425, 1230]
39, 8, 3.02, [2171, 905, 2377]
39, 9, 3.02, [1247, 4227, 1131]
40, 0, 3.28, [1125, 1425, 1509]
40, 1, 3.27, [2171, 1425, 1509]
40, 2, 3.22, [1125, 1425, 1509]
40, 3, 3.16, [645, 1611, 1509]
40, 4, 3.11, [1125, 1425, 785]
40, 5, 3.04, [1125, 3124, 1146]
40, 6, 3.03, [1125, 5684, 1497]
40, 7, 3.03, [1125, 1767, 1020]
40, 8, 3.02, [2171, 1226, 1146]
40, 9, 3.02, [326, 1064, 5684]
41, 0, 3.28, [1125, 1425, 1509]
41, 1, 3.27, [2171, 1425, 1509]
41, 2, 3.2, [1368, 645, 1509]
41, 3, 3.2, [1125, 1425, 1509]
41, 4, 3.19, [2171, 1090, 1509]
41, 5, 3.17, [645, 5684, 1509]
41, 6, 3.14, [1125, 1247, 1509]
41, 7, 3.13, [1028, 1225, 1509]
41, 8, 3.07, [2171, 1351, 1611]
41, 9, 3.06, [3124, 1425, 975]
42, 0, 3.29, [1225, 1425, 1509]
42, 1, 3.28, [1125, 1425, 1509]
42, 2, 3.27, [2171, 1425, 1509]
42, 3, 3.2, [785, 1028, 1509]
42, 4, 3.17, [1125, 645, 1509]
42, 5, 3.16, [1368, 5684, 1509]
42, 6, 3.12, [1990, 1425, 1350]
42, 7, 3.08, [3124, 1425, 1146]
42, 8, 3.05, [2171, 1068, 2377]
42, 9, 3.02, [1125, 2320, 1518]
43, 0, 3.29, [1225, 1425, 1509]
43, 1, 3.28, [1125, 1425, 1509]
43, 2, 3.25, [1935, 1480, 1509]
43, 3, 3.2, [1935, 4227, 1509]
43, 4, 3.18, [785, 1351, 1509]
43, 5, 3.13, [785, 1425, 1990]
43, 6, 3.11, [1090, 1425, 1480]
43, 7, 3.09, [1225, 1425, 1078]
43, 8, 3.07, [1125, 1425, 1401]
43, 9, 3.07, [1225, 1425, 1068]
44, 0, 3.29, [1225, 1425, 1509]
44, 1, 3.28, [1125, 1425, 1509]
44, 2, 3.24, [1378, 1425, 1509]
44, 3, 3.21, [1225, 1332, 1509]
44, 4, 3.07, [1125, 1425, 1990]
44, 5, 3.05, [1225, 1068, 2320]
44, 6, 3.05, [1935, 1425, 1068]
44, 7, 3.04, [1225, 1351, 1226]
44, 8, 3.01, [1225, 1480, 3124]
44, 9, 3.01, [1230, 1497, 1279]
45, 0, 3.29, [1225, 1425, 1509]
45, 1, 3.28, [1125, 1425, 1509]
45, 2, 3.21, [1091, 1425, 1509]
45, 3, 3.17, [1125, 1157, 1509]
45, 4, 3.16, [1437, 326, 1509]
45, 5, 3.15, [1332, 1695, 1509]
45, 6, 3.15, [1090, 1619, 1509]
45, 7, 3.14, [1226, 717, 1509]
45, 8, 3.11, [521, 1425, 1437]
45, 9, 3.07, [1125, 1425, 1351]
46, 0, 3.29, [1225, 1425, 1509]
46, 1, 3.28, [1125, 1425, 1509]
46, 2, 3.18, [1437, 1611, 1509]
46, 3, 3.13, [1225, 2171, 1509]
46, 4, 3.12, [1442, 2171, 1509]
46, 5, 3.11, [1125, 1425, 1695]
46, 6, 3.1, [785, 1157, 1509]
46, 7, 3.07, [1401, 1425, 2332]
46, 8, 3.04, [1437, 1425, 521]
46, 9, 3.03, [1028, 1620, 785]
47, 0, 3.29, [1225, 1425, 1509]
47, 1, 3.28, [1125, 1425, 1509]
47, 2, 3.23, [576, 1480, 1509]
47, 3, 3.2, [1125, 1430, 1509]
47, 4, 3.19, [421, 1425, 1509]
47, 5, 3.18, [1223, 1425, 1509]
47, 6, 3.11, [1225, 1125, 1509]
47, 7, 3.1, [326, 1425, 1090]
47, 8, 3.07, [5684, 1091, 2377]
47, 9, 3.06, [775, 1425, 1223]
48, 0, 3.29, [1225, 1425, 1509]
48, 1, 3.28, [1125, 1425, 1509]
48, 2, 3.17, [1125, 1224, 1509]
48, 3, 3.14, [2332, 1425, 1509]
48, 4, 3.11, [1146, 1425, 1328]
48, 5, 3.1, [1125, 1425, 1403]
48, 6, 3.09, [1223, 1425, 905]
48, 7, 3.07, [1125, 1425, 1328]
48, 8, 3.05, [1058, 1425, 1226]
48, 9, 3.02, [1078, 1424, 1378]
49, 0, 3.29, [1225, 1425, 1509]
49, 1, 3.28, [1125, 1425, 1509]
49, 2, 3.17, [785, 1223, 1509]
49, 3, 3.17, [1125, 1480, 1509]
49, 4, 3.14, [1125, 1201, 1509]
49, 5, 3.09, [1225, 1224, 1091]
49, 6, 3.08, [1225, 1480, 1091]
49, 7, 3.07, [1125, 1090, 1091]
49, 8, 3.06, [1141, 1425, 2320]
49, 9, 3.04, [1225, 2332, 717]
50, 0, 3.29, [1225, 1425, 1509]
50, 1, 3.28, [1125, 1425, 1509]
50, 2, 3.26, [785, 1425, 1509]
50, 3, 3.23, [1125, 1620, 1509]
50, 4, 3.23, [775, 1480, 1509]
50, 5, 3.07, [1225, 1425, 1028]
50, 6, 3.06, [1225, 1078, 1350]
50, 7, 3.05, [1225, 1351, 1230]
50, 8, 3.04, [1125, 1935, 1224]
50, 9, 3.04, [1417, 1620, 1078]
