generation number, pop_size, worst, best, median, avg, std, diversity, improvement, number_of_selections
0, 10, 2.0, 2.14, 2.06, 2.0620000000000003, 0.042142615011411026,0.9888888888888889,0,[1.e-300]
1, 10, 2.09, 2.19, 2.105, 2.117, 0.029681644159311682,0.8222222222222222,0.023364485981308327,[1.e-300]
2, 10, 2.07, 2.19, 2.13, 2.1270000000000002, 0.03226453160980336,0.9111111111111111,0.0,[1.e-300]
3, 10, 2.08, 2.21, 2.1399999999999997, 2.15, 0.038987177379235835,0.7666666666666667,0.009132420091324209,[1.e-300]
4, 10, 2.03, 2.21, 2.08, 2.0960000000000005, 0.056249444441700956,0.9,0.0,[1.e-300]
5, 10, 2.02, 2.21, 2.08, 2.097, 0.057280013966478735,0.9111111111111111,0.0,[1.e-300]
6, 10, 2.0, 2.21, 2.07, 2.083, 0.06325345840347388,0.8777777777777778,0.0,[1.e-300]
7, 10, 2.04, 2.21, 2.11, 2.121, 0.05412023651093922,0.8333333333333333,0.0,[1.e-300]
8, 10, 2.04, 2.22, 2.135, 2.129, 0.06236184731067548,0.8888888888888888,0.004524886877828159,[1.e-300]
9, 10, 2.07, 2.27, 2.1900000000000004, 2.178, 0.06193545026880812,0.8333333333333333,0.02252252252252244,[1.e-300]
10, 10, 2.06, 2.27, 2.115, 2.1439999999999997, 0.07088018058667739,0.9,0.0,[1.e-300]
