n_nodes,influence,n0,n1,n2,n3,n4,n5,n6,n7,n8,n9,n10,n11,n12,n13,n14,n15,n16,n17,n18,n19,n20,n21,n22,n23,n24,n25,n26,n27,n28,n29,n30,n31,n32,n33,n34,n35,n36,n37,n38,n39
40,305.5200,2176,4355,5508,2565,3976,1549,6809,7578,26,5531,1820,55,2204,2980,1319,4906,7082,7086,306,1846,4792,3258,699,2240,3394,68,5189,2768,3540,1365,4310,1374,6241,737,1767,1133,3447,3194,5629,766
40,305.5200,2176,4355,5508,2565,3976,1549,6809,7578,26,5531,1820,55,2204,2980,1319,4906,7082,7086,306,1846,4792,3258,699,2240,3394,68,5189,2768,3540,1365,4310,1374,6241,737,1767,1133,3447,3194,5629,766
40,305.5200,2176,4355,5508,2565,3976,1549,6809,7578,26,5531,1820,55,2204,2980,1319,4906,7082,7086,306,1846,4792,3258,699,2240,3394,68,5189,2768,3540,1365,4310,1374,6241,737,1767,1133,3447,3194,5629,766
40,305.5200,2176,4355,5508,2565,3976,1549,6809,7578,26,5531,1820,55,2204,2980,1319,4906,7082,7086,306,1846,4792,3258,699,2240,3394,68,5189,2768,3540,1365,4310,1374,6241,737,1767,1133,3447,3194,5629,766
40,305.5200,2176,4355,5508,2565,3976,1549,6809,7578,26,5531,1820,55,2204,2980,1319,4906,7082,7086,306,1846,4792,3258,699,2240,3394,68,5189,2768,3540,1365,4310,1374,6241,737,1767,1133,3447,3194,5629,766
40,305.5200,2176,4355,5508,2565,3976,1549,6809,7578,26,5531,1820,55,2204,2980,1319,4906,7082,7086,306,1846,4792,3258,699,2240,3394,68,5189,2768,3540,1365,4310,1374,6241,737,1767,1133,3447,3194,5629,766
40,305.5200,2176,4355,5508,2565,3976,1549,6809,7578,26,5531,1820,55,2204,2980,1319,4906,7082,7086,306,1846,4792,3258,699,2240,3394,68,5189,2768,3540,1365,4310,1374,6241,737,1767,1133,3447,3194,5629,766
40,305.5200,2176,4355,5508,2565,3976,1549,6809,7578,26,5531,1820,55,2204,2980,1319,4906,7082,7086,306,1846,4792,3258,699,2240,3394,68,5189,2768,3540,1365,4310,1374,6241,737,1767,1133,3447,3194,5629,766
40,305.5200,2176,4355,5508,2565,3976,1549,6809,7578,26,5531,1820,55,2204,2980,1319,4906,7082,7086,306,1846,4792,3258,699,2240,3394,68,5189,2768,3540,1365,4310,1374,6241,737,1767,1133,3447,3194,5629,766
40,305.5200,2176,4355,5508,2565,3976,1549,6809,7578,26,5531,1820,55,2204,2980,1319,4906,7082,7086,306,1846,4792,3258,699,2240,3394,68,5189,2768,3540,1365,4310,1374,6241,737,1767,1133,3447,3194,5629,766
40,305.5200,2176,4355,5508,2565,3976,1549,6809,7578,26,5531,1820,55,2204,2980,1319,4906,7082,7086,306,1846,4792,3258,699,2240,3394,68,5189,2768,3540,1365,4310,1374,6241,737,1767,1133,3447,3194,5629,766
40,305.5200,2176,4355,5508,2565,3976,1549,6809,7578,26,5531,1820,55,2204,2980,1319,4906,7082,7086,306,1846,4792,3258,699,2240,3394,68,5189,2768,3540,1365,4310,1374,6241,737,1767,1133,3447,3194,5629,766
40,305.5200,2176,4355,5508,2565,3976,1549,6809,7578,26,5531,1820,55,2204,2980,1319,4906,7082,7086,306,1846,4792,3258,699,2240,3394,68,5189,2768,3540,1365,4310,1374,6241,737,1767,1133,3447,3194,5629,766
40,305.5200,2176,4355,5508,2565,3976,1549,6809,7578,26,5531,1820,55,2204,2980,1319,4906,7082,7086,306,1846,4792,3258,699,2240,3394,68,5189,2768,3540,1365,4310,1374,6241,737,1767,1133,3447,3194,5629,766
40,305.5200,2176,4355,5508,2565,3976,1549,6809,7578,26,5531,1820,55,2204,2980,1319,4906,7082,7086,306,1846,4792,3258,699,2240,3394,68,5189,2768,3540,1365,4310,1374,6241,737,1767,1133,3447,3194,5629,766
40,305.5200,2176,4355,5508,2565,3976,1549,6809,7578,26,5531,1820,55,2204,2980,1319,4906,7082,7086,306,1846,4792,3258,699,2240,3394,68,5189,2768,3540,1365,4310,1374,6241,737,1767,1133,3447,3194,5629,766
40,305.5200,2176,4355,5508,2565,3976,1549,6809,7578,26,5531,1820,55,2204,2980,1319,4906,7082,7086,306,1846,4792,3258,699,2240,3394,68,5189,2768,3540,1365,4310,1374,6241,737,1767,1133,3447,3194,5629,766
40,305.5200,2176,4355,5508,2565,3976,1549,6809,7578,26,5531,1820,55,2204,2980,1319,4906,7082,7086,306,1846,4792,3258,699,2240,3394,68,5189,2768,3540,1365,4310,1374,6241,737,1767,1133,3447,3194,5629,766
40,305.5200,2176,4355,5508,2565,3976,1549,6809,7578,26,5531,1820,55,2204,2980,1319,4906,7082,7086,306,1846,4792,3258,699,2240,3394,68,5189,2768,3540,1365,4310,1374,6241,737,1767,1133,3447,3194,5629,766
40,305.5200,2176,4355,5508,2565,3976,1549,6809,7578,26,5531,1820,55,2204,2980,1319,4906,7082,7086,306,1846,4792,3258,699,2240,3394,68,5189,2768,3540,1365,4310,1374,6241,737,1767,1133,3447,3194,5629,766
40,305.5200,2176,4355,5508,2565,3976,1549,6809,7578,26,5531,1820,55,2204,2980,1319,4906,7082,7086,306,1846,4792,3258,699,2240,3394,68,5189,2768,3540,1365,4310,1374,6241,737,1767,1133,3447,3194,5629,766
40,305.5200,2176,4355,5508,2565,3976,1549,6809,7578,26,5531,1820,55,2204,2980,1319,4906,7082,7086,306,1846,4792,3258,699,2240,3394,68,5189,2768,3540,1365,4310,1374,6241,737,1767,1133,3447,3194,5629,766
40,305.5200,2176,4355,5508,2565,3976,1549,6809,7578,26,5531,1820,55,2204,2980,1319,4906,7082,7086,306,1846,4792,3258,699,2240,3394,68,5189,2768,3540,1365,4310,1374,6241,737,1767,1133,3447,3194,5629,766
40,305.5200,2176,4355,5508,2565,3976,1549,6809,7578,26,5531,1820,55,2204,2980,1319,4906,7082,7086,306,1846,4792,3258,699,2240,3394,68,5189,2768,3540,1365,4310,1374,6241,737,1767,1133,3447,3194,5629,766
40,305.5200,2176,4355,5508,2565,3976,1549,6809,7578,26,5531,1820,55,2204,2980,1319,4906,7082,7086,306,1846,4792,3258,699,2240,3394,68,5189,2768,3540,1365,4310,1374,6241,737,1767,1133,3447,3194,5629,766
40,305.5200,2176,4355,5508,2565,3976,1549,6809,7578,26,5531,1820,55,2204,2980,1319,4906,7082,7086,306,1846,4792,3258,699,2240,3394,68,5189,2768,3540,1365,4310,1374,6241,737,1767,1133,3447,3194,5629,766
40,305.5200,2176,4355,5508,2565,3976,1549,6809,7578,26,5531,1820,55,2204,2980,1319,4906,7082,7086,306,1846,4792,3258,699,2240,3394,68,5189,2768,3540,1365,4310,1374,6241,737,1767,1133,3447,3194,5629,766
40,305.5200,2176,4355,5508,2565,3976,1549,6809,7578,26,5531,1820,55,2204,2980,1319,4906,7082,7086,306,1846,4792,3258,699,2240,3394,68,5189,2768,3540,1365,4310,1374,6241,737,1767,1133,3447,3194,5629,766
40,305.5200,2176,4355,5508,2565,3976,1549,6809,7578,26,5531,1820,55,2204,2980,1319,4906,7082,7086,306,1846,4792,3258,699,2240,3394,68,5189,2768,3540,1365,4310,1374,6241,737,1767,1133,3447,3194,5629,766
40,305.5200,2176,4355,5508,2565,3976,1549,6809,7578,26,5531,1820,55,2204,2980,1319,4906,7082,7086,306,1846,4792,3258,699,2240,3394,68,5189,2768,3540,1365,4310,1374,6241,737,1767,1133,3447,3194,5629,766
40,305.5200,2176,4355,5508,2565,3976,1549,6809,7578,26,5531,1820,55,2204,2980,1319,4906,7082,7086,306,1846,4792,3258,699,2240,3394,68,5189,2768,3540,1365,4310,1374,6241,737,1767,1133,3447,3194,5629,766
40,305.5200,2176,4355,5508,2565,3976,1549,6809,7578,26,5531,1820,55,2204,2980,1319,4906,7082,7086,306,1846,4792,3258,699,2240,3394,68,5189,2768,3540,1365,4310,1374,6241,737,1767,1133,3447,3194,5629,766
40,305.5200,2176,4355,5508,2565,3976,1549,6809,7578,26,5531,1820,55,2204,2980,1319,4906,7082,7086,306,1846,4792,3258,699,2240,3394,68,5189,2768,3540,1365,4310,1374,6241,737,1767,1133,3447,3194,5629,766
40,305.5200,2176,4355,5508,2565,3976,1549,6809,7578,26,5531,1820,55,2204,2980,1319,4906,7082,7086,306,1846,4792,3258,699,2240,3394,68,5189,2768,3540,1365,4310,1374,6241,737,1767,1133,3447,3194,5629,766
40,305.5200,2176,4355,5508,2565,3976,1549,6809,7578,26,5531,1820,55,2204,2980,1319,4906,7082,7086,306,1846,4792,3258,699,2240,3394,68,5189,2768,3540,1365,4310,1374,6241,737,1767,1133,3447,3194,5629,766
40,305.5200,2176,4355,5508,2565,3976,1549,6809,7578,26,5531,1820,55,2204,2980,1319,4906,7082,7086,306,1846,4792,3258,699,2240,3394,68,5189,2768,3540,1365,4310,1374,6241,737,1767,1133,3447,3194,5629,766
40,305.5200,2176,4355,5508,2565,3976,1549,6809,7578,26,5531,1820,55,2204,2980,1319,4906,7082,7086,306,1846,4792,3258,699,2240,3394,68,5189,2768,3540,1365,4310,1374,6241,737,1767,1133,3447,3194,5629,766
40,305.5200,2176,4355,5508,2565,3976,1549,6809,7578,26,5531,1820,55,2204,2980,1319,4906,7082,7086,306,1846,4792,3258,699,2240,3394,68,5189,2768,3540,1365,4310,1374,6241,737,1767,1133,3447,3194,5629,766
40,305.5200,2176,4355,5508,2565,3976,1549,6809,7578,26,5531,1820,55,2204,2980,1319,4906,7082,7086,306,1846,4792,3258,699,2240,3394,68,5189,2768,3540,1365,4310,1374,6241,737,1767,1133,3447,3194,5629,766
40,305.5200,2176,4355,5508,2565,3976,1549,6809,7578,26,5531,1820,55,2204,2980,1319,4906,7082,7086,306,1846,4792,3258,699,2240,3394,68,5189,2768,3540,1365,4310,1374,6241,737,1767,1133,3447,3194,5629,766
40,305.5200,2176,4355,5508,2565,3976,1549,6809,7578,26,5531,1820,55,2204,2980,1319,4906,7082,7086,306,1846,4792,3258,699,2240,3394,68,5189,2768,3540,1365,4310,1374,6241,737,1767,1133,3447,3194,5629,766
40,305.5200,2176,4355,5508,2565,3976,1549,6809,7578,26,5531,1820,55,2204,2980,1319,4906,7082,7086,306,1846,4792,3258,699,2240,3394,68,5189,2768,3540,1365,4310,1374,6241,737,1767,1133,3447,3194,5629,766
40,305.5200,2176,4355,5508,2565,3976,1549,6809,7578,26,5531,1820,55,2204,2980,1319,4906,7082,7086,306,1846,4792,3258,699,2240,3394,68,5189,2768,3540,1365,4310,1374,6241,737,1767,1133,3447,3194,5629,766
40,305.5200,2176,4355,5508,2565,3976,1549,6809,7578,26,5531,1820,55,2204,2980,1319,4906,7082,7086,306,1846,4792,3258,699,2240,3394,68,5189,2768,3540,1365,4310,1374,6241,737,1767,1133,3447,3194,5629,766
40,305.5200,2176,4355,5508,2565,3976,1549,6809,7578,26,5531,1820,55,2204,2980,1319,4906,7082,7086,306,1846,4792,3258,699,2240,3394,68,5189,2768,3540,1365,4310,1374,6241,737,1767,1133,3447,3194,5629,766
40,305.5200,2176,4355,5508,2565,3976,1549,6809,7578,26,5531,1820,55,2204,2980,1319,4906,7082,7086,306,1846,4792,3258,699,2240,3394,68,5189,2768,3540,1365,4310,1374,6241,737,1767,1133,3447,3194,5629,766
40,303.1100,2176,4355,5508,2565,3976,1549,6809,7578,26,5531,1820,55,2204,2980,1319,4906,7082,7086,306,1846,4792,3258,699,2240,3394,68,5189,2768,3540,1365,4310,1374,6241,737,1767,1133,3447,3194,5629,766
40,302.1900,2176,4355,5508,2565,3976,1549,6809,7578,26,5531,1820,55,2204,2980,1319,4906,7082,7086,306,1846,4792,3258,699,2240,3394,68,5189,2768,3540,1365,4310,1374,6241,737,1767,1133,3447,3194,5629,766
40,300.6800,2176,4355,5508,2565,3976,1549,6809,7578,26,5531,1820,55,2204,2980,1319,4906,7082,7086,306,1846,4792,3258,699,2240,3394,68,5189,2768,3540,1365,4310,1374,6241,737,1767,1133,3447,3194,5629,766
40,299.8700,2176,4355,5508,2565,3976,1549,6809,7578,26,5531,1820,55,2204,2980,1319,4906,7082,7086,306,1846,4792,3258,699,2240,3394,68,5189,2768,3540,1365,4310,1374,6241,737,1767,1133,3447,3194,5629,766
40,299.8700,2176,4355,5508,2565,3976,1549,6809,7578,26,5531,1820,55,2204,2980,1319,4906,7082,7086,306,1846,4792,3258,699,2240,3394,68,5189,2768,3540,1365,4310,1374,6241,737,1767,1133,3447,3194,5629,766
40,299.6700,2176,4355,5508,2565,3976,1549,6809,7578,26,5531,1820,55,2204,2980,1319,4906,7082,7086,306,1846,4792,3258,699,2240,3394,68,5189,2768,3540,1365,4310,1374,6241,737,1767,1133,3447,3194,5629,766
40,299.2500,2176,4355,5508,2565,3976,1549,6809,7578,26,5531,1820,55,2204,2980,1319,4906,7082,7086,306,1846,4792,3258,699,2240,3394,68,5189,2768,3540,1365,4310,1374,6241,737,1767,1133,3447,3194,5629,766
40,299.0300,2176,4355,5508,2565,3976,1549,6809,7578,26,5531,1820,55,2204,2980,1319,4906,7082,7086,306,1846,4792,3258,699,2240,3394,68,5189,2768,3540,1365,4310,1374,6241,737,1767,1133,3447,3194,5629,766
40,299.0300,2176,4355,5508,2565,3976,1549,6809,7578,26,5531,1820,55,2204,2980,1319,4906,7082,7086,306,1846,4792,3258,699,2240,3394,68,5189,2768,3540,1365,4310,1374,6241,737,1767,1133,3447,3194,5629,766
40,298.8100,2176,4355,5508,2565,3976,1549,6809,7578,26,5531,1820,55,2204,2980,1319,4906,7082,7086,306,1846,4792,3258,699,2240,3394,68,5189,2768,3540,1365,4310,1374,6241,737,1767,1133,3447,3194,5629,766
40,298.7500,2176,4355,5508,2565,3976,1549,6809,7578,26,5531,1820,55,2204,2980,1319,4906,7082,7086,306,1846,4792,3258,699,2240,3394,68,5189,2768,3540,1365,4310,1374,6241,737,1767,1133,3447,3194,5629,766
40,298.1700,2176,4355,5508,2565,3976,1549,6809,7578,26,5531,1820,55,2204,2980,1319,4906,7082,7086,306,1846,4792,3258,699,2240,3394,68,5189,2768,3540,1365,4310,1374,6241,737,1767,1133,3447,3194,5629,766
40,298.0800,2176,4355,5508,2565,3976,1549,6809,7578,26,5531,1820,55,2204,2980,1319,4906,7082,7086,306,1846,4792,3258,699,2240,3394,68,5189,2768,3540,1365,4310,1374,6241,737,1767,1133,3447,3194,5629,766
40,297.6600,2176,4355,5508,2565,3976,1549,6809,7578,26,5531,1820,55,2204,2980,1319,4906,7082,7086,306,1846,4792,3258,699,2240,3394,68,5189,2768,3540,1365,4310,1374,6241,737,1767,1133,3447,3194,5629,766
40,297.5300,2176,4355,5508,2565,3976,1549,6809,7578,26,5531,1820,55,2204,2980,1319,4906,7082,7086,306,1846,4792,3258,699,2240,3394,68,5189,2768,3540,1365,4310,1374,6241,737,1767,1133,3447,3194,5629,766
40,297.3300,2176,4355,5508,2565,3976,1549,6809,7578,26,5531,1820,55,2204,2980,1319,4906,7082,7086,306,1846,4792,3258,699,2240,3394,68,5189,2768,3540,1365,4310,1374,6241,737,1767,1133,3447,3194,5629,766
40,296.9700,2176,4355,5508,2565,3976,1549,6809,7578,26,5531,1820,55,2204,2980,1319,4906,7082,7086,306,1846,4792,3258,699,2240,3394,68,5189,2768,3540,1365,4310,1374,6241,737,1767,1133,3447,3194,5629,766
40,296.8700,2176,4355,5508,2565,3976,1549,6809,7578,26,5531,1820,55,2204,2980,1319,4906,7082,7086,306,1846,4792,3258,699,2240,3394,68,5189,2768,3540,1365,4310,1374,6241,737,1767,1133,3447,3194,5629,766
40,296.8000,2176,4355,5508,2565,3976,1549,6809,7578,26,5531,1820,55,2204,2980,1319,4906,7082,7086,306,1846,4792,3258,699,2240,3394,68,5189,2768,3540,1365,4310,1374,6241,737,1767,1133,3447,3194,5629,766
40,296.7200,2176,4355,5508,2565,3976,1549,6809,7578,26,5531,1820,55,2204,2980,1319,4906,7082,7086,306,1846,4792,3258,699,2240,3394,68,5189,2768,3540,1365,4310,1374,6241,737,1767,1133,3447,3194,5629,766
40,296.5300,2176,4355,5508,2565,3976,1549,6809,26,7578,2204,5531,1820,2980,1319,4906,7082,7086,306,1846,55,4792,3258,699,2240,3394,68,5189,155,3540,1365,4310,1374,6241,737,1767,1133,3447,3194,5629,766
40,296.2700,2176,4355,5508,2565,3976,1549,6809,7578,26,5531,1820,55,2204,2980,1319,4906,7082,7086,306,1846,4792,3258,699,2240,3394,68,5189,2768,3540,1365,4310,1374,6241,737,1767,1133,3447,3194,5629,766
40,296.2300,2176,4355,52,2565,3976,1549,6809,26,7578,2204,5531,1820,2980,1319,4906,7082,7086,306,1846,55,4792,3258,699,2240,3394,68,5189,2768,3540,1365,4310,1374,6241,737,1767,1133,3447,3194,5629,766
40,295.7700,2176,4355,5508,2565,3976,1549,6809,7578,26,5531,1820,55,2204,2980,1319,4906,7082,7086,306,1846,4792,3258,699,2240,3394,68,5189,2768,3540,1365,4310,1374,6241,737,1767,1133,3447,3194,5629,766
40,295.7300,2176,4355,5508,2565,3976,1549,6809,7578,26,5531,1820,55,2204,2980,1319,4906,7082,7086,306,1846,4792,3258,699,2240,3394,68,5189,2768,3540,1365,4310,1374,6241,737,1767,1133,3447,3194,5629,766
40,295.5200,2176,4355,5508,2565,3976,1549,6809,7578,26,5531,1820,55,2204,2980,1319,4906,7082,7086,306,1846,4792,3258,699,2240,3394,68,5189,2768,3540,1365,4310,1374,6241,737,1767,1133,3447,3194,5629,766
40,295.4400,2176,4355,5508,2565,3976,1549,6809,7578,26,5531,1820,55,2204,2980,1319,4906,7082,7086,306,1846,4792,3258,699,2240,3394,68,5189,2768,3540,1365,4310,1374,6241,737,1767,1133,3447,3194,5629,766
40,295.1700,2176,4355,5508,2565,3976,1549,6809,7578,26,5531,1820,55,2204,2980,1319,4906,7082,7086,306,1846,4792,3258,699,2240,3394,68,5189,2768,3540,1365,4310,1374,6241,737,1767,1133,3447,3194,5629,766
40,295.0500,2176,4355,5508,2565,3976,1549,6809,7578,26,5531,1820,55,2204,2980,1319,4906,7082,7086,306,1846,4792,3258,699,2240,3394,68,5189,2768,3540,1365,4310,1374,6241,737,1767,1133,3447,3194,5629,766
40,294.9400,2176,4355,5508,2565,3976,1549,6809,7578,26,5531,1820,55,2204,2980,1319,4906,7082,7086,306,1846,4792,3258,699,2240,3394,68,5189,2768,3540,1365,4310,1374,6241,737,1767,1133,3447,3194,5629,766
40,294.8500,2176,4355,5508,2565,3976,1549,6809,7578,26,5531,1820,55,2204,2980,1319,4906,7082,7086,306,1846,4792,3258,699,2240,3394,68,5189,2768,3540,1365,4310,1374,6241,737,1767,1133,3447,3194,5629,766
40,294.4900,2176,4355,5508,2565,3976,1549,6809,7578,26,5531,1820,55,2204,2980,1319,4906,7082,7086,306,1846,4792,3258,699,2240,3394,68,5189,2768,3540,1365,4310,1374,6241,737,1767,1133,3447,3194,5629,766
40,294.4800,2176,4355,5508,2565,3976,1549,6809,7578,26,5531,1820,55,2204,2980,1319,4906,7082,7086,306,1846,4792,3258,699,2240,3394,68,5189,2768,3540,1365,4310,1374,6241,737,1767,1133,3447,3194,5629,766
40,294.1700,2176,4355,5508,2565,3976,1549,6809,7578,26,5531,1820,55,2204,2980,1319,4906,7082,7086,306,1846,4792,3258,699,2240,3394,68,5189,2768,3540,1365,4310,1374,6241,737,1767,1133,3447,3194,5629,766
40,294.0500,2176,4355,5508,2565,3976,1549,6809,7578,26,5531,1820,55,2204,2980,1319,4906,7082,7086,306,1846,4792,3258,699,2240,3394,68,5189,2768,3540,1365,4310,1374,6241,737,1767,1133,3447,3194,5629,766
40,293.9800,2176,4355,5508,2565,3976,1549,6809,7578,26,5531,1820,55,2204,2980,1319,4906,7082,7086,306,1846,4792,3258,699,2240,3394,68,5189,2768,3540,1365,4310,1374,6241,737,1767,1133,3447,3194,5629,766
40,293.8700,2176,4355,5508,2565,3976,1549,6809,7578,26,5531,1820,55,2204,2980,1319,4906,7082,7086,306,1846,4792,3258,699,2240,3394,68,5189,2768,3540,1365,4310,1374,6241,737,1767,1133,3447,3194,5629,766
40,293.8500,2176,4355,5508,2565,3976,1549,6809,7578,26,5531,1820,55,2204,2980,1319,4906,7082,7086,306,1846,4792,3258,699,2240,3394,68,5189,2768,3540,1365,4310,1374,6241,737,1767,1133,3447,3194,5629,766
40,293.5300,2176,4355,5508,2565,3976,1549,6809,7578,26,5531,1820,55,2204,2980,1319,4906,7082,7086,306,1846,4792,3258,699,2240,3394,68,5189,2768,3540,1365,4310,1374,6241,737,1767,1133,3447,3194,5629,766
40,293.2100,2176,4355,5508,2565,3976,1549,6809,7578,26,5531,1820,55,2204,2980,1319,4906,7082,7086,306,1846,4792,3258,699,2240,3394,68,5189,2768,3540,1365,4310,1374,6241,737,1767,1133,3447,3194,5629,766
40,292.7000,2176,4355,5508,2565,3976,1549,6809,7578,26,5531,1820,55,2204,2980,1319,4906,7082,7086,306,1846,4792,3258,699,2240,3394,68,5189,2768,3540,1365,4310,1374,6241,737,1767,1133,3447,3194,5629,766
40,292.4700,2176,4355,5508,2565,3976,1549,6809,7578,26,5531,1820,55,2204,2980,1319,4906,7082,7086,306,1846,4792,3258,699,2240,3394,68,5189,2768,3540,1365,4310,1374,6241,737,1767,1133,3447,3194,5629,766
40,292.4400,2176,4355,5508,2565,3976,1549,6809,7578,26,5531,1820,55,2204,2980,1319,4906,7082,7086,306,1846,4792,3258,699,2240,3394,68,5189,2768,3540,1365,4310,1374,6241,737,1767,1133,3447,3194,5629,766
40,292.3500,2176,4355,5508,2565,3976,1549,6809,7578,26,5531,1820,55,2204,2980,1319,4906,7082,7086,306,1846,4792,3258,699,2240,3394,68,5189,2768,3540,1365,4310,1374,6241,737,1767,1133,3447,3194,5629,766
40,292.2000,2176,4355,3528,2565,3976,1549,6809,26,7578,2204,5531,1820,2980,1319,4906,7082,7086,306,1846,55,4792,3258,699,2240,3394,68,5189,2768,3540,1365,4310,1374,6241,737,1767,1133,3447,3194,5629,766
40,292.1900,2176,4355,5508,2565,3976,1549,6809,7578,26,5531,1820,55,2204,2980,1319,4906,7082,7086,306,1846,4792,3258,699,2240,3394,68,5189,2768,3540,1365,4310,1374,6241,737,1767,1133,3447,3194,5629,766
40,292.1800,2176,4355,5508,2565,3976,1549,6809,7578,26,5531,1820,55,2204,2980,1319,4906,7082,7086,306,1846,4792,3258,699,2240,3394,68,5189,2768,3540,1365,4310,1374,6241,737,1767,1133,3447,3194,5629,766
40,291.9200,2176,4355,5508,2565,3976,1549,6809,7578,26,5531,1820,55,2204,2980,1319,4906,7082,7086,306,1846,4792,3258,699,2240,3394,68,5189,2768,3540,1365,4310,1374,6241,737,1767,1133,3447,3194,5629,766
40,291.7500,2176,4355,5508,2565,3976,1549,6809,7578,26,5531,1820,55,2204,2980,1319,4906,7082,7086,306,1846,4792,3258,699,2240,3394,68,5189,2768,3540,1365,4310,1374,6241,737,1767,1133,3447,3194,5629,766
40,291.6400,2176,4355,5508,2565,3976,1549,6809,7578,26,5531,1820,55,2204,2980,1319,4906,7082,7086,306,1846,4792,3258,699,2240,3394,68,5189,2768,3540,1365,4310,1374,6241,737,1767,1133,3447,3194,5629,766
40,291.6100,2176,4355,5508,2565,3976,1549,6809,7578,26,5531,1820,55,2204,2980,1319,4906,7082,7086,306,1846,4792,3258,699,2240,3394,68,5189,2768,3540,1365,4310,1374,6241,737,1767,1133,3447,3194,5629,766
40,291.6100,2176,4355,5508,2565,3976,1549,6809,7578,26,5531,1820,55,2204,2980,1319,4906,7082,7086,306,1846,4792,3258,699,2240,3394,68,5189,2768,3540,1365,4310,1374,6241,737,1767,1133,3447,3194,5629,766
40,291.3100,2176,4355,5508,2565,3976,1549,6809,7578,26,5531,1820,55,2204,2980,1319,4906,7082,7086,306,1846,4792,3258,699,2240,3394,68,5189,2768,3540,1365,4310,1374,6241,737,1767,1133,3447,3194,5629,766
40,291.2900,2176,4355,5508,2565,3976,1549,6809,7578,26,5531,1820,55,2204,2980,1319,4906,7082,7086,306,1846,4792,3258,699,2240,3394,68,5189,2768,3540,1365,4310,1374,6241,737,1767,1133,3447,3194,5629,766
