n_nodes,influence,n0,n1,n2,n3,n4,n5,n6,n7,n8,n9,n10,n11,n12,n13,n14,n15,n16
17,468.5600,290,2276,165,11302,31847,23560,21993,5604,35813,68716,53297,4149,73238,61659,8732,17470,1535
17,468.5600,290,2276,165,11302,31847,23560,21993,5604,35813,68716,53297,4149,73238,61659,8732,17470,1535
17,468.5600,290,2276,165,11302,31847,23560,21993,5604,35813,68716,53297,4149,73238,61659,8732,17470,1535
17,468.5600,290,2276,165,11302,31847,23560,21993,5604,35813,68716,53297,4149,73238,61659,8732,17470,1535
17,466.1500,290,2276,165,11302,31847,23560,21993,5604,35813,68716,50575,4149,73238,61659,8732,17470,1535
17,466.1500,290,2276,165,11302,31847,23560,21993,5604,35813,68716,50575,4149,73238,61659,8732,17470,1535
17,466.1500,290,2276,165,11302,31847,23560,21993,5604,35813,68716,50575,4149,73238,61659,8732,17470,1535
17,466.1500,290,2276,165,11302,31847,23560,21993,5604,35813,68716,50575,4149,73238,61659,8732,17470,1535
17,466.1500,290,2276,165,11302,31847,23560,21993,5604,35813,68716,50575,4149,73238,61659,8732,17470,1535
17,466.1500,290,2276,165,11302,31847,23560,21993,5604,35813,68716,50575,4149,73238,61659,8732,17470,1535
17,459.2500,290,2276,165,11302,31847,23560,21993,5604,35813,68716,53297,4149,73238,61659,8732,17470,1535
17,454.9800,290,2276,165,11302,31847,23560,21993,5604,35813,68716,57206,4149,73238,61659,8732,17470,1535
17,454.9800,290,2276,165,11302,31847,23560,21993,5604,35813,68716,57206,4149,73238,61659,8732,17470,1535
17,452.9300,290,2276,165,11302,31847,23560,21993,5604,35813,68716,50575,4149,73238,61659,8732,17470,1535
17,452.9000,290,2276,165,11302,31847,23560,21993,5604,35813,68716,50575,4149,73238,61659,8732,17470,1535
17,452.9000,290,2276,165,11302,31847,23560,21993,5604,35813,68716,50575,4149,73238,61659,8732,17470,1535
