generation number, individual number, fitness, candidate
0, 0, 38.59, [656, 520]
0, 1, 10.27, [1555, 716]
0, 2, 7.0, [905, 819]
0, 3, 7.0, [1603, 785]
0, 4, 6.0, [216, 656]
0, 5, 5.0, [1219, 98]
0, 6, 5.0, [1419, 1414]
0, 7, 5.0, [905, 1219]
0, 8, 4.0, [905, 483]
0, 9, 2.0, [609, 1225]
1, 0, 38.59, [656, 520]
1, 1, 13.0, [1138, 1514]
1, 2, 10.27, [1555, 716]
1, 3, 10.0, [656, 785]
1, 4, 10.0, [710, 716]
1, 5, 7.29, [1555, 873]
1, 6, 6.0, [675, 873]
1, 7, 5.18, [1555, 247]
1, 8, 5.0, [905, 922]
1, 9, 5.0, [656, 735]
2, 0, 38.62, [656, 520]
2, 1, 38.59, [656, 520]
2, 2, 36.65, [841, 520]
2, 3, 35.59, [1509, 520]
2, 4, 13.0, [1138, 1514]
2, 5, 12.0, [816, 716]
2, 6, 10.0, [1138, 922]
2, 7, 9.0, [1414, 2070]
2, 8, 9.0, [439, 735]
2, 9, 6.13, [1555, 2340]
3, 0, 38.62, [656, 520]
3, 1, 38.59, [656, 520]
3, 2, 35.62, [1028, 520]
3, 3, 34.25, [5117, 487]
3, 4, 7.0, [662, 751]
3, 5, 6.0, [656, 78]
3, 6, 5.0, [545, 816]
3, 7, 3.51, [1580, 841]
3, 8, 3.25, [1555, 1509]
3, 9, 3.0, [1378, 450]
4, 0, 38.62, [656, 520]
4, 1, 38.59, [656, 520]
4, 2, 29.95, [5117, 2436]
4, 3, 13.25, [2070, 964]
4, 4, 12.0, [656, 1138]
4, 5, 9.0, [816, 487]
4, 6, 9.0, [990, 694]
4, 7, 7.0, [816, 1827]
4, 8, 3.0, [922, 635]
4, 9, 3.0, [247, 15]
5, 0, 38.62, [656, 520]
5, 1, 38.59, [656, 520]
5, 2, 37.41, [1574, 520]
5, 3, 36.68, [1029, 520]
5, 4, 35.62, [1353, 520]
5, 5, 9.52, [656, 336]
5, 6, 9.0, [816, 741]
5, 7, 5.0, [735, 786]
5, 8, 5.0, [656, 786]
5, 9, 3.0, [1967, 1353]
6, 0, 38.62, [656, 520]
6, 1, 38.59, [656, 520]
6, 2, 36.59, [1219, 520]
6, 3, 12.0, [990, 476]
6, 4, 11.0, [656, 934]
6, 5, 9.0, [741, 662]
6, 6, 9.0, [2490, 1138]
6, 7, 6.0, [786, 1219]
6, 8, 5.0, [816, 1045]
6, 9, 3.0, [1219, 1580]
7, 0, 38.62, [656, 520]
7, 1, 38.59, [656, 520]
7, 2, 35.44, [1543, 520]
7, 3, 35.41, [1603, 520]
7, 4, 8.0, [2340, 1567]
7, 5, 8.0, [922, 785]
7, 6, 7.0, [656, 974]
7, 7, 7.0, [816, 98]
7, 8, 5.0, [2667, 819]
7, 9, 4.0, [751, 635]
8, 0, 38.62, [656, 520]
8, 1, 38.59, [656, 520]
8, 2, 9.18, [1347, 873]
8, 3, 7.33, [247, 1347]
8, 4, 7.0, [785, 1569]
8, 5, 6.0, [656, 694]
8, 6, 5.0, [819, 1045]
8, 7, 4.97, [1378, 1347]
8, 8, 4.0, [247, 320]
8, 9, 3.0, [429, 850]
9, 0, 38.62, [656, 520]
9, 1, 38.59, [656, 520]
9, 2, 38.5, [816, 520]
9, 3, 38.5, [816, 520]
9, 4, 35.53, [675, 520]
9, 5, 9.13, [2070, 1347]
9, 6, 9.0, [439, 1138]
9, 7, 9.0, [656, 1514]
9, 8, 6.51, [662, 3]
9, 9, 5.0, [656, 609]
10, 0, 38.62, [656, 520]
10, 1, 38.59, [656, 520]
10, 2, 37.07, [1138, 5117]
10, 3, 12.0, [816, 716]
10, 4, 12.0, [656, 716]
10, 5, 8.0, [934, 545]
10, 6, 7.0, [816, 1574]
10, 7, 6.0, [798, 1514]
10, 8, 5.0, [656, 1603]
10, 9, 3.0, [831, 780]
11, 0, 38.62, [656, 520]
11, 1, 38.59, [656, 520]
11, 2, 9.4, [964, 1003]
11, 3, 8.0, [731, 439]
11, 4, 7.0, [656, 819]
11, 5, 7.0, [1514, 850]
11, 6, 6.16, [1347, 697]
11, 7, 4.0, [666, 974]
11, 8, 4.0, [1967, 495]
11, 9, 3.0, [697, 2436]
12, 0, 38.62, [656, 520]
12, 1, 38.6, [336, 520]
12, 2, 38.59, [656, 520]
12, 3, 12.2, [694, 964]
12, 4, 8.0, [934, 1509]
12, 5, 7.0, [1514, 690]
12, 6, 6.0, [816, 1219]
12, 7, 6.0, [816, 850]
12, 8, 6.0, [2070, 1045]
12, 9, 5.0, [656, 1378]
13, 0, 38.71, [816, 520]
13, 1, 38.62, [656, 520]
13, 2, 38.6, [336, 520]
13, 3, 12.35, [816, 964]
13, 4, 12.0, [816, 1138]
13, 5, 6.51, [336, 483]
13, 6, 5.0, [816, 339]
13, 7, 5.0, [675, 819]
13, 8, 5.0, [1967, 809]
13, 9, 5.0, [694, 819]
14, 0, 38.71, [816, 520]
14, 1, 38.62, [656, 520]
14, 2, 38.38, [487, 520]
14, 3, 13.0, [873, 439]
14, 4, 12.0, [816, 439]
14, 5, 9.7, [429, 964]
14, 6, 7.0, [816, 587]
14, 7, 7.0, [694, 751]
14, 8, 6.0, [970, 2436]
14, 9, 5.0, [1827, 922]
15, 0, 38.71, [816, 520]
15, 1, 38.62, [656, 520]
15, 2, 38.29, [816, 520]
15, 3, 34.59, [545, 520]
15, 4, 34.29, [216, 520]
15, 5, 9.0, [1138, 2341]
15, 6, 6.0, [711, 970]
15, 7, 5.54, [1430, 78]
15, 8, 5.0, [816, 2490]
15, 9, 5.0, [694, 1580]
16, 0, 38.77, [786, 520]
16, 1, 38.71, [816, 520]
16, 2, 38.62, [656, 520]
16, 3, 35.47, [1048, 520]
16, 4, 13.85, [964, 2032]
16, 5, 12.0, [934, 1514]
16, 6, 10.0, [2032, 741]
16, 7, 5.0, [1003, 1567]
16, 8, 5.0, [1567, 1353]
16, 9, 5.0, [694, 609]
17, 0, 38.77, [786, 520]
17, 1, 38.71, [816, 520]
17, 2, 38.56, [656, 520]
17, 3, 9.0, [716, 635]
17, 4, 6.0, [816, 495]
17, 5, 6.0, [2070, 1045]
17, 6, 4.0, [495, 216]
17, 7, 4.0, [1045, 974]
17, 8, 4.0, [1419, 98]
17, 9, 3.0, [450, 1509]
18, 0, 38.77, [786, 520]
18, 1, 38.71, [816, 520]
18, 2, 34.5, [922, 520]
18, 3, 34.47, [735, 520]
18, 4, 13.0, [716, 741]
18, 5, 12.0, [694, 1138]
18, 6, 5.0, [786, 735]
18, 7, 5.0, [2341, 656]
18, 8, 5.0, [1353, 1414]
18, 9, 5.0, [694, 635]
19, 0, 38.77, [786, 520]
19, 1, 38.71, [816, 520]
19, 2, 38.68, [694, 520]
19, 3, 13.0, [1138, 990]
19, 4, 9.0, [2032, 662]
19, 5, 9.0, [656, 1514]
19, 6, 7.58, [873, 3]
19, 7, 7.21, [1414, 1025]
19, 8, 7.0, [2340, 819]
19, 9, 6.0, [922, 2340]
20, 0, 38.77, [786, 520]
20, 1, 38.71, [816, 520]
20, 2, 38.5, [656, 520]
20, 3, 27.56, [816, 2846]
20, 4, 16.55, [1138, 964]
20, 5, 10.0, [1138, 495]
20, 6, 9.0, [816, 1381]
20, 7, 9.0, [819, 990]
20, 8, 7.46, [336, 902]
20, 9, 6.0, [902, 819]
21, 0, 38.77, [786, 520]
21, 1, 38.71, [816, 520]
21, 2, 25.51, [1029, 2846]
21, 3, 14.0, [785, 1138]
21, 4, 12.0, [786, 1138]
21, 5, 6.0, [656, 694]
21, 6, 5.0, [786, 1378]
21, 7, 5.0, [786, 1378]
21, 8, 5.0, [694, 798]
21, 9, 5.0, [339, 1414]
22, 0, 39.68, [520, 834]
22, 1, 38.77, [786, 520]
22, 2, 38.71, [816, 520]
22, 3, 36.47, [1157, 520]
22, 4, 35.44, [1045, 520]
22, 5, 34.2, [735, 520]
22, 6, 12.0, [694, 1138]
22, 7, 9.0, [905, 785]
22, 8, 7.0, [786, 974]
22, 9, 6.0, [694, 902]
23, 0, 39.68, [520, 834]
23, 1, 38.77, [786, 520]
23, 2, 31.55, [656, 5117]
23, 3, 9.0, [656, 834]
23, 4, 8.0, [934, 1569]
23, 5, 6.0, [662, 3147]
23, 6, 5.0, [1603, 662]
23, 7, 5.0, [2340, 1569]
23, 8, 4.0, [711, 587]
23, 9, 3.26, [2490, 1289]
24, 0, 39.68, [520, 834]
24, 1, 38.77, [786, 520]
24, 2, 9.0, [656, 834]
24, 3, 9.0, [819, 834]
24, 4, 6.52, [841, 1414]
24, 5, 4.44, [3639, 1025]
24, 6, 4.0, [320, 809]
24, 7, 3.06, [711, 1555]
24, 8, 3.0, [495, 1394]
24, 9, 2.0, [1419, 545]
25, 0, 39.68, [520, 834]
25, 1, 38.77, [786, 520]
25, 2, 38.53, [520, 1414]
25, 3, 36.62, [520, 1219]
25, 4, 12.0, [819, 1138]
25, 5, 10.0, [873, 487]
25, 6, 9.0, [819, 834]
25, 7, 9.0, [656, 834]
25, 8, 5.0, [1509, 2340]
25, 9, 2.0, [1028, 3639]
26, 0, 39.68, [520, 834]
26, 1, 38.77, [786, 520]
26, 2, 36.08, [520, 3147]
26, 3, 35.59, [1543, 520]
26, 4, 35.35, [520, 1603]
26, 5, 34.68, [635, 520]
26, 6, 9.54, [336, 1414]
26, 7, 9.0, [970, 1414]
26, 8, 6.0, [809, 905]
26, 9, 6.0, [2032, 483]
27, 0, 39.68, [520, 834]
27, 1, 38.77, [786, 520]
27, 2, 35.5, [520, 1045]
27, 3, 34.44, [520, 1540]
27, 4, 25.48, [2846, 78]
27, 5, 8.0, [934, 320]
27, 6, 7.0, [905, 819]
27, 7, 5.0, [1543, 1045]
27, 8, 5.0, [786, 798]
27, 9, 3.0, [735, 697]
28, 0, 39.68, [520, 834]
28, 1, 38.77, [786, 520]
28, 2, 35.74, [520, 339]
28, 3, 35.62, [520, 1045]
28, 4, 11.65, [964, 974]
28, 5, 9.0, [662, 834]
28, 6, 6.0, [690, 1414]
28, 7, 4.0, [1045, 905]
28, 8, 3.37, [1289, 666]
28, 9, 3.0, [78, 2436]
29, 0, 39.68, [520, 834]
29, 1, 38.77, [786, 520]
29, 2, 34.26, [1419, 520]
29, 3, 8.0, [1574, 834]
29, 4, 7.0, [78, 834]
29, 5, 5.0, [15, 1414]
29, 6, 5.0, [609, 694]
29, 7, 4.0, [922, 216]
29, 8, 3.0, [731, 495]
29, 9, 3.0, [3639, 495]
30, 0, 39.68, [520, 834]
30, 1, 39.59, [520, 1514]
30, 2, 38.77, [786, 520]
30, 3, 35.44, [1225, 520]
30, 4, 10.0, [690, 439]
30, 5, 10.0, [873, 2032]
30, 6, 7.49, [1430, 656]
30, 7, 5.0, [816, 1225]
30, 8, 5.0, [2340, 2490]
30, 9, 3.0, [339, 690]
31, 0, 39.68, [520, 834]
31, 1, 39.59, [520, 1514]
31, 2, 13.0, [716, 1514]
31, 3, 12.0, [934, 834]
31, 4, 9.48, [934, 841]
31, 5, 7.0, [690, 834]
31, 6, 6.0, [15, 1381]
31, 7, 4.0, [735, 1827]
31, 8, 4.0, [2490, 587]
31, 9, 4.0, [98, 483]
32, 0, 39.68, [520, 834]
32, 1, 39.59, [520, 1514]
32, 2, 35.26, [520, 1048]
32, 3, 13.0, [1138, 834]
32, 4, 11.0, [785, 834]
32, 5, 11.0, [2340, 476]
32, 6, 8.0, [990, 834]
32, 7, 5.0, [831, 2340]
32, 8, 4.07, [1555, 216]
32, 9, 2.0, [2667, 691]
33, 0, 39.68, [520, 834]
33, 1, 39.59, [520, 1514]
33, 2, 38.26, [520, 2340]
33, 3, 36.53, [520, 587]
33, 4, 9.0, [656, 2032]
33, 5, 8.6, [1430, 834]
33, 6, 8.0, [2340, 1414]
33, 7, 6.0, [711, 1514]
33, 8, 6.0, [78, 786]
33, 9, 5.0, [1225, 816]
34, 0, 39.68, [520, 834]
34, 1, 39.59, [520, 1514]
34, 2, 9.0, [2070, 2340]
34, 3, 8.0, [656, 1414]
34, 4, 7.0, [850, 834]
34, 5, 7.0, [1827, 2340]
34, 6, 6.0, [635, 834]
34, 7, 6.0, [2490, 2032]
34, 8, 6.0, [1045, 1514]
34, 9, 6.0, [339, 834]
35, 0, 39.68, [520, 834]
35, 1, 39.59, [520, 1514]
35, 2, 10.0, [785, 2340]
35, 3, 8.0, [429, 934]
35, 4, 7.58, [1430, 816]
35, 5, 7.0, [545, 785]
35, 6, 7.0, [2070, 1157]
35, 7, 6.0, [819, 816]
35, 8, 6.0, [1157, 1414]
35, 9, 3.0, [2490, 1029]
36, 0, 39.68, [520, 834]
36, 1, 39.59, [520, 1514]
36, 2, 38.47, [520, 2340]
36, 3, 36.38, [520, 1157]
36, 4, 10.0, [785, 2340]
36, 5, 10.0, [741, 834]
36, 6, 7.0, [902, 1514]
36, 7, 6.0, [819, 1967]
36, 8, 5.0, [666, 1414]
36, 9, 3.0, [922, 2490]
37, 0, 39.68, [520, 834]
37, 1, 39.59, [520, 1514]
37, 2, 39.29, [520, 834]
37, 3, 38.5, [520, 1414]
37, 4, 9.15, [1347, 2070]
37, 5, 9.0, [1543, 1514]
37, 6, 6.0, [2490, 834]
37, 7, 5.0, [1514, 2341]
37, 8, 5.0, [735, 1414]
37, 9, 5.0, [1603, 819]
38, 0, 39.68, [520, 834]
38, 1, 39.59, [520, 1514]
38, 2, 13.0, [1138, 834]
38, 3, 8.0, [662, 1414]
38, 4, 7.37, [990, 1555]
38, 5, 7.0, [1381, 710]
38, 6, 7.0, [635, 785]
38, 7, 6.0, [2490, 834]
38, 8, 5.0, [694, 1569]
38, 9, 4.0, [247, 711]
39, 0, 39.68, [520, 834]
39, 1, 39.59, [520, 1514]
39, 2, 9.45, [964, 1229]
39, 3, 9.0, [1138, 1569]
39, 4, 8.0, [662, 1414]
39, 5, 8.0, [1378, 934]
39, 6, 6.0, [2436, 1381]
39, 7, 6.0, [450, 2340]
39, 8, 5.0, [1003, 1414]
39, 9, 4.0, [690, 1540]
40, 0, 39.68, [520, 834]
40, 1, 39.59, [520, 1514]
40, 2, 12.2, [964, 2340]
40, 3, 12.0, [476, 834]
40, 4, 12.0, [476, 834]
40, 5, 10.5, [336, 1514]
40, 6, 10.47, [336, 834]
40, 7, 9.0, [716, 1229]
40, 8, 5.0, [662, 1229]
40, 9, 3.0, [690, 1229]
41, 0, 39.68, [520, 834]
41, 1, 39.59, [520, 1514]
41, 2, 35.99, [520, 780]
41, 3, 35.8, [520, 691]
41, 4, 10.46, [336, 1514]
41, 5, 8.0, [1514, 809]
41, 6, 7.0, [690, 970]
41, 7, 7.0, [690, 834]
41, 8, 6.61, [587, 1430]
41, 9, 6.0, [495, 2340]
42, 0, 39.68, [520, 834]
42, 1, 39.59, [520, 1514]
42, 2, 34.56, [520, 1419]
42, 3, 9.43, [336, 1414]
42, 4, 8.0, [247, 1514]
42, 5, 8.0, [587, 2032]
42, 6, 7.38, [1025, 1414]
42, 7, 7.0, [2070, 78]
42, 8, 4.0, [587, 2436]
42, 9, 4.0, [2667, 974]
43, 0, 39.68, [520, 834]
43, 1, 39.59, [520, 1514]
43, 2, 36.14, [520, 3147]
43, 3, 9.0, [716, 1353]
43, 4, 7.51, [1514, 841]
43, 5, 7.06, [2340, 1025]
43, 6, 6.0, [320, 834]
43, 7, 5.0, [691, 1414]
43, 8, 4.51, [495, 841]
43, 9, 4.18, [339, 1025]
44, 0, 39.68, [520, 834]
44, 1, 39.59, [520, 1514]
44, 2, 38.62, [520, 1414]
44, 3, 35.23, [520, 1045]
44, 4, 25.47, [662, 2846]
44, 5, 11.0, [656, 476]
44, 6, 9.0, [1138, 1353]
44, 7, 8.0, [785, 3147]
44, 8, 7.0, [2070, 216]
44, 9, 4.21, [1347, 1555]
45, 0, 39.68, [520, 834]
45, 1, 39.59, [520, 1514]
45, 2, 38.71, [520, 1414]
45, 3, 30.31, [1045, 5117]
45, 4, 12.0, [1138, 1543]
45, 5, 9.25, [964, 666]
45, 6, 8.31, [1543, 1347]
45, 7, 7.0, [98, 1414]
45, 8, 6.16, [1347, 697]
45, 9, 6.0, [666, 834]
46, 0, 39.68, [520, 834]
46, 1, 39.59, [520, 1514]
46, 2, 38.2, [520, 2340]
46, 3, 36.69, [520, 1289]
46, 4, 9.0, [662, 1514]
46, 5, 8.0, [98, 834]
46, 6, 8.0, [609, 476]
46, 7, 5.0, [1048, 662]
46, 8, 4.0, [1157, 697]
46, 9, 3.1, [1555, 3639]
47, 0, 39.68, [520, 834]
47, 1, 39.59, [520, 1514]
47, 2, 6.0, [2436, 1514]
47, 3, 6.0, [831, 873]
47, 4, 6.0, [78, 1414]
47, 5, 6.0, [710, 2340]
47, 6, 6.0, [970, 1378]
47, 7, 6.0, [2490, 834]
47, 8, 4.0, [247, 831]
47, 9, 3.27, [666, 1555]
48, 0, 39.68, [520, 834]
48, 1, 39.59, [520, 1514]
48, 2, 13.0, [716, 1514]
48, 3, 13.0, [716, 1514]
48, 4, 10.0, [1138, 450]
48, 5, 8.0, [990, 834]
48, 6, 7.0, [1540, 1514]
48, 7, 5.0, [2436, 1414]
48, 8, 5.0, [819, 1419]
48, 9, 3.26, [1580, 1555]
49, 0, 39.68, [520, 834]
49, 1, 39.59, [520, 1514]
49, 2, 38.5, [520, 819]
49, 3, 34.47, [520, 2436]
49, 4, 13.54, [716, 336]
49, 5, 12.0, [716, 2340]
49, 6, 11.0, [785, 834]
49, 7, 7.0, [922, 834]
49, 8, 7.0, [495, 1514]
49, 9, 6.0, [2436, 1514]
50, 0, 39.68, [520, 834]
50, 1, 39.59, [520, 1514]
50, 2, 30.2, [483, 5117]
50, 3, 13.0, [439, 834]
50, 4, 7.0, [741, 1157]
50, 5, 6.0, [1543, 1029]
50, 6, 6.0, [3639, 487]
50, 7, 4.0, [247, 2436]
50, 8, 4.0, [1569, 1574]
50, 9, 2.0, [2490, 2667]
