generation number, individual number, fitness, candidate
0, 0, 14.09, [3752, 2400, 282]
0, 1, 13.77, [3736, 269, 3739]
0, 2, 13.49, [3736, 3747, 1315]
0, 3, 12.93, [2595, 291, 1825]
0, 4, 12.05, [3760, 1321, 181]
0, 5, 11.59, [1830, 1321, 3752]
0, 6, 11.07, [3756, 4184, 3736]
0, 7, 11.02, [3737, 275, 1092]
0, 8, 10.52, [546, 287, 279]
0, 9, 8.77, [3748, 3750, 3756]
1, 0, 16.29, [3736, 3777, 282]
1, 1, 15.6, [3736, 693, 279]
1, 2, 14.09, [3752, 2400, 282]
1, 3, 13.77, [3736, 269, 3739]
1, 4, 13.31, [3746, 2400, 282]
1, 5, 12.14, [3754, 3747, 181]
1, 6, 11.82, [2229, 269, 1040]
1, 7, 11.48, [3752, 291, 3739]
1, 8, 10.98, [3736, 291, 3734]
1, 9, 10.78, [3758, 702, 3737]
2, 0, 19.02, [3736, 693, 77]
2, 1, 16.29, [3736, 3777, 282]
2, 2, 15.6, [3736, 693, 279]
2, 3, 15.52, [3744, 693, 282]
2, 4, 13.22, [3749, 3777, 282]
2, 5, 12.71, [3752, 2400, 101]
2, 6, 12.65, [3733, 2400, 282]
2, 7, 12.25, [4131, 693, 279]
2, 8, 11.82, [3746, 3777, 352]
2, 9, 11.8, [3754, 3777, 279]
3, 0, 20.71, [3736, 693, 77]
3, 1, 19.02, [3736, 693, 77]
3, 2, 16.8, [689, 1040, 77]
3, 3, 16.29, [3736, 3777, 282]
3, 4, 15.57, [3746, 3777, 77]
3, 5, 15.15, [1987, 3741, 77]
3, 6, 13.68, [3745, 693, 159]
3, 7, 13.48, [3749, 3733, 282]
3, 8, 13.16, [3754, 693, 1032]
3, 9, 12.19, [3743, 1826, 77]
4, 0, 20.71, [3736, 693, 77]
4, 1, 19.02, [3736, 693, 77]
4, 2, 17.6, [3736, 3741, 77]
4, 3, 17.55, [689, 229, 77]
4, 4, 17.27, [3105, 693, 77]
4, 5, 16.8, [3736, 2400, 77]
4, 6, 16.59, [1315, 693, 77]
4, 7, 14.91, [3736, 3397, 275]
4, 8, 9.61, [3755, 1040, 3739]
4, 9, 9.53, [101, 3749, 699]
5, 0, 20.71, [3736, 693, 77]
5, 1, 19.02, [3736, 693, 77]
5, 2, 17.16, [3749, 693, 77]
5, 3, 16.18, [3736, 101, 4128]
5, 4, 15.82, [3736, 285, 77]
5, 5, 15.8, [3397, 229, 77]
5, 6, 15.55, [1032, 24, 77]
5, 7, 15.13, [3102, 3742, 77]
5, 8, 12.44, [4794, 359, 77]
5, 9, 12.36, [2400, 693, 159]
6, 0, 20.71, [3736, 693, 77]
6, 1, 19.02, [3736, 693, 77]
6, 2, 17.28, [3736, 693, 159]
6, 3, 16.6, [3736, 4131, 77]
6, 4, 15.68, [3745, 693, 77]
6, 5, 14.6, [702, 693, 77]
6, 6, 13.94, [352, 282, 3745]
6, 7, 13.51, [3736, 693, 263]
6, 8, 11.67, [3749, 693, 4131]
6, 9, 11.44, [275, 1825, 263]
7, 0, 20.71, [3736, 693, 77]
7, 1, 19.02, [3736, 693, 77]
7, 2, 18.05, [3736, 24, 77]
7, 3, 16.21, [287, 229, 77]
7, 4, 15.63, [3736, 693, 1541]
7, 5, 13.39, [3746, 4301, 77]
7, 6, 13.16, [3755, 3759, 77]
7, 7, 12.87, [352, 3749, 159]
7, 8, 8.55, [3105, 1588, 293]
7, 9, 7.62, [3755, 4184, 3747]
8, 0, 20.71, [3736, 693, 77]
8, 1, 19.02, [3736, 693, 77]
8, 2, 16.91, [702, 72, 77]
8, 3, 16.39, [3736, 689, 159]
8, 4, 14.15, [3753, 24, 77]
8, 5, 13.71, [1588, 693, 77]
8, 6, 11.72, [3736, 1829, 263]
8, 7, 11.41, [3736, 3740, 4108]
8, 8, 11.26, [3736, 3753, 271]
8, 9, 9.49, [2490, 263, 77]
9, 0, 20.71, [3736, 693, 77]
9, 1, 19.02, [3736, 693, 77]
9, 2, 18.4, [3736, 279, 77]
9, 3, 17.11, [3744, 72, 77]
9, 4, 16.03, [3736, 689, 275]
9, 5, 15.72, [3737, 72, 77]
9, 6, 15.61, [1322, 693, 77]
9, 7, 15.44, [1322, 693, 77]
9, 8, 14.35, [3743, 693, 159]
9, 9, 13.42, [1831, 1987, 4128]
10, 0, 20.71, [3736, 693, 77]
10, 1, 19.02, [3736, 693, 77]
10, 2, 17.97, [3736, 279, 77]
10, 3, 15.37, [3736, 693, 275]
10, 4, 14.84, [2463, 3750, 77]
10, 5, 13.57, [2598, 279, 77]
10, 6, 13.43, [3744, 693, 275]
10, 7, 11.99, [1321, 1829, 159]
10, 8, 11.55, [689, 693, 263]
10, 9, 11.28, [279, 3758, 1032]
