generation number, individual number, fitness, candidate
0, 0, 3.12, [277, 295, 279]
0, 1, 3.07, [2527, 226, 874]
0, 2, 3.06, [77, 191, 288]
0, 3, 3.04, [343, 222, 159]
0, 4, 3.04, [3155, 3135, 159]
0, 5, 3.03, [98, 277, 300]
0, 6, 3.03, [1082, 2767, 2595]
0, 7, 3.02, [291, 558, 2532]
0, 8, 3.0, [302, 261, 222]
0, 9, 3.0, [4602, 222, 219]
1, 0, 3.13, [300, 295, 273]
1, 1, 3.12, [277, 295, 279]
1, 2, 3.11, [265, 295, 279]
1, 3, 3.11, [277, 295, 541]
1, 4, 3.1, [277, 226, 2762]
1, 5, 3.09, [277, 191, 2770]
1, 6, 3.09, [2527, 295, 260]
1, 7, 3.09, [77, 193, 279]
1, 8, 3.07, [2527, 226, 874]
1, 9, 3.06, [2527, 103, 874]
2, 0, 3.16, [277, 295, 615]
2, 1, 3.15, [300, 295, 260]
2, 2, 3.13, [300, 295, 277]
2, 3, 3.13, [300, 295, 273]
2, 4, 3.12, [277, 295, 279]
2, 5, 3.09, [1087, 615, 273]
2, 6, 3.07, [263, 295, 278]
2, 7, 3.03, [300, 260, 2525]
2, 8, 3.02, [277, 558, 541]
2, 9, 3.02, [264, 297, 283]
3, 0, 3.16, [558, 295, 622]
3, 1, 3.16, [277, 295, 615]
3, 2, 3.15, [300, 295, 260]
3, 3, 3.13, [277, 609, 615]
3, 4, 3.11, [277, 303, 296]
3, 5, 3.1, [303, 295, 260]
3, 6, 3.09, [302, 295, 277]
3, 7, 3.08, [302, 295, 615]
3, 8, 3.06, [300, 622, 277]
3, 9, 3.06, [275, 295, 4849]
4, 0, 3.16, [77, 316, 615]
4, 1, 3.16, [558, 295, 622]
4, 2, 3.16, [277, 295, 615]
4, 3, 3.15, [300, 295, 615]
4, 4, 3.13, [103, 295, 263]
4, 5, 3.12, [103, 295, 260]
4, 6, 3.11, [2599, 295, 250]
4, 7, 3.11, [2762, 295, 615]
4, 8, 3.1, [2767, 295, 265]
4, 9, 3.09, [277, 274, 622]
5, 0, 3.16, [277, 295, 103]
5, 1, 3.16, [77, 316, 615]
5, 2, 3.16, [558, 295, 622]
5, 3, 3.15, [103, 295, 615]
5, 4, 3.12, [103, 295, 615]
5, 5, 3.08, [2515, 295, 615]
5, 6, 3.08, [275, 295, 263]
5, 7, 3.06, [277, 534, 622]
5, 8, 3.06, [558, 283, 615]
5, 9, 3.04, [77, 316, 615]
6, 0, 3.18, [77, 295, 615]
6, 1, 3.17, [77, 295, 380]
6, 2, 3.16, [277, 295, 103]
6, 3, 3.16, [77, 316, 615]
6, 4, 3.11, [277, 316, 103]
6, 5, 3.08, [2764, 295, 103]
6, 6, 3.07, [558, 2513, 615]
6, 7, 3.05, [558, 2593, 615]
6, 8, 3.05, [277, 2711, 285]
6, 9, 3.03, [3135, 316, 615]
7, 0, 3.18, [77, 295, 615]
7, 1, 3.17, [77, 295, 380]
7, 2, 3.11, [274, 295, 278]
7, 3, 3.1, [2527, 295, 98]
7, 4, 3.1, [77, 220, 380]
7, 5, 3.09, [76, 295, 103]
7, 6, 3.08, [2762, 295, 335]
7, 7, 3.08, [77, 283, 615]
7, 8, 3.07, [103, 154, 104]
7, 9, 3.03, [274, 283, 615]
8, 0, 3.18, [77, 295, 615]
8, 1, 3.17, [77, 295, 380]
8, 2, 3.11, [1082, 295, 103]
8, 3, 3.1, [874, 295, 615]
8, 4, 3.08, [274, 295, 263]
8, 5, 3.08, [265, 295, 615]
8, 6, 3.06, [316, 295, 102]
8, 7, 3.05, [2764, 1088, 380]
8, 8, 3.04, [260, 2514, 615]
8, 9, 3.02, [279, 2514, 615]
9, 0, 3.18, [77, 295, 615]
9, 1, 3.17, [77, 295, 380]
9, 2, 3.15, [265, 295, 615]
9, 3, 3.14, [77, 295, 154]
9, 4, 3.13, [274, 295, 615]
9, 5, 3.09, [77, 2770, 380]
9, 6, 3.09, [295, 291, 4602]
9, 7, 3.08, [265, 295, 103]
9, 8, 3.07, [274, 291, 615]
9, 9, 3.04, [256, 296, 615]
10, 0, 3.18, [77, 295, 615]
10, 1, 3.17, [77, 295, 380]
10, 2, 3.12, [266, 295, 154]
10, 3, 3.11, [558, 295, 279]
10, 4, 3.09, [265, 295, 1086]
10, 5, 3.09, [76, 295, 615]
10, 6, 3.08, [265, 295, 103]
10, 7, 3.07, [274, 297, 2712]
10, 8, 3.06, [265, 2527, 226]
10, 9, 3.06, [77, 264, 280]
11, 0, 3.18, [77, 295, 615]
11, 1, 3.17, [77, 295, 380]
11, 2, 3.14, [77, 250, 615]
11, 3, 3.1, [76, 295, 154]
11, 4, 3.06, [266, 1082, 615]
11, 5, 3.05, [77, 278, 274]
11, 6, 3.04, [77, 2515, 3334]
11, 7, 3.03, [283, 209, 259]
11, 8, 3.02, [266, 220, 154]
11, 9, 3.02, [302, 534, 154]
12, 0, 3.18, [77, 295, 615]
12, 1, 3.17, [77, 295, 380]
12, 2, 3.13, [77, 295, 622]
12, 3, 3.1, [76, 295, 2765]
12, 4, 3.1, [77, 295, 296]
12, 5, 3.07, [76, 295, 622]
12, 6, 3.07, [275, 295, 380]
12, 7, 3.06, [274, 295, 154]
12, 8, 3.06, [316, 295, 275]
12, 9, 3.05, [274, 295, 1069]
13, 0, 3.18, [77, 295, 615]
13, 1, 3.17, [77, 295, 380]
13, 2, 3.14, [77, 558, 2596]
13, 3, 3.12, [76, 295, 2595]
13, 4, 3.11, [77, 301, 278]
13, 5, 3.1, [77, 295, 622]
13, 6, 3.1, [159, 191, 1087]
13, 7, 3.07, [219, 295, 296]
13, 8, 3.07, [265, 1095, 2764]
13, 9, 3.06, [77, 300, 534]
14, 0, 3.18, [77, 295, 615]
14, 1, 3.17, [77, 295, 380]
14, 2, 3.16, [77, 295, 103]
14, 3, 3.11, [77, 295, 154]
14, 4, 3.11, [265, 295, 380]
14, 5, 3.1, [2597, 295, 222]
14, 6, 3.06, [77, 303, 541]
14, 7, 3.05, [77, 260, 220]
14, 8, 3.05, [2764, 250, 615]
14, 9, 3.05, [274, 149, 301]
15, 0, 3.18, [77, 295, 615]
15, 1, 3.17, [77, 295, 380]
15, 2, 3.1, [265, 295, 615]
15, 3, 3.1, [77, 103, 220]
15, 4, 3.09, [2514, 295, 3155]
15, 5, 3.08, [77, 295, 154]
15, 6, 3.07, [2762, 2514, 615]
15, 7, 3.05, [77, 2512, 279]
15, 8, 3.03, [2764, 2527, 380]
15, 9, 3.03, [103, 2527, 615]
16, 0, 3.18, [77, 295, 615]
16, 1, 3.17, [77, 295, 380]
16, 2, 3.11, [77, 295, 279]
16, 3, 3.08, [77, 103, 154]
16, 4, 3.08, [226, 103, 615]
16, 5, 3.07, [77, 295, 209]
16, 6, 3.06, [265, 295, 154]
16, 7, 3.05, [343, 103, 296]
16, 8, 3.05, [240, 261, 615]
16, 9, 3.04, [2764, 2770, 615]
17, 0, 3.18, [77, 295, 615]
17, 1, 3.17, [77, 295, 380]
17, 2, 3.14, [277, 256, 279]
17, 3, 3.14, [77, 295, 3135]
17, 4, 3.13, [2764, 295, 154]
17, 5, 3.1, [77, 2593, 265]
17, 6, 3.09, [2764, 295, 615]
17, 7, 3.08, [77, 295, 154]
17, 8, 3.06, [77, 91, 2156]
17, 9, 3.04, [76, 2525, 279]
18, 0, 3.18, [77, 295, 615]
18, 1, 3.17, [77, 295, 380]
18, 2, 3.12, [77, 295, 296]
18, 3, 3.1, [2764, 2513, 279]
18, 4, 3.09, [77, 541, 154]
18, 5, 3.08, [316, 295, 615]
18, 6, 3.07, [2764, 295, 2711]
18, 7, 3.07, [77, 275, 2711]
18, 8, 3.03, [300, 256, 154]
18, 9, 3.03, [77, 558, 615]
19, 0, 3.18, [77, 295, 615]
19, 1, 3.17, [3155, 295, 259]
19, 2, 3.17, [77, 295, 380]
19, 3, 3.14, [77, 295, 622]
19, 4, 3.13, [265, 295, 1086]
19, 5, 3.09, [2599, 558, 615]
19, 6, 3.07, [278, 380, 2711]
19, 7, 3.07, [77, 876, 296]
19, 8, 3.04, [3334, 295, 2596]
19, 9, 3.02, [76, 193, 380]
20, 0, 3.18, [77, 295, 615]
20, 1, 3.17, [3155, 295, 259]
20, 2, 3.13, [77, 295, 280]
20, 3, 3.12, [77, 295, 81]
20, 4, 3.08, [3155, 283, 615]
20, 5, 3.07, [77, 76, 380]
20, 6, 3.07, [265, 295, 259]
20, 7, 3.06, [77, 2156, 622]
20, 8, 3.06, [2764, 149, 622]
20, 9, 3.06, [3155, 283, 615]
21, 0, 3.18, [77, 295, 615]
21, 1, 3.17, [3155, 295, 259]
21, 2, 3.14, [77, 295, 280]
21, 3, 3.12, [300, 295, 193]
21, 4, 3.11, [265, 295, 622]
21, 5, 3.11, [77, 279, 295]
21, 6, 3.07, [209, 295, 534]
21, 7, 3.04, [2530, 283, 616]
21, 8, 3.02, [91, 2530, 265]
21, 9, 3.02, [76, 2532, 288]
22, 0, 3.18, [77, 295, 615]
22, 1, 3.17, [3155, 295, 259]
22, 2, 3.14, [77, 876, 259]
22, 3, 3.12, [3155, 295, 622]
22, 4, 3.12, [1095, 295, 615]
22, 5, 3.11, [77, 2765, 103]
22, 6, 3.11, [77, 2514, 874]
22, 7, 3.09, [77, 2595, 259]
22, 8, 3.09, [159, 2574, 295]
22, 9, 3.08, [77, 295, 280]
23, 0, 3.18, [77, 295, 615]
23, 1, 3.17, [3155, 295, 259]
23, 2, 3.16, [3155, 295, 279]
23, 3, 3.12, [277, 2762, 615]
23, 4, 3.09, [1095, 295, 2595]
23, 5, 3.08, [259, 2065, 615]
23, 6, 3.07, [1082, 295, 259]
23, 7, 3.06, [1095, 295, 615]
23, 8, 3.06, [77, 2530, 259]
23, 9, 3.04, [265, 240, 615]
24, 0, 3.18, [77, 295, 615]
24, 1, 3.17, [77, 2950, 279]
24, 2, 3.17, [3155, 295, 259]
24, 3, 3.12, [77, 193, 615]
24, 4, 3.11, [3334, 295, 615]
24, 5, 3.11, [2765, 295, 220]
24, 6, 3.1, [277, 2530, 615]
24, 7, 3.09, [2513, 209, 534]
24, 8, 3.08, [265, 295, 259]
24, 9, 3.07, [301, 295, 2514]
25, 0, 3.2, [3155, 295, 277]
25, 1, 3.18, [77, 295, 615]
25, 2, 3.17, [77, 2950, 279]
25, 3, 3.13, [77, 295, 280]
25, 4, 3.11, [301, 295, 259]
25, 5, 3.09, [3155, 191, 279]
25, 6, 3.09, [77, 295, 102]
25, 7, 3.08, [1095, 295, 615]
25, 8, 3.06, [2764, 295, 259]
25, 9, 3.04, [4602, 2514, 191]
26, 0, 3.2, [3155, 295, 277]
26, 1, 3.18, [77, 295, 615]
26, 2, 3.15, [259, 295, 277]
26, 3, 3.11, [1095, 295, 615]
26, 4, 3.11, [2764, 295, 279]
26, 5, 3.09, [3334, 295, 277]
26, 6, 3.09, [265, 2950, 615]
26, 7, 3.08, [77, 191, 615]
26, 8, 3.07, [316, 2595, 277]
26, 9, 3.07, [259, 2950, 103]
27, 0, 3.2, [3155, 295, 277]
27, 1, 3.19, [874, 295, 277]
27, 2, 3.18, [265, 295, 277]
27, 3, 3.18, [2595, 295, 277]
27, 4, 3.18, [77, 295, 615]
27, 5, 3.15, [1095, 295, 615]
27, 6, 3.15, [81, 295, 279]
27, 7, 3.11, [280, 295, 615]
27, 8, 3.11, [3155, 295, 622]
27, 9, 3.1, [77, 2065, 277]
28, 0, 3.2, [3155, 295, 277]
28, 1, 3.19, [874, 295, 277]
28, 2, 3.14, [3155, 295, 300]
28, 3, 3.13, [2574, 266, 2512]
28, 4, 3.09, [3155, 541, 277]
28, 5, 3.07, [3155, 275, 277]
28, 6, 3.07, [1086, 616, 277]
28, 7, 3.06, [874, 283, 240]
28, 8, 3.06, [874, 250, 76]
28, 9, 3.06, [3155, 250, 2065]
29, 0, 3.2, [3155, 295, 277]
29, 1, 3.19, [874, 295, 277]
29, 2, 3.08, [3155, 2530, 277]
29, 3, 3.08, [295, 558, 277]
29, 4, 3.07, [3334, 295, 2530]
29, 5, 3.06, [2770, 2065, 277]
29, 6, 3.06, [2762, 541, 277]
29, 7, 3.05, [1095, 266, 2512]
29, 8, 3.04, [2156, 1080, 277]
29, 9, 3.03, [3155, 291, 3716]
30, 0, 3.2, [3155, 295, 277]
30, 1, 3.19, [874, 295, 277]
30, 2, 3.15, [275, 295, 277]
30, 3, 3.14, [2596, 295, 191]
30, 4, 3.11, [874, 558, 300]
30, 5, 3.11, [2599, 295, 277]
30, 6, 3.07, [300, 2762, 77]
30, 7, 3.07, [2950, 222, 300]
30, 8, 3.06, [558, 2514, 277]
30, 9, 3.03, [3155, 876, 277]
31, 0, 3.2, [3155, 295, 277]
31, 1, 3.19, [874, 295, 277]
31, 2, 3.16, [259, 295, 261]
31, 3, 3.14, [269, 295, 277]
31, 4, 3.1, [874, 609, 1811]
31, 5, 3.09, [2596, 295, 303]
31, 6, 3.07, [3334, 295, 277]
31, 7, 3.07, [3155, 380, 277]
31, 8, 3.06, [1088, 261, 77]
31, 9, 3.05, [275, 295, 300]
32, 0, 3.2, [3155, 295, 277]
32, 1, 3.19, [874, 295, 277]
32, 2, 3.1, [534, 2767, 277]
32, 3, 3.08, [269, 303, 615]
32, 4, 3.08, [159, 295, 2712]
32, 5, 3.08, [3155, 316, 277]
32, 6, 3.06, [3155, 2514, 277]
32, 7, 3.06, [275, 2530, 303]
32, 8, 3.06, [300, 1088, 77]
32, 9, 3.05, [615, 154, 3334]
33, 0, 3.2, [3155, 295, 277]
33, 1, 3.19, [874, 295, 277]
33, 2, 3.15, [534, 295, 343]
33, 3, 3.14, [534, 295, 77]
33, 4, 3.12, [3155, 295, 303]
33, 5, 3.11, [295, 2597, 1088]
33, 6, 3.1, [874, 295, 3155]
33, 7, 3.1, [3155, 2596, 277]
33, 8, 3.07, [2767, 2711, 277]
33, 9, 3.06, [273, 1082, 277]
34, 0, 3.2, [3155, 295, 277]
34, 1, 3.19, [874, 295, 277]
34, 2, 3.16, [3155, 295, 2593]
34, 3, 3.16, [3155, 295, 335]
34, 4, 3.1, [2762, 295, 343]
34, 5, 3.1, [534, 295, 273]
34, 6, 3.1, [534, 295, 1086]
34, 7, 3.07, [1095, 1811, 277]
34, 8, 3.07, [3155, 302, 2595]
34, 9, 3.07, [534, 295, 273]
35, 0, 3.2, [3155, 295, 277]
35, 1, 3.19, [874, 295, 277]
35, 2, 3.12, [3334, 295, 277]
35, 3, 3.12, [296, 295, 2593]
35, 4, 3.1, [2767, 295, 2593]
35, 5, 3.08, [261, 295, 300]
35, 6, 3.06, [3155, 295, 250]
35, 7, 3.06, [3155, 250, 263]
35, 8, 3.06, [616, 295, 3716]
35, 9, 3.06, [2513, 191, 283]
36, 0, 3.2, [3155, 295, 277]
36, 1, 3.19, [874, 295, 277]
36, 2, 3.1, [259, 295, 277]
36, 3, 3.09, [259, 295, 277]
36, 4, 3.09, [3155, 295, 303]
36, 5, 3.08, [191, 250, 277]
36, 6, 3.07, [3155, 876, 2593]
36, 7, 3.05, [4602, 295, 2593]
36, 8, 3.04, [3155, 876, 265]
36, 9, 3.03, [191, 219, 1088]
37, 0, 3.2, [3155, 295, 277]
37, 1, 3.19, [874, 295, 277]
37, 2, 3.08, [1069, 81, 226]
37, 3, 3.08, [3155, 283, 277]
37, 4, 3.08, [874, 876, 277]
37, 5, 3.06, [2530, 300, 277]
37, 6, 3.06, [3155, 2599, 77]
37, 7, 3.05, [316, 295, 273]
37, 8, 3.04, [3334, 263, 2514]
37, 9, 3.04, [259, 295, 303]
38, 0, 3.2, [3155, 295, 277]
38, 1, 3.19, [874, 295, 277]
38, 2, 3.17, [3155, 295, 300]
38, 3, 3.17, [1069, 81, 295]
38, 4, 3.13, [874, 343, 295]
38, 5, 3.12, [2762, 876, 226]
38, 6, 3.07, [874, 2950, 269]
38, 7, 3.05, [2513, 541, 77]
38, 8, 3.04, [874, 283, 273]
38, 9, 3.03, [1069, 616, 277]
39, 0, 3.2, [3155, 295, 277]
39, 1, 3.19, [874, 295, 277]
39, 2, 3.13, [260, 295, 2532]
39, 3, 3.12, [77, 295, 159]
39, 4, 3.1, [3155, 2530, 277]
39, 5, 3.09, [3155, 76, 295]
39, 6, 3.09, [874, 2514, 277]
39, 7, 3.07, [2770, 295, 300]
39, 8, 3.06, [2762, 609, 277]
39, 9, 3.06, [3155, 259, 300]
40, 0, 3.2, [3155, 295, 277]
40, 1, 3.19, [874, 295, 277]
40, 2, 3.13, [259, 193, 295]
40, 3, 3.12, [260, 295, 77]
40, 4, 3.11, [874, 295, 300]
40, 5, 3.1, [3155, 295, 226]
40, 6, 3.09, [1095, 98, 277]
40, 7, 3.08, [273, 277, 193]
40, 8, 3.06, [1080, 279, 277]
40, 9, 3.06, [874, 295, 149]
41, 0, 3.2, [3155, 295, 277]
41, 1, 3.19, [874, 295, 277]
41, 2, 3.13, [159, 295, 285]
41, 3, 3.12, [3155, 876, 277]
41, 4, 3.11, [615, 295, 2711]
41, 5, 3.09, [266, 295, 2950]
41, 6, 3.09, [76, 295, 277]
41, 7, 3.08, [297, 295, 277]
41, 8, 3.06, [259, 279, 91]
41, 9, 3.05, [259, 103, 104]
42, 0, 3.2, [3155, 295, 277]
42, 1, 3.19, [874, 295, 277]
42, 2, 3.1, [159, 250, 277]
42, 3, 3.1, [874, 295, 259]
42, 4, 3.08, [159, 2513, 277]
42, 5, 3.08, [264, 295, 558]
42, 6, 3.06, [291, 295, 4602]
42, 7, 3.06, [2513, 1082, 2770]
42, 8, 3.06, [874, 335, 285]
42, 9, 3.05, [874, 2514, 285]
43, 0, 3.2, [3155, 295, 277]
43, 1, 3.19, [874, 295, 277]
43, 2, 3.12, [2767, 295, 2525]
43, 3, 3.11, [77, 343, 269]
43, 4, 3.11, [2515, 295, 277]
43, 5, 3.08, [874, 295, 81]
43, 6, 3.07, [3155, 291, 277]
43, 7, 3.06, [259, 288, 534]
43, 8, 3.05, [874, 279, 91]
43, 9, 3.05, [3155, 876, 300]
44, 0, 3.2, [3155, 295, 277]
44, 1, 3.19, [874, 295, 277]
44, 2, 3.1, [3155, 558, 2513]
44, 3, 3.09, [264, 2530, 277]
44, 4, 3.09, [191, 295, 244]
44, 5, 3.08, [3155, 295, 77]
44, 6, 3.07, [2515, 295, 278]
44, 7, 3.07, [3334, 2595, 250]
44, 8, 3.07, [2599, 2513, 277]
44, 9, 3.04, [874, 2762, 4602]
45, 0, 3.2, [3155, 295, 277]
45, 1, 3.19, [874, 295, 277]
45, 2, 3.14, [149, 295, 303]
45, 3, 3.11, [3334, 295, 277]
45, 4, 3.09, [191, 295, 277]
45, 5, 3.09, [222, 2593, 277]
45, 6, 3.08, [2767, 295, 244]
45, 7, 3.05, [264, 295, 191]
45, 8, 3.05, [193, 558, 2513]
45, 9, 3.04, [4602, 609, 250]
46, 0, 3.2, [3155, 295, 277]
46, 1, 3.19, [874, 295, 277]
46, 2, 3.16, [3155, 295, 259]
46, 3, 3.15, [77, 159, 277]
46, 4, 3.13, [259, 295, 288]
46, 5, 3.11, [1088, 295, 380]
46, 6, 3.08, [3334, 250, 277]
46, 7, 3.08, [3155, 219, 226]
46, 8, 3.07, [3155, 280, 277]
46, 9, 3.07, [149, 295, 2532]
47, 0, 3.2, [3155, 295, 277]
47, 1, 3.19, [874, 295, 277]
47, 2, 3.15, [3334, 295, 277]
47, 3, 3.1, [3155, 2514, 277]
47, 4, 3.09, [3155, 2513, 277]
47, 5, 3.07, [2525, 261, 277]
47, 6, 3.06, [874, 2530, 259]
47, 7, 3.06, [874, 295, 303]
47, 8, 3.05, [3155, 295, 273]
47, 9, 3.05, [256, 297, 273]
48, 0, 3.2, [3155, 295, 277]
48, 1, 3.19, [874, 295, 277]
48, 2, 3.12, [2574, 295, 277]
48, 3, 3.11, [1087, 295, 277]
48, 4, 3.11, [3334, 295, 297]
48, 5, 3.11, [874, 295, 1088]
48, 6, 3.1, [3155, 295, 380]
48, 7, 3.08, [874, 295, 226]
48, 8, 3.06, [3155, 250, 277]
48, 9, 3.06, [316, 615, 295]
49, 0, 3.2, [3155, 295, 277]
49, 1, 3.19, [874, 295, 277]
49, 2, 3.14, [275, 295, 277]
49, 3, 3.12, [2574, 2514, 277]
49, 4, 3.11, [4849, 295, 265]
49, 5, 3.09, [2574, 295, 77]
49, 6, 3.09, [874, 98, 302]
49, 7, 3.08, [2765, 256, 277]
49, 8, 3.07, [2767, 295, 277]
49, 9, 3.05, [3155, 149, 3135]
50, 0, 3.2, [3155, 295, 277]
50, 1, 3.19, [874, 295, 277]
50, 2, 3.13, [3155, 295, 1087]
50, 3, 3.12, [1095, 2530, 277]
50, 4, 3.1, [874, 269, 1088]
50, 5, 3.09, [3155, 300, 77]
50, 6, 3.09, [102, 250, 277]
50, 7, 3.08, [2762, 226, 615]
50, 8, 3.06, [193, 219, 277]
50, 9, 3.05, [3155, 2514, 77]
