num_genrations,diversity,improvement,best_fitness
0,1.0,0,136.34
1,0.6883333333333334,0.08280768666568866,147.63
2,0.5249999999999999,0.0,147.63
3,0.10499999999999987,0.07742328794960379,159.06
4,0.10499999999999987,0.08393059222934737,172.41
5,0.09999999999999987,0.061713357693869354,183.05
6,0.06499999999999995,0.0,183.05
7,0.08499999999999985,0.0,183.05
8,0.02499999999999991,0.0,183.05
9,0.02499999999999991,0.00617317672767001,184.18
10,0.0,0.0,184.18
11,0.0,0.0,184.18
12,0.0,0.0,184.18
13,0.0,0.0,184.18
14,0.02499999999999991,0.06276468671951353,195.74
15,0.06499999999999995,0.0,195.74
