generation number, pop_size, worst, best, median, avg, std, diversity, improvement, number_of_selections
0, 10, 3.0, 3.16, 3.01, 3.027, 0.045617978911828255,0.9185185185185185,0,[1.e-300]
1, 10, 3.02, 3.16, 3.05, 3.0599999999999996, 0.04242640687119289,0.9037037037037037,0.0,[1.e-300]
2, 10, 3.03, 3.19, 3.115, 3.114, 0.056426943918663625,0.7407407407407407,0.009493670886075887,[1.e-300]
3, 10, 3.02, 3.25, 3.13, 3.125, 0.08417244204607591,0.837037037037037,0.018808777429467103,[1.e-300]
4, 10, 3.04, 3.25, 3.1500000000000004, 3.144, 0.0757891812859857,0.7333333333333334,0.0,[1.e-300]
5, 10, 3.03, 3.25, 3.1550000000000002, 3.1550000000000002, 0.08127115109311552,0.6962962962962963,0.0,[1.e-300]
6, 10, 3.03, 3.25, 3.0949999999999998, 3.117, 0.0747060907824791,0.837037037037037,0.0,[1.e-300]
7, 10, 3.09, 3.27, 3.13, 3.1559999999999997, 0.06770524351924305,0.674074074074074,0.006153846153846159,[1.e-300]
8, 10, 3.05, 3.27, 3.1100000000000003, 3.136, 0.08296987405076618,0.7037037037037037,0.0,[1.e-300]
9, 10, 3.03, 3.27, 3.14, 3.137, 0.07389857914736933,0.8222222222222222,0.0,[1.e-300]
10, 10, 3.03, 3.3, 3.1500000000000004, 3.173, 0.0878692210048547,0.7703703703703704,0.009174311926605444,[1.e-300]
