num_genrations,diversity,improvement,best_fitness
0,0.9999007936507937,0,1245.08
1,0.955654761904762,0.03076910720596281,1283.39
2,0.8342261904761905,0.046953770872454975,1343.65
3,0.6108134920634921,0.0019945670375468585,1346.33
4,0.2960317460317461,0.0,1346.33
5,0.2684523809523811,0.04897759093238661,1412.27
6,0.2766865079365082,0.022679799188540416,1444.3
7,0.20466269841269857,0.0021740635602022435,1447.44
8,0.08005952380952419,0.0,1447.44
9,0.0,0.002687503454374532,1451.33
10,0.0,0.008530106867494029,1463.71
