num_genrations,diversity,improvement,best_fitness
0,0.9966666666666667,0,90.54
1,0.8316666666666667,0.0,90.54
2,0.11833333333333318,0.0630660481555113,96.25
3,0.04833333333333334,0.02316883116883121,98.48
4,0.06833333333333313,0.0,98.48
5,0.12999999999999978,0.0,98.48
6,0.10499999999999976,0.0,98.48
7,0.09333333333333327,0.13180341186027608,111.46
8,0.16333333333333322,0.01516239009510149,113.15
9,0.13666666666666671,0.01820592134334943,115.21
10,0.0,-0.01788039232705484,113.15
11,0.0,0.016526734423331774,115.02
12,0.0,0.0,115.02
13,0.0,0.0,115.02
14,0.0,0.003999304468788106,115.48
15,0.0,0.0,115.48
16,0.0,0.0,115.48
17,0.02499999999999991,0.008139937651541373,116.42
18,0.02499999999999991,0.0,116.42
19,0.06499999999999995,0.0,116.42
20,0.15333333333333332,0.03693523449579108,120.72
21,0.17999999999999994,0.036033797216699755,125.07
22,0.09166666666666656,0.0,125.07
23,0.10666666666666647,0.0,125.07
24,0.09166666666666645,0.0,125.07
25,0.02499999999999991,0.0017590149516271934,125.29
26,0.06499999999999995,0.0,125.29
27,0.07999999999999996,0.0,125.29
28,0.10499999999999976,0.0,125.29
29,0.046666666666666634,0.0,125.29
30,0.0,0.0,125.29
