generation number, individual number, fitness, candidate
0, 0, 40.44, [716, 656, 520]
0, 1, 12.0, [711, 785, 873]
0, 2, 11.0, [785, 1419, 1414]
0, 3, 9.36, [905, 819, 1555]
0, 4, 9.0, [98, 216, 656]
0, 5, 9.0, [905, 429, 873]
0, 6, 5.47, [711, 841, 78]
0, 7, 5.0, [905, 483, 1603]
0, 8, 5.0, [905, 1219, 1603]
0, 9, 4.0, [609, 1225, 1219]
1, 0, 65.71, [5117, 785, 520]
1, 1, 40.44, [716, 656, 520]
1, 2, 13.52, [905, 336, 873]
1, 3, 13.0, [1414, 656, 873]
1, 4, 12.57, [716, 666, 1430]
1, 5, 12.0, [711, 785, 873]
1, 6, 10.0, [716, 785, 1048]
1, 7, 10.0, [716, 785, 1045]
1, 8, 7.4, [711, 786, 1555]
1, 9, 7.0, [711, 656, 78]
2, 0, 65.71, [5117, 785, 520]
2, 1, 65.28, [5117, 1430, 520]
2, 2, 41.62, [716, 990, 520]
2, 3, 40.56, [716, 1414, 520]
2, 4, 40.44, [716, 656, 520]
2, 5, 40.38, [751, 785, 520]
2, 6, 36.21, [5117, 1430, 873]
2, 7, 34.08, [5117, 656, 2070]
2, 8, 32.03, [5117, 656, 1567]
2, 9, 12.31, [1414, 785, 1289]
3, 0, 65.71, [5117, 785, 520]
3, 1, 65.7, [5117, 1827, 520]
3, 2, 65.28, [5117, 1430, 520]
3, 3, 39.62, [1289, 785, 520]
3, 4, 38.5, [1028, 785, 520]
3, 5, 37.84, [1509, 3, 520]
3, 6, 35.62, [731, 2667, 520]
3, 7, 34.56, [635, 711, 520]
3, 8, 33.3, [5117, 990, 922]
3, 9, 32.6, [5117, 1430, 545]
4, 0, 66.88, [5117, 819, 520]
4, 1, 65.71, [5117, 785, 520]
4, 2, 65.7, [5117, 1827, 520]
4, 3, 40.3, [5117, 964, 819]
4, 4, 39.39, [1509, 336, 520]
4, 5, 38.5, [1045, 751, 520]
4, 6, 33.91, [5117, 587, 1967]
4, 7, 33.33, [5117, 1430, 1540]
4, 8, 10.57, [3, 785, 780]
4, 9, 9.0, [2070, 798, 98]
5, 0, 66.88, [5117, 819, 520]
5, 1, 66.64, [5117, 816, 520]
5, 2, 65.71, [5117, 785, 520]
5, 3, 41.53, [1567, 785, 520]
5, 4, 40.62, [1138, 1827, 520]
5, 5, 40.56, [656, 902, 520]
5, 6, 39.23, [2070, 1419, 520]
5, 7, 38.03, [5117, 785, 336]
5, 8, 32.76, [5117, 587, 635]
5, 9, 18.0, [1138, 1514, 834]
6, 0, 66.88, [5117, 819, 520]
6, 1, 66.64, [5117, 816, 520]
6, 2, 65.11, [5117, 1347, 520]
6, 3, 62.69, [5117, 1603, 520]
6, 4, 39.59, [741, 819, 520]
6, 5, 38.5, [2341, 1827, 520]
6, 6, 38.5, [1138, 545, 520]
6, 7, 33.95, [5117, 1003, 741]
6, 8, 33.24, [5117, 2341, 1827]
6, 9, 13.0, [78, 816, 934]
7, 0, 66.88, [5117, 819, 520]
7, 1, 66.64, [5117, 816, 520]
7, 2, 44.53, [934, 1347, 520]
7, 3, 39.0, [786, 320, 520]
7, 4, 38.8, [694, 735, 520]
7, 5, 38.03, [5117, 816, 741]
7, 6, 34.57, [5117, 819, 656]
7, 7, 33.73, [5117, 816, 15]
7, 8, 32.84, [5117, 751, 2340]
7, 9, 32.59, [5117, 1347, 545]
8, 0, 66.88, [5117, 819, 520]
8, 1, 66.64, [5117, 816, 520]
8, 2, 64.88, [5117, 450, 520]
8, 3, 63.94, [5117, 429, 520]
8, 4, 41.86, [934, 339, 520]
8, 5, 40.06, [3147, 1347, 520]
8, 6, 38.96, [816, 320, 520]
8, 7, 38.18, [675, 841, 520]
8, 8, 33.82, [5117, 816, 1569]
8, 9, 32.09, [5117, 841, 483]
9, 0, 66.88, [5117, 819, 520]
9, 1, 66.64, [5117, 816, 520]
9, 2, 66.6, [5117, 487, 520]
9, 3, 65.67, [5117, 1827, 520]
9, 4, 65.56, [5117, 785, 520]
9, 5, 38.53, [905, 1028, 520]
9, 6, 36.71, [3639, 483, 520]
9, 7, 35.65, [1569, 690, 520]
9, 8, 34.2, [5117, 831, 873]
9, 9, 32.03, [5117, 1967, 545]
10, 0, 66.88, [5117, 819, 520]
10, 1, 66.64, [5117, 816, 520]
10, 2, 40.72, [5117, 816, 439]
10, 3, 39.59, [78, 1574, 520]
10, 4, 38.29, [690, 816, 520]
10, 5, 35.88, [5117, 487, 2070]
10, 6, 35.44, [5117, 1555, 873]
10, 7, 33.81, [5117, 216, 974]
10, 8, 31.9, [5117, 2490, 1157]
10, 9, 31.19, [5117, 2667, 15]
