n_nodes,influence,n0,n1,n2,n3,n4,n5,n6,n7,n8,n9,n10
11,2661.0200,1441,3682,5738,12,1521,4850,308,5816,2617,4574,1344
11,2656.4600,1441,3682,5738,5816,12,1521,4850,308,2617,4574,2079
11,2656.4600,1441,3682,5738,5816,12,1521,4850,308,2617,4574,2079
11,2656.4600,1441,3682,5738,5816,12,1521,4850,308,2617,4574,2079
11,2656.4600,1441,3682,5738,5816,12,1521,4850,308,2617,4574,2079
11,2656.4600,1441,3682,5738,5816,12,1521,4850,308,2617,4574,2079
11,2656.4600,1441,3682,5738,5816,12,1521,4850,308,2617,4574,2079
11,2656.4600,1441,3682,5738,5816,12,1521,4850,308,2617,4574,2079
11,2656.4600,1441,3682,5738,5816,12,1521,4850,308,2617,4574,2079
11,2656.4600,1441,3682,5738,5816,12,1521,4850,308,2617,4574,2079
11,2656.4600,1441,3682,5738,5816,12,1521,4850,308,2617,4574,2079
11,2656.4600,1441,3682,5738,5816,12,1521,4850,308,2617,4574,2079
11,2656.4600,1441,3682,5738,5816,12,1521,4850,308,2617,4574,2079
11,2656.4600,1441,3682,5738,5816,12,1521,4850,308,2617,4574,2079
11,2656.4600,1441,3682,5738,5816,12,1521,4850,308,2617,4574,2079
11,2656.4600,1441,3682,5738,5816,12,1521,4850,308,2617,4574,2079
