num_genrations,diversity,improvement,best_fitness
0,0.9956161616161616,0,73.13
1,0.9268888888888889,0.45193491043347483,106.18
2,0.7988383838383839,0.20936146166886407,128.41
3,0.6235959595959596,0.07904368818627837,138.56
4,0.5376666666666667,0.21564665127020782,168.44
5,0.3361515151515152,0.017929232961291914,171.46
6,0.07194949494949521,0.07529452933628833,184.37
7,0.18861616161616157,0.08092422845365291,199.29
8,0.16033333333333333,0.02684530081790353,204.64
9,0.06285858585858606,0.002638780297107215,205.18
10,0.0670505050505048,0.030071157032849145,211.35
11,0.061242424242423876,0.0,211.35
12,0.058090909090909415,0.0003312041637094544,211.42
13,0.016404040404040088,0.0,211.42
14,0.0019999999999995577,0.004398826979472173,212.35
15,0.0019999999999997797,0.019307746644690343,216.45
16,0.0030000000000002247,0.0,216.45
17,0.001000000000000223,0.0,216.45
18,0.0019999999999995577,0.0,216.45
19,0.0040000000000000036,0.0,216.45
20,0.0069898989898988795,0.0,216.45
21,0.0030000000000001137,0.0,216.45
22,0.006969696969696848,0.0,216.45
23,0.010878787878788265,0.0,216.45
24,0.006959595959595943,0.0,216.45
25,0.005969696969697069,0.0,216.45
26,0.0030000000000004468,0.0,216.45
27,0.001000000000000223,0.0,216.45
28,0.003989898989898988,0.0,216.45
29,0.001000000000000223,0.0,216.45
30,0.004999999999999671,0.0,216.45
31,0.004989898989898656,0.0,216.45
32,0.0030000000000002247,0.0,216.45
33,0.00598989898989899,0.0,216.45
34,0.004989898989898656,0.0,216.45
35,0.004989898989898767,0.021529221529221647,221.11
36,0.013434343434343576,0.012753832933833807,223.93
37,0.030555555555555447,0.0017862724958692701,224.33
38,0.0029797979797983043,0.0,224.33
39,0.005979797979798196,0.0031649801631524073,225.04
40,0.007696969696969758,0.0,225.04
41,0.017959595959595842,0.00919836473515829,227.11
42,0.022414141414141664,0.0,227.11
43,0.0242424242424244,0.0,227.11
44,0.02463636363636379,0.0,227.11
45,0.008616161616161522,0.0,227.11
46,0.00882828282828274,0.0,227.11
47,0.010666666666667046,0.0,227.11
48,0.007949494949495373,0.0,227.11
49,0.004939393939393577,0.0,227.11
50,0.00794949494949515,0.0,227.11
51,0.002989898989899209,0.0,227.11
52,0.0019999999999995577,0.0,227.11
53,0.002989898989899209,0.0,227.11
54,0.004989898989898767,0.0,227.11
55,0.0019999999999995577,0.0,227.11
56,0.005989898989899101,0.002025450222359119,227.57
57,0.002989898989899209,0.0,227.57
58,0.0030000000000002247,0.0,227.57
59,0.0019999999999995577,0.0,227.57
60,0.0029797979797983043,0.0,227.57
61,0.006000000000000116,0.0,227.57
62,0.003989898989899099,0.0,227.57
63,0.0030000000000001137,0.0,227.57
64,0.0030000000000002247,0.0,227.57
65,0.0019999999999997797,0.0,227.57
66,0.003989898989898655,0.0,227.57
67,0.0019999999999997797,0.0,227.57
68,0.0030000000000001137,0.0,227.57
69,0.0019999999999995577,0.0,227.57
70,0.0019999999999997797,0.0018016434503669051,227.98
71,0.0069898989898988795,0.0,227.98
72,0.004999999999999893,0.0,227.98
73,0.005989898989899101,0.0,227.98
74,0.003979797979797861,0.0,227.98
75,0.006979797979797975,0.0,227.98
76,0.0030000000000001137,0.0,227.98
77,0.01180808080808049,0.0,227.98
78,0.005878787878787928,0.0,227.98
79,0.003989898989899099,0.0,227.98
80,0.0040000000000000036,0.0,227.98
81,0.0030000000000002247,0.0,227.98
82,0.0019999999999997797,0.0,227.98
83,0.006969696969696848,0.0,227.98
84,0.005989898989899101,0.0,227.98
85,0.0019797979797977483,0.0,227.98
86,0.0030000000000002247,0.0,227.98
87,0.00298989898989932,0.0,227.98
88,0.0019999999999995577,0.0,227.98
89,0.001000000000000223,0.0,227.98
90,0.0040000000000000036,0.0,227.98
91,0.005989898989899101,0.0,227.98
92,0.002989898989899209,0.0,227.98
93,0.006000000000000116,0.0,227.98
94,0.0019999999999997797,0.0,227.98
95,0.001000000000000223,0.0,227.98
96,0.0040000000000000036,0.0,227.98
97,0.004989898989898656,0.0,227.98
98,0.004989898989898656,0.0,227.98
99,0.006979797979797975,0.002763400298271883,228.61
100,0.012090909090909374,0.0,228.61
