generation number, pop_size, worst, best, median, avg, std, diversity, improvement, number_of_selections
0, 10, 3.02, 3.17, 3.06, 3.073, 0.04670117771534247,0.9925925925925926,0,[1.e-300]
1, 10, 3.05, 3.18, 3.14, 3.125, 0.04318564576337839,0.8740740740740741,0.0031545741324921863,[1.e-300]
2, 10, 3.09, 3.18, 3.135, 3.1369999999999996, 0.030016662039607348,0.8814814814814815,0.0,[1.e-300]
3, 10, 3.06, 3.22, 3.16, 3.1529999999999996, 0.044508426168535814,0.6444444444444445,0.012578616352201269,[1.e-300]
4, 10, 3.1, 3.22, 3.1500000000000004, 3.149, 0.03700000000000006,0.8074074074074074,0.0,[1.e-300]
5, 10, 3.14, 3.22, 3.18, 3.18, 0.024494897427831803,0.8,0.0,[1.e-300]
6, 10, 3.1, 3.22, 3.145, 3.1540000000000004, 0.03693237062523881,0.6888888888888889,0.0,[1.e-300]
7, 10, 3.13, 3.22, 3.185, 3.18, 0.033166247903554054,0.7629629629629631,0.0,[1.e-300]
8, 10, 3.14, 3.22, 3.185, 3.181, 0.026627053911388733,0.6666666666666666,0.0,[1.e-300]
9, 10, 3.1, 3.22, 3.16, 3.166, 0.04054626986542665,0.7037037037037037,0.0,[1.e-300]
10, 10, 3.1, 3.22, 3.175, 3.164, 0.04176122603564224,0.7555555555555555,0.0,[1.e-300]
