num_genrations,diversity,improvement,best_fitness
0,0.9961111111111111,0,202.75
1,0.8872222222222222,0.0,202.75
2,0.6338888888888888,0.20024660912453757,243.35
3,0.5122222222222221,0.3076638586398193,318.22
4,0.12944444444444447,-0.036421343724467446,306.63
5,0.10055555555555551,0.11215471415060492,341.02
6,0.16222222222222205,0.021230426367954986,348.26
7,0.17888888888888888,0.0,348.26
8,0.18833333333333346,0.012978808935852472,352.78
9,0.1594444444444445,0.03109586711264819,363.75
10,0.12555555555555564,0.01385567010309284,368.79
