n_nodes,influence,n0,n1,n2,n3,n4,n5,n6,n7,n8,n9,n10,n11,n12,n13,n14
15,368.7900,1760,6144,3682,36,1221,4742,6123,12,4492,845,7020,1200,4945,308,6951
15,363.7500,4432,6144,3682,36,1221,4742,6123,12,4492,845,7020,1200,4945,308,2079
15,363.7500,4432,6144,3682,36,1221,4742,6123,12,4492,845,7020,1200,4945,308,2079
15,363.7500,4432,6144,3682,36,1221,4742,6123,12,4492,845,7020,1200,4945,308,2079
15,363.7500,4432,6144,3682,36,1221,4742,6123,12,4492,845,7020,1200,4945,308,2079
15,355.3500,6144,3682,36,1221,4742,6123,12,4492,1213,7020,4432,1200,4945,308,2079
15,352.7800,1221,1760,3682,6144,4742,6123,1200,4945,308,2079,12,4492,36,845,7020
15,352.7800,1221,1760,3682,6144,4742,6123,1200,4945,308,2079,12,4492,36,845,7020
15,352.7800,1221,1760,3682,6144,4742,6123,1200,4945,308,2079,12,4492,36,845,7020
15,352.7800,1221,1760,3682,6144,4742,6123,1200,4945,308,2079,12,4492,36,845,7020
15,352.7800,1221,1760,3682,6144,4742,6123,1200,4945,308,2079,12,4492,36,845,7020
15,348.2600,1760,1441,3682,6144,4742,6123,1200,4945,308,2079,12,4492,36,845,7020
15,348.2600,1760,1441,3682,6144,4742,6123,1200,4945,308,2079,12,4492,36,845,7020
15,348.2600,1760,1441,3682,6144,4742,6123,1200,4945,308,2079,12,4492,36,845,7020
15,339.2000,1760,1441,6144,36,1221,4742,6123,12,4492,1200,4945,4372,308,4926,2150
15,339.2000,1760,1441,6144,36,1221,4742,6123,12,4492,1200,4945,4372,308,4926,2150
