generation number, individual number, fitness, candidate
0, 0, 3.13, [295, 297, 300]
0, 1, 3.08, [159, 256, 250]
0, 2, 3.05, [98, 279, 2593]
0, 3, 3.05, [2530, 2514, 291]
0, 4, 3.05, [303, 2764, 250]
0, 5, 3.04, [278, 300, 2530]
0, 6, 3.03, [285, 1080, 4849]
0, 7, 3.02, [2597, 380, 280]
0, 8, 3.02, [103, 91, 1082]
0, 9, 3.02, [4602, 2765, 2513]
1, 0, 3.13, [295, 297, 300]
1, 1, 3.11, [2770, 295, 300]
1, 2, 3.09, [295, 256, 2712]
1, 3, 3.08, [2711, 297, 300]
1, 4, 3.08, [159, 256, 250]
1, 5, 3.07, [295, 2765, 291]
1, 6, 3.06, [295, 191, 250]
1, 7, 3.05, [2762, 297, 291]
1, 8, 3.04, [1080, 297, 300]
1, 9, 3.04, [2530, 2514, 1080]
2, 0, 3.13, [280, 295, 279]
2, 1, 3.13, [295, 297, 300]
2, 2, 3.12, [159, 222, 300]
2, 3, 3.11, [2770, 295, 300]
2, 4, 3.08, [2711, 874, 98]
2, 5, 3.06, [2770, 104, 81]
2, 6, 3.04, [285, 3135, 300]
2, 7, 3.04, [2765, 297, 220]
2, 8, 3.03, [4602, 256, 250]
2, 9, 3.03, [250, 297, 300]
3, 0, 3.18, [295, 1095, 279]
3, 1, 3.15, [159, 295, 300]
3, 2, 3.13, [280, 295, 279]
3, 3, 3.13, [295, 297, 300]
3, 4, 3.12, [2950, 295, 279]
3, 5, 3.11, [280, 295, 2530]
3, 6, 3.11, [280, 295, 266]
3, 7, 3.09, [295, 297, 103]
3, 8, 3.08, [280, 259, 300]
3, 9, 3.05, [159, 4849, 279]
4, 0, 3.18, [295, 1095, 279]
4, 1, 3.15, [159, 295, 300]
4, 2, 3.14, [295, 2512, 2595]
4, 3, 3.14, [295, 1095, 226]
4, 4, 3.1, [193, 1095, 279]
4, 5, 3.09, [295, 269, 300]
4, 6, 3.07, [297, 2527, 154]
4, 7, 3.05, [2711, 297, 279]
4, 8, 3.05, [343, 269, 279]
4, 9, 3.04, [159, 1082, 279]
5, 0, 3.18, [295, 1095, 279]
5, 1, 3.15, [159, 295, 300]
5, 2, 3.11, [295, 1095, 209]
5, 3, 3.09, [295, 2765, 300]
5, 4, 3.09, [266, 2512, 279]
5, 5, 3.08, [295, 2512, 297]
5, 6, 3.06, [159, 3155, 279]
5, 7, 3.06, [1086, 1095, 2595]
5, 8, 3.05, [104, 2711, 300]
5, 9, 3.05, [269, 1095, 300]
6, 0, 3.18, [295, 1095, 279]
6, 1, 3.15, [159, 295, 300]
6, 2, 3.11, [1088, 295, 154]
6, 3, 3.11, [874, 283, 279]
6, 4, 3.1, [295, 3716, 300]
6, 5, 3.1, [295, 1095, 1080]
6, 6, 3.06, [256, 3155, 279]
6, 7, 3.05, [159, 295, 1087]
6, 8, 3.05, [2767, 1095, 279]
6, 9, 3.05, [250, 2765, 3155]
7, 0, 3.18, [295, 1095, 279]
7, 1, 3.15, [159, 295, 300]
7, 2, 3.14, [295, 278, 300]
7, 3, 3.14, [537, 295, 279]
7, 4, 3.11, [1088, 295, 609]
7, 5, 3.1, [874, 300, 1080]
7, 6, 3.06, [2597, 1095, 279]
7, 7, 3.05, [295, 81, 279]
7, 8, 3.05, [1087, 193, 256]
7, 9, 3.04, [159, 2770, 279]
8, 0, 3.21, [295, 1095, 77]
8, 1, 3.18, [295, 1095, 279]
8, 2, 3.16, [295, 222, 300]
8, 3, 3.15, [159, 295, 300]
8, 4, 3.14, [297, 295, 279]
8, 5, 3.09, [534, 2512, 300]
8, 6, 3.07, [2596, 1095, 91]
8, 7, 3.03, [380, 1095, 300]
8, 8, 3.03, [2712, 278, 261]
8, 9, 3.03, [159, 285, 279]
9, 0, 3.21, [295, 1095, 77]
9, 1, 3.2, [295, 280, 77]
9, 2, 3.18, [295, 1095, 279]
9, 3, 3.17, [2712, 222, 295]
9, 4, 3.16, [295, 2513, 300]
9, 5, 3.14, [295, 1095, 1088]
9, 6, 3.14, [295, 1095, 1088]
9, 7, 3.09, [226, 295, 77]
9, 8, 3.06, [279, 263, 2712]
9, 9, 3.06, [154, 1095, 279]
10, 0, 3.21, [295, 1095, 77]
10, 1, 3.2, [295, 280, 77]
10, 2, 3.14, [295, 283, 77]
10, 3, 3.11, [295, 615, 77]
10, 4, 3.07, [2513, 81, 77]
10, 5, 3.06, [256, 380, 2764]
10, 6, 3.06, [2515, 1082, 77]
10, 7, 3.06, [222, 250, 1087]
10, 8, 3.05, [2711, 220, 2770]
10, 9, 3.05, [1080, 1095, 274]
