generation number, individual number, fitness, candidate
0, 0, 3.05, [1990, 1107, 1480]
0, 1, 3.04, [1990, 1287, 1040]
0, 2, 3.04, [1480, 1226, 1090]
0, 3, 3.04, [1078, 1935, 1287]
0, 4, 3.03, [1990, 1480, 1378]
0, 5, 3.03, [1480, 1040, 1935]
0, 6, 3.03, [1430, 1378, 1442]
0, 7, 3.03, [1442, 1226, 1190]
0, 8, 3.02, [1287, 1090, 1611]
0, 9, 3.01, [1226, 1040, 1430]
1, 0, 3.07, [1990, 1287, 1347]
1, 1, 3.06, [3662, 1068, 1480]
1, 2, 3.06, [3662, 1287, 1480]
1, 3, 3.05, [1442, 1287, 1480]
1, 4, 3.05, [1990, 1107, 1480]
1, 5, 3.04, [1990, 1287, 1040]
1, 6, 3.03, [1990, 1107, 717]
1, 7, 3.02, [1430, 1107, 1226]
1, 8, 3.02, [1078, 1935, 1417]
1, 9, 3.01, [1332, 1107, 1040]
2, 0, 3.1, [1990, 1058, 1480]
2, 1, 3.1, [1332, 1068, 1480]
2, 2, 3.08, [1990, 1287, 1417]
2, 3, 3.07, [1990, 1287, 1347]
2, 4, 3.06, [3662, 1068, 1480]
2, 5, 3.04, [3662, 1287, 1480]
2, 6, 3.03, [1442, 1287, 831]
2, 7, 3.03, [1190, 1287, 1347]
2, 8, 3.02, [3662, 1287, 1480]
2, 9, 3.01, [1107, 1652, 1430]
3, 0, 3.1, [1990, 1058, 1480]
3, 1, 3.1, [1332, 1068, 1480]
3, 2, 3.09, [1332, 1990, 140]
3, 3, 3.06, [1990, 1068, 1497]
3, 4, 3.05, [1090, 1287, 1480]
3, 5, 3.04, [1990, 717, 1417]
3, 6, 3.04, [1157, 1058, 1480]
3, 7, 3.02, [1332, 1068, 1347]
3, 8, 3.02, [1990, 140, 1480]
3, 9, 3.01, [1226, 1040, 1058]
4, 0, 3.11, [1230, 1058, 1480]
4, 1, 3.1, [1990, 1058, 1480]
4, 2, 3.1, [1990, 1058, 1480]
4, 3, 3.1, [1332, 1068, 1480]
4, 4, 3.08, [1332, 1990, 1347]
4, 5, 3.07, [3662, 1068, 1480]
4, 6, 3.06, [1332, 1058, 1417]
4, 7, 3.04, [1230, 1226, 1058]
4, 8, 3.03, [1078, 1990, 1226]
4, 9, 3.02, [1332, 1058, 140]
5, 0, 3.11, [1230, 1058, 1480]
5, 1, 3.1, [1990, 1058, 1480]
5, 2, 3.08, [1442, 1378, 1480]
5, 3, 3.06, [1652, 1611, 1480]
5, 4, 3.06, [1990, 1058, 1190]
5, 5, 3.05, [1230, 1090, 1990]
5, 6, 3.05, [1058, 1378, 1480]
5, 7, 3.04, [1611, 1058, 1107]
5, 8, 3.02, [1990, 717, 1497]
5, 9, 3.02, [1230, 1226, 1480]
6, 0, 3.11, [1230, 1058, 1480]
6, 1, 3.1, [1990, 1058, 1480]
6, 2, 3.05, [1230, 717, 1442]
6, 3, 3.05, [1230, 1058, 1480]
6, 4, 3.05, [717, 1935, 1652]
6, 5, 3.05, [1332, 1378, 1480]
6, 6, 3.04, [140, 1058, 1107]
6, 7, 3.03, [1442, 1058, 1347]
6, 8, 3.02, [831, 1652, 1226]
6, 9, 3.02, [1230, 717, 1090]
7, 0, 3.11, [1230, 1058, 1480]
7, 1, 3.1, [1990, 1058, 1480]
7, 2, 3.07, [1378, 1058, 1480]
7, 3, 3.06, [1378, 1935, 1480]
7, 4, 3.04, [1230, 1058, 1990]
7, 5, 3.04, [1230, 717, 1652]
7, 6, 3.04, [1990, 717, 1226]
7, 7, 3.03, [831, 1090, 1480]
7, 8, 3.02, [1107, 1611, 1480]
7, 9, 3.02, [831, 1058, 1497]
8, 0, 3.11, [1230, 1058, 1480]
8, 1, 3.1, [1990, 1058, 1480]
8, 2, 3.07, [1332, 1935, 1480]
8, 3, 3.06, [1990, 1378, 1480]
8, 4, 3.05, [1430, 3662, 1480]
8, 5, 3.05, [1378, 1935, 1480]
8, 6, 3.04, [1230, 1058, 1287]
8, 7, 3.03, [3662, 1058, 1480]
8, 8, 3.03, [1378, 1078, 1480]
8, 9, 3.02, [1652, 1190, 1480]
9, 0, 3.11, [1230, 1058, 1480]
9, 1, 3.1, [1990, 1058, 1480]
9, 2, 3.07, [1107, 1442, 1480]
9, 3, 3.06, [1040, 831, 1480]
9, 4, 3.04, [1078, 1442, 1611]
9, 5, 3.04, [1230, 1287, 1480]
9, 6, 3.04, [1230, 1078, 1480]
9, 7, 3.04, [1107, 140, 1480]
9, 8, 3.03, [1611, 831, 1190]
9, 9, 3.03, [1230, 140, 1417]
10, 0, 3.11, [1230, 1058, 1480]
10, 1, 3.1, [1990, 1058, 1480]
10, 2, 3.06, [1332, 831, 1480]
10, 3, 3.06, [1990, 1652, 1058]
10, 4, 3.06, [717, 1058, 1480]
10, 5, 3.05, [3662, 1090, 1480]
10, 6, 3.04, [1990, 717, 831]
10, 7, 3.03, [1378, 1442, 1480]
10, 8, 3.02, [1107, 1058, 1480]
10, 9, 3.01, [1078, 831, 140]
