n_nodes,influence,n0,n1,n2,n3,n4
5,246.6600,61613,2241,9162,75107,10820
5,234.0700,2241,9162,62186,75107,10820
5,234.0700,2241,9162,62186,75107,10820
5,234.0700,2241,9162,62186,75107,10820
5,234.0700,2241,9162,62186,75107,10820
5,234.0700,2241,9162,62186,75107,10820
5,234.0700,2241,9162,62186,75107,10820
5,234.0700,2241,9162,62186,75107,10820
5,234.0700,2241,9162,62186,75107,10820
5,225.8700,61613,2241,9162,62186,10820
5,208.6700,61613,2241,9162,75107,10820
5,208.6700,61613,2241,9162,75107,10820
5,205.6600,61613,2241,9162,62186,30331
5,205.5100,61613,9162,19272,68224,2241
5,205.5100,61613,9162,19272,68224,2241
5,205.5100,61613,9162,19272,68224,2241
5,205.5100,61613,9162,19272,68224,2241
5,205.5100,61613,9162,19272,68224,2241
5,205.5100,61613,9162,19272,68224,2241
5,205.5100,61613,9162,19272,68224,2241
5,205.5100,61613,9162,19272,68224,2241
5,205.5100,61613,9162,19272,68224,2241
5,204.5400,2241,9162,62186,75107,5678
5,203.7200,61613,2241,9162,62186,30331
5,203.7200,61613,2241,9162,62186,30331
5,203.7200,61613,2241,9162,62186,30331
5,203.7200,61613,2241,9162,62186,30331
5,203.7200,61613,2241,9162,62186,30331
5,203.7200,61613,2241,9162,62186,30331
5,203.7200,61613,2241,9162,62186,30331
5,203.7200,61613,2241,9162,62186,30331
5,203.7200,61613,2241,9162,62186,30331
5,203.7200,61613,2241,9162,62186,30331
5,203.7200,61613,2241,9162,62186,30331
5,203.7200,61613,2241,9162,62186,30331
5,203.7200,61613,2241,9162,62186,30331
5,203.7200,61613,2241,9162,62186,30331
5,203.7200,61613,2241,9162,62186,30331
5,203.7200,61613,2241,9162,62186,30331
5,203.7200,61613,2241,9162,62186,30331
5,203.7200,61613,2241,9162,62186,30331
5,194.1200,61613,2241,9162,62186,30331
5,194.1200,61613,2241,9162,62186,30331
5,189.6700,68224,2241,57246,9162,61613
5,189.3700,61613,9162,19272,68224,2241
5,189.1400,2241,9162,19272,75107,10820
5,188.5700,61613,2241,9162,62186,10820
5,185.4800,61613,9162,19272,75107,2241
5,183.5700,61613,2241,9162,75107,10820
5,182.4900,61568,2241,11489,9162,10820
5,182.2900,61613,2241,9162,75107,10820
5,182.2900,61613,2241,9162,75107,10820
5,182.2900,61613,2241,9162,75107,10820
5,182.2900,61613,2241,9162,75107,10820
5,181.9800,61568,2241,11489,9162,5678
5,181.9800,61568,2241,11489,9162,5678
5,181.3600,61613,2241,9162,62186,10820
5,181.3600,61613,2241,9162,62186,10820
5,181.3600,61613,2241,9162,62186,10820
5,177.8800,61613,9162,19272,68224,10820
5,177.5100,61613,9162,19272,75107,10820
5,177.5100,61613,9162,19272,75107,10820
5,177.5100,61613,9162,19272,75107,10820
5,177.5100,61613,9162,19272,75107,10820
