num_genrations,diversity,improvement,best_fitness
0,0.9993356299212598,0,43.09290296596823
1,0.9771161417322834,0.0,43.09290296596823
2,0.934621062992126,0.0,43.09290296596823
3,0.8925688976377952,0.1936070030260508,51.43599076090175
4,0.6551181102362205,0.12280710682826944,57.752695973093694
5,0.36596948818897657,0.0,57.752695973093694
6,0.47376968503937,0.19633805126439655,69.09174775571607
7,0.5017962598425196,0.11857885413963754,77.28456803509376
8,0.4725885826771653,0.0,77.28456803509376
9,0.39832677165354335,0.0,77.28456803509376
10,0.3118602362204722,0.0,77.28456803509376
