generation number, individual number, fitness, candidate
0, 0, 13.07, [229, 72, 546]
0, 1, 13.01, [4128, 3760, 3742]
0, 2, 11.83, [3752, 1321, 546]
0, 3, 11.73, [3397, 3746, 3737]
0, 4, 11.06, [1830, 3743, 3750]
0, 5, 11.03, [3746, 1834, 4131]
0, 6, 10.95, [3756, 3740, 3736]
0, 7, 7.62, [271, 2595, 159]
0, 8, 7.01, [3753, 1834, 1686]
0, 9, 7.0, [1006, 119, 3397]
1, 0, 14.74, [3739, 72, 284]
1, 1, 13.99, [229, 72, 3750]
1, 2, 13.67, [3752, 72, 2261]
1, 3, 13.07, [229, 72, 546]
1, 4, 13.01, [4128, 3760, 3742]
1, 5, 12.66, [229, 72, 1541]
1, 6, 11.36, [702, 72, 1032]
1, 7, 10.22, [3761, 279, 1322]
1, 8, 9.97, [4131, 72, 3740]
1, 9, 9.55, [229, 3758, 3740]
2, 0, 14.74, [3739, 72, 284]
2, 1, 14.53, [702, 72, 284]
2, 2, 14.5, [159, 72, 3750]
2, 3, 14.1, [3746, 4131, 282]
2, 4, 13.99, [229, 72, 3750]
2, 5, 13.94, [229, 287, 284]
2, 6, 13.6, [359, 72, 284]
2, 7, 12.92, [689, 1686, 282]
2, 8, 12.06, [702, 72, 2261]
2, 9, 11.33, [3753, 72, 1541]
3, 0, 15.68, [3741, 72, 3736]
3, 1, 15.64, [159, 275, 3752]
3, 2, 14.74, [3739, 72, 284]
3, 3, 14.68, [2400, 72, 77]
3, 4, 14.68, [275, 72, 3752]
3, 5, 14.53, [702, 72, 284]
3, 6, 14.03, [3739, 1829, 284]
3, 7, 13.72, [159, 4128, 3755]
3, 8, 13.28, [3743, 3744, 282]
3, 9, 12.13, [1322, 72, 2595]
4, 0, 17.63, [1831, 279, 3736]
4, 1, 15.8, [3742, 72, 3736]
4, 2, 15.69, [284, 275, 3736]
4, 3, 15.68, [3741, 72, 3736]
4, 4, 15.64, [159, 275, 3752]
4, 5, 14.88, [2595, 72, 3736]
4, 6, 14.01, [3755, 72, 284]
4, 7, 13.17, [3741, 546, 3736]
4, 8, 12.25, [693, 270, 3760]
4, 9, 11.53, [3739, 72, 3759]
5, 0, 17.63, [1831, 279, 3736]
5, 1, 17.42, [284, 101, 3736]
5, 2, 15.8, [3742, 72, 3736]
5, 3, 15.36, [1831, 3739, 279]
5, 4, 15.16, [1831, 275, 229]
5, 5, 15.03, [1834, 72, 3736]
5, 6, 14.14, [3745, 72, 3736]
5, 7, 13.73, [3748, 275, 3736]
5, 8, 12.7, [284, 279, 3755]
5, 9, 11.58, [3742, 279, 3755]
6, 0, 18.05, [1831, 279, 3736]
6, 1, 17.99, [282, 101, 3736]
6, 2, 17.63, [1831, 279, 3736]
6, 3, 17.42, [284, 101, 3736]
6, 4, 16.61, [1829, 72, 3736]
6, 5, 15.75, [3742, 101, 3736]
6, 6, 15.47, [1831, 72, 3733]
6, 7, 14.97, [3105, 2261, 3736]
6, 8, 14.91, [282, 279, 4128]
6, 9, 14.3, [3105, 101, 229]
7, 0, 18.64, [77, 279, 3736]
7, 1, 18.05, [1831, 279, 3736]
7, 2, 17.99, [282, 101, 3736]
7, 3, 17.65, [1831, 101, 3742]
7, 4, 17.33, [1831, 2595, 3736]
7, 5, 15.98, [3745, 282, 3736]
7, 6, 15.32, [282, 279, 3746]
7, 7, 14.49, [1831, 101, 3758]
7, 8, 13.33, [2490, 279, 3736]
7, 9, 12.28, [689, 279, 3743]
8, 0, 18.79, [77, 279, 3736]
8, 1, 18.64, [77, 279, 3736]
8, 2, 18.05, [1831, 279, 3736]
8, 3, 16.35, [282, 4131, 3736]
8, 4, 15.78, [77, 279, 3754]
8, 5, 15.04, [1831, 279, 3743]
8, 6, 14.18, [77, 3735, 3736]
8, 7, 12.46, [77, 101, 159]
8, 8, 11.02, [3744, 1830, 3737]
8, 9, 10.11, [4131, 101, 1040]
9, 0, 18.79, [77, 279, 3736]
9, 1, 18.64, [77, 279, 3736]
9, 2, 18.6, [1831, 3742, 3736]
9, 3, 17.34, [1831, 4128, 3736]
9, 4, 17.27, [181, 279, 3736]
9, 5, 16.06, [77, 101, 3397]
9, 6, 15.06, [159, 101, 181]
9, 7, 14.94, [282, 279, 3746]
9, 8, 14.05, [4128, 3742, 3752]
9, 9, 12.46, [3100, 3733, 3749]
10, 0, 18.79, [77, 279, 3736]
10, 1, 18.64, [77, 279, 3736]
10, 2, 16.78, [77, 4184, 3736]
10, 3, 16.67, [77, 72, 3743]
10, 4, 16.31, [77, 4128, 3743]
10, 5, 15.5, [1829, 279, 3736]
10, 6, 14.76, [1831, 279, 3743]
10, 7, 14.49, [1032, 279, 1831]
10, 8, 13.32, [77, 3761, 3746]
10, 9, 13.21, [77, 3739, 271]
11, 0, 19.56, [77, 101, 3736]
11, 1, 18.79, [77, 279, 3736]
11, 2, 18.64, [77, 279, 3736]
11, 3, 16.63, [77, 181, 4129]
11, 4, 15.42, [77, 3760, 3397]
11, 5, 14.76, [77, 279, 2463]
11, 6, 14.44, [77, 3737, 2463]
11, 7, 11.65, [119, 3759, 3736]
11, 8, 11.56, [275, 3737, 1032]
11, 9, 10.0, [263, 3754, 689]
12, 0, 19.56, [77, 101, 3736]
12, 1, 18.79, [77, 279, 3736]
12, 2, 16.12, [77, 279, 3744]
12, 3, 14.63, [77, 279, 3758]
12, 4, 14.56, [77, 3760, 3744]
12, 5, 14.56, [3743, 101, 3736]
12, 6, 14.31, [3760, 279, 3736]
12, 7, 13.19, [72, 279, 3736]
12, 8, 11.03, [1834, 3753, 2229]
12, 9, 10.73, [3740, 72, 3777]
13, 0, 19.56, [77, 101, 3736]
13, 1, 19.26, [77, 101, 3736]
13, 2, 18.79, [77, 279, 3736]
13, 3, 16.85, [159, 279, 3736]
13, 4, 15.89, [3760, 1831, 3105]
13, 5, 15.84, [77, 3748, 2156]
13, 6, 15.7, [77, 101, 3744]
13, 7, 14.67, [4130, 101, 3736]
13, 8, 13.13, [3100, 279, 3754]
13, 9, 12.79, [275, 101, 3744]
14, 0, 19.56, [77, 101, 3736]
14, 1, 19.26, [77, 101, 3736]
14, 2, 16.36, [3100, 3105, 72]
14, 3, 16.15, [159, 3397, 3736]
14, 4, 16.05, [159, 279, 3736]
14, 5, 15.31, [3742, 101, 159]
14, 6, 14.83, [77, 3737, 3743]
14, 7, 14.36, [3760, 72, 3736]
14, 8, 13.01, [3749, 101, 2156]
14, 9, 12.32, [1831, 3739, 1006]
15, 0, 19.56, [77, 101, 3736]
15, 1, 19.26, [77, 101, 3736]
15, 2, 16.34, [77, 3747, 72]
15, 3, 15.91, [3100, 4128, 3736]
15, 4, 15.55, [3741, 2156, 3736]
15, 5, 15.32, [275, 3397, 3736]
15, 6, 14.48, [4129, 1541, 3736]
15, 7, 13.91, [3100, 3105, 3737]
15, 8, 13.89, [159, 101, 3754]
15, 9, 12.99, [77, 3105, 159]
16, 0, 19.56, [77, 101, 3736]
16, 1, 19.26, [77, 101, 3736]
16, 2, 19.03, [77, 101, 1825]
16, 3, 17.9, [77, 101, 3100]
16, 4, 16.38, [1829, 101, 3736]
16, 5, 13.96, [4128, 101, 159]
16, 6, 13.73, [689, 101, 119]
16, 7, 13.17, [2463, 3741, 3736]
16, 8, 11.25, [3759, 3747, 3736]
16, 9, 10.29, [3754, 4130, 3733]
17, 0, 19.56, [77, 101, 3736]
17, 1, 19.26, [77, 101, 3736]
17, 2, 18.62, [77, 3105, 3100]
17, 3, 18.54, [77, 2260, 3736]
17, 4, 17.6, [77, 72, 689]
17, 5, 16.66, [4128, 72, 1825]
17, 6, 13.08, [77, 72, 159]
17, 7, 12.14, [1831, 3735, 4131]
17, 8, 11.11, [77, 271, 996]
17, 9, 10.37, [263, 285, 3736]
18, 0, 19.56, [77, 101, 3736]
18, 1, 19.26, [77, 101, 3736]
18, 2, 18.0, [77, 72, 689]
18, 3, 17.99, [77, 101, 689]
18, 4, 17.94, [2156, 72, 3736]
18, 5, 17.86, [159, 3105, 3736]
18, 6, 16.26, [77, 101, 3750]
18, 7, 15.09, [275, 2260, 3736]
18, 8, 14.33, [77, 270, 101]
18, 9, 10.35, [119, 72, 1321]
19, 0, 19.56, [77, 101, 3736]
19, 1, 19.26, [77, 101, 3736]
19, 2, 18.87, [77, 287, 3736]
19, 3, 18.42, [77, 72, 689]
19, 4, 18.28, [77, 287, 3736]
19, 5, 17.14, [77, 3750, 689]
19, 6, 16.23, [159, 101, 3736]
19, 7, 15.86, [4129, 72, 3736]
19, 8, 14.78, [77, 270, 689]
19, 9, 11.74, [3397, 101, 3737]
20, 0, 19.56, [77, 101, 3736]
20, 1, 19.26, [77, 101, 3736]
20, 2, 17.77, [77, 2463, 3736]
20, 3, 16.74, [77, 72, 3746]
20, 4, 15.46, [159, 546, 3736]
20, 5, 14.5, [77, 3100, 1828]
20, 6, 14.22, [4128, 101, 3741]
20, 7, 12.18, [4128, 101, 3737]
20, 8, 11.15, [263, 101, 689]
20, 9, 9.91, [1828, 3756, 3105]
21, 0, 19.56, [77, 101, 3736]
21, 1, 19.26, [77, 101, 3736]
21, 2, 18.08, [77, 101, 689]
21, 3, 16.44, [77, 1322, 3746]
21, 4, 15.5, [77, 4184, 3736]
21, 5, 15.22, [275, 101, 3736]
21, 6, 14.27, [77, 359, 3743]
21, 7, 13.93, [77, 3100, 159]
21, 8, 13.87, [77, 2463, 3758]
21, 9, 10.63, [77, 3759, 1826]
22, 0, 19.56, [77, 101, 3736]
22, 1, 19.26, [77, 101, 3736]
22, 2, 17.47, [77, 359, 3736]
22, 3, 15.66, [77, 2261, 2156]
22, 4, 14.33, [270, 1322, 3736]
22, 5, 13.69, [77, 689, 282]
22, 6, 13.28, [77, 101, 4184]
22, 7, 13.27, [275, 101, 3746]
22, 8, 13.03, [77, 4184, 3750]
22, 9, 12.73, [3758, 293, 1831]
23, 0, 19.56, [77, 101, 3736]
23, 1, 19.26, [77, 101, 3736]
23, 2, 17.04, [77, 2463, 3736]
23, 3, 15.44, [77, 101, 3755]
23, 4, 14.96, [77, 101, 1032]
23, 5, 13.76, [2490, 72, 3736]
23, 6, 11.96, [275, 359, 3105]
23, 7, 11.19, [3752, 285, 3755]
23, 8, 11.17, [546, 2260, 3736]
23, 9, 10.9, [3777, 101, 3747]
24, 0, 19.56, [77, 101, 3736]
24, 1, 19.26, [77, 101, 3736]
24, 2, 16.82, [693, 72, 3736]
24, 3, 16.72, [77, 1605, 3736]
24, 4, 15.71, [77, 4129, 693]
24, 5, 13.65, [77, 3744, 1828]
24, 6, 13.01, [3740, 1830, 3736]
24, 7, 12.46, [1006, 72, 1825]
24, 8, 12.4, [1825, 2463, 270]
24, 9, 12.07, [3397, 72, 3756]
25, 0, 19.56, [77, 101, 3736]
25, 1, 19.26, [77, 101, 3736]
25, 2, 18.11, [77, 279, 3736]
25, 3, 17.13, [693, 72, 3736]
25, 4, 16.65, [2229, 101, 3742]
25, 5, 15.71, [77, 72, 3758]
25, 6, 13.26, [693, 101, 3749]
25, 7, 12.88, [693, 101, 2463]
25, 8, 12.79, [275, 3739, 3752]
25, 9, 12.65, [275, 101, 3746]
26, 0, 19.56, [77, 101, 3736]
26, 1, 19.26, [77, 101, 3736]
26, 2, 17.42, [693, 72, 3736]
26, 3, 16.68, [77, 101, 3744]
26, 4, 16.37, [77, 72, 3733]
26, 5, 15.73, [77, 3759, 3742]
26, 6, 13.91, [77, 1987, 3737]
26, 7, 13.21, [3397, 3753, 3736]
26, 8, 13.11, [3752, 3754, 3736]
26, 9, 11.99, [3749, 101, 3760]
27, 0, 19.56, [77, 101, 3736]
27, 1, 19.26, [77, 101, 3736]
27, 2, 17.27, [159, 72, 3736]
27, 3, 16.9, [693, 72, 3736]
27, 4, 16.52, [77, 72, 3749]
27, 5, 15.25, [3733, 101, 2229]
27, 6, 14.17, [1830, 3744, 3736]
27, 7, 13.12, [1321, 3752, 72]
27, 8, 12.22, [275, 3733, 101]
27, 9, 12.01, [693, 101, 285]
28, 0, 19.56, [77, 101, 3736]
28, 1, 19.26, [77, 101, 3736]
28, 2, 17.81, [77, 287, 3736]
28, 3, 17.5, [77, 72, 3746]
28, 4, 16.82, [159, 72, 3736]
28, 5, 15.4, [275, 72, 3736]
28, 6, 15.06, [275, 101, 3736]
28, 7, 14.23, [3743, 101, 3736]
28, 8, 14.08, [1829, 72, 3743]
28, 9, 14.03, [693, 72, 3744]
29, 0, 21.56, [77, 2229, 3736]
29, 1, 19.74, [77, 72, 3736]
29, 2, 19.56, [77, 101, 3736]
29, 3, 19.26, [77, 101, 3736]
29, 4, 17.32, [159, 72, 3736]
29, 5, 15.96, [77, 1032, 3746]
29, 6, 15.42, [77, 101, 3755]
29, 7, 15.09, [77, 3749, 3739]
29, 8, 14.22, [77, 693, 271]
29, 9, 14.15, [77, 101, 996]
30, 0, 21.56, [77, 2229, 3736]
30, 1, 19.74, [77, 72, 3736]
30, 2, 18.4, [77, 1032, 3736]
30, 3, 16.74, [77, 1321, 3736]
30, 4, 16.23, [3760, 2229, 3736]
30, 5, 14.34, [2156, 181, 3749]
30, 6, 13.12, [3739, 72, 3746]
30, 7, 11.89, [3748, 359, 3736]
30, 8, 11.68, [3748, 4131, 3736]
30, 9, 11.2, [3777, 72, 2595]
31, 0, 21.56, [77, 2229, 3736]
31, 1, 19.74, [77, 72, 3736]
31, 2, 18.23, [77, 72, 2229]
31, 3, 18.18, [77, 1987, 3736]
31, 4, 17.41, [275, 2229, 3736]
31, 5, 15.48, [77, 2464, 3736]
31, 6, 15.47, [77, 2156, 3777]
31, 7, 13.99, [159, 181, 3750]
31, 8, 12.58, [3752, 181, 3735]
31, 9, 10.91, [3397, 72, 1605]
32, 0, 21.56, [77, 2229, 3736]
32, 1, 19.74, [77, 72, 3736]
32, 2, 17.64, [72, 2156, 3736]
32, 3, 16.85, [159, 3752, 3736]
32, 4, 15.4, [77, 3743, 4128]
32, 5, 15.17, [159, 3739, 3736]
32, 6, 12.88, [3750, 2229, 3749]
32, 7, 11.86, [3748, 285, 3736]
32, 8, 10.66, [4130, 3755, 101]
32, 9, 9.03, [4184, 3747, 689]
33, 0, 21.56, [77, 2229, 3736]
33, 1, 19.74, [77, 72, 3736]
33, 2, 17.68, [77, 2156, 3746]
33, 3, 16.75, [77, 1831, 3761]
33, 4, 16.65, [279, 2229, 3736]
33, 5, 15.73, [77, 3748, 3736]
33, 6, 15.31, [2595, 72, 3736]
33, 7, 15.21, [159, 1040, 3736]
33, 8, 14.63, [72, 2156, 3754]
33, 9, 13.7, [77, 3740, 1315]
34, 0, 21.56, [77, 2229, 3736]
34, 1, 19.77, [77, 72, 3736]
34, 2, 19.74, [77, 72, 3736]
34, 3, 19.16, [77, 1831, 3744]
34, 4, 18.49, [3742, 1831, 3736]
34, 5, 17.83, [77, 269, 3736]
34, 6, 17.03, [77, 1831, 3761]
34, 7, 16.78, [77, 2156, 3754]
34, 8, 16.75, [1322, 689, 2229]
34, 9, 16.68, [77, 2156, 3749]
35, 0, 21.56, [77, 2229, 3736]
35, 1, 19.77, [77, 72, 3736]
35, 2, 18.87, [77, 287, 3736]
35, 3, 18.33, [77, 287, 3736]
35, 4, 18.02, [77, 1831, 3746]
35, 5, 17.66, [3752, 2229, 3736]
35, 6, 13.5, [275, 72, 3744]
35, 7, 12.99, [2261, 3397, 3736]
35, 8, 11.93, [1032, 229, 3758]
35, 9, 10.21, [1040, 2229, 1826]
36, 0, 21.56, [77, 2229, 3736]
36, 1, 19.77, [77, 72, 3736]
36, 2, 18.78, [77, 287, 3736]
36, 3, 17.56, [77, 2229, 3753]
36, 4, 17.23, [77, 181, 229]
36, 5, 17.22, [275, 2229, 3736]
36, 6, 16.92, [77, 2463, 3736]
36, 7, 13.54, [77, 1541, 3740]
36, 8, 12.05, [77, 284, 2463]
36, 9, 11.37, [229, 1315, 4130]
37, 0, 21.56, [77, 2229, 3736]
37, 1, 19.77, [77, 72, 3736]
37, 2, 18.49, [77, 279, 3736]
37, 3, 17.6, [77, 1987, 3736]
37, 4, 16.48, [77, 270, 3736]
37, 5, 15.16, [77, 3756, 702]
37, 6, 14.45, [77, 287, 3755]
37, 7, 13.88, [77, 3756, 3753]
37, 8, 13.4, [3739, 2229, 1830]
37, 9, 13.17, [3748, 1987, 3736]
38, 0, 21.56, [77, 2229, 3736]
38, 1, 19.77, [77, 72, 3736]
38, 2, 17.72, [77, 279, 3736]
38, 3, 16.77, [4129, 2229, 3736]
38, 4, 14.31, [77, 3777, 4128]
38, 5, 13.72, [271, 3397, 3736]
38, 6, 13.42, [3761, 2229, 3744]
38, 7, 13.22, [3754, 4131, 3736]
38, 8, 12.55, [181, 72, 1040]
38, 9, 12.46, [3758, 3742, 3736]
39, 0, 21.56, [77, 2229, 3736]
39, 1, 19.77, [77, 72, 3736]
39, 2, 17.2, [3752, 72, 1831]
39, 3, 16.34, [275, 159, 3736]
39, 4, 16.33, [77, 279, 3746]
39, 5, 14.87, [77, 279, 546]
39, 6, 14.84, [77, 1834, 3397]
39, 7, 14.67, [3759, 72, 1831]
39, 8, 14.13, [4129, 279, 3736]
39, 9, 11.74, [1828, 1829, 3736]
40, 0, 21.56, [77, 2229, 3736]
40, 1, 19.77, [77, 72, 3736]
40, 2, 16.82, [77, 2156, 1032]
40, 3, 15.21, [77, 1987, 3741]
40, 4, 15.18, [77, 72, 3748]
40, 5, 15.11, [2229, 3742, 3745]
40, 6, 14.55, [159, 2229, 4129]
40, 7, 12.42, [2463, 2229, 3746]
40, 8, 11.58, [2490, 3754, 3736]
40, 9, 9.57, [119, 359, 3745]
41, 0, 21.56, [77, 2229, 3736]
41, 1, 21.31, [77, 2229, 3736]
41, 2, 19.77, [77, 72, 3736]
41, 3, 18.72, [159, 2229, 3736]
41, 4, 18.54, [77, 2463, 3736]
41, 5, 17.72, [77, 72, 3105]
41, 6, 17.26, [77, 2229, 3755]
41, 7, 16.1, [77, 279, 3741]
41, 8, 14.92, [159, 2229, 1040]
41, 9, 14.52, [77, 279, 119]
42, 0, 21.56, [77, 2229, 3736]
42, 1, 21.31, [77, 2229, 3736]
42, 2, 18.62, [77, 2229, 3743]
42, 3, 15.17, [3750, 2229, 72]
42, 4, 14.38, [77, 2229, 1987]
42, 5, 13.85, [159, 693, 546]
42, 6, 13.45, [77, 3745, 2490]
42, 7, 13.23, [1315, 293, 3736]
42, 8, 12.44, [3743, 3741, 3736]
42, 9, 11.66, [2595, 1686, 3736]
43, 0, 21.56, [77, 2229, 3736]
43, 1, 21.31, [77, 2229, 3736]
43, 2, 18.06, [77, 2229, 3745]
43, 3, 17.92, [77, 2229, 3737]
43, 4, 14.74, [2463, 2229, 77]
43, 5, 12.35, [3759, 2229, 3743]
43, 6, 12.12, [3756, 2229, 3758]
43, 7, 11.57, [1032, 2229, 4184]
43, 8, 11.41, [3761, 3743, 3736]
43, 9, 9.98, [1830, 3759, 3737]
44, 0, 21.56, [77, 2229, 3736]
44, 1, 21.31, [77, 2229, 3736]
44, 2, 18.23, [77, 2229, 3754]
44, 3, 17.64, [77, 3777, 3736]
44, 4, 17.57, [689, 2229, 3736]
44, 5, 17.26, [3742, 2229, 3736]
44, 6, 13.27, [77, 2464, 3741]
44, 7, 12.89, [77, 3777, 270]
44, 8, 12.85, [2595, 2229, 3746]
44, 9, 11.41, [77, 3748, 699]
45, 0, 21.56, [77, 2229, 3736]
45, 1, 21.31, [77, 2229, 3736]
45, 2, 18.06, [77, 2229, 287]
45, 3, 17.35, [77, 2229, 3754]
45, 4, 16.62, [4128, 2156, 3736]
45, 5, 15.96, [77, 2229, 2490]
45, 6, 15.15, [77, 2229, 271]
45, 7, 14.47, [3742, 2229, 3745]
45, 8, 14.19, [689, 2229, 3743]
45, 9, 13.38, [119, 2229, 3754]
46, 0, 21.56, [77, 2229, 3736]
46, 1, 21.31, [77, 2229, 3736]
46, 2, 17.02, [159, 2156, 3736]
46, 3, 16.23, [77, 3755, 693]
46, 4, 14.34, [3748, 287, 3736]
46, 5, 14.32, [4128, 3754, 3736]
46, 6, 14.16, [4131, 2229, 3744]
46, 7, 14.07, [1834, 2229, 4128]
46, 8, 13.62, [77, 3755, 3758]
46, 9, 12.95, [3777, 2229, 359]
47, 0, 21.56, [77, 2229, 3736]
47, 1, 21.31, [77, 2229, 3736]
47, 2, 18.02, [77, 3736, 1834]
47, 3, 14.48, [77, 4130, 3737]
47, 4, 14.42, [4131, 693, 3742]
47, 5, 13.8, [159, 2229, 119]
47, 6, 12.24, [159, 3739, 3777]
47, 7, 11.74, [101, 2229, 2463]
47, 8, 11.23, [159, 4184, 3749]
47, 9, 10.06, [263, 271, 1825]
48, 0, 21.56, [77, 2229, 3736]
48, 1, 21.31, [77, 2229, 3736]
48, 2, 15.73, [275, 2229, 3742]
48, 3, 13.08, [1686, 3736, 159]
48, 4, 12.65, [3741, 2156, 3755]
48, 5, 12.64, [4131, 693, 3746]
48, 6, 12.2, [3740, 3733, 1831]
48, 7, 11.9, [1006, 2229, 1032]
48, 8, 11.83, [275, 285, 3736]
48, 9, 11.72, [2400, 3747, 3736]
49, 0, 21.56, [77, 2229, 3736]
49, 1, 21.31, [77, 2229, 3736]
49, 2, 18.72, [1831, 2229, 3736]
49, 3, 17.91, [72, 3736, 2229]
49, 4, 16.51, [77, 284, 3736]
49, 5, 15.74, [1825, 1987, 3736]
49, 6, 15.69, [270, 2229, 3742]
49, 7, 15.25, [3749, 1831, 3736]
49, 8, 13.39, [3756, 2229, 3746]
49, 9, 13.37, [3741, 2229, 3754]
50, 0, 21.56, [77, 2229, 3736]
50, 1, 21.31, [77, 2229, 3736]
50, 2, 19.54, [77, 1829, 3736]
50, 3, 17.62, [159, 2229, 3736]
50, 4, 15.42, [2463, 2229, 3736]
50, 5, 14.88, [4129, 2229, 3742]
50, 6, 14.44, [3100, 2229, 3753]
50, 7, 12.11, [2463, 3741, 1829]
50, 8, 12.05, [3105, 2229, 3735]
50, 9, 10.07, [1605, 4128, 3749]
