generation number, pop_size, worst, best, median, avg, std, diversity, improvement, number_of_selections
0, 10, 3.01, 3.08, 3.0300000000000002, 3.033, 0.021931712199461363,0.9703703703703703,0,[1.e-300]
1, 10, 3.01, 3.08, 3.04, 3.04, 0.021908902300206645,0.9185185185185185,0.0,[1.e-300]
2, 10, 3.01, 3.08, 3.03, 3.0349999999999993, 0.023769728648009483,0.8444444444444444,0.0,[1.e-300]
3, 10, 3.01, 3.1, 3.05, 3.0490000000000004, 0.029478805945967374,0.7777777777777778,0.006493506493506499,[1.e-300]
4, 10, 3.01, 3.1, 3.065, 3.0549999999999997, 0.031064449134018218,0.8222222222222222,0.0,[1.e-300]
5, 10, 3.02, 3.14, 3.0599999999999996, 3.0650000000000004, 0.036124783736376946,0.8740740740740741,0.012903225806451623,[1.e-300]
6, 10, 3.02, 3.19, 3.075, 3.0909999999999997, 0.05940538696111658,0.7777777777777778,0.015923566878980836,[1.e-300]
7, 10, 3.02, 3.23, 3.075, 3.0949999999999998, 0.07242237223399967,0.7777777777777778,0.012539184952978068,[1.e-300]
8, 10, 3.07, 3.26, 3.1550000000000002, 3.16, 0.057445626465380255,0.6888888888888889,0.009287925696594366,[1.e-300]
9, 10, 3.03, 3.26, 3.125, 3.1350000000000002, 0.0717286553617172,0.7703703703703704,0.0,[1.e-300]
10, 10, 3.03, 3.27, 3.115, 3.137, 0.08271033792700885,0.7851851851851852,0.0030674846625767583,[1.e-300]
