n_nodes,influence,n0,n1,n2,n3,n4
5,34.8200,6305,5317,3642,6333,4543
5,33.9600,6305,5317,3642,6333,4543
5,33.4600,6305,5317,3642,6333,4543
5,33.4600,6305,5317,3642,6333,4543
5,33.4600,6305,5317,3642,6333,4543
5,33.4600,6305,5317,3642,6333,4543
5,33.4600,6305,5317,3642,6333,4543
5,33.4600,6305,5317,3642,6333,4543
5,33.4600,6305,5317,3642,6333,4543
5,33.4600,6305,5317,3642,6333,4543
5,33.4600,6305,5317,3642,6333,4543
5,33.4600,6305,5317,3642,6333,4543
5,32.7400,6305,5317,3642,6333,4543
5,32.5200,6305,5317,3642,6333,4543
5,32.5000,6305,5317,3642,6333,4543
5,32.5000,6305,5317,3642,6333,4543
