generation number, individual number, fitness, candidate
0, 0, 3.15, [439, 5117, 587]
0, 1, 3.13, [841, 5117, 785]
0, 2, 3.11, [735, 5117, 1555]
0, 3, 3.1, [841, 5117, 247]
0, 4, 3.03, [1543, 2032, 1347]
0, 5, 3.03, [429, 2846, 1141]
0, 6, 3.03, [1141, 716, 990]
0, 7, 3.03, [1219, 974, 841]
0, 8, 3.02, [635, 1141, 1381]
0, 9, 3.01, [905, 819, 609]
1, 0, 3.18, [439, 5117, 450]
1, 1, 3.17, [841, 5117, 834]
1, 2, 3.16, [339, 5117, 587]
1, 3, 3.15, [439, 5117, 587]
1, 4, 3.13, [735, 5117, 216]
1, 5, 3.13, [841, 5117, 785]
1, 6, 3.05, [439, 716, 450]
1, 7, 3.05, [694, 339, 1414]
1, 8, 3.05, [439, 780, 785]
1, 9, 3.02, [1580, 439, 1394]
2, 0, 3.18, [439, 5117, 450]
2, 1, 3.17, [841, 5117, 834]
2, 2, 3.12, [439, 5117, 905]
2, 3, 3.07, [1028, 5117, 1289]
2, 4, 3.07, [339, 5117, 450]
2, 5, 3.05, [841, 2032, 587]
2, 6, 3.04, [439, 2032, 834]
2, 7, 3.03, [216, 831, 834]
2, 8, 3.02, [841, 780, 834]
2, 9, 3.01, [1028, 798, 850]
3, 0, 3.18, [731, 5117, 834]
3, 1, 3.18, [439, 5117, 450]
3, 2, 3.17, [841, 5117, 834]
3, 3, 3.14, [439, 5117, 1414]
3, 4, 3.13, [841, 5117, 429]
3, 5, 3.13, [1028, 5117, 450]
3, 6, 3.12, [2032, 5117, 834]
3, 7, 3.11, [841, 5117, 1414]
3, 8, 3.11, [1347, 5117, 450]
3, 9, 3.04, [439, 970, 834]
4, 0, 3.21, [841, 5117, 873]
4, 1, 3.18, [731, 5117, 834]
4, 2, 3.18, [439, 5117, 450]
4, 3, 3.12, [1025, 5117, 834]
4, 4, 3.11, [934, 5117, 429]
4, 5, 3.1, [662, 5117, 834]
4, 6, 3.07, [1394, 5117, 834]
4, 7, 3.04, [841, 831, 450]
4, 8, 3.04, [731, 2032, 1414]
4, 9, 3.03, [731, 816, 716]
5, 0, 3.21, [841, 5117, 495]
5, 1, 3.21, [841, 5117, 873]
5, 2, 3.19, [816, 850, 5117]
5, 3, 3.18, [339, 5117, 834]
5, 4, 3.18, [731, 5117, 834]
5, 5, 3.17, [841, 5117, 1414]
5, 6, 3.16, [1025, 5117, 247]
5, 7, 3.16, [785, 5117, 990]
5, 8, 3.1, [731, 5117, 1603]
5, 9, 3.08, [1394, 5117, 873]
6, 0, 3.21, [841, 5117, 495]
6, 1, 3.21, [841, 5117, 873]
6, 2, 3.15, [841, 5117, 1219]
6, 3, 3.12, [780, 5117, 1567]
6, 4, 3.1, [587, 5117, 873]
6, 5, 3.05, [339, 1543, 495]
6, 6, 3.05, [656, 5117, 1540]
6, 7, 3.04, [666, 1394, 2340]
6, 8, 3.04, [841, 798, 873]
6, 9, 3.04, [841, 1414, 1225]
7, 0, 3.21, [841, 5117, 495]
7, 1, 3.21, [841, 5117, 873]
7, 2, 3.12, [1378, 5117, 495]
7, 3, 3.07, [841, 5117, 635]
7, 4, 3.05, [339, 974, 495]
7, 5, 3.04, [587, 905, 873]
7, 6, 3.04, [841, 1378, 2032]
7, 7, 3.04, [1028, 520, 495]
7, 8, 3.03, [841, 1157, 2667]
7, 9, 3.03, [1827, 545, 873]
8, 0, 3.21, [841, 5117, 495]
8, 1, 3.21, [841, 5117, 873]
8, 2, 3.12, [339, 5117, 873]
8, 3, 3.11, [710, 5117, 1514]
8, 4, 3.09, [1378, 5117, 635]
8, 5, 3.05, [711, 1574, 751]
8, 6, 3.05, [841, 1569, 716]
8, 7, 3.04, [841, 1219, 1353]
8, 8, 3.04, [841, 336, 635]
8, 9, 3.03, [841, 751, 656]
9, 0, 3.21, [841, 5117, 495]
9, 1, 3.21, [841, 5117, 873]
9, 2, 3.17, [841, 5117, 635]
9, 3, 3.15, [320, 5117, 1827]
9, 4, 3.06, [545, 5117, 3]
9, 5, 3.04, [841, 831, 751]
9, 6, 3.04, [1347, 831, 873]
9, 7, 3.02, [711, 1219, 495]
9, 8, 3.02, [1028, 1543, 1138]
9, 9, 3.01, [2032, 666, 635]
10, 0, 3.21, [841, 5117, 495]
10, 1, 3.21, [841, 5117, 873]
10, 2, 3.11, [1347, 5117, 635]
10, 3, 3.1, [545, 5117, 1514]
10, 4, 3.1, [1028, 5117, 3]
10, 5, 3.07, [1229, 5117, 798]
10, 6, 3.04, [841, 970, 635]
10, 7, 3.03, [841, 691, 587]
10, 8, 3.01, [1028, 1603, 450]
10, 9, 3.01, [1419, 656, 690]
11, 0, 3.21, [841, 5117, 495]
11, 1, 3.21, [841, 5117, 873]
11, 2, 3.12, [1555, 5117, 495]
11, 3, 3.07, [841, 5117, 1514]
11, 4, 3.06, [841, 751, 495]
11, 5, 3.04, [339, 5117, 635]
11, 6, 3.04, [1347, 1567, 1514]
11, 7, 3.03, [841, 831, 495]
11, 8, 3.02, [545, 3, 635]
11, 9, 3.02, [2341, 786, 495]
12, 0, 3.21, [841, 5117, 495]
12, 1, 3.21, [841, 5117, 873]
12, 2, 3.18, [2070, 5117, 1514]
12, 3, 3.13, [339, 5117, 495]
12, 4, 3.12, [1028, 5117, 873]
12, 5, 3.05, [656, 922, 873]
12, 6, 3.05, [1028, 1157, 990]
12, 7, 3.04, [841, 2436, 1569]
12, 8, 3.04, [841, 905, 495]
12, 9, 3.03, [841, 780, 1225]
13, 0, 3.26, [2070, 5117, 520]
13, 1, 3.21, [841, 5117, 216]
13, 2, 3.21, [841, 5117, 495]
13, 3, 3.21, [841, 5117, 873]
13, 4, 3.15, [1028, 5117, 1514]
13, 5, 3.14, [1028, 5117, 495]
13, 6, 3.13, [694, 5117, 873]
13, 7, 3.1, [1353, 5117, 495]
13, 8, 3.1, [694, 5117, 635]
13, 9, 3.04, [2341, 1555, 873]
14, 0, 3.26, [2070, 5117, 520]
14, 1, 3.21, [841, 5117, 216]
14, 2, 3.2, [710, 5117, 15]
14, 3, 3.16, [816, 5117, 520]
14, 4, 3.14, [1514, 970, 520]
14, 5, 3.07, [2070, 1289, 873]
14, 6, 3.07, [2070, 902, 1347]
14, 7, 3.06, [1430, 1509, 520]
14, 8, 3.05, [2070, 1025, 247]
14, 9, 3.02, [841, 716, 1141]
15, 0, 3.26, [2070, 5117, 520]
15, 1, 3.21, [841, 5117, 216]
15, 2, 3.2, [98, 5117, 520]
15, 3, 3.16, [710, 2032, 520]
15, 4, 3.11, [1353, 5117, 15]
15, 5, 3.11, [2070, 841, 520]
15, 6, 3.1, [1003, 691, 520]
15, 7, 3.09, [429, 5117, 1414]
15, 8, 3.06, [2070, 1540, 3]
15, 9, 3.04, [2070, 1567, 15]
16, 0, 3.26, [2070, 5117, 520]
16, 1, 3.24, [809, 5117, 520]
16, 2, 3.21, [841, 5117, 216]
16, 3, 3.18, [1028, 5117, 520]
16, 4, 3.16, [2341, 5117, 675]
16, 5, 3.16, [1381, 5117, 216]
16, 6, 3.11, [1225, 1567, 520]
16, 7, 3.08, [841, 336, 520]
16, 8, 3.07, [98, 5117, 216]
16, 9, 3.04, [2070, 1028, 216]
17, 0, 3.26, [2070, 5117, 520]
17, 1, 3.24, [809, 5117, 520]
17, 2, 3.14, [2070, 1003, 520]
17, 3, 3.14, [809, 798, 520]
17, 4, 3.13, [1574, 974, 520]
17, 5, 3.1, [216, 5117, 1229]
17, 6, 3.09, [1028, 98, 520]
17, 7, 3.09, [2070, 3147, 716]
17, 8, 3.08, [716, 1567, 850]
17, 9, 3.07, [2070, 336, 809]
18, 0, 3.26, [2070, 5117, 520]
18, 1, 3.24, [809, 5117, 520]
18, 2, 3.23, [850, 5117, 520]
18, 3, 3.22, [1353, 5117, 520]
18, 4, 3.2, [1353, 5117, 520]
18, 5, 3.13, [990, 5117, 1394]
18, 6, 3.1, [1353, 798, 520]
18, 7, 3.1, [1219, 1003, 520]
18, 8, 3.08, [2070, 247, 520]
18, 9, 3.04, [2070, 974, 2667]
19, 0, 3.26, [2070, 5117, 520]
19, 1, 3.24, [809, 5117, 520]
19, 2, 3.2, [1353, 5117, 520]
19, 3, 3.14, [850, 5117, 990]
19, 4, 3.13, [495, 5117, 691]
19, 5, 3.11, [716, 98, 520]
19, 6, 3.09, [990, 5117, 1048]
19, 7, 3.04, [809, 850, 1157]
19, 8, 3.03, [1229, 1157, 2490]
19, 9, 3.03, [476, 809, 450]
20, 0, 3.26, [2070, 5117, 520]
20, 1, 3.24, [1394, 5117, 520]
20, 2, 3.24, [809, 5117, 520]
20, 3, 3.17, [850, 336, 520]
20, 4, 3.14, [850, 1029, 520]
20, 5, 3.1, [2070, 1574, 520]
20, 6, 3.1, [809, 1574, 990]
20, 7, 3.1, [1419, 5117, 2490]
20, 8, 3.06, [2070, 934, 990]
20, 9, 3.04, [809, 336, 990]
21, 0, 3.26, [2070, 5117, 520]
21, 1, 3.24, [1394, 5117, 520]
21, 2, 3.18, [635, 5117, 990]
21, 3, 3.12, [970, 5117, 1229]
21, 4, 3.12, [1419, 2846, 520]
21, 5, 3.12, [710, 5117, 2490]
21, 6, 3.11, [1394, 1430, 520]
21, 7, 3.09, [3639, 5117, 247]
21, 8, 3.09, [666, 5117, 1378]
21, 9, 3.06, [1157, 5117, 2490]
22, 0, 3.26, [2070, 5117, 520]
22, 1, 3.24, [1394, 5117, 520]
22, 2, 3.15, [990, 5117, 520]
22, 3, 3.13, [635, 1029, 520]
22, 4, 3.11, [1419, 520, 990]
22, 5, 3.11, [2070, 2032, 520]
22, 6, 3.11, [2070, 5117, 1219]
22, 7, 3.11, [1574, 5117, 1229]
22, 8, 3.08, [2070, 1157, 520]
22, 9, 3.04, [2070, 711, 1419]
23, 0, 3.26, [2070, 5117, 520]
23, 1, 3.24, [1394, 5117, 520]
23, 2, 3.16, [2070, 2032, 520]
23, 3, 3.15, [970, 3147, 520]
23, 4, 3.12, [2070, 741, 520]
23, 5, 3.11, [429, 1048, 520]
23, 6, 3.09, [990, 691, 520]
23, 7, 3.08, [635, 5117, 741]
23, 8, 3.06, [1353, 5117, 15]
23, 9, 3.05, [545, 5117, 2846]
24, 0, 3.26, [2070, 5117, 520]
24, 1, 3.24, [1394, 5117, 520]
24, 2, 3.23, [520, 5117, 798]
24, 3, 3.22, [439, 5117, 520]
24, 4, 3.17, [1353, 3, 520]
24, 5, 3.15, [905, 2032, 520]
24, 6, 3.11, [2070, 1029, 520]
24, 7, 3.11, [2032, 3147, 520]
24, 8, 3.05, [970, 741, 690]
24, 9, 3.03, [2070, 587, 336]
25, 0, 3.27, [697, 5117, 520]
25, 1, 3.26, [2070, 5117, 520]
25, 2, 3.24, [1394, 5117, 520]
25, 3, 3.13, [1394, 5117, 1003]
25, 4, 3.1, [520, 741, 710]
25, 5, 3.09, [809, 5117, 1394]
25, 6, 3.09, [1580, 5117, 1225]
25, 7, 3.08, [78, 5117, 247]
25, 8, 3.07, [1353, 5117, 798]
25, 9, 3.07, [1394, 780, 520]
26, 0, 3.27, [697, 5117, 520]
26, 1, 3.26, [2070, 5117, 520]
26, 2, 3.22, [1353, 5117, 520]
26, 3, 3.18, [1394, 336, 520]
26, 4, 3.18, [809, 1567, 520]
26, 5, 3.15, [2070, 905, 520]
26, 6, 3.1, [819, 5117, 1003]
26, 7, 3.09, [1569, 5117, 1394]
26, 8, 3.05, [2070, 690, 741]
26, 9, 3.02, [697, 1419, 1138]
27, 0, 3.27, [697, 5117, 520]
27, 1, 3.26, [1430, 5117, 520]
27, 2, 3.26, [2070, 5117, 520]
27, 3, 3.24, [1353, 5117, 520]
27, 4, 3.16, [476, 819, 520]
27, 5, 3.13, [697, 336, 520]
27, 6, 3.06, [780, 1419, 520]
27, 7, 3.04, [751, 1567, 850]
27, 8, 3.03, [3, 336, 819]
27, 9, 3.01, [78, 495, 819]
28, 0, 3.27, [697, 5117, 520]
28, 1, 3.26, [1430, 5117, 520]
28, 2, 3.21, [1555, 5117, 520]
28, 3, 3.14, [1569, 5117, 520]
28, 4, 3.12, [2070, 5117, 675]
28, 5, 3.09, [697, 5117, 216]
28, 6, 3.08, [1353, 5117, 710]
28, 7, 3.05, [216, 2846, 2490]
28, 8, 3.04, [1430, 751, 2341]
28, 9, 3.02, [710, 809, 339]
29, 0, 3.27, [1025, 5117, 520]
29, 1, 3.27, [697, 5117, 520]
29, 2, 3.26, [1430, 5117, 520]
29, 3, 3.24, [841, 5117, 520]
29, 4, 3.19, [1580, 3639, 520]
29, 5, 3.15, [841, 5117, 816]
29, 6, 3.13, [476, 934, 520]
29, 7, 3.1, [697, 5117, 2436]
29, 8, 3.08, [1430, 5117, 495]
29, 9, 3.0, [2340, 970, 675]
30, 0, 3.27, [1025, 5117, 520]
30, 1, 3.27, [697, 5117, 520]
30, 2, 3.18, [1569, 5117, 520]
30, 3, 3.13, [697, 2846, 520]
30, 4, 3.13, [697, 5117, 247]
30, 5, 3.13, [785, 905, 520]
30, 6, 3.11, [1509, 5117, 809]
30, 7, 3.11, [1430, 429, 5117]
30, 8, 3.08, [2846, 1603, 520]
30, 9, 3.02, [710, 429, 662]
31, 0, 3.27, [1025, 5117, 520]
31, 1, 3.27, [697, 5117, 520]
31, 2, 3.19, [1569, 5117, 520]
31, 3, 3.15, [697, 1353, 520]
31, 4, 3.13, [731, 5117, 716]
31, 5, 3.11, [1289, 5117, 483]
31, 6, 3.09, [609, 5117, 3147]
31, 7, 3.07, [697, 710, 520]
31, 8, 3.05, [697, 1347, 1514]
31, 9, 3.04, [934, 247, 339]
32, 0, 3.27, [1025, 5117, 520]
32, 1, 3.27, [697, 5117, 520]
32, 2, 3.19, [785, 5117, 990]
32, 3, 3.17, [697, 336, 520]
32, 4, 3.13, [1569, 5117, 1347]
32, 5, 3.1, [1567, 1029, 520]
32, 6, 3.1, [1569, 5117, 1394]
32, 7, 3.09, [1025, 1353, 5117]
32, 8, 3.03, [710, 1567, 1569]
32, 9, 3.01, [1569, 786, 1540]
33, 0, 3.27, [1025, 5117, 520]
33, 1, 3.27, [697, 5117, 520]
33, 2, 3.2, [1289, 731, 520]
33, 3, 3.15, [697, 5117, 741]
33, 4, 3.14, [1289, 5117, 990]
33, 5, 3.14, [819, 5117, 990]
33, 6, 3.13, [785, 970, 520]
33, 7, 3.13, [1414, 5117, 716]
33, 8, 3.1, [785, 5117, 483]
33, 9, 3.09, [1289, 5117, 635]
34, 0, 3.27, [1025, 5117, 520]
34, 1, 3.27, [697, 5117, 520]
34, 2, 3.22, [841, 5117, 520]
34, 3, 3.19, [1289, 731, 520]
34, 4, 3.18, [1289, 5117, 520]
34, 5, 3.12, [697, 5117, 450]
34, 6, 3.11, [786, 545, 520]
34, 7, 3.1, [834, 5117, 1025]
34, 8, 3.06, [1289, 1574, 520]
34, 9, 3.06, [697, 731, 964]
35, 0, 3.27, [450, 5117, 520]
35, 1, 3.27, [1025, 5117, 520]
35, 2, 3.27, [697, 5117, 520]
35, 3, 3.12, [697, 5117, 2436]
35, 4, 3.12, [1028, 786, 520]
35, 5, 3.11, [1025, 1157, 520]
35, 6, 3.1, [809, 831, 520]
35, 7, 3.09, [841, 5117, 1138]
35, 8, 3.05, [1029, 5117, 609]
35, 9, 3.05, [841, 1567, 2341]
36, 0, 3.27, [450, 5117, 520]
36, 1, 3.27, [1025, 5117, 520]
36, 2, 3.23, [476, 3, 520]
36, 3, 3.22, [902, 216, 520]
36, 4, 3.18, [841, 5117, 905]
36, 5, 3.16, [1028, 5117, 716]
36, 6, 3.14, [1025, 5117, 964]
36, 7, 3.1, [1025, 656, 520]
36, 8, 3.1, [450, 5117, 1540]
36, 9, 3.04, [1025, 1574, 716]
37, 0, 3.27, [450, 5117, 520]
37, 1, 3.27, [1025, 5117, 520]
37, 2, 3.17, [439, 5117, 520]
37, 3, 3.15, [476, 5117, 495]
37, 4, 3.12, [1289, 5117, 1555]
37, 5, 3.11, [1025, 5117, 2070]
37, 6, 3.1, [1048, 3, 520]
37, 7, 3.1, [1025, 1141, 520]
37, 8, 3.09, [1289, 5117, 697]
37, 9, 3.06, [450, 1574, 247]
38, 0, 3.29, [934, 5117, 520]
38, 1, 3.27, [450, 5117, 520]
38, 2, 3.27, [1025, 5117, 520]
38, 3, 3.18, [439, 5117, 990]
38, 4, 3.18, [1289, 934, 520]
38, 5, 3.16, [439, 1048, 520]
38, 6, 3.15, [2490, 5117, 2436]
38, 7, 3.15, [450, 970, 520]
38, 8, 3.12, [819, 5117, 339]
38, 9, 3.1, [1048, 662, 520]
39, 0, 3.29, [934, 5117, 520]
39, 1, 3.27, [450, 5117, 520]
39, 2, 3.21, [934, 751, 520]
39, 3, 3.19, [902, 5117, 520]
39, 4, 3.17, [662, 5117, 834]
39, 5, 3.13, [2846, 5117, 1567]
39, 6, 3.12, [216, 5117, 2070]
39, 7, 3.12, [1048, 1540, 520]
39, 8, 3.1, [1225, 545, 520]
39, 9, 3.1, [450, 5117, 1003]
40, 0, 3.29, [934, 5117, 520]
40, 1, 3.27, [450, 5117, 520]
40, 2, 3.21, [974, 5117, 520]
40, 3, 3.21, [934, 1567, 520]
40, 4, 3.14, [450, 751, 520]
40, 5, 3.13, [98, 5117, 691]
40, 6, 3.12, [450, 751, 5117]
40, 7, 3.11, [798, 5117, 834]
40, 8, 3.1, [819, 735, 520]
40, 9, 3.08, [487, 339, 247]
41, 0, 3.29, [934, 5117, 520]
41, 1, 3.27, [450, 5117, 520]
41, 2, 3.19, [450, 5117, 710]
41, 3, 3.16, [934, 5117, 716]
41, 4, 3.16, [841, 1967, 520]
41, 5, 3.12, [1394, 816, 520]
41, 6, 3.12, [666, 690, 520]
41, 7, 3.12, [450, 5117, 1138]
41, 8, 3.08, [786, 5117, 809]
41, 9, 3.06, [934, 1289, 1540]
42, 0, 3.29, [934, 5117, 520]
42, 1, 3.27, [450, 5117, 520]
42, 2, 3.23, [1574, 5117, 520]
42, 3, 3.2, [1048, 5117, 520]
42, 4, 3.14, [450, 1567, 520]
42, 5, 3.14, [656, 2340, 5117]
42, 6, 3.11, [934, 5117, 751]
42, 7, 3.1, [816, 5117, 834]
42, 8, 3.1, [450, 5117, 339]
42, 9, 3.05, [934, 3, 710]
43, 0, 3.29, [934, 5117, 520]
43, 1, 3.27, [450, 5117, 520]
43, 2, 3.26, [819, 5117, 520]
43, 3, 3.14, [1574, 476, 520]
43, 4, 3.14, [2490, 5117, 675]
43, 5, 3.13, [450, 5117, 1138]
43, 6, 3.12, [934, 819, 520]
43, 7, 3.12, [1028, 5117, 850]
43, 8, 3.1, [1394, 5117, 1509]
43, 9, 3.08, [934, 635, 716]
44, 0, 3.29, [934, 5117, 520]
44, 1, 3.27, [450, 5117, 520]
44, 2, 3.22, [666, 5117, 520]
44, 3, 3.16, [841, 5117, 1967]
44, 4, 3.14, [834, 5117, 1967]
44, 5, 3.13, [450, 831, 520]
44, 6, 3.12, [1603, 5117, 2436]
44, 7, 3.12, [1003, 5117, 1138]
44, 8, 3.12, [2341, 1028, 520]
44, 9, 3.1, [450, 751, 520]
45, 0, 3.29, [934, 5117, 520]
45, 1, 3.27, [450, 5117, 520]
45, 2, 3.24, [1048, 5117, 520]
45, 3, 3.23, [934, 5117, 98]
45, 4, 3.15, [2667, 5117, 520]
45, 5, 3.09, [1569, 816, 520]
45, 6, 3.07, [666, 5117, 98]
45, 7, 3.06, [934, 1569, 850]
45, 8, 3.05, [934, 710, 247]
45, 9, 3.05, [1394, 5117, 476]
46, 0, 3.29, [934, 5117, 520]
46, 1, 3.27, [450, 5117, 520]
46, 2, 3.24, [850, 5117, 520]
46, 3, 3.13, [1580, 5117, 98]
46, 4, 3.13, [934, 5117, 690]
46, 5, 3.12, [450, 2490, 520]
46, 6, 3.12, [1048, 3147, 520]
46, 7, 3.08, [1827, 1229, 520]
46, 8, 3.07, [1048, 5117, 495]
46, 9, 3.06, [450, 5117, 1603]
47, 0, 3.29, [934, 5117, 520]
47, 1, 3.27, [450, 5117, 520]
47, 2, 3.22, [1569, 5117, 694]
47, 3, 3.14, [934, 1394, 520]
47, 4, 3.13, [934, 5117, 495]
47, 5, 3.12, [1048, 5117, 98]
47, 6, 3.12, [1048, 5117, 98]
47, 7, 3.09, [1580, 5117, 970]
47, 8, 3.09, [1580, 3, 520]
47, 9, 3.07, [934, 1229, 1029]
48, 0, 3.29, [934, 5117, 520]
48, 1, 3.27, [450, 5117, 520]
48, 2, 3.19, [1048, 5117, 520]
48, 3, 3.14, [1048, 5117, 520]
48, 4, 3.14, [934, 5117, 1138]
48, 5, 3.13, [934, 5117, 819]
48, 6, 3.13, [1580, 1603, 520]
48, 7, 3.12, [1569, 831, 520]
48, 8, 3.12, [3147, 873, 520]
48, 9, 3.12, [1219, 5117, 711]
49, 0, 3.29, [934, 5117, 520]
49, 1, 3.27, [450, 5117, 520]
49, 2, 3.19, [1540, 2070, 520]
49, 3, 3.19, [1048, 3, 520]
49, 4, 3.18, [934, 5117, 690]
49, 5, 3.14, [450, 5117, 1141]
49, 6, 3.1, [934, 5117, 690]
49, 7, 3.05, [476, 587, 716]
49, 8, 3.04, [694, 320, 439]
49, 9, 3.02, [2032, 483, 2846]
50, 0, 3.29, [934, 5117, 520]
50, 1, 3.27, [450, 5117, 520]
50, 2, 3.24, [711, 5117, 520]
50, 3, 3.19, [711, 5117, 520]
50, 4, 3.16, [934, 1567, 520]
50, 5, 3.11, [798, 2070, 520]
50, 6, 3.11, [934, 1353, 520]
50, 7, 3.1, [1540, 5117, 691]
50, 8, 3.09, [450, 1353, 520]
50, 9, 3.06, [487, 902, 2340]
