n_nodes,influence,n0,n1,n2,n3,n4
5,88.0700,766,5543,457,3615,2688
5,88.0700,766,5543,457,3615,2688
5,87.9500,766,5543,457,3615,2688
5,87.8600,766,5543,457,3615,2688
5,87.8600,766,5543,457,3615,2688
5,87.8600,766,5543,457,3615,2688
5,87.8600,766,5543,457,3615,2688
5,87.8600,766,5543,457,3615,2688
5,87.8600,766,5543,457,3615,2688
5,87.8600,766,5543,457,3615,2688
5,87.8600,766,5543,457,3615,2688
5,87.8600,766,5543,457,3615,2688
5,87.8600,766,5543,457,3615,2688
5,87.8600,766,5543,457,3615,2688
5,87.8600,766,5543,457,3615,2688
5,87.7300,766,5543,457,3615,2688
5,87.7300,766,5543,457,3615,2688
5,87.7300,766,5543,457,3615,2688
5,87.7300,766,5543,457,3615,2688
5,87.7300,766,5543,457,3615,2688
5,87.7300,766,5543,457,3615,2688
5,87.7100,766,5543,457,3615,2688
5,87.5000,766,3724,457,3615,2688
5,87.5000,766,3724,457,3615,2688
5,87.3500,766,5543,457,3615,2688
5,87.3200,766,5543,457,3615,2688
5,87.1100,766,5543,457,3615,2688
5,87.0800,766,5543,457,6443,2688
5,87.0800,766,5543,457,6443,2688
5,86.8000,766,5543,457,3615,2688
5,86.5400,766,5543,457,3615,2688
5,86.5300,766,5543,457,3615,2688
5,86.3100,766,5543,457,3615,2688
5,86.2200,766,3724,457,3615,2688
5,86.0500,766,5543,457,3615,2688
5,86.0500,766,5543,457,3615,2688
5,86.0500,766,5543,457,3615,2688
5,85.9500,766,5543,457,3615,2688
5,85.9300,766,5543,457,3615,2688
5,85.7000,766,5543,457,3615,2688
5,85.5600,766,5543,457,3615,2688
5,85.5400,766,3724,457,3615,2688
5,85.4000,766,5543,457,3615,2688
5,85.2700,766,5543,457,3615,2688
5,85.1000,766,5543,457,3615,2688
5,84.8800,766,5543,457,3615,2688
5,84.8800,766,5543,457,3615,2688
5,84.8800,766,5543,457,3615,2688
5,84.8800,766,5543,457,3615,2688
5,84.8800,766,5543,457,3615,2688
5,84.8800,766,5543,457,3615,2688
5,84.8800,766,5543,457,3615,2688
5,84.8800,766,5543,457,3615,2688
5,84.8800,766,5543,457,3615,2688
5,84.8500,766,3724,457,3615,2688
5,84.8500,766,3724,457,3615,2688
5,84.6100,766,3724,457,3615,2688
5,84.6100,766,3724,457,3615,2688
5,84.5200,766,5543,457,3615,2688
5,84.3900,766,3724,457,3615,2688
5,84.2800,766,5543,457,3615,2688
5,84.2100,766,5543,457,3615,2688
5,84.0900,766,3724,457,3615,2688
5,84.0000,766,3724,457,3615,2688
