generation number, individual number, fitness, candidate
0, 0, 17.63, [144434, 70193, 66167]
0, 1, 16.77, [70193, 66167, 98062]
0, 2, 15.9, [73932, 56239, 11388]
0, 3, 15.56, [70194, 88, 70193]
0, 4, 15.43, [66076, 62858, 56239]
0, 5, 14.34, [85839, 98065, 70199]
0, 6, 14.1, [46, 70196, 70193]
0, 7, 13.61, [98065, 76776, 47392]
0, 8, 12.54, [86, 286, 70364]
0, 9, 12.49, [89, 86, 85839]
1, 0, 17.63, [144434, 70193, 66167]
1, 1, 16.9, [127089, 70193, 11388]
1, 2, 16.77, [70193, 66167, 98062]
1, 3, 16.36, [144434, 89, 70196]
1, 4, 15.62, [56240, 86, 70193]
1, 5, 15.27, [66076, 66079, 66167]
1, 6, 15.12, [144434, 70364, 66167]
1, 7, 15.09, [144434, 70193, 76776]
1, 8, 14.59, [66076, 42918, 66167]
1, 9, 13.91, [73932, 56240, 66167]
2, 0, 17.63, [144434, 70193, 66167]
2, 1, 17.48, [98065, 70193, 11388]
2, 2, 16.9, [127089, 70193, 11388]
2, 3, 16.75, [85839, 70193, 66167]
2, 4, 16.53, [144434, 56240, 11388]
2, 5, 15.99, [127089, 70193, 88]
2, 6, 15.39, [144434, 70199, 11388]
2, 7, 15.38, [127089, 70193, 56239]
2, 8, 15.3, [127089, 70193, 56239]
2, 9, 15.03, [144434, 70193, 11925]
3, 0, 17.63, [144434, 70193, 66167]
3, 1, 17.48, [98065, 70193, 11388]
3, 2, 17.37, [98062, 70193, 66167]
3, 3, 17.17, [85839, 70193, 11388]
3, 4, 17.0, [98065, 70193, 56239]
3, 5, 15.1, [144434, 70193, 11925]
3, 6, 14.8, [144434, 70193, 80450]
3, 7, 13.53, [70194, 70193, 11925]
3, 8, 13.22, [127089, 98065, 66167]
3, 9, 12.92, [70198, 11388, 46]
4, 0, 18.21, [89, 70193, 11388]
4, 1, 17.63, [144434, 70193, 66167]
4, 2, 17.48, [98065, 70193, 11388]
4, 3, 16.23, [144434, 70193, 87]
4, 4, 16.17, [144434, 56239, 11388]
4, 5, 16.08, [47392, 70193, 66167]
4, 6, 15.99, [70194, 70193, 56239]
4, 7, 15.92, [127089, 70193, 66167]
4, 8, 14.62, [98065, 70364, 66167]
4, 9, 13.96, [98065, 70193, 70364]
5, 0, 18.4, [98065, 70193, 11388]
5, 1, 18.21, [89, 70193, 11388]
5, 2, 17.63, [144434, 70193, 66167]
5, 3, 16.46, [85839, 70193, 66167]
5, 4, 16.34, [144434, 70193, 286]
5, 5, 16.32, [89, 70193, 282]
5, 6, 16.26, [47392, 70193, 66167]
5, 7, 15.99, [70194, 70193, 89]
5, 8, 15.7, [90, 70193, 66167]
5, 9, 14.53, [89, 70193, 11925]
6, 0, 19.05, [66076, 85839, 66167]
6, 1, 18.4, [98065, 70193, 11388]
6, 2, 18.21, [89, 70193, 11388]
6, 3, 16.85, [286, 70193, 11388]
6, 4, 16.39, [286, 70193, 66167]
6, 5, 15.72, [89, 286, 11388]
6, 6, 15.39, [56240, 282, 11388]
6, 7, 14.85, [144434, 70193, 98065]
6, 8, 14.54, [70364, 70193, 11388]
6, 9, 14.19, [89, 70193, 46]
7, 0, 19.94, [98065, 66076, 11388]
7, 1, 19.05, [66076, 85839, 66167]
7, 2, 18.4, [98065, 70193, 11388]
7, 3, 15.36, [70195, 70193, 11388]
7, 4, 14.67, [66167, 85839, 11388]
7, 5, 14.64, [98065, 47392, 66167]
7, 6, 14.1, [47392, 70196, 286]
7, 7, 13.61, [286, 85839, 56240]
7, 8, 13.02, [80450, 98062, 66167]
7, 9, 12.82, [89, 93406, 66167]
8, 0, 19.94, [98065, 66076, 11388]
8, 1, 19.35, [282, 66076, 11388]
8, 2, 19.16, [90, 66076, 11388]
8, 3, 19.05, [66076, 85839, 66167]
8, 4, 16.97, [73932, 66076, 11925]
8, 5, 16.21, [66076, 282, 286]
8, 6, 13.89, [70193, 98065, 11925]
8, 7, 13.87, [98065, 70193, 12067]
8, 8, 13.48, [42918, 70193, 66076]
8, 9, 12.95, [98065, 66079, 46]
9, 0, 19.94, [98065, 66076, 11388]
9, 1, 19.59, [66076, 47392, 11388]
9, 2, 19.35, [282, 66076, 11388]
9, 3, 18.78, [98062, 66076, 66167]
9, 4, 18.5, [46, 66076, 56240]
9, 5, 17.66, [80450, 66076, 87]
9, 6, 15.55, [144434, 90, 11388]
9, 7, 15.46, [144434, 286, 89]
9, 8, 15.37, [98065, 56239, 11388]
9, 9, 14.54, [70194, 66076, 46]
10, 0, 19.94, [98065, 66076, 11388]
10, 1, 19.59, [66076, 47392, 11388]
10, 2, 18.73, [66076, 47392, 62858]
10, 3, 18.29, [90, 66076, 11388]
10, 4, 17.56, [66076, 286, 56239]
10, 5, 17.33, [66076, 47392, 284]
10, 6, 16.98, [98062, 66076, 11387]
10, 7, 15.78, [98065, 70193, 87]
10, 8, 15.26, [66167, 88, 11388]
10, 9, 15.17, [66076, 42918, 66167]
11, 0, 19.94, [98065, 66076, 11388]
11, 1, 19.59, [66076, 47392, 11388]
11, 2, 18.38, [66076, 70193, 88]
11, 3, 18.28, [286, 66076, 98062]
11, 4, 17.85, [66076, 47392, 76776]
11, 5, 16.96, [66076, 76776, 56239]
11, 6, 16.35, [98065, 66076, 11925]
11, 7, 16.19, [66076, 42918, 11388]
11, 8, 15.59, [66076, 286, 11387]
11, 9, 15.23, [66076, 42918, 56239]
12, 0, 19.94, [98065, 66076, 11388]
12, 1, 19.59, [66076, 47392, 11388]
12, 2, 19.55, [80450, 66076, 11388]
12, 3, 19.19, [46, 66076, 11388]
12, 4, 18.28, [66076, 70193, 89]
12, 5, 17.7, [70199, 66076, 88]
12, 6, 17.42, [98065, 66076, 279]
12, 7, 15.78, [66076, 66079, 11388]
12, 8, 15.62, [98065, 70364, 11388]
12, 9, 12.3, [66076, 70195, 70364]
13, 0, 19.94, [98065, 66076, 11388]
13, 1, 19.84, [66076, 47392, 88]
13, 2, 19.59, [66076, 47392, 11388]
13, 3, 16.57, [56239, 66076, 70199]
13, 4, 15.12, [76776, 85839, 11388]
13, 5, 15.06, [85839, 80450, 70193]
13, 6, 14.83, [85839, 87, 11388]
13, 7, 14.39, [80450, 286, 11388]
13, 8, 13.82, [98063, 47392, 11388]
13, 9, 13.33, [70194, 73931, 86]
14, 0, 19.94, [98065, 66076, 11388]
14, 1, 19.84, [66076, 47392, 88]
14, 2, 19.81, [66076, 73931, 11388]
14, 3, 19.69, [66076, 47392, 11388]
14, 4, 18.8, [66076, 47392, 56239]
14, 5, 18.79, [66167, 66076, 11388]
14, 6, 17.58, [98065, 66076, 46]
14, 7, 16.5, [66076, 73932, 12067]
14, 8, 15.08, [70193, 80450, 282]
14, 9, 15.04, [98065, 70194, 88]
15, 0, 19.94, [98065, 66076, 11388]
15, 1, 19.84, [66076, 47392, 88]
15, 2, 19.76, [66076, 56239, 11388]
15, 3, 19.38, [98062, 66076, 88]
15, 4, 19.16, [80450, 66076, 88]
15, 5, 18.85, [66076, 73931, 11388]
15, 6, 18.12, [70193, 47392, 11388]
15, 7, 15.47, [98065, 70194, 88]
15, 8, 15.15, [98062, 73931, 11388]
15, 9, 14.0, [70195, 47392, 11388]
16, 0, 19.96, [66076, 98062, 11388]
16, 1, 19.94, [98065, 66076, 11388]
16, 2, 19.84, [66076, 47392, 88]
16, 3, 19.29, [66076, 56240, 88]
16, 4, 16.61, [98065, 66076, 278]
16, 5, 16.33, [80449, 66076, 88]
16, 6, 15.74, [86, 98062, 11388]
16, 7, 14.24, [98065, 46, 73932]
16, 8, 14.07, [80450, 46, 11388]
16, 9, 13.72, [98065, 70195, 11388]
17, 0, 19.96, [66076, 98062, 11388]
17, 1, 19.94, [98065, 66076, 11388]
17, 2, 19.48, [66076, 282, 11388]
17, 3, 17.84, [66076, 98062, 278]
17, 4, 17.24, [66076, 56239, 278]
17, 5, 16.8, [98065, 66076, 278]
17, 6, 15.88, [70364, 47392, 11388]
17, 7, 15.82, [73932, 62858, 11388]
17, 8, 15.68, [98062, 56239, 11388]
17, 9, 14.52, [66079, 144434, 11388]
18, 0, 19.96, [66076, 98062, 11388]
18, 1, 19.94, [98065, 66076, 11388]
18, 2, 18.29, [66076, 90, 11388]
18, 3, 17.98, [85839, 66076, 80450]
18, 4, 17.67, [66076, 144434, 278]
18, 5, 17.62, [66076, 66167, 56240]
18, 6, 14.08, [283, 98062, 70194]
18, 7, 14.0, [70193, 62858, 66167]
18, 8, 13.68, [70195, 98062, 11388]
18, 9, 12.97, [87, 98062, 282]
19, 0, 19.96, [66076, 98062, 11388]
19, 1, 19.94, [98065, 66076, 11388]
19, 2, 19.82, [66076, 144434, 88]
19, 3, 18.8, [76776, 66076, 144434]
19, 4, 16.47, [47392, 66076, 12067]
19, 5, 16.46, [70196, 98062, 11388]
19, 6, 14.56, [66079, 85839, 11388]
19, 7, 13.88, [70196, 90, 66167]
19, 8, 13.34, [279, 70199, 66167]
19, 9, 13.2, [98065, 98062, 11388]
20, 0, 19.96, [66076, 98062, 11388]
20, 1, 19.94, [98065, 66076, 11388]
20, 2, 18.25, [73932, 282, 66076]
20, 3, 17.79, [66076, 144434, 11387]
20, 4, 17.45, [66076, 144434, 11925]
20, 5, 16.85, [47392, 66076, 11387]
20, 6, 16.65, [42918, 66076, 11388]
20, 7, 16.35, [98065, 89, 11388]
20, 8, 16.09, [98065, 11388, 89]
20, 9, 13.91, [98065, 66079, 88]
21, 0, 20.5, [66076, 144434, 89]
21, 1, 19.98, [66076, 85839, 11388]
21, 2, 19.96, [66076, 98062, 11388]
21, 3, 19.94, [98065, 66076, 11388]
21, 4, 18.33, [70193, 144434, 11388]
21, 5, 17.33, [85839, 66076, 90]
21, 6, 16.93, [73932, 11387, 66076]
21, 7, 16.19, [98065, 56239, 70193]
21, 8, 15.13, [56239, 98062, 70196]
21, 9, 14.39, [70194, 98062, 282]
22, 0, 20.5, [66076, 144434, 89]
22, 1, 20.18, [66076, 144434, 89]
22, 2, 19.98, [66076, 85839, 11388]
22, 3, 19.3, [66076, 98065, 11388]
22, 4, 18.96, [66076, 127089, 11388]
22, 5, 16.31, [66076, 85839, 281]
22, 6, 16.18, [66076, 86, 46]
22, 7, 14.76, [66076, 87, 12067]
22, 8, 14.35, [73931, 66167, 89]
22, 9, 14.26, [144434, 282, 70194]
23, 0, 20.5, [66076, 144434, 89]
23, 1, 20.18, [66076, 144434, 89]
23, 2, 18.27, [66076, 98062, 46]
23, 3, 17.93, [70193, 144434, 89]
23, 4, 16.59, [66076, 144434, 11925]
23, 5, 16.39, [66076, 80450, 90]
23, 6, 13.83, [66079, 98065, 89]
23, 7, 13.74, [76776, 85839, 56239]
23, 8, 13.42, [282, 70199, 89]
23, 9, 13.36, [70193, 70199, 88]
24, 0, 20.5, [66076, 144434, 89]
24, 1, 20.18, [66076, 144434, 89]
24, 2, 18.35, [66076, 144434, 86]
24, 3, 18.06, [66076, 127089, 89]
24, 4, 17.33, [66076, 56240, 90]
24, 5, 15.65, [56240, 98062, 89]
24, 6, 15.57, [66076, 70197, 11388]
24, 7, 14.4, [70364, 47392, 86]
24, 8, 14.35, [70195, 144434, 73932]
24, 9, 13.62, [66079, 56240, 89]
25, 0, 20.5, [66076, 144434, 89]
25, 1, 20.18, [66076, 144434, 89]
25, 2, 19.59, [66076, 66167, 89]
25, 3, 18.1, [66076, 144434, 282]
25, 4, 17.73, [66076, 127089, 76776]
25, 5, 17.69, [66076, 56240, 46]
25, 6, 15.54, [70194, 89, 85839]
25, 7, 15.29, [66076, 70364, 86]
25, 8, 13.86, [66167, 47392, 87]
25, 9, 13.6, [70199, 73932, 62858]
26, 0, 20.5, [66076, 144434, 89]
26, 1, 20.18, [66076, 144434, 89]
26, 2, 18.03, [66076, 66167, 73931]
26, 3, 15.57, [144434, 56240, 89]
26, 4, 15.04, [70196, 47392, 89]
26, 5, 13.75, [66076, 282, 70196]
26, 6, 13.5, [66167, 144434, 56240]
26, 7, 13.18, [66076, 87, 66079]
26, 8, 12.17, [86, 286, 89]
26, 9, 11.32, [98062, 144434, 70199]
27, 0, 20.5, [66076, 144434, 89]
27, 1, 20.18, [66076, 144434, 89]
27, 2, 19.17, [66076, 70193, 89]
27, 3, 16.29, [66076, 56240, 66167]
27, 4, 16.02, [11388, 144434, 56240]
27, 5, 15.88, [144434, 56239, 89]
27, 6, 15.47, [86, 144434, 73932]
27, 7, 15.45, [66076, 88, 281]
27, 8, 14.3, [89, 144434, 284]
27, 9, 14.05, [66076, 98065, 70195]
28, 0, 20.5, [66076, 144434, 89]
28, 1, 20.18, [66076, 144434, 89]
28, 2, 19.01, [66076, 66167, 47392]
28, 3, 18.18, [98062, 66076, 282]
28, 4, 15.82, [66076, 98065, 70199]
28, 5, 15.18, [88, 73932, 89]
28, 6, 13.56, [80450, 144434, 89]
28, 7, 12.75, [98065, 144434, 89]
28, 8, 12.32, [86, 144434, 46]
28, 9, 12.17, [144434, 80450, 282]
29, 0, 20.5, [66076, 144434, 89]
29, 1, 20.18, [66076, 144434, 89]
29, 2, 18.38, [66076, 98065, 47392]
29, 3, 17.52, [66076, 66167, 46]
29, 4, 16.31, [11388, 98065, 73932]
29, 5, 16.2, [66076, 144434, 42918]
29, 6, 15.83, [66076, 70199, 86]
29, 7, 15.02, [70196, 144434, 87]
29, 8, 14.83, [70194, 144434, 56239]
29, 9, 13.91, [62858, 73932, 87]
30, 0, 20.5, [66076, 144434, 89]
30, 1, 20.18, [66076, 144434, 89]
30, 2, 18.3, [66076, 127089, 89]
30, 3, 18.15, [66076, 144434, 90]
30, 4, 17.61, [66076, 70199, 89]
30, 5, 16.4, [70193, 144434, 73932]
30, 6, 16.09, [70193, 144434, 90]
30, 7, 15.47, [144434, 56240, 85839]
30, 8, 14.7, [66076, 85839, 47392]
30, 9, 14.42, [46, 70194, 11388]
31, 0, 20.5, [66076, 144434, 89]
31, 1, 20.18, [66076, 144434, 89]
31, 2, 19.6, [66076, 11388, 62858]
31, 3, 19.2, [66076, 80450, 89]
31, 4, 15.23, [282, 144434, 89]
31, 5, 14.08, [66076, 70194, 86]
31, 6, 13.56, [88, 66167, 46]
31, 7, 13.01, [62858, 127089, 80450]
31, 8, 12.32, [70195, 127089, 89]
31, 9, 12.27, [70197, 56239, 89]
32, 0, 20.5, [66076, 144434, 89]
32, 1, 20.18, [66076, 144434, 89]
32, 2, 20.13, [66076, 144434, 56240]
32, 3, 20.03, [66076, 11388, 46]
32, 4, 19.94, [66076, 144434, 66167]
32, 5, 19.61, [66076, 11388, 86]
32, 6, 19.15, [66076, 73932, 286]
32, 7, 18.7, [66076, 144434, 56240]
32, 8, 18.59, [70193, 144434, 89]
32, 9, 16.98, [66076, 11388, 280]
33, 0, 20.5, [66076, 144434, 89]
33, 1, 20.18, [66076, 144434, 89]
33, 2, 20.09, [85839, 144434, 66076]
33, 3, 18.37, [66076, 144434, 56241]
33, 4, 17.87, [66076, 98065, 56240]
33, 5, 16.75, [89, 144434, 11388]
33, 6, 15.31, [282, 144434, 89]
33, 7, 14.7, [70199, 144434, 70196]
33, 8, 13.17, [56240, 98065, 87]
33, 9, 12.52, [70196, 144434, 98065]
34, 0, 20.5, [66076, 144434, 89]
34, 1, 20.18, [66076, 144434, 89]
34, 2, 18.67, [66076, 56240, 73932]
34, 3, 17.46, [66076, 86, 283]
34, 4, 17.3, [66076, 127089, 70193]
34, 5, 17.08, [66076, 76776, 85839]
34, 6, 16.7, [66076, 88, 280]
34, 7, 16.3, [70194, 11388, 89]
34, 8, 13.7, [70194, 144434, 56241]
34, 9, 13.66, [66076, 70196, 85839]
35, 0, 20.5, [66076, 144434, 89]
35, 1, 20.18, [66076, 144434, 89]
35, 2, 19.41, [98062, 66076, 89]
35, 3, 18.8, [66076, 56239, 89]
35, 4, 18.52, [66076, 56239, 46]
35, 5, 18.33, [66076, 70193, 88]
35, 6, 17.06, [66076, 88, 280]
35, 7, 13.22, [70364, 70199, 89]
35, 8, 12.58, [56240, 144434, 280]
35, 9, 12.43, [56237, 11388, 86]
36, 0, 20.5, [66076, 144434, 89]
36, 1, 20.18, [66076, 144434, 89]
36, 2, 19.61, [66076, 144434, 47392]
36, 3, 18.29, [66076, 56240, 282]
36, 4, 15.76, [70196, 47392, 89]
36, 5, 15.16, [56240, 144434, 89]
36, 6, 14.43, [56239, 70194, 89]
36, 7, 13.81, [66076, 70196, 86]
36, 8, 13.64, [286, 98065, 70364]
36, 9, 13.43, [282, 127089, 76776]
37, 0, 21.37, [66076, 11388, 89]
37, 1, 20.5, [66076, 144434, 89]
37, 2, 20.18, [66076, 144434, 89]
37, 3, 18.86, [66076, 98065, 89]
37, 4, 16.86, [66076, 127089, 282]
37, 5, 15.85, [88, 144434, 89]
37, 6, 15.83, [70193, 70196, 89]
37, 7, 15.21, [11388, 98065, 286]
37, 8, 14.39, [47392, 144434, 46]
37, 9, 14.0, [66167, 56240, 89]
38, 0, 21.37, [66076, 11388, 89]
38, 1, 20.5, [66076, 144434, 89]
38, 2, 18.8, [66076, 11388, 284]
38, 3, 18.78, [66076, 47392, 46]
38, 4, 18.57, [70193, 11388, 89]
38, 5, 17.65, [66076, 11388, 90]
38, 6, 17.63, [66076, 87, 70193]
38, 7, 16.4, [70193, 127089, 89]
38, 8, 15.97, [66076, 87, 70364]
38, 9, 14.09, [56239, 70194, 86]
39, 0, 21.37, [66076, 11388, 89]
39, 1, 20.5, [66076, 144434, 89]
39, 2, 16.59, [66076, 12067, 89]
39, 3, 16.28, [56239, 73932, 144434]
39, 4, 16.26, [70196, 11388, 89]
39, 5, 16.06, [66076, 144434, 98062]
39, 6, 14.78, [88, 144434, 90]
39, 7, 14.38, [70196, 11388, 284]
39, 8, 14.12, [66079, 73932, 89]
39, 9, 14.01, [98065, 62858, 89]
40, 0, 21.37, [66076, 11388, 89]
40, 1, 20.5, [66076, 144434, 89]
40, 2, 19.12, [70193, 11388, 89]
40, 3, 17.87, [66076, 76776, 62858]
40, 4, 16.67, [66076, 12067, 89]
40, 5, 16.34, [66076, 12067, 89]
40, 6, 15.5, [144434, 56239, 89]
40, 7, 14.25, [66076, 12067, 90]
40, 8, 11.02, [86, 282, 89]
40, 9, 10.49, [286, 14223, 89]
41, 0, 21.37, [66076, 11388, 89]
41, 1, 20.5, [66076, 144434, 89]
41, 2, 19.88, [66076, 144434, 89]
41, 3, 17.76, [66076, 76776, 46]
41, 4, 17.09, [66076, 46, 62858]
41, 5, 16.81, [66076, 88, 86]
41, 6, 14.62, [56239, 11388, 80450]
41, 7, 14.2, [88, 11388, 86]
41, 8, 13.38, [47392, 11388, 56237]
41, 9, 12.88, [70196, 88, 46]
42, 0, 21.37, [66076, 11388, 89]
42, 1, 20.5, [66076, 144434, 89]
42, 2, 18.2, [66076, 11388, 90]
42, 3, 17.9, [66076, 127089, 89]
42, 4, 17.48, [66076, 90, 89]
42, 5, 16.82, [66076, 76776, 46]
42, 6, 15.97, [66076, 11925, 62858]
42, 7, 14.9, [286, 76776, 89]
42, 8, 14.85, [98062, 286, 89]
42, 9, 12.96, [70195, 11388, 46]
43, 0, 21.37, [66076, 11388, 89]
43, 1, 20.5, [66076, 144434, 89]
43, 2, 16.61, [70196, 11388, 89]
43, 3, 15.3, [66076, 11925, 46]
43, 4, 15.15, [98062, 11388, 66167]
43, 5, 14.68, [66076, 12067, 90]
43, 6, 13.79, [85839, 282, 98065]
43, 7, 13.51, [70199, 76776, 89]
43, 8, 13.06, [70196, 86, 70194]
43, 9, 12.28, [127089, 70196, 98062]
44, 0, 21.37, [66076, 11388, 89]
44, 1, 20.5, [66076, 144434, 89]
44, 2, 18.3, [66076, 98062, 282]
44, 3, 18.01, [70193, 11388, 89]
44, 4, 15.29, [73932, 98065, 88]
44, 5, 14.87, [98065, 70199, 89]
44, 6, 14.63, [70195, 11388, 89]
44, 7, 14.33, [76776, 98062, 56240]
44, 8, 13.49, [70195, 144434, 56239]
44, 9, 13.07, [70196, 11388, 281]
45, 0, 21.37, [66076, 11388, 89]
45, 1, 20.5, [66076, 144434, 89]
45, 2, 20.12, [66076, 144434, 89]
45, 3, 19.82, [66076, 11388, 46]
45, 4, 19.28, [66076, 11388, 46]
45, 5, 19.08, [66076, 144434, 86]
45, 6, 17.75, [66076, 11388, 70364]
45, 7, 17.73, [70193, 98062, 89]
45, 8, 16.78, [66076, 98062, 280]
45, 9, 16.56, [70193, 144434, 282]
46, 0, 21.37, [66076, 11388, 89]
46, 1, 20.5, [66076, 144434, 89]
46, 2, 18.72, [66076, 98065, 66167]
46, 3, 17.3, [66076, 11925, 89]
46, 4, 16.67, [144434, 85839, 89]
46, 5, 16.41, [76776, 11388, 89]
46, 6, 15.49, [66076, 12067, 56240]
46, 7, 14.45, [66079, 144434, 89]
46, 8, 14.38, [66076, 87, 46]
46, 9, 14.2, [66079, 11388, 89]
47, 0, 21.37, [66076, 11388, 89]
47, 1, 20.5, [66076, 144434, 89]
47, 2, 19.99, [66076, 11388, 47392]
47, 3, 19.62, [66076, 98065, 89]
47, 4, 17.4, [66076, 144434, 80450]
47, 5, 17.09, [70196, 11388, 89]
47, 6, 16.66, [76776, 11388, 89]
47, 7, 16.35, [47392, 11388, 98062]
47, 8, 16.07, [66076, 85839, 281]
47, 9, 13.42, [70364, 86, 70194]
48, 0, 21.37, [66076, 11388, 89]
48, 1, 20.5, [66076, 144434, 89]
48, 2, 17.35, [66076, 144434, 280]
48, 3, 15.82, [66076, 85839, 98063]
48, 4, 15.72, [98062, 89, 70194]
48, 5, 15.04, [66076, 86, 70194]
48, 6, 14.85, [70196, 62858, 85839]
48, 7, 14.81, [98065, 73932, 86]
48, 8, 14.56, [73932, 98063, 11388]
48, 9, 14.24, [70195, 11388, 89]
49, 0, 21.37, [66076, 11388, 89]
49, 1, 20.5, [66076, 144434, 89]
49, 2, 19.21, [66076, 98065, 89]
49, 3, 19.06, [66076, 11388, 86]
49, 4, 18.56, [66076, 144434, 90]
49, 5, 18.36, [66076, 85839, 90]
49, 6, 16.8, [66076, 85839, 280]
49, 7, 15.6, [66076, 144434, 98062]
49, 8, 15.12, [85839, 89, 70194]
49, 9, 14.64, [66076, 98065, 98063]
50, 0, 21.37, [66076, 11388, 89]
50, 1, 20.5, [66076, 144434, 89]
50, 2, 18.68, [66076, 11388, 86]
50, 3, 15.7, [70193, 62858, 282]
50, 4, 15.66, [70196, 73932, 98062]
50, 5, 15.58, [98062, 85839, 89]
50, 6, 15.5, [56239, 73932, 89]
50, 7, 14.7, [286, 11388, 62858]
50, 8, 14.64, [66076, 70198, 286]
50, 9, 13.91, [47392, 86, 56239]
