generation number, pop_size, worst, best, median, avg, std, diversity, improvement, number_of_selections
0, 10, 3.01, 3.16, 3.0549999999999997, 3.069, 0.048672374094551926,0.9333333333333333,0,[1.e-300]
1, 10, 3.06, 3.23, 3.135, 3.1390000000000002, 0.045044422518220835,0.725925925925926,0.022151898734177163,[1.e-300]
2, 10, 3.01, 3.23, 3.0949999999999998, 3.1019999999999994, 0.06997142273814366,0.8148148148148149,0.0,[1.e-300]
3, 10, 3.05, 3.26, 3.0999999999999996, 3.123, 0.07156116265125938,0.7925925925925926,0.009287925696594366,[1.e-300]
4, 10, 3.01, 3.26, 3.14, 3.1350000000000002, 0.08935882720806045,0.762962962962963,0.0,[1.e-300]
5, 10, 3.02, 3.26, 3.13, 3.1369999999999996, 0.091438503924769,0.8222222222222222,0.0,[1.e-300]
6, 10, 3.01, 3.26, 3.04, 3.0869999999999997, 0.0950841732361385,0.8592592592592593,0.0,[1.e-300]
7, 10, 3.03, 3.26, 3.16, 3.1540000000000004, 0.07927168473042567,0.7185185185185186,0.0,[1.e-300]
8, 10, 3.03, 3.26, 3.125, 3.132, 0.07934733769950945,0.7925925925925926,0.0,[1.e-300]
9, 10, 3.04, 3.26, 3.13, 3.139, 0.07841555968046135,0.7703703703703704,0.0,[1.e-300]
10, 10, 3.05, 3.27, 3.16, 3.165, 0.07684399781375252,0.6962962962962963,0.0030674846625767583,[1.e-300]
