generation number, individual number, fitness, candidate
0, 0, 15.16, [73932, 90, 89]
0, 1, 14.25, [80449, 90, 66076]
0, 2, 12.51, [70364, 96147, 14197]
0, 3, 11.27, [286, 56241, 14200]
0, 4, 10.84, [282, 47392, 70197]
0, 5, 10.84, [283, 89, 90]
0, 6, 10.65, [80450, 823, 46]
0, 7, 10.34, [90, 93407, 56241]
0, 8, 9.72, [278, 14198, 94015]
0, 9, 8.65, [14198, 1061, 14201]
1, 0, 18.11, [85839, 90, 66076]
1, 1, 15.16, [73932, 90, 89]
1, 2, 14.25, [80449, 90, 66076]
1, 3, 14.1, [70364, 121382, 89]
1, 4, 13.18, [73932, 90, 13042]
1, 5, 13.14, [80450, 90, 89]
1, 6, 12.98, [70364, 96147, 70194]
1, 7, 12.36, [73932, 90, 73931]
1, 8, 10.02, [70364, 42918, 14197]
1, 9, 9.76, [80449, 90, 86]
2, 0, 18.11, [85839, 90, 66076]
2, 1, 17.13, [85839, 66076, 127088]
2, 2, 15.16, [73932, 90, 89]
2, 3, 15.05, [80449, 283, 66076]
2, 4, 14.99, [73932, 14198, 89]
2, 5, 12.02, [73932, 90, 280]
2, 6, 11.82, [73932, 91978, 47500]
2, 7, 11.38, [70364, 90, 86]
2, 8, 11.37, [47500, 62858, 70194]
2, 9, 11.08, [94017, 121382, 89]
3, 0, 18.19, [47392, 66076, 283]
3, 1, 18.11, [85839, 90, 66076]
3, 2, 17.9, [85839, 282, 66076]
3, 3, 17.13, [85839, 66076, 127088]
3, 4, 15.41, [80449, 285, 66076]
3, 5, 14.79, [283, 93407, 66076]
3, 6, 14.43, [80449, 284, 66076]
3, 7, 13.89, [85839, 283, 70196]
3, 8, 13.85, [47392, 90, 89]
3, 9, 13.7, [80449, 148118, 66076]
4, 0, 18.36, [47392, 66076, 285]
4, 1, 18.19, [47392, 66076, 283]
4, 2, 18.11, [85839, 90, 66076]
4, 3, 16.6, [85839, 66076, 70199]
4, 4, 15.26, [47392, 278, 70193]
4, 5, 13.97, [283, 127088, 70193]
4, 6, 12.56, [70196, 70193, 86543]
4, 7, 12.52, [66167, 76776, 86543]
4, 8, 12.08, [47392, 285, 283]
4, 9, 11.98, [85839, 283, 66079]
5, 0, 18.36, [47392, 66076, 285]
5, 1, 18.19, [47392, 66076, 283]
5, 2, 17.48, [85839, 66076, 283]
5, 3, 15.08, [281, 66076, 282]
5, 4, 14.1, [85839, 285, 70194]
5, 5, 13.29, [47392, 70199, 285]
5, 6, 12.9, [42918, 66076, 70199]
5, 7, 12.03, [14198, 70194, 283]
5, 8, 11.56, [47392, 14199, 90]
5, 9, 10.01, [127089, 66079, 66171]
6, 0, 18.6, [47392, 66076, 86]
6, 1, 18.36, [47392, 66076, 285]
6, 2, 18.19, [47392, 66076, 283]
6, 3, 17.46, [62858, 66076, 285]
6, 4, 16.6, [11388, 66076, 93406]
6, 5, 16.07, [87, 66076, 283]
6, 6, 14.52, [85839, 70196, 282]
6, 7, 11.75, [283, 70194, 127089]
6, 8, 10.68, [47392, 1060, 90]
6, 9, 9.62, [47392, 93406, 66169]
7, 0, 18.6, [47392, 66076, 86]
7, 1, 18.36, [47392, 66076, 285]
7, 2, 17.49, [47392, 66076, 14197]
7, 3, 17.0, [47392, 66076, 282]
7, 4, 16.43, [94016, 66076, 86]
7, 5, 15.49, [148118, 66076, 284]
7, 6, 15.02, [80450, 66167, 89]
7, 7, 14.5, [66169, 66076, 283]
7, 8, 14.42, [80449, 66076, 283]
7, 9, 11.11, [42918, 66076, 1927]
8, 0, 18.6, [47392, 66076, 86]
8, 1, 18.36, [47392, 66076, 285]
8, 2, 16.01, [47392, 98062, 89]
8, 3, 15.84, [14200, 66076, 90]
8, 4, 14.08, [47392, 98062, 66078]
8, 5, 13.49, [94015, 66076, 150655]
8, 6, 13.4, [47392, 282, 86]
8, 7, 11.95, [47392, 70365, 14200]
8, 8, 11.51, [98063, 14198, 86]
8, 9, 10.74, [558, 13042, 98065]
9, 0, 18.6, [47392, 66076, 86]
9, 1, 18.58, [47392, 66076, 86]
9, 2, 18.36, [47392, 66076, 285]
9, 3, 17.8, [47392, 66076, 86]
9, 4, 15.74, [47392, 98062, 88]
9, 5, 14.59, [47392, 144434, 86]
9, 6, 14.41, [47392, 70196, 86]
9, 7, 13.71, [47392, 66079, 89]
9, 8, 13.12, [73931, 98062, 285]
9, 9, 12.25, [282, 130282, 86]
10, 0, 18.6, [47392, 66076, 86]
10, 1, 18.58, [47392, 66076, 86]
10, 2, 14.85, [821, 66076, 86]
10, 3, 14.47, [47392, 144434, 285]
10, 4, 13.18, [47392, 121382, 86]
10, 5, 12.29, [47392, 89, 86]
10, 6, 11.98, [47392, 11925, 86]
10, 7, 11.9, [558, 66076, 40788]
10, 8, 11.14, [47392, 14198, 94015]
10, 9, 8.39, [1062, 73931, 47500]
11, 0, 18.6, [47392, 66076, 86]
11, 1, 18.58, [47392, 66076, 86]
11, 2, 12.61, [96144, 70199, 86]
11, 3, 12.59, [47392, 88, 86]
11, 4, 11.47, [47392, 14200, 94015]
11, 5, 10.99, [821, 70193, 1062]
11, 6, 10.99, [282, 6376, 14199]
11, 7, 10.61, [47392, 66078, 150655]
11, 8, 10.48, [47392, 66078, 40788]
11, 9, 9.78, [47392, 113477, 93407]
12, 0, 19.47, [47392, 66076, 88]
12, 1, 18.6, [47392, 66076, 86]
12, 2, 18.58, [47392, 66076, 86]
12, 3, 17.64, [96144, 66076, 87]
12, 4, 16.12, [821, 66076, 89]
12, 5, 13.65, [96144, 70194, 86]
12, 6, 12.64, [73932, 278, 90]
12, 7, 11.63, [47392, 70199, 281]
12, 8, 11.62, [47392, 62858, 80449]
12, 9, 10.17, [47392, 70199, 113478]
13, 0, 19.47, [47392, 66076, 88]
13, 1, 18.6, [47392, 66076, 86]
13, 2, 17.67, [96147, 66076, 86]
13, 3, 17.39, [14201, 66076, 88]
13, 4, 17.04, [66167, 66076, 86]
13, 5, 16.91, [47392, 66076, 87]
13, 6, 16.67, [73931, 66076, 87]
13, 7, 16.22, [56237, 66076, 46]
13, 8, 15.05, [91978, 11388, 85839]
13, 9, 14.05, [47392, 98062, 90]
14, 0, 19.47, [47392, 66076, 88]
14, 1, 18.6, [47392, 66076, 86]
14, 2, 17.87, [47392, 66076, 46]
14, 3, 17.82, [14201, 66076, 88]
14, 4, 15.15, [47392, 70194, 88]
14, 5, 14.48, [11388, 70195, 88]
14, 6, 12.78, [13042, 70193, 56237]
14, 7, 12.51, [47392, 144434, 70198]
14, 8, 11.3, [113477, 66076, 77088]
14, 9, 10.4, [47392, 70199, 40786]
15, 0, 19.47, [47392, 66076, 88]
15, 1, 18.6, [47392, 66076, 86]
15, 2, 16.9, [56241, 66076, 88]
15, 3, 16.25, [127088, 66076, 46]
15, 4, 14.6, [42918, 66076, 46]
15, 5, 14.2, [47392, 56240, 70196]
15, 6, 14.15, [148118, 66076, 126458]
15, 7, 12.91, [89, 94016, 14198]
15, 8, 11.77, [73931, 1063, 88]
15, 9, 10.84, [47392, 66079, 47500]
16, 0, 19.47, [47392, 66076, 88]
16, 1, 19.18, [47392, 66076, 88]
16, 2, 18.6, [47392, 66076, 86]
16, 3, 16.18, [47392, 66076, 94015]
16, 4, 15.87, [148118, 66076, 86]
16, 5, 13.98, [286, 56241, 11388]
16, 6, 13.7, [47392, 14200, 88]
16, 7, 13.21, [47392, 127088, 46]
16, 8, 13.2, [42918, 66076, 284]
16, 9, 12.17, [56239, 40788, 88]
17, 0, 19.47, [47392, 66076, 88]
17, 1, 19.18, [47392, 66076, 88]
17, 2, 14.27, [47392, 76776, 56239]
17, 3, 13.21, [47392, 70196, 280]
17, 4, 12.73, [73931, 66079, 88]
17, 5, 12.69, [279, 96147, 56239]
17, 6, 12.58, [47392, 46, 96144]
17, 7, 10.87, [47392, 113478, 88]
17, 8, 10.55, [47392, 113478, 286]
17, 9, 10.5, [87, 90, 85838]
18, 0, 19.47, [47392, 66076, 88]
18, 1, 19.18, [47392, 66076, 88]
18, 2, 16.1, [6376, 66076, 88]
18, 3, 15.94, [6376, 66076, 279]
18, 4, 14.35, [66171, 144434, 88]
18, 5, 13.34, [47392, 70196, 280]
18, 6, 13.07, [47392, 76776, 59751]
18, 7, 12.7, [47392, 70194, 90]
18, 8, 11.66, [47392, 70197, 56239]
18, 9, 11.34, [47392, 113478, 88]
19, 0, 19.47, [47392, 66076, 88]
19, 1, 19.18, [47392, 66076, 88]
19, 2, 17.4, [47392, 70193, 88]
19, 3, 17.11, [47392, 66076, 280]
19, 4, 15.46, [6376, 66076, 86]
19, 5, 13.71, [144434, 6376, 88]
19, 6, 13.54, [11388, 286, 279]
19, 7, 13.51, [144434, 96648, 88]
19, 8, 12.71, [47392, 1062, 88]
19, 9, 12.34, [70364, 87, 88]
20, 0, 19.47, [144434, 66076, 47392]
20, 1, 19.47, [47392, 66076, 88]
20, 2, 19.18, [47392, 66076, 88]
20, 3, 14.92, [47392, 70364, 88]
20, 4, 14.9, [42918, 66076, 88]
20, 5, 13.01, [47392, 94016, 46]
20, 6, 12.46, [47392, 91978, 14200]
20, 7, 12.28, [47392, 283, 66079]
20, 8, 11.2, [42918, 98062, 88]
20, 9, 10.51, [130282, 126458, 46]
21, 0, 19.47, [144434, 66076, 47392]
21, 1, 19.47, [47392, 66076, 88]
21, 2, 15.08, [94015, 66076, 278]
21, 3, 14.89, [144434, 66079, 88]
21, 4, 14.07, [144434, 90, 47392]
21, 5, 13.79, [144434, 46, 73931]
21, 6, 13.56, [47392, 70364, 121382]
21, 7, 13.24, [42918, 94016, 66076]
21, 8, 11.65, [47392, 47500, 286]
21, 9, 11.19, [47392, 90, 11387]
22, 0, 19.47, [144434, 66076, 47392]
22, 1, 19.47, [47392, 66076, 88]
22, 2, 17.73, [144434, 66076, 279]
22, 3, 16.09, [73931, 66076, 278]
22, 4, 15.35, [144434, 70194, 88]
22, 5, 15.25, [144434, 56240, 88]
22, 6, 14.77, [94015, 66076, 90]
22, 7, 14.41, [94015, 66076, 90]
22, 8, 12.41, [91978, 66079, 88]
22, 9, 12.21, [94015, 66076, 42918]
23, 0, 19.47, [144434, 66076, 47392]
23, 1, 19.47, [47392, 66076, 88]
23, 2, 18.44, [144434, 66076, 73931]
23, 3, 17.1, [6376, 66076, 47392]
23, 4, 16.48, [70194, 66076, 88]
23, 5, 12.64, [1063, 66076, 42918]
23, 6, 10.51, [98065, 113478, 47392]
23, 7, 8.64, [46, 821, 85838]
23, 8, 8.51, [47392, 284, 42918]
23, 9, 8.32, [85839, 14200, 42918]
24, 0, 19.47, [144434, 66076, 47392]
24, 1, 19.47, [47392, 66076, 88]
24, 2, 18.73, [144434, 66076, 86]
24, 3, 18.16, [144434, 66076, 279]
24, 4, 17.71, [47392, 66076, 13042]
24, 5, 15.88, [86543, 66076, 85839]
24, 6, 15.13, [47392, 98062, 70194]
24, 7, 14.48, [98065, 76776, 47392]
24, 8, 14.15, [42918, 66076, 73931]
24, 9, 13.39, [127089, 286, 47392]
25, 0, 19.47, [144434, 66076, 47392]
25, 1, 19.47, [47392, 66076, 88]
25, 2, 18.75, [144434, 66076, 46]
25, 3, 18.21, [127089, 66076, 88]
25, 4, 16.87, [98065, 66076, 13042]
25, 5, 15.61, [823, 66076, 76776]
25, 6, 15.01, [73931, 66076, 47392]
25, 7, 14.73, [47392, 6376, 70193]
25, 8, 12.8, [127089, 279, 47392]
25, 9, 12.62, [88, 93406, 47392]
26, 0, 19.71, [11388, 66076, 47392]
26, 1, 19.47, [144434, 66076, 47392]
26, 2, 19.47, [47392, 66076, 88]
26, 3, 17.43, [144434, 70193, 88]
26, 4, 17.34, [90, 66076, 47392]
26, 5, 15.92, [42918, 11388, 66076]
26, 6, 15.57, [127089, 70193, 47392]
26, 7, 13.93, [62858, 66079, 70193]
26, 8, 13.71, [144434, 823, 88]
26, 9, 12.33, [14201, 90, 47392]
27, 0, 19.71, [11388, 66076, 47392]
27, 1, 19.47, [144434, 66076, 47392]
27, 2, 18.97, [144434, 66076, 73931]
27, 3, 18.35, [144434, 59751, 66076]
27, 4, 15.43, [66078, 66076, 62858]
27, 5, 14.43, [11388, 90, 47392]
27, 6, 14.28, [127089, 88, 47392]
27, 7, 12.94, [70196, 66076, 100807]
27, 8, 12.26, [47392, 13042, 59751]
27, 9, 10.05, [1062, 70195, 47392]
28, 0, 19.71, [11388, 66076, 47392]
28, 1, 19.47, [144434, 66076, 47392]
28, 2, 18.82, [144434, 76776, 66076]
28, 3, 16.76, [144434, 100807, 66076]
28, 4, 13.45, [144434, 94015, 47392]
28, 5, 12.98, [11388, 66079, 90]
28, 6, 11.07, [130282, 11388, 42918]
28, 7, 10.78, [93406, 127088, 47392]
28, 8, 10.27, [11388, 96648, 59751]
28, 9, 10.06, [11388, 66170, 821]
29, 0, 19.71, [11388, 66076, 47392]
29, 1, 19.47, [144434, 66076, 47392]
29, 2, 18.85, [11388, 66076, 73931]
29, 3, 17.65, [11388, 66076, 70364]
29, 4, 14.73, [144434, 42918, 66076]
29, 5, 13.79, [144434, 47392, 66079]
29, 6, 13.62, [144434, 70195, 47392]
29, 7, 13.46, [127089, 70194, 56239]
29, 8, 11.9, [144434, 66169, 73931]
29, 9, 11.57, [144434, 40787, 70194]
30, 0, 19.71, [11388, 66076, 47392]
30, 1, 19.47, [144434, 66076, 47392]
30, 2, 16.82, [73931, 66076, 283]
30, 3, 16.65, [144434, 66076, 98065]
30, 4, 13.78, [86, 14199, 47392]
30, 5, 12.74, [14198, 66171, 47392]
30, 6, 12.53, [91978, 86, 73931]
30, 7, 12.43, [70197, 66076, 56241]
30, 8, 12.26, [127089, 76776, 98062]
30, 9, 11.71, [11388, 70195, 77088]
31, 0, 19.71, [11388, 66076, 47392]
31, 1, 19.47, [144434, 66076, 47392]
31, 2, 19.31, [98065, 66076, 47392]
31, 3, 16.95, [86, 66076, 283]
31, 4, 15.43, [11925, 66076, 283]
31, 5, 14.61, [85838, 66076, 47392]
31, 6, 13.52, [73931, 66076, 42918]
31, 7, 13.41, [40786, 66076, 13042]
31, 8, 13.16, [144434, 66079, 283]
31, 9, 10.17, [73931, 70194, 47392]
32, 0, 19.71, [11388, 66076, 47392]
32, 1, 19.47, [144434, 66076, 47392]
32, 2, 19.17, [11388, 66076, 96147]
32, 3, 16.99, [100807, 66076, 80450]
32, 4, 16.67, [11387, 66076, 47392]
32, 5, 14.4, [98065, 66076, 42918]
32, 6, 14.23, [281, 66076, 14201]
32, 7, 13.75, [42918, 66076, 283]
32, 8, 13.26, [221360, 11388, 47392]
32, 9, 12.05, [86, 66079, 47392]
33, 0, 19.71, [11388, 66076, 47392]
33, 1, 19.47, [144434, 66076, 47392]
33, 2, 18.9, [11388, 66076, 73931]
33, 3, 15.93, [91978, 66076, 96147]
33, 4, 14.69, [98065, 47392, 56239]
33, 5, 13.95, [70196, 66076, 47392]
33, 6, 13.65, [62858, 70194, 47392]
33, 7, 11.43, [144434, 14197, 66170]
33, 8, 11.05, [11388, 96148, 40786]
33, 9, 10.19, [11388, 1061, 42918]
34, 0, 19.71, [11388, 66076, 47392]
34, 1, 19.47, [144434, 66076, 47392]
34, 2, 18.25, [144434, 66076, 90]
34, 3, 17.98, [11388, 66076, 278]
34, 4, 16.82, [11387, 66076, 47392]
34, 5, 16.59, [66167, 66076, 70199]
34, 6, 13.79, [98065, 14197, 47392]
34, 7, 12.64, [11925, 66076, 70197]
34, 8, 11.1, [144434, 66079, 94015]
34, 9, 10.24, [11388, 14223, 73931]
35, 0, 19.74, [11388, 66076, 46]
35, 1, 19.71, [11388, 66076, 47392]
35, 2, 19.47, [144434, 66076, 47392]
35, 3, 18.4, [144434, 66076, 73931]
35, 4, 17.74, [46, 66076, 62858]
35, 5, 15.88, [11388, 70196, 47392]
35, 6, 15.58, [11388, 70194, 47392]
35, 7, 10.78, [11925, 144434, 127088]
35, 8, 10.37, [11387, 70195, 47392]
35, 9, 9.2, [93408, 1061, 47392]
36, 0, 19.74, [11388, 66076, 46]
36, 1, 19.71, [11388, 66076, 47392]
36, 2, 17.56, [98065, 66076, 46]
36, 3, 15.65, [12067, 66076, 47392]
36, 4, 15.2, [144434, 70194, 47392]
36, 5, 15.04, [11388, 66167, 47392]
36, 6, 14.82, [221360, 66076, 14197]
36, 7, 14.68, [14199, 66076, 80449]
36, 8, 14.66, [93406, 66076, 73931]
36, 9, 13.46, [66167, 70196, 13042]
37, 0, 19.74, [11388, 66076, 46]
37, 1, 19.71, [11388, 66076, 47392]
37, 2, 15.58, [11387, 66076, 285]
37, 3, 14.93, [11388, 47392, 87]
37, 4, 13.12, [80450, 76776, 46]
37, 5, 12.92, [121382, 89, 91978]
37, 6, 11.68, [56237, 70194, 46]
37, 7, 11.6, [96144, 62858, 130282]
37, 8, 11.41, [40786, 62858, 73932]
37, 9, 9.55, [285, 87, 46]
38, 0, 19.74, [11388, 66076, 46]
38, 1, 19.71, [11388, 66076, 47392]
38, 2, 16.1, [11925, 66076, 285]
38, 3, 15.97, [6376, 66076, 46]
38, 4, 15.49, [12067, 66076, 46]
38, 5, 15.4, [11387, 66076, 90]
38, 6, 13.46, [11388, 76776, 126458]
38, 7, 13.45, [11388, 130282, 124712]
38, 8, 12.16, [80450, 86, 285]
38, 9, 11.42, [11388, 80449, 127088]
39, 0, 19.74, [11388, 66076, 46]
39, 1, 19.71, [11388, 66076, 47392]
39, 2, 19.46, [11388, 66076, 80450]
39, 3, 16.89, [11925, 66076, 88]
39, 4, 16.79, [59751, 66076, 285]
39, 5, 16.38, [284, 66076, 127089]
39, 6, 16.01, [278, 66076, 285]
39, 7, 15.47, [11925, 66076, 87]
39, 8, 14.88, [12067, 66076, 285]
39, 9, 14.1, [11388, 66079, 47392]
40, 0, 19.74, [11388, 66076, 46]
40, 1, 19.71, [11388, 66076, 47392]
40, 2, 18.95, [11388, 66076, 90]
40, 3, 18.51, [11388, 66076, 87]
40, 4, 15.61, [94017, 66076, 46]
40, 5, 12.43, [62858, 94015, 98065]
40, 6, 11.34, [93407, 98065, 100807]
40, 7, 10.67, [11388, 81178, 94016]
40, 8, 10.38, [11925, 282, 46]
40, 9, 10.27, [98063, 47500, 66167]
41, 0, 20.23, [11388, 66076, 89]
41, 1, 19.83, [11388, 66076, 86]
41, 2, 19.74, [11388, 66076, 46]
41, 3, 19.71, [11388, 66076, 47392]
41, 4, 12.67, [11388, 47500, 46]
41, 5, 12.0, [76776, 1062, 46]
41, 6, 11.96, [11388, 96144, 821]
41, 7, 11.6, [279, 70195, 47392]
41, 8, 10.87, [66167, 11925, 87]
41, 9, 9.77, [86, 1061, 286]
42, 0, 20.23, [11388, 66076, 89]
42, 1, 19.83, [11388, 66076, 86]
42, 2, 17.55, [11388, 70193, 86]
42, 3, 15.71, [12067, 66076, 46]
42, 4, 14.78, [124712, 66076, 148118]
42, 5, 12.81, [14223, 70193, 47392]
42, 6, 12.27, [11388, 96144, 124712]
42, 7, 11.53, [821, 70364, 86]
42, 8, 11.49, [11388, 66079, 94017]
42, 9, 11.01, [11388, 94015, 280]
43, 0, 20.23, [11388, 66076, 89]
43, 1, 20.08, [73932, 66076, 89]
43, 2, 19.83, [11388, 66076, 86]
43, 3, 17.02, [11388, 70193, 90]
43, 4, 15.79, [11388, 66076, 1927]
43, 5, 15.49, [11388, 70196, 46]
43, 6, 14.91, [12067, 66076, 286]
43, 7, 14.36, [14223, 66076, 86]
43, 8, 13.7, [11388, 70195, 89]
43, 9, 9.56, [11387, 221360, 86]
44, 0, 20.23, [11388, 66076, 89]
44, 1, 20.08, [73932, 66076, 89]
44, 2, 19.49, [11388, 66076, 282]
44, 3, 17.12, [96148, 66076, 86]
44, 4, 16.53, [11388, 76776, 89]
44, 5, 14.08, [11388, 221360, 89]
44, 6, 13.99, [11925, 70193, 86]
44, 7, 13.32, [87, 283, 144434]
44, 8, 13.24, [12067, 66076, 6376]
44, 9, 12.98, [73931, 66076, 81178]
45, 0, 20.23, [11388, 66076, 89]
45, 1, 20.08, [73932, 66076, 89]
45, 2, 18.1, [11388, 66076, 124712]
45, 3, 18.03, [11388, 70193, 89]
45, 4, 16.89, [11388, 66076, 281]
45, 5, 15.37, [11388, 127088, 89]
45, 6, 14.63, [96148, 66076, 281]
45, 7, 13.9, [150655, 66076, 279]
45, 8, 13.61, [11388, 86, 283]
45, 9, 8.67, [11388, 47500, 14223]
46, 0, 20.23, [11388, 66076, 89]
46, 1, 20.08, [73932, 66076, 89]
46, 2, 18.41, [100807, 66076, 89]
46, 3, 16.08, [73932, 70196, 89]
46, 4, 14.62, [73932, 62858, 70194]
46, 5, 13.95, [11388, 14201, 282]
46, 6, 13.95, [11388, 70199, 278]
46, 7, 13.28, [278, 62858, 89]
46, 8, 12.72, [94015, 66076, 281]
46, 9, 10.92, [124712, 66169, 89]
47, 0, 20.23, [11388, 66076, 89]
47, 1, 20.08, [73932, 66076, 89]
47, 2, 17.92, [127088, 66076, 89]
47, 3, 17.52, [62858, 66076, 76776]
47, 4, 16.69, [77088, 88, 66076]
47, 5, 16.06, [73932, 70196, 89]
47, 6, 14.73, [11388, 70194, 73931]
47, 7, 14.13, [823, 66076, 77088]
47, 8, 12.56, [86543, 70196, 89]
47, 9, 12.52, [11388, 113478, 89]
48, 0, 20.23, [11388, 66076, 89]
48, 1, 20.08, [73932, 66076, 89]
48, 2, 17.22, [127088, 66076, 86]
48, 3, 15.82, [70194, 66076, 89]
48, 4, 14.99, [11925, 66076, 127089]
48, 5, 13.64, [56237, 66076, 558]
48, 6, 13.44, [70365, 100807, 89]
48, 7, 12.6, [13042, 94016, 89]
48, 8, 12.43, [73932, 47500, 86]
48, 9, 10.73, [85839, 42918, 89]
49, 0, 20.23, [11388, 66076, 89]
49, 1, 20.08, [73932, 66076, 89]
49, 2, 20.06, [11388, 66076, 86]
49, 3, 18.9, [85839, 66076, 86]
49, 4, 18.19, [14198, 66076, 89]
49, 5, 17.11, [127088, 66076, 46]
49, 6, 16.16, [11388, 70194, 89]
49, 7, 15.54, [73932, 286, 89]
49, 8, 15.0, [285, 70196, 89]
49, 9, 13.47, [73932, 282, 86]
50, 0, 20.23, [11388, 66076, 89]
50, 1, 20.08, [73932, 66076, 89]
50, 2, 18.04, [127089, 66076, 89]
50, 3, 17.36, [76776, 66076, 86]
50, 4, 16.51, [11388, 66076, 281]
50, 5, 15.9, [11388, 66076, 40786]
50, 6, 14.78, [11388, 47392, 94016]
50, 7, 13.69, [278, 66076, 281]
50, 8, 10.6, [12067, 70199, 86]
50, 9, 10.52, [96147, 98063, 66171]
