generation number, individual number, fitness, candidate
0, 0, 3.2, [90, 56240, 62858]
0, 1, 3.09, [278, 33296, 33298]
0, 2, 3.08, [73700, 283, 33296]
0, 3, 3.08, [31634, 148118, 11935]
0, 4, 3.07, [56241, 66171, 67331]
0, 5, 3.07, [98065, 14223, 91276]
0, 6, 3.07, [71858, 118602, 10375]
0, 7, 3.07, [150652, 87893, 144434]
0, 8, 3.07, [65901, 33297, 98063]
0, 9, 3.05, [113171, 281, 89]
1, 0, 3.2, [90, 56240, 62858]
1, 1, 3.15, [46, 33296, 62858]
1, 2, 3.12, [285, 148118, 11935]
1, 3, 3.11, [278, 66170, 62858]
1, 4, 3.1, [90, 56239, 33298]
1, 5, 3.1, [284, 100807, 221360]
1, 6, 3.1, [113171, 56240, 823]
1, 7, 3.09, [278, 33296, 33298]
1, 8, 3.08, [46, 11925, 33298]
1, 9, 3.08, [90, 33297, 33298]
2, 0, 3.2, [90, 56240, 62858]
2, 1, 3.16, [46, 66170, 62858]
2, 2, 3.15, [90, 65897, 62858]
2, 3, 3.15, [86, 56240, 62858]
2, 4, 3.15, [90, 88, 98063]
2, 5, 3.15, [46, 33296, 62858]
2, 6, 3.14, [46, 56237, 62858]
2, 7, 3.12, [286, 33296, 62858]
2, 8, 3.11, [90, 33296, 56239]
2, 9, 3.11, [283, 95674, 62858]
3, 0, 3.2, [90, 56240, 62858]
3, 1, 3.17, [90, 56240, 62858]
3, 2, 3.16, [90, 66170, 62858]
3, 3, 3.16, [46, 66170, 62858]
3, 4, 3.12, [70638, 156909, 62858]
3, 5, 3.12, [56240, 1063, 11387]
3, 6, 3.11, [283, 33296, 62858]
3, 7, 3.09, [150655, 67331, 118602]
3, 8, 3.07, [46, 88, 67332]
3, 9, 3.07, [221360, 56240, 62858]
4, 0, 3.2, [90, 56240, 62858]
4, 1, 3.17, [90, 56240, 62858]
4, 2, 3.13, [285, 56240, 56241]
4, 3, 3.11, [90, 62858, 91276]
4, 4, 3.11, [87, 66170, 62858]
4, 5, 3.1, [1061, 56240, 56241]
4, 6, 3.08, [150655, 66170, 31634]
4, 7, 3.08, [127089, 73703, 821]
4, 8, 3.08, [282, 66059, 62858]
4, 9, 3.07, [90, 66170, 80656]
5, 0, 3.2, [90, 56240, 62858]
5, 1, 3.17, [87, 56240, 65897]
5, 2, 3.17, [90, 56240, 62858]
5, 3, 3.16, [286, 66170, 62858]
5, 4, 3.15, [284, 285, 62858]
5, 5, 3.12, [89, 56240, 62858]
5, 6, 3.11, [77358, 66169, 73700]
5, 7, 3.07, [70640, 56239, 1063]
5, 8, 3.06, [1063, 56237, 66170]
5, 9, 3.06, [80661, 56240, 62858]
6, 0, 3.21, [283, 56240, 65897]
6, 1, 3.2, [90, 56240, 62858]
6, 2, 3.19, [283, 56240, 278]
6, 3, 3.17, [88, 56240, 62858]
6, 4, 3.17, [87, 56240, 65897]
6, 5, 3.16, [150015, 56240, 90]
6, 6, 3.14, [113171, 66169, 286]
6, 7, 3.13, [90, 33300, 65897]
6, 8, 3.11, [95674, 33299, 62858]
6, 9, 3.09, [87, 66169, 62858]
7, 0, 3.23, [90, 56240, 31634]
7, 1, 3.23, [282, 284, 87]
7, 2, 3.21, [283, 56240, 65897]
7, 3, 3.2, [90, 56240, 62858]
7, 4, 3.17, [283, 149059, 282]
7, 5, 3.14, [283, 67332, 80450]
7, 6, 3.11, [284, 56240, 65897]
7, 7, 3.11, [283, 56240, 33297]
7, 8, 3.1, [11387, 286, 65897]
7, 9, 3.1, [282, 56240, 62858]
8, 0, 3.23, [90, 56240, 31634]
8, 1, 3.23, [282, 284, 87]
8, 2, 3.21, [90, 56240, 86]
8, 3, 3.19, [90, 286, 87]
8, 4, 3.14, [283, 66169, 31634]
8, 5, 3.14, [90, 149059, 31634]
8, 6, 3.13, [90, 284, 46]
8, 7, 3.13, [282, 284, 33296]
8, 8, 3.12, [90, 56240, 31634]
8, 9, 3.12, [90, 56240, 134361]
9, 0, 3.23, [90, 56240, 31634]
9, 1, 3.23, [282, 284, 87]
9, 2, 3.18, [285, 56240, 87]
9, 3, 3.16, [282, 286, 31634]
9, 4, 3.15, [282, 284, 33298]
9, 5, 3.15, [286, 284, 87]
9, 6, 3.12, [90, 66169, 86]
9, 7, 3.11, [282, 70639, 86]
9, 8, 3.09, [90, 144434, 33296]
9, 9, 3.07, [90, 118602, 87]
10, 0, 3.23, [90, 56240, 31634]
10, 1, 3.23, [282, 284, 87]
10, 2, 3.19, [56241, 284, 87]
10, 3, 3.15, [282, 286, 31634]
10, 4, 3.14, [90, 56240, 89]
10, 5, 3.13, [282, 66170, 87]
10, 6, 3.13, [150652, 283, 95674]
10, 7, 3.12, [33297, 56240, 150655]
10, 8, 3.12, [282, 70638, 279]
10, 9, 3.1, [67331, 284, 88]
11, 0, 3.23, [90, 56240, 31634]
11, 1, 3.23, [282, 284, 87]
11, 2, 3.15, [56239, 284, 31634]
11, 3, 3.13, [56239, 284, 31634]
11, 4, 3.13, [286, 284, 87]
11, 5, 3.12, [46, 286, 87]
11, 6, 3.12, [56241, 56240, 33300]
11, 7, 3.12, [123523, 150655, 33298]
11, 8, 3.11, [283, 89, 134362]
11, 9, 3.1, [100807, 62858, 33300]
12, 0, 3.23, [90, 56240, 31634]
12, 1, 3.23, [282, 284, 87]
12, 2, 3.19, [283, 56240, 87]
12, 3, 3.19, [286, 282, 87]
12, 4, 3.13, [282, 284, 33296]
12, 5, 3.12, [90, 100141, 31634]
12, 6, 3.1, [90, 56240, 86]
12, 7, 3.1, [134361, 284, 285]
12, 8, 3.09, [1063, 284, 31634]
12, 9, 3.06, [12067, 284, 88]
13, 0, 3.23, [90, 56240, 31634]
13, 1, 3.23, [282, 284, 87]
13, 2, 3.19, [282, 62858, 31634]
13, 3, 3.19, [282, 221360, 118602]
13, 4, 3.17, [1063, 282, 87]
13, 5, 3.15, [282, 284, 87]
13, 6, 3.13, [90, 284, 11926]
13, 7, 3.1, [87893, 56241, 90]
13, 8, 3.09, [65897, 284, 14223]
13, 9, 3.07, [282, 56240, 33296]
14, 0, 3.23, [90, 56240, 31634]
14, 1, 3.23, [282, 284, 87]
14, 2, 3.17, [95674, 284, 87]
14, 3, 3.14, [90, 62858, 33300]
14, 4, 3.14, [282, 284, 33300]
14, 5, 3.12, [282, 56240, 118602]
14, 6, 3.11, [282, 56240, 33296]
14, 7, 3.1, [90, 66170, 87]
14, 8, 3.09, [95674, 56240, 87]
14, 9, 3.08, [282, 33298, 31634]
15, 0, 3.23, [90, 56240, 31634]
15, 1, 3.23, [282, 284, 87]
15, 2, 3.18, [90, 56240, 86]
15, 3, 3.12, [282, 90, 31634]
15, 4, 3.12, [282, 284, 33300]
15, 5, 3.11, [95674, 56240, 33298]
15, 6, 3.1, [91276, 56240, 87]
15, 7, 3.08, [123523, 87893, 87]
15, 8, 3.07, [66166, 56237, 66167]
15, 9, 3.04, [90, 284, 14223]
16, 0, 3.24, [95674, 56240, 86]
16, 1, 3.23, [90, 56240, 31634]
16, 2, 3.23, [282, 284, 87]
16, 3, 3.15, [282, 56240, 33300]
16, 4, 3.15, [66167, 56239, 86]
16, 5, 3.13, [282, 283, 33298]
16, 6, 3.13, [33297, 56240, 283]
16, 7, 3.11, [90, 284, 31634]
16, 8, 3.08, [100807, 65901, 282]
16, 9, 3.07, [90, 65901, 31634]
17, 0, 3.24, [95674, 56240, 86]
17, 1, 3.23, [90, 56240, 31634]
17, 2, 3.15, [90, 56240, 87]
17, 3, 3.14, [286, 56240, 87]
17, 4, 3.12, [90, 56237, 86]
17, 5, 3.11, [282, 284, 33298]
17, 6, 3.1, [150653, 282, 65899]
17, 7, 3.09, [95674, 56237, 31634]
17, 8, 3.09, [90, 56240, 118602]
17, 9, 3.08, [823, 70638, 88]
18, 0, 3.24, [95674, 56240, 86]
18, 1, 3.23, [90, 56240, 31634]
18, 2, 3.21, [286, 62858, 86]
18, 3, 3.16, [33297, 56240, 86]
18, 4, 3.14, [90, 66169, 86]
18, 5, 3.13, [286, 279, 86]
18, 6, 3.13, [56239, 1060, 66059]
18, 7, 3.12, [95674, 150653, 87]
18, 8, 3.11, [95674, 56240, 280]
18, 9, 3.11, [11387, 123523, 86]
19, 0, 3.24, [95674, 56240, 86]
19, 1, 3.23, [90, 56240, 31634]
19, 2, 3.21, [283, 56240, 86]
19, 3, 3.17, [286, 56240, 86]
19, 4, 3.16, [283, 56240, 86]
19, 5, 3.12, [80450, 56240, 86]
19, 6, 3.11, [1063, 62858, 31634]
19, 7, 3.09, [91276, 56240, 31634]
19, 8, 3.09, [100140, 285, 280]
19, 9, 3.05, [95674, 56240, 70638]
20, 0, 3.24, [95674, 56240, 86]
20, 1, 3.23, [90, 56240, 31634]
20, 2, 3.2, [150653, 65897, 86]
20, 3, 3.17, [283, 56240, 86]
20, 4, 3.15, [33300, 46, 90]
20, 5, 3.14, [88, 56240, 65897]
20, 6, 3.12, [149059, 56240, 86]
20, 7, 3.08, [95674, 62858, 1061]
20, 8, 3.06, [11926, 56240, 86]
20, 9, 3.06, [95674, 1060, 31634]
21, 0, 3.24, [282, 56240, 86]
21, 1, 3.24, [95674, 56240, 86]
21, 2, 3.23, [90, 56240, 31634]
21, 3, 3.12, [88, 56240, 46]
21, 4, 3.1, [150653, 65897, 33298]
21, 5, 3.1, [95674, 80449, 86]
21, 6, 3.09, [284, 56240, 86]
21, 7, 3.09, [95674, 56240, 98063]
21, 8, 3.08, [127088, 65897, 86]
21, 9, 3.04, [77358, 11925, 127088]
22, 0, 3.24, [282, 56240, 86]
22, 1, 3.24, [95674, 56240, 86]
22, 2, 3.22, [90, 56240, 87]
22, 3, 3.21, [282, 56240, 127089]
22, 4, 3.19, [284, 56240, 86]
22, 5, 3.17, [282, 66166, 86]
22, 6, 3.17, [282, 56240, 88]
22, 7, 3.14, [88, 62858, 86]
22, 8, 3.12, [95674, 56239, 31634]
22, 9, 3.11, [150654, 66170, 149059]
23, 0, 3.24, [282, 56240, 86]
23, 1, 3.24, [95674, 56240, 86]
23, 2, 3.14, [282, 56240, 46]
23, 3, 3.14, [282, 80661, 33298]
23, 4, 3.14, [67332, 66170, 62858]
23, 5, 3.12, [113171, 56240, 127089]
23, 6, 3.12, [6376, 56240, 127089]
23, 7, 3.12, [98062, 56240, 86]
23, 8, 3.1, [95674, 46, 86]
23, 9, 3.1, [95674, 1062, 150015]
24, 0, 3.24, [282, 56240, 86]
24, 1, 3.24, [95674, 56240, 86]
24, 2, 3.2, [282, 56240, 89]
24, 3, 3.13, [150654, 56240, 11388]
24, 4, 3.12, [11388, 56240, 56237]
24, 5, 3.12, [282, 1061, 86]
24, 6, 3.09, [95674, 56239, 86]
24, 7, 3.09, [95674, 56240, 89]
24, 8, 3.07, [95674, 56239, 33298]
24, 9, 3.07, [95674, 66170, 86]
25, 0, 3.24, [282, 56240, 86]
25, 1, 3.24, [95674, 56240, 86]
25, 2, 3.19, [282, 56240, 113173]
25, 3, 3.17, [73700, 823, 86]
25, 4, 3.13, [11387, 56240, 98063]
25, 5, 3.11, [67332, 65901, 90]
25, 6, 3.1, [156909, 1062, 89]
25, 7, 3.1, [282, 113172, 86]
25, 8, 3.09, [80450, 66170, 86]
25, 9, 3.08, [98065, 80661, 86]
26, 0, 3.24, [282, 56240, 86]
26, 1, 3.24, [95674, 56240, 86]
26, 2, 3.18, [90, 150653, 86]
26, 3, 3.15, [282, 56240, 90]
26, 4, 3.15, [71858, 66167, 87]
26, 5, 3.12, [95674, 56240, 89]
26, 6, 3.11, [127089, 283, 86]
26, 7, 3.11, [144434, 56240, 67332]
26, 8, 3.1, [73700, 56240, 90]
26, 9, 3.08, [95674, 56240, 65897]
27, 0, 3.24, [282, 56240, 86]
27, 1, 3.24, [95674, 56240, 86]
27, 2, 3.17, [90, 66170, 86]
27, 3, 3.15, [282, 56240, 87]
27, 4, 3.15, [127088, 56240, 88]
27, 5, 3.1, [80662, 56240, 86]
27, 6, 3.09, [90, 150653, 86]
27, 7, 3.09, [33299, 66170, 89]
27, 8, 3.08, [150654, 56240, 70639]
27, 9, 3.08, [33300, 56240, 67332]
28, 0, 3.24, [282, 56240, 86]
28, 1, 3.24, [95674, 56240, 86]
28, 2, 3.2, [90, 66169, 86]
28, 3, 3.19, [282, 56240, 86]
28, 4, 3.17, [148118, 56240, 150655]
28, 5, 3.14, [90, 56239, 86]
28, 6, 3.11, [100140, 558, 86]
28, 7, 3.1, [282, 67331, 86]
28, 8, 3.07, [113173, 70639, 280]
28, 9, 3.04, [95674, 1062, 134361]
29, 0, 3.24, [282, 56240, 86]
29, 1, 3.24, [95674, 56240, 86]
29, 2, 3.21, [90, 56237, 86]
29, 3, 3.13, [100141, 56240, 33298]
29, 4, 3.13, [282, 56240, 90]
29, 5, 3.13, [90, 56240, 73703]
29, 6, 3.12, [282, 66169, 87]
29, 7, 3.11, [282, 66170, 86]
29, 8, 3.1, [1060, 56240, 558]
29, 9, 3.08, [95674, 56240, 127088]
30, 0, 3.24, [282, 56240, 86]
30, 1, 3.24, [95674, 56240, 86]
30, 2, 3.18, [90, 56240, 89]
30, 3, 3.15, [284, 56240, 70638]
30, 4, 3.13, [282, 56240, 286]
30, 5, 3.11, [80449, 56237, 14223]
30, 6, 3.11, [91276, 56240, 86]
30, 7, 3.09, [6376, 56240, 144434]
30, 8, 3.09, [113171, 123524, 1062]
30, 9, 3.06, [144436, 113171, 89]
31, 0, 3.24, [282, 56240, 86]
31, 1, 3.24, [95674, 56240, 86]
31, 2, 3.18, [285, 56240, 86]
31, 3, 3.16, [282, 56240, 46]
31, 4, 3.13, [282, 90, 86]
31, 5, 3.12, [90, 98063, 86]
31, 6, 3.1, [65901, 56240, 144434]
31, 7, 3.08, [95674, 150652, 89]
31, 8, 3.07, [284, 56240, 89]
31, 9, 3.07, [282, 71858, 31634]
32, 0, 3.24, [282, 56240, 86]
32, 1, 3.24, [95674, 56240, 86]
32, 2, 3.17, [285, 56240, 89]
32, 3, 3.16, [100140, 62858, 86]
32, 4, 3.16, [282, 56240, 88]
32, 5, 3.14, [70639, 62858, 12067]
32, 6, 3.11, [279, 56240, 134361]
32, 7, 3.11, [88, 66170, 144436]
32, 8, 3.09, [127088, 56240, 46]
32, 9, 3.09, [66167, 56239, 67331]
33, 0, 3.24, [282, 56240, 86]
33, 1, 3.24, [95674, 56240, 86]
33, 2, 3.17, [283, 56240, 86]
33, 3, 3.13, [95674, 66166, 89]
33, 4, 3.12, [285, 56239, 86]
33, 5, 3.12, [118606, 12067, 86]
33, 6, 3.12, [12067, 56240, 86]
33, 7, 3.12, [282, 150015, 86]
33, 8, 3.09, [823, 56240, 89]
33, 9, 3.07, [281, 31634, 1060]
34, 0, 3.24, [282, 56240, 86]
34, 1, 3.24, [95674, 56240, 86]
34, 2, 3.12, [95674, 56240, 90]
34, 3, 3.12, [56241, 56240, 86]
34, 4, 3.12, [90, 66166, 89]
34, 5, 3.11, [80661, 56240, 70638]
34, 6, 3.11, [95674, 56240, 87]
34, 7, 3.1, [150653, 56240, 280]
34, 8, 3.1, [87893, 283, 89]
34, 9, 3.09, [282, 77358, 98063]
35, 0, 3.24, [282, 56240, 86]
35, 1, 3.24, [95674, 56240, 86]
35, 2, 3.18, [90, 56237, 86]
35, 3, 3.15, [282, 56240, 280]
35, 4, 3.15, [282, 56240, 286]
35, 5, 3.13, [282, 73703, 86]
35, 6, 3.13, [90, 66169, 86]
35, 7, 3.13, [95674, 62858, 86]
35, 8, 3.12, [282, 56237, 89]
35, 9, 3.07, [11388, 134365, 86]
36, 0, 3.24, [282, 56240, 86]
36, 1, 3.24, [95674, 56240, 86]
36, 2, 3.17, [11935, 56240, 86]
36, 3, 3.13, [100807, 56237, 86]
36, 4, 3.11, [90, 56240, 88]
36, 5, 3.1, [1927, 56240, 73703]
36, 6, 3.09, [282, 66166, 86]
36, 7, 3.08, [282, 67332, 70639]
36, 8, 3.08, [150653, 95674, 286]
36, 9, 3.08, [282, 56237, 113171]
37, 0, 3.24, [282, 56240, 86]
37, 1, 3.24, [95674, 56240, 86]
37, 2, 3.14, [282, 66170, 86]
37, 3, 3.14, [282, 87, 11926]
37, 4, 3.13, [282, 118606, 88]
37, 5, 3.1, [11935, 66170, 86]
37, 6, 3.08, [73703, 282, 86]
37, 7, 3.08, [282, 56240, 46]
37, 8, 3.08, [123524, 11388, 77358]
37, 9, 3.08, [95674, 56240, 46]
38, 0, 3.24, [282, 56240, 86]
38, 1, 3.24, [95674, 56240, 86]
38, 2, 3.22, [46, 56240, 11387]
38, 3, 3.21, [283, 56240, 86]
38, 4, 3.16, [95674, 88, 89]
38, 5, 3.14, [95674, 56240, 70638]
38, 6, 3.14, [150015, 80450, 86]
38, 7, 3.14, [46, 144434, 150652]
38, 8, 3.11, [282, 118602, 86]
38, 9, 3.09, [100141, 56240, 86]
39, 0, 3.24, [282, 56240, 86]
39, 1, 3.24, [95674, 56240, 86]
39, 2, 3.22, [88, 56240, 86]
39, 3, 3.16, [87, 88, 89]
39, 4, 3.13, [282, 66169, 11387]
39, 5, 3.12, [98065, 56240, 86]
39, 6, 3.11, [46, 56240, 89]
39, 7, 3.1, [95674, 66169, 11387]
39, 8, 3.09, [284, 91276, 86]
39, 9, 3.08, [100807, 821, 86]
40, 0, 3.24, [282, 56240, 86]
40, 1, 3.24, [95674, 56240, 86]
40, 2, 3.21, [88, 56237, 89]
40, 3, 3.18, [98065, 56240, 86]
40, 4, 3.15, [87, 278, 86]
40, 5, 3.15, [90, 88, 86]
40, 6, 3.1, [95674, 66171, 86]
40, 7, 3.09, [134362, 33297, 87]
40, 8, 3.05, [95674, 56240, 281]
40, 9, 3.05, [150015, 149059, 113172]
41, 0, 3.25, [87, 56240, 86]
41, 1, 3.24, [282, 56240, 86]
41, 2, 3.24, [95674, 56240, 86]
41, 3, 3.21, [88, 56239, 86]
41, 4, 3.2, [95674, 56240, 87]
41, 5, 3.18, [148118, 62858, 65901]
41, 6, 3.14, [80449, 56240, 89]
41, 7, 3.12, [95674, 56240, 88]
41, 8, 3.12, [88, 66169, 86]
41, 9, 3.1, [71858, 56240, 283]
42, 0, 3.25, [87, 56240, 86]
42, 1, 3.24, [282, 56240, 86]
42, 2, 3.2, [282, 100140, 86]
42, 3, 3.18, [87, 56240, 98063]
42, 4, 3.14, [282, 56240, 88]
42, 5, 3.14, [88, 66170, 86]
42, 6, 3.13, [87, 56239, 89]
42, 7, 3.11, [66167, 156909, 87]
42, 8, 3.11, [73703, 118606, 86]
42, 9, 3.1, [87, 1060, 86]
43, 0, 3.25, [87, 56240, 86]
43, 1, 3.24, [282, 56240, 86]
43, 2, 3.22, [283, 56239, 86]
43, 3, 3.21, [150652, 56240, 98063]
43, 4, 3.19, [87, 56240, 33298]
43, 5, 3.15, [282, 56240, 88]
43, 6, 3.12, [87, 56237, 65901]
43, 7, 3.12, [282, 70638, 100807]
43, 8, 3.1, [282, 278, 89]
43, 9, 3.1, [134362, 56240, 70639]
44, 0, 3.25, [87, 56240, 86]
44, 1, 3.24, [282, 56240, 86]
44, 2, 3.13, [89, 62858, 86]
44, 3, 3.13, [65900, 127089, 88]
44, 4, 3.11, [87, 80656, 86]
44, 5, 3.11, [1061, 65897, 98062]
44, 6, 3.11, [282, 77358, 62858]
44, 7, 3.1, [282, 66169, 88]
44, 8, 3.09, [144434, 62858, 80662]
44, 9, 3.09, [31634, 91277, 86]
45, 0, 3.25, [87, 56240, 86]
45, 1, 3.24, [282, 56240, 86]
45, 2, 3.17, [87, 66167, 86]
45, 3, 3.16, [1063, 66059, 86]
45, 4, 3.14, [87, 118602, 46]
45, 5, 3.13, [1061, 56240, 90]
45, 6, 3.13, [66170, 56240, 283]
45, 7, 3.1, [87, 56240, 89]
45, 8, 3.09, [87, 80661, 46]
45, 9, 3.09, [1062, 62858, 91277]
46, 0, 3.25, [87, 56240, 86]
46, 1, 3.24, [282, 56240, 86]
46, 2, 3.21, [284, 11925, 86]
46, 3, 3.2, [156909, 56239, 86]
46, 4, 3.19, [89, 56240, 46]
46, 5, 3.18, [282, 66167, 89]
46, 6, 3.16, [80450, 56240, 86]
46, 7, 3.12, [87, 66169, 86]
46, 8, 3.08, [80662, 283, 11387]
46, 9, 3.07, [62858, 66171, 113171]
47, 0, 3.25, [87, 56240, 86]
47, 1, 3.24, [282, 56240, 86]
47, 2, 3.17, [284, 56240, 86]
47, 3, 3.16, [1061, 56240, 86]
47, 4, 3.15, [67331, 56240, 221360]
47, 5, 3.15, [87, 11388, 86]
47, 6, 3.14, [156909, 65899, 86]
47, 7, 3.13, [282, 11387, 86]
47, 8, 3.11, [284, 56240, 89]
47, 9, 3.09, [46, 11925, 86]
48, 0, 3.25, [87, 56240, 86]
48, 1, 3.24, [282, 56240, 86]
48, 2, 3.16, [284, 56240, 46]
48, 3, 3.13, [282, 127089, 87]
48, 4, 3.12, [46, 11388, 86]
48, 5, 3.11, [87, 144436, 89]
48, 6, 3.11, [80662, 1063, 87]
48, 7, 3.1, [149059, 56240, 90]
48, 8, 3.09, [87, 100807, 80662]
48, 9, 3.06, [65901, 70640, 144434]
49, 0, 3.26, [282, 66169, 86]
49, 1, 3.25, [87, 56240, 86]
49, 2, 3.24, [282, 56240, 86]
49, 3, 3.22, [89, 56240, 46]
49, 4, 3.16, [87, 56240, 88]
49, 5, 3.16, [284, 56240, 46]
49, 6, 3.15, [284, 56237, 86]
49, 7, 3.15, [118602, 56240, 280]
49, 8, 3.14, [282, 62858, 46]
49, 9, 3.14, [284, 56239, 86]
50, 0, 3.26, [282, 66169, 86]
50, 1, 3.25, [87, 56240, 86]
50, 2, 3.18, [90, 66169, 86]
50, 3, 3.18, [46, 56240, 86]
50, 4, 3.15, [282, 134362, 86]
50, 5, 3.13, [90, 66169, 86]
50, 6, 3.12, [33299, 56240, 86]
50, 7, 3.09, [87893, 66169, 281]
50, 8, 3.09, [279, 80662, 86]
50, 9, 3.09, [150015, 56240, 46]
