num_genrations,diversity,improvement,best_fitness
0,0.9961538461538462,0,867.93
1,0.8743589743589744,0.043494291014252305,905.68
2,0.6544871794871795,0.12163236463209974,1015.84
3,0.4205128205128206,0.059202236572688596,1075.98
4,0.2615384615384615,0.21294076098068726,1305.1
5,0.43012820512820515,0.0,1305.1
6,0.03717948717948705,0.011409087426250939,1319.99
7,0.019230769230769162,0.014462230774475502,1339.08
8,0.03717948717948705,0.0,1339.08
9,0.05833333333333335,0.0,1339.08
10,0.07307692307692304,0.0,1339.08
