generation number, individual number, fitness, candidate
0, 0, 65.2, [1509, 421, 1090]
0, 1, 49.48, [695, 775, 6917]
0, 2, 22.48, [1425, 1091, 1328]
0, 3, 18.0, [1403, 1125, 1091]
0, 4, 17.0, [1146, 1141, 1091]
0, 5, 16.46, [1247, 1091, 1223]
0, 6, 10.6, [1430, 1990, 1347]
0, 7, 9.0, [585, 1332, 1287]
0, 8, 7.0, [975, 421, 1226]
0, 9, 6.49, [4227, 1402, 585]
1, 0, 67.69, [1509, 1430, 1328]
1, 1, 67.33, [1509, 695, 1287]
1, 2, 66.0, [1509, 2171, 1078]
1, 3, 65.2, [1509, 421, 1090]
1, 4, 63.43, [1509, 1131, 6917]
1, 5, 49.48, [695, 775, 6917]
1, 6, 24.0, [1401, 1125, 1091]
1, 7, 15.0, [1425, 695, 1090]
1, 8, 9.05, [1028, 521, 1990]
1, 9, 9.0, [140, 421, 1090]
2, 0, 70.67, [1509, 140, 1328]
2, 1, 67.69, [1509, 1430, 1328]
2, 2, 67.33, [1509, 695, 1287]
2, 3, 66.94, [1509, 140, 1078]
2, 4, 66.22, [1509, 2171, 1212]
2, 5, 65.94, [1509, 421, 1028]
2, 6, 65.13, [1509, 1025, 1090]
2, 7, 64.6, [1509, 1146, 1328]
2, 8, 64.13, [1509, 1430, 1212]
2, 9, 16.55, [1091, 1430, 1328]
3, 0, 70.67, [1509, 140, 1328]
3, 1, 69.79, [1509, 1125, 1328]
3, 2, 68.4, [1509, 140, 1279]
3, 3, 67.99, [1509, 140, 1028]
3, 4, 67.69, [1509, 1430, 1328]
3, 5, 67.6, [1509, 576, 1287]
3, 6, 67.11, [1509, 576, 1287]
3, 7, 21.3, [1091, 140, 1990]
3, 8, 14.48, [2332, 695, 1328]
3, 9, 14.0, [1480, 695, 1078]
4, 0, 70.67, [1509, 140, 1328]
4, 1, 70.23, [1509, 576, 1328]
4, 2, 69.79, [1509, 1125, 1328]
4, 3, 68.1, [1509, 1417, 1328]
4, 4, 65.24, [1509, 1090, 1328]
4, 5, 64.26, [1509, 1611, 1328]
4, 6, 63.84, [1509, 1149, 326]
4, 7, 11.0, [1058, 1480, 1287]
4, 8, 9.05, [1437, 785, 1990]
4, 9, 9.0, [1827, 1141, 1028]
5, 0, 70.67, [1509, 140, 1328]
5, 1, 70.23, [1509, 576, 1328]
5, 2, 68.71, [1509, 140, 585]
5, 3, 67.25, [1509, 1125, 1279]
5, 4, 64.62, [1509, 1417, 1437]
5, 5, 63.47, [1509, 1437, 975]
5, 6, 16.48, [1157, 1091, 1328]
5, 7, 14.82, [1347, 576, 1350]
5, 8, 12.0, [1287, 576, 905]
5, 9, 10.42, [1695, 576, 1328]
6, 0, 70.67, [1509, 140, 1328]
6, 1, 70.45, [1509, 140, 2320]
6, 2, 70.23, [1509, 576, 1328]
6, 3, 68.04, [1509, 140, 970]
6, 4, 67.39, [1509, 1125, 1028]
6, 5, 64.71, [1509, 788, 1279]
6, 6, 61.44, [1509, 1611, 5684]
6, 7, 14.96, [1350, 140, 1279]
6, 8, 10.5, [2320, 1107, 1328]
6, 9, 8.0, [1442, 788, 1028]
7, 0, 70.67, [1509, 140, 1328]
7, 1, 70.45, [1509, 140, 2320]
7, 2, 68.34, [1509, 140, 970]
7, 3, 67.87, [1509, 1402, 1328]
7, 4, 67.73, [1509, 140, 970]
7, 5, 67.37, [1509, 576, 1619]
7, 6, 67.3, [1509, 140, 1619]
7, 7, 64.07, [1509, 571, 1149]
7, 8, 46.06, [1230, 6917, 1028]
7, 9, 20.0, [1401, 576, 2320]
8, 0, 70.67, [1509, 140, 1328]
8, 1, 70.45, [1509, 140, 2320]
8, 2, 70.15, [1509, 576, 2320]
8, 3, 66.93, [1509, 1279, 2171]
8, 4, 64.25, [1509, 1146, 2320]
8, 5, 15.0, [1425, 140, 970]
8, 6, 13.51, [1424, 1141, 1224]
8, 7, 10.0, [1475, 140, 1652]
8, 8, 9.0, [1935, 1107, 695]
8, 9, 8.0, [1149, 140, 970]
9, 0, 71.18, [1509, 695, 1402]
9, 1, 70.67, [1509, 140, 1328]
9, 2, 70.45, [1509, 140, 2320]
9, 3, 68.43, [1509, 576, 970]
9, 4, 68.06, [1509, 576, 1131]
9, 5, 17.53, [1425, 576, 1328]
9, 6, 16.16, [775, 1350, 1351]
9, 7, 15.54, [1328, 140, 2320]
9, 8, 13.0, [1767, 140, 2320]
9, 9, 11.75, [1990, 140, 1619]
10, 0, 71.18, [1509, 695, 1402]
10, 1, 70.67, [1509, 140, 1328]
10, 2, 68.27, [1509, 695, 1620]
10, 3, 68.01, [1509, 140, 970]
10, 4, 65.85, [1509, 1279, 1407]
10, 5, 20.42, [1091, 140, 1402]
10, 6, 17.54, [1401, 140, 1328]
10, 7, 16.0, [1401, 140, 1475]
10, 8, 15.49, [2320, 695, 1402]
10, 9, 13.0, [785, 576, 905]
11, 0, 71.18, [1509, 695, 1402]
11, 1, 70.83, [1509, 576, 1402]
11, 2, 70.68, [1509, 140, 1328]
11, 3, 70.67, [1509, 140, 1328]
11, 4, 69.53, [1509, 140, 788]
11, 5, 69.49, [1509, 140, 788]
11, 6, 68.27, [1509, 695, 970]
11, 7, 68.22, [1509, 695, 1028]
11, 8, 65.6, [1509, 970, 1402]
11, 9, 17.53, [1425, 140, 1402]
12, 0, 71.18, [1509, 695, 1402]
12, 1, 71.13, [1509, 576, 1141]
12, 2, 71.03, [1509, 140, 1328]
12, 3, 70.83, [1509, 576, 1402]
12, 4, 70.78, [1509, 576, 1402]
12, 5, 69.25, [1509, 140, 521]
12, 6, 61.36, [1509, 1611, 1350]
12, 7, 14.3, [1350, 2377, 1328]
12, 8, 13.44, [1442, 576, 1328]
12, 9, 11.54, [1146, 140, 1402]
13, 0, 71.18, [1509, 695, 1402]
13, 1, 71.13, [1509, 576, 1141]
13, 2, 70.7, [1509, 695, 1402]
13, 3, 65.77, [1509, 314, 1402]
13, 4, 65.66, [1509, 645, 1402]
13, 5, 65.48, [1509, 314, 1402]
13, 6, 63.5, [1509, 2377, 788]
13, 7, 50.63, [1230, 1223, 6917]
13, 8, 15.0, [2332, 695, 1141]
13, 9, 13.58, [1480, 1442, 1402]
14, 0, 71.55, [1509, 140, 1141]
14, 1, 71.18, [1509, 695, 1402]
14, 2, 71.13, [1509, 576, 1141]
14, 3, 70.47, [1509, 695, 1402]
14, 4, 69.92, [1509, 695, 788]
14, 5, 69.58, [1509, 576, 788]
14, 6, 67.71, [1509, 1332, 1402]
14, 7, 65.2, [1509, 1401, 1230]
14, 8, 63.22, [1509, 1224, 1437]
14, 9, 14.45, [2332, 695, 1402]
15, 0, 71.55, [1509, 140, 1141]
15, 1, 71.23, [1509, 140, 1141]
15, 2, 71.18, [1509, 695, 1402]
15, 3, 70.44, [1509, 576, 1402]
15, 4, 69.87, [1509, 576, 788]
15, 5, 68.37, [1509, 695, 697]
15, 6, 66.8, [1509, 521, 1402]
15, 7, 66.42, [1509, 1425, 1141]
15, 8, 62.7, [1509, 1226, 751]
15, 9, 18.48, [1224, 695, 1141]
16, 0, 71.55, [1509, 140, 1141]
16, 1, 71.23, [1509, 140, 1141]
16, 2, 68.08, [1509, 140, 1620]
16, 3, 66.48, [1509, 1230, 1402]
16, 4, 19.49, [1223, 140, 1401]
16, 5, 18.0, [2320, 1827, 1425]
16, 6, 15.0, [1401, 1131, 1351]
16, 7, 13.0, [2377, 576, 1141]
16, 8, 12.0, [1935, 140, 1141]
16, 9, 10.56, [1351, 1131, 1402]
17, 0, 71.55, [1509, 140, 1141]
17, 1, 71.23, [1509, 140, 1141]
17, 2, 68.35, [1509, 576, 1620]
17, 3, 66.61, [1509, 140, 1580]
17, 4, 62.22, [1509, 1168, 1350]
17, 5, 19.51, [1401, 576, 1223]
17, 6, 15.02, [1695, 140, 1350]
17, 7, 13.0, [585, 140, 1332]
17, 8, 11.0, [3124, 140, 1827]
17, 9, 11.0, [1518, 140, 1141]
18, 0, 71.55, [1509, 140, 1141]
18, 1, 71.23, [1509, 140, 1141]
18, 2, 70.67, [1509, 576, 1402]
18, 3, 66.98, [1509, 140, 1020]
18, 4, 65.66, [1509, 1020, 1141]
18, 5, 65.22, [1509, 1990, 1141]
18, 6, 13.96, [1350, 1058, 749]
18, 7, 13.0, [1401, 1131, 1141]
18, 8, 10.0, [1149, 140, 1620]
18, 9, 10.0, [314, 140, 751]
19, 0, 71.55, [1509, 140, 1141]
19, 1, 71.23, [1509, 140, 1141]
19, 2, 70.98, [1509, 576, 1402]
19, 3, 69.98, [1509, 140, 788]
19, 4, 65.81, [1509, 314, 1141]
19, 5, 65.31, [1509, 1620, 1402]
19, 6, 17.54, [2320, 140, 1223]
19, 7, 12.57, [1157, 140, 1407]
19, 8, 12.42, [1058, 140, 1402]
19, 9, 9.5, [1990, 905, 1131]
20, 0, 71.55, [1509, 140, 1141]
20, 1, 71.23, [1509, 140, 1141]
20, 2, 70.82, [1509, 140, 1402]
20, 3, 70.69, [1509, 576, 1402]
20, 4, 69.91, [1509, 140, 788]
20, 5, 68.57, [1509, 1141, 1058]
20, 6, 65.47, [1509, 1020, 1141]
20, 7, 65.1, [1509, 326, 787]
20, 8, 18.1, [1475, 1401, 1350]
20, 9, 10.52, [1226, 140, 1402]
21, 0, 71.55, [1509, 140, 1141]
21, 1, 71.23, [1509, 140, 1141]
21, 2, 69.64, [1509, 1068, 785]
21, 3, 69.28, [1509, 576, 1480]
21, 4, 66.85, [1509, 717, 1402]
21, 5, 66.4, [1509, 1224, 1328]
21, 6, 12.0, [1827, 140, 717]
21, 7, 11.0, [1225, 140, 1141]
21, 8, 9.0, [775, 140, 1378]
21, 9, 8.49, [695, 140, 697]
22, 0, 71.55, [1509, 140, 1141]
22, 1, 71.23, [1509, 140, 1141]
22, 2, 71.11, [1509, 576, 1402]
22, 3, 67.29, [1509, 421, 1480]
22, 4, 66.12, [1509, 1068, 1497]
22, 5, 65.94, [1509, 1068, 1350]
22, 6, 65.06, [1509, 645, 785]
22, 7, 11.4, [1230, 1025, 2377]
22, 8, 11.0, [1146, 140, 785]
22, 9, 10.49, [1279, 140, 1402]
23, 0, 71.78, [1509, 576, 905]
23, 1, 71.55, [1509, 140, 1141]
23, 2, 71.23, [1509, 140, 1141]
23, 3, 71.15, [1509, 576, 1402]
23, 4, 69.8, [1509, 140, 788]
23, 5, 67.07, [1509, 140, 1767]
23, 6, 63.79, [1078, 1509, 571]
23, 7, 17.52, [1401, 140, 1402]
23, 8, 15.5, [2332, 140, 1990]
23, 9, 14.58, [2332, 140, 1402]
24, 0, 71.78, [1509, 576, 905]
24, 1, 71.55, [1509, 140, 1141]
24, 2, 70.74, [1509, 576, 1402]
24, 3, 68.86, [1509, 1025, 1402]
24, 4, 68.16, [1509, 140, 585]
24, 5, 66.51, [1509, 645, 1141]
24, 6, 11.46, [1402, 140, 1403]
24, 7, 11.0, [1424, 576, 1141]
24, 8, 11.0, [775, 645, 1401]
24, 9, 10.0, [1652, 140, 1287]
25, 0, 71.78, [1509, 576, 905]
25, 1, 71.55, [1509, 140, 1141]
25, 2, 18.0, [1401, 576, 1141]
25, 3, 17.54, [1425, 140, 1402]
25, 4, 16.94, [1350, 140, 905]
25, 5, 16.88, [1350, 1025, 1141]
25, 6, 13.94, [1350, 1990, 1287]
25, 7, 12.5, [2377, 140, 1402]
25, 8, 11.0, [2989, 576, 1141]
25, 9, 9.0, [1518, 576, 1146]
26, 0, 71.78, [1509, 576, 905]
26, 1, 71.55, [1509, 140, 1141]
26, 2, 70.58, [1509, 576, 1402]
26, 3, 68.46, [1509, 571, 1141]
26, 4, 67.48, [1509, 576, 1146]
26, 5, 65.24, [1509, 1090, 905]
26, 6, 64.51, [1509, 521, 1425]
26, 7, 15.0, [1401, 571, 905]
26, 8, 13.0, [1620, 140, 1141]
26, 9, 10.0, [320, 695, 421]
27, 0, 71.78, [1509, 576, 905]
27, 1, 71.55, [1509, 140, 1141]
27, 2, 71.11, [1509, 576, 905]
27, 3, 70.85, [1509, 576, 1402]
27, 4, 70.31, [1509, 140, 1332]
27, 5, 70.31, [1509, 576, 1058]
27, 6, 69.06, [1509, 140, 421]
27, 7, 21.0, [1091, 576, 1141]
27, 8, 17.0, [1091, 1247, 905]
27, 9, 16.0, [1351, 576, 1141]
28, 0, 71.78, [1509, 576, 905]
28, 1, 71.55, [1509, 140, 1141]
28, 2, 68.05, [1509, 785, 1402]
28, 3, 67.45, [1509, 975, 905]
28, 4, 65.31, [1509, 571, 1279]
28, 5, 48.55, [645, 140, 6917]
28, 6, 12.43, [1402, 1437, 1425]
28, 7, 11.0, [1827, 576, 905]
28, 8, 11.0, [2989, 576, 905]
28, 9, 11.0, [521, 140, 1378]
29, 0, 71.78, [1509, 576, 905]
29, 1, 71.59, [1509, 1141, 576]
29, 2, 71.55, [1509, 140, 1141]
29, 3, 71.35, [1509, 576, 905]
29, 4, 70.57, [1509, 576, 1402]
29, 5, 66.55, [1509, 645, 1141]
29, 6, 65.4, [1509, 1078, 421]
29, 7, 17.0, [1425, 140, 905]
29, 8, 17.0, [1425, 140, 905]
29, 9, 12.0, [1403, 576, 1141]
30, 0, 72.41, [1509, 140, 1068]
30, 1, 71.78, [1509, 576, 905]
30, 2, 71.59, [1509, 1141, 576]
30, 3, 71.28, [1509, 576, 905]
30, 4, 71.22, [1509, 576, 905]
30, 5, 71.01, [1509, 576, 905]
30, 6, 70.79, [1509, 576, 1402]
30, 7, 66.23, [1509, 1058, 1025]
30, 8, 66.07, [1509, 1141, 1424]
30, 9, 66.05, [1509, 645, 1141]
31, 0, 72.41, [1509, 140, 1068]
31, 1, 71.78, [1509, 576, 905]
31, 2, 71.6, [1509, 576, 905]
31, 3, 71.23, [1509, 576, 905]
31, 4, 69.31, [1509, 571, 1068]
31, 5, 69.25, [1509, 140, 421]
31, 6, 68.8, [1509, 140, 975]
31, 7, 68.25, [1509, 576, 2332]
31, 8, 66.96, [1509, 1279, 1068]
31, 9, 23.53, [1224, 576, 1401]
32, 0, 72.41, [1509, 140, 1068]
32, 1, 71.78, [1509, 576, 905]
32, 2, 70.39, [1509, 1068, 905]
32, 3, 69.38, [1509, 140, 1224]
32, 4, 69.0, [1509, 695, 905]
32, 5, 68.26, [1509, 576, 831]
32, 6, 67.11, [1509, 645, 1068]
32, 7, 66.92, [1509, 645, 1068]
32, 8, 18.49, [1091, 576, 697]
32, 9, 17.0, [1425, 140, 905]
33, 0, 72.41, [1509, 140, 1068]
33, 1, 71.78, [1509, 576, 905]
33, 2, 69.71, [1509, 1223, 905]
33, 3, 69.18, [1509, 1417, 1068]
33, 4, 67.55, [1509, 314, 1068]
33, 5, 64.38, [1509, 314, 1224]
33, 6, 62.95, [1509, 1990, 831]
33, 7, 17.0, [1401, 140, 905]
33, 8, 14.0, [521, 1068, 1125]
33, 9, 12.0, [576, 1430, 1090]
34, 0, 72.41, [1509, 140, 1068]
34, 1, 71.78, [1509, 576, 905]
34, 2, 71.02, [1509, 576, 905]
34, 3, 66.5, [1509, 1223, 831]
34, 4, 19.0, [1401, 576, 1068]
34, 5, 18.1, [1401, 140, 1990]
34, 6, 14.4, [1990, 576, 905]
34, 7, 14.0, [1401, 1131, 1068]
34, 8, 13.0, [2320, 1125, 1068]
34, 9, 12.0, [1078, 576, 905]
35, 0, 72.41, [1509, 140, 1068]
35, 1, 71.78, [1509, 576, 905]
35, 2, 71.63, [1509, 576, 905]
35, 3, 69.28, [1509, 1091, 576]
35, 4, 69.2, [1509, 1025, 905]
35, 5, 67.68, [1509, 314, 1068]
35, 6, 67.48, [1509, 314, 1068]
35, 7, 67.23, [1509, 314, 1068]
35, 8, 17.0, [1401, 140, 905]
35, 9, 15.0, [1827, 576, 1068]
36, 0, 72.41, [1509, 140, 1068]
36, 1, 71.78, [1509, 576, 905]
36, 2, 69.59, [1509, 140, 421]
36, 3, 68.84, [1509, 571, 1407]
36, 4, 68.24, [1509, 576, 1424]
36, 5, 66.56, [1509, 788, 1328]
36, 6, 66.25, [1509, 775, 1068]
36, 7, 19.0, [1425, 140, 1332]
36, 8, 18.82, [2320, 1350, 1068]
36, 9, 16.0, [2377, 1091, 1146]
37, 0, 72.41, [1509, 140, 1068]
37, 1, 71.78, [1509, 576, 905]
37, 2, 71.27, [1509, 576, 905]
37, 3, 67.6, [1509, 645, 1068]
37, 4, 67.41, [1509, 140, 1287]
37, 5, 66.96, [1509, 645, 1068]
37, 6, 66.09, [1509, 314, 421]
37, 7, 47.33, [6917, 831, 905]
37, 8, 18.41, [1224, 140, 905]
37, 9, 13.0, [1417, 140, 1058]
38, 0, 72.41, [1509, 140, 1068]
38, 1, 71.78, [1509, 576, 905]
38, 2, 70.41, [1509, 576, 1058]
38, 3, 68.4, [1509, 576, 831]
38, 4, 68.32, [1509, 140, 1424]
38, 5, 68.3, [1509, 576, 831]
38, 6, 68.04, [1509, 140, 695]
38, 7, 67.03, [1509, 314, 1068]
38, 8, 13.25, [1990, 140, 905]
38, 9, 12.0, [2320, 1518, 1068]
39, 0, 72.41, [1509, 140, 1068]
39, 1, 71.78, [1509, 576, 905]
39, 2, 71.1, [1509, 576, 905]
39, 3, 69.98, [1509, 1141, 1068]
39, 4, 69.58, [1509, 571, 1068]
39, 5, 16.0, [1332, 576, 1068]
39, 6, 15.47, [1224, 1028, 1068]
39, 7, 13.35, [905, 140, 1990]
39, 8, 13.0, [1351, 2171, 1149]
39, 9, 9.52, [1402, 1141, 1068]
40, 0, 72.41, [1509, 140, 1068]
40, 1, 71.78, [1509, 576, 905]
40, 2, 67.05, [1509, 645, 1068]
40, 3, 66.52, [1509, 1287, 1068]
40, 4, 65.34, [1509, 1350, 905]
40, 5, 65.06, [1509, 571, 645]
40, 6, 62.13, [1509, 1078, 831]
40, 7, 21.0, [1091, 576, 1068]
40, 8, 15.3, [1125, 1990, 576]
40, 9, 10.0, [1518, 140, 905]
41, 0, 72.41, [1509, 140, 1068]
41, 1, 71.78, [1509, 576, 905]
41, 2, 71.2, [1509, 576, 905]
41, 3, 68.3, [1509, 1247, 1068]
41, 4, 68.02, [1509, 576, 831]
41, 5, 65.24, [1509, 1212, 905]
41, 6, 63.18, [1509, 645, 831]
41, 7, 18.94, [1351, 1350, 1068]
41, 8, 13.67, [1407, 140, 1230]
41, 9, 12.0, [1068, 140, 1149]
42, 0, 72.41, [1509, 140, 1068]
42, 1, 72.09, [1509, 140, 1068]
42, 2, 71.78, [1509, 576, 905]
42, 3, 71.45, [1509, 576, 905]
42, 4, 71.07, [1509, 576, 905]
42, 5, 69.99, [1509, 576, 1058]
42, 6, 69.29, [1509, 140, 421]
42, 7, 68.43, [1509, 576, 1620]
42, 8, 12.15, [2377, 1990, 1068]
42, 9, 12.0, [1767, 576, 1068]
43, 0, 72.41, [1509, 140, 1068]
43, 1, 72.09, [1509, 140, 1068]
43, 2, 69.58, [1509, 140, 521]
43, 3, 68.58, [1509, 140, 2332]
43, 4, 64.37, [1509, 1417, 1078]
43, 5, 17.0, [1351, 576, 1068]
43, 6, 16.0, [1332, 576, 1068]
43, 7, 15.0, [1091, 1078, 1068]
43, 8, 13.0, [975, 140, 1068]
43, 9, 11.48, [1125, 697, 1068]
44, 0, 72.41, [1509, 140, 1068]
44, 1, 72.09, [1509, 140, 1068]
44, 2, 62.49, [1509, 1149, 831]
44, 3, 62.34, [1509, 4227, 1475]
44, 4, 61.63, [1509, 1090, 4227]
44, 5, 16.45, [1223, 1480, 1068]
44, 6, 11.75, [585, 1990, 1068]
44, 7, 11.0, [1247, 1141, 1068]
44, 8, 10.0, [775, 695, 1287]
44, 9, 9.0, [775, 140, 1020]
45, 0, 72.41, [1509, 140, 1068]
45, 1, 72.09, [1509, 140, 1068]
45, 2, 70.2, [1509, 140, 326]
45, 3, 64.28, [1509, 1332, 2110]
45, 4, 62.08, [1509, 1149, 831]
45, 5, 14.12, [1168, 1350, 1068]
45, 6, 12.54, [1223, 140, 571]
45, 7, 12.0, [1125, 140, 1028]
45, 8, 12.0, [2377, 140, 749]
45, 9, 12.0, [1442, 1827, 1058]
46, 0, 72.41, [1509, 140, 1068]
46, 1, 72.09, [1509, 140, 1068]
46, 2, 67.22, [1509, 576, 2110]
46, 3, 64.02, [1509, 1091, 831]
46, 4, 13.0, [695, 1287, 1068]
46, 5, 12.0, [1351, 1025, 1058]
46, 6, 11.0, [1767, 1332, 1068]
46, 7, 10.42, [697, 140, 1058]
46, 8, 10.0, [1064, 421, 1068]
46, 9, 9.0, [1403, 1247, 1068]
47, 0, 72.41, [1509, 140, 1068]
47, 1, 72.09, [1509, 140, 1068]
47, 2, 69.41, [1509, 576, 749]
47, 3, 68.49, [1509, 576, 831]
47, 4, 64.77, [1509, 1424, 1058]
47, 5, 62.82, [1509, 1437, 1230]
47, 6, 13.0, [785, 140, 751]
47, 7, 10.0, [1935, 140, 585]
47, 8, 8.0, [2989, 140, 2110]
47, 9, 7.0, [1279, 1131, 1068]
48, 0, 72.41, [1509, 140, 1068]
48, 1, 72.28, [1509, 576, 1068]
48, 2, 72.09, [1509, 140, 1068]
48, 3, 68.24, [1509, 140, 831]
48, 4, 65.3, [1509, 1332, 831]
48, 5, 52.01, [1328, 576, 6917]
48, 6, 17.1, [1350, 1827, 1068]
48, 7, 12.0, [749, 576, 421]
48, 8, 11.0, [749, 1078, 2320]
48, 9, 11.0, [751, 1058, 1417]
49, 0, 72.41, [1509, 140, 1068]
49, 1, 72.28, [1509, 576, 1068]
49, 2, 68.31, [1509, 140, 831]
49, 3, 63.09, [1509, 1403, 831]
49, 4, 62.51, [1509, 697, 1212]
49, 5, 19.0, [1425, 140, 1068]
49, 6, 13.0, [2332, 695, 1611]
49, 7, 12.0, [717, 576, 1827]
49, 8, 12.0, [1212, 140, 1430]
49, 9, 11.0, [1652, 421, 1068]
50, 0, 72.41, [1509, 140, 1068]
50, 1, 72.31, [1509, 576, 1068]
50, 2, 72.28, [1509, 576, 1068]
50, 3, 68.07, [1509, 576, 831]
50, 4, 62.58, [1509, 1403, 1131]
50, 5, 14.0, [1332, 905, 1068]
50, 6, 13.5, [326, 576, 1328]
50, 7, 11.0, [1020, 576, 1141]
50, 8, 9.0, [1146, 1403, 1068]
50, 9, 8.0, [1226, 140, 831]
