generation number, individual number, fitness, candidate
0, 0, 3.14, [279, 98065, 11387]
0, 1, 3.14, [280, 1062, 286]
0, 2, 3.13, [66170, 66166, 66169]
0, 3, 3.11, [56239, 87, 149059]
0, 4, 3.11, [283, 11387, 1063]
0, 5, 3.11, [89, 33296, 1063]
0, 6, 3.11, [98063, 80450, 150654]
0, 7, 3.06, [91277, 150655, 558]
0, 8, 3.04, [65899, 134365, 80450]
0, 9, 3.02, [150653, 87893, 282]
1, 0, 3.14, [279, 98065, 11387]
1, 1, 3.14, [280, 1062, 286]
1, 2, 3.11, [280, 286, 56239]
1, 3, 3.1, [98063, 98065, 66169]
1, 4, 3.1, [11925, 1062, 90]
1, 5, 3.08, [67331, 66166, 150654]
1, 6, 3.07, [66166, 90, 286]
1, 7, 3.07, [558, 80450, 150654]
1, 8, 3.07, [67332, 98065, 11387]
1, 9, 3.07, [149059, 98065, 11387]
2, 0, 3.14, [280, 73700, 11387]
2, 1, 3.14, [279, 98065, 11387]
2, 2, 3.14, [280, 1062, 286]
2, 3, 3.13, [279, 66166, 87]
2, 4, 3.13, [279, 80450, 286]
2, 5, 3.11, [279, 65899, 11388]
2, 6, 3.11, [46, 98065, 11387]
2, 7, 3.11, [280, 150652, 66169]
2, 8, 3.1, [279, 1062, 1063]
2, 9, 3.09, [558, 1062, 286]
3, 0, 3.14, [280, 73700, 11387]
3, 1, 3.14, [279, 98065, 11387]
3, 2, 3.13, [86, 98065, 11387]
3, 3, 3.12, [279, 80656, 11387]
3, 4, 3.11, [280, 282, 286]
3, 5, 3.09, [88, 98065, 286]
3, 6, 3.09, [144434, 11926, 11387]
3, 7, 3.09, [91277, 286, 86]
3, 8, 3.08, [280, 98065, 6376]
3, 9, 3.06, [280, 1062, 11925]
4, 0, 3.15, [280, 282, 89]
4, 1, 3.14, [280, 73700, 11387]
4, 2, 3.14, [279, 98065, 11387]
4, 3, 3.11, [280, 98065, 11925]
4, 4, 3.1, [280, 98065, 56237]
4, 5, 3.1, [88, 73700, 11387]
4, 6, 3.1, [11387, 73700, 286]
4, 7, 3.09, [279, 80656, 11387]
4, 8, 3.09, [90, 73700, 11387]
4, 9, 3.08, [86, 98065, 11387]
5, 0, 3.15, [73700, 33296, 89]
5, 1, 3.15, [280, 282, 89]
5, 2, 3.14, [221360, 62858, 86]
5, 3, 3.14, [280, 73700, 11387]
5, 4, 3.13, [66169, 98063, 150654]
5, 5, 3.1, [280, 282, 11925]
5, 6, 3.09, [90, 73700, 11387]
5, 7, 3.08, [280, 282, 11387]
5, 8, 3.08, [279, 98065, 46]
5, 9, 3.07, [823, 98065, 11387]
6, 0, 3.15, [73700, 33296, 89]
6, 1, 3.15, [280, 282, 89]
6, 2, 3.12, [73700, 56240, 86]
6, 3, 3.12, [66169, 33296, 89]
6, 4, 3.12, [280, 65897, 89]
6, 5, 3.12, [280, 56240, 86]
6, 6, 3.11, [221360, 282, 90]
6, 7, 3.11, [280, 73700, 86]
6, 8, 3.09, [280, 56239, 86]
6, 9, 3.09, [33296, 282, 89]
7, 0, 3.15, [280, 65897, 88]
7, 1, 3.15, [73700, 33296, 89]
7, 2, 3.15, [280, 282, 89]
7, 3, 3.14, [80656, 282, 89]
7, 4, 3.13, [280, 66169, 89]
7, 5, 3.13, [280, 65897, 89]
7, 6, 3.13, [80656, 282, 89]
7, 7, 3.11, [150653, 33296, 89]
7, 8, 3.1, [98063, 66171, 89]
7, 9, 3.1, [823, 33296, 89]
8, 0, 3.17, [280, 56241, 89]
8, 1, 3.15, [80661, 282, 89]
8, 2, 3.15, [280, 65897, 88]
8, 3, 3.15, [73700, 33296, 89]
8, 4, 3.13, [280, 62858, 89]
8, 5, 3.13, [80656, 282, 89]
8, 6, 3.13, [280, 33298, 134361]
8, 7, 3.11, [80656, 33296, 88]
8, 8, 3.11, [280, 33296, 86]
8, 9, 3.03, [280, 66059, 89]
9, 0, 3.17, [14223, 33296, 89]
9, 1, 3.17, [280, 56241, 89]
9, 2, 3.16, [149059, 127089, 80449]
9, 3, 3.15, [46, 33298, 89]
9, 4, 3.15, [80661, 282, 89]
9, 5, 3.12, [823, 284, 89]
9, 6, 3.11, [280, 90, 86]
9, 7, 3.1, [280, 33298, 12067]
9, 8, 3.09, [280, 56241, 134362]
9, 9, 3.08, [80656, 56241, 89]
10, 0, 3.17, [280, 221360, 89]
10, 1, 3.17, [14223, 33296, 89]
10, 2, 3.17, [280, 56241, 89]
10, 3, 3.14, [278, 148118, 89]
10, 4, 3.11, [14223, 282, 90]
10, 5, 3.1, [100140, 33296, 89]
10, 6, 3.08, [12067, 33297, 89]
10, 7, 3.08, [90, 127089, 80449]
10, 8, 3.08, [149059, 33296, 86]
10, 9, 3.07, [14223, 80450, 89]
11, 0, 3.17, [280, 221360, 89]
11, 1, 3.17, [14223, 33296, 89]
11, 2, 3.13, [14223, 66169, 89]
11, 3, 3.11, [127089, 33296, 150015]
11, 4, 3.1, [823, 33296, 89]
11, 5, 3.08, [280, 33296, 1060]
11, 6, 3.07, [14223, 62858, 89]
11, 7, 3.07, [56240, 65900, 89]
11, 8, 3.07, [14223, 33297, 70638]
11, 9, 3.06, [14223, 66169, 89]
12, 0, 3.2, [86, 66169, 90]
12, 1, 3.17, [280, 221360, 89]
12, 2, 3.17, [14223, 33296, 89]
12, 3, 3.16, [113171, 33296, 89]
12, 4, 3.14, [280, 33297, 89]
12, 5, 3.14, [90, 56237, 95674]
12, 6, 3.1, [14223, 62858, 89]
12, 7, 3.08, [150653, 66169, 89]
12, 8, 3.07, [14223, 62858, 89]
12, 9, 3.06, [221360, 33296, 90]
13, 0, 3.2, [86, 66169, 90]
13, 1, 3.17, [280, 221360, 89]
13, 2, 3.16, [1060, 221360, 91277]
13, 3, 3.12, [86, 89, 285]
13, 4, 3.12, [279, 221360, 98065]
13, 5, 3.11, [221360, 62858, 66166]
13, 6, 3.11, [86, 56240, 90]
13, 7, 3.11, [12067, 90, 70640]
13, 8, 3.1, [14223, 66169, 286]
13, 9, 3.07, [118602, 66166, 6376]
14, 0, 3.21, [86, 66169, 282]
14, 1, 3.2, [86, 66169, 90]
14, 2, 3.18, [56237, 66169, 282]
14, 3, 3.17, [280, 221360, 89]
14, 4, 3.15, [90, 66169, 89]
14, 5, 3.14, [56237, 221360, 280]
14, 6, 3.12, [286, 33298, 86]
14, 7, 3.1, [71858, 66169, 150655]
14, 8, 3.06, [98065, 12067, 558]
14, 9, 3.05, [280, 221360, 286]
15, 0, 3.21, [86, 66169, 282]
15, 1, 3.2, [56239, 66169, 148118]
15, 2, 3.2, [86, 66169, 90]
15, 3, 3.18, [66167, 66169, 11388]
15, 4, 3.17, [46, 66169, 56240]
15, 5, 3.14, [90, 62858, 282]
15, 6, 3.14, [56239, 66169, 282]
15, 7, 3.13, [86, 31634, 89]
15, 8, 3.09, [98065, 66169, 14223]
15, 9, 3.09, [86, 66169, 281]
16, 0, 3.21, [86, 66169, 282]
16, 1, 3.2, [56239, 66169, 148118]
16, 2, 3.18, [148118, 66169, 282]
16, 3, 3.16, [286, 66169, 282]
16, 4, 3.15, [56239, 67331, 282]
16, 5, 3.14, [56237, 56240, 134361]
16, 6, 3.14, [56239, 1060, 33297]
16, 7, 3.13, [86, 66169, 150655]
16, 8, 3.11, [279, 11388, 148118]
16, 9, 3.09, [1063, 150654, 286]
17, 0, 3.21, [86, 66169, 282]
17, 1, 3.2, [56239, 66169, 148118]
17, 2, 3.15, [56239, 56241, 282]
17, 3, 3.14, [56237, 66169, 282]
17, 4, 3.11, [86, 66169, 118602]
17, 5, 3.09, [56241, 73700, 148118]
17, 6, 3.09, [56237, 66169, 98065]
17, 7, 3.08, [286, 62858, 95674]
17, 8, 3.07, [134365, 70638, 148118]
17, 9, 3.06, [558, 278, 148118]
18, 0, 3.21, [56237, 66169, 282]
18, 1, 3.21, [86, 66169, 282]
18, 2, 3.2, [56239, 66169, 148118]
18, 3, 3.19, [56237, 66169, 150654]
18, 4, 3.18, [62858, 56241, 148118]
18, 5, 3.15, [46, 66169, 80449]
18, 6, 3.15, [66167, 66169, 282]
18, 7, 3.12, [86, 56240, 282]
18, 8, 3.11, [127089, 56241, 66167]
18, 9, 3.1, [87, 67331, 33297]
19, 0, 3.21, [56237, 86, 56240]
19, 1, 3.21, [56237, 66169, 282]
19, 2, 3.21, [86, 66169, 282]
19, 3, 3.18, [56237, 56241, 282]
19, 4, 3.12, [150652, 66169, 31634]
19, 5, 3.12, [286, 66169, 282]
19, 6, 3.1, [86, 88, 221360]
19, 7, 3.1, [66167, 66169, 282]
19, 8, 3.09, [1062, 66171, 283]
19, 9, 3.09, [88, 70640, 150654]
20, 0, 3.23, [86, 66169, 56240]
20, 1, 3.21, [56237, 86, 56240]
20, 2, 3.21, [56237, 66169, 282]
20, 3, 3.2, [150654, 86, 282]
20, 4, 3.17, [56237, 86, 1060]
20, 5, 3.12, [62858, 66170, 56239]
20, 6, 3.12, [56237, 46, 282]
20, 7, 3.11, [95674, 88, 66169]
20, 8, 3.1, [56237, 56241, 56240]
20, 9, 3.07, [86, 67331, 56240]
21, 0, 3.23, [86, 66169, 56240]
21, 1, 3.21, [56237, 86, 56240]
21, 2, 3.2, [87, 66169, 282]
21, 3, 3.15, [86, 56240, 282]
21, 4, 3.14, [56237, 66169, 56239]
21, 5, 3.14, [56237, 86, 46]
21, 6, 3.13, [80450, 66169, 66170]
21, 7, 3.12, [11387, 66169, 1062]
21, 8, 3.1, [56237, 62858, 56240]
21, 9, 3.1, [282, 33300, 56240]
22, 0, 3.23, [86, 66169, 56240]
22, 1, 3.21, [56237, 86, 56240]
22, 2, 3.18, [87, 66169, 62858]
22, 3, 3.13, [66167, 86, 95674]
22, 4, 3.11, [86, 66169, 278]
22, 5, 3.09, [90, 66169, 66171]
22, 6, 3.09, [66171, 70640, 56240]
22, 7, 3.08, [11388, 144434, 14223]
22, 8, 3.08, [66166, 66169, 56240]
22, 9, 3.08, [33296, 86, 56240]
23, 0, 3.23, [86, 66169, 56240]
23, 1, 3.22, [90, 66169, 56240]
23, 2, 3.21, [56237, 86, 56240]
23, 3, 3.17, [87, 66169, 56237]
23, 4, 3.15, [86, 87, 56240]
23, 5, 3.13, [90, 11387, 56240]
23, 6, 3.12, [12067, 56240, 283]
23, 7, 3.11, [56237, 282, 134361]
23, 8, 3.11, [1062, 66169, 87893]
23, 9, 3.1, [66167, 87, 56240]
24, 0, 3.23, [86, 66169, 56240]
24, 1, 3.22, [90, 66169, 56240]
24, 2, 3.13, [90, 86, 62858]
24, 3, 3.13, [86, 66169, 282]
24, 4, 3.11, [90, 66169, 62858]
24, 5, 3.1, [12067, 150652, 148118]
24, 6, 3.1, [86, 66169, 144434]
24, 7, 3.1, [87, 66169, 66170]
24, 8, 3.09, [86, 113173, 150654]
24, 9, 3.09, [86, 65897, 67332]
25, 0, 3.23, [86, 66169, 56240]
25, 1, 3.22, [90, 66169, 56240]
25, 2, 3.18, [87, 66169, 282]
25, 3, 3.18, [90, 62858, 56240]
25, 4, 3.15, [86, 283, 56240]
25, 5, 3.13, [33296, 98063, 56240]
25, 6, 3.12, [89, 86, 56240]
25, 7, 3.11, [286, 123523, 56240]
25, 8, 3.1, [86, 11387, 46]
25, 9, 3.1, [66169, 149059, 56240]
26, 0, 3.23, [86, 66169, 282]
26, 1, 3.23, [86, 66169, 56240]
26, 2, 3.22, [90, 66169, 56240]
26, 3, 3.21, [11387, 150654, 283]
26, 4, 3.15, [98063, 66169, 1060]
26, 5, 3.15, [87, 66169, 66170]
26, 6, 3.13, [86, 11387, 156909]
26, 7, 3.12, [286, 66169, 56240]
26, 8, 3.11, [86, 62858, 66169]
26, 9, 3.09, [90, 134365, 56240]
27, 0, 3.23, [86, 66169, 282]
27, 1, 3.23, [86, 66169, 56240]
27, 2, 3.17, [1062, 66169, 118602]
27, 3, 3.16, [150653, 56240, 282]
27, 4, 3.13, [86, 56241, 56240]
27, 5, 3.13, [98065, 1927, 56237]
27, 6, 3.12, [90, 66169, 150654]
27, 7, 3.1, [46, 66169, 56240]
27, 8, 3.1, [86, 67332, 66169]
27, 9, 3.09, [90, 67331, 56240]
28, 0, 3.23, [89, 66169, 118602]
28, 1, 3.23, [87, 66169, 56240]
28, 2, 3.23, [86, 66169, 282]
28, 3, 3.23, [86, 66169, 56240]
28, 4, 3.18, [86, 62858, 12067]
28, 5, 3.15, [150015, 66169, 118602]
28, 6, 3.11, [88, 66169, 56240]
28, 7, 3.11, [1062, 67331, 282]
28, 8, 3.11, [1062, 66169, 33297]
28, 9, 3.1, [86, 80656, 1060]
29, 0, 3.23, [89, 66169, 118602]
29, 1, 3.23, [87, 66169, 56240]
29, 2, 3.16, [88, 66169, 282]
29, 3, 3.16, [87, 62858, 282]
29, 4, 3.15, [88, 66169, 12067]
29, 5, 3.13, [88, 66169, 56240]
29, 6, 3.12, [56240, 66169, 284]
29, 7, 3.12, [86, 1060, 56240]
29, 8, 3.11, [86, 66169, 118602]
29, 9, 3.11, [280, 66169, 56240]
30, 0, 3.23, [89, 66169, 118602]
30, 1, 3.23, [87, 66169, 56240]
30, 2, 3.19, [88, 66169, 1060]
30, 3, 3.18, [150653, 56241, 56237]
30, 4, 3.17, [89, 284, 286]
30, 5, 3.15, [86, 66169, 118602]
30, 6, 3.15, [281, 66169, 56240]
30, 7, 3.15, [87, 66169, 123523]
30, 8, 3.14, [89, 56240, 282]
30, 9, 3.13, [86, 286, 56240]
31, 0, 3.23, [89, 66169, 118602]
31, 1, 3.23, [87, 66169, 56240]
31, 2, 3.18, [89, 282, 56240]
31, 3, 3.18, [46, 66169, 56240]
31, 4, 3.16, [87, 56240, 118602]
31, 5, 3.15, [87, 66169, 283]
31, 6, 3.14, [89, 33297, 56240]
31, 7, 3.12, [12067, 66169, 56239]
31, 8, 3.11, [89, 66166, 56240]
31, 9, 3.1, [87, 66166, 118602]
32, 0, 3.23, [89, 66169, 118602]
32, 1, 3.23, [87, 66169, 56240]
32, 2, 3.22, [89, 66169, 56237]
32, 3, 3.17, [87, 66169, 150655]
32, 4, 3.16, [89, 66169, 56239]
32, 5, 3.14, [87, 66169, 123523]
32, 6, 3.12, [87, 150653, 56240]
32, 7, 3.12, [89, 14223, 56240]
32, 8, 3.1, [66170, 66169, 56240]
32, 9, 3.07, [87, 56240, 118602]
33, 0, 3.23, [89, 66169, 118602]
33, 1, 3.23, [87, 66169, 56240]
33, 2, 3.16, [90, 66169, 118602]
33, 3, 3.15, [87, 558, 56240]
33, 4, 3.14, [89, 66169, 150653]
33, 5, 3.14, [89, 150655, 118602]
33, 6, 3.13, [88, 66169, 118602]
33, 7, 3.12, [87, 66169, 113172]
33, 8, 3.11, [150654, 56240, 56237]
33, 9, 3.09, [282, 56240, 284]
34, 0, 3.27, [89, 56241, 56240]
34, 1, 3.23, [89, 66169, 118602]
34, 2, 3.23, [87, 66169, 56240]
34, 3, 3.16, [87, 66169, 56239]
34, 4, 3.16, [88, 66169, 118602]
34, 5, 3.14, [90, 66169, 56237]
34, 6, 3.13, [46, 66169, 56240]
34, 7, 3.12, [100807, 282, 90]
34, 8, 3.12, [86, 66169, 118602]
34, 9, 3.11, [89, 118602, 56240]
35, 0, 3.27, [89, 56241, 56240]
35, 1, 3.23, [89, 66169, 118602]
35, 2, 3.2, [88, 86, 56240]
35, 3, 3.18, [89, 66169, 1060]
35, 4, 3.15, [89, 66169, 118602]
35, 5, 3.14, [46, 66169, 56240]
35, 6, 3.14, [87, 148118, 56240]
35, 7, 3.12, [280, 66169, 56239]
35, 8, 3.09, [89, 118602, 65900]
35, 9, 3.09, [87, 67331, 118602]
36, 0, 3.27, [89, 56241, 56240]
36, 1, 3.25, [89, 87, 56240]
36, 2, 3.23, [89, 66169, 118602]
36, 3, 3.14, [86, 56241, 118602]
36, 4, 3.11, [150652, 56241, 56240]
36, 5, 3.11, [134361, 31634, 56240]
36, 6, 3.1, [89, 56241, 56240]
36, 7, 3.1, [89, 98062, 66169]
36, 8, 3.1, [89, 66169, 56237]
36, 9, 3.08, [46, 56241, 56240]
37, 0, 3.27, [89, 56241, 56240]
37, 1, 3.25, [89, 87, 56240]
37, 2, 3.18, [89, 150652, 118602]
37, 3, 3.15, [89, 87, 66169]
37, 4, 3.15, [89, 66169, 56239]
37, 5, 3.15, [144434, 86, 56240]
37, 6, 3.11, [281, 87, 56240]
37, 7, 3.11, [283, 150654, 1062]
37, 8, 3.1, [89, 66171, 118602]
37, 9, 3.09, [33297, 56241, 56240]
38, 0, 3.27, [89, 56241, 56240]
38, 1, 3.25, [89, 87, 56240]
38, 2, 3.19, [89, 150652, 80450]
38, 3, 3.17, [89, 283, 56239]
38, 4, 3.15, [66171, 56241, 56240]
38, 5, 3.12, [144434, 56241, 56237]
38, 6, 3.12, [89, 56241, 56240]
38, 7, 3.12, [89, 150654, 56240]
38, 8, 3.11, [90, 1063, 66171]
38, 9, 3.1, [89, 86, 62858]
39, 0, 3.27, [89, 56241, 56240]
39, 1, 3.25, [89, 87, 56240]
39, 2, 3.22, [89, 279, 56239]
39, 3, 3.17, [86, 283, 56240]
39, 4, 3.17, [90, 87, 66171]
39, 5, 3.17, [89, 88, 56240]
39, 6, 3.15, [56239, 89, 150654]
39, 7, 3.13, [14223, 286, 283]
39, 8, 3.13, [281, 1062, 56240]
39, 9, 3.11, [89, 33297, 56240]
40, 0, 3.27, [89, 56241, 56240]
40, 1, 3.25, [89, 87, 56240]
40, 2, 3.17, [89, 285, 56240]
40, 3, 3.14, [284, 87, 56240]
40, 4, 3.13, [286, 87, 98065]
40, 5, 3.13, [89, 12067, 56240]
40, 6, 3.12, [65897, 56239, 56240]
40, 7, 3.12, [149059, 87, 56240]
40, 8, 3.12, [89, 62858, 56239]
40, 9, 3.08, [80450, 134361, 66169]
41, 0, 3.27, [89, 56241, 56240]
41, 1, 3.25, [89, 87, 56240]
41, 2, 3.17, [89, 56241, 90]
41, 3, 3.17, [87, 70638, 66167]
41, 4, 3.15, [280, 56241, 56237]
41, 5, 3.14, [89, 278, 66169]
41, 6, 3.12, [281, 66059, 56240]
41, 7, 3.11, [86, 91277, 150652]
41, 8, 3.11, [33296, 134362, 56240]
41, 9, 3.11, [281, 56241, 56240]
42, 0, 3.27, [89, 56241, 56240]
42, 1, 3.25, [89, 87, 56240]
42, 2, 3.17, [46, 56241, 56240]
42, 3, 3.17, [66166, 89, 46]
42, 4, 3.13, [56240, 33297, 56239]
42, 5, 3.12, [89, 56241, 66169]
42, 6, 3.11, [80661, 88, 11387]
42, 7, 3.11, [87, 65901, 56240]
42, 8, 3.1, [89, 46, 66167]
42, 9, 3.09, [127089, 56241, 87893]
43, 0, 3.27, [89, 56241, 56240]
43, 1, 3.25, [89, 87, 56240]
43, 2, 3.19, [89, 87, 66169]
43, 3, 3.18, [90, 56241, 56240]
43, 4, 3.17, [86, 1060, 221360]
43, 5, 3.14, [148118, 87, 73703]
43, 6, 3.13, [80661, 80450, 56240]
43, 7, 3.13, [281, 56241, 56240]
43, 8, 3.11, [286, 278, 56237]
43, 9, 3.11, [1062, 66169, 80450]
44, 0, 3.27, [89, 56241, 56240]
44, 1, 3.25, [89, 87, 56240]
44, 2, 3.17, [280, 87, 56240]
44, 3, 3.16, [89, 88, 56240]
44, 4, 3.14, [89, 150653, 278]
44, 5, 3.14, [280, 87, 56240]
44, 6, 3.13, [89, 66171, 66169]
44, 7, 3.13, [80449, 56241, 66167]
44, 8, 3.12, [89, 62858, 66169]
44, 9, 3.1, [281, 87, 66169]
45, 0, 3.27, [89, 56241, 56240]
45, 1, 3.25, [89, 87, 56240]
45, 2, 3.16, [89, 73703, 56240]
45, 3, 3.15, [150654, 66167, 46]
45, 4, 3.15, [150653, 56241, 65900]
45, 5, 3.14, [46, 56241, 56240]
45, 6, 3.14, [280, 90, 150015]
45, 7, 3.13, [90, 150653, 56240]
45, 8, 3.11, [89, 87, 90]
45, 9, 3.1, [282, 87, 285]
46, 0, 3.27, [89, 56241, 56240]
46, 1, 3.25, [89, 87, 56240]
46, 2, 3.17, [46, 62858, 56240]
46, 3, 3.17, [280, 56241, 56240]
46, 4, 3.17, [558, 150654, 150653]
46, 5, 3.14, [150652, 56241, 56240]
46, 6, 3.14, [89, 56240, 65900]
46, 7, 3.12, [150653, 56241, 56237]
46, 8, 3.1, [66170, 56241, 118602]
46, 9, 3.08, [89, 90, 65900]
47, 0, 3.27, [89, 56241, 56240]
47, 1, 3.25, [89, 87, 56240]
47, 2, 3.13, [89, 1061, 56240]
47, 3, 3.13, [89, 87, 56237]
47, 4, 3.11, [89, 73700, 56240]
47, 5, 3.1, [46, 150654, 150015]
47, 6, 3.09, [66059, 56241, 56240]
47, 7, 3.09, [134361, 1061, 62858]
47, 8, 3.08, [98063, 56240, 56239]
47, 9, 3.07, [89, 10375, 150652]
48, 0, 3.27, [89, 56241, 56240]
48, 1, 3.25, [89, 87, 56240]
48, 2, 3.18, [98063, 56241, 56240]
48, 3, 3.12, [90, 1061, 56240]
48, 4, 3.11, [89, 80656, 1060]
48, 5, 3.1, [156909, 98063, 56240]
48, 6, 3.09, [66171, 62858, 286]
48, 7, 3.09, [89, 65899, 56239]
48, 8, 3.09, [65899, 66059, 66169]
48, 9, 3.09, [89, 56239, 56240]
49, 0, 3.27, [89, 56241, 56240]
49, 1, 3.25, [89, 87, 56240]
49, 2, 3.23, [280, 87, 56240]
49, 3, 3.21, [90, 87, 56240]
49, 4, 3.17, [98063, 56241, 70638]
49, 5, 3.16, [221360, 56241, 149059]
49, 6, 3.14, [90, 134365, 56240]
49, 7, 3.14, [88, 148118, 56240]
49, 8, 3.13, [89, 6376, 56241]
49, 9, 3.13, [98063, 62858, 56240]
50, 0, 3.27, [89, 56241, 56240]
50, 1, 3.25, [89, 87, 56240]
50, 2, 3.17, [89, 87, 62858]
50, 3, 3.17, [89, 87, 62858]
50, 4, 3.14, [823, 56241, 56240]
50, 5, 3.13, [89, 62858, 56240]
50, 6, 3.13, [98063, 89, 56240]
50, 7, 3.13, [113171, 56240, 127089]
50, 8, 3.1, [150654, 56241, 56240]
50, 9, 3.09, [89, 87, 67332]
