n_nodes,influence,n0,n1,n2,n3,n4
5,22.9897,257394,173761,12042,20574,66718
5,22.9897,257394,173761,12042,20574,66718
5,22.4910,220833,173761,12042,20574,66718
5,22.4910,220833,173761,12042,20574,66718
5,22.4910,220833,173761,12042,20574,66718
5,22.4910,220833,173761,12042,20574,66718
5,22.4910,220833,173761,12042,20574,66718
5,22.4910,220833,173761,12042,20574,66718
5,22.4910,220833,173761,12042,20574,66718
5,22.4910,220833,173761,12042,20574,66718
5,22.4910,220833,173761,12042,20574,66718
5,22.4910,220833,173761,12042,20574,66718
5,22.4910,220833,173761,12042,20574,66718
5,22.4910,220833,173761,12042,20574,66718
5,22.4910,220833,173761,12042,20574,66718
5,22.4910,220833,173761,12042,20574,66718
