num_genrations,diversity,improvement,best_fitness
0,1.0,0,1179.2499999999966
1,0.8488095238095238,0.012948908204367204,1194.5199999999966
2,0.5130952380952382,0.041539697953989915,1244.1399999999965
3,0.2488095238095238,0.02430594627614263,1274.3799999999965
4,0.14523809523809517,0.014407005759663484,1292.7399999999964
5,0.2678571428571428,0.19089685474264123,1539.5199999999977
6,0.22619047619047628,0.0,1539.5199999999977
7,0.3916666666666667,0.09932316566202458,1692.4299999999976
8,0.3761904761904762,0.0,1692.4299999999976
9,0.1333333333333333,0.0,1692.4299999999976
10,0.24285714285714288,0.04463404690297468,1767.969999999999
