num_genrations,diversity,improvement,best_fitness
0,0.9998585858585859,0,31.93
1,0.9535690235690236,0.0006263701847791912,31.95
2,0.8704175084175084,0.0003129890453834605,31.96
3,0.6075286195286196,0.0012515644555694352,32.0
4,0.48864646464646455,0.0009375000000000355,32.03
5,0.6065050505050504,0.0,32.03
6,0.3789898989898992,0.0,32.03
7,0.24436363636363623,0.0,32.03
8,0.0053265993265989575,0.0,32.03
9,0.006653198653198689,0.0,32.03
10,0.0053265993265989575,0.0,32.03
11,0.005979797979798196,0.0,32.03
12,0.007959595959596388,0.0,32.03
13,0.006639730639730557,0.0,32.03
14,0.007313131313131271,0.0,32.03
15,0.0026599326599326956,0.0,32.03
16,0.007313131313131271,0.0,32.03
17,0.004659932659932808,0.0,32.03
18,0.00533333333333319,0.0,32.03
19,0.008632996632996326,0.0,32.03
20,0.0033198653198652783,0.0,32.03
21,0.007306397306397261,0.0,32.03
22,0.009959595959596057,0.0,32.03
23,0.00466666666666693,0.0,32.03
24,0.0040000000000000036,0.0,32.03
25,0.00666666666666671,0.0,32.03
26,0.002653198653198685,0.0,32.03
27,0.007239057239057267,0.0,32.03
28,0.00533333333333319,0.0,32.03
29,0.0039999999999997815,0.0,32.03
30,0.0039999999999998925,0.0,32.03
31,0.004653198653198798,0.0,32.03
32,0.008619528619528305,0.0,32.03
33,0.005986531986532095,0.0,32.03
34,0.003326599326599178,0.0,32.03
35,0.008639730639730336,0.0,32.03
36,0.006646464646464789,0.0,32.03
37,0.008632996632996326,0.0,32.03
38,0.002639730639730553,0.0,32.03
39,0.005986531986532095,0.0,32.03
40,0.003986531986531983,0.0,32.03
41,0.006653198653198689,0.0,32.03
42,0.0033265993265994,0.0,32.03
43,0.00466666666666693,0.0,32.03
44,0.0033333333333331883,0.0,32.03
45,0.006659932659932477,0.0,32.03
46,0.00465993265993303,0.0,32.03
47,0.004659932659932808,0.0,32.03
48,0.0013198653198657206,0.0,32.03
49,0.003993265993265993,0.0,32.03
50,0.004653198653198798,0.0,32.03
51,0.003986531986531983,0.0,32.03
52,0.005993265993265884,0.0,32.03
53,0.004646464646464787,0.0,32.03
54,0.005986531986532206,0.0,32.03
55,0.002653198653198685,0.0,32.03
56,0.009966329966329956,0.0,32.03
57,0.006626262626262758,0.0,32.03
58,0.009299663299663363,0.0,32.03
59,0.004659932659932808,0.0,32.03
60,0.005993265993265995,0.0,32.03
61,0.00666666666666671,0.0,32.03
62,0.005986531986532095,0.0,32.03
63,0.009946127946127925,0.0,32.03
64,0.002666666666666706,0.0,32.03
65,0.00465993265993303,0.0,32.03
66,0.00533333333333319,0.0,32.03
67,0.005993265993265884,0.0,32.03
68,0.006626262626262758,0.0,32.03
69,0.00797979797979853,0.0,32.03
70,0.005333333333333079,0.0,32.03
71,0.003986531986531983,0.0,32.03
72,0.004659932659932808,0.0,32.03
73,0.005993265993266217,0.0,32.03
74,0.006653198653198689,0.0,32.03
75,0.002666666666666817,0.0,32.03
76,0.007313131313131382,0.0,32.03
77,0.004653198653198687,0.0,32.03
78,0.009973063973063856,0.0,32.03
79,0.007973063973064298,0.0,32.03
80,0.0033333333333332993,0.0,32.03
81,0.007333333333333192,0.0,32.03
82,0.004666666666667152,0.0028098657508584548,32.12
83,0.009966329966330068,0.0,32.12
84,0.006659932659932699,0.0,32.12
85,0.004659932659932808,0.0,32.12
86,0.0046464646464650095,0.0,32.12
87,0.006653198653198578,0.0,32.12
88,0.008626262626262315,0.0,32.12
89,0.008646464646464458,0.0,32.12
90,0.003993265993265993,0.0,32.12
91,0.0033333333333331883,0.0,32.12
92,0.0072996632996634725,0.0,32.12
93,0.007313131313131049,0.0,32.12
94,0.007979797979798198,0.0,32.12
95,0.002639730639730664,0.0,32.12
96,0.00533333333333319,0.0,32.12
97,0.007979797979798309,0.0,32.12
98,0.0046329966329969885,0.0,32.12
99,0.003973063973063962,0.0,32.12
100,0.004666666666667152,0.0,32.12
