n_nodes,influence,n0,n1,n2,n3,n4,n5,n6,n7,n8,n9,n10,n11,n12,n13,n14,n15,n16,n17,n18,n19,n20,n21,n22,n23,n24,n25,n26,n27,n28,n29
30,32.1200,63850,210659,140212,193702,246033,258879,146950,40145,27462,261119,62886,165168,97633,54310,228541,174169,64075,175982,117186,73164,138151,224073,78807,173503,7425,201106,64327,46217,135314,151809
30,32.1200,63850,210659,140212,193702,246033,258879,146950,40145,27462,261119,62886,165168,97633,54310,228541,174169,64075,175982,117186,73164,138151,224073,78807,173503,7425,201106,64327,46217,135314,151809
30,32.1200,63850,210659,140212,193702,246033,258879,146950,40145,27462,261119,62886,165168,97633,54310,228541,174169,64075,175982,117186,73164,138151,224073,78807,173503,7425,201106,64327,46217,135314,151809
30,32.1200,63850,210659,140212,193702,246033,258879,146950,40145,27462,261119,62886,165168,97633,54310,228541,174169,64075,175982,117186,73164,138151,224073,78807,173503,7425,201106,64327,46217,135314,151809
30,32.1200,63850,210659,140212,193702,246033,258879,146950,40145,27462,261119,62886,165168,97633,54310,228541,174169,64075,175982,117186,73164,138151,224073,78807,173503,7425,201106,64327,46217,135314,151809
30,32.1200,63850,210659,140212,193702,246033,258879,146950,40145,27462,261119,62886,165168,97633,54310,228541,174169,64075,175982,117186,73164,138151,224073,78807,173503,7425,201106,64327,46217,135314,151809
30,32.1200,63850,210659,140212,193702,246033,258879,146950,40145,27462,261119,62886,165168,97633,54310,228541,174169,64075,175982,117186,73164,138151,224073,78807,173503,7425,201106,64327,46217,135314,151809
30,32.1200,63850,210659,140212,193702,246033,258879,146950,40145,27462,261119,62886,165168,97633,54310,228541,174169,64075,175982,117186,73164,138151,224073,78807,173503,7425,201106,64327,46217,135314,151809
30,32.1200,63850,210659,140212,193702,246033,258879,146950,40145,27462,261119,62886,165168,97633,54310,228541,174169,64075,175982,117186,73164,138151,224073,78807,173503,7425,201106,64327,46217,135314,151809
30,32.1200,63850,210659,140212,193702,246033,258879,146950,40145,27462,261119,62886,165168,97633,54310,228541,174169,64075,175982,117186,73164,138151,224073,78807,173503,7425,201106,64327,46217,135314,151809
30,32.1200,63850,210659,140212,193702,246033,258879,146950,40145,27462,261119,62886,165168,97633,54310,228541,174169,64075,175982,117186,73164,138151,224073,78807,173503,7425,201106,64327,46217,135314,151809
30,32.1200,63850,210659,140212,193702,246033,258879,146950,40145,27462,261119,62886,165168,97633,54310,228541,174169,64075,175982,117186,73164,138151,224073,78807,173503,7425,201106,64327,46217,135314,151809
30,32.1200,63850,210659,140212,193702,246033,258879,146950,40145,27462,261119,62886,165168,97633,54310,228541,174169,64075,175982,117186,73164,138151,224073,78807,173503,7425,201106,64327,46217,135314,151809
30,32.1200,63850,210659,140212,193702,246033,258879,146950,40145,27462,261119,62886,165168,97633,54310,228541,174169,64075,175982,117186,73164,138151,224073,78807,173503,7425,201106,64327,46217,135314,151809
30,32.1200,63850,210659,140212,193702,246033,258879,146950,40145,27462,261119,62886,165168,97633,54310,228541,174169,64075,175982,117186,73164,138151,224073,78807,173503,7425,201106,64327,46217,135314,151809
30,32.1200,63850,210659,140212,193702,246033,258879,146950,40145,27462,261119,62886,165168,97633,54310,228541,174169,64075,175982,117186,73164,138151,224073,78807,173503,7425,201106,64327,46217,135314,151809
30,32.1200,63850,210659,140212,193702,246033,258879,146950,40145,27462,261119,62886,165168,97633,54310,228541,174169,64075,175982,117186,73164,138151,224073,78807,173503,7425,201106,64327,46217,135314,151809
30,32.1200,63850,210659,140212,193702,246033,258879,146950,40145,27462,261119,62886,165168,97633,54310,228541,174169,64075,175982,117186,73164,138151,224073,78807,173503,7425,201106,64327,46217,135314,151809
30,32.1200,63850,210659,140212,193702,246033,258879,146950,40145,27462,261119,62886,165168,97633,54310,228541,174169,64075,175982,117186,73164,138151,224073,78807,173503,7425,201106,64327,46217,135314,151809
30,32.1200,63850,210659,140212,193702,246033,258879,146950,40145,27462,261119,62886,165168,97633,54310,228541,174169,64075,175982,117186,73164,138151,224073,78807,173503,7425,201106,64327,46217,135314,151809
30,32.1200,63850,210659,140212,193702,246033,258879,146950,40145,27462,261119,62886,165168,97633,54310,228541,174169,64075,175982,117186,73164,138151,224073,78807,173503,7425,201106,64327,46217,135314,151809
30,32.1200,63850,210659,140212,193702,246033,258879,146950,40145,27462,261119,62886,165168,97633,54310,228541,174169,64075,175982,117186,73164,138151,224073,78807,173503,7425,201106,64327,46217,135314,151809
30,32.1200,63850,210659,140212,193702,246033,258879,146950,40145,27462,261119,62886,165168,97633,54310,228541,174169,64075,175982,117186,73164,138151,224073,78807,173503,7425,201106,64327,46217,135314,151809
30,32.1200,63850,210659,140212,193702,246033,258879,146950,40145,27462,261119,62886,165168,97633,54310,228541,174169,64075,175982,117186,73164,138151,224073,78807,173503,7425,201106,64327,46217,135314,151809
30,32.1200,63850,210659,140212,193702,246033,258879,146950,40145,27462,261119,62886,165168,97633,54310,228541,174169,64075,175982,117186,73164,138151,224073,78807,173503,7425,201106,64327,46217,135314,151809
30,32.1200,63850,210659,140212,193702,246033,258879,146950,40145,27462,261119,62886,165168,97633,54310,228541,174169,64075,175982,117186,73164,138151,224073,78807,173503,7425,201106,64327,46217,135314,151809
30,32.1200,63850,210659,140212,193702,246033,258879,146950,40145,27462,261119,62886,165168,97633,54310,228541,174169,64075,175982,117186,73164,138151,224073,78807,173503,7425,201106,64327,46217,135314,151809
30,32.1200,63850,210659,140212,193702,246033,258879,146950,40145,27462,261119,62886,165168,97633,54310,228541,174169,64075,175982,117186,73164,138151,224073,78807,173503,7425,201106,64327,46217,135314,151809
30,32.1200,63850,210659,140212,193702,246033,258879,146950,40145,27462,261119,62886,165168,97633,54310,228541,174169,64075,175982,117186,73164,138151,224073,78807,173503,7425,201106,64327,46217,135314,151809
30,32.1200,63850,210659,140212,193702,246033,258879,146950,40145,27462,261119,62886,165168,97633,54310,228541,174169,64075,175982,117186,73164,138151,224073,78807,173503,7425,201106,64327,46217,135314,151809
30,32.1200,63850,210659,140212,193702,246033,258879,146950,40145,27462,261119,62886,165168,97633,54310,228541,174169,64075,175982,117186,73164,138151,224073,78807,173503,7425,201106,64327,46217,135314,151809
30,32.1200,63850,210659,140212,193702,246033,258879,146950,40145,27462,261119,62886,165168,97633,54310,228541,174169,64075,175982,117186,73164,138151,224073,78807,173503,7425,201106,64327,46217,135314,151809
30,32.1200,63850,210659,140212,193702,246033,258879,146950,40145,27462,261119,62886,165168,97633,54310,228541,174169,64075,175982,117186,73164,138151,224073,78807,173503,7425,201106,64327,46217,135314,151809
30,32.1200,63850,210659,140212,193702,246033,258879,146950,40145,27462,261119,62886,165168,97633,54310,228541,174169,64075,175982,117186,73164,138151,224073,78807,173503,7425,201106,64327,46217,135314,151809
30,32.1200,63850,210659,140212,193702,246033,258879,146950,40145,27462,261119,62886,165168,97633,54310,228541,174169,64075,175982,117186,73164,138151,224073,78807,173503,7425,201106,64327,46217,135314,151809
30,32.1200,63850,210659,140212,193702,246033,258879,146950,40145,27462,261119,62886,165168,97633,54310,228541,174169,64075,175982,117186,73164,138151,224073,78807,173503,7425,201106,64327,46217,135314,151809
30,32.1200,63850,210659,140212,193702,246033,258879,146950,40145,27462,261119,62886,165168,97633,54310,228541,174169,64075,175982,117186,73164,138151,224073,78807,173503,7425,201106,64327,46217,135314,151809
30,32.1200,63850,210659,140212,193702,246033,258879,146950,40145,27462,261119,62886,165168,97633,54310,228541,174169,64075,175982,117186,73164,138151,224073,78807,173503,7425,201106,64327,46217,135314,151809
30,32.1200,63850,210659,140212,193702,246033,258879,146950,40145,27462,261119,62886,165168,97633,54310,228541,174169,64075,175982,117186,73164,138151,224073,78807,173503,7425,201106,64327,46217,135314,151809
30,32.1200,63850,210659,140212,193702,246033,258879,146950,40145,27462,261119,62886,165168,97633,54310,228541,174169,64075,175982,117186,73164,138151,224073,78807,173503,7425,201106,64327,46217,135314,151809
30,32.1200,63850,210659,140212,193702,246033,258879,146950,40145,27462,261119,62886,165168,97633,54310,228541,174169,64075,175982,117186,73164,138151,224073,78807,173503,7425,201106,64327,46217,135314,151809
30,32.1200,63850,210659,140212,193702,246033,258879,146950,40145,27462,261119,62886,165168,97633,54310,228541,174169,64075,175982,117186,73164,138151,224073,78807,173503,7425,201106,64327,46217,135314,151809
30,32.1200,63850,210659,140212,193702,246033,258879,146950,40145,27462,261119,62886,165168,97633,54310,228541,174169,64075,175982,117186,73164,138151,224073,78807,173503,7425,201106,64327,46217,135314,151809
30,32.1200,63850,210659,140212,193702,246033,258879,146950,40145,27462,261119,62886,165168,97633,54310,228541,174169,64075,175982,117186,73164,138151,224073,78807,173503,7425,201106,64327,46217,135314,151809
30,32.1200,63850,210659,140212,193702,246033,258879,146950,40145,27462,261119,62886,165168,97633,54310,228541,174169,64075,175982,117186,73164,138151,224073,78807,173503,7425,201106,64327,46217,135314,151809
30,32.1200,63850,210659,140212,193702,246033,258879,146950,40145,27462,261119,62886,165168,97633,54310,228541,174169,64075,175982,117186,73164,138151,224073,78807,173503,7425,201106,64327,46217,135314,151809
30,32.1200,63850,210659,140212,193702,246033,258879,146950,40145,27462,261119,62886,165168,97633,54310,228541,174169,64075,175982,117186,73164,138151,224073,78807,173503,7425,201106,64327,46217,135314,151809
30,32.1200,63850,210659,140212,193702,246033,258879,146950,40145,27462,261119,62886,165168,97633,54310,228541,174169,64075,175982,117186,73164,138151,224073,78807,173503,7425,201106,64327,46217,135314,151809
30,32.1200,63850,210659,140212,193702,246033,258879,146950,40145,27462,261119,62886,165168,97633,54310,228541,174169,64075,175982,117186,73164,138151,224073,78807,173503,7425,201106,64327,46217,135314,151809
30,31.8600,63850,210659,140212,193702,246033,258879,146950,40145,27462,261119,62886,165168,97633,54310,228541,174169,64075,175982,117186,73164,138151,224073,78807,173503,7425,201106,64327,46217,135314,151809
30,31.7800,63850,210659,140212,193702,246033,258879,146950,40145,27462,261119,62886,165168,97633,54310,228541,174169,64075,175982,117186,73164,138151,224073,78807,173503,7425,201106,64327,46217,135314,151809
30,31.7200,63850,210659,140212,193702,246033,258879,146950,40145,27462,261119,62886,165168,97633,54310,228541,174169,64075,175982,117186,73164,138151,224073,78807,173503,7425,201106,64327,46217,135314,151809
30,31.7200,63850,210659,140212,193702,246033,258879,146950,40145,27462,261119,62886,165168,97633,54310,228541,174169,64075,175982,117186,73164,138151,224073,78807,173503,7425,201106,64327,46217,135314,151809
30,31.7000,63850,210659,140212,193702,246033,258879,146950,40145,27462,261119,62886,165168,97633,54310,228541,174169,64075,175982,117186,73164,138151,224073,78807,173503,7425,201106,64327,46217,135314,151809
30,31.6900,63850,210659,140212,193702,246033,258879,146950,40145,27462,261119,62886,165168,97633,54310,228541,174169,64075,175982,117186,73164,138151,224073,78807,173503,7425,201106,64327,46217,135314,151809
30,31.6800,63850,210659,140212,193702,246033,258879,146950,40145,27462,261119,62886,165168,97633,54310,228541,174169,64075,175982,117186,73164,138151,224073,78807,173503,7425,201106,64327,46217,135314,151809
30,31.6700,63850,210659,140212,193702,246033,258879,146950,40145,27462,261119,62886,165168,97633,54310,228541,174169,64075,175982,117186,73164,138151,224073,78807,173503,7425,201106,64327,46217,135314,151809
30,31.6600,63850,210659,140212,193702,246033,258879,146950,40145,27462,261119,62886,165168,97633,54310,228541,174169,64075,175982,117186,73164,138151,224073,78807,173503,7425,201106,64327,46217,135314,151809
30,31.6600,7425,151809,146950,46217,246033,201106,135314,193702,62886,54310,138151,165168,140212,228541,258879,173503,117186,27462,64327,224073,64075,73164,40145,72977,174169,97633,210659,63850,175982,261119
30,31.6600,63850,210659,140212,193702,246033,258879,146950,40145,27462,261119,62886,165168,97633,54310,228541,174169,64075,175982,117186,73164,138151,224073,78807,173503,7425,201106,64327,46217,135314,151809
30,31.6400,63850,210659,140212,193702,246033,258879,146950,40145,27462,261119,62886,165168,97633,54310,228541,174169,64075,175982,117186,73164,138151,224073,78807,173503,7425,201106,64327,46217,135314,151809
30,31.6200,63850,210659,140212,193702,246033,258879,146950,40145,27462,261119,62886,165168,97633,54310,228541,174169,64075,175982,117186,73164,138151,224073,78807,173503,7425,201106,64327,46217,135314,151809
30,31.6100,63850,210659,140212,193702,246033,258879,146950,40145,27462,261119,62886,165168,97633,54310,228541,174169,64075,175982,117186,73164,138151,224073,78807,173503,7425,201106,64327,46217,135314,151809
30,31.6100,63850,210659,140212,193702,246033,258879,146950,40145,27462,261119,62886,165168,97633,54310,228541,174169,64075,175982,117186,73164,138151,224073,78807,173503,7425,201106,64327,46217,135314,151809
30,31.6100,63850,210659,140212,193702,246033,258879,146950,40145,27462,261119,62886,165168,97633,54310,228541,174169,64075,175982,117186,73164,138151,224073,78807,173503,7425,201106,64327,46217,135314,151809
30,31.6100,7425,151809,146950,46217,246033,201106,135314,193702,62886,54310,138151,165168,140212,228541,258879,173503,117186,27462,64327,224073,64075,73164,40145,78807,174169,97633,210659,63850,215580,261119
30,31.6000,63850,210659,140212,193702,246033,258879,146950,40145,27462,261119,62886,165168,97633,54310,228541,174169,64075,175982,117186,73164,138151,224073,78807,173503,7425,201106,64327,46217,135314,151809
30,31.6000,63850,210659,140212,193702,246033,258879,146950,40145,27462,261119,62886,165168,97633,54310,228541,174169,64075,175982,117186,73164,138151,224073,78807,173503,7425,201106,64327,46217,135314,151809
30,31.5900,63850,210659,140212,193702,246033,258879,146950,40145,27462,261119,62886,165168,97633,54310,228541,174169,64075,175982,117186,73164,138151,224073,78807,173503,7425,201106,64327,46217,135314,151809
30,31.5700,63850,210659,140212,193702,246033,258879,146950,40145,27462,261119,62886,165168,97633,54310,228541,174169,64075,175982,117186,73164,138151,224073,78807,173503,7425,201106,64327,46217,135314,151809
30,31.5600,63850,210659,140212,193702,246033,258879,146950,40145,27462,261119,62886,165168,97633,54310,228541,174169,64075,175982,117186,73164,138151,224073,78807,173503,7425,201106,64327,46217,135314,151809
30,31.5600,63850,210659,140212,193702,246033,258879,146950,40145,27462,261119,62886,165168,97633,54310,228541,174169,64075,175982,117186,73164,138151,224073,78807,173503,7425,201106,64327,46217,135314,151809
30,31.5500,63850,210659,140212,193702,246033,258879,146950,40145,27462,261119,62886,165168,97633,54310,228541,174169,64075,175982,117186,73164,138151,224073,78807,173503,7425,201106,64327,46217,135314,151809
30,31.5500,7425,151809,146950,46217,246033,201106,135314,193702,62886,54310,138151,165168,140212,228541,258879,168897,117186,27462,64327,224073,64075,73164,40145,78807,174169,97633,210659,63850,175982,261119
30,31.5500,63850,210659,140212,193702,246033,258879,146950,40145,27462,261119,62886,165168,97633,54310,228541,174169,64075,175982,117186,73164,138151,224073,78807,173503,7425,201106,64327,46217,135314,151809
30,31.5300,63850,210659,140212,193702,246033,258879,146950,40145,27462,261119,62886,165168,97633,54310,228541,174169,64075,175982,117186,73164,138151,224073,78807,173503,7425,201106,64327,46217,135314,151809
30,31.5300,63850,210659,140212,193702,246033,258879,146950,40145,27462,261119,62886,165168,97633,54310,228541,174169,64075,175982,117186,73164,138151,224073,78807,173503,7425,201106,64327,46217,135314,151809
30,31.5200,63850,210659,140212,193702,246033,258879,146950,40145,27462,261119,62886,165168,97633,54310,228541,174169,64075,175982,117186,73164,138151,224073,78807,173503,7425,201106,64327,46217,135314,151809
30,31.5200,63850,210659,140212,193702,246033,258879,146950,40145,27462,261119,62886,165168,97633,54310,228541,174169,64075,175982,117186,73164,138151,224073,78807,173503,7425,201106,64327,46217,135314,151809
30,31.5000,63850,210659,140212,193702,246033,258879,146950,40145,27462,261119,62886,165168,97633,54310,228541,174169,64075,175982,117186,73164,138151,224073,78807,173503,7425,201106,64327,46217,135314,151809
30,31.5000,63850,210659,140212,193702,246033,258879,146950,40145,27462,261119,62886,165168,97633,54310,228541,174169,64075,175982,117186,73164,138151,224073,78807,173503,7425,201106,64327,46217,135314,151809
30,31.4900,63850,210659,140212,193702,246033,258879,146950,40145,27462,261119,62886,165168,97633,54310,228541,174169,64075,175982,117186,73164,138151,224073,78807,173503,7425,201106,64327,46217,135314,151809
30,31.4800,63850,210659,140212,193702,246033,258879,146950,40145,27462,261119,62886,165168,97633,54310,228541,174169,64075,175982,117186,73164,138151,224073,78807,173503,7425,201106,64327,46217,135314,151809
30,31.4800,63850,210659,140212,193702,246033,258879,146950,40145,27462,261119,62886,165168,97633,54310,228541,174169,64075,175982,117186,73164,138151,224073,78807,173503,7425,201106,64327,46217,135314,151809
30,31.4700,63850,210659,140212,193702,246033,258879,146950,40145,27462,261119,62886,165168,97633,54310,228541,174169,64075,175982,117186,73164,138151,224073,78807,173503,7425,201106,64327,46217,135314,151809
30,31.4600,63850,210659,140212,193702,246033,258879,146950,40145,27462,261119,62886,165168,97633,54310,228541,174169,64075,175982,117186,73164,138151,224073,78807,173503,7425,201106,64327,46217,135314,151809
30,31.4600,63850,210659,140212,193702,246033,258879,146950,40145,27462,261119,62886,165168,97633,54310,228541,174169,64075,175982,117186,73164,138151,224073,78807,173503,7425,201106,64327,46217,135314,151809
30,31.4600,63850,210659,140212,193702,246033,258879,146950,40145,27462,261119,62886,165168,97633,54310,228541,174169,64075,175982,117186,73164,138151,224073,78807,173503,7425,201106,64327,46217,135314,151809
30,31.4400,63850,210659,140212,193702,246033,258879,146950,40145,27462,261119,62886,165168,97633,54310,228541,174169,64075,175982,117186,73164,138151,224073,78807,173503,7425,201106,64327,46217,135314,151809
30,31.4400,7425,151809,146950,46217,246033,201106,135314,193702,62886,54310,138151,165168,140212,228541,258879,173503,117186,27462,64327,224073,64075,67162,40145,78807,174169,97633,210659,63850,175982,261119
30,31.4400,63850,210659,140212,193702,246033,258879,146950,40145,27462,261119,62886,165168,97633,54310,228541,174169,64075,175982,117186,73164,138151,224073,78807,173503,7425,201106,64327,46217,135314,151809
30,31.4400,10553,151809,146950,46217,246033,201106,135314,193702,62886,54310,138151,165168,140212,228541,258879,173503,117186,27462,64327,224073,64075,73164,40145,78807,174169,97633,210659,63850,175982,261119
30,31.4400,7425,151809,146950,46217,246033,201106,135314,193702,62886,54310,138151,165168,140212,228541,258879,173503,117186,27462,64327,224073,64075,73164,40145,78807,174169,97633,210659,218463,175982,261119
30,31.4400,63850,210659,140212,193702,246033,258879,146950,40145,27462,261119,62886,165168,97633,54310,228541,174169,64075,175982,117186,73164,138151,224073,78807,173503,7425,201106,64327,46217,135314,151809
30,31.4300,63850,210659,140212,193702,246033,258879,146950,40145,27462,261119,62886,165168,97633,54310,228541,174169,64075,175982,117186,73164,138151,224073,78807,173503,7425,201106,64327,46217,135314,151809
30,31.4200,63850,210659,140212,193702,246033,258879,146950,40145,27462,261119,62886,165168,97633,54310,228541,174169,64075,175982,117186,73164,138151,224073,78807,173503,7425,201106,64327,46217,135314,151809
30,31.4200,63850,210659,140212,193702,246033,258879,146950,40145,27462,261119,62886,165168,97633,54310,228541,174169,64075,175982,117186,73164,138151,224073,78807,173503,7425,201106,64327,46217,135314,151809
30,31.4100,63850,210659,140212,193702,246033,258879,146950,40145,27462,261119,62886,165168,97633,54310,228541,174169,64075,175982,117186,73164,138151,224073,78807,173503,7425,201106,64327,46217,135314,151809
30,31.4000,63850,210659,140212,193702,246033,258879,146950,40145,27462,261119,62886,165168,97633,54310,228541,174169,64075,175982,117186,73164,138151,224073,78807,173503,7425,201106,64327,46217,135314,151809
30,31.4000,7425,151809,146950,46217,246033,201106,135314,193702,62886,54310,153824,165168,140212,228541,258879,173503,117186,27462,64327,224073,64075,73164,40145,78807,174169,97633,210659,63850,175982,261119
