num_genrations,diversity,improvement,best_fitness
0,0.9998991935483871,0,333.55
1,0.8766129032258064,-0.0214960275820717,326.38
2,0.6076612903225806,0.501899626202586,490.19
3,0.23508064516129035,0.0,490.19
4,0.3858870967741935,0.06750443705501943,523.28
5,0.1781250000000001,-0.00615349334964078,520.06
6,0.19536290322580652,0.0006922278198669647,520.42
7,0.22812500000000002,0.0,520.42
8,0.24939516129032246,0.0,520.42
9,0.2070564516129032,0.09300180623342703,568.82
10,0.16441532258064517,0.0,568.82
