generation number, individual number, fitness, candidate
0, 0, 29.2, [1353, 5117]
0, 1, 10.05, [934, 1025]
0, 2, 8.0, [1574, 741]
0, 3, 7.0, [697, 2070]
0, 4, 7.0, [247, 694]
0, 5, 4.0, [450, 780]
0, 6, 3.4, [1580, 1555]
0, 7, 3.36, [483, 1289]
0, 8, 3.0, [78, 1378]
0, 9, 3.0, [450, 1394]
1, 0, 29.2, [1353, 5117]
1, 1, 11.0, [934, 1543]
1, 2, 10.05, [934, 1025]
1, 3, 10.0, [934, 905]
1, 4, 9.0, [439, 1378]
1, 5, 6.0, [662, 78]
1, 6, 5.04, [1574, 1289]
1, 7, 3.08, [1353, 1289]
1, 8, 2.0, [1229, 1419]
1, 9, 2.0, [1225, 635]
2, 0, 30.08, [2490, 5117]
2, 1, 29.2, [1353, 5117]
2, 2, 11.0, [934, 694]
2, 3, 11.0, [934, 1543]
2, 4, 8.0, [934, 831]
2, 5, 8.0, [1574, 990]
2, 6, 7.25, [1289, 990]
2, 7, 7.0, [1574, 819]
2, 8, 6.5, [1394, 336]
2, 9, 6.0, [741, 831]
3, 0, 31.09, [1289, 5117]
3, 1, 30.08, [2490, 5117]
3, 2, 29.2, [1353, 5117]
3, 3, 12.0, [934, 2032]
3, 4, 7.0, [587, 694]
3, 5, 5.53, [216, 1430]
3, 6, 5.0, [2490, 816]
3, 7, 3.55, [1225, 3]
3, 8, 3.0, [495, 691]
3, 9, 2.0, [1353, 2667]
4, 0, 36.62, [520, 1219]
4, 1, 31.15, [841, 5117]
4, 2, 31.09, [1289, 5117]
4, 3, 30.79, [841, 5117]
4, 4, 30.08, [2490, 5117]
4, 5, 9.0, [1514, 662]
4, 6, 5.44, [1289, 1574]
4, 7, 5.0, [751, 216]
4, 8, 4.92, [1347, 320]
4, 9, 4.0, [731, 905]
5, 0, 37.04, [520, 3]
5, 1, 36.62, [520, 1219]
5, 2, 35.59, [520, 1603]
5, 3, 33.95, [741, 5117]
5, 4, 31.15, [841, 5117]
5, 5, 29.86, [1028, 5117]
5, 6, 3.45, [1289, 1603]
5, 7, 3.0, [216, 711]
5, 8, 3.0, [2341, 450]
5, 9, 2.0, [2490, 1603]
6, 0, 37.86, [520, 905]
6, 1, 37.04, [520, 3]
6, 2, 37.03, [520, 841]
6, 3, 36.62, [520, 1219]
6, 4, 7.46, [487, 3]
6, 5, 6.0, [990, 1603]
6, 6, 6.0, [741, 1603]
6, 7, 6.0, [816, 1219]
6, 8, 5.0, [483, 694]
6, 9, 4.25, [1025, 429]
7, 0, 37.86, [520, 905]
7, 1, 37.04, [520, 3]
7, 2, 36.71, [520, 710]
7, 3, 8.0, [1543, 694]
7, 4, 8.0, [691, 934]
7, 5, 7.0, [873, 1219]
7, 6, 6.0, [2340, 902]
7, 7, 5.0, [450, 905]
7, 8, 5.0, [247, 78]
7, 9, 4.0, [780, 690]
8, 0, 37.86, [520, 905]
8, 1, 37.04, [520, 3]
8, 2, 12.6, [336, 476]
8, 3, 8.0, [741, 905]
8, 4, 7.0, [850, 834]
8, 5, 5.0, [786, 1003]
8, 6, 4.0, [1827, 1509]
8, 7, 3.0, [1003, 710]
8, 8, 3.0, [1003, 710]
8, 9, 3.0, [1509, 216]
9, 0, 37.86, [520, 905]
9, 1, 37.04, [520, 3]
9, 2, 34.44, [520, 922]
9, 3, 8.0, [741, 98]
9, 4, 7.16, [1347, 905]
9, 5, 6.0, [786, 710]
9, 6, 5.0, [697, 905]
9, 7, 4.42, [1574, 1141]
9, 8, 4.0, [675, 905]
9, 9, 4.0, [902, 710]
10, 0, 38.56, [520, 819]
10, 1, 37.86, [520, 905]
10, 2, 37.04, [520, 3]
10, 3, 13.0, [439, 834]
10, 4, 7.42, [741, 3]
10, 5, 7.0, [902, 2032]
10, 6, 6.53, [1543, 3]
10, 7, 6.0, [2340, 710]
10, 8, 5.93, [2340, 1555]
10, 9, 4.0, [2436, 98]
