num_genrations,diversity,improvement,best_fitness
0,0.9952727272727273,0,40.46
1,0.9116666666666666,0.06302521008403354,43.01
2,0.31013131313131337,0.10741687979539653,47.63
3,0.40743434343434326,0.057106865420953154,50.35
4,0.40933333333333344,0.1024826216484607,55.51
5,0.2960303030303032,0.06611421365519729,59.18
6,0.1718585858585857,0.037343697194998325,61.39
7,0.21589898989899003,0.0729760547320411,65.87
8,0.1403333333333333,0.006831638074996031,66.32
9,0.12485858585858578,0.010705669481302896,67.03
10,0.09401010101010099,0.01566462777860655,68.08
11,0.09376767676767661,0.015129259694477103,69.11
12,0.10280808080808068,0.004630299522500468,69.43
13,0.09306060606060595,0.00950597724326655,70.09
14,0.0872929292929292,0.0,70.09
15,0.07317171717171722,0.02111570837494635,71.57
16,0.05202020202020208,0.0,71.57
17,0.03724242424242408,0.0,71.57
18,0.04070707070707069,0.0,71.57
19,0.001989898989898542,0.0,71.57
20,0.006000000000000116,0.0,71.57
21,0.006000000000000116,0.0,71.57
22,0.004989898989898656,0.0,71.57
23,0.0019999999999995577,0.0,71.57
24,0.0030000000000001137,0.0,71.57
25,0.010949494949495153,0.0,71.57
26,0.007989898989899435,0.0,71.57
27,0.006959595959595943,0.0,71.57
28,0.004989898989898767,0.0,71.57
29,0.0040000000000000036,0.0,71.57
30,0.0040000000000000036,0.0,71.57
31,0.0019999999999995577,0.0,71.57
32,0.004999999999999671,0.0,71.57
33,0.0030000000000002247,0.0,71.57
34,0.005989898989899101,0.0,71.57
35,0.0030000000000002247,0.0,71.57
36,0.011949494949494821,0.0,71.57
37,0.006999999999999895,0.0,71.57
38,0.008969696969696739,0.0,71.57
39,0.004989898989898656,0.0199804387313121,73.0
40,0.014868686868686698,0.0,73.0
41,0.027000000000000024,0.0,73.0
42,0.01557575757575791,0.0001369863013699331,73.01
43,0.006000000000000116,0.0,73.01
44,0.006979797979797975,0.0,73.01
45,0.001000000000000223,0.0,73.01
46,0.004999999999999671,0.0,73.01
47,0.0059595959595961645,0.0,73.01
48,0.008747474747474393,0.0,73.01
49,0.006949494949494817,0.0015066429256266186,73.12
50,0.004989898989898656,0.0,73.12
51,0.005969696969697069,0.0,73.12
52,0.005989898989899101,0.0,73.12
53,0.0040000000000000036,0.0,73.12
54,0.00497979797979764,0.0,73.12
55,0.007989898989899435,0.0,73.12
56,0.003979797979797972,0.0,73.12
57,0.009969696969696962,0.01764223194748348,74.41
58,0.011424242424242559,0.0,74.41
59,0.018888888888888844,0.05079962370649108,78.19
60,0.011424242424242115,0.0,78.19
61,0.01725252525252552,0.0,78.19
62,0.004989898989898656,0.0,78.19
63,0.0019999999999995577,0.0,78.19
64,0.011818181818181617,0.0,78.19
65,0.002989898989899209,0.0,78.19
66,0.005989898989899101,0.0,78.19
67,0.007969696969697404,0.0,78.19
68,0.005989898989899101,0.0,78.19
69,0.003989898989898988,0.0,78.19
70,0.001000000000000223,0.0,78.19
71,0.0059595959595959425,0.0,78.19
72,0.005989898989899101,0.0,78.19
73,0.008000000000000118,0.0,78.19
74,0.003989898989898988,0.0,78.19
75,0.0069898989898987685,0.0,78.19
76,0.0049595959595956085,0.0,78.19
77,0.006949494949494928,0.0,78.19
78,0.001000000000000223,0.006522573219081789,78.7
79,0.0069898989898988795,0.0,78.7
80,0.008949494949494818,0.0,78.7
81,0.001000000000000223,0.0,78.7
82,0.006000000000000116,0.0,78.7
83,0.008959595959595723,0.0,78.7
84,0.004999999999999671,0.0,78.7
85,0.004999999999999671,0.0,78.7
86,0.0040000000000000036,0.0,78.7
87,0.006999999999999895,0.0,78.7
88,0.0019797979797977483,0.0,78.7
89,0.004999999999999671,0.0,78.7
90,0.0019999999999995577,0.0,78.7
91,0.006979797979797975,0.0,78.7
92,0.004989898989898656,0.0,78.7
93,0.005989898989899101,0.0,78.7
94,0.004969696969696735,0.0,78.7
95,0.010959595959596391,0.011562897077509486,79.61
96,0.015171717171717392,0.014571033789724866,80.77
97,0.02460606060606063,0.018942676736412048,82.3
98,0.007919191919192325,0.0,82.3
99,0.0019999999999997797,0.0012150668286756807,82.4
100,0.004999999999999671,0.01419902912621344,83.57
