generation number, individual number, fitness, candidate
0, 0, 15.59, [127089, 280, 66076]
0, 1, 11.34, [96148, 85838, 80450]
0, 2, 10.62, [282, 823, 127089]
0, 3, 10.6, [59751, 90, 56241]
0, 4, 9.77, [66079, 77088, 124712]
0, 5, 9.34, [286, 81178, 46]
0, 6, 9.07, [89, 6376, 14223]
0, 7, 8.26, [66078, 40788, 14199]
0, 8, 6.93, [14201, 14200, 70197]
0, 9, 6.72, [113477, 70195, 66169]
1, 0, 17.03, [59751, 46, 66076]
1, 1, 15.91, [96144, 280, 66076]
1, 2, 15.59, [127089, 280, 66076]
1, 3, 11.34, [96148, 85838, 80450]
1, 4, 11.27, [100807, 80450, 1060]
1, 5, 10.44, [282, 821, 80450]
1, 6, 10.06, [127089, 86543, 80450]
1, 7, 10.0, [96148, 86543, 127089]
1, 8, 9.51, [283, 90, 56241]
1, 9, 9.31, [284, 90, 56241]
2, 0, 17.03, [59751, 46, 66076]
2, 1, 16.65, [100807, 46, 66076]
2, 2, 16.38, [90, 46, 66076]
2, 3, 15.91, [96144, 280, 66076]
2, 4, 15.55, [59751, 823, 66076]
2, 5, 13.61, [66167, 46, 91978]
2, 6, 13.3, [70194, 280, 66076]
2, 7, 13.03, [130282, 70194, 87]
2, 8, 11.8, [59751, 86, 88]
2, 9, 10.43, [121382, 46, 80449]
3, 0, 17.93, [66167, 86, 66076]
3, 1, 17.61, [80450, 46, 66076]
3, 2, 17.03, [59751, 46, 66076]
3, 3, 16.65, [100807, 46, 66076]
3, 4, 12.65, [59751, 46, 70194]
3, 5, 12.57, [90, 284, 70193]
3, 6, 12.4, [59751, 87, 91978]
3, 7, 11.56, [14201, 46, 127088]
3, 8, 11.42, [70199, 46, 86543]
3, 9, 11.31, [126458, 46, 100807]
4, 0, 18.43, [80450, 88, 66076]
4, 1, 18.24, [98065, 46, 66076]
4, 2, 17.93, [66167, 86, 66076]
4, 3, 17.62, [66167, 87, 66076]
4, 4, 17.61, [80450, 46, 66076]
4, 5, 17.38, [59751, 88, 66076]
4, 6, 17.0, [56239, 46, 66076]
4, 7, 15.39, [284, 11925, 66076]
4, 8, 14.27, [47500, 66171, 66076]
4, 9, 13.81, [81178, 14199, 66076]
5, 0, 19.16, [56240, 88, 66076]
5, 1, 18.43, [80450, 88, 66076]
5, 2, 18.24, [98065, 46, 66076]
5, 3, 17.48, [98065, 87, 66076]
5, 4, 17.27, [66171, 88, 66076]
5, 5, 17.11, [98065, 87, 66076]
5, 6, 15.85, [148118, 130282, 66076]
5, 7, 13.95, [14198, 11388, 96147]
5, 8, 13.49, [1063, 77088, 66076]
5, 9, 11.39, [66167, 86, 113477]
6, 0, 19.16, [56240, 88, 66076]
6, 1, 19.06, [98065, 46, 66076]
6, 2, 18.98, [56240, 46, 66076]
6, 3, 18.49, [56240, 86, 66076]
6, 4, 18.43, [80450, 88, 66076]
6, 5, 15.59, [56239, 88, 144434]
6, 6, 14.65, [98065, 88, 70194]
6, 7, 12.75, [98065, 88, 70195]
6, 8, 12.72, [98065, 88, 70195]
6, 9, 11.62, [14198, 88, 85838]
7, 0, 19.79, [56240, 89, 66076]
7, 1, 19.16, [56240, 88, 66076]
7, 2, 19.06, [98065, 46, 66076]
7, 3, 18.94, [47392, 88, 66076]
7, 4, 17.62, [98065, 279, 66076]
7, 5, 16.98, [98065, 88, 70193]
7, 6, 16.24, [56240, 150655, 66076]
7, 7, 15.72, [56237, 46, 66076]
7, 8, 13.92, [98065, 88, 66079]
7, 9, 11.7, [56240, 70195, 127089]
8, 0, 19.79, [56240, 89, 66076]
8, 1, 19.22, [56239, 89, 66076]
8, 2, 19.16, [56240, 88, 66076]
8, 3, 19.05, [62858, 88, 66076]
8, 4, 17.48, [56240, 282, 66076]
8, 5, 15.19, [47392, 89, 70194]
8, 6, 15.17, [47392, 89, 70194]
8, 7, 12.76, [56240, 88, 70195]
8, 8, 11.68, [56240, 88, 221360]
8, 9, 10.46, [62858, 98063, 11387]
9, 0, 19.79, [56240, 89, 66076]
9, 1, 19.37, [66167, 89, 66076]
9, 2, 19.27, [56239, 88, 66076]
9, 3, 19.22, [56239, 89, 66076]
9, 4, 17.29, [56241, 89, 66076]
9, 5, 14.66, [56240, 1927, 66076]
9, 6, 14.65, [62858, 281, 66076]
9, 7, 12.35, [279, 89, 282]
9, 8, 12.01, [90, 89, 11387]
9, 9, 11.05, [56240, 90, 150655]
10, 0, 19.79, [56240, 89, 66076]
10, 1, 19.37, [66167, 89, 66076]
10, 2, 16.25, [56237, 89, 66076]
10, 3, 15.62, [56240, 821, 66076]
10, 4, 14.56, [56239, 89, 127089]
10, 5, 14.48, [66167, 89, 13042]
10, 6, 13.33, [56239, 90, 130282]
10, 7, 11.66, [14198, 89, 278]
10, 8, 11.11, [98063, 124712, 70194]
10, 9, 11.11, [66171, 86, 127088]
