generation number, individual number, fitness, candidate
0, 0, 3.17, [150015, 65897, 56240]
0, 1, 3.13, [148118, 89, 118602]
0, 2, 3.13, [127089, 80661, 11388]
0, 3, 3.12, [90, 1927, 11388]
0, 4, 3.11, [98063, 11388, 66171]
0, 5, 3.11, [148118, 31634, 80449]
0, 6, 3.09, [1063, 123523, 100141]
0, 7, 3.08, [65899, 98065, 87893]
0, 8, 3.07, [1061, 91277, 285]
0, 9, 3.07, [46, 134365, 87893]
1, 0, 3.21, [148118, 150653, 56240]
1, 1, 3.2, [118602, 66167, 1061]
1, 2, 3.18, [127089, 285, 56240]
1, 3, 3.17, [150015, 65897, 56240]
1, 4, 3.16, [150653, 65897, 56240]
1, 5, 3.14, [90, 89, 70638]
1, 6, 3.14, [148118, 65897, 282]
1, 7, 3.13, [148118, 89, 118602]
1, 8, 3.11, [150015, 144434, 11388]
1, 9, 3.1, [148118, 1927, 56237]
2, 0, 3.21, [148118, 150653, 56240]
2, 1, 3.2, [118602, 66167, 1061]
2, 2, 3.17, [66166, 66167, 1061]
2, 3, 3.15, [148118, 56237, 56240]
2, 4, 3.14, [150015, 31634, 56240]
2, 5, 3.13, [98065, 150653, 1061]
2, 6, 3.1, [148118, 150653, 11388]
2, 7, 3.08, [67332, 65899, 87893]
2, 8, 3.08, [118602, 66167, 66171]
2, 9, 3.08, [149059, 558, 56240]
3, 0, 3.21, [148118, 150653, 56240]
3, 1, 3.2, [150015, 86, 56240]
3, 2, 3.2, [118602, 66167, 1061]
3, 3, 3.19, [118602, 89, 1061]
3, 4, 3.17, [66169, 150653, 56240]
3, 5, 3.16, [33296, 150653, 56240]
3, 6, 3.13, [80450, 156909, 56240]
3, 7, 3.12, [282, 56239, 1061]
3, 8, 3.1, [148118, 31634, 88]
3, 9, 3.09, [66166, 150653, 56240]
4, 0, 3.21, [148118, 150653, 56240]
4, 1, 3.2, [150015, 86, 56240]
4, 2, 3.18, [148118, 66167, 70638]
4, 3, 3.16, [56239, 66167, 1061]
4, 4, 3.13, [118602, 11387, 56240]
4, 5, 3.12, [86, 80449, 11387]
4, 6, 3.11, [134361, 150653, 1061]
4, 7, 3.1, [65897, 150653, 56240]
4, 8, 3.08, [118602, 150653, 86]
4, 9, 3.07, [56241, 65897, 1062]
5, 0, 3.21, [148118, 150653, 56240]
5, 1, 3.2, [150015, 86, 56240]
5, 2, 3.17, [148118, 86, 46]
5, 3, 3.16, [66166, 86, 56240]
5, 4, 3.15, [148118, 150653, 98063]
5, 5, 3.14, [148118, 70638, 56240]
5, 6, 3.13, [66170, 33296, 90]
5, 7, 3.13, [56237, 150653, 70638]
5, 8, 3.1, [148118, 91277, 56240]
5, 9, 3.09, [150015, 286, 56240]
6, 0, 3.21, [148118, 150653, 56240]
6, 1, 3.2, [150015, 86, 56240]
6, 2, 3.18, [286, 150653, 150654]
6, 3, 3.15, [148118, 91277, 56240]
6, 4, 3.12, [148118, 70638, 283]
6, 5, 3.1, [46, 150653, 91277]
6, 6, 3.08, [149059, 278, 66171]
6, 7, 3.08, [90, 86, 46]
6, 8, 3.07, [70640, 86, 118602]
6, 9, 3.07, [283, 1062, 56240]
7, 0, 3.24, [148118, 65899, 56240]
7, 1, 3.21, [148118, 150653, 56240]
7, 2, 3.2, [150015, 86, 56240]
7, 3, 3.16, [148118, 56241, 56240]
7, 4, 3.15, [148118, 150653, 46]
7, 5, 3.14, [65899, 150653, 56240]
7, 6, 3.13, [286, 156909, 150654]
7, 7, 3.1, [150015, 150653, 11387]
7, 8, 3.09, [148118, 80449, 98063]
7, 9, 3.08, [148118, 14223, 56240]
8, 0, 3.24, [148118, 65899, 56240]
8, 1, 3.21, [31634, 86, 56240]
8, 2, 3.21, [148118, 150653, 56240]
8, 3, 3.19, [148118, 66167, 56240]
8, 4, 3.17, [56241, 65899, 56240]
8, 5, 3.16, [150655, 65899, 56240]
8, 6, 3.14, [150015, 33296, 56240]
8, 7, 3.14, [148118, 150653, 56241]
8, 8, 3.1, [148118, 86, 221360]
8, 9, 3.1, [62858, 65899, 1063]
9, 0, 3.24, [148118, 65899, 56240]
9, 1, 3.21, [31634, 86, 56240]
9, 2, 3.18, [148118, 278, 56240]
9, 3, 3.15, [31634, 150654, 56240]
9, 4, 3.14, [33297, 86, 56240]
9, 5, 3.13, [1063, 86, 56240]
9, 6, 3.13, [279, 65899, 56240]
9, 7, 3.1, [118602, 65899, 56240]
9, 8, 3.09, [150652, 11388, 91277]
9, 9, 3.07, [31634, 65899, 14223]
10, 0, 3.24, [148118, 65899, 56240]
10, 1, 3.21, [31634, 86, 56240]
10, 2, 3.16, [1062, 150654, 134361]
10, 3, 3.14, [283, 86, 56240]
10, 4, 3.14, [148118, 150654, 56240]
10, 5, 3.14, [1062, 278, 1061]
10, 6, 3.13, [67332, 86, 56240]
10, 7, 3.11, [31634, 65899, 221360]
10, 8, 3.11, [31634, 88, 56240]
10, 9, 3.1, [88, 86, 56240]
