n_nodes,influence,n0,n1,n2,n3,n4
5,10351.4600,25730,70413,7184,24214,18715
5,10344.0600,25730,70413,7184,24214,18715
5,10344.0600,25730,70413,7184,24214,18715
5,10344.0600,25730,70413,7184,24214,18715
5,10344.0600,25730,70413,7184,24214,18715
5,10344.0600,25730,70413,7184,24214,18715
5,10344.0600,25730,70413,7184,24214,18715
5,10344.0600,25730,70413,7184,24214,18715
5,10344.0600,25730,70413,7184,24214,18715
5,10344.0600,25730,70413,7184,24214,18715
5,10344.0600,25730,70413,7184,24214,18715
5,10344.0600,25730,70413,7184,24214,18715
5,10344.0600,25730,70413,7184,24214,18715
5,10344.0600,25730,70413,7184,24214,18715
5,10344.0600,25730,70413,7184,24214,18715
5,10344.0600,25730,70413,7184,24214,18715
