generation number, individual number, fitness, candidate
0, 0, 2.05, [934, 609]
0, 1, 2.04, [785, 1827]
0, 2, 2.03, [934, 1394]
0, 3, 2.03, [974, 816]
0, 4, 2.02, [483, 1827]
0, 5, 2.01, [816, 1394]
0, 6, 2.0, [483, 735]
0, 7, 2.0, [922, 609]
0, 8, 2.0, [2667, 1509]
0, 9, 2.0, [809, 731]
1, 0, 2.05, [934, 609]
1, 1, 2.05, [934, 609]
1, 2, 2.04, [785, 974]
1, 3, 2.04, [785, 1827]
1, 4, 2.02, [694, 483]
1, 5, 2.02, [816, 1827]
1, 6, 2.01, [850, 483]
1, 7, 2.01, [922, 483]
1, 8, 2.01, [694, 735]
1, 9, 2.0, [731, 922]
2, 0, 2.05, [934, 609]
2, 1, 2.05, [934, 609]
2, 2, 2.03, [487, 1394]
2, 3, 2.03, [731, 934]
2, 4, 2.02, [785, 2667]
2, 5, 2.02, [850, 735]
2, 6, 2.02, [666, 1827]
2, 7, 2.01, [487, 1827]
2, 8, 2.0, [666, 974]
2, 9, 2.0, [697, 1569]
3, 0, 2.05, [1509, 785]
3, 1, 2.05, [934, 609]
3, 2, 2.05, [934, 609]
3, 3, 2.03, [809, 731]
3, 4, 2.02, [1827, 934]
3, 5, 2.01, [487, 735]
3, 6, 2.01, [483, 850]
3, 7, 2.01, [694, 609]
3, 8, 2.0, [798, 735]
3, 9, 2.0, [731, 487]
4, 0, 2.05, [1827, 785]
4, 1, 2.05, [1509, 785]
4, 2, 2.05, [934, 609]
4, 3, 2.04, [934, 487]
4, 4, 2.04, [1827, 785]
4, 5, 2.02, [1827, 1567]
4, 6, 2.02, [1509, 487]
4, 7, 2.01, [1509, 487]
4, 8, 2.01, [974, 1509]
4, 9, 2.01, [850, 785]
5, 0, 2.05, [2667, 785]
5, 1, 2.05, [1827, 785]
5, 2, 2.05, [1509, 785]
5, 3, 2.04, [934, 735]
5, 4, 2.03, [1509, 785]
5, 5, 2.02, [1509, 816]
5, 6, 2.02, [934, 487]
5, 7, 2.01, [934, 735]
5, 8, 2.01, [974, 609]
5, 9, 2.01, [934, 735]
6, 0, 2.13, [735, 5117]
6, 1, 2.05, [934, 735]
6, 2, 2.05, [2667, 785]
6, 3, 2.05, [1827, 785]
6, 4, 2.04, [922, 816]
6, 5, 2.02, [1827, 974]
6, 6, 2.02, [697, 694]
6, 7, 2.01, [697, 1419]
6, 8, 2.01, [902, 735]
6, 9, 2.01, [697, 1509]
7, 0, 2.17, [902, 5117]
7, 1, 2.16, [5117, 974]
7, 2, 2.13, [735, 5117]
7, 3, 2.05, [1827, 1029]
7, 4, 2.05, [735, 934]
7, 5, 2.05, [934, 735]
7, 6, 2.04, [934, 751]
7, 7, 2.03, [609, 785]
7, 8, 2.02, [735, 487]
7, 9, 2.02, [2667, 751]
8, 0, 2.17, [902, 5117]
8, 1, 2.16, [5117, 609]
8, 2, 2.16, [5117, 974]
8, 3, 2.04, [902, 697]
8, 4, 2.02, [902, 2667]
8, 5, 2.01, [1569, 816]
8, 6, 2.01, [902, 731]
8, 7, 2.0, [735, 809]
8, 8, 2.0, [902, 1569]
8, 9, 2.0, [735, 922]
9, 0, 2.17, [902, 5117]
9, 1, 2.16, [5117, 609]
9, 2, 2.11, [487, 974]
9, 3, 2.05, [902, 816]
9, 4, 2.05, [934, 974]
9, 5, 2.02, [751, 697]
9, 6, 2.02, [483, 1574]
9, 7, 2.01, [902, 1574]
9, 8, 2.0, [735, 731]
9, 9, 2.0, [483, 609]
10, 0, 2.17, [902, 5117]
10, 1, 2.16, [5117, 609]
10, 2, 2.12, [809, 5117]
10, 3, 2.02, [1580, 974]
10, 4, 2.02, [902, 816]
10, 5, 2.02, [816, 902]
10, 6, 2.01, [487, 483]
10, 7, 2.0, [1827, 731]
10, 8, 2.0, [1580, 609]
10, 9, 2.0, [922, 1569]
