n_nodes,influence,n0,n1,n2,n3,n4,n5,n6,n7,n8,n9,n10,n11,n12,n13,n14,n15,n16
17,84.3573,61408,1027,45412,53668,425,27273,22060,2895,1105,62995,64660,18004,11606,68054,7067,4860,43397
17,84.3573,61408,1027,45412,53668,425,27273,22060,2895,1105,62995,64660,18004,11606,68054,7067,4860,43397
17,84.3573,61408,1027,45412,53668,425,27273,22060,2895,1105,62995,64660,18004,11606,68054,7067,4860,43397
17,84.3573,61408,1027,45412,53668,425,27273,22060,2895,1105,62995,64660,18004,11606,68054,7067,4860,43397
17,84.3573,61408,1027,45412,53668,425,27273,22060,2895,1105,62995,64660,18004,11606,68054,7067,4860,43397
17,82.6560,61408,1027,53668,45412,425,27273,22060,2895,1105,62995,64660,18004,11606,68054,7067,4860,54130
17,82.5821,61408,1027,45412,53668,425,27273,22060,2895,1105,62995,64660,18004,11606,68054,51444,7067,4860
17,82.5821,61408,1027,45412,53668,425,27273,22060,2895,1105,62995,64660,18004,11606,68054,51444,7067,4860
17,82.5302,61408,1027,45412,43397,73864,425,27273,22060,2895,1105,62995,64660,18004,11606,51444,7067,4860
17,82.5302,61408,1027,45412,43397,73864,425,27273,22060,2895,1105,62995,64660,18004,11606,51444,7067,4860
17,82.4786,61408,1027,45412,53668,425,27273,22060,2895,1105,62995,64660,18004,11606,68054,7067,4860,33791
17,82.4786,61408,1027,45412,53668,425,27273,22060,2895,1105,62995,64660,18004,11606,68054,7067,4860,33791
17,82.4786,61408,1027,45412,53668,425,27273,22060,2895,1105,62995,64660,18004,11606,68054,7067,4860,33791
17,82.4786,61408,1027,45412,53668,425,27273,22060,2895,1105,62995,64660,18004,11606,68054,7067,4860,33791
17,82.4786,61408,1027,45412,53668,425,27273,22060,2895,1105,62995,64660,18004,11606,68054,7067,4860,33791
17,82.4786,61408,1027,45412,53668,425,27273,22060,2895,1105,62995,64660,18004,11606,68054,7067,4860,33791
