num_genrations,diversity,improvement,best_fitness
0,0.9969298245614036,0,545.3099999999995
1,0.8482456140350877,-0.283306742953549,390.8199999999998
2,0.662280701754386,0.26897292871398537,495.93999999999954
3,0.48289473684210527,0.20810985199822596,599.1499999999996
4,0.28377192982456145,0.0,599.1499999999996
5,0.3179824561403508,0.0,599.1499999999996
6,0.013157894736842035,0.004105816573478969,601.6099999999996
7,0.019736842105263275,0.0,601.6099999999996
8,0.0412280701754385,1.662206412809727e-05,601.6199999999997
9,0.05921052631578938,0.009873341976663105,607.5599999999997
10,0.04780701754385974,0.003686878662189572,609.7999999999996
