n_nodes,influence,n0,n1,n2,n3,n4,n5,n6,n7,n8
9,90.0800,227,296,939,510,562,819,20,411,60
9,90.0800,227,296,939,510,562,819,20,411,60
9,90.0800,227,296,939,510,562,819,20,411,60
9,90.0800,227,296,939,510,562,819,20,411,60
9,90.0800,227,296,939,510,562,819,20,411,60
9,90.0800,227,296,939,510,562,819,20,411,60
9,90.0800,227,296,939,510,562,819,20,411,60
9,90.0800,227,296,939,510,562,819,20,411,60
9,90.0800,227,296,939,510,562,819,20,411,60
9,90.0800,227,296,939,510,562,819,20,411,60
9,90.0800,227,296,939,510,562,819,20,411,60
9,90.0800,227,296,939,510,562,819,20,411,60
9,88.7300,227,296,939,510,562,819,20,411,60
9,88.7300,227,296,939,510,562,819,20,411,60
9,88.7300,227,296,939,510,562,819,20,411,60
9,88.7300,227,296,939,510,562,819,20,411,60
