n_nodes,influence,n0,n1,n2,n3,n4,n5,n6,n7,n8,n9,n10,n11,n12,n13,n14,n15,n16,n17,n18,n19,n20,n21,n22,n23,n24,n25,n26,n27,n28,n29,n30,n31,n32,n33,n34,n35,n36,n37,n38,n39
40,313.2500,16640,1157,14599,10762,19084,13,13971,2710,16154,10906,9755,15003,21281,5409,23841,11557,10791,15145,18736,16056,22457,19645,8768,6337,1217,2115,3651,4550,23110,6859,14924,18008,8177,13276,16741,13801,2287,23665,13682,3839
40,313.2500,16640,1157,14599,10762,19084,13,13971,2710,16154,10906,9755,15003,21281,5409,23841,11557,10791,15145,18736,16056,22457,19645,8768,6337,1217,2115,3651,4550,23110,6859,14924,18008,8177,13276,16741,13801,2287,23665,13682,3839
40,313.2500,16640,1157,14599,10762,19084,13,13971,2710,16154,10906,9755,15003,21281,5409,23841,11557,10791,15145,18736,16056,22457,19645,8768,6337,1217,2115,3651,4550,23110,6859,14924,18008,8177,13276,16741,13801,2287,23665,13682,3839
40,313.2500,16640,1157,14599,10762,19084,13,13971,2710,16154,10906,9755,15003,21281,5409,23841,11557,10791,15145,18736,16056,22457,19645,8768,6337,1217,2115,3651,4550,23110,6859,14924,18008,8177,13276,16741,13801,2287,23665,13682,3839
40,313.2500,16640,1157,14599,10762,19084,13,13971,2710,16154,10906,9755,15003,21281,5409,23841,11557,10791,15145,18736,16056,22457,19645,8768,6337,1217,2115,3651,4550,23110,6859,14924,18008,8177,13276,16741,13801,2287,23665,13682,3839
40,313.2500,16640,1157,14599,10762,19084,13,13971,2710,16154,10906,9755,15003,21281,5409,23841,11557,10791,15145,18736,16056,22457,19645,8768,6337,1217,2115,3651,4550,23110,6859,14924,18008,8177,13276,16741,13801,2287,23665,13682,3839
40,313.2500,16640,1157,14599,10762,19084,13,13971,2710,16154,10906,9755,15003,21281,5409,23841,11557,10791,15145,18736,16056,22457,19645,8768,6337,1217,2115,3651,4550,23110,6859,14924,18008,8177,13276,16741,13801,2287,23665,13682,3839
40,313.2500,16640,1157,14599,10762,19084,13,13971,2710,16154,10906,9755,15003,21281,5409,23841,11557,10791,15145,18736,16056,22457,19645,8768,6337,1217,2115,3651,4550,23110,6859,14924,18008,8177,13276,16741,13801,2287,23665,13682,3839
40,313.2500,16640,1157,14599,10762,19084,13,13971,2710,16154,10906,9755,15003,21281,5409,23841,11557,10791,15145,18736,16056,22457,19645,8768,6337,1217,2115,3651,4550,23110,6859,14924,18008,8177,13276,16741,13801,2287,23665,13682,3839
40,313.2500,16640,1157,14599,10762,19084,13,13971,2710,16154,10906,9755,15003,21281,5409,23841,11557,10791,15145,18736,16056,22457,19645,8768,6337,1217,2115,3651,4550,23110,6859,14924,18008,8177,13276,16741,13801,2287,23665,13682,3839
40,313.2500,16640,1157,14599,10762,19084,13,13971,2710,16154,10906,9755,15003,21281,5409,23841,11557,10791,15145,18736,16056,22457,19645,8768,6337,1217,2115,3651,4550,23110,6859,14924,18008,8177,13276,16741,13801,2287,23665,13682,3839
40,313.2500,16640,1157,14599,10762,19084,13,13971,2710,16154,10906,9755,15003,21281,5409,23841,11557,10791,15145,18736,16056,22457,19645,8768,6337,1217,2115,3651,4550,23110,6859,14924,18008,8177,13276,16741,13801,2287,23665,13682,3839
40,313.2500,16640,1157,14599,10762,19084,13,13971,2710,16154,10906,9755,15003,21281,5409,23841,11557,10791,15145,18736,16056,22457,19645,8768,6337,1217,2115,3651,4550,23110,6859,14924,18008,8177,13276,16741,13801,2287,23665,13682,3839
40,313.2500,16640,1157,14599,10762,19084,13,13971,2710,16154,10906,9755,15003,21281,5409,23841,11557,10791,15145,18736,16056,22457,19645,8768,6337,1217,2115,3651,4550,23110,6859,14924,18008,8177,13276,16741,13801,2287,23665,13682,3839
40,313.2500,16640,1157,14599,10762,19084,13,13971,2710,16154,10906,9755,15003,21281,5409,23841,11557,10791,15145,18736,16056,22457,19645,8768,6337,1217,2115,3651,4550,23110,6859,14924,18008,8177,13276,16741,13801,2287,23665,13682,3839
40,313.2500,16640,1157,14599,10762,19084,13,13971,2710,16154,10906,9755,15003,21281,5409,23841,11557,10791,15145,18736,16056,22457,19645,8768,6337,1217,2115,3651,4550,23110,6859,14924,18008,8177,13276,16741,13801,2287,23665,13682,3839
40,313.2500,16640,1157,14599,10762,19084,13,13971,2710,16154,10906,9755,15003,21281,5409,23841,11557,10791,15145,18736,16056,22457,19645,8768,6337,1217,2115,3651,4550,23110,6859,14924,18008,8177,13276,16741,13801,2287,23665,13682,3839
40,313.2500,16640,1157,14599,10762,19084,13,13971,2710,16154,10906,9755,15003,21281,5409,23841,11557,10791,15145,18736,16056,22457,19645,8768,6337,1217,2115,3651,4550,23110,6859,14924,18008,8177,13276,16741,13801,2287,23665,13682,3839
40,313.2500,16640,1157,14599,10762,19084,13,13971,2710,16154,10906,9755,15003,21281,5409,23841,11557,10791,15145,18736,16056,22457,19645,8768,6337,1217,2115,3651,4550,23110,6859,14924,18008,8177,13276,16741,13801,2287,23665,13682,3839
40,313.2500,16640,1157,14599,10762,19084,13,13971,2710,16154,10906,9755,15003,21281,5409,23841,11557,10791,15145,18736,16056,22457,19645,8768,6337,1217,2115,3651,4550,23110,6859,14924,18008,8177,13276,16741,13801,2287,23665,13682,3839
40,313.2500,16640,1157,14599,10762,19084,13,13971,2710,16154,10906,9755,15003,21281,5409,23841,11557,10791,15145,18736,16056,22457,19645,8768,6337,1217,2115,3651,4550,23110,6859,14924,18008,8177,13276,16741,13801,2287,23665,13682,3839
40,313.2500,16640,1157,14599,10762,19084,13,13971,2710,16154,10906,9755,15003,21281,5409,23841,11557,10791,15145,18736,16056,22457,19645,8768,6337,1217,2115,3651,4550,23110,6859,14924,18008,8177,13276,16741,13801,2287,23665,13682,3839
40,313.2500,16640,1157,14599,10762,19084,13,13971,2710,16154,10906,9755,15003,21281,5409,23841,11557,10791,15145,18736,16056,22457,19645,8768,6337,1217,2115,3651,4550,23110,6859,14924,18008,8177,13276,16741,13801,2287,23665,13682,3839
40,313.2500,16640,1157,14599,10762,19084,13,13971,2710,16154,10906,9755,15003,21281,5409,23841,11557,10791,15145,18736,16056,22457,19645,8768,6337,1217,2115,3651,4550,23110,6859,14924,18008,8177,13276,16741,13801,2287,23665,13682,3839
40,313.2500,16640,1157,14599,10762,19084,13,13971,2710,16154,10906,9755,15003,21281,5409,23841,11557,10791,15145,18736,16056,22457,19645,8768,6337,1217,2115,3651,4550,23110,6859,14924,18008,8177,13276,16741,13801,2287,23665,13682,3839
40,313.2500,16640,1157,14599,10762,19084,13,13971,2710,16154,10906,9755,15003,21281,5409,23841,11557,10791,15145,18736,16056,22457,19645,8768,6337,1217,2115,3651,4550,23110,6859,14924,18008,8177,13276,16741,13801,2287,23665,13682,3839
40,313.1200,16640,1157,14599,10762,19084,13,13971,2710,16154,10906,9755,15003,21281,5409,23841,11557,10791,15145,18736,16056,22457,19645,8768,6337,1217,2115,3651,4550,23110,6859,14924,18008,8177,13276,16741,13801,2287,23665,13682,3839
40,311.6500,16640,1157,14599,10762,19084,13,13971,2710,16154,10906,9755,15003,21281,5409,23841,11557,10791,15145,18736,16056,22457,19645,8768,6337,1217,2115,3651,4550,23110,6859,14924,18008,8177,13276,16741,13801,2287,23665,13682,3839
40,311.5700,16640,1157,14599,10762,19084,13,13971,2710,16154,10906,9755,15003,21281,5409,23841,11557,10791,15145,18736,16056,22457,19645,8768,6337,1217,2115,3651,4550,23110,6859,14924,18008,8177,13276,16741,13801,2287,23665,13682,3839
40,311.5700,16640,1157,14599,10762,19084,13,13971,2710,16154,10906,9755,15003,21281,5409,23841,11557,10791,15145,18736,16056,22457,19645,8768,6337,1217,2115,3651,4550,23110,6859,14924,18008,8177,13276,16741,13801,2287,23665,13682,3839
40,311.4800,16640,1157,14599,10762,19084,13,13971,2710,16154,10906,9755,15003,21281,5409,23841,11557,10791,15145,18736,16056,22457,19645,8768,6337,1217,2115,3651,4550,23110,6859,14924,18008,8177,13276,16741,13801,2287,23665,13682,3839
40,311.2800,16640,1157,14599,10762,19084,13,13971,2710,16154,10906,9755,15003,21281,5409,23841,11557,10791,15145,18736,16056,22457,19645,8768,6337,1217,2115,3651,4550,23110,6859,14924,18008,8177,13276,16741,13801,2287,23665,13682,3839
40,311.2800,16640,1157,14599,10762,19084,13,13971,2710,16154,10906,9755,15003,21281,5409,23841,11557,10791,15145,18736,16056,22457,19645,8768,6337,1217,2115,3651,4550,23110,6859,14924,18008,8177,13276,16741,13801,2287,23665,13682,3839
40,311.2800,16640,1157,14599,10762,19084,13,13971,2710,16154,10906,9755,15003,21281,5409,23841,11557,10791,15145,18736,16056,22457,19645,8768,6337,1217,2115,3651,4550,23110,6859,14924,18008,8177,13276,16741,13801,2287,23665,13682,3839
40,311.2800,16640,1157,14599,10762,19084,13,13971,2710,16154,10906,9755,15003,21281,5409,23841,11557,10791,15145,18736,16056,22457,19645,8768,6337,1217,2115,3651,4550,23110,6859,14924,18008,8177,13276,16741,13801,2287,23665,13682,3839
40,311.2800,16640,1157,14599,10762,19084,13,13971,2710,16154,10906,9755,15003,21281,5409,23841,11557,10791,15145,18736,16056,22457,19645,8768,6337,1217,2115,3651,4550,23110,6859,14924,18008,8177,13276,16741,13801,2287,23665,13682,3839
40,311.2800,16640,1157,14599,10762,19084,13,13971,2710,16154,10906,9755,15003,21281,5409,23841,11557,10791,15145,18736,16056,22457,19645,8768,6337,1217,2115,3651,4550,23110,6859,14924,18008,8177,13276,16741,13801,2287,23665,13682,3839
40,311.2800,16640,1157,14599,10762,19084,13,13971,2710,16154,10906,9755,15003,21281,5409,23841,11557,10791,15145,18736,16056,22457,19645,8768,6337,1217,2115,3651,4550,23110,6859,14924,18008,8177,13276,16741,13801,2287,23665,13682,3839
40,311.2800,16640,1157,14599,10762,19084,13,13971,2710,16154,10906,9755,15003,21281,5409,23841,11557,10791,15145,18736,16056,22457,19645,8768,6337,1217,2115,3651,4550,23110,6859,14924,18008,8177,13276,16741,13801,2287,23665,13682,3839
40,311.2800,16640,1157,14599,10762,19084,13,13971,2710,16154,10906,9755,15003,21281,5409,23841,11557,10791,15145,18736,16056,22457,19645,8768,6337,1217,2115,3651,4550,23110,6859,14924,18008,8177,13276,16741,13801,2287,23665,13682,3839
40,310.5500,16640,1157,14599,10762,19084,13,13971,2710,16154,10906,9755,15003,21281,5409,23841,11557,10791,15145,18736,16056,22457,19645,8768,6337,1217,2115,3651,4550,23110,6859,14924,18008,8177,13276,16741,13801,2287,23665,13682,3839
40,310.5500,16640,1157,14599,10762,19084,13,13971,2710,16154,10906,9755,15003,21281,5409,23841,11557,10791,15145,18736,16056,22457,19645,8768,6337,1217,2115,3651,4550,23110,6859,14924,18008,8177,13276,16741,13801,2287,23665,13682,3839
40,310.5500,16640,1157,14599,10762,19084,13,13971,2710,16154,10906,9755,15003,21281,5409,23841,11557,10791,15145,18736,16056,22457,19645,8768,6337,1217,2115,3651,4550,23110,6859,14924,18008,8177,13276,16741,13801,2287,23665,13682,3839
40,310.5500,16640,1157,14599,10762,19084,13,13971,2710,16154,10906,9755,15003,21281,5409,23841,11557,10791,15145,18736,16056,22457,19645,8768,6337,1217,2115,3651,4550,23110,6859,14924,18008,8177,13276,16741,13801,2287,23665,13682,3839
40,310.5500,16640,1157,14599,10762,19084,13,13971,2710,16154,10906,9755,15003,21281,5409,23841,11557,10791,15145,18736,16056,22457,19645,8768,6337,1217,2115,3651,4550,23110,6859,14924,18008,8177,13276,16741,13801,2287,23665,13682,3839
40,310.5500,16640,1157,14599,10762,19084,13,13971,2710,16154,10906,9755,15003,21281,5409,23841,11557,10791,15145,18736,16056,22457,19645,8768,6337,1217,2115,3651,4550,23110,6859,14924,18008,8177,13276,16741,13801,2287,23665,13682,3839
40,310.5500,16640,1157,14599,10762,19084,13,13971,2710,16154,10906,9755,15003,21281,5409,23841,11557,10791,15145,18736,16056,22457,19645,8768,6337,1217,2115,3651,4550,23110,6859,14924,18008,8177,13276,16741,13801,2287,23665,13682,3839
40,310.5500,16640,1157,14599,10762,19084,13,13971,2710,16154,10906,9755,15003,21281,5409,23841,11557,10791,15145,18736,16056,22457,19645,8768,6337,1217,2115,3651,4550,23110,6859,14924,18008,8177,13276,16741,13801,2287,23665,13682,3839
40,310.5500,16640,1157,14599,10762,19084,13,13971,2710,16154,10906,9755,15003,21281,5409,23841,11557,10791,15145,18736,16056,22457,19645,8768,6337,1217,2115,3651,4550,23110,6859,14924,18008,8177,13276,16741,13801,2287,23665,13682,3839
40,310.5500,16640,1157,14599,10762,19084,13,13971,2710,16154,10906,9755,15003,21281,5409,23841,11557,10791,15145,18736,16056,22457,19645,8768,6337,1217,2115,3651,4550,23110,6859,14924,18008,8177,13276,16741,13801,2287,23665,13682,3839
40,310.5500,16640,1157,14599,10762,19084,13,13971,2710,16154,10906,9755,15003,21281,5409,23841,11557,10791,15145,18736,16056,22457,19645,8768,6337,1217,2115,3651,4550,23110,6859,14924,18008,8177,13276,16741,13801,2287,23665,13682,3839
40,309.8200,16640,1157,14599,10762,19084,13,13971,2710,16154,10906,9755,15003,21281,5409,23841,11557,10791,15145,18736,16056,22457,19645,8768,6337,1217,2115,3651,4550,23110,6859,14924,18008,8177,13276,16741,13801,2287,23665,13682,3839
40,309.2900,16640,1157,14599,10762,19084,13,13971,2710,16154,10906,9755,15003,21281,5409,23841,11557,10791,15145,18736,16056,22457,19645,8768,6337,1217,2115,3651,4550,23110,6859,14924,18008,8177,13276,16741,13801,2287,23665,13682,3839
40,308.1000,16640,1157,14599,10762,19084,13,13971,2710,16154,10906,9755,15003,21281,5409,23841,11557,10791,15145,18736,16056,22457,19645,8768,6337,1217,2115,3651,4550,23110,6859,14924,18008,8177,13276,16741,13801,2287,23665,13682,3839
40,307.7800,16640,1157,14599,10762,19084,13,13971,2710,16154,10906,9755,15003,21281,5409,23841,11557,10791,15145,18736,16056,22457,19645,8768,6337,1217,2115,3651,4550,23110,6859,14924,18008,8177,13276,16741,13801,2287,23665,13682,3839
40,307.6100,16640,1157,14599,10762,19084,13,13971,2710,16154,10906,9755,15003,21281,5409,23841,11557,10791,15145,18736,16056,22457,19645,8768,6337,1217,2115,3651,4550,23110,6859,14924,18008,8177,13276,16741,13801,2287,23665,13682,3839
40,307.5300,16640,1157,14599,10762,19084,13,13971,2710,16154,10906,9755,15003,21281,5409,23841,11557,10791,15145,18736,16056,22457,19645,8768,6337,1217,2115,3651,4550,23110,6859,14924,18008,8177,13276,16741,13801,2287,23665,13682,3839
40,307.2200,16640,1157,14599,10762,19084,13,13971,2710,16154,10906,9755,15003,21281,5409,23841,11557,10791,15145,18736,16056,22457,19645,8768,6337,1217,2115,3651,4550,23110,6859,14924,18008,8177,13276,16741,13801,2287,23665,13682,3839
40,306.8000,16640,1157,14599,10762,19084,13,13971,2710,16154,10906,9755,15003,21281,5409,23841,11557,10791,15145,18736,16056,22457,19645,8768,6337,1217,2115,3651,4550,23110,6859,14924,18008,8177,13276,16741,13801,2287,23665,13682,3839
40,306.5400,16640,1157,14599,10762,19084,13,13971,2710,16154,10906,9755,15003,21281,5409,23841,11557,10791,15145,18736,16056,22457,19645,8768,6337,1217,2115,3651,4550,23110,6859,14924,18008,8177,13276,16741,13801,2287,23665,13682,3839
40,306.4400,16640,1157,14599,10762,19084,13,13971,2710,16154,10906,9755,15003,21281,5409,23841,11557,10791,15145,18736,16056,22457,19645,8768,6337,1217,2115,3651,4550,23110,6859,14924,18008,8177,13276,16741,13801,2287,23665,13682,3839
40,305.9000,16640,1157,14599,10762,19084,13,13971,2710,16154,10906,9755,15003,21281,5409,23841,11557,10791,15145,18736,16056,22457,19645,8768,6337,1217,2115,3651,4550,23110,6859,14924,18008,8177,13276,16741,13801,2287,23665,13682,3839
40,305.8500,16640,1157,14599,10762,19084,13,13971,2710,16154,10906,9755,15003,21281,5409,23841,11557,10791,15145,18736,16056,22457,19645,8768,6337,1217,2115,3651,4550,23110,6859,14924,18008,8177,13276,16741,13801,2287,23665,13682,3839
40,305.5500,16640,1157,14599,10762,19084,13,13971,2710,16154,10906,9755,15003,21281,5409,23841,11557,10791,15145,18736,16056,22457,19645,8768,6337,1217,2115,3651,4550,23110,6859,14924,18008,8177,13276,16741,13801,2287,23665,13682,3839
40,305.2500,16640,1157,14599,10762,19084,13,13971,2710,16154,10906,9755,15003,21281,5409,23841,11557,10791,15145,18736,16056,22457,19645,8768,6337,1217,2115,3651,4550,23110,6859,14924,18008,8177,13276,16741,13801,2287,23665,13682,3839
40,305.2500,16640,1157,14599,10762,19084,13,13971,2710,16154,10906,9755,15003,21281,5409,23841,11557,10791,15145,18736,16056,22457,19645,8768,6337,1217,2115,3651,4550,23110,6859,14924,18008,8177,13276,16741,13801,2287,23665,13682,3839
40,305.1600,16640,1157,14599,10762,19084,13,13971,2710,16154,10906,9755,15003,21281,5409,23841,11557,10791,15145,18736,16056,22457,19645,8768,6337,1217,2115,3651,4550,23110,6859,14924,18008,8177,13276,16741,13801,2287,23665,13682,3839
40,305.1500,16640,1157,14599,10762,19084,13,13971,2710,16154,10906,9755,15003,21281,5409,23841,11557,10791,15145,18736,16056,22457,19645,8768,6337,1217,2115,3651,4550,23110,6859,14924,18008,8177,13276,16741,13801,2287,23665,13682,3839
40,305.0900,16640,1157,14599,10762,19084,13,13971,2710,16154,10906,9755,15003,21281,5409,23841,11557,10791,15145,18736,16056,22457,19645,8768,6337,1217,2115,3651,4550,23110,6859,14924,18008,8177,13276,16741,13801,2287,23665,13682,3839
40,305.0300,16640,1157,14599,10762,19084,13,13971,2710,16154,10906,9755,15003,21281,5409,23841,11557,10791,15145,18736,16056,22457,19645,8768,6337,1217,2115,3651,4550,23110,6859,14924,18008,8177,13276,16741,13801,2287,23665,13682,3839
40,304.9300,16640,1157,14599,10762,19084,13,13971,2710,16154,10906,9755,15003,21281,5409,23841,11557,10791,15145,18736,16056,22457,19645,8768,6337,1217,2115,3651,4550,23110,6859,14924,18008,8177,13276,16741,13801,2287,23665,13682,3839
40,304.8600,16640,1157,14599,10762,19084,13,13971,2710,16154,10906,9755,15003,21281,5409,23841,11557,10791,15145,18736,16056,22457,19645,8768,6337,1217,2115,3651,4550,23110,6859,14924,18008,8177,13276,16741,13801,2287,23665,13682,3839
40,304.8200,16640,1157,14599,10762,19084,13,13971,2710,16154,10906,9755,15003,21281,5409,23841,11557,10791,15145,18736,16056,22457,19645,8768,6337,1217,2115,3651,4550,23110,6859,14924,18008,8177,13276,16741,13801,2287,23665,13682,3839
40,304.5400,16640,1157,14599,10762,19084,13,13971,2710,16154,10906,9755,15003,21281,5409,23841,11557,10791,15145,18736,16056,22457,19645,8768,6337,1217,2115,3651,4550,23110,6859,14924,18008,8177,13276,16741,13801,2287,23665,13682,3839
40,304.5400,16640,1157,14599,10762,19084,13,13971,2710,16154,10906,9755,15003,21281,5409,23841,11557,10791,15145,18736,16056,22457,19645,8768,6337,1217,2115,3651,4550,23110,6859,14924,18008,8177,13276,16741,13801,2287,23665,13682,3839
40,304.4900,16640,1157,14599,10762,19084,13,13971,2710,16154,10906,9755,15003,21281,5409,23841,11557,10791,15145,18736,16056,22457,19645,8768,6337,1217,2115,3651,4550,23110,6859,14924,18008,8177,13276,16741,13801,2287,23665,13682,3839
40,304.4700,16640,1157,14599,10762,19084,13,13971,2710,16154,10906,9755,15003,21281,5409,23841,11557,10791,15145,18736,16056,22457,19645,8768,6337,1217,2115,3651,4550,23110,6859,14924,18008,8177,13276,16741,13801,2287,23665,13682,3839
40,304.3700,16640,1157,14599,10762,19084,13,13971,2710,10906,16154,9755,15003,21281,5409,23841,11557,10791,4211,18736,16056,22457,19645,8768,6337,1217,2115,3651,4550,23110,6859,14924,18008,13276,16741,13801,2287,8177,23665,13682,3839
40,304.3100,16640,1157,14599,10762,19084,13,13971,2710,16154,10906,9755,15003,21281,5409,23841,11557,10791,15145,18736,16056,22457,19645,8768,6337,1217,2115,3651,4550,23110,6859,14924,18008,8177,13276,16741,13801,2287,23665,13682,3839
40,304.2700,16640,1157,14599,10762,19084,13,13971,2710,16154,10906,9755,15003,21281,5409,23841,11557,10791,15145,18736,16056,22457,19645,8768,6337,1217,2115,3651,4550,23110,6859,14924,18008,8177,13276,16741,13801,2287,23665,13682,3839
40,304.2100,16640,1157,14599,10762,19084,13,13971,2710,16154,10906,9755,15003,21281,5409,23841,11557,10791,15145,18736,16056,22457,19645,8768,6337,1217,2115,3651,4550,23110,6859,14924,18008,8177,13276,16741,13801,2287,23665,13682,3839
40,304.1700,16640,1157,14599,10762,19084,13,13971,2710,16154,10906,9755,15003,21281,5409,23841,11557,10791,15145,18736,16056,22457,19645,8768,6337,1217,2115,3651,4550,23110,6859,14924,18008,8177,13276,16741,13801,2287,23665,13682,3839
40,304.1400,16640,1157,14599,10762,19084,13,13971,2710,16154,10906,9755,15003,21281,5409,23841,11557,10791,15145,18736,16056,22457,19645,8768,6337,1217,2115,3651,4550,23110,6859,14924,18008,8177,13276,16741,13801,2287,23665,13682,3839
40,303.9800,16640,1157,14599,10762,19084,13,13971,2710,16154,10906,9755,15003,21281,5409,23841,11557,10791,15145,18736,16056,22457,19645,8768,6337,1217,2115,3651,4550,23110,6859,14924,18008,8177,13276,16741,13801,2287,23665,13682,3839
40,303.8700,16640,1157,14599,10762,19084,13,13971,2710,16154,10906,9755,15003,21281,5409,23841,11557,10791,15145,18736,16056,22457,19645,8768,6337,1217,2115,3651,4550,23110,6859,14924,18008,8177,13276,16741,13801,2287,23665,13682,3839
40,303.7700,16640,1157,14599,10762,19084,13,13971,2710,16154,10906,9755,15003,21281,5409,23841,11557,10791,15145,18736,16056,22457,19645,8768,6337,1217,2115,3651,4550,23110,6859,14924,18008,8177,13276,16741,13801,2287,23665,13682,3839
40,303.7000,16640,1157,14599,10762,19084,13,13971,2710,10906,16154,9755,15003,21281,5409,21289,11557,10791,15145,18736,16056,22457,19645,8768,6337,1217,2115,3651,4550,23110,6859,14924,18008,13276,16741,13801,2287,8177,23665,13682,3839
40,303.5300,16640,1157,14599,10762,19084,13,13971,2710,16154,10906,9755,15003,21281,5409,23841,11557,10791,15145,18736,16056,22457,19645,8768,6337,1217,2115,3651,4550,23110,6859,14924,18008,8177,13276,16741,13801,2287,23665,13682,3839
40,303.4200,16640,1157,14599,10762,19084,13,13971,2710,16154,10906,9755,15003,21281,5409,23841,11557,10791,15145,18736,16056,22457,19645,8768,6337,1217,2115,3651,4550,23110,6859,14924,18008,8177,13276,16741,13801,2287,23665,13682,3839
40,303.3800,16640,1157,14599,10762,19084,13,13971,2710,16154,10906,9755,15003,21281,5409,23841,11557,10791,15145,18736,16056,22457,19645,8768,6337,1217,2115,3651,4550,23110,6859,14924,18008,8177,13276,16741,13801,2287,23665,13682,3839
40,303.2400,16640,1157,14599,10762,19084,13,13971,2710,16154,10906,9755,15003,21281,5409,23841,11557,10791,15145,18736,16056,22457,19645,8768,6337,1217,2115,3651,4550,23110,6859,14924,18008,8177,13276,16741,13801,2287,23665,13682,3839
40,303.1400,16640,1157,14599,10762,19084,13,13971,2710,16154,10906,9755,15003,21281,5409,23841,11557,10791,15145,18736,16056,22457,19645,8768,6337,1217,2115,3651,4550,23110,6859,14924,18008,8177,13276,16741,13801,2287,23665,13682,3839
40,302.8000,16640,1157,14599,10762,19084,13,13971,2710,16154,10906,9755,15003,21281,5409,23841,11557,10791,15145,18736,16056,22457,19645,8768,6337,1217,2115,3651,4550,23110,6859,14924,18008,8177,13276,16741,13801,2287,23665,13682,3839
40,302.5800,16640,1157,14599,10762,19084,13,13971,2710,16154,10906,9755,15003,21281,5409,23841,11557,10791,15145,18736,16056,22457,19645,8768,6337,1217,2115,3651,4550,23110,6859,14924,18008,8177,13276,16741,13801,2287,23665,13682,3839
40,302.5600,16640,1157,14599,10762,19084,13,13971,2710,16154,10906,9755,15003,21281,5409,23841,11557,10791,15145,18736,16056,22457,19645,8768,6337,1217,2115,3651,4550,23110,6859,14924,18008,8177,13276,16741,13801,2287,23665,13682,3839
40,302.5100,16640,1157,14599,10762,19084,13,13971,2710,16154,10906,9755,15003,21281,5409,23841,11557,10791,15145,18736,16056,22457,19645,8768,6337,1217,2115,3651,4550,23110,6859,14924,18008,8177,13276,16741,13801,2287,23665,13682,3839
40,302.4600,16640,1157,14599,10762,19084,13,13971,2710,16154,10906,9755,15003,21281,5409,23841,11557,10791,15145,18736,16056,22457,19645,8768,6337,1217,2115,3651,4550,23110,6859,14924,18008,8177,13276,16741,13801,2287,23665,13682,3839
40,302.4100,16640,1157,14599,10762,19084,13,13971,2710,16154,10906,9755,15003,21281,5409,23841,11557,10791,15145,18736,16056,22457,19645,8768,6337,1217,2115,3651,4550,23110,6859,14924,18008,8177,13276,16741,13801,2287,23665,13682,3839
40,302.0900,16640,1157,14599,10762,19084,13,13971,2710,10906,16154,9755,15003,21281,5409,23841,11557,10791,15145,18736,16056,22457,19645,8768,6337,1217,2115,3651,4550,23110,6859,14924,18008,13276,16741,13801,2287,8177,23665,1989,3839
40,302.0500,16640,1157,14599,10762,19084,13,13971,2710,16154,10906,9755,15003,21281,5409,23841,11557,10791,15145,18736,16056,22457,19645,8768,6337,1217,2115,3651,4550,23110,6859,14924,18008,8177,13276,16741,13801,2287,23665,13682,3839
