generation number, pop_size, worst, best, median, avg, std, diversity, improvement, number_of_selections
0, 10, 4.8, 25.08, 9.719999999999999, 12.242999999999999, 6.262280814527562,0.9851851851851852,0,[1.e-300]
1, 10, 11.87, 25.08, 21.6, 19.403, 4.889901941757114,0.8074074074074074,0.0,[10.]
2, 10, 8.91, 25.08, 17.049999999999997, 16.910999999999998, 5.760667409250424,0.7851851851851852,0.0,[20.]
3, 10, 9.81, 25.08, 20.655, 18.904000000000003, 5.222819545035037,0.7851851851851852,0.0,[30.]
4, 10, 13.23, 25.08, 21.275, 20.356999999999996, 4.190503669011638,0.7111111111111111,0.0,[40.]
5, 10, 9.63, 26.44, 19.765, 18.891, 6.380348658184754,0.8,0.054226475279106984,[50.]
6, 10, 14.2, 26.44, 22.685000000000002, 22.279, 3.6449621397210703,0.6666666666666667,0.0,[60.]
7, 10, 11.16, 27.64, 23.03, 21.136, 5.681192128418119,0.762962962962963,0.045385779122541575,[70.]
8, 10, 13.31, 27.64, 22.875, 21.419999999999998, 4.923403294470198,0.7111111111111111,0.0,[80.]
9, 10, 10.24, 27.64, 16.755000000000003, 18.932000000000002, 5.509500521825912,0.7111111111111111,0.0,[90.]
10, 10, 22.71, 27.64, 24.625, 24.687000000000005, 1.4722299412795545,0.5925925925925926,0.0,[100.]
