generation number, individual number, fitness, candidate
0, 0, 3.1, [1652, 1328, 788]
0, 1, 3.08, [1146, 1351, 1350]
0, 2, 3.08, [1425, 1417, 1827]
0, 3, 3.06, [1425, 775, 1328]
0, 4, 3.05, [1025, 1040, 1224]
0, 5, 3.05, [320, 1480, 717]
0, 6, 3.04, [1224, 831, 1430]
0, 7, 3.02, [1437, 1417, 2171]
0, 8, 3.01, [1767, 1078, 1059]
0, 9, 3.0, [1028, 5684, 1279]
1, 0, 3.15, [1107, 1509, 788]
1, 1, 3.1, [1652, 1328, 788]
1, 2, 3.08, [1146, 1351, 1350]
1, 3, 3.07, [1425, 1351, 1226]
1, 4, 3.07, [1107, 1480, 697]
1, 5, 3.05, [1107, 775, 788]
1, 6, 3.04, [1107, 1328, 788]
1, 7, 3.04, [320, 1059, 1332]
1, 8, 3.03, [1020, 1497, 1068]
1, 9, 3.01, [1040, 1028, 1141]
2, 0, 3.15, [1107, 1509, 788]
2, 1, 3.13, [1225, 1509, 1350]
2, 2, 3.11, [1107, 1509, 1020]
2, 3, 3.1, [1652, 1328, 788]
2, 4, 3.07, [1425, 1287, 788]
2, 5, 3.05, [1652, 1401, 1226]
2, 6, 3.04, [1328, 1230, 788]
2, 7, 3.04, [1146, 1351, 697]
2, 8, 3.04, [1652, 2377, 788]
2, 9, 3.03, [1223, 1020, 1351]
3, 0, 3.24, [1652, 1509, 697]
3, 1, 3.18, [1107, 1509, 1328]
3, 2, 3.18, [1107, 1509, 1611]
3, 3, 3.17, [1107, 1509, 1279]
3, 4, 3.16, [1225, 1509, 697]
3, 5, 3.15, [1107, 1509, 788]
3, 6, 3.13, [1225, 1509, 1350]
3, 7, 3.03, [1247, 2989, 1141]
3, 8, 3.03, [1225, 1401, 1020]
3, 9, 3.03, [1107, 1767, 1350]
4, 0, 3.24, [1652, 1509, 697]
4, 1, 3.18, [1107, 1509, 1328]
4, 2, 3.17, [1368, 1509, 1141]
4, 3, 3.16, [1652, 1509, 1090]
4, 4, 3.13, [1107, 1509, 1611]
4, 5, 3.13, [1652, 1509, 1028]
4, 6, 3.06, [1328, 1091, 1141]
4, 7, 3.04, [1652, 140, 697]
4, 8, 3.03, [1107, 1078, 697]
4, 9, 3.02, [1652, 1201, 1224]
5, 0, 3.24, [1652, 1509, 697]
5, 1, 3.23, [1107, 1509, 2171]
5, 2, 3.21, [1368, 1509, 1279]
5, 3, 3.18, [1332, 1509, 1328]
5, 4, 3.18, [1107, 1509, 1328]
5, 5, 3.09, [1107, 1509, 1028]
5, 6, 3.07, [1226, 576, 1328]
5, 7, 3.05, [2171, 1287, 1247]
5, 8, 3.04, [1107, 2377, 1141]
5, 9, 3.04, [1107, 1078, 1611]
6, 0, 3.24, [1652, 1509, 697]
6, 1, 3.23, [1107, 1509, 2171]
6, 2, 3.2, [1141, 1509, 1279]
6, 3, 3.17, [1107, 1509, 697]
6, 4, 3.16, [1368, 1509, 1028]
6, 5, 3.14, [1652, 1509, 1040]
6, 6, 3.13, [1368, 1509, 1028]
6, 7, 3.13, [1107, 1509, 1028]
6, 8, 3.12, [1652, 1509, 788]
6, 9, 3.11, [1332, 1091, 320]
7, 0, 3.24, [1652, 1509, 697]
7, 1, 3.23, [1107, 1509, 2171]
7, 2, 3.2, [1190, 1509, 1040]
7, 3, 3.17, [1652, 1509, 1028]
7, 4, 3.08, [788, 2320, 1328]
7, 5, 3.05, [1652, 1091, 1107]
7, 6, 3.03, [1906, 1146, 697]
7, 7, 3.02, [1652, 1230, 697]
7, 8, 3.01, [1437, 1230, 697]
7, 9, 3.0, [1059, 1064, 697]
8, 0, 3.24, [1652, 1509, 697]
8, 1, 3.23, [1107, 1509, 1059]
8, 2, 3.23, [1107, 1509, 2171]
8, 3, 3.17, [1417, 1509, 1190]
8, 4, 3.15, [1107, 1509, 1028]
8, 5, 3.15, [1190, 1509, 1224]
8, 6, 3.09, [1332, 1351, 1040]
8, 7, 3.04, [1107, 1425, 1040]
8, 8, 3.03, [140, 1403, 2171]
8, 9, 3.03, [1652, 1401, 2171]
9, 0, 3.24, [1652, 1509, 697]
9, 1, 3.23, [1107, 1509, 1059]
9, 2, 3.17, [905, 1509, 1437]
9, 3, 3.13, [1417, 1509, 1028]
9, 4, 3.04, [1020, 2989, 1091]
9, 5, 3.04, [1652, 645, 1190]
9, 6, 3.01, [1107, 697, 1652]
9, 7, 3.0, [1107, 1580, 5684]
9, 8, 3.0, [1107, 3124, 1767]
9, 9, 3.0, [831, 1223, 697]
10, 0, 3.24, [1652, 1509, 697]
10, 1, 3.23, [1107, 1509, 1059]
10, 2, 3.18, [1652, 1509, 2989]
10, 3, 3.17, [1827, 1509, 1442]
10, 4, 3.16, [1223, 1509, 1059]
10, 5, 3.16, [1107, 1509, 421]
10, 6, 3.13, [1695, 1509, 697]
10, 7, 3.03, [1652, 140, 1059]
10, 8, 3.03, [1107, 1351, 697]
10, 9, 3.02, [1107, 1078, 1064]
11, 0, 3.26, [1652, 1509, 1091]
11, 1, 3.24, [1652, 1509, 697]
11, 2, 3.23, [1107, 1509, 1059]
11, 3, 3.22, [697, 1509, 1417]
11, 4, 3.21, [1107, 1509, 697]
11, 5, 3.2, [1107, 1509, 2989]
11, 6, 3.2, [1652, 1509, 697]
11, 7, 3.16, [1107, 1509, 1401]
11, 8, 3.07, [576, 2377, 1287]
11, 9, 3.06, [1107, 1425, 697]
12, 0, 3.26, [1652, 1509, 1091]
12, 1, 3.24, [1652, 1509, 697]
12, 2, 3.22, [5684, 1509, 1059]
12, 3, 3.2, [1652, 1509, 1425]
12, 4, 3.16, [1480, 1509, 1059]
12, 5, 3.11, [1107, 1509, 1078]
12, 6, 3.07, [1107, 1401, 697]
12, 7, 3.06, [1652, 1425, 1059]
12, 8, 3.06, [1107, 1403, 1091]
12, 9, 3.06, [1107, 1401, 1091]
13, 0, 3.26, [1652, 1509, 1091]
13, 1, 3.25, [695, 1509, 1025]
13, 2, 3.24, [1652, 1509, 697]
13, 3, 3.23, [5684, 1509, 1078]
13, 4, 3.23, [421, 1509, 1091]
13, 5, 3.22, [1107, 1509, 1059]
13, 6, 3.2, [645, 1509, 1351]
13, 7, 3.06, [1652, 5684, 775]
13, 8, 3.03, [5684, 1351, 697]
13, 9, 3.02, [1652, 585, 5684]
14, 0, 3.26, [1652, 1509, 1091]
14, 1, 3.25, [695, 1509, 1025]
14, 2, 3.2, [140, 1509, 1091]
14, 3, 3.17, [1407, 1509, 1025]
14, 4, 3.12, [1224, 1417, 1442]
14, 5, 3.11, [1652, 1509, 1311]
14, 6, 3.1, [1332, 1509, 1378]
14, 7, 3.09, [1652, 1091, 1025]
14, 8, 3.07, [831, 1424, 1091]
14, 9, 3.04, [1351, 576, 1695]
15, 0, 3.26, [1652, 1509, 1091]
15, 1, 3.25, [140, 1509, 1091]
15, 2, 3.25, [695, 1509, 1025]
15, 3, 3.22, [695, 1509, 1078]
15, 4, 3.17, [1652, 1509, 1028]
15, 5, 3.16, [1107, 1509, 1025]
15, 6, 3.14, [695, 1509, 1247]
15, 7, 3.13, [695, 1425, 1091]
15, 8, 3.12, [1059, 1509, 1141]
15, 9, 3.09, [140, 1401, 717]
16, 0, 3.26, [1652, 1509, 1091]
16, 1, 3.25, [140, 1509, 1091]
16, 2, 3.21, [140, 1509, 1091]
16, 3, 3.16, [140, 1509, 1068]
16, 4, 3.16, [2171, 1509, 1025]
16, 5, 3.07, [576, 1230, 1091]
16, 6, 3.06, [695, 2377, 1091]
16, 7, 3.05, [1107, 1059, 1091]
16, 8, 3.03, [1279, 1437, 1247]
16, 9, 3.03, [1497, 2332, 1091]
17, 0, 3.26, [1652, 1509, 1091]
17, 1, 3.25, [576, 1091, 1509]
17, 2, 3.25, [140, 1509, 1091]
17, 3, 3.13, [1059, 1509, 1091]
17, 4, 3.07, [1652, 717, 1091]
17, 5, 3.06, [2171, 1201, 1091]
17, 6, 3.04, [140, 2171, 1311]
17, 7, 3.03, [140, 1201, 1068]
17, 8, 3.03, [140, 1401, 1311]
17, 9, 3.03, [140, 1351, 2989]
18, 0, 3.26, [1652, 1509, 1091]
18, 1, 3.25, [576, 1091, 1509]
18, 2, 3.2, [2171, 585, 1509]
18, 3, 3.2, [1107, 1509, 1091]
18, 4, 3.14, [1078, 1509, 1091]
18, 5, 3.08, [1695, 1091, 1407]
18, 6, 3.07, [1141, 787, 1091]
18, 7, 3.05, [576, 1020, 1497]
18, 8, 3.05, [140, 1025, 1091]
18, 9, 3.03, [1279, 1068, 1091]
19, 0, 3.26, [1652, 1509, 1091]
19, 1, 3.25, [576, 1091, 1509]
19, 2, 3.16, [645, 1091, 1509]
19, 3, 3.16, [1652, 1509, 3124]
19, 4, 3.08, [5684, 1518, 1091]
19, 5, 3.08, [1025, 975, 1091]
19, 6, 3.08, [1146, 1480, 1442]
19, 7, 3.08, [2171, 1091, 1695]
19, 8, 3.06, [2171, 1091, 2377]
19, 9, 3.05, [1225, 831, 1350]
20, 0, 3.26, [1652, 1509, 1091]
20, 1, 3.25, [576, 1091, 1509]
20, 2, 3.17, [1652, 1509, 1146]
20, 3, 3.07, [1168, 1332, 3124]
20, 4, 3.06, [1279, 1351, 1091]
20, 5, 3.06, [5684, 1091, 1146]
20, 6, 3.04, [1279, 1328, 1368]
20, 7, 3.04, [1091, 2171, 975]
20, 8, 3.04, [1652, 1279, 1480]
20, 9, 3.03, [1652, 1425, 2320]
21, 0, 3.26, [1652, 1509, 1091]
21, 1, 3.25, [576, 1091, 1509]
21, 2, 3.18, [1078, 1509, 1287]
21, 3, 3.17, [1107, 1509, 1091]
21, 4, 3.13, [1107, 1509, 140]
21, 5, 3.1, [1652, 1509, 1437]
21, 6, 3.07, [1652, 1141, 1091]
21, 7, 3.03, [1652, 2320, 1437]
21, 8, 3.03, [576, 1311, 3124]
21, 9, 3.03, [1168, 1332, 1990]
22, 0, 3.26, [1652, 1509, 1091]
22, 1, 3.25, [576, 1091, 1509]
22, 2, 3.19, [1107, 1509, 1430]
22, 3, 3.17, [2171, 1287, 1509]
22, 4, 3.16, [1078, 1509, 1028]
22, 5, 3.15, [1107, 1509, 140]
22, 6, 3.14, [1078, 1509, 2320]
22, 7, 3.13, [576, 717, 1509]
22, 8, 3.13, [1652, 1509, 1212]
22, 9, 3.12, [1224, 1509, 1091]
23, 0, 3.26, [1652, 1509, 1091]
23, 1, 3.25, [576, 1091, 1509]
23, 2, 3.23, [1480, 1287, 1509]
23, 3, 3.2, [1652, 1509, 1417]
23, 4, 3.2, [1107, 1509, 1430]
23, 5, 3.19, [905, 1091, 1509]
23, 6, 3.15, [2171, 1767, 1509]
23, 7, 3.07, [1107, 1350, 1091]
23, 8, 3.06, [1107, 1091, 1040]
23, 9, 3.05, [576, 1430, 1695]
24, 0, 3.26, [1652, 1509, 1091]
24, 1, 3.25, [576, 1091, 1509]
24, 2, 3.21, [1480, 717, 1509]
24, 3, 3.2, [1107, 1497, 1509]
24, 4, 3.18, [1652, 1509, 1311]
24, 5, 3.17, [1480, 1078, 1509]
24, 6, 3.17, [717, 831, 1509]
24, 7, 3.14, [717, 1509, 1287]
24, 8, 3.04, [576, 2989, 1107]
24, 9, 3.03, [1695, 1279, 1091]
25, 0, 3.26, [1652, 1509, 1091]
25, 1, 3.25, [576, 1091, 1509]
25, 2, 3.19, [1509, 1332, 1311]
25, 3, 3.17, [1279, 1509, 1497]
25, 4, 3.16, [1652, 1509, 1430]
25, 5, 3.15, [1107, 2989, 1509]
25, 6, 3.13, [1652, 1509, 1078]
25, 7, 3.07, [787, 717, 1350]
25, 8, 3.07, [2320, 1351, 1442]
25, 9, 3.05, [1225, 1091, 3124]
26, 0, 3.26, [1652, 1509, 1091]
26, 1, 3.25, [576, 1091, 1509]
26, 2, 3.24, [1107, 1442, 1509]
26, 3, 3.19, [1652, 1509, 697]
26, 4, 3.17, [1652, 1509, 1141]
26, 5, 3.15, [1509, 1715, 1091]
26, 6, 3.1, [571, 1424, 1509]
26, 7, 3.09, [1695, 1509, 3124]
26, 8, 3.08, [1107, 1509, 2989]
26, 9, 3.06, [2332, 1332, 1091]
27, 0, 3.26, [1652, 1509, 1091]
27, 1, 3.25, [1652, 1509, 1064]
27, 2, 3.25, [576, 1091, 1509]
27, 3, 3.23, [576, 1430, 1509]
27, 4, 3.18, [1059, 1509, 1141]
27, 5, 3.12, [1652, 1509, 1028]
27, 6, 3.09, [775, 1078, 1091]
27, 7, 3.05, [1652, 1091, 1141]
27, 8, 3.04, [1107, 1223, 1091]
27, 9, 3.02, [1652, 1417, 1064]
28, 0, 3.26, [1652, 1509, 1091]
28, 1, 3.25, [1652, 1509, 1064]
28, 2, 3.19, [1350, 1146, 1509]
28, 3, 3.17, [1652, 1509, 1442]
28, 4, 3.16, [697, 1223, 1509]
28, 5, 3.08, [314, 1091, 1328]
28, 6, 3.04, [576, 1064, 1224]
28, 7, 3.03, [1652, 1401, 1442]
28, 8, 3.03, [787, 1480, 1190]
28, 9, 3.02, [1064, 1025, 3124]
29, 0, 3.26, [1652, 1509, 1091]
29, 1, 3.25, [1652, 1509, 1064]
29, 2, 3.17, [1652, 1509, 1020]
29, 3, 3.16, [1350, 1091, 1990]
29, 4, 3.15, [1224, 1442, 1509]
29, 5, 3.14, [1430, 1509, 1107]
29, 6, 3.12, [1580, 1509, 831]
29, 7, 3.09, [1652, 1509, 1437]
29, 8, 3.08, [1652, 1509, 1311]
29, 9, 3.05, [1224, 1287, 320]
30, 0, 3.26, [1652, 1509, 1091]
30, 1, 3.25, [1652, 1509, 1064]
30, 2, 3.23, [1350, 1509, 1279]
30, 3, 3.22, [1652, 1509, 576]
30, 4, 3.19, [1025, 1509, 1091]
30, 5, 3.18, [1107, 1509, 1091]
30, 6, 3.13, [1225, 1509, 1287]
30, 7, 3.06, [1224, 1064, 1990]
30, 8, 3.02, [1652, 1040, 1224]
30, 9, 3.01, [1652, 1168, 1497]
31, 0, 3.28, [717, 1509, 1091]
31, 1, 3.26, [1652, 1509, 1091]
31, 2, 3.25, [1652, 1509, 1064]
31, 3, 3.1, [1107, 1509, 1201]
31, 4, 3.08, [2320, 1480, 1091]
31, 5, 3.07, [1368, 1328, 1350]
31, 6, 3.06, [1480, 1378, 1351]
31, 7, 3.05, [1497, 1401, 975]
31, 8, 3.04, [1368, 1480, 1279]
31, 9, 3.03, [1652, 1190, 1064]
32, 0, 3.28, [717, 1509, 1091]
32, 1, 3.26, [1652, 1509, 1091]
32, 2, 3.2, [1107, 1509, 1091]
32, 3, 3.17, [1378, 1509, 1064]
32, 4, 3.16, [576, 1509, 1141]
32, 5, 3.13, [717, 1509, 1827]
32, 6, 3.12, [1107, 1509, 1078]
32, 7, 3.08, [717, 1350, 1827]
32, 8, 3.05, [2171, 2989, 1091]
32, 9, 3.05, [1424, 1201, 576]
33, 0, 3.28, [717, 1509, 1091]
33, 1, 3.26, [1652, 1509, 1091]
33, 2, 3.1, [717, 1224, 1091]
33, 3, 3.08, [1480, 5684, 1091]
33, 4, 3.08, [717, 1350, 1091]
33, 5, 3.08, [1107, 1425, 1091]
33, 6, 3.07, [1247, 1332, 1652]
33, 7, 3.04, [1652, 1141, 2171]
33, 8, 3.03, [1107, 645, 1091]
33, 9, 3.03, [1224, 2989, 421]
34, 0, 3.28, [717, 1509, 1091]
34, 1, 3.26, [1652, 1509, 1091]
34, 2, 3.19, [717, 1509, 1350]
34, 3, 3.17, [717, 1509, 1078]
34, 4, 3.16, [1107, 1509, 1442]
34, 5, 3.15, [1107, 1509, 717]
34, 6, 3.13, [1378, 1425, 1091]
34, 7, 3.04, [717, 1146, 1091]
34, 8, 3.04, [788, 5684, 1091]
34, 9, 3.04, [717, 1425, 1020]
35, 0, 3.28, [717, 1509, 1091]
35, 1, 3.26, [975, 1509, 787]
35, 2, 3.26, [1332, 1509, 1351]
35, 3, 3.26, [1652, 1509, 1091]
35, 4, 3.21, [1328, 1509, 1091]
35, 5, 3.17, [1378, 1509, 1091]
35, 6, 3.09, [717, 1695, 1091]
35, 7, 3.07, [717, 576, 1146]
35, 8, 3.05, [717, 2989, 1332]
35, 9, 3.03, [1059, 1287, 1430]
36, 0, 3.28, [717, 1509, 1091]
36, 1, 3.26, [975, 1509, 787]
36, 2, 3.16, [1020, 1509, 1350]
36, 3, 3.16, [3124, 1509, 905]
36, 4, 3.14, [717, 1509, 1223]
36, 5, 3.07, [975, 1224, 1091]
36, 6, 3.05, [1430, 905, 1091]
36, 7, 3.05, [1141, 1401, 1078]
36, 8, 3.04, [717, 1350, 787]
36, 9, 3.04, [1652, 2332, 1091]
37, 0, 3.31, [1332, 1509, 1827]
37, 1, 3.28, [717, 1509, 1091]
37, 2, 3.26, [975, 1509, 787]
37, 3, 3.22, [717, 1509, 421]
37, 4, 3.21, [1190, 1509, 1091]
37, 5, 3.2, [1378, 1509, 787]
37, 6, 3.19, [787, 1509, 1091]
37, 7, 3.12, [831, 1509, 787]
37, 8, 3.11, [3124, 1509, 1430]
37, 9, 3.07, [1437, 1509, 717]
38, 0, 3.31, [1332, 1509, 1827]
38, 1, 3.28, [717, 1509, 1091]
38, 2, 3.27, [1287, 1509, 787]
38, 3, 3.18, [1224, 1509, 585]
38, 4, 3.15, [975, 1509, 1279]
38, 5, 3.15, [1332, 1509, 1430]
38, 6, 3.15, [970, 1509, 1351]
38, 7, 3.14, [1378, 1509, 1827]
38, 8, 3.13, [1368, 1509, 1827]
38, 9, 3.03, [1332, 775, 5684]
39, 0, 3.31, [1332, 1509, 1827]
39, 1, 3.28, [717, 1509, 1091]
39, 2, 3.22, [1332, 1509, 3124]
39, 3, 3.21, [1224, 1509, 905]
39, 4, 3.2, [717, 1509, 3124]
39, 5, 3.18, [717, 1509, 905]
39, 6, 3.16, [1157, 1509, 585]
39, 7, 3.14, [1224, 1509, 1078]
39, 8, 3.1, [1332, 1990, 1091]
39, 9, 3.08, [1332, 1695, 1091]
40, 0, 3.31, [1332, 1509, 1827]
40, 1, 3.28, [717, 1509, 1091]
40, 2, 3.19, [1230, 1509, 1091]
40, 3, 3.18, [1230, 1509, 1827]
40, 4, 3.17, [2171, 1509, 905]
40, 5, 3.16, [1378, 1509, 1827]
40, 6, 3.11, [1332, 1425, 905]
40, 7, 3.05, [1224, 1332, 1827]
40, 8, 3.04, [1332, 697, 1827]
40, 9, 3.02, [5684, 1437, 1401]
41, 0, 3.31, [1332, 1509, 1827]
41, 1, 3.29, [1332, 1509, 1430]
41, 2, 3.28, [717, 1509, 1091]
41, 3, 3.26, [1332, 1509, 1827]
41, 4, 3.23, [1157, 1509, 1091]
41, 5, 3.21, [1230, 1509, 1351]
41, 6, 3.15, [1332, 1509, 1311]
41, 7, 3.14, [1332, 1509, 905]
41, 8, 3.13, [1378, 1509, 1827]
41, 9, 3.09, [717, 1509, 1107]
42, 0, 3.31, [1332, 1509, 1827]
42, 1, 3.29, [1332, 1509, 1430]
42, 2, 3.21, [1332, 1509, 905]
42, 3, 3.17, [1332, 1509, 1497]
42, 4, 3.09, [1332, 576, 1827]
42, 5, 3.08, [1332, 5684, 1437]
42, 6, 3.07, [717, 1224, 1430]
42, 7, 3.06, [1332, 1368, 1025]
42, 8, 3.05, [1332, 788, 421]
42, 9, 3.04, [1059, 1091, 1190]
43, 0, 3.31, [1332, 1509, 1827]
43, 1, 3.29, [1332, 1509, 1430]
43, 2, 3.22, [1497, 1509, 1827]
43, 3, 3.21, [1332, 1509, 905]
43, 4, 3.17, [1190, 1509, 905]
43, 5, 3.11, [1230, 1509, 1430]
43, 6, 3.04, [1332, 1311, 1767]
43, 7, 3.03, [2320, 140, 1827]
43, 8, 3.03, [1332, 1437, 905]
43, 9, 3.03, [1328, 1020, 1827]
44, 0, 3.31, [1332, 1509, 1827]
44, 1, 3.29, [1332, 1509, 1430]
44, 2, 3.28, [1059, 1509, 1350]
44, 3, 3.19, [1497, 1509, 905]
44, 4, 3.16, [1767, 1509, 1480]
44, 5, 3.11, [1332, 1141, 1351]
44, 6, 3.08, [1332, 775, 1025]
44, 7, 3.04, [1247, 421, 1059]
44, 8, 3.02, [1223, 1028, 1430]
44, 9, 3.02, [1437, 1287, 1430]
45, 0, 3.31, [1332, 1509, 1827]
45, 1, 3.29, [1332, 1509, 1430]
45, 2, 3.21, [1715, 1509, 1827]
45, 3, 3.16, [1332, 1509, 1025]
45, 4, 3.14, [775, 1509, 1332]
45, 5, 3.13, [1157, 1509, 1430]
45, 6, 3.11, [1059, 1509, 1190]
45, 7, 3.06, [1368, 1350, 1827]
45, 8, 3.05, [1141, 1401, 1430]
45, 9, 3.04, [695, 576, 1767]
46, 0, 3.31, [1332, 1509, 1827]
46, 1, 3.29, [1332, 1509, 1430]
46, 2, 3.26, [1332, 1509, 905]
46, 3, 3.18, [1328, 1509, 905]
46, 4, 3.16, [1332, 1509, 1025]
46, 5, 3.1, [787, 1509, 1068]
46, 6, 3.1, [1332, 788, 905]
46, 7, 3.07, [1332, 3124, 905]
46, 8, 3.07, [1350, 1480, 1201]
46, 9, 3.02, [1715, 975, 1107]
47, 0, 3.31, [1332, 1509, 1827]
47, 1, 3.29, [1332, 1509, 1430]
47, 2, 3.22, [1332, 1509, 905]
47, 3, 3.18, [1328, 1509, 1827]
47, 4, 3.16, [1107, 1509, 1351]
47, 5, 3.15, [1332, 1509, 905]
47, 6, 3.12, [775, 1509, 645]
47, 7, 3.04, [1332, 1417, 905]
47, 8, 3.03, [1328, 1224, 1430]
47, 9, 3.03, [2320, 585, 1328]
48, 0, 3.31, [1332, 1509, 1827]
48, 1, 3.29, [1332, 1509, 1430]
48, 2, 3.17, [697, 1509, 1827]
48, 3, 3.11, [1767, 1509, 1025]
48, 4, 3.09, [1332, 1223, 1025]
48, 5, 3.08, [1332, 697, 1190]
48, 6, 3.07, [576, 1107, 905]
48, 7, 3.06, [1328, 1224, 905]
48, 8, 3.04, [1332, 1201, 1430]
48, 9, 3.03, [775, 2377, 140]
49, 0, 3.33, [1028, 1509, 1332]
49, 1, 3.31, [1332, 1509, 1827]
49, 2, 3.29, [1332, 1509, 1430]
49, 3, 3.27, [1230, 1509, 1425]
49, 4, 3.17, [645, 1509, 1224]
49, 5, 3.15, [1146, 1509, 1827]
49, 6, 3.15, [1146, 1509, 1025]
49, 7, 3.15, [1425, 1509, 787]
49, 8, 3.07, [787, 1223, 905]
49, 9, 3.06, [1332, 1351, 1827]
50, 0, 3.33, [1028, 1509, 1332]
50, 1, 3.31, [1332, 1509, 1827]
50, 2, 3.24, [320, 1509, 1225]
50, 3, 3.18, [645, 1509, 1157]
50, 4, 3.16, [1091, 1509, 1430]
50, 5, 3.16, [1020, 1509, 1224]
50, 6, 3.15, [1715, 1509, 1328]
50, 7, 3.11, [1201, 1509, 1715]
50, 8, 3.04, [1028, 1827, 571]
50, 9, 3.03, [1028, 1518, 576]
