num_genrations,diversity,improvement,best_fitness
0,1.0,0,34.82
1,0.9205645161290322,0.0017231476163125294,34.88
2,0.7943548387096775,0.004300458715596289,35.03
3,0.6932459677419356,0.0,35.03
4,0.5410282258064516,0.0022837567799028915,35.11
5,0.4135080645161291,-0.0019937339789233917,35.04
6,0.14848790322580652,0.004566210045662206,35.2
7,0.0248991935483871,0.0019886363636363717,35.27
8,0.008770161290322487,0.0,35.27
9,0.011290322580645107,0.0073717039977317265,35.53
10,0.022479838709677402,0.0,35.53
