generation number, individual number, fitness, candidate
0, 0, 15.96, [616, 295]
0, 1, 12.27, [2512, 103]
0, 2, 10.52, [279, 2530]
0, 3, 7.04, [1095, 2770]
0, 4, 6.95, [265, 1086]
0, 5, 6.21, [2527, 2764]
0, 6, 5.2, [622, 285]
0, 7, 4.54, [3334, 2596]
0, 8, 4.34, [303, 275]
0, 9, 2.8, [2762, 2532]
1, 0, 16.13, [343, 295]
1, 1, 15.96, [616, 295]
1, 2, 14.4, [1095, 269]
1, 3, 12.27, [2512, 103]
1, 4, 9.71, [2512, 159]
1, 5, 8.97, [283, 103]
1, 6, 7.46, [616, 300]
1, 7, 6.83, [2711, 2950]
1, 8, 6.48, [2515, 2770]
1, 9, 6.29, [2512, 316]
2, 0, 17.64, [303, 295]
2, 1, 16.13, [343, 295]
2, 2, 15.96, [616, 295]
2, 3, 13.91, [277, 2593]
2, 4, 8.26, [260, 3155]
2, 5, 7.46, [876, 250]
2, 6, 5.13, [261, 2525]
2, 7, 5.0, [1095, 316]
2, 8, 4.42, [343, 288]
2, 9, 4.02, [616, 285]
3, 0, 22.44, [277, 295]
3, 1, 21.19, [1811, 295]
3, 2, 17.64, [303, 295]
3, 3, 16.13, [343, 295]
3, 4, 16.08, [273, 295]
3, 5, 9.57, [2530, 1811]
3, 6, 6.87, [297, 222]
3, 7, 5.0, [149, 1095]
3, 8, 5.0, [149, 220]
3, 9, 3.98, [616, 2530]
4, 0, 22.44, [277, 295]
4, 1, 21.19, [1811, 295]
4, 2, 13.35, [277, 263]
4, 3, 10.25, [297, 277]
4, 4, 9.27, [874, 2711]
4, 5, 9.04, [1811, 260]
4, 6, 9.01, [273, 277]
4, 7, 8.85, [220, 274]
4, 8, 7.92, [220, 2950]
4, 9, 7.87, [2712, 2597]
5, 0, 22.44, [277, 295]
5, 1, 21.19, [1811, 295]
5, 2, 13.18, [256, 277]
5, 3, 13.06, [277, 876]
5, 4, 12.43, [77, 2711]
5, 5, 11.56, [1811, 2513]
5, 6, 7.57, [874, 283]
5, 7, 6.57, [2525, 2593]
5, 8, 6.0, [220, 2532]
5, 9, 5.93, [81, 296]
6, 0, 22.44, [277, 295]
6, 1, 21.19, [1811, 295]
6, 2, 17.62, [295, 296]
6, 3, 13.35, [277, 3135]
6, 4, 12.04, [277, 3334]
6, 5, 11.31, [77, 2712]
6, 6, 10.88, [1811, 2595]
6, 7, 10.76, [277, 76]
6, 8, 8.0, [1095, 209]
6, 9, 6.88, [226, 2515]
7, 0, 22.44, [277, 295]
7, 1, 21.19, [1811, 295]
7, 2, 19.24, [226, 295]
7, 3, 17.25, [297, 295]
7, 4, 6.66, [2514, 191]
7, 5, 5.67, [2950, 278]
7, 6, 5.41, [301, 2515]
7, 7, 5.05, [226, 219]
7, 8, 4.82, [191, 3135]
7, 9, 4.72, [2527, 335]
8, 0, 22.44, [277, 295]
8, 1, 21.19, [1811, 295]
8, 2, 20.94, [300, 295]
8, 3, 19.07, [2593, 295]
8, 4, 15.88, [2527, 295]
8, 5, 11.26, [277, 316]
8, 6, 9.78, [1811, 154]
8, 7, 8.16, [303, 220]
8, 8, 6.87, [3334, 103]
8, 9, 6.11, [622, 2950]
9, 0, 22.44, [277, 295]
9, 1, 21.19, [1811, 295]
9, 2, 18.12, [261, 295]
9, 3, 15.85, [264, 295]
9, 4, 14.2, [269, 159]
9, 5, 11.54, [1811, 2513]
9, 6, 10.68, [1811, 250]
9, 7, 9.24, [103, 274]
9, 8, 9.0, [209, 98]
9, 9, 7.18, [1811, 3135]
10, 0, 22.44, [277, 295]
10, 1, 21.54, [279, 295]
10, 2, 21.19, [1811, 295]
10, 3, 17.52, [295, 622]
10, 4, 15.92, [2514, 295]
10, 5, 15.83, [273, 295]
10, 6, 13.61, [2599, 269]
10, 7, 13.37, [261, 277]
10, 8, 12.49, [269, 4849]
10, 9, 6.16, [291, 2593]
11, 0, 22.44, [277, 295]
11, 1, 21.54, [279, 295]
11, 2, 20.75, [300, 295]
11, 3, 19.9, [295, 615]
11, 4, 12.37, [300, 2512]
11, 5, 10.26, [380, 103]
11, 6, 8.67, [3155, 2767]
11, 7, 7.66, [380, 2530]
11, 8, 7.01, [103, 3334]
11, 9, 7.0, [263, 191]
12, 0, 22.44, [277, 295]
12, 1, 21.54, [279, 295]
12, 2, 19.46, [380, 295]
12, 3, 19.19, [302, 295]
12, 4, 12.92, [277, 876]
12, 5, 8.96, [274, 2512]
12, 6, 6.71, [2530, 222]
12, 7, 5.67, [261, 609]
12, 8, 5.64, [541, 263]
12, 9, 5.6, [558, 2525]
13, 0, 22.44, [277, 295]
13, 1, 21.54, [279, 295]
13, 2, 21.3, [77, 295]
13, 3, 17.57, [295, 558]
13, 4, 14.52, [277, 2513]
13, 5, 12.72, [77, 302]
13, 6, 10.62, [300, 226]
13, 7, 10.0, [98, 220]
13, 8, 7.41, [279, 3334]
13, 9, 5.17, [280, 876]
14, 0, 22.44, [277, 295]
14, 1, 21.54, [279, 295]
14, 2, 14.07, [277, 2530]
14, 3, 13.38, [277, 2950]
14, 4, 13.12, [277, 302]
14, 5, 12.98, [2597, 277]
14, 6, 12.45, [558, 269]
14, 7, 12.39, [77, 250]
14, 8, 7.7, [3716, 2513]
14, 9, 6.2, [266, 263]
15, 0, 22.44, [277, 295]
15, 1, 21.54, [279, 295]
15, 2, 21.47, [279, 295]
15, 3, 21.15, [77, 295]
15, 4, 19.95, [295, 2711]
15, 5, 15.76, [273, 295]
15, 6, 11.22, [279, 302]
15, 7, 11.17, [277, 876]
15, 8, 9.82, [279, 191]
15, 9, 5.35, [316, 380]
16, 0, 22.44, [277, 295]
16, 1, 21.54, [279, 295]
16, 2, 19.04, [380, 295]
16, 3, 16.15, [273, 295]
16, 4, 15.81, [244, 295]
16, 5, 13.27, [104, 277]
16, 6, 11.27, [209, 103]
16, 7, 10.26, [103, 1082]
16, 8, 9.53, [263, 103]
16, 9, 9.38, [191, 1811]
17, 0, 22.44, [277, 295]
17, 1, 21.54, [279, 295]
17, 2, 19.42, [154, 295]
17, 3, 15.93, [244, 295]
17, 4, 13.99, [269, 2515]
17, 5, 9.74, [279, 2770]
17, 6, 9.31, [279, 2593]
17, 7, 7.77, [2711, 285]
17, 8, 7.44, [226, 222]
17, 9, 6.69, [303, 2065]
18, 0, 22.44, [277, 295]
18, 1, 21.54, [279, 295]
18, 2, 21.36, [300, 295]
18, 3, 18.07, [295, 291]
18, 4, 15.68, [2530, 295]
18, 5, 11.12, [300, 2513]
18, 6, 9.34, [154, 98]
18, 7, 5.79, [297, 261]
18, 8, 4.16, [296, 3334]
18, 9, 4.15, [2527, 2762]
19, 0, 22.44, [277, 295]
19, 1, 21.54, [279, 295]
19, 2, 20.93, [103, 295]
19, 3, 11.99, [2512, 300]
19, 4, 9.73, [81, 2595]
19, 5, 8.69, [1088, 256]
19, 6, 8.15, [1811, 876]
19, 7, 7.75, [2597, 335]
19, 8, 6.25, [191, 260]
19, 9, 5.56, [2065, 558]
20, 0, 22.44, [277, 295]
20, 1, 21.54, [279, 295]
20, 2, 20.24, [300, 295]
20, 3, 17.27, [2513, 295]
20, 4, 14.59, [279, 269]
20, 5, 12.22, [277, 264]
20, 6, 12.22, [279, 2513]
20, 7, 10.5, [300, 103]
20, 8, 9.37, [874, 193]
20, 9, 9.3, [1088, 226]
21, 0, 22.44, [277, 295]
21, 1, 21.54, [279, 295]
21, 2, 19.17, [1095, 295]
21, 3, 13.62, [277, 261]
21, 4, 13.32, [277, 1095]
21, 5, 12.5, [277, 2574]
21, 6, 11.77, [277, 102]
21, 7, 10.9, [300, 103]
21, 8, 8.13, [274, 226]
21, 9, 6.86, [81, 2712]
22, 0, 25.3, [295, 269]
22, 1, 22.44, [277, 295]
22, 2, 21.54, [279, 295]
22, 3, 17.77, [541, 295]
22, 4, 9.96, [2530, 1811]
22, 5, 9.09, [279, 876]
22, 6, 8.93, [279, 261]
22, 7, 8.04, [615, 280]
22, 8, 6.06, [275, 250]
22, 9, 5.87, [534, 2770]
23, 0, 25.3, [295, 269]
23, 1, 22.44, [277, 295]
23, 2, 22.29, [277, 295]
23, 3, 14.09, [277, 285]
23, 4, 13.96, [1080, 269]
23, 5, 13.63, [380, 269]
23, 6, 12.65, [265, 269]
23, 7, 10.76, [1080, 279]
23, 8, 7.94, [250, 222]
23, 9, 7.43, [537, 193]
24, 0, 25.3, [295, 269]
24, 1, 22.44, [277, 295]
24, 2, 17.6, [622, 295]
24, 3, 16.93, [537, 295]
24, 4, 16.81, [300, 269]
24, 5, 11.4, [250, 279]
24, 6, 11.14, [250, 103]
24, 7, 8.93, [1811, 285]
24, 8, 6.87, [222, 2514]
24, 9, 6.16, [263, 2525]
25, 0, 25.3, [295, 269]
25, 1, 22.44, [277, 295]
25, 2, 17.67, [295, 3716]
25, 3, 16.13, [3334, 295]
25, 4, 12.83, [876, 269]
25, 5, 9.94, [1086, 2595]
25, 6, 6.85, [91, 3716]
25, 7, 6.84, [2574, 154]
25, 8, 6.19, [558, 303]
25, 9, 5.76, [316, 615]
26, 0, 25.3, [295, 269]
26, 1, 22.44, [277, 295]
26, 2, 21.86, [295, 279]
26, 3, 18.0, [295, 191]
26, 4, 10.39, [77, 3716]
26, 5, 7.73, [191, 250]
26, 6, 6.92, [1811, 149]
26, 7, 6.04, [876, 303]
26, 8, 5.37, [91, 616]
26, 9, 5.33, [2530, 291]
27, 0, 25.3, [295, 269]
27, 1, 22.44, [277, 295]
27, 2, 10.83, [316, 269]
27, 3, 10.74, [874, 103]
27, 4, 9.75, [2530, 2595]
27, 5, 7.66, [316, 279]
27, 6, 7.14, [1082, 876]
27, 7, 6.14, [260, 558]
27, 8, 6.0, [3334, 98]
27, 9, 4.57, [149, 2767]
28, 0, 25.3, [295, 269]
28, 1, 22.44, [277, 295]
28, 2, 19.28, [295, 226]
28, 3, 18.22, [295, 288]
28, 4, 17.09, [295, 537]
28, 5, 14.37, [277, 1080]
28, 6, 13.55, [2767, 269]
28, 7, 12.85, [277, 285]
28, 8, 8.24, [3716, 103]
28, 9, 6.7, [2527, 615]
29, 0, 25.3, [295, 269]
29, 1, 22.44, [277, 295]
29, 2, 18.67, [295, 266]
29, 3, 13.81, [277, 209]
29, 4, 12.4, [558, 269]
29, 5, 11.19, [277, 288]
29, 6, 7.97, [2530, 226]
29, 7, 7.87, [226, 2596]
29, 8, 7.25, [2530, 609]
29, 9, 5.1, [316, 2514]
30, 0, 25.3, [295, 269]
30, 1, 22.44, [277, 295]
30, 2, 18.21, [295, 266]
30, 3, 15.0, [2595, 269]
30, 4, 12.87, [277, 285]
30, 5, 12.02, [279, 1088]
30, 6, 11.84, [3155, 279]
30, 7, 11.81, [103, 98]
30, 8, 7.89, [2764, 274]
30, 9, 6.69, [2597, 616]
31, 0, 25.3, [295, 269]
31, 1, 22.44, [277, 295]
31, 2, 21.16, [295, 279]
31, 3, 18.5, [2599, 295]
31, 4, 13.22, [303, 269]
31, 5, 13.18, [2065, 269]
31, 6, 9.95, [256, 279]
31, 7, 8.58, [103, 291]
31, 8, 7.16, [1095, 1086]
31, 9, 7.0, [209, 193]
32, 0, 25.3, [295, 269]
32, 1, 22.44, [277, 295]
32, 2, 17.73, [3135, 295]
32, 3, 13.11, [283, 269]
32, 4, 10.22, [1088, 302]
32, 5, 8.73, [220, 2514]
32, 6, 8.38, [2595, 265]
32, 7, 6.95, [274, 261]
32, 8, 5.32, [2527, 285]
32, 9, 5.23, [380, 76]
33, 0, 25.3, [295, 269]
33, 1, 22.44, [277, 295]
33, 2, 17.68, [265, 295]
33, 3, 15.54, [98, 269]
33, 4, 14.71, [277, 260]
33, 5, 13.99, [1086, 269]
33, 6, 10.32, [2513, 302]
33, 7, 9.85, [279, 280]
33, 8, 7.84, [3155, 280]
33, 9, 6.2, [3135, 2514]
34, 0, 25.3, [295, 269]
34, 1, 24.75, [295, 269]
34, 2, 22.44, [277, 295]
34, 3, 21.74, [295, 77]
34, 4, 21.12, [1811, 295]
34, 5, 18.36, [295, 266]
34, 6, 13.74, [2530, 269]
34, 7, 10.6, [244, 269]
34, 8, 6.11, [2596, 265]
34, 9, 5.88, [2525, 285]
35, 0, 25.3, [295, 269]
35, 1, 24.75, [295, 269]
35, 2, 17.86, [295, 285]
35, 3, 17.19, [295, 4602]
35, 4, 11.71, [277, 2156]
35, 5, 11.08, [316, 269]
35, 6, 9.43, [3155, 874]
35, 7, 8.62, [220, 274]
35, 8, 6.34, [2530, 263]
35, 9, 5.14, [609, 622]
36, 0, 25.3, [295, 269]
36, 1, 24.75, [295, 269]
36, 2, 21.74, [295, 279]
36, 3, 18.37, [2950, 295]
36, 4, 12.11, [277, 534]
36, 5, 10.81, [269, 285]
36, 6, 8.1, [4602, 300]
36, 7, 7.73, [279, 2156]
36, 8, 7.6, [2596, 380]
36, 9, 7.2, [558, 1082]
37, 0, 25.3, [295, 269]
37, 1, 24.75, [295, 269]
37, 2, 17.57, [295, 280]
37, 3, 13.24, [2530, 269]
37, 4, 11.51, [277, 288]
37, 5, 11.34, [316, 269]
37, 6, 9.75, [2513, 534]
37, 7, 7.28, [104, 302]
37, 8, 7.14, [2762, 98]
37, 9, 6.06, [296, 285]
38, 0, 25.74, [295, 269]
38, 1, 25.67, [295, 269]
38, 2, 25.3, [295, 269]
38, 3, 24.75, [295, 269]
38, 4, 18.51, [295, 288]
38, 5, 10.9, [279, 1095]
38, 6, 7.76, [609, 3155]
38, 7, 7.08, [220, 191]
38, 8, 4.82, [609, 261]
38, 9, 4.13, [273, 288]
39, 0, 25.74, [295, 269]
39, 1, 25.67, [295, 269]
39, 2, 19.13, [295, 261]
39, 3, 17.84, [295, 2764]
39, 4, 15.5, [295, 219]
39, 5, 11.95, [4602, 269]
39, 6, 10.47, [380, 103]
39, 7, 9.15, [1088, 2514]
39, 8, 5.43, [1080, 149]
39, 9, 5.16, [288, 2156]
40, 0, 25.74, [295, 269]
40, 1, 25.67, [295, 269]
40, 2, 16.01, [295, 2156]
40, 3, 15.16, [2513, 269]
40, 4, 13.85, [256, 269]
40, 5, 11.39, [81, 77]
40, 6, 11.19, [259, 226]
40, 7, 6.58, [2595, 219]
40, 8, 6.07, [1069, 2595]
40, 9, 5.71, [2514, 261]
41, 0, 25.74, [295, 269]
41, 1, 25.67, [295, 269]
41, 2, 15.8, [295, 616]
41, 3, 13.31, [283, 269]
41, 4, 8.8, [283, 2595]
41, 5, 8.6, [98, 297]
41, 6, 7.98, [343, 279]
41, 7, 7.63, [380, 191]
41, 8, 6.48, [2512, 2156]
41, 9, 5.22, [2574, 2770]
42, 0, 25.74, [295, 269]
42, 1, 25.67, [295, 269]
42, 2, 19.92, [295, 2711]
42, 3, 19.03, [295, 2599]
42, 4, 18.23, [295, 288]
42, 5, 16.5, [300, 269]
42, 6, 16.26, [2512, 269]
42, 7, 13.41, [297, 269]
42, 8, 10.94, [874, 279]
42, 9, 9.56, [1095, 2512]
43, 0, 25.74, [295, 269]
43, 1, 25.67, [295, 269]
43, 2, 17.69, [295, 1087]
43, 3, 15.72, [295, 1069]
43, 4, 15.11, [2513, 269]
43, 5, 12.91, [259, 300]
43, 6, 6.53, [874, 2767]
43, 7, 5.82, [296, 191]
43, 8, 5.23, [534, 609]
43, 9, 5.12, [4602, 263]
44, 0, 25.74, [295, 269]
44, 1, 25.67, [295, 269]
44, 2, 14.81, [250, 269]
44, 3, 10.66, [2599, 103]
44, 4, 8.46, [220, 3716]
44, 5, 8.0, [222, 1088]
44, 6, 7.59, [1088, 609]
44, 7, 6.36, [874, 264]
44, 8, 6.3, [2712, 209]
44, 9, 5.99, [4849, 283]
45, 0, 25.74, [295, 269]
45, 1, 25.67, [295, 269]
45, 2, 19.14, [295, 2512]
45, 3, 15.16, [2595, 269]
45, 4, 15.09, [2597, 269]
45, 5, 12.36, [2525, 269]
45, 6, 9.83, [256, 103]
45, 7, 9.74, [263, 279]
45, 8, 7.28, [297, 2767]
45, 9, 7.23, [250, 537]
46, 0, 25.74, [295, 269]
46, 1, 25.67, [295, 269]
46, 2, 17.95, [295, 288]
46, 3, 10.89, [269, 1069]
46, 4, 10.8, [300, 615]
46, 5, 9.94, [300, 288]
46, 6, 9.1, [98, 81]
46, 7, 8.07, [1088, 288]
46, 8, 6.67, [260, 2515]
46, 9, 6.32, [2712, 1811]
47, 0, 25.74, [295, 269]
47, 1, 25.67, [295, 269]
47, 2, 22.01, [295, 279]
47, 3, 14.08, [300, 277]
47, 4, 14.07, [1095, 269]
47, 5, 13.52, [269, 615]
47, 6, 10.65, [275, 269]
47, 7, 9.35, [2513, 2711]
47, 8, 8.92, [1811, 222]
47, 9, 7.32, [2530, 2515]
48, 0, 25.74, [295, 269]
48, 1, 25.67, [295, 269]
48, 2, 16.34, [295, 273]
48, 3, 14.76, [874, 269]
48, 4, 12.74, [265, 277]
48, 5, 9.65, [300, 3716]
48, 6, 7.11, [288, 2593]
48, 7, 5.59, [2574, 303]
48, 8, 4.7, [1087, 534]
48, 9, 4.38, [3334, 2596]
49, 0, 25.74, [295, 269]
49, 1, 25.67, [295, 269]
49, 2, 13.5, [277, 2514]
49, 3, 9.74, [266, 1811]
49, 4, 9.26, [1080, 193]
49, 5, 8.66, [301, 259]
49, 6, 7.61, [279, 3334]
49, 7, 6.92, [2711, 191]
49, 8, 6.69, [285, 288]
49, 9, 6.03, [2514, 278]
50, 0, 25.74, [295, 269]
50, 1, 25.67, [295, 269]
50, 2, 16.27, [295, 1069]
50, 3, 14.14, [1086, 269]
50, 4, 13.75, [302, 277]
50, 5, 11.58, [316, 269]
50, 6, 10.0, [1088, 193]
50, 7, 8.34, [876, 1811]
50, 8, 7.84, [283, 193]
50, 9, 6.04, [1095, 534]
