num_genrations,diversity,improvement,best_fitness
0,0.9948326771653543,0,992.97
1,0.9685285433070866,0.00024169914498928374,993.21
2,0.9265009842519685,0.0009766313267082626,994.18
3,0.8562746062992126,0.0,994.18
4,0.7678395669291338,0.00012070248848297547,994.3
5,0.6774852362204724,0.000583324952227739,994.88
6,0.5934793307086613,0.0,994.88
7,0.5966043307086613,8.041170794471789e-05,994.96
8,0.539640748031496,0.0001608104848435798,995.12
9,0.474803149606299,5.0245196559163244e-05,995.17
10,0.4156988188976378,0.000261261894952612,995.43
