generation number, individual number, fitness, candidate
0, 0, 11.84, [94016, 127089, 14197]
0, 1, 11.51, [87, 59751, 285]
0, 2, 11.19, [282, 80450, 11925]
0, 3, 10.35, [558, 285, 73931]
0, 4, 8.99, [150655, 85838, 96148]
0, 5, 8.69, [85839, 66170, 113477]
0, 6, 8.44, [11925, 66079, 1063]
0, 7, 8.23, [14200, 70199, 40787]
0, 8, 8.07, [56241, 281, 47500]
0, 9, 7.08, [96648, 130282, 1927]
1, 0, 15.83, [73932, 11388, 14199]
1, 1, 13.42, [88, 127089, 14197]
1, 2, 12.44, [46, 127089, 14197]
1, 3, 12.28, [80450, 91978, 73931]
1, 4, 11.84, [94016, 127089, 14197]
1, 5, 11.59, [98062, 47500, 285]
1, 6, 11.51, [87, 59751, 285]
1, 7, 11.1, [46, 124712, 285]
1, 8, 9.93, [94016, 59751, 283]
1, 9, 9.79, [96648, 66171, 14197]
2, 0, 15.83, [73932, 11388, 14199]
2, 1, 15.61, [73932, 11388, 14201]
2, 2, 14.34, [86, 11388, 14199]
2, 3, 13.82, [73932, 100807, 14197]
2, 4, 13.76, [278, 11388, 14199]
2, 5, 13.42, [88, 127089, 14197]
2, 6, 13.37, [73932, 127089, 14198]
2, 7, 13.1, [76776, 127089, 14197]
2, 8, 12.06, [46, 127089, 14201]
2, 9, 10.71, [46, 11387, 14199]
2, 10, 10.12, [124712, 91978, 56237]
3, 0, 15.83, [73932, 11388, 14199]
3, 1, 15.81, [73932, 11388, 14197]
3, 2, 15.61, [73932, 11388, 14201]
3, 3, 13.86, [56239, 96144, 98065]
3, 4, 13.02, [85839, 46, 14199]
3, 5, 12.78, [87, 144434, 14199]
3, 6, 12.29, [70195, 11388, 14201]
3, 7, 12.05, [73932, 11925, 14199]
3, 8, 12.0, [73932, 11925, 14199]
3, 9, 11.64, [56237, 11388, 90]
3, 10, 11.54, [283, 124712, 14197]
4, 0, 16.42, [85839, 11388, 88]
4, 1, 15.83, [73932, 11388, 14199]
4, 2, 15.81, [73932, 11388, 14197]
4, 3, 15.2, [85839, 88, 98065]
4, 4, 14.47, [76776, 11388, 14201]
4, 5, 13.16, [73932, 283, 14197]
4, 6, 12.72, [59751, 11388, 124712]
4, 7, 12.66, [56239, 96144, 14198]
4, 8, 11.05, [85839, 12067, 14199]
4, 9, 10.94, [73932, 46, 40788]
4, 10, 10.57, [283, 14198, 11925]
5, 0, 16.42, [85839, 11388, 88]
5, 1, 16.34, [85839, 11388, 88]
5, 2, 15.83, [73932, 11388, 14199]
5, 3, 15.14, [85839, 11388, 46]
5, 4, 14.68, [59751, 56240, 88]
5, 5, 14.52, [85839, 88, 13042]
5, 6, 14.34, [144434, 11388, 127088]
5, 7, 13.04, [73932, 47392, 88]
5, 8, 12.78, [73932, 11387, 98065]
5, 9, 12.75, [85839, 88, 6376]
5, 10, 11.42, [73932, 11925, 14199]
5, 11, 11.08, [42918, 11388, 14197]
6, 0, 16.42, [85839, 11388, 88]
6, 1, 16.34, [85839, 11388, 88]
6, 2, 16.22, [66076, 88, 80449]
6, 3, 14.97, [59751, 11388, 88]
6, 4, 14.84, [47392, 11388, 13042]
6, 5, 14.65, [85839, 11388, 13042]
6, 6, 14.34, [121382, 11388, 86]
6, 7, 12.68, [66078, 11388, 14201]
6, 8, 12.09, [85839, 90, 278]
6, 9, 12.02, [73932, 85839, 88]
6, 10, 11.47, [47392, 150655, 70194]
6, 11, 10.75, [6376, 11388, 286]
7, 0, 17.8, [85839, 66076, 279]
7, 1, 16.57, [66076, 88, 12067]
7, 2, 16.42, [85839, 11388, 88]
7, 3, 16.34, [85839, 11388, 88]
7, 4, 15.99, [85839, 86, 11388]
7, 5, 14.43, [85839, 80450, 88]
7, 6, 14.08, [85839, 14201, 88]
7, 7, 12.13, [85839, 1060, 127089]
7, 8, 11.78, [70198, 11388, 284]
7, 9, 11.29, [85839, 70195, 94016]
7, 10, 10.79, [85839, 94016, 148118]
7, 11, 9.8, [126458, 66079, 86]
8, 0, 17.8, [85839, 66076, 279]
8, 1, 17.22, [85839, 66076, 279]
8, 2, 16.75, [46, 66076, 279]
8, 3, 16.57, [66076, 88, 12067]
8, 4, 15.05, [85839, 66076, 14223]
8, 5, 15.0, [85839, 80450, 88]
8, 6, 13.76, [66076, 279, 70198]
8, 7, 13.23, [70193, 88, 279]
8, 8, 12.99, [85839, 70195, 88]
8, 9, 11.35, [47392, 286, 221360]
8, 10, 11.26, [85839, 94015, 279]
8, 11, 10.79, [85839, 11925, 279]
8, 12, 9.21, [127088, 821, 279]
9, 0, 17.8, [85839, 66076, 279]
9, 1, 17.22, [85839, 66076, 279]
9, 2, 14.76, [85839, 56240, 88]
9, 3, 14.44, [85839, 80450, 88]
9, 4, 13.73, [286, 94015, 70193]
9, 5, 13.35, [85839, 70194, 14198]
9, 6, 12.37, [86, 130282, 279]
9, 7, 12.16, [96144, 76776, 279]
9, 8, 11.55, [85839, 86, 150655]
9, 9, 11.41, [130282, 14197, 66078]
9, 10, 11.0, [85839, 96148, 56237]
9, 11, 10.85, [85839, 87, 66169]
9, 12, 10.73, [47392, 12067, 279]
10, 0, 19.58, [47392, 66076, 88]
10, 1, 18.04, [47392, 66076, 279]
10, 2, 17.8, [85839, 66076, 279]
10, 3, 17.52, [85839, 66076, 90]
10, 4, 17.35, [85839, 66076, 90]
10, 5, 17.22, [85839, 66076, 279]
10, 6, 16.19, [87, 66076, 279]
10, 7, 15.12, [85839, 56240, 88]
10, 8, 13.34, [85839, 1063, 89]
10, 9, 12.86, [100807, 76776, 98062]
10, 10, 12.71, [47392, 130282, 279]
10, 11, 10.18, [70198, 66076, 66078]
10, 12, 9.6, [56239, 93406, 62858]
11, 0, 19.65, [56239, 66076, 88]
11, 1, 19.58, [47392, 66076, 88]
11, 2, 18.04, [47392, 66076, 279]
11, 3, 17.44, [47392, 66076, 279]
11, 4, 16.95, [46, 66076, 127089]
11, 5, 16.71, [1062, 66076, 144434]
11, 6, 15.97, [47392, 66076, 558]
11, 7, 15.9, [47392, 70193, 283]
11, 8, 15.38, [6376, 66076, 279]
11, 9, 14.12, [70196, 73932, 279]
11, 10, 14.0, [47392, 70365, 88]
11, 11, 11.82, [47392, 70365, 90]
11, 12, 11.74, [85839, 70195, 70199]
11, 13, 11.26, [85839, 285, 90]
12, 0, 19.65, [56239, 66076, 88]
12, 1, 19.58, [47392, 66076, 88]
12, 2, 18.13, [73931, 66076, 88]
12, 3, 17.88, [66167, 66076, 279]
12, 4, 17.5, [73931, 66076, 127089]
12, 5, 17.15, [56239, 66076, 90]
12, 6, 15.99, [47392, 70196, 88]
12, 7, 15.99, [56239, 66076, 558]
12, 8, 15.56, [47392, 70196, 88]
12, 9, 14.93, [42918, 66076, 88]
12, 10, 14.71, [47392, 70194, 88]
12, 11, 13.7, [56239, 70194, 285]
12, 12, 13.52, [56237, 66076, 558]
12, 13, 13.18, [56239, 70194, 279]
13, 0, 19.91, [56240, 66076, 11388]
13, 1, 19.65, [56239, 66076, 88]
13, 2, 19.58, [47392, 66076, 88]
13, 3, 18.12, [85838, 66076, 88]
13, 4, 17.94, [62858, 66076, 279]
13, 5, 17.76, [66171, 66076, 88]
13, 6, 17.64, [56239, 66076, 284]
13, 7, 17.33, [85838, 66076, 88]
13, 8, 15.57, [56240, 66076, 558]
13, 9, 15.43, [70193, 66076, 558]
13, 10, 14.56, [14223, 66076, 85839]
13, 11, 14.08, [47392, 282, 88]
13, 12, 13.95, [11388, 80449, 88]
13, 13, 13.67, [73931, 66076, 66079]
14, 0, 19.91, [56240, 66076, 11388]
14, 1, 19.65, [56239, 66076, 88]
14, 2, 18.97, [56239, 66076, 88]
14, 3, 17.77, [56240, 66076, 46]
14, 4, 17.55, [98062, 66076, 14199]
14, 5, 16.19, [56239, 66076, 11925]
14, 6, 16.14, [42918, 66076, 11388]
14, 7, 14.5, [66171, 66076, 11387]
14, 8, 14.43, [12067, 66076, 90]
14, 9, 13.31, [56240, 70193, 96648]
14, 10, 11.85, [56237, 76776, 88]
14, 11, 10.83, [70195, 47500, 11388]
14, 12, 10.49, [85838, 70198, 88]
14, 13, 10.4, [124712, 70196, 558]
15, 0, 19.91, [56240, 66076, 11388]
15, 1, 19.65, [56239, 66076, 88]
15, 2, 19.19, [56240, 66076, 11388]
15, 3, 18.33, [56240, 66076, 46]
15, 4, 17.75, [280, 66076, 11388]
15, 5, 17.55, [56237, 66076, 11388]
15, 6, 17.54, [62858, 66076, 46]
15, 7, 16.9, [56237, 66076, 88]
15, 8, 16.65, [56239, 66076, 11387]
15, 9, 16.43, [56237, 66076, 88]
15, 10, 16.33, [66170, 66076, 88]
15, 11, 16.19, [66079, 66076, 11388]
15, 12, 15.26, [56239, 70194, 11388]
15, 13, 14.24, [56240, 70194, 88]
16, 0, 19.91, [56240, 66076, 11388]
16, 1, 19.65, [56239, 66076, 88]
16, 2, 19.24, [56240, 66076, 88]
16, 3, 16.99, [56237, 66076, 88]
16, 4, 16.66, [66170, 66076, 11388]
16, 5, 16.52, [56239, 66076, 11925]
16, 6, 16.34, [56239, 70196, 11388]
16, 7, 16.15, [96147, 70193, 98062]
16, 8, 15.32, [56239, 66076, 281]
16, 9, 15.01, [96147, 66076, 12067]
16, 10, 14.92, [280, 66076, 11387]
16, 11, 14.04, [280, 66076, 94017]
16, 12, 13.69, [56240, 14197, 88]
16, 13, 10.73, [98062, 56240, 144434]
17, 0, 19.91, [56240, 66076, 11388]
17, 1, 19.65, [56239, 66076, 88]
17, 2, 19.36, [56239, 66076, 88]
17, 3, 18.07, [56240, 66076, 46]
17, 4, 16.49, [56239, 66076, 11387]
17, 5, 15.22, [56240, 70194, 88]
17, 6, 15.19, [59751, 66076, 558]
17, 7, 15.17, [85838, 66076, 94016]
17, 8, 14.52, [56240, 96144, 88]
17, 9, 13.83, [56237, 66076, 823]
17, 10, 13.8, [90, 14197, 11388]
17, 11, 12.99, [14199, 70193, 76776]
17, 12, 12.9, [73932, 121382, 90]
17, 13, 12.4, [56240, 70196, 11387]
17, 14, 11.82, [1060, 59751, 73932]
18, 0, 19.91, [56240, 66076, 11388]
18, 1, 19.65, [56239, 66076, 88]
18, 2, 19.51, [56240, 66076, 11388]
18, 3, 18.86, [56239, 66076, 88]
18, 4, 18.55, [56240, 66076, 86]
18, 5, 18.42, [56240, 66076, 86]
18, 6, 18.39, [56240, 66076, 46]
18, 7, 17.54, [56239, 70193, 11388]
18, 8, 16.78, [56240, 70193, 88]
18, 9, 15.23, [56239, 70194, 11388]
18, 10, 13.63, [56239, 66079, 11388]
18, 11, 13.13, [56239, 66079, 88]
18, 12, 12.48, [56240, 96147, 46]
18, 13, 11.52, [94017, 14201, 11388]
18, 14, 11.0, [56239, 127089, 1062]
18, 15, 10.21, [56240, 66167, 11387]
19, 0, 19.91, [56240, 66076, 11388]
19, 1, 19.65, [56239, 66076, 88]
19, 2, 19.36, [62858, 66076, 11388]
19, 3, 18.24, [56239, 66076, 88]
19, 4, 18.07, [14197, 66076, 62858]
19, 5, 16.29, [56240, 66076, 47500]
19, 6, 16.21, [56240, 62858, 66076]
19, 7, 15.19, [56240, 96144, 11388]
19, 8, 15.05, [94016, 66076, 70364]
19, 9, 14.58, [56240, 127089, 11388]
19, 10, 13.73, [56239, 70195, 11388]
19, 11, 12.95, [12067, 66076, 94017]
19, 12, 12.33, [56240, 91978, 66171]
19, 13, 12.19, [56239, 221360, 11388]
19, 14, 10.53, [56240, 40788, 46]
19, 15, 9.95, [42918, 70196, 91978]
19, 16, 9.29, [56240, 94017, 94016]
20, 0, 20.54, [144434, 66076, 11388]
20, 1, 19.91, [56240, 66076, 11388]
20, 2, 19.65, [56239, 66076, 88]
20, 3, 19.46, [62858, 66076, 88]
20, 4, 19.18, [14199, 66076, 11388]
20, 5, 18.35, [62858, 66076, 11388]
20, 6, 17.18, [62858, 66076, 279]
20, 7, 17.16, [56240, 66076, 90]
20, 8, 16.37, [279, 66076, 80450]
20, 9, 15.63, [56239, 70196, 11388]
20, 10, 14.54, [11388, 70365, 88]
20, 11, 13.18, [56240, 96144, 70194]
20, 12, 12.59, [1062, 66076, 66078]
20, 13, 12.01, [282, 11387, 88]
20, 14, 11.52, [56239, 70194, 47500]
20, 15, 11.14, [56240, 96147, 62858]
20, 16, 11.03, [62858, 121382, 11387]
20, 17, 10.46, [56240, 62858, 11387]
21, 0, 20.54, [144434, 66076, 11388]
21, 1, 19.91, [56240, 66076, 11388]
21, 2, 19.36, [66167, 66076, 88]
21, 3, 17.8, [144434, 66076, 279]
21, 4, 17.79, [56240, 66076, 286]
21, 5, 17.44, [56241, 66076, 11388]
21, 6, 17.38, [144434, 66076, 278]
21, 7, 16.76, [62858, 66076, 11925]
21, 8, 15.96, [56240, 66076, 1063]
21, 9, 15.17, [56239, 66076, 12067]
21, 10, 14.94, [14199, 70193, 279]
21, 11, 14.84, [62858, 87, 11388]
21, 12, 14.73, [62858, 70194, 11388]
21, 13, 14.4, [56239, 70194, 11388]
21, 14, 14.37, [70365, 66076, 80449]
21, 15, 13.87, [62858, 66079, 11388]
21, 16, 12.93, [56239, 70196, 90]
21, 17, 11.18, [62858, 87, 284]
21, 18, 10.8, [14199, 70195, 279]
22, 0, 20.54, [144434, 66076, 11388]
22, 1, 20.08, [98065, 66076, 11388]
22, 2, 19.99, [98065, 66076, 11388]
22, 3, 19.91, [56240, 66076, 11388]
22, 4, 18.22, [66167, 66076, 100807]
22, 5, 18.04, [98065, 66076, 286]
22, 6, 17.69, [56241, 66076, 88]
22, 7, 17.35, [127089, 66076, 286]
22, 8, 16.97, [66170, 66076, 11388]
22, 9, 15.79, [144434, 70194, 88]
22, 10, 13.94, [56241, 66076, 558]
22, 11, 13.88, [56240, 70195, 11388]
22, 12, 12.8, [285, 93406, 11388]
22, 13, 11.67, [62858, 66079, 279]
22, 14, 11.63, [56240, 66079, 278]
22, 15, 11.52, [144434, 70199, 11925]
22, 16, 10.58, [66169, 823, 11388]
22, 17, 9.89, [66167, 66079, 11925]
22, 18, 9.61, [93407, 66079, 279]
23, 0, 20.54, [144434, 66076, 11388]
23, 1, 20.08, [98065, 66076, 11388]
23, 2, 19.99, [56240, 66076, 11388]
23, 3, 18.91, [80450, 66076, 11388]
23, 4, 17.81, [98065, 66076, 286]
23, 5, 17.76, [96144, 66076, 86]
23, 6, 17.44, [144434, 66076, 284]
23, 7, 17.37, [56237, 66076, 144434]
23, 8, 16.86, [80449, 66076, 11388]
23, 9, 16.72, [144434, 70196, 11388]
23, 10, 15.38, [98065, 70196, 11388]
23, 11, 14.66, [98065, 66076, 66078]
23, 12, 14.02, [98065, 66076, 113477]
23, 13, 13.94, [98065, 1060, 11388]
23, 14, 13.57, [94016, 66076, 94017]
23, 15, 13.08, [86543, 66076, 126458]
23, 16, 12.09, [42918, 66076, 80449]
23, 17, 10.11, [93407, 66167, 11387]
23, 18, 8.84, [98065, 281, 77088]
24, 0, 20.54, [144434, 66076, 11388]
24, 1, 20.08, [98065, 66076, 11388]
24, 2, 18.78, [90, 66076, 11388]
24, 3, 18.33, [121382, 66076, 66167]
24, 4, 17.56, [144434, 66076, 77088]
24, 5, 17.13, [80450, 66076, 282]
24, 6, 16.55, [56240, 66076, 11925]
24, 7, 15.76, [98065, 66076, 66170]
24, 8, 15.26, [80450, 66076, 12067]
24, 9, 15.12, [113477, 66076, 11388]
24, 10, 15.09, [88, 66076, 70198]
24, 11, 13.88, [11387, 66076, 12067]
24, 12, 13.39, [93406, 66076, 11925]
24, 13, 13.31, [70196, 70195, 11388]
24, 14, 13.24, [56240, 70198, 11388]
24, 15, 13.13, [85838, 87, 11388]
24, 16, 13.12, [98063, 66076, 80449]
24, 17, 13.0, [98065, 94015, 11388]
24, 18, 12.97, [821, 66076, 11925]
24, 19, 12.43, [70197, 66076, 70365]
25, 0, 20.54, [144434, 66076, 11388]
25, 1, 20.08, [98065, 66076, 11388]
25, 2, 18.42, [284, 66076, 11388]
25, 3, 16.88, [56240, 66076, 70365]
25, 4, 16.44, [286, 66076, 282]
25, 5, 16.41, [124712, 66076, 282]
25, 6, 16.12, [279, 66076, 70365]
25, 7, 15.94, [144434, 70194, 11388]
25, 8, 15.77, [56240, 66076, 56239]
25, 9, 15.7, [90, 66076, 11925]
25, 10, 15.58, [96148, 66076, 77088]
25, 11, 14.38, [66171, 66076, 11387]
25, 12, 14.28, [284, 66076, 11925]
25, 13, 14.18, [80450, 66167, 11388]
25, 14, 14.09, [80450, 70194, 66167]
25, 15, 13.78, [221360, 66076, 14201]
25, 16, 13.11, [144434, 14200, 282]
25, 17, 11.38, [144434, 96147, 12067]
25, 18, 10.9, [121382, 70194, 11925]
25, 19, 9.96, [98065, 70365, 12067]
25, 20, 8.39, [98065, 66169, 66170]
26, 0, 20.54, [144434, 66076, 11388]
26, 1, 20.08, [98065, 66076, 11388]
26, 2, 19.42, [62858, 66076, 11388]
26, 3, 17.92, [14201, 66076, 56239]
26, 4, 17.86, [98065, 66076, 70365]
26, 5, 17.12, [98065, 66076, 11387]
26, 6, 16.47, [286, 66076, 278]
26, 7, 16.28, [286, 66076, 11387]
26, 8, 15.73, [286, 66076, 11925]
26, 9, 15.65, [279, 70194, 11388]
26, 10, 15.36, [80449, 66076, 282]
26, 11, 15.05, [279, 66076, 11387]
26, 12, 14.07, [144434, 70196, 70365]
26, 13, 13.83, [56240, 70195, 11388]
26, 14, 13.75, [98065, 70194, 282]
26, 15, 13.6, [1927, 66076, 70365]
26, 16, 13.09, [127089, 85838, 11388]
26, 17, 12.73, [144434, 70195, 282]
26, 18, 12.32, [93407, 66076, 94017]
26, 19, 10.75, [98065, 70195, 70365]
26, 20, 10.11, [127089, 14223, 11388]
26, 21, 7.96, [821, 14223, 70199]
27, 0, 20.65, [98062, 66076, 11388]
27, 1, 20.54, [144434, 66076, 11388]
27, 2, 20.41, [98062, 66076, 11388]
27, 3, 20.08, [98065, 66076, 11388]
27, 4, 19.74, [88, 66076, 11388]
27, 5, 19.58, [144434, 66076, 62858]
27, 6, 19.51, [80450, 66076, 11388]
27, 7, 18.39, [144434, 66076, 285]
27, 8, 18.3, [144434, 66076, 94016]
27, 9, 17.73, [98065, 70193, 11388]
27, 10, 16.83, [62858, 66076, 46]
27, 11, 15.88, [98065, 70194, 11388]
27, 12, 15.56, [62858, 66076, 1063]
27, 13, 15.49, [127089, 66076, 11387]
27, 14, 14.94, [286, 70194, 11388]
27, 15, 14.93, [144434, 70193, 11387]
27, 16, 14.86, [98065, 96148, 11388]
27, 17, 14.17, [144434, 70194, 70365]
27, 18, 14.16, [98065, 66079, 11388]
27, 19, 14.15, [144434, 70196, 70365]
27, 20, 13.49, [80449, 70196, 11388]
27, 21, 12.32, [286, 221360, 11388]
27, 22, 10.06, [62858, 70195, 11387]
28, 0, 20.65, [98062, 66076, 11388]
28, 1, 20.54, [144434, 66076, 11388]
28, 2, 20.15, [144434, 66076, 11388]
28, 3, 19.77, [144434, 66076, 11388]
28, 4, 18.76, [98062, 66076, 56240]
28, 5, 16.92, [144434, 76776, 11388]
28, 6, 16.77, [127089, 66076, 11387]
28, 7, 16.2, [66079, 66076, 11388]
28, 8, 15.59, [70195, 66076, 11388]
28, 9, 15.47, [98065, 66076, 94017]
28, 10, 15.45, [127089, 66076, 11925]
28, 11, 13.92, [88, 150655, 11388]
28, 12, 13.91, [81178, 66076, 279]
28, 13, 12.54, [66169, 70194, 11388]
28, 14, 12.27, [70198, 73931, 11388]
28, 15, 11.84, [144434, 80450, 121382]
28, 16, 11.06, [113478, 91978, 11388]
28, 17, 11.06, [80450, 93407, 66078]
28, 18, 10.22, [98062, 94017, 11387]
28, 19, 10.14, [558, 150655, 11388]
28, 20, 10.05, [98065, 66078, 70195]
28, 21, 9.89, [1062, 281, 11388]
28, 22, 8.83, [279, 70197, 11925]
28, 23, 7.85, [70195, 86543, 148118]
29, 0, 20.75, [144434, 66076, 11388]
29, 1, 20.65, [98062, 66076, 11388]
29, 2, 20.54, [144434, 66076, 11388]
29, 3, 17.77, [98062, 70193, 11388]
29, 4, 17.73, [46, 66076, 80450]
29, 5, 17.69, [127089, 66076, 66167]
29, 6, 17.13, [144434, 70196, 11388]
29, 7, 17.02, [144434, 73932, 11388]
29, 8, 16.39, [144434, 66076, 94017]
29, 9, 16.28, [144434, 70194, 11388]
29, 10, 15.33, [90, 89, 11388]
29, 11, 14.95, [98062, 66079, 11388]
29, 12, 14.6, [88, 77088, 11388]
29, 13, 14.42, [144434, 70194, 56240]
29, 14, 14.34, [144434, 80450, 11388]
29, 15, 13.9, [144434, 66169, 11388]
29, 16, 13.62, [98065, 70194, 56240]
29, 17, 12.44, [66079, 70194, 11388]
29, 18, 11.99, [144434, 6376, 121382]
29, 19, 11.79, [144434, 14198, 70195]
29, 20, 11.51, [70195, 66076, 12067]
29, 21, 10.97, [66169, 66079, 11388]
29, 22, 10.93, [113478, 66076, 66169]
29, 23, 9.96, [98065, 1060, 1061]
30, 0, 20.75, [144434, 66076, 11388]
30, 1, 20.65, [98062, 66076, 11388]
30, 2, 18.41, [59751, 66076, 11388]
30, 3, 17.74, [127089, 66076, 66167]
30, 4, 17.09, [127089, 70193, 11388]
30, 5, 17.07, [89, 66076, 11925]
30, 6, 16.87, [127089, 70193, 11388]
30, 7, 16.51, [144434, 70364, 11388]
30, 8, 16.27, [46, 66076, 11387]
30, 9, 16.12, [98062, 70194, 11388]
30, 10, 15.55, [98062, 66076, 12067]
30, 11, 14.23, [98062, 66079, 66167]
30, 12, 12.67, [144434, 94016, 66078]
30, 13, 12.46, [98062, 286, 11387]
30, 14, 12.29, [46, 73932, 11925]
30, 15, 12.28, [144434, 70196, 12067]
30, 16, 12.07, [144434, 113478, 76776]
30, 17, 11.37, [144434, 66079, 80450]
30, 18, 11.34, [80450, 70196, 12067]
30, 19, 10.85, [144434, 14198, 14201]
30, 20, 10.6, [70196, 66076, 66078]
30, 21, 10.38, [144434, 1927, 11387]
30, 22, 10.34, [98062, 1060, 80450]
30, 23, 10.24, [98062, 66079, 150655]
31, 0, 21.52, [144434, 66076, 11388]
31, 1, 20.75, [144434, 66076, 11388]
31, 2, 20.65, [98062, 66076, 11388]
31, 3, 19.91, [98062, 66076, 11388]
31, 4, 19.56, [98065, 66076, 11388]
31, 5, 17.56, [98062, 66076, 90]
31, 6, 16.35, [144434, 66076, 98063]
31, 7, 16.22, [89, 70364, 11388]
31, 8, 16.11, [98062, 66076, 12067]
31, 9, 15.95, [96148, 70193, 66167]
31, 10, 15.94, [100807, 66076, 11925]
31, 11, 15.8, [127089, 66076, 11925]
31, 12, 15.24, [127089, 70196, 11388]
31, 13, 14.11, [127089, 76776, 66167]
31, 14, 13.9, [89, 93406, 11388]
31, 15, 13.76, [59751, 66076, 40788]
31, 16, 13.33, [127089, 76776, 285]
31, 17, 12.74, [127089, 70195, 11388]
31, 18, 12.34, [59751, 70193, 12067]
31, 19, 12.3, [14198, 70198, 11388]
31, 20, 11.41, [66169, 70364, 285]
31, 21, 11.25, [127089, 70194, 11925]
31, 22, 10.35, [98062, 150655, 66078]
31, 23, 8.71, [6376, 1060, 11388]
32, 0, 21.52, [144434, 66076, 11388]
32, 1, 21.12, [144434, 66076, 11388]
32, 2, 20.75, [144434, 66076, 11388]
32, 3, 20.4, [144434, 66076, 11388]
32, 4, 18.62, [127089, 66076, 66167]
32, 5, 18.18, [90, 66076, 85839]
32, 6, 17.49, [98062, 70193, 11388]
32, 7, 16.12, [144434, 87, 11388]
32, 8, 15.91, [88, 70193, 90]
32, 9, 15.83, [98065, 66076, 94015]
32, 10, 15.37, [144434, 56241, 11388]
32, 11, 15.33, [144434, 66079, 11388]
32, 12, 15.18, [98065, 66076, 12067]
32, 13, 14.83, [56237, 70193, 11388]
32, 14, 14.56, [98062, 66079, 11388]
32, 15, 14.33, [144434, 94015, 11388]
32, 16, 13.58, [70193, 100807, 11925]
32, 17, 12.66, [284, 70196, 70365]
32, 18, 12.13, [66171, 46, 11388]
32, 19, 11.55, [98065, 14197, 11387]
32, 20, 10.27, [40786, 14199, 11388]
32, 21, 10.04, [144434, 221360, 12067]
32, 22, 10.0, [144434, 40788, 11387]
32, 23, 8.32, [80449, 11925, 11388]
33, 0, 21.52, [144434, 66076, 11388]
33, 1, 21.37, [144434, 66076, 11388]
33, 2, 21.12, [144434, 66076, 11388]
33, 3, 19.93, [98062, 66076, 11388]
33, 4, 19.21, [282, 66076, 11388]
33, 5, 19.17, [80450, 66076, 11388]
33, 6, 18.55, [144434, 66076, 11387]
33, 7, 18.28, [98062, 70193, 11388]
33, 8, 17.92, [98065, 70193, 11388]
33, 9, 17.47, [98062, 66076, 70199]
33, 10, 17.15, [80449, 66076, 11388]
33, 11, 16.74, [127089, 70193, 11388]
33, 12, 16.31, [144434, 66167, 85839]
33, 13, 15.9, [93406, 66076, 66167]
33, 14, 15.37, [144434, 279, 11388]
33, 15, 15.29, [98065, 70194, 11388]
33, 16, 14.82, [127089, 66076, 12067]
33, 17, 14.71, [144434, 70193, 12067]
33, 18, 14.55, [144434, 70193, 12067]
33, 19, 14.37, [144434, 66076, 70196]
33, 20, 14.15, [127089, 87, 11388]
33, 21, 12.73, [90, 87, 11388]
33, 22, 12.36, [88, 96147, 98063]
33, 23, 11.89, [91978, 94016, 13042]
34, 0, 21.52, [144434, 66076, 11388]
34, 1, 21.37, [144434, 66076, 11388]
34, 2, 19.74, [80450, 66076, 11388]
34, 3, 18.46, [283, 66076, 11388]
34, 4, 17.66, [98065, 66076, 73931]
34, 5, 17.37, [98065, 70193, 11388]
34, 6, 17.35, [80449, 66076, 11388]
34, 7, 17.16, [98062, 66076, 6376]
34, 8, 16.97, [127089, 70193, 11388]
34, 9, 16.86, [80450, 66076, 76776]
34, 10, 16.47, [127089, 70193, 11388]
34, 11, 15.14, [127089, 66076, 12067]
34, 12, 15.07, [98065, 70193, 11387]
34, 13, 15.01, [98062, 279, 11388]
34, 14, 14.8, [90, 66076, 11387]
34, 15, 14.79, [144434, 66079, 11388]
34, 16, 14.74, [144434, 70193, 12067]
34, 17, 13.76, [144434, 86543, 11388]
34, 18, 12.71, [98065, 96648, 11388]
34, 19, 12.04, [80450, 70196, 11387]
34, 20, 11.84, [144434, 1063, 59751]
34, 21, 11.61, [85838, 70194, 91978]
34, 22, 11.27, [90, 46, 14198]
34, 23, 10.31, [144434, 94016, 80449]
35, 0, 21.52, [144434, 66076, 11388]
35, 1, 21.37, [144434, 66076, 11388]
35, 2, 18.89, [100807, 66076, 11388]
35, 3, 18.55, [98062, 66076, 70193]
35, 4, 18.54, [127089, 66076, 11388]
35, 5, 17.94, [98065, 66076, 73931]
35, 6, 17.49, [144434, 66076, 11925]
35, 7, 17.09, [98065, 66076, 11387]
35, 8, 17.03, [98065, 70193, 11388]
35, 9, 16.97, [80450, 66076, 76776]
35, 10, 16.65, [98065, 66076, 11387]
35, 11, 16.61, [98065, 66076, 11387]
35, 12, 16.31, [144434, 70193, 73931]
35, 13, 16.29, [98063, 70193, 11388]
35, 14, 15.74, [98063, 70193, 11388]
35, 15, 15.1, [80450, 76776, 11388]
35, 16, 14.77, [98062, 70193, 11925]
35, 17, 14.63, [127089, 66076, 80449]
35, 18, 14.2, [80450, 283, 70193]
35, 19, 13.48, [283, 66079, 11388]
35, 20, 12.89, [80450, 94015, 11388]
35, 21, 12.66, [98065, 281, 11388]
35, 22, 12.16, [14201, 70195, 11388]
35, 23, 11.03, [127089, 70194, 6376]
35, 24, 9.58, [66078, 14198, 281]
36, 0, 21.52, [144434, 66076, 11388]
36, 1, 21.37, [144434, 66076, 11388]
36, 2, 20.38, [144434, 66076, 11388]
36, 3, 19.18, [70193, 66076, 11388]
36, 4, 18.87, [80450, 66076, 11388]
36, 5, 17.88, [98062, 70193, 11388]
36, 6, 17.68, [98062, 66076, 11387]
36, 7, 17.19, [144434, 66076, 11925]
36, 8, 17.07, [100807, 66076, 76776]
36, 9, 17.02, [127089, 66076, 70193]
36, 10, 16.6, [144434, 70193, 70194]
36, 11, 16.58, [100807, 70193, 11388]
36, 12, 16.35, [100807, 66076, 98063]
36, 13, 16.23, [100807, 66076, 85838]
36, 14, 16.17, [127089, 66076, 11387]
36, 15, 16.08, [144434, 70194, 70193]
36, 16, 15.41, [98065, 70194, 11388]
36, 17, 15.24, [144434, 90, 11388]
36, 18, 15.12, [144434, 66076, 66079]
36, 19, 14.87, [823, 66076, 94016]
36, 20, 13.18, [98065, 70195, 11388]
36, 21, 12.16, [76776, 40786, 11388]
36, 22, 11.96, [80450, 96147, 73931]
36, 23, 11.76, [96148, 66078, 73931]
36, 24, 11.65, [98065, 66079, 73931]
36, 25, 11.38, [144434, 70195, 11387]
37, 0, 21.52, [144434, 66076, 11388]
37, 1, 21.37, [144434, 66076, 11388]
37, 2, 20.37, [144434, 66076, 11388]
37, 3, 18.93, [127089, 66076, 11388]
37, 4, 18.32, [144434, 66076, 76776]
37, 5, 18.28, [144434, 66076, 90]
37, 6, 17.95, [98062, 70193, 11388]
37, 7, 17.45, [144434, 66076, 6376]
37, 8, 17.3, [98063, 66076, 11388]
37, 9, 16.83, [144434, 66076, 12067]
37, 10, 16.42, [98062, 66076, 11925]
37, 11, 15.86, [98062, 70196, 11388]
37, 12, 15.46, [56241, 66076, 14200]
37, 13, 15.42, [70193, 70195, 11388]
37, 14, 15.05, [144434, 70193, 11925]
37, 15, 13.75, [47500, 66076, 85838]
37, 16, 13.19, [124712, 87, 11388]
37, 17, 12.32, [144434, 66079, 11387]
37, 18, 11.95, [144434, 66079, 11387]
37, 19, 11.72, [94016, 66169, 11388]
37, 20, 11.42, [80450, 66079, 130282]
37, 21, 10.85, [144434, 281, 283]
37, 22, 10.68, [70193, 66079, 66078]
37, 23, 10.59, [70199, 66079, 85838]
37, 24, 10.45, [70198, 66170, 11388]
37, 25, 9.95, [127089, 93407, 124712]
37, 26, 9.23, [558, 66079, 70196]
38, 0, 21.52, [144434, 66076, 11388]
38, 1, 21.37, [144434, 66076, 11388]
38, 2, 20.47, [144434, 66076, 11388]
38, 3, 19.93, [98065, 66076, 11388]
38, 4, 19.76, [98065, 66076, 11388]
38, 5, 19.56, [98065, 66076, 11388]
38, 6, 18.13, [88, 66076, 14200]
38, 7, 17.59, [89, 66076, 70365]
38, 8, 16.94, [144434, 70196, 11388]
38, 9, 16.74, [127089, 70193, 11388]
38, 10, 16.59, [98062, 66076, 12067]
38, 11, 16.18, [98062, 70193, 73932]
38, 12, 15.93, [127089, 66076, 85838]
38, 13, 15.13, [6376, 66076, 11388]
38, 14, 15.08, [127089, 66076, 12067]
38, 15, 14.8, [144434, 93406, 11388]
38, 16, 14.79, [98062, 66079, 11388]
38, 17, 14.77, [144434, 56240, 96147]
38, 18, 14.49, [56239, 70194, 76776]
38, 19, 14.38, [144434, 93406, 11388]
38, 20, 13.93, [56241, 96144, 11388]
38, 21, 13.79, [144434, 66078, 286]
38, 22, 13.17, [144434, 285, 66171]
38, 23, 11.93, [40788, 70364, 11388]
38, 24, 11.71, [14197, 56239, 11925]
38, 25, 11.25, [1063, 94015, 11388]
38, 26, 10.06, [98063, 70196, 12067]
38, 27, 10.05, [144434, 40787, 14199]
39, 0, 21.52, [144434, 66076, 11388]
39, 1, 21.37, [144434, 66076, 11388]
39, 2, 19.02, [144434, 66076, 286]
39, 3, 18.28, [278, 66076, 11388]
39, 4, 17.89, [98065, 66076, 94016]
39, 5, 17.81, [89, 70193, 11388]
39, 6, 17.03, [144434, 66076, 94017]
39, 7, 16.97, [98062, 66076, 11387]
39, 8, 16.94, [281, 66076, 11388]
39, 9, 16.76, [88, 66076, 11925]
39, 10, 16.51, [98062, 66076, 11925]
39, 11, 16.37, [88, 66076, 12067]
39, 12, 15.14, [98065, 70193, 14200]
39, 13, 15.1, [98065, 66076, 40788]
39, 14, 14.9, [98065, 73931, 11388]
39, 15, 14.79, [98062, 70193, 11925]
39, 16, 14.74, [144434, 13042, 73932]
39, 17, 14.47, [98065, 14201, 11388]
39, 18, 14.34, [56239, 94016, 11388]
39, 19, 14.28, [98065, 285, 11388]
39, 20, 13.93, [80450, 66079, 11388]
39, 21, 13.87, [98065, 66076, 70196]
39, 22, 13.37, [144434, 62858, 11925]
39, 23, 12.74, [558, 70193, 96144]
39, 24, 12.49, [98065, 66170, 11388]
39, 25, 12.4, [144434, 93407, 76776]
39, 26, 11.7, [144434, 70197, 14200]
39, 27, 11.49, [98065, 70197, 56239]
39, 28, 10.71, [144434, 66079, 12067]
40, 0, 21.52, [144434, 66076, 11388]
40, 1, 21.37, [144434, 66076, 11388]
40, 2, 19.3, [144434, 66076, 56239]
40, 3, 18.91, [144434, 66076, 90]
40, 4, 18.78, [144434, 66076, 286]
40, 5, 18.57, [144434, 66076, 285]
40, 6, 17.02, [558, 66076, 11388]
40, 7, 17.01, [144434, 66076, 11925]
40, 8, 16.96, [86, 66076, 121382]
40, 9, 16.65, [144434, 66076, 1063]
40, 10, 16.49, [98062, 66076, 12067]
40, 11, 15.54, [127089, 66076, 11925]
40, 12, 14.94, [46, 66076, 126458]
40, 13, 14.79, [144434, 70195, 11388]
40, 14, 14.22, [98065, 278, 11388]
40, 15, 13.27, [77088, 66076, 281]
40, 16, 13.17, [98065, 85839, 127089]
40, 17, 12.76, [144434, 59751, 11925]
40, 18, 12.7, [281, 66076, 12067]
40, 19, 12.27, [144434, 70196, 94017]
40, 20, 11.92, [144434, 14223, 76776]
40, 21, 10.93, [144434, 11925, 823]
40, 22, 10.73, [278, 96144, 11925]
40, 23, 10.26, [98065, 1062, 94016]
40, 24, 10.13, [6376, 59751, 11388]
40, 25, 9.86, [94017, 96648, 11388]
40, 26, 9.83, [98065, 80450, 96144]
40, 27, 9.75, [70364, 93407, 11925]
40, 28, 9.48, [144434, 281, 56237]
40, 29, 8.61, [284, 70194, 70198]
41, 0, 21.52, [144434, 66076, 11388]
41, 1, 21.37, [144434, 66076, 11388]
41, 2, 20.95, [144434, 66076, 11388]
41, 3, 19.29, [87, 66076, 11388]
41, 4, 18.49, [144434, 66076, 283]
41, 5, 18.44, [144434, 66076, 70365]
41, 6, 17.87, [144434, 66076, 94016]
41, 7, 17.67, [144434, 66076, 11925]
41, 8, 17.3, [98065, 66076, 285]
41, 9, 17.2, [98065, 66076, 90]
41, 10, 17.01, [88, 66076, 90]
41, 11, 16.82, [98065, 66076, 11925]
41, 12, 16.51, [98065, 66076, 126458]
41, 13, 15.98, [98065, 66076, 11925]
41, 14, 15.57, [70198, 66076, 11388]
41, 15, 15.54, [96147, 66076, 11925]
41, 16, 14.78, [127089, 70194, 11388]
41, 17, 13.8, [86, 66076, 40786]
41, 18, 13.34, [144434, 87, 94016]
41, 19, 13.09, [144434, 284, 285]
41, 20, 12.65, [96148, 89, 283]
41, 21, 12.52, [558, 70193, 121382]
41, 22, 12.19, [94017, 96148, 11388]
41, 23, 11.97, [76776, 148118, 80450]
41, 24, 11.76, [127089, 282, 66078]
41, 25, 11.33, [144434, 6376, 94015]
41, 26, 11.32, [144434, 283, 12067]
41, 27, 10.58, [144434, 66171, 40786]
41, 28, 10.45, [144434, 221360, 11387]
41, 29, 10.06, [144434, 42918, 11387]
41, 30, 9.28, [96148, 86543, 284]
42, 0, 21.52, [144434, 66076, 11388]
42, 1, 21.37, [144434, 66076, 11388]
42, 2, 20.21, [88, 66076, 11388]
42, 3, 18.77, [144434, 66076, 283]
42, 4, 18.61, [144434, 66076, 283]
42, 5, 18.07, [144434, 66076, 11925]
42, 6, 17.97, [98065, 66076, 284]
42, 7, 17.63, [144434, 66076, 11387]
42, 8, 17.6, [144434, 66076, 11387]
42, 9, 17.09, [80449, 66076, 11388]
42, 10, 16.84, [98065, 66076, 90]
42, 11, 16.4, [96147, 66076, 285]
42, 12, 16.33, [127089, 66076, 90]
42, 13, 15.11, [144434, 66078, 11388]
42, 14, 14.74, [56237, 66076, 94016]
42, 15, 13.79, [47500, 66076, 12067]
42, 16, 13.73, [66079, 66076, 94016]
42, 17, 13.57, [13042, 96144, 11388]
42, 18, 13.37, [56241, 89, 70199]
42, 19, 13.34, [98065, 70195, 11388]
42, 20, 13.32, [144434, 70196, 77088]
42, 21, 13.11, [93408, 66076, 127088]
42, 22, 13.09, [144434, 66169, 47392]
42, 23, 13.0, [144434, 66079, 283]
42, 24, 12.35, [283, 70195, 11388]
42, 25, 12.15, [46, 280, 11388]
42, 26, 11.88, [144434, 94015, 90]
42, 27, 11.82, [40786, 70194, 11388]
42, 28, 11.79, [40786, 70193, 98065]
42, 29, 11.01, [98065, 66079, 283]
42, 30, 10.67, [144434, 70195, 126458]
42, 31, 9.48, [144434, 113477, 11925]
43, 0, 21.52, [144434, 66076, 11388]
43, 1, 21.37, [144434, 66076, 11388]
43, 2, 19.28, [127089, 66076, 11388]
43, 3, 18.87, [46, 66076, 11388]
43, 4, 18.22, [98065, 66076, 283]
43, 5, 17.57, [144434, 66076, 11925]
43, 6, 17.54, [56237, 66076, 11388]
43, 7, 17.41, [144434, 66076, 124712]
43, 8, 17.32, [144434, 66076, 11387]
43, 9, 17.2, [144434, 66076, 1062]
43, 10, 16.91, [144434, 66076, 150655]
43, 11, 16.76, [127089, 70193, 11388]
43, 12, 16.68, [98065, 66076, 11387]
43, 13, 16.54, [279, 66076, 283]
43, 14, 16.39, [127089, 66076, 98062]
43, 15, 16.32, [127089, 66076, 90]
43, 16, 15.68, [96147, 66076, 6376]
43, 17, 15.21, [144434, 66079, 11388]
43, 18, 15.0, [88, 66076, 14223]
43, 19, 14.98, [144434, 85839, 90]
43, 20, 14.39, [284, 66076, 280]
43, 21, 14.2, [144434, 66079, 11388]
43, 22, 14.08, [127089, 96144, 11388]
43, 23, 14.04, [144434, 66078, 88]
43, 24, 13.19, [144434, 66078, 283]
43, 25, 13.14, [47500, 66076, 12067]
43, 26, 12.97, [96147, 70194, 70196]
43, 27, 12.37, [88, 93408, 11388]
43, 28, 12.2, [144434, 70198, 286]
43, 29, 12.13, [144434, 14197, 70195]
43, 30, 11.48, [56237, 66079, 11388]
43, 31, 11.29, [98065, 70194, 86543]
43, 32, 10.48, [13042, 96144, 77088]
44, 0, 21.52, [144434, 66076, 11388]
44, 1, 21.37, [144434, 66076, 11388]
44, 2, 19.54, [56240, 66076, 11388]
44, 3, 18.92, [130282, 66076, 11388]
44, 4, 18.66, [100807, 66076, 11388]
44, 5, 17.4, [98065, 66076, 121382]
44, 6, 17.15, [98065, 66076, 11387]
44, 7, 17.14, [98065, 66076, 127089]
44, 8, 17.02, [144434, 66076, 12067]
44, 9, 16.87, [144434, 66076, 86543]
44, 10, 16.81, [98065, 70193, 11388]
44, 11, 16.7, [80450, 66076, 283]
44, 12, 16.34, [144434, 70194, 11388]
44, 13, 15.8, [56237, 66076, 80450]
44, 14, 15.27, [127089, 66076, 12067]
44, 15, 15.02, [144434, 66079, 11388]
44, 16, 14.88, [90, 66076, 124712]
44, 17, 14.83, [127089, 66076, 126458]
44, 18, 14.38, [89, 66076, 113478]
44, 19, 14.09, [12067, 66076, 70199]
44, 20, 14.07, [127089, 96148, 11388]
44, 21, 13.69, [127089, 70193, 6376]
44, 22, 13.12, [98065, 93406, 11388]
44, 23, 13.09, [283, 285, 11388]
44, 24, 12.97, [126458, 66076, 150655]
44, 25, 12.26, [98065, 73931, 14200]
44, 26, 11.17, [144434, 278, 12067]
44, 27, 11.02, [100807, 81178, 11388]
44, 28, 10.12, [127089, 70194, 113477]
44, 29, 9.95, [46, 86, 124712]
44, 30, 9.6, [144434, 70195, 93408]
44, 31, 9.44, [98065, 113477, 124712]
44, 32, 9.19, [98065, 70198, 11925]
44, 33, 9.02, [127089, 98063, 11387]
45, 0, 21.52, [144434, 66076, 11388]
45, 1, 21.37, [144434, 66076, 11388]
45, 2, 20.0, [144434, 66076, 88]
45, 3, 19.76, [98062, 66076, 11388]
45, 4, 19.74, [56239, 66076, 11388]
45, 5, 19.01, [46, 66076, 11388]
45, 6, 18.81, [130282, 66076, 11388]
45, 7, 18.69, [56240, 66076, 89]
45, 8, 17.81, [56240, 66076, 90]
45, 9, 17.49, [144434, 66076, 1060]
45, 10, 17.13, [100807, 13042, 66076]
45, 11, 17.05, [98062, 66076, 11387]
45, 12, 16.92, [144434, 66076, 12067]
45, 13, 16.69, [96148, 66076, 46]
45, 14, 16.5, [144434, 70364, 11388]
45, 15, 16.36, [144434, 70194, 11388]
45, 16, 16.18, [98065, 66076, 11925]
45, 17, 16.12, [98065, 66076, 12067]
45, 18, 15.91, [148118, 66076, 80450]
45, 19, 15.05, [144434, 66079, 11388]
45, 20, 15.04, [56240, 87, 11388]
45, 21, 14.37, [98062, 70193, 12067]
45, 22, 13.49, [98065, 66079, 11388]
45, 23, 13.47, [56237, 66076, 12067]
45, 24, 12.69, [96648, 66076, 86543]
45, 25, 12.3, [144434, 96147, 11925]
45, 26, 12.19, [94015, 66076, 113478]
45, 27, 11.81, [56240, 70196, 86543]
45, 28, 11.24, [70194, 96147, 11387]
45, 29, 10.72, [144434, 70195, 94017]
45, 30, 10.24, [130282, 280, 121382]
45, 31, 10.11, [823, 40788, 11388]
45, 32, 9.31, [1927, 47500, 11388]
45, 33, 8.56, [100807, 96147, 121382]
45, 34, 8.4, [86, 70195, 40786]
46, 0, 21.52, [144434, 66076, 11388]
46, 1, 21.37, [144434, 66076, 11388]
46, 2, 20.28, [144434, 66076, 11388]
46, 3, 19.93, [88, 66076, 11388]
46, 4, 19.64, [144434, 66076, 89]
46, 5, 19.48, [98065, 66076, 11388]
46, 6, 19.39, [144434, 66076, 90]
46, 7, 19.1, [144434, 66076, 88]
46, 8, 19.04, [144434, 66076, 285]
46, 9, 18.94, [144434, 66076, 86]
46, 10, 18.83, [127089, 66076, 89]
46, 11, 18.76, [56240, 70193, 11388]
46, 12, 17.76, [66170, 66076, 11388]
46, 13, 17.38, [144434, 66076, 6376]
46, 14, 17.37, [144434, 66076, 6376]
46, 15, 16.99, [144434, 66076, 12067]
46, 16, 16.94, [56240, 66076, 11925]
46, 17, 16.89, [56240, 66076, 11925]
46, 18, 16.69, [56239, 66076, 284]
46, 19, 16.63, [127089, 66076, 13042]
46, 20, 16.61, [96148, 70193, 11388]
46, 21, 16.51, [56239, 66076, 148118]
46, 22, 16.13, [98062, 70194, 11388]
46, 23, 15.89, [80449, 66076, 47392]
46, 24, 15.89, [46, 66076, 86]
46, 25, 15.86, [87, 66076, 89]
46, 26, 15.65, [70193, 66076, 11925]
46, 27, 15.46, [56239, 66076, 12067]
46, 28, 15.01, [56240, 66076, 66169]
46, 29, 14.75, [100807, 66076, 66169]
46, 30, 14.04, [56240, 66079, 11388]
46, 31, 13.84, [144434, 70196, 1060]
46, 32, 13.01, [100807, 88, 282]
46, 33, 12.21, [98062, 70194, 12067]
46, 34, 11.81, [56239, 66167, 46]
46, 35, 9.39, [130282, 70195, 823]
47, 0, 21.52, [144434, 66076, 11388]
47, 1, 21.37, [144434, 66076, 11388]
47, 2, 20.71, [144434, 66076, 11388]
47, 3, 19.24, [98065, 66076, 11388]
47, 4, 19.19, [96148, 66076, 11388]
47, 5, 18.74, [127089, 66076, 11388]
47, 6, 18.25, [144434, 66076, 279]
47, 7, 18.0, [144434, 70193, 89]
47, 8, 17.93, [284, 66076, 88]
47, 9, 17.75, [144434, 66076, 11925]
47, 10, 17.51, [144434, 66076, 11387]
47, 11, 17.32, [284, 66076, 47392]
47, 12, 17.24, [144434, 66076, 11387]
47, 13, 16.9, [80450, 66076, 285]
47, 14, 16.43, [100807, 66076, 121382]
47, 15, 16.43, [144434, 70199, 11388]
47, 16, 16.23, [144434, 85839, 88]
47, 17, 16.14, [127089, 66076, 90]
47, 18, 15.6, [86, 66076, 85838]
47, 19, 15.17, [100807, 66076, 93406]
47, 20, 14.44, [66171, 70193, 59751]
47, 21, 14.3, [144434, 47500, 11388]
47, 22, 14.04, [93407, 66076, 90]
47, 23, 13.85, [59751, 100807, 11388]
47, 24, 13.85, [127089, 70194, 88]
47, 25, 13.01, [283, 66079, 11388]
47, 26, 12.61, [56240, 70193, 14223]
47, 27, 12.54, [96648, 70194, 88]
47, 28, 12.3, [66167, 66079, 59751]
47, 29, 11.47, [96148, 150655, 89]
47, 30, 11.04, [98065, 96648, 56240]
47, 31, 10.83, [279, 98063, 13042]
47, 32, 10.69, [90, 70196, 221360]
47, 33, 10.42, [144434, 96648, 11925]
47, 34, 10.14, [127089, 823, 285]
47, 35, 9.58, [144434, 96648, 66170]
47, 36, 9.0, [127089, 96148, 40786]
48, 0, 21.52, [144434, 66076, 11388]
48, 1, 21.37, [144434, 66076, 11388]
48, 2, 20.03, [98065, 66076, 11388]
48, 3, 19.3, [14198, 66076, 11388]
48, 4, 19.15, [98065, 66076, 11388]
48, 5, 18.36, [100807, 66076, 11388]
48, 6, 17.61, [148118, 66076, 11388]
48, 7, 17.46, [144434, 66076, 12067]
48, 8, 17.34, [11925, 66076, 89]
48, 9, 17.06, [144434, 66076, 12067]
48, 10, 16.85, [100807, 66076, 279]
48, 11, 16.47, [80450, 66076, 11925]
48, 12, 16.4, [98065, 66076, 280]
48, 13, 15.93, [144434, 66076, 12067]
48, 14, 15.81, [85838, 66076, 284]
48, 15, 15.58, [144434, 13042, 11388]
48, 16, 15.48, [94017, 66076, 47392]
48, 17, 15.0, [96148, 70196, 11388]
48, 18, 14.93, [144434, 66079, 11388]
48, 19, 14.31, [144434, 70195, 11388]
48, 20, 14.13, [284, 66076, 558]
48, 21, 13.99, [144434, 284, 88]
48, 22, 13.85, [127089, 70196, 88]
48, 23, 13.56, [86543, 66076, 70199]
48, 24, 13.24, [285, 66079, 11388]
48, 25, 13.0, [96148, 93407, 11388]
48, 26, 12.7, [144434, 85839, 12067]
48, 27, 12.64, [76776, 14200, 11388]
48, 28, 12.38, [40787, 70194, 11388]
48, 29, 12.29, [100807, 70198, 11388]
48, 30, 11.81, [1927, 98065, 11388]
48, 31, 11.57, [144434, 6376, 11388]
48, 32, 10.38, [66079, 40786, 11388]
48, 33, 10.32, [13042, 70195, 279]
48, 34, 9.75, [284, 70195, 279]
48, 35, 9.17, [127089, 70195, 11925]
48, 36, 9.09, [40786, 558, 11388]
48, 37, 8.99, [80449, 113478, 11388]
49, 0, 21.52, [144434, 66076, 11388]
49, 1, 21.37, [144434, 66076, 11388]
49, 2, 19.67, [98065, 66076, 11388]
49, 3, 19.51, [11388, 66076, 47392]
49, 4, 19.12, [127089, 66076, 11388]
49, 5, 19.03, [144434, 66076, 46]
49, 6, 18.54, [127089, 66076, 89]
49, 7, 18.29, [127089, 66076, 11388]
49, 8, 18.06, [144434, 70193, 89]
49, 9, 17.98, [98062, 66076, 284]
49, 10, 17.88, [14197, 66076, 11388]
49, 11, 17.29, [12067, 66076, 89]
49, 12, 16.98, [70365, 66076, 76776]
49, 13, 16.77, [100807, 66076, 46]
49, 14, 16.72, [98065, 66076, 70199]
49, 15, 16.47, [144434, 66076, 558]
49, 16, 16.24, [98065, 66076, 11387]
49, 17, 16.23, [1927, 66076, 11388]
49, 18, 16.12, [98065, 70196, 11388]
49, 19, 15.38, [98065, 86, 11388]
49, 20, 14.96, [98065, 70194, 11388]
49, 21, 14.68, [98062, 66079, 11388]
49, 22, 14.67, [66171, 66076, 126458]
49, 23, 14.6, [98065, 66076, 14223]
49, 24, 14.47, [100807, 66076, 14223]
49, 25, 14.27, [98065, 66076, 14223]
49, 26, 14.2, [96648, 66076, 279]
49, 27, 14.05, [14198, 70196, 11388]
49, 28, 13.76, [94017, 66076, 11925]
49, 29, 13.31, [11925, 66076, 11387]
49, 30, 12.82, [144434, 6376, 286]
49, 31, 12.62, [148118, 66076, 42918]
49, 32, 12.33, [86543, 70194, 11388]
49, 33, 11.83, [56237, 278, 11388]
49, 34, 11.46, [56240, 70195, 80450]
49, 35, 10.89, [11925, 70194, 11388]
49, 36, 10.55, [98065, 70365, 12067]
49, 37, 10.43, [100807, 70195, 14201]
49, 38, 8.69, [11925, 70195, 11388]
50, 0, 21.52, [144434, 66076, 11388]
50, 1, 21.37, [144434, 66076, 11388]
50, 2, 20.07, [98062, 66076, 11388]
50, 3, 19.35, [98062, 66076, 47392]
50, 4, 18.71, [127089, 66076, 47392]
50, 5, 18.48, [98062, 66076, 62858]
50, 6, 18.13, [98062, 70193, 11388]
50, 7, 17.81, [100807, 66076, 47392]
50, 8, 17.06, [127089, 66076, 76776]
50, 9, 16.9, [127089, 66076, 284]
50, 10, 16.88, [98062, 66076, 11387]
50, 11, 16.62, [98065, 66076, 14200]
50, 12, 16.58, [12067, 66076, 89]
50, 13, 16.44, [100807, 66076, 70365]
50, 14, 16.29, [98065, 66076, 11387]
50, 15, 15.98, [98062, 70193, 56241]
50, 16, 15.85, [144434, 66076, 66078]
50, 17, 14.99, [144434, 66078, 11388]
50, 18, 14.52, [127089, 70193, 14198]
50, 19, 14.43, [127089, 70194, 11388]
50, 20, 14.27, [144434, 70195, 89]
50, 21, 14.03, [285, 66076, 81178]
50, 22, 13.87, [98062, 66079, 89]
50, 23, 13.61, [100807, 66079, 11388]
50, 24, 13.6, [14197, 66076, 70195]
50, 25, 13.55, [100807, 56241, 11388]
50, 26, 13.29, [6376, 66076, 1927]
50, 27, 13.19, [12067, 70193, 91978]
50, 28, 12.7, [70195, 13042, 11388]
50, 29, 12.42, [126458, 66076, 81178]
50, 30, 12.24, [144434, 70195, 284]
50, 31, 11.82, [144434, 66079, 11387]
50, 32, 11.77, [113478, 66076, 11387]
50, 33, 11.59, [127089, 66079, 70199]
50, 34, 10.63, [40786, 66076, 14223]
50, 35, 10.41, [40786, 66078, 11388]
50, 36, 10.12, [12067, 100807, 11388]
50, 37, 10.0, [1061, 96648, 47392]
50, 38, 9.79, [93408, 88, 66171]
50, 39, 9.0, [127089, 91978, 113478]
