generation number, pop_size, worst, best, median, avg, std, diversity, improvement, number_of_selections
0, 10, 6.87, 12.2, 9.48, 9.756, 1.879846802268738,0.8814814814814815,0,[1.e-300]
1, 10, 10.48, 15.62, 11.895, 12.012, 1.448066296824838,0.8962962962962963,0.28032786885245903,[10.]
2, 10, 11.4, 16.9, 13.61, 13.594999999999999, 1.6864059416403865,0.7481481481481482,0.08194622279129318,[20.]
3, 10, 11.26, 16.9, 12.795, 13.242999999999999, 1.6982170061567512,0.7481481481481481,0.0,[30.]
4, 10, 10.39, 16.9, 12.06, 12.604000000000001, 1.9980400396388451,0.8222222222222222,0.0,[40.]
5, 10, 13.0, 17.7, 14.870000000000001, 15.01, 1.4675966748395142,0.7703703703703704,0.04733727810650892,[50.]
6, 10, 13.72, 17.7, 16.595, 15.953999999999999, 1.2858631342409654,0.7407407407407407,0.0,[60.]
7, 10, 10.5, 17.7, 13.895, 13.719, 2.496066705839409,0.7851851851851852,0.0,[70.]
8, 10, 10.36, 17.7, 13.67, 13.846999999999998, 2.2904674195456263,0.8148148148148149,0.0,[80.]
9, 10, 11.49, 17.7, 15.315, 15.209999999999999, 1.8812761626087753,0.5555555555555556,0.0,[90.]
10, 10, 9.98, 17.7, 13.15, 13.600999999999999, 2.4768627333786584,0.8074074074074074,0.0,[100.]
