generation number, pop_size, worst, best, median, avg, std, diversity, improvement, number_of_selections
0, 10, 2.01, 2.12, 2.035, 2.0479999999999996, 0.03429285639896452,0.9888888888888889,0,[1.e-300]
1, 10, 2.06, 2.12, 2.08, 2.0799999999999996, 0.016733200530681523,0.8888888888888888,0.0,[1.e-300]
2, 10, 2.05, 2.12, 2.06, 2.075, 0.022912878474779196,0.9222222222222222,0.0,[1.e-300]
3, 10, 2.03, 2.12, 2.085, 2.083, 0.029342801502242468,0.9111111111111111,0.0,[1.e-300]
4, 10, 2.08, 2.13, 2.1, 2.1, 0.018439088914585743,0.8777777777777778,0.004716981132075371,[1.e-300]
5, 10, 2.04, 2.15, 2.09, 2.0919999999999996, 0.032802438933713464,0.9111111111111111,0.009389671361502356,[1.e-300]
6, 10, 2.02, 2.15, 2.065, 2.0759999999999996, 0.037469987990390384,0.8666666666666667,0.0,[1.e-300]
7, 10, 2.04, 2.15, 2.0549999999999997, 2.0799999999999996, 0.04195235392680607,0.9111111111111111,0.0,[1.e-300]
8, 10, 2.03, 2.15, 2.09, 2.091, 0.032695565448543636,0.8666666666666667,0.0,[1.e-300]
9, 10, 2.05, 2.15, 2.07, 2.0829999999999997, 0.03195309061734094,0.8666666666666667,0.0,[1.e-300]
10, 10, 2.04, 2.18, 2.09, 2.0949999999999998, 0.044777226354476264,0.8333333333333333,0.01395348837209314,[1.e-300]
