num_genrations,diversity,improvement,best_fitness
0,0.9921370967741936,0,990.11
1,0.8617607526881721,-0.0006059932734746874,989.51
2,0.728763440860215,0.014552657375872883,1003.91
3,0.5588709677419355,0.06758573975754802,1071.76
4,0.3587365591397851,0.0,1071.76
5,0.4547043010752687,0.033701574979473126,1107.88
6,0.103494623655914,0.025878253962522874,1136.55
7,0.18057795698924717,0.027143548458053002,1167.4
8,0.28340053763440876,-0.02642624635943133,1136.55
9,0.21646505376344072,0.0,1136.55
10,0.03548387096774208,0.0006510932207118113,1137.29
