generation number, individual number, fitness, candidate
0, 0, 9.85, [3742, 3100]
0, 1, 9.28, [359, 2229]
0, 2, 7.57, [3759, 3752]
0, 3, 7.52, [3758, 4128]
0, 4, 6.89, [1896, 702]
0, 5, 6.71, [3756, 3741]
0, 6, 6.69, [1040, 3733]
0, 7, 6.58, [3758, 3746]
0, 8, 5.83, [3748, 3745]
0, 9, 4.49, [3737, 4301]
1, 0, 10.72, [3736, 4128]
1, 1, 9.85, [3742, 3100]
1, 2, 9.76, [689, 4128]
1, 3, 9.48, [3750, 3100]
1, 4, 9.28, [359, 2229]
1, 5, 8.84, [3742, 3756]
1, 6, 8.08, [1896, 3100]
1, 7, 7.57, [101, 3756]
1, 8, 6.38, [3742, 2464]
1, 9, 5.24, [3758, 3740]
2, 0, 10.72, [3736, 4128]
2, 1, 9.95, [3746, 284]
2, 2, 9.88, [3736, 33]
2, 3, 9.85, [3742, 3100]
2, 4, 9.41, [271, 3736]
2, 5, 9.23, [689, 3742]
2, 6, 8.92, [3754, 3100]
2, 7, 8.09, [3733, 4128]
2, 8, 8.03, [689, 4130]
2, 9, 7.92, [3743, 4128]
3, 0, 13.67, [3736, 282]
3, 1, 10.72, [3736, 4128]
3, 2, 10.37, [3752, 4128]
3, 3, 9.95, [3746, 284]
3, 4, 8.77, [3105, 1987]
3, 5, 8.62, [3746, 3100]
3, 6, 8.42, [271, 689]
3, 7, 7.81, [3742, 3760]
3, 8, 6.93, [293, 4128]
3, 9, 6.5, [1321, 3397]
4, 0, 13.67, [3736, 282]
4, 1, 13.47, [3752, 77]
4, 2, 11.68, [77, 1315]
4, 3, 11.0, [3739, 282]
4, 4, 10.87, [546, 77]
4, 5, 10.72, [3736, 4128]
4, 6, 10.22, [3736, 4130]
4, 7, 9.99, [3736, 4129]
4, 8, 9.59, [3736, 4131]
4, 9, 8.01, [3736, 3102]
5, 0, 13.67, [3736, 282]
5, 1, 13.47, [3752, 77]
5, 2, 13.37, [3752, 77]
5, 3, 11.72, [77, 4128]
5, 4, 10.6, [3736, 352]
5, 5, 10.52, [3736, 352]
5, 6, 9.84, [77, 293]
5, 7, 9.32, [2261, 282]
5, 8, 8.29, [3752, 2400]
5, 9, 8.03, [3736, 263]
6, 0, 13.67, [3736, 282]
6, 1, 13.63, [3752, 77]
6, 2, 13.47, [3752, 77]
6, 3, 11.85, [3736, 159]
6, 4, 11.54, [3733, 77]
6, 5, 11.19, [3752, 284]
6, 6, 10.88, [3741, 282]
6, 7, 10.16, [275, 77]
6, 8, 10.1, [3100, 689]
6, 9, 5.87, [1987, 3777]
7, 0, 13.68, [3752, 77]
7, 1, 13.67, [3736, 282]
7, 2, 13.63, [3752, 77]
7, 3, 13.57, [3752, 77]
7, 4, 12.58, [72, 77]
7, 5, 12.25, [3736, 159]
7, 6, 11.79, [3744, 77]
7, 7, 11.58, [3744, 77]
7, 8, 10.89, [3755, 77]
7, 9, 10.6, [3754, 282]
8, 0, 13.68, [3752, 77]
8, 1, 13.67, [3736, 282]
8, 2, 12.08, [3744, 77]
8, 3, 10.99, [3752, 284]
8, 4, 10.46, [1092, 1825]
8, 5, 9.23, [3105, 1032]
8, 6, 8.11, [2156, 3758]
8, 7, 7.59, [24, 3737]
8, 8, 6.28, [295, 3748]
8, 9, 5.58, [1829, 263]
9, 0, 13.68, [3752, 77]
9, 1, 13.67, [3736, 282]
9, 2, 12.04, [3754, 77]
9, 3, 11.16, [4128, 1825]
9, 4, 10.52, [4131, 77]
9, 5, 10.37, [33, 77]
9, 6, 10.21, [1092, 282]
9, 7, 9.88, [3752, 1541]
9, 8, 9.39, [3740, 1825]
9, 9, 8.19, [1040, 284]
10, 0, 14.64, [3736, 77]
10, 1, 13.68, [3752, 77]
10, 2, 13.67, [3736, 282]
10, 3, 12.06, [3736, 159]
10, 4, 11.11, [3754, 77]
10, 5, 10.31, [3753, 77]
10, 6, 9.92, [1831, 4130]
10, 7, 9.34, [1831, 1896]
10, 8, 9.1, [3752, 279]
10, 9, 8.81, [1040, 2229]
