n_nodes,influence,n0,n1,n2,n3,n4,n5,n6
7,52.1000,211539,148099,239526,226636,176598,100888,83804
7,51.5100,148099,239526,83804,226636,176598,100888,151936
7,51.5100,148099,239526,83804,226636,176598,100888,151936
7,51.5100,148099,239526,83804,226636,176598,100888,151936
7,51.5100,148099,239526,83804,226636,176598,100888,151936
7,51.5100,148099,239526,83804,226636,176598,100888,151936
7,51.5100,148099,239526,83804,226636,176598,100888,151936
7,51.5100,148099,239526,83804,226636,176598,100888,151936
7,51.5100,148099,239526,83804,226636,176598,100888,151936
7,51.5100,148099,239526,83804,226636,176598,100888,151936
7,51.5100,148099,239526,83804,226636,176598,100888,151936
7,51.5100,148099,239526,83804,226636,176598,100888,151936
7,51.5100,148099,239526,83804,226636,176598,100888,151936
7,51.5100,148099,239526,83804,226636,176598,100888,151936
7,51.5100,148099,239526,83804,226636,176598,100888,151936
7,51.4400,148099,239526,83804,226636,176598,100888,151936
