n_nodes,influence,n0,n1,n2,n3,n4,n5,n6,n7,n8,n9
10,76.0500,12182,7110,25516,48176,16375,36297,2561,44379,26666,65326
10,75.2600,12182,7110,25516,48176,16375,36297,2561,44379,26666,65326
10,69.1800,2561,59938,7110,36297,26666,25516,65326,48176,16375,16195
10,67.7700,59938,7110,25516,48176,16375,75505,2561,44379,26666,65326
10,66.8300,11278,59938,7110,36297,26666,25516,65326,48176,16375,44379
10,66.2900,59938,7110,25516,48176,16375,36297,2561,44379,26666,65326
10,66.2900,59938,7110,25516,48176,16375,36297,2561,44379,26666,65326
10,66.2900,59938,7110,25516,48176,16375,36297,2561,44379,26666,65326
10,65.6800,2561,59938,7110,26106,26666,25516,65326,48176,16375,44379
10,64.8900,59938,7110,25516,48176,16375,36297,2561,44379,26666,65326
10,64.8900,59938,7110,25516,48176,16375,36297,2561,44379,26666,65326
10,64.8900,59938,7110,25516,48176,16375,36297,2561,44379,26666,65326
10,64.8900,59938,7110,25516,48176,16375,36297,2561,44379,26666,65326
10,64.8900,59938,7110,25516,48176,16375,36297,2561,44379,26666,65326
10,64.8900,59938,7110,25516,48176,16375,36297,2561,44379,26666,65326
10,64.8900,59938,7110,25516,48176,16375,36297,2561,44379,26666,65326
10,64.7000,59938,7110,25516,48176,16375,36297,2561,44379,26666,65326
10,61.0900,59938,7110,25516,48176,16375,36297,2561,44379,26666,65326
10,60.1600,59938,7110,58042,10528,26408,75505,2561,44379,26666,65326
10,56.5000,12182,50811,25516,48176,16375,36297,2561,44379,26666,65326
10,55.2700,10528,2561,26408,26666,65326,75505,2033,12182,58042,50811
10,54.2400,12182,50811,58042,10528,26408,75505,2561,44379,26666,65326
10,54.2400,12182,50811,58042,10528,26408,75505,2561,44379,26666,65326
10,54.2400,12182,50811,58042,10528,26408,75505,2561,44379,26666,65326
10,54.2400,12182,50811,58042,10528,26408,75505,2561,44379,26666,65326
10,54.2400,12182,50811,58042,10528,26408,75505,2561,44379,26666,65326
10,54.2400,12182,50811,58042,10528,26408,75505,2561,44379,26666,65326
10,54.2400,12182,50811,58042,10528,26408,75505,2561,44379,26666,65326
10,54.2400,12182,50811,58042,10528,26408,75505,2561,44379,26666,65326
10,54.2400,12182,50811,58042,10528,26408,75505,2561,44379,26666,65326
10,54.2400,12182,50811,58042,10528,26408,75505,2561,44379,26666,65326
10,54.2400,12182,50811,58042,10528,26408,75505,2561,44379,26666,65326
