n_nodes,influence,n0,n1,n2,n3,n4
5,24.7000,63547,116621,243341,21455,62288
5,23.9200,226314,116621,21455,243341,62288
5,23.9200,226314,116621,21455,243341,62288
5,23.9200,226314,116621,21455,243341,62288
5,23.9200,226314,116621,21455,243341,62288
5,23.9200,226314,116621,21455,243341,62288
5,23.9200,226314,116621,21455,243341,62288
5,23.9200,226314,116621,21455,243341,62288
5,23.9200,226314,116621,21455,243341,62288
5,23.9200,226314,116621,21455,243341,62288
5,23.3300,226314,116621,21455,243341,62288
5,23.3300,226314,116621,21455,243341,62288
5,23.3200,62288,116621,243341,84786,234423
5,23.2700,62288,116621,243341,84786,234423
5,23.2500,226314,116621,21455,243341,62288
5,23.2500,226314,116621,21455,243341,62288
5,23.1900,226314,116621,21455,243341,62288
5,23.1900,62288,116621,243341,89482,221414
5,23.1900,62288,116621,243341,89482,221414
5,23.1900,62288,116621,243341,89482,221414
5,23.0900,226314,116621,21455,243341,234423
5,22.7500,62288,116621,243341,89482,221414
5,22.6700,96558,116621,243341,21455,62288
5,22.6600,226314,116621,21455,243341,62288
5,22.6000,62288,251786,243341,84786,234423
5,22.5500,62288,251786,243341,84786,234423
5,22.5400,62288,251786,243341,84786,234423
5,22.5400,221414,251786,247117,243341,62288
5,22.5400,221414,251786,247117,243341,62288
5,22.5400,221414,251786,247117,243341,62288
5,22.5400,62288,251786,243341,84786,234423
5,22.5400,221414,251786,247117,243341,62288
5,22.5400,221414,251786,247117,243341,62288
5,22.3800,62288,251786,243341,84786,234423
5,22.3600,62288,251786,243341,84786,234423
5,22.3600,62288,251786,243341,84786,234423
5,22.3600,62288,251786,243341,84786,234423
5,22.3500,62288,251786,243341,84786,221414
5,22.3400,62288,251786,243341,84786,234423
5,22.3400,62288,117916,243341,84786,234423
5,22.3200,62288,251786,243341,84786,234423
5,22.3200,226314,116621,243341,21455,68054
5,22.2300,226314,116621,243341,21455,137348
5,22.2100,62288,251786,243341,84786,234423
5,22.2000,62288,251786,243341,84786,234423
5,22.2000,62288,251786,243341,84786,234423
5,22.2000,62288,251786,243341,84786,234423
5,22.2000,62288,251786,243341,84786,234423
5,22.2000,62288,251786,243341,84786,234423
5,22.2000,62288,251786,243341,84786,234423
5,22.2000,62288,251786,243341,84786,234423
5,22.2000,62288,251786,243341,84786,234423
5,22.2000,62288,251786,243341,84786,234423
5,22.2000,62288,251786,243341,84786,234423
5,22.2000,62288,251786,243341,84786,234423
5,22.1500,226314,116621,243341,84786,234423
5,22.1200,226314,116621,243341,84786,234423
5,22.1200,62288,251786,243341,84786,234423
5,22.0900,62288,251786,243341,84786,234423
5,22.0900,62288,251786,243341,84786,234423
5,22.0700,62288,251786,243341,84786,221414
5,22.0100,62288,251786,243341,84786,234423
5,21.9700,62288,251786,243341,89482,221414
5,21.9700,62288,117916,243341,84786,234423
