generation number, individual number, fitness, candidate
0, 0, 17.47, [1224, 1425]
0, 1, 8.0, [905, 695]
0, 2, 7.0, [1424, 576]
0, 3, 7.0, [1351, 831]
0, 4, 6.0, [4227, 2332]
0, 5, 4.0, [2377, 1028]
0, 6, 3.62, [1715, 1230]
0, 7, 3.0, [717, 1190]
0, 8, 2.0, [1715, 1059]
0, 9, 2.0, [1090, 970]
1, 0, 19.0, [1091, 1425]
1, 1, 17.47, [1224, 1425]
1, 2, 12.0, [1351, 140]
1, 3, 12.0, [1351, 140]
1, 4, 10.0, [751, 576]
1, 5, 9.0, [1059, 1425]
1, 6, 8.0, [905, 695]
1, 7, 7.0, [1480, 831]
1, 8, 6.0, [1518, 2332]
1, 9, 5.0, [314, 1141]
2, 0, 19.0, [1091, 1425]
2, 1, 17.47, [1224, 1425]
2, 2, 13.0, [1442, 1425]
2, 3, 12.0, [1091, 1201]
2, 4, 10.5, [1224, 5684]
2, 5, 7.0, [785, 421]
2, 6, 5.0, [751, 1518]
2, 7, 5.0, [1906, 421]
2, 8, 5.0, [751, 1311]
2, 9, 4.55, [1402, 1906]
3, 0, 19.0, [1091, 1425]
3, 1, 17.47, [1224, 1425]
3, 2, 13.0, [1091, 1247]
3, 3, 12.49, [1224, 1620]
3, 4, 10.44, [1224, 1201]
3, 5, 9.5, [1430, 1990]
3, 6, 6.0, [2332, 1064]
3, 7, 5.0, [326, 1201]
3, 8, 5.0, [751, 4227]
3, 9, 2.0, [1149, 1368]
4, 0, 63.4, [717, 1509]
4, 1, 19.0, [1091, 1425]
4, 2, 17.47, [1224, 1425]
4, 3, 16.0, [1091, 2332]
4, 4, 13.0, [1091, 1475]
4, 5, 10.53, [1224, 4227]
4, 6, 10.42, [1224, 1064]
4, 7, 9.06, [1350, 1695]
4, 8, 9.0, [1311, 1425]
4, 9, 6.0, [1430, 2110]
5, 0, 65.52, [421, 1509]
5, 1, 63.4, [717, 1509]
5, 2, 19.0, [1091, 1425]
5, 3, 12.0, [1091, 3124]
5, 4, 12.0, [1091, 1064]
5, 5, 10.0, [1078, 1425]
5, 6, 9.0, [1378, 1425]
5, 7, 7.0, [1430, 1058]
5, 8, 6.0, [1424, 1025]
5, 9, 3.0, [1378, 1475]
6, 0, 65.52, [421, 1509]
6, 1, 63.4, [717, 1509]
6, 2, 61.18, [1311, 1509]
6, 3, 11.0, [695, 1068]
6, 4, 7.0, [2377, 1141]
6, 5, 7.0, [2320, 314]
6, 6, 7.0, [1025, 1403]
6, 7, 6.0, [695, 645]
6, 8, 6.0, [2332, 1212]
6, 9, 5.0, [421, 1201]
7, 0, 67.31, [695, 1509]
7, 1, 65.52, [421, 1509]
7, 2, 63.4, [717, 1509]
7, 3, 61.22, [1509, 1990]
7, 4, 12.08, [421, 1350]
7, 5, 9.0, [749, 2320]
7, 6, 7.0, [2171, 1201]
7, 7, 5.4, [1311, 1990]
7, 8, 4.0, [1058, 1368]
7, 9, 3.0, [717, 970]
8, 0, 67.31, [695, 1509]
8, 1, 65.52, [421, 1509]
8, 2, 61.96, [1064, 1509]
8, 3, 10.54, [1224, 1368]
8, 4, 9.0, [787, 1425]
8, 5, 8.0, [695, 1935]
8, 6, 7.0, [1351, 1168]
8, 7, 6.0, [717, 1141]
8, 8, 5.0, [975, 571]
8, 9, 4.5, [1378, 1328]
9, 0, 67.31, [695, 1509]
9, 1, 65.52, [421, 1509]
9, 2, 12.0, [2171, 695]
9, 3, 9.0, [695, 320]
9, 4, 8.9, [3662, 1350]
9, 5, 7.55, [1990, 571]
9, 6, 7.0, [2332, 1146]
9, 7, 7.0, [695, 5684]
9, 8, 5.0, [326, 1201]
9, 9, 5.0, [787, 905]
10, 0, 67.31, [695, 1509]
10, 1, 66.19, [2171, 1509]
10, 2, 65.52, [421, 1509]
10, 3, 10.0, [421, 1351]
10, 4, 7.0, [1068, 1247]
10, 5, 7.0, [1417, 1058]
10, 6, 7.0, [1332, 975]
10, 7, 7.0, [140, 1311]
10, 8, 6.0, [717, 1827]
10, 9, 4.49, [1190, 1328]
