generation number, individual number, fitness, candidate
0, 0, 2.11, [283, 47392]
0, 1, 2.09, [56239, 11387]
0, 2, 2.09, [56240, 14197]
0, 3, 2.07, [113477, 286]
0, 4, 2.06, [11388, 100807]
0, 5, 2.06, [87, 40787]
0, 6, 2.05, [1063, 40787]
0, 7, 2.04, [126458, 93407]
0, 8, 2.01, [70197, 80450]
0, 9, 2.01, [96147, 93408]
1, 0, 2.13, [62858, 286]
1, 1, 2.11, [56239, 14199]
1, 2, 2.11, [283, 47392]
1, 3, 2.1, [1061, 14197]
1, 4, 2.09, [56239, 11387]
1, 5, 2.06, [56239, 47392]
1, 6, 2.06, [283, 6376]
1, 7, 2.04, [56237, 11387]
1, 8, 2.04, [66167, 47392]
1, 9, 2.03, [66076, 11387]
2, 0, 2.13, [62858, 286]
2, 1, 2.12, [66076, 56241]
2, 2, 2.11, [62858, 286]
2, 3, 2.11, [56239, 14199]
2, 4, 2.1, [62858, 14201]
2, 5, 2.1, [62858, 14201]
2, 6, 2.09, [284, 286]
2, 7, 2.07, [283, 285]
2, 8, 2.07, [56239, 1063]
2, 9, 2.06, [66169, 47392]
3, 0, 2.13, [62858, 286]
3, 1, 2.12, [56239, 1063]
3, 2, 2.12, [66076, 56241]
3, 3, 2.11, [56240, 14199]
3, 4, 2.1, [66076, 70199]
3, 5, 2.1, [56239, 285]
3, 6, 2.09, [62858, 56240]
3, 7, 2.08, [66076, 285]
3, 8, 2.06, [62858, 56239]
3, 9, 2.04, [278, 96144]
4, 0, 2.13, [66076, 90]
4, 1, 2.13, [62858, 286]
4, 2, 2.12, [56239, 1063]
4, 3, 2.09, [150655, 90]
4, 4, 2.07, [56239, 66169]
4, 5, 2.07, [80450, 86]
4, 6, 2.07, [98062, 70195]
4, 7, 2.07, [70193, 1063]
4, 8, 2.06, [56237, 56241]
4, 9, 2.05, [66076, 285]
5, 0, 2.14, [62858, 286]
5, 1, 2.13, [70193, 286]
5, 2, 2.13, [66076, 90]
5, 3, 2.13, [62858, 286]
5, 4, 2.08, [70194, 286]
5, 5, 2.07, [56240, 59751]
5, 6, 2.06, [70195, 286]
5, 7, 2.06, [56241, 90]
5, 8, 2.06, [62858, 286]
5, 9, 2.06, [66076, 1927]
6, 0, 2.16, [73932, 70193]
6, 1, 2.14, [62858, 286]
6, 2, 2.13, [56241, 286]
6, 3, 2.13, [66076, 282]
6, 4, 2.13, [70193, 286]
6, 5, 2.1, [86, 286]
6, 6, 2.09, [283, 286]
6, 7, 2.08, [66076, 284]
6, 8, 2.08, [66076, 286]
6, 9, 2.07, [70364, 90]
7, 0, 2.16, [73932, 70193]
7, 1, 2.14, [98065, 284]
7, 2, 2.14, [62858, 286]
7, 3, 2.08, [70193, 1063]
7, 4, 2.07, [76776, 286]
7, 5, 2.07, [76776, 282]
7, 6, 2.06, [66169, 70193]
7, 7, 2.05, [66078, 66079]
7, 8, 2.04, [66076, 150655]
7, 9, 2.02, [73932, 284]
8, 0, 2.16, [73932, 70193]
8, 1, 2.14, [62858, 282]
8, 2, 2.14, [98065, 284]
8, 3, 2.11, [98065, 90]
8, 4, 2.11, [62858, 76776]
8, 5, 2.07, [73932, 1061]
8, 6, 2.07, [98065, 286]
8, 7, 2.06, [70193, 70198]
8, 8, 2.05, [98065, 148118]
8, 9, 2.05, [62858, 80450]
9, 0, 2.16, [73932, 70193]
9, 1, 2.14, [62858, 282]
9, 2, 2.1, [73932, 70364]
9, 3, 2.1, [62858, 70199]
9, 4, 2.07, [14198, 70199]
9, 5, 2.06, [85839, 284]
9, 6, 2.05, [73932, 66169]
9, 7, 2.05, [76776, 282]
9, 8, 2.04, [98062, 70193]
9, 9, 2.03, [113478, 70199]
10, 0, 2.16, [73932, 70193]
10, 1, 2.14, [56239, 59751]
10, 2, 2.14, [62858, 282]
10, 3, 2.12, [66076, 70193]
10, 4, 2.09, [56240, 70364]
10, 5, 2.07, [14198, 144434]
10, 6, 2.06, [73932, 62858]
10, 7, 2.06, [1062, 70364]
10, 8, 2.04, [73932, 93407]
10, 9, 2.03, [66169, 823]
11, 0, 2.16, [73932, 70193]
11, 1, 2.14, [56239, 59751]
11, 2, 2.11, [73932, 66076]
11, 3, 2.11, [66167, 70193]
11, 4, 2.09, [76776, 282]
11, 5, 2.08, [56239, 80450]
11, 6, 2.07, [73932, 14223]
11, 7, 2.04, [66169, 70193]
11, 8, 2.04, [73932, 77088]
11, 9, 2.04, [56239, 76776]
12, 0, 2.16, [73932, 70193]
12, 1, 2.14, [56240, 70193]
12, 2, 2.14, [56239, 59751]
12, 3, 2.12, [94015, 70193]
12, 4, 2.12, [56239, 282]
12, 5, 2.09, [14223, 282]
12, 6, 2.08, [56237, 282]
12, 7, 2.08, [56241, 70193]
12, 8, 2.07, [85839, 59751]
12, 9, 2.06, [14200, 59751]
13, 0, 2.16, [76776, 46]
13, 1, 2.16, [73932, 70193]
13, 2, 2.14, [62858, 70193]
13, 3, 2.14, [56240, 70193]
13, 4, 2.1, [56240, 77088]
13, 5, 2.09, [56237, 70193]
13, 6, 2.06, [56239, 70199]
13, 7, 2.06, [81178, 285]
13, 8, 2.05, [56239, 81178]
13, 9, 2.04, [73932, 127088]
14, 0, 2.16, [76776, 46]
14, 1, 2.16, [73932, 70193]
14, 2, 2.13, [62858, 70193]
14, 3, 2.13, [62858, 59751]
14, 4, 2.09, [56240, 46]
14, 5, 2.07, [66170, 46]
14, 6, 2.06, [73932, 70364]
14, 7, 2.06, [81178, 14197]
14, 8, 2.05, [76776, 87]
14, 9, 2.05, [56240, 93406]
15, 0, 2.16, [76776, 46]
15, 1, 2.16, [73932, 70193]
15, 2, 2.09, [283, 81178]
15, 3, 2.08, [66169, 70193]
15, 4, 2.08, [76776, 278]
15, 5, 2.07, [73932, 88]
15, 6, 2.07, [96648, 70194]
15, 7, 2.05, [91978, 96648]
15, 8, 2.01, [73932, 113478]
15, 9, 2.0, [96648, 100807]
16, 0, 2.16, [76776, 46]
16, 1, 2.16, [73932, 70193]
16, 2, 2.14, [14200, 70193]
16, 3, 2.11, [98065, 88]
16, 4, 2.08, [73932, 70364]
16, 5, 2.06, [14200, 73932]
16, 6, 2.06, [73932, 70193]
16, 7, 2.06, [76776, 46]
16, 8, 2.06, [56241, 81178]
16, 9, 2.06, [73932, 89]
17, 0, 2.16, [76776, 46]
17, 1, 2.16, [73932, 70193]
17, 2, 2.1, [73932, 88]
17, 3, 2.07, [86543, 46]
17, 4, 2.07, [1063, 70193]
17, 5, 2.06, [80449, 14198]
17, 6, 2.05, [98065, 47392]
17, 7, 2.03, [73932, 148118]
17, 8, 2.02, [70364, 70193]
17, 9, 2.01, [73932, 98063]
18, 0, 2.16, [76776, 46]
18, 1, 2.16, [73932, 70193]
18, 2, 2.13, [90, 70193]
18, 3, 2.11, [46, 98065]
18, 4, 2.1, [284, 278]
18, 5, 2.09, [70364, 70193]
18, 6, 2.09, [59751, 282]
18, 7, 2.07, [73932, 88]
18, 8, 2.07, [1061, 86543]
18, 9, 2.03, [14200, 124712]
19, 0, 2.16, [76776, 46]
19, 1, 2.16, [73932, 70193]
19, 2, 2.1, [284, 86]
19, 3, 2.1, [73932, 70193]
19, 4, 2.09, [14200, 70193]
19, 5, 2.09, [90, 88]
19, 6, 2.08, [85839, 46]
19, 7, 2.07, [14200, 278]
19, 8, 2.06, [76776, 66079]
19, 9, 2.06, [144434, 62858]
20, 0, 2.16, [76776, 46]
20, 1, 2.16, [73932, 70193]
20, 2, 2.13, [73932, 87]
20, 3, 2.11, [73932, 89]
20, 4, 2.08, [76776, 46]
20, 5, 2.08, [70364, 70193]
20, 6, 2.08, [96148, 87]
20, 7, 2.06, [70364, 70193]
20, 8, 2.06, [73932, 86]
20, 9, 2.04, [76776, 70364]
21, 0, 2.16, [70364, 89]
21, 1, 2.16, [76776, 46]
21, 2, 2.16, [73932, 70193]
21, 3, 2.13, [56240, 70193]
21, 4, 2.12, [144434, 89]
21, 5, 2.11, [70364, 87]
21, 6, 2.11, [73932, 70193]
21, 7, 2.1, [76776, 46]
21, 8, 2.08, [73932, 90]
21, 9, 2.07, [73932, 89]
22, 0, 2.16, [70364, 89]
22, 1, 2.16, [76776, 46]
22, 2, 2.09, [85839, 46]
22, 3, 2.08, [76776, 93406]
22, 4, 2.08, [70364, 88]
22, 5, 2.08, [76776, 86]
22, 6, 2.05, [150655, 11388]
22, 7, 2.05, [148118, 94016]
22, 8, 2.05, [73932, 42918]
22, 9, 2.05, [127089, 46]
23, 0, 2.16, [14200, 70364]
23, 1, 2.16, [70364, 89]
23, 2, 2.16, [76776, 46]
23, 3, 2.09, [70364, 89]
23, 4, 2.08, [56241, 14201]
23, 5, 2.07, [14201, 14197]
23, 6, 2.07, [76776, 90]
23, 7, 2.07, [70365, 89]
23, 8, 2.06, [70197, 46]
23, 9, 2.04, [11388, 126458]
24, 0, 2.16, [14200, 70364]
24, 1, 2.16, [70364, 89]
24, 2, 2.14, [70364, 90]
24, 3, 2.1, [14200, 87]
24, 4, 2.09, [76776, 46]
24, 5, 2.08, [76776, 80450]
24, 6, 2.07, [70364, 66167]
24, 7, 2.05, [70364, 89]
24, 8, 2.05, [221360, 98065]
24, 9, 2.04, [66079, 46]
25, 0, 2.16, [14200, 70364]
25, 1, 2.16, [70364, 89]
25, 2, 2.07, [11388, 100807]
25, 3, 2.06, [70364, 56239]
25, 4, 2.06, [14200, 70365]
25, 5, 2.05, [823, 89]
25, 6, 2.04, [14200, 86]
25, 7, 2.04, [98062, 126458]
25, 8, 2.02, [127088, 150655]
25, 9, 2.01, [150655, 113477]
26, 0, 2.16, [14200, 70364]
26, 1, 2.16, [70364, 89]
26, 2, 2.12, [14200, 62858]
26, 3, 2.1, [11387, 89]
26, 4, 2.1, [11925, 89]
26, 5, 2.09, [14200, 86]
26, 6, 2.08, [13042, 80450]
26, 7, 2.08, [148118, 46]
26, 8, 2.07, [70364, 70199]
26, 9, 2.05, [94015, 56240]
27, 0, 2.16, [14200, 70364]
27, 1, 2.16, [70364, 89]
27, 2, 2.11, [87, 70195]
27, 3, 2.06, [40788, 70364]
27, 4, 2.06, [285, 56239]
27, 5, 2.05, [40788, 62858]
27, 6, 2.04, [81178, 70364]
27, 7, 2.02, [93408, 558]
27, 8, 2.02, [85838, 144434]
27, 9, 2.01, [66170, 93408]
28, 0, 2.16, [14200, 70364]
28, 1, 2.16, [70364, 89]
28, 2, 2.14, [286, 70364]
28, 3, 2.07, [14201, 280]
28, 4, 2.07, [40788, 14197]
28, 5, 2.07, [14201, 281]
28, 6, 2.05, [14199, 47500]
28, 7, 2.05, [89, 85839]
28, 8, 2.04, [70364, 14223]
28, 9, 2.03, [80450, 42918]
29, 0, 2.16, [14200, 70364]
29, 1, 2.16, [70364, 89]
29, 2, 2.12, [13042, 70196]
29, 3, 2.1, [90, 70364]
29, 4, 2.09, [96147, 66076]
29, 5, 2.09, [70364, 90]
29, 6, 2.09, [62858, 89]
29, 7, 2.07, [126458, 87]
29, 8, 2.04, [282, 86543]
29, 9, 2.04, [76776, 70364]
30, 0, 2.16, [14200, 70364]
30, 1, 2.16, [70364, 89]
30, 2, 2.08, [1061, 94015]
30, 3, 2.08, [284, 89]
30, 4, 2.08, [86543, 87]
30, 5, 2.07, [66167, 286]
30, 6, 2.06, [282, 70365]
30, 7, 2.06, [14199, 13042]
30, 8, 2.05, [76776, 70193]
30, 9, 2.05, [93407, 90]
31, 0, 2.18, [286, 70364]
31, 1, 2.16, [14200, 70364]
31, 2, 2.16, [70364, 89]
31, 3, 2.14, [14198, 89]
31, 4, 2.11, [66171, 89]
31, 5, 2.1, [14199, 94017]
31, 6, 2.09, [284, 66076]
31, 7, 2.08, [14198, 89]
31, 8, 2.05, [284, 1063]
31, 9, 2.05, [221360, 821]
32, 0, 2.18, [286, 70364]
32, 1, 2.16, [14200, 70364]
32, 2, 2.1, [14198, 76776]
32, 3, 2.09, [66079, 282]
32, 4, 2.07, [14199, 89]
32, 5, 2.06, [11925, 66167]
32, 6, 2.06, [286, 280]
32, 7, 2.05, [62858, 56241]
32, 8, 2.05, [56239, 66170]
32, 9, 2.04, [286, 90]
33, 0, 2.18, [286, 70193]
33, 1, 2.18, [286, 70364]
33, 2, 2.16, [14200, 70364]
33, 3, 2.11, [14198, 283]
33, 4, 2.11, [66076, 70364]
33, 5, 2.1, [14200, 284]
33, 6, 2.07, [47392, 278]
33, 7, 2.04, [14201, 66076]
33, 8, 2.04, [286, 100807]
33, 9, 2.03, [66078, 76776]
34, 0, 2.18, [286, 70193]
34, 1, 2.18, [286, 70364]
34, 2, 2.15, [286, 76776]
34, 3, 2.12, [286, 70199]
34, 4, 2.06, [90, 124712]
34, 5, 2.05, [144434, 130282]
34, 6, 2.05, [46, 127089]
34, 7, 2.05, [14200, 11388]
34, 8, 2.04, [286, 66079]
34, 9, 2.04, [121382, 282]
35, 0, 2.18, [286, 70193]
35, 1, 2.18, [286, 70364]
35, 2, 2.13, [286, 66076]
35, 3, 2.09, [77088, 56241]
35, 4, 2.08, [90, 93408]
35, 5, 2.06, [286, 70365]
35, 6, 2.05, [66167, 98062]
35, 7, 2.04, [94015, 89]
35, 8, 2.03, [113478, 62858]
35, 9, 2.03, [80450, 70193]
36, 0, 2.18, [286, 70193]
36, 1, 2.18, [286, 70364]
36, 2, 2.14, [286, 93406]
36, 3, 2.11, [14201, 70193]
36, 4, 2.11, [284, 93407]
36, 5, 2.1, [282, 70199]
36, 6, 2.07, [56239, 62858]
36, 7, 2.05, [40788, 144434]
36, 8, 2.05, [144434, 66170]
36, 9, 2.03, [59751, 96144]
37, 0, 2.18, [286, 70193]
37, 1, 2.18, [286, 70364]
37, 2, 2.14, [286, 86]
37, 3, 2.12, [56240, 1061]
37, 4, 2.09, [14200, 70196]
37, 5, 2.09, [66167, 94016]
37, 6, 2.06, [87, 40786]
37, 7, 2.06, [126458, 127089]
37, 8, 2.06, [14199, 47392]
37, 9, 2.05, [1063, 91978]
38, 0, 2.18, [56239, 1061]
38, 1, 2.18, [286, 70193]
38, 2, 2.18, [286, 70364]
38, 3, 2.15, [87, 1060]
38, 4, 2.11, [56239, 94016]
38, 5, 2.11, [70194, 70364]
38, 6, 2.1, [70199, 70364]
38, 7, 2.1, [286, 70199]
38, 8, 2.09, [286, 85838]
38, 9, 2.08, [47500, 90]
39, 0, 2.18, [56239, 1061]
39, 1, 2.18, [286, 70193]
39, 2, 2.17, [87, 286]
39, 3, 2.14, [14198, 70364]
39, 4, 2.12, [88, 11388]
39, 5, 2.11, [6376, 70193]
39, 6, 2.08, [66167, 286]
39, 7, 2.08, [80449, 70193]
39, 8, 2.07, [286, 284]
39, 9, 2.04, [56237, 1060]
40, 0, 2.18, [56239, 1061]
40, 1, 2.18, [286, 70193]
40, 2, 2.14, [87, 70364]
40, 3, 2.11, [88, 1061]
40, 4, 2.09, [56239, 284]
40, 5, 2.09, [56239, 282]
40, 6, 2.09, [62858, 66076]
40, 7, 2.08, [286, 284]
40, 8, 2.08, [87, 283]
40, 9, 2.06, [56239, 66079]
41, 0, 2.18, [56239, 1061]
41, 1, 2.18, [286, 70193]
41, 2, 2.1, [286, 282]
41, 3, 2.1, [286, 283]
41, 4, 2.09, [56241, 70193]
41, 5, 2.08, [90, 70193]
41, 6, 2.08, [88, 70199]
41, 7, 2.05, [148118, 70364]
41, 8, 2.04, [66076, 1061]
41, 9, 2.04, [1927, 280]
42, 0, 2.18, [56239, 1061]
42, 1, 2.18, [286, 70193]
42, 2, 2.13, [286, 70364]
42, 3, 2.11, [286, 283]
42, 4, 2.11, [56237, 70193]
42, 5, 2.08, [286, 90]
42, 6, 2.08, [56239, 821]
42, 7, 2.07, [56239, 283]
42, 8, 2.06, [286, 283]
42, 9, 2.05, [282, 1061]
43, 0, 2.18, [56239, 1061]
43, 1, 2.18, [286, 70193]
43, 2, 2.14, [56241, 70193]
43, 3, 2.11, [286, 282]
43, 4, 2.1, [286, 76776]
43, 5, 2.09, [286, 66076]
43, 6, 2.09, [286, 90]
43, 7, 2.08, [56239, 150655]
43, 8, 2.07, [14223, 62858]
43, 9, 2.06, [94016, 59751]
44, 0, 2.18, [56239, 1061]
44, 1, 2.18, [286, 70193]
44, 2, 2.13, [56240, 70193]
44, 3, 2.12, [286, 284]
44, 4, 2.09, [286, 283]
44, 5, 2.08, [56239, 1061]
44, 6, 2.08, [56239, 70364]
44, 7, 2.07, [56241, 56239]
44, 8, 2.06, [66167, 70193]
44, 9, 2.06, [90, 1061]
45, 0, 2.18, [56239, 1061]
45, 1, 2.18, [286, 70193]
45, 2, 2.13, [66167, 70193]
45, 3, 2.13, [285, 1061]
45, 4, 2.08, [56239, 284]
45, 5, 2.08, [286, 1061]
45, 6, 2.07, [56239, 76776]
45, 7, 2.07, [56240, 1060]
45, 8, 2.07, [56239, 66079]
45, 9, 2.07, [56240, 90]
46, 0, 2.18, [56239, 1061]
46, 1, 2.18, [286, 70193]
46, 2, 2.17, [286, 282]
46, 3, 2.11, [285, 94016]
46, 4, 2.1, [56239, 70364]
46, 5, 2.09, [66167, 286]
46, 6, 2.08, [56239, 66079]
46, 7, 2.06, [6376, 1061]
46, 8, 2.05, [56239, 93406]
46, 9, 2.04, [56239, 70197]
47, 0, 2.18, [56239, 1061]
47, 1, 2.18, [286, 70193]
47, 2, 2.13, [86, 282]
47, 3, 2.1, [284, 85839]
47, 4, 2.09, [286, 96648]
47, 5, 2.09, [56240, 98063]
47, 6, 2.09, [285, 1061]
47, 7, 2.07, [286, 66078]
47, 8, 2.04, [11388, 76776]
47, 9, 2.04, [282, 113478]
48, 0, 2.18, [56239, 1061]
48, 1, 2.18, [286, 70193]
48, 2, 2.14, [56239, 13042]
48, 3, 2.13, [56240, 70193]
48, 4, 2.12, [285, 1061]
48, 5, 2.1, [56240, 70193]
48, 6, 2.09, [286, 282]
48, 7, 2.08, [284, 1061]
48, 8, 2.07, [56240, 70193]
48, 9, 2.05, [56239, 86543]
49, 0, 2.18, [56239, 1061]
49, 1, 2.18, [286, 70193]
49, 2, 2.14, [286, 283]
49, 3, 2.14, [66167, 1061]
49, 4, 2.13, [56239, 93406]
49, 5, 2.11, [86, 13042]
49, 6, 2.07, [70195, 1060]
49, 7, 2.07, [56239, 76776]
49, 8, 2.06, [100807, 86]
49, 9, 2.04, [14201, 93408]
50, 0, 2.18, [56239, 1061]
50, 1, 2.18, [286, 70193]
50, 2, 2.14, [285, 1061]
50, 3, 2.12, [285, 56241]
50, 4, 2.12, [56239, 70199]
50, 5, 2.11, [90, 1061]
50, 6, 2.07, [11388, 1061]
50, 7, 2.05, [56240, 283]
50, 8, 2.04, [59751, 40788]
50, 9, 2.02, [127089, 1061]
