n_nodes,influence,n0,n1,n2,n3,n4,n5,n6,n7,n8,n9,n10,n11,n12,n13,n14,n15,n16,n17,n18,n19,n20,n21,n22,n23,n24,n25,n26,n27,n28,n29
30,167.7500,9473,3331,9477,8071,6544,785,407,4631,157,29,170,4268,8749,9132,265,2553,446,4681,1738,4561,5989,4969,7657,5737,8814,6004,4855,6264,3833,123
30,164.7100,9473,3331,9477,8071,6544,785,4631,407,29,157,170,4268,8749,9132,557,446,8645,4681,1738,3833,613,4969,7657,5737,8814,6004,4855,6264,2553,123
30,164.1400,9473,3331,9477,8071,6544,785,4631,407,29,157,170,4268,8749,9132,557,446,8645,4681,1738,3833,613,4969,7657,5737,8814,6004,4855,6264,2553,123
30,164.1400,9473,3331,9477,8071,6544,785,4631,407,29,157,170,4268,8749,9132,557,446,8645,4681,1738,3833,613,4969,7657,5737,8814,6004,4855,6264,2553,123
30,164.1400,9473,3331,9477,8071,6544,785,4631,407,29,157,170,4268,8749,9132,557,446,8645,4681,1738,3833,613,4969,7657,5737,8814,6004,4855,6264,2553,123
30,164.1400,9473,3331,9477,8071,6544,785,4631,407,29,157,170,4268,8749,9132,557,446,8645,4681,1738,3833,613,4969,7657,5737,8814,6004,4855,6264,2553,123
30,163.8200,9473,3331,9477,8071,6544,785,407,4631,157,29,170,4268,8749,9132,557,2553,446,8645,4681,1738,613,4969,7657,5737,8814,6004,544,6264,3833,123
30,163.8200,9473,3331,9477,8071,6544,785,407,4631,157,29,170,4268,8749,9132,557,2553,446,8645,4681,1738,613,4969,7657,5737,8814,6004,544,6264,3833,123
30,163.5500,9473,3331,9477,8071,6544,785,407,4631,157,29,170,4268,8749,9132,265,2553,446,4681,1738,4561,5989,4969,7657,5737,8814,6004,4855,6264,3833,123
30,163.2700,9473,3331,9477,8071,6544,785,4631,407,29,157,170,4268,8749,9132,557,446,8645,4681,1738,3833,613,4969,7657,5737,8814,6004,4855,6264,2553,123
30,163.2700,9473,3331,9477,8071,6544,785,4631,407,29,157,170,4268,8749,9132,557,446,8645,4681,1738,3833,613,4969,7657,5737,8814,6004,4855,6264,2553,123
30,163.2700,9473,3331,9477,8071,6544,785,4631,407,29,157,170,4268,8749,9132,557,446,8645,4681,1738,3833,613,4969,7657,5737,8814,6004,4855,6264,2553,123
30,163.2700,9473,3331,9477,8071,6544,785,4631,407,29,157,170,4268,8749,9132,557,446,8645,4681,1738,3833,613,4969,7657,5737,8814,6004,4855,6264,2553,123
30,163.2700,9473,3331,9477,8071,6544,785,4631,407,29,157,170,4268,8749,9132,557,446,8645,4681,1738,3833,613,4969,7657,5737,8814,6004,4855,6264,2553,123
30,163.2500,9473,3331,9477,8071,6544,785,4631,407,29,157,170,4268,8749,9132,557,446,8645,4681,1738,3833,613,4969,7657,5737,8814,6004,4855,6264,2553,123
30,163.2500,9473,3331,9477,8071,6544,785,4631,407,29,157,170,4268,8749,9132,557,446,8645,4681,1738,3833,613,4969,7657,5737,8814,6004,4855,6264,2553,123
30,163.2500,9473,3331,9477,8071,6544,785,4631,407,29,157,170,4268,8749,9132,557,446,8645,4681,1738,3833,613,4969,7657,5737,8814,6004,4855,6264,2553,123
30,163.2500,9473,3331,9477,8071,6544,785,4631,407,29,157,170,4268,8749,9132,557,446,8645,4681,1738,3833,613,4969,7657,5737,8814,6004,4855,6264,2553,123
30,163.2500,9473,3331,9477,8071,6544,785,4631,407,29,157,170,4268,8749,9132,557,446,8645,4681,1738,3833,613,4969,7657,5737,8814,6004,4855,6264,2553,123
30,163.2500,9473,3331,9477,8071,6544,785,4631,407,29,157,170,4268,8749,9132,557,446,8645,4681,1738,3833,613,4969,7657,5737,8814,6004,4855,6264,2553,123
30,163.2500,9473,3331,9477,8071,6544,785,4631,407,29,157,170,4268,8749,9132,557,446,8645,4681,1738,3833,613,4969,7657,5737,8814,6004,4855,6264,2553,123
30,163.2500,9473,3331,9477,8071,6544,785,4631,407,29,157,170,4268,8749,9132,557,446,8645,4681,1738,3833,613,4969,7657,5737,8814,6004,4855,6264,2553,123
30,163.2500,9473,3331,9477,8071,6544,785,4631,407,29,157,170,4268,8749,9132,557,446,8645,4681,1738,3833,613,4969,7657,5737,8814,6004,4855,6264,2553,123
30,162.7700,9473,3331,9477,8071,6544,785,4631,407,29,157,170,4268,8749,9132,557,446,8645,4681,1738,3833,613,4969,7657,5737,8814,6004,4855,6264,2553,123
30,162.6800,9473,3331,9477,8071,6544,785,4631,407,29,157,170,4268,8749,9132,557,446,8645,4681,1738,3833,613,4969,7657,5737,8814,6004,4855,6264,2553,123
30,162.6000,8909,3331,9477,8071,6544,785,407,4631,157,29,170,4268,8749,9132,557,2553,446,8645,4681,1738,613,4969,7657,5737,8814,6004,4855,6264,3833,123
30,162.5500,9473,3331,9477,8071,6544,785,407,4631,157,29,170,4268,8749,9132,557,2553,446,3574,4681,1738,613,4969,7657,5737,8814,6004,4855,6264,3833,123
30,162.4900,9473,3331,9477,8071,6544,785,4631,407,29,157,170,4268,8749,9132,557,446,4561,4681,1738,3833,5989,4969,7657,5737,8814,6004,4855,6264,2553,123
30,162.4900,9473,3331,9477,8071,6544,785,4631,407,29,157,170,4268,8749,9132,557,446,4561,4681,1738,3833,5989,4969,7657,5737,8814,6004,4855,6264,2553,123
30,162.4900,9473,3331,9477,8071,6544,785,4631,407,29,157,170,4268,8749,9132,557,446,4561,4681,1738,3833,5989,4969,7657,5737,8814,6004,4855,6264,2553,123
30,162.4900,9473,3331,9477,8071,6544,785,4631,407,29,157,170,4268,8749,9132,557,446,4561,4681,1738,3833,5989,4969,7657,5737,8814,6004,4855,6264,2553,123
30,162.4900,9473,3331,9477,8071,6544,785,4631,407,29,157,170,4268,8749,9132,557,446,4561,4681,1738,3833,5989,4969,7657,5737,8814,6004,4855,6264,2553,123
