num_genrations,diversity,improvement,best_fitness
0,0.9922289562289562,0,34.54
1,0.922020202020202,0.006369426751592324,34.76
2,0.7252996632996633,0.014384349827387804,35.26
3,0.6616363636363637,0.03403289846851965,36.46
4,0.5650909090909091,0.021393307734503597,37.24
5,0.4178585858585858,0.0061761546723951895,37.47
6,0.23898316498316519,0.009340805978115865,37.82
7,0.2182087542087544,0.005023796932839707,38.01
8,0.19890909090909092,0.0076295711654827455,38.3
9,0.22967676767676748,0.004177545691906102,38.46
10,0.10672727272727234,0.011700468018720638,38.91
11,0.07845791245791245,0.0005140066820869475,38.93
12,0.08065319865319875,0.005394297456974078,39.14
13,0.06115151515151496,0.0007664793050587925,39.17
14,0.045508417508417276,0.009701302016849513,39.55
15,0.019326599326599303,0.0,39.55
16,0.01973737373737361,0.0,39.55
17,0.016505050505050467,0.0,39.55
18,0.0019999999999995577,0.0,39.55
19,0.002666666666666706,0.0,39.55
20,0.00665993265993281,0.0,39.55
21,0.007326599326599403,0.0,39.55
22,0.005986531986532095,0.0,39.55
23,0.00533333333333319,0.0,39.55
24,0.0033198653198651673,0.0,39.55
25,0.0053265993265990685,0.0,39.55
26,0.00533333333333319,0.0,39.55
27,0.007313131313131271,0.0,39.55
28,0.003993265993265993,0.0,39.55
29,0.00465993265993303,0.0,39.55
30,0.003326599326599178,0.0,39.55
31,0.0013333333333338526,0.0,39.55
32,0.007326599326599292,0.0,39.55
33,0.0033333333333331883,0.0,39.55
34,0.0053131313131309366,0.0,39.55
35,0.009966329966329956,0.0,39.55
36,0.006639730639730557,0.0,39.55
37,0.004639730639730666,0.0,39.55
38,0.008606060606060506,0.0,39.55
39,0.0039865319865317606,0.0,39.55
40,0.002666666666666706,0.0,39.55
41,0.0026599326599326956,0.0,39.55
42,0.005999999999999894,0.0,39.55
43,0.005306397306397037,0.0,39.55
44,0.003986531986531983,0.0,39.55
45,0.009306397306397596,0.0,39.55
46,0.003993265993265993,0.0,39.55
47,0.0053265993265989575,0.0,39.55
48,0.0033333333333331883,0.0,39.55
49,0.0033198653198651673,0.0,39.55
50,0.0013333333333338526,0.0,39.55
51,0.00466666666666693,0.0035398230088495722,39.69
52,0.008659932659932368,-0.0035273368606702086,39.55
53,0.00533333333333319,0.0,39.55
54,0.005986531986532206,0.0040455120101138735,39.71
55,0.0071313131313133216,0.0,39.71
56,0.005858585858586007,0.0,39.71
57,0.002666666666666817,0.0,39.71
58,0.004666666666666819,0.0,39.71
59,0.003993265993265993,0.0,39.71
60,0.005993265993265884,0.0,39.71
61,0.0073131313131316045,0.0,39.71
62,0.009925925925925894,0.0,39.71
63,0.00466666666666693,0.0,39.71
64,0.006653198653198689,0.0,39.71
65,0.0053265993265990685,0.0,39.71
66,0.009319865319865506,0.0,39.71
67,0.007313131313131382,0.0,39.71
68,0.003993265993265993,0.0,39.71
69,0.0019865319865316478,0.0,39.71
70,0.0033333333333331883,0.0,39.71
71,0.002666666666666928,0.0,39.71
72,0.006653198653198467,0.0,39.71
73,0.002666666666666706,0.0,39.71
74,0.007959595959596277,0.0,39.71
75,0.007966329966330399,0.0,39.71
76,0.009824915824915736,0.0,39.71
77,0.006639730639730779,0.0,39.71
78,0.002666666666666817,0.0,39.71
79,0.0040000000000000036,0.0,39.71
80,0.0053265993265990685,0.0,39.71
81,0.005979797979798085,0.0,39.71
82,0.0033333333333331883,0.0,39.71
83,0.004653198653198798,0.0,39.71
84,0.00799326599326633,0.0,39.71
85,0.0033333333333332993,0.0,39.71
86,0.0019999999999997797,0.0,39.71
87,0.0039999999999997815,0.0,39.71
88,0.0006666666666665932,0.0,39.71
89,0.004666666666666708,0.0,39.71
90,0.005979797979798085,0.0,39.71
91,0.007932659932660235,0.0,39.71
92,0.004639730639730999,0.0,39.71
93,0.0039999999999997815,0.0,39.71
94,0.007319865319865393,0.0,39.71
95,0.006000000000000116,0.0,39.71
96,0.0013333333333338526,0.0,39.71
97,0.005993265993265995,0.0,39.71
98,0.007966329966330399,0.0017627801561319637,39.78
99,0.014498316498316344,0.0,39.78
100,0.016956228956229058,0.009803921568627465,40.17
