generation number, individual number, fitness, candidate
0, 0, 3.16, [291, 3759, 3755]
0, 1, 3.14, [1834, 3755, 3742]
0, 2, 3.12, [3742, 1987, 4794]
0, 3, 3.11, [4794, 3755, 3745]
0, 4, 3.11, [3755, 3740, 3745]
0, 5, 3.1, [269, 3105, 279]
0, 6, 3.1, [3740, 291, 3742]
0, 7, 3.08, [1834, 279, 3759]
0, 8, 3.05, [293, 3745, 2229]
0, 9, 3.02, [1588, 1987, 3745]
1, 0, 3.16, [291, 3742, 3745]
1, 1, 3.16, [1834, 3755, 3750]
1, 2, 3.16, [291, 3759, 3755]
1, 3, 3.14, [1834, 3755, 3742]
1, 4, 3.13, [3736, 3740, 3745]
1, 5, 3.12, [291, 3736, 3744]
1, 6, 3.12, [293, 3742, 3755]
1, 7, 3.11, [3755, 2463, 4794]
1, 8, 3.11, [3745, 1588, 3105]
1, 9, 3.11, [2463, 269, 2229]
2, 0, 3.21, [291, 3736, 3755]
2, 1, 3.19, [291, 3759, 3736]
2, 2, 3.17, [77, 3742, 3100]
2, 3, 3.16, [291, 3742, 3745]
2, 4, 3.16, [1834, 3755, 3750]
2, 5, 3.15, [293, 3742, 3755]
2, 6, 3.13, [2229, 3750, 291]
2, 7, 3.13, [291, 3754, 3745]
2, 8, 3.12, [293, 3759, 3745]
2, 9, 3.07, [291, 3745, 3755]
3, 0, 3.23, [1831, 3755, 3736]
3, 1, 3.21, [291, 3736, 3755]
3, 2, 3.19, [291, 3759, 3736]
3, 3, 3.18, [3741, 269, 3736]
3, 4, 3.15, [291, 3754, 3759]
3, 5, 3.14, [269, 1834, 3754]
3, 6, 3.14, [3740, 3755, 291]
3, 7, 3.13, [291, 3750, 3749]
3, 8, 3.09, [291, 3759, 1987]
3, 9, 3.08, [3759, 3741, 159]
4, 0, 3.23, [1831, 3755, 3736]
4, 1, 3.22, [1831, 3755, 3750]
4, 2, 3.21, [291, 3736, 3755]
4, 3, 3.18, [3741, 2229, 3736]
4, 4, 3.15, [291, 3736, 3759]
4, 5, 3.13, [1831, 3755, 2229]
4, 6, 3.12, [291, 2463, 3736]
4, 7, 3.11, [1834, 3736, 4794]
4, 8, 3.1, [2463, 3754, 293]
4, 9, 3.09, [1831, 3755, 275]
5, 0, 3.23, [1831, 3755, 3736]
5, 1, 3.22, [2463, 3744, 3736]
5, 2, 3.22, [1831, 3755, 3750]
5, 3, 3.2, [1830, 3755, 3750]
5, 4, 3.19, [1831, 3742, 3736]
5, 5, 3.18, [4128, 3755, 3750]
5, 6, 3.17, [3736, 3755, 3760]
5, 7, 3.13, [3740, 3755, 3736]
5, 8, 3.11, [1831, 3745, 1987]
5, 9, 3.09, [1831, 291, 2229]
6, 0, 3.25, [1829, 3744, 3736]
6, 1, 3.23, [1831, 3755, 3736]
6, 2, 3.22, [2463, 3744, 3736]
6, 3, 3.16, [1831, 3741, 3755]
6, 4, 3.14, [2463, 3755, 3754]
6, 5, 3.12, [1830, 3744, 3736]
6, 6, 3.12, [2463, 3747, 3750]
6, 7, 3.12, [1830, 3744, 3736]
6, 8, 3.12, [1831, 3744, 3100]
6, 9, 3.11, [1831, 3744, 293]
7, 0, 3.25, [1829, 3744, 3736]
7, 1, 3.24, [1831, 3758, 3736]
7, 2, 3.23, [2463, 3755, 3736]
7, 3, 3.23, [1831, 3755, 3736]
7, 4, 3.2, [3759, 3744, 3100]
7, 5, 3.17, [1829, 3744, 3736]
7, 6, 3.15, [1829, 3755, 3745]
7, 7, 3.12, [1831, 3744, 3758]
7, 8, 3.12, [293, 1834, 3736]
7, 9, 3.12, [291, 3744, 3736]
8, 0, 3.3, [1831, 3742, 3736]
8, 1, 3.25, [1829, 3744, 3736]
8, 2, 3.24, [1831, 3758, 3736]
8, 3, 3.2, [1831, 2463, 3754]
8, 4, 3.19, [1829, 3758, 3754]
8, 5, 3.19, [2463, 293, 3736]
8, 6, 3.18, [1829, 3755, 3758]
8, 7, 3.15, [1831, 3105, 3736]
8, 8, 3.15, [3759, 2463, 2229]
8, 9, 3.15, [1987, 3758, 3736]
9, 0, 3.32, [1825, 3742, 3736]
9, 1, 3.3, [1831, 3742, 3736]
9, 2, 3.25, [1829, 3744, 3736]
9, 3, 3.23, [1829, 3742, 3754]
9, 4, 3.21, [1834, 3758, 3736]
9, 5, 3.17, [1829, 3742, 3737]
9, 6, 3.16, [3741, 101, 269]
9, 7, 3.14, [1834, 3744, 3736]
9, 8, 3.12, [1831, 2463, 3105]
9, 9, 3.1, [3741, 3758, 3105]
10, 0, 3.32, [1825, 3742, 3736]
10, 1, 3.3, [1831, 3742, 3736]
10, 2, 3.2, [1831, 3740, 3754]
10, 3, 3.2, [1829, 3742, 3746]
10, 4, 3.19, [1829, 3740, 3736]
10, 5, 3.19, [1825, 3742, 3744]
10, 6, 3.16, [1825, 3736, 293]
10, 7, 3.15, [1829, 3742, 3746]
10, 8, 3.15, [1825, 3744, 293]
10, 9, 3.1, [3745, 2229, 3755]
11, 0, 3.32, [1825, 3742, 3736]
11, 1, 3.3, [1831, 3742, 3736]
11, 2, 3.27, [1588, 3742, 3736]
11, 3, 3.21, [1825, 3736, 2463]
11, 4, 3.2, [3741, 3756, 3736]
11, 5, 3.2, [1825, 3742, 3745]
11, 6, 3.19, [1829, 3742, 3758]
11, 7, 3.16, [1833, 3742, 3746]
11, 8, 3.15, [3105, 3742, 269]
11, 9, 3.15, [1588, 3742, 3736]
12, 0, 3.32, [1825, 3742, 3736]
12, 1, 3.3, [1831, 3742, 3736]
12, 2, 3.27, [1825, 3100, 3736]
12, 3, 3.2, [269, 3742, 3749]
12, 4, 3.19, [1831, 3742, 293]
12, 5, 3.17, [1831, 3736, 269]
12, 6, 3.12, [1825, 3736, 1588]
12, 7, 3.11, [1825, 1834, 2229]
12, 8, 3.11, [1831, 4128, 293]
12, 9, 3.11, [1831, 3741, 3745]
13, 0, 3.32, [1825, 3742, 3736]
13, 1, 3.31, [1825, 3742, 3736]
13, 2, 3.3, [1831, 3742, 3736]
13, 3, 3.22, [1825, 3759, 3736]
13, 4, 3.2, [1686, 3742, 3736]
13, 5, 3.2, [1825, 3750, 3736]
13, 6, 3.17, [4128, 3755, 3736]
13, 7, 3.16, [1987, 689, 3736]
13, 8, 3.13, [3754, 3742, 2463]
13, 9, 3.11, [3759, 2229, 4794]
14, 0, 3.32, [1825, 3742, 3736]
14, 1, 3.31, [1825, 3742, 3736]
14, 2, 3.25, [1825, 3754, 3736]
14, 3, 3.22, [1825, 3742, 3737]
14, 4, 3.22, [1825, 3742, 3749]
14, 5, 3.19, [279, 3755, 3736]
14, 6, 3.15, [3740, 3755, 3746]
14, 7, 3.14, [1825, 3759, 3755]
14, 8, 3.13, [2156, 3742, 3755]
14, 9, 3.12, [3741, 3740, 279]
15, 0, 3.32, [1825, 3742, 3736]
15, 1, 3.31, [1825, 3742, 3736]
15, 2, 3.19, [1825, 3742, 3755]
15, 3, 3.17, [293, 3742, 3741]
15, 4, 3.17, [263, 3742, 3105]
15, 5, 3.14, [269, 3742, 3755]
15, 6, 3.14, [2229, 3742, 3736]
15, 7, 3.12, [1833, 1987, 3736]
15, 8, 3.11, [1831, 3742, 293]
15, 9, 3.1, [291, 3742, 3755]
16, 0, 3.32, [1825, 3742, 3736]
16, 1, 3.31, [1825, 3742, 3736]
16, 2, 3.25, [1825, 689, 3736]
16, 3, 3.2, [3740, 3105, 3736]
16, 4, 3.19, [2463, 3742, 3755]
16, 5, 3.18, [3755, 1831, 3736]
16, 6, 3.16, [1830, 3742, 3740]
16, 7, 3.14, [3759, 1834, 3736]
16, 8, 3.13, [1828, 3742, 3736]
16, 9, 3.13, [3745, 3742, 3740]
17, 0, 3.32, [1825, 3742, 3736]
17, 1, 3.31, [1825, 3742, 3736]
17, 2, 3.2, [293, 3755, 3736]
17, 3, 3.2, [1825, 3742, 4130]
17, 4, 3.19, [4794, 3742, 2229]
17, 5, 3.18, [1825, 269, 3742]
17, 6, 3.15, [2463, 3759, 4128]
17, 7, 3.14, [3736, 3743, 1987]
17, 8, 3.13, [279, 3742, 2463]
17, 9, 3.12, [1830, 3105, 3740]
18, 0, 3.32, [1825, 3742, 3736]
18, 1, 3.31, [1825, 3742, 3736]
18, 2, 3.21, [2229, 3741, 3736]
18, 3, 3.18, [1833, 3742, 3736]
18, 4, 3.17, [3745, 3747, 3736]
18, 5, 3.16, [1825, 3742, 4130]
18, 6, 3.14, [1825, 1605, 3736]
18, 7, 3.12, [1825, 279, 3736]
18, 8, 3.08, [3759, 3105, 4794]
18, 9, 3.07, [1826, 3105, 279]
19, 0, 3.32, [1825, 3742, 3736]
19, 1, 3.31, [1825, 3742, 3736]
19, 2, 3.28, [1825, 3100, 3736]
19, 3, 3.17, [2229, 3743, 3736]
19, 4, 3.16, [1825, 3761, 3736]
19, 5, 3.15, [1825, 3755, 2229]
19, 6, 3.15, [2463, 3742, 3736]
19, 7, 3.12, [1831, 3742, 1987]
19, 8, 3.12, [1825, 3105, 2464]
19, 9, 3.11, [3759, 279, 2229]
20, 0, 3.32, [1825, 3742, 3736]
20, 1, 3.31, [1825, 3742, 3736]
20, 2, 3.2, [3740, 3742, 3746]
20, 3, 3.19, [1831, 3740, 3736]
20, 4, 3.16, [1825, 2229, 3755]
20, 5, 3.14, [1825, 3761, 2229]
20, 6, 3.13, [1831, 689, 3740]
20, 7, 3.12, [3741, 3105, 279]
20, 8, 3.12, [1825, 4794, 77]
20, 9, 3.11, [1825, 3755, 269]
21, 0, 3.32, [1825, 3742, 3736]
21, 1, 3.31, [1825, 3742, 3736]
21, 2, 3.26, [1825, 3736, 2229]
21, 3, 3.2, [1825, 3742, 3105]
21, 4, 3.18, [3759, 3742, 3736]
21, 5, 3.17, [3740, 3745, 3736]
21, 6, 3.14, [1831, 291, 3736]
21, 7, 3.14, [1825, 3742, 3747]
21, 8, 3.09, [1825, 291, 3755]
21, 9, 3.08, [1588, 77, 1987]
22, 0, 3.32, [1825, 3742, 3736]
22, 1, 3.31, [1825, 3742, 3736]
22, 2, 3.21, [1833, 2229, 3736]
22, 3, 3.17, [1588, 3741, 3736]
22, 4, 3.14, [2463, 3755, 77]
22, 5, 3.14, [3759, 3742, 3755]
22, 6, 3.14, [269, 3741, 3759]
22, 7, 3.12, [1825, 689, 1834]
22, 8, 3.11, [1825, 275, 3742]
22, 9, 3.08, [1825, 1987, 2463]
23, 0, 3.32, [1825, 3742, 3736]
23, 1, 3.31, [1825, 3742, 3736]
23, 2, 3.24, [3740, 3742, 77]
23, 3, 3.19, [77, 3761, 3736]
23, 4, 3.16, [269, 3736, 3742]
23, 5, 3.16, [1686, 3741, 3736]
23, 6, 3.13, [1825, 3745, 2229]
23, 7, 3.11, [2463, 3755, 293]
23, 8, 3.1, [1987, 3750, 3740]
23, 9, 3.1, [1588, 3740, 3736]
24, 0, 3.32, [1825, 3742, 3736]
24, 1, 3.31, [1825, 3742, 3736]
24, 2, 3.24, [1825, 3761, 3736]
24, 3, 3.21, [291, 3742, 3736]
24, 4, 3.21, [1825, 3755, 3736]
24, 5, 3.21, [1831, 3742, 3740]
24, 6, 3.19, [4794, 3742, 1987]
24, 7, 3.19, [1828, 3742, 3736]
24, 8, 3.18, [77, 3745, 3736]
24, 9, 3.14, [3759, 3761, 3736]
25, 0, 3.33, [1825, 3750, 3736]
25, 1, 3.32, [1825, 3742, 3736]
25, 2, 3.31, [1825, 3742, 3736]
25, 3, 3.28, [1825, 3752, 3736]
25, 4, 3.22, [1825, 293, 3100]
25, 5, 3.18, [1833, 3742, 3736]
25, 6, 3.18, [269, 3742, 3741]
25, 7, 3.17, [1825, 3752, 3736]
25, 8, 3.16, [1825, 3745, 3736]
25, 9, 3.13, [3755, 3759, 3733]
26, 0, 3.33, [1825, 3752, 3736]
26, 1, 3.33, [1825, 3750, 3736]
26, 2, 3.32, [1825, 3742, 3736]
26, 3, 3.18, [1833, 3742, 3100]
26, 4, 3.17, [1987, 3742, 3736]
26, 5, 3.15, [1825, 3100, 291]
26, 6, 3.15, [1825, 3740, 3736]
26, 7, 3.14, [1825, 3745, 3754]
26, 8, 3.12, [1825, 4129, 2463]
26, 9, 3.12, [279, 1588, 3736]
27, 0, 3.33, [1825, 3752, 3736]
27, 1, 3.33, [1825, 3750, 3736]
27, 2, 3.18, [1588, 3736, 3745]
27, 3, 3.17, [3741, 3752, 3745]
27, 4, 3.14, [1825, 279, 3100]
27, 5, 3.13, [279, 3755, 3105]
27, 6, 3.13, [279, 3750, 77]
27, 7, 3.12, [291, 3750, 3758]
27, 8, 3.12, [1831, 3752, 293]
27, 9, 3.09, [269, 3759, 3736]
28, 0, 3.33, [1825, 3752, 3736]
28, 1, 3.33, [1825, 3750, 3736]
28, 2, 3.27, [689, 3750, 3736]
28, 3, 3.23, [3741, 3736, 689]
28, 4, 3.21, [3741, 3754, 3745]
28, 5, 3.21, [1825, 3752, 4794]
28, 6, 3.16, [3742, 1829, 3736]
28, 7, 3.15, [3105, 3750, 3760]
28, 8, 3.11, [2463, 3750, 279]
28, 9, 3.1, [1588, 2463, 3745]
29, 0, 3.33, [1825, 3752, 3736]
29, 1, 3.33, [1825, 3750, 3736]
29, 2, 3.27, [1825, 3745, 3741]
29, 3, 3.25, [4128, 3752, 3736]
29, 4, 3.21, [3105, 3755, 3749]
29, 5, 3.12, [3746, 3750, 3736]
29, 6, 3.12, [1833, 3754, 3745]
29, 7, 3.1, [1831, 3750, 293]
29, 8, 3.09, [3747, 3750, 4794]
29, 9, 3.07, [3105, 291, 1605]
30, 0, 3.33, [1825, 3752, 3736]
30, 1, 3.33, [1825, 3750, 3736]
30, 2, 3.2, [4128, 3750, 3736]
30, 3, 3.19, [1826, 3750, 3736]
30, 4, 3.18, [1825, 3747, 3741]
30, 5, 3.17, [1831, 3745, 3736]
30, 6, 3.16, [77, 1831, 3736]
30, 7, 3.12, [4794, 3754, 3736]
30, 8, 3.12, [3755, 2229, 269]
30, 9, 3.11, [3105, 3752, 3740]
31, 0, 3.33, [1825, 3752, 3736]
31, 1, 3.33, [1825, 3750, 3736]
31, 2, 3.18, [3736, 3753, 77]
31, 3, 3.16, [1825, 3750, 101]
31, 4, 3.15, [3740, 3749, 3105]
31, 5, 3.15, [1987, 3752, 1834]
31, 6, 3.14, [3741, 3752, 3759]
31, 7, 3.1, [4794, 3750, 3736]
31, 8, 3.09, [1825, 1987, 3743]
31, 9, 3.08, [1588, 3753, 3740]
32, 0, 3.33, [1825, 3752, 3736]
32, 1, 3.33, [1825, 3750, 3736]
32, 2, 3.25, [3736, 3753, 3747]
32, 3, 3.22, [1825, 3754, 3736]
32, 4, 3.16, [1825, 3750, 3740]
32, 5, 3.14, [1825, 3755, 3736]
32, 6, 3.13, [77, 3750, 3736]
32, 7, 3.13, [1831, 77, 3736]
32, 8, 3.13, [1825, 1834, 3736]
32, 9, 3.09, [1825, 3740, 269]
33, 0, 3.33, [1825, 3752, 3736]
33, 1, 3.33, [1825, 3750, 3736]
33, 2, 3.32, [1825, 3755, 3736]
33, 3, 3.25, [1825, 3747, 3742]
33, 4, 3.2, [3736, 3744, 3750]
33, 5, 3.2, [3736, 3753, 3740]
33, 6, 3.19, [1825, 3736, 2463]
33, 7, 3.14, [2229, 3752, 3744]
33, 8, 3.11, [77, 3750, 3740]
33, 9, 3.11, [1588, 3752, 3755]
34, 0, 3.33, [1825, 3752, 3736]
34, 1, 3.33, [1825, 3750, 3736]
34, 2, 3.22, [2229, 3752, 3759]
34, 3, 3.18, [3742, 3744, 3736]
34, 4, 3.15, [1825, 3755, 3744]
34, 5, 3.13, [1833, 3752, 3736]
34, 6, 3.13, [4794, 3752, 3755]
34, 7, 3.11, [1833, 3750, 1831]
34, 8, 3.1, [291, 3750, 3736]
34, 9, 3.09, [1825, 3753, 293]
35, 0, 3.33, [1825, 3752, 3736]
35, 1, 3.33, [1825, 3750, 3736]
35, 2, 3.28, [2229, 3756, 3736]
35, 3, 3.23, [3100, 3752, 3759]
35, 4, 3.21, [3742, 3739, 3736]
35, 5, 3.19, [1825, 3744, 2463]
35, 6, 3.17, [1825, 2229, 1831]
35, 7, 3.16, [1686, 3752, 3759]
35, 8, 3.15, [1831, 293, 3754]
35, 9, 3.15, [1825, 3744, 3755]
36, 0, 3.33, [1825, 3752, 3736]
36, 1, 3.33, [1825, 3750, 3736]
36, 2, 3.26, [1834, 3756, 3736]
36, 3, 3.24, [1825, 4130, 3736]
36, 4, 3.23, [1825, 3752, 3747]
36, 5, 3.19, [2229, 1831, 3736]
36, 6, 3.18, [3100, 3756, 3736]
36, 7, 3.16, [1825, 4129, 1834]
36, 8, 3.11, [1825, 1831, 101]
36, 9, 3.06, [1588, 3743, 3736]
37, 0, 3.33, [1825, 3752, 3736]
37, 1, 3.33, [1825, 3750, 3736]
37, 2, 3.24, [1825, 3752, 3736]
37, 3, 3.22, [1825, 3750, 3736]
37, 4, 3.15, [1826, 3756, 3736]
37, 5, 3.15, [1825, 3759, 269]
37, 6, 3.14, [1834, 3744, 3736]
37, 7, 3.14, [1826, 3750, 1831]
37, 8, 3.14, [1834, 3752, 3744]
37, 9, 3.13, [3740, 3752, 3741]
38, 0, 3.33, [1825, 3752, 3736]
38, 1, 3.33, [1825, 3750, 3736]
38, 2, 3.24, [1825, 3740, 3736]
38, 3, 3.22, [3742, 3752, 2229]
38, 4, 3.19, [1987, 3747, 3736]
38, 5, 3.18, [1825, 3749, 3736]
38, 6, 3.18, [1825, 3741, 3736]
38, 7, 3.17, [2229, 101, 3736]
38, 8, 3.16, [279, 3741, 3105]
38, 9, 3.13, [3740, 293, 3746]
39, 0, 3.33, [1825, 3752, 3736]
39, 1, 3.33, [1825, 3750, 3736]
39, 2, 3.19, [3750, 3752, 3741]
39, 3, 3.17, [279, 3752, 3736]
39, 4, 3.15, [1588, 3750, 3736]
39, 5, 3.14, [269, 3750, 3736]
39, 6, 3.13, [1825, 2463, 3736]
39, 7, 3.11, [291, 3752, 1987]
39, 8, 3.11, [3754, 1987, 3736]
39, 9, 3.1, [1825, 3745, 3746]
40, 0, 3.39, [1825, 3742, 3100]
40, 1, 3.33, [1825, 3752, 3736]
40, 2, 3.33, [1825, 3750, 3736]
40, 3, 3.32, [291, 3752, 3736]
40, 4, 3.24, [1825, 3750, 3736]
40, 5, 3.23, [3750, 77, 3736]
40, 6, 3.21, [1825, 3742, 2229]
40, 7, 3.19, [3755, 3752, 3736]
40, 8, 3.17, [1830, 3736, 279]
40, 9, 3.13, [3759, 293, 3736]
41, 0, 3.39, [1825, 3742, 3100]
41, 1, 3.33, [1825, 3752, 3736]
41, 2, 3.24, [1825, 3739, 3736]
41, 3, 3.24, [1825, 3739, 3100]
41, 4, 3.23, [1825, 3742, 3746]
41, 5, 3.23, [3740, 3742, 3736]
41, 6, 3.21, [1825, 3752, 3741]
41, 7, 3.2, [1834, 3752, 3100]
41, 8, 3.19, [1825, 3742, 3733]
41, 9, 3.18, [1825, 3741, 3736]
42, 0, 3.39, [1825, 3742, 3100]
42, 1, 3.33, [1825, 3752, 3736]
42, 2, 3.29, [3741, 3752, 3100]
42, 3, 3.25, [1831, 3742, 3736]
42, 4, 3.18, [1825, 3752, 3740]
42, 5, 3.17, [1825, 3752, 3741]
42, 6, 3.16, [1825, 3742, 3741]
42, 7, 3.15, [1825, 1588, 3736]
42, 8, 3.15, [1825, 1834, 3100]
42, 9, 3.15, [1825, 3742, 1987]
43, 0, 3.39, [1825, 3742, 3100]
43, 1, 3.33, [1825, 3752, 3736]
43, 2, 3.27, [3759, 3742, 3100]
43, 3, 3.22, [3741, 3742, 3759]
43, 4, 3.2, [1825, 3744, 3100]
43, 5, 3.2, [1825, 1834, 3736]
43, 6, 3.2, [1825, 3741, 3100]
43, 7, 3.18, [1825, 3742, 269]
43, 8, 3.14, [2229, 3742, 689]
43, 9, 3.12, [1825, 275, 3759]
44, 0, 3.39, [1825, 3742, 3100]
44, 1, 3.33, [1825, 3752, 3736]
44, 2, 3.24, [3736, 3752, 3100]
44, 3, 3.21, [3742, 3752, 3736]
44, 4, 3.21, [1825, 3742, 3747]
44, 5, 3.2, [1831, 3742, 3736]
44, 6, 3.16, [1686, 3742, 3100]
44, 7, 3.15, [1825, 1588, 3736]
44, 8, 3.14, [1828, 3752, 3100]
44, 9, 3.13, [1826, 293, 3100]
45, 0, 3.39, [1825, 3742, 3100]
45, 1, 3.33, [1825, 3752, 3736]
45, 2, 3.27, [1825, 3739, 3100]
45, 3, 3.26, [3742, 3752, 3741]
45, 4, 3.23, [1830, 3742, 3736]
45, 5, 3.22, [1825, 689, 3736]
45, 6, 3.21, [1825, 3752, 3758]
45, 7, 3.2, [1833, 3742, 3736]
45, 8, 3.19, [1825, 3752, 1987]
45, 9, 3.18, [1825, 3752, 3736]
46, 0, 3.39, [1825, 3742, 3100]
46, 1, 3.38, [3736, 3752, 3100]
46, 2, 3.33, [1825, 3752, 3736]
46, 3, 3.24, [3741, 3742, 3736]
46, 4, 3.21, [1825, 3742, 269]
46, 5, 3.2, [1826, 3742, 3736]
46, 6, 3.19, [293, 3742, 3736]
46, 7, 3.19, [1826, 3752, 3100]
46, 8, 3.17, [1830, 3752, 3100]
46, 9, 3.16, [1825, 3745, 3736]
47, 0, 3.39, [1825, 3742, 3100]
47, 1, 3.38, [3736, 3752, 3100]
47, 2, 3.23, [1825, 3752, 3100]
47, 3, 3.22, [1833, 3752, 3100]
47, 4, 3.17, [291, 1831, 3736]
47, 5, 3.17, [3736, 3745, 3100]
47, 6, 3.17, [2463, 3752, 101]
47, 7, 3.14, [3736, 3745, 3100]
47, 8, 3.1, [1834, 3750, 2229]
47, 9, 3.09, [3745, 4794, 2229]
48, 0, 3.39, [1825, 3742, 3100]
48, 1, 3.38, [3736, 3752, 3100]
48, 2, 3.29, [3736, 3743, 3100]
48, 3, 3.22, [1828, 3742, 3100]
48, 4, 3.2, [1830, 3752, 3100]
48, 5, 3.13, [3743, 3100, 279]
48, 6, 3.13, [3736, 2156, 3100]
48, 7, 3.13, [3745, 293, 3736]
48, 8, 3.1, [3741, 291, 4301]
48, 9, 3.09, [2229, 3752, 1605]
49, 0, 3.39, [1825, 3742, 3100]
49, 1, 3.38, [3736, 3752, 3100]
49, 2, 3.34, [3744, 3742, 3100]
49, 3, 3.3, [1825, 3753, 3100]
49, 4, 3.29, [2229, 3752, 3100]
49, 5, 3.28, [3736, 3743, 3100]
49, 6, 3.25, [1825, 3736, 3100]
49, 7, 3.25, [1825, 3736, 293]
49, 8, 3.23, [3736, 3752, 3740]
49, 9, 3.18, [77, 3742, 3100]
50, 0, 3.39, [1825, 3742, 3100]
50, 1, 3.38, [3736, 3752, 3100]
50, 2, 3.29, [3736, 3750, 3100]
50, 3, 3.23, [1987, 3756, 3100]
50, 4, 3.22, [3736, 3740, 3100]
50, 5, 3.22, [3736, 3742, 3746]
50, 6, 3.19, [291, 4129, 3100]
50, 7, 3.15, [1828, 3752, 3100]
50, 8, 3.15, [1831, 3752, 3100]
50, 9, 3.15, [1825, 3752, 1987]
