n_nodes,influence,n0,n1,n2,n3,n4
5,67.9800,59,5,9,14,157
5,67.1400,163,5,9,14,157
5,66.7800,5,157,14,9,857
5,65.8900,5,157,14,9,554
5,65.3800,5,157,14,9,554
5,64.8600,5,9,14,891,157
5,64.6900,5,157,14,9,961
5,64.6900,5,157,14,9,961
5,64.6900,5,157,14,9,961
5,64.6900,5,157,14,9,961
5,64.5500,5,157,14,9,961
5,64.5500,5,157,14,9,961
5,64.5500,5,157,14,9,961
5,64.5500,5,157,14,9,961
5,64.5500,5,157,14,9,961
5,64.5500,5,157,14,9,961
5,64.5500,5,157,14,9,961
5,64.4700,5,157,14,9,857
5,64.4700,5,157,14,9,857
5,64.4700,5,157,14,9,857
5,64.4700,5,157,14,9,857
5,64.4700,5,157,14,9,857
5,64.4700,5,157,14,9,857
5,64.4700,5,157,14,9,857
5,64.4700,5,157,14,9,857
5,64.4600,5,157,14,9,857
5,64.2700,5,157,14,9,961
5,64.2700,5,157,14,9,961
5,64.2700,5,157,14,9,961
5,64.1300,5,157,14,9,961
5,64.1300,5,157,14,9,961
5,64.1300,5,157,14,9,961
5,64.0900,5,157,14,9,961
5,63.8600,5,9,14,930,157
5,62.9700,5,157,14,9,961
5,62.9700,5,157,14,9,961
5,62.9700,5,157,14,9,961
5,62.9700,5,157,14,9,961
5,62.5300,465,5,9,462,14
5,62.3900,5,462,14,9,554
5,62.0900,961,5,9,523,14
5,61.5500,224,5,9,462,14
5,61.0900,5,157,14,9,857
5,61.0900,5,9,14,930,857
5,60.8100,5,462,14,9,961
5,59.7900,5,462,14,9,961
5,59.7900,5,462,14,9,961
5,59.5500,22,9,554,746,5
5,59.5500,22,9,554,746,5
5,59.5500,22,9,554,746,5
5,59.4100,5,462,14,9,961
5,59.4100,5,462,14,9,961
5,59.4100,5,462,14,9,961
5,59.4100,5,462,14,9,961
5,59.4100,5,462,14,9,961
5,59.3900,5,9,851,746,22
5,59.3900,5,9,851,746,22
5,59.3900,5,9,851,746,22
5,59.2900,961,5,9,14,258
5,57.1200,5,9,851,746,22
5,54.6600,5,550,746,14,22
5,54.4400,64,9,554,746,5
5,53.3600,64,9,554,746,5
5,53.3600,5,157,623,9,554
