n_nodes,influence,n0,n1,n2,n3,n4
5,22604.4000,32803,21678,17789,31951,9439
5,22604.4000,32803,21678,17789,31951,9439
5,22604.4000,32803,21678,17789,31951,9439
5,22602.4000,32803,21678,17789,31951,9439
5,22602.4000,32803,21678,17789,31951,9439
5,22602.4000,32803,21678,17789,31951,9439
5,22602.4000,32803,21678,17789,31951,9439
5,22602.4000,32803,21678,17789,31951,9439
5,22602.4000,32803,21678,17789,31951,9439
5,22602.4000,32803,21678,17789,31951,9439
5,22602.4000,32803,21678,17789,31951,9439
5,22602.4000,32803,21678,17789,31951,9439
5,22602.4000,32803,21678,17789,31951,9439
5,22602.4000,32803,21678,17789,31951,9439
5,22602.4000,32803,21678,17789,31951,9439
5,22602.4000,32803,21678,17789,31951,9439
