generation number, individual number, fitness, candidate
0, 0, 2.11, [90, 86]
0, 1, 2.11, [127089, 14197]
0, 2, 2.08, [96148, 56241]
0, 3, 2.08, [87, 59751]
0, 4, 2.07, [285, 558]
0, 5, 2.07, [285, 73931]
0, 6, 2.04, [96648, 130282]
0, 7, 2.02, [150655, 85838]
0, 8, 2.02, [281, 47500]
0, 9, 2.0, [1927, 94016]
1, 0, 2.14, [86, 14197]
1, 1, 2.11, [90, 86]
1, 2, 2.11, [127089, 14197]
1, 3, 2.1, [87, 90]
1, 4, 2.09, [90, 40786]
1, 5, 2.07, [285, 59751]
1, 6, 2.06, [100807, 86]
1, 7, 2.06, [100807, 59751]
1, 8, 2.06, [148118, 86]
1, 9, 2.06, [86, 823]
2, 0, 2.14, [86, 14197]
2, 1, 2.11, [90, 86]
2, 2, 2.1, [70364, 11388]
2, 3, 2.07, [100807, 14197]
2, 4, 2.06, [47500, 12067]
2, 5, 2.05, [70365, 148118]
2, 6, 2.05, [98062, 14197]
2, 7, 2.04, [70198, 62858]
2, 8, 2.04, [86543, 221360]
2, 9, 2.03, [86, 47392]
3, 0, 2.15, [62858, 46]
3, 1, 2.14, [86, 14197]
3, 2, 2.11, [1061, 14198]
3, 3, 2.11, [47500, 14197]
3, 4, 2.11, [90, 86]
3, 5, 2.1, [87, 11388]
3, 6, 2.1, [282, 11388]
3, 7, 2.09, [70199, 14197]
3, 8, 2.09, [70364, 90]
3, 9, 2.06, [46, 13042]
4, 0, 2.15, [62858, 46]
4, 1, 2.14, [90, 46]
4, 2, 2.14, [86, 14197]
4, 3, 2.13, [14201, 70193]
4, 4, 2.1, [90, 13042]
4, 5, 2.09, [14201, 86543]
4, 6, 2.08, [56240, 14197]
4, 7, 2.08, [86, 90]
4, 8, 2.08, [56241, 14198]
4, 9, 2.07, [90, 77088]
5, 0, 2.15, [62858, 46]
5, 1, 2.14, [90, 46]
5, 2, 2.13, [56240, 46]
5, 3, 2.13, [56240, 46]
5, 4, 2.12, [284, 46]
5, 5, 2.11, [66167, 14197]
5, 6, 2.06, [62858, 14199]
5, 7, 2.06, [90, 86]
5, 8, 2.05, [56240, 56237]
5, 9, 2.04, [56240, 96147]
6, 0, 2.15, [70196, 90]
6, 1, 2.15, [62858, 46]
6, 2, 2.14, [90, 46]
6, 3, 2.13, [11388, 86]
6, 4, 2.13, [282, 46]
6, 5, 2.12, [283, 46]
6, 6, 2.07, [56239, 113477]
6, 7, 2.07, [86543, 46]
6, 8, 2.05, [90, 11925]
6, 9, 2.04, [56241, 150655]
7, 0, 2.15, [70196, 90]
7, 1, 2.15, [62858, 46]
7, 2, 2.1, [70197, 46]
7, 3, 2.1, [70198, 89]
7, 4, 2.09, [66169, 12067]
7, 5, 2.06, [70197, 46]
7, 6, 2.06, [1063, 66076]
7, 7, 2.06, [73932, 283]
7, 8, 2.06, [98065, 14201]
7, 9, 2.05, [66169, 90]
8, 0, 2.15, [70196, 90]
8, 1, 2.15, [62858, 46]
8, 2, 2.1, [70196, 46]
8, 3, 2.1, [12067, 46]
8, 4, 2.08, [88, 56241]
8, 5, 2.07, [66078, 90]
8, 6, 2.07, [124712, 94016]
8, 7, 2.07, [70194, 76776]
8, 8, 2.07, [62858, 87]
8, 9, 2.06, [284, 86543]
9, 0, 2.15, [70196, 90]
9, 1, 2.15, [62858, 46]
9, 2, 2.09, [278, 46]
9, 3, 2.08, [70193, 46]
9, 4, 2.07, [70196, 284]
9, 5, 2.07, [86, 73932]
9, 6, 2.06, [14223, 46]
9, 7, 2.06, [113478, 46]
9, 8, 2.05, [62858, 66169]
9, 9, 2.03, [66167, 90]
10, 0, 2.15, [70196, 90]
10, 1, 2.15, [62858, 46]
10, 2, 2.12, [70193, 1062]
10, 3, 2.11, [70196, 286]
10, 4, 2.09, [66079, 90]
10, 5, 2.06, [14201, 113478]
10, 6, 2.05, [1061, 90]
10, 7, 2.05, [124712, 13042]
10, 8, 2.04, [278, 70365]
10, 9, 2.03, [126458, 40788]
