generation number, individual number, fitness, candidate
0, 0, 17.0, [1091, 717, 521]
0, 1, 12.43, [788, 1350, 975]
0, 2, 10.0, [905, 1141, 1247]
0, 3, 8.52, [1146, 1040, 1223]
0, 4, 8.0, [1107, 785, 751]
0, 5, 7.55, [3662, 1223, 1715]
0, 6, 7.0, [645, 1078, 521]
0, 7, 5.0, [2989, 775, 717]
0, 8, 4.0, [1131, 1157, 1279]
0, 9, 3.0, [1695, 1107, 2989]
1, 0, 17.0, [1091, 717, 521]
1, 1, 15.51, [1091, 1190, 1223]
1, 2, 14.41, [3662, 1223, 1350]
1, 3, 13.0, [1091, 2989, 1715]
1, 4, 12.43, [788, 1350, 975]
1, 5, 10.98, [3662, 1350, 975]
1, 6, 9.0, [905, 1141, 1107]
1, 7, 7.0, [326, 1715, 975]
1, 8, 7.0, [1146, 2989, 521]
1, 9, 5.51, [788, 1715, 1247]
2, 0, 20.02, [1091, 1350, 1695]
2, 1, 19.0, [1091, 751, 521]
2, 2, 17.0, [1091, 1247, 521]
2, 3, 17.0, [1091, 717, 521]
2, 4, 16.0, [1091, 1619, 521]
2, 5, 16.0, [1091, 5684, 521]
2, 6, 15.51, [1091, 1190, 1223]
2, 7, 15.0, [1091, 785, 1715]
2, 8, 14.0, [1091, 717, 1715]
2, 9, 14.0, [1091, 717, 3124]
3, 0, 24.94, [1091, 1350, 695]
3, 1, 23.04, [1091, 1350, 751]
3, 2, 20.02, [1091, 1350, 1695]
3, 3, 19.0, [1091, 751, 521]
3, 4, 17.0, [1091, 1430, 521]
3, 5, 16.0, [1091, 3124, 521]
3, 6, 16.0, [1091, 751, 1347]
3, 7, 16.0, [1091, 717, 785]
3, 8, 15.94, [1141, 1350, 521]
3, 9, 15.5, [1091, 717, 788]
4, 0, 24.94, [1091, 1350, 695]
4, 1, 23.04, [1091, 1350, 751]
4, 2, 19.0, [1091, 1157, 695]
4, 3, 18.47, [1091, 751, 1223]
4, 4, 16.0, [1091, 1020, 326]
4, 5, 14.0, [1091, 1146, 1619]
4, 6, 13.0, [1091, 831, 1020]
4, 7, 13.0, [1091, 1767, 645]
4, 8, 10.92, [1287, 1350, 2989]
4, 9, 8.51, [1619, 1328, 1141]
5, 0, 24.94, [1091, 1350, 695]
5, 1, 23.97, [1091, 1224, 1223]
5, 2, 23.04, [1091, 1350, 751]
5, 3, 20.9, [1091, 1350, 1287]
5, 4, 18.0, [1091, 5684, 695]
5, 5, 18.0, [1091, 1201, 695]
5, 6, 17.12, [785, 1350, 695]
5, 7, 11.0, [1020, 751, 695]
5, 8, 9.94, [1201, 1350, 645]
5, 9, 8.49, [1223, 1201, 1157]
6, 0, 65.49, [1091, 1224, 1509]
6, 1, 24.94, [1091, 1350, 695]
6, 2, 23.97, [1091, 1224, 1223]
6, 3, 19.88, [1091, 1350, 1028]
6, 4, 18.86, [1091, 1350, 1078]
6, 5, 18.0, [1091, 695, 1437]
6, 6, 18.0, [1091, 1107, 695]
6, 7, 17.53, [576, 1224, 775]
6, 8, 16.47, [1091, 975, 1223]
6, 9, 12.0, [1125, 1279, 695]
7, 0, 65.53, [1091, 1224, 1509]
7, 1, 65.49, [1091, 1224, 1509]
7, 2, 62.96, [1091, 1580, 1509]
7, 3, 62.66, [645, 1350, 1509]
7, 4, 24.94, [1091, 1350, 695]
7, 5, 24.03, [1091, 1224, 1223]
7, 6, 23.4, [1091, 1224, 1141]
7, 7, 19.0, [1091, 775, 695]
7, 8, 16.0, [1091, 975, 785]
7, 9, 15.46, [1091, 1695, 1223]
8, 0, 65.53, [1091, 1224, 1509]
8, 1, 65.49, [1091, 1224, 1509]
8, 2, 65.34, [521, 1247, 1509]
8, 3, 65.07, [1091, 1247, 1509]
8, 4, 61.24, [1767, 2989, 1509]
8, 5, 21.49, [1091, 1224, 1279]
8, 6, 21.47, [1091, 1224, 2989]
8, 7, 18.56, [1091, 1141, 1223]
8, 8, 13.0, [1091, 1107, 1201]
8, 9, 13.0, [1091, 1767, 3124]
9, 0, 65.53, [1091, 1224, 1509]
9, 1, 65.49, [1091, 1224, 1509]
9, 2, 65.1, [521, 751, 1509]
9, 3, 63.05, [521, 1767, 1509]
9, 4, 62.44, [1767, 1225, 1509]
9, 5, 62.31, [2989, 1225, 1509]
9, 6, 60.67, [1767, 775, 1509]
9, 7, 18.0, [1091, 2989, 695]
9, 8, 16.0, [1091, 2989, 1141]
9, 9, 14.0, [1091, 1247, 1225]
10, 0, 65.53, [1091, 1224, 1509]
10, 1, 65.49, [1091, 1224, 1509]
10, 2, 65.27, [1020, 905, 1509]
10, 3, 64.88, [3124, 788, 1509]
10, 4, 62.91, [521, 1619, 1509]
10, 5, 62.29, [1425, 1767, 1509]
10, 6, 61.88, [1715, 1509, 1020]
10, 7, 23.94, [1091, 1224, 1328]
10, 8, 18.47, [1401, 1224, 831]
10, 9, 17.48, [1224, 785, 1430]
