num_genrations,diversity,improvement,best_fitness
0,0.9968413978494624,0,126.33
1,0.8775537634408602,0.13021451753344418,142.78
2,0.7686827956989247,0.04517439417285326,149.23
3,0.5676075268817204,0.011525832607384568,150.95
4,0.4847446236559141,0.025041404438555823,154.73
5,0.32446236559139796,0.07865313772377701,166.9
6,0.2963037634408603,0.0,166.9
7,0.37869623655913975,0.015518274415817875,169.49
8,0.08850806451612914,0.052687474187267554,178.42
9,0.14220430107526894,0.012106266113664528,180.58
10,0.13750000000000007,0.011629194816701707,182.68
