n_nodes,influence,n0,n1,n2,n3,n4,n5,n6,n7,n8,n9,n10,n11,n12,n13,n14,n15,n16,n17,n18,n19,n20,n21,n22,n23,n24,n25,n26,n27,n28,n29
30,182.6800,3,9607,7946,7693,2318,16,20,7036,4384,2848,2981,4135,3497,9908,3002,699,444,6723,335,2002,6994,7893,5078,2397,9952,741,2793,3826,2038,1018
30,180.5800,3,9607,7946,7693,2318,16,20,1801,4384,2848,2981,3497,9908,3002,699,444,4159,6723,2376,3531,7893,5078,2397,9952,2785,741,2793,3826,2038,1018
30,180.5800,3,9607,7946,7693,2318,16,20,1801,4384,2848,2981,3497,9908,3002,699,444,4159,6723,2376,3531,7893,5078,2397,9952,2785,741,2793,3826,2038,1018
30,180.5800,3,9607,7946,7693,2318,16,20,1801,4384,2848,2981,3497,9908,3002,699,444,4159,6723,2376,3531,7893,5078,2397,9952,2785,741,2793,3826,2038,1018
30,180.5800,3,9607,7946,7693,2318,16,20,1801,4384,2848,2981,3497,9908,3002,699,444,4159,6723,2376,3531,7893,5078,2397,9952,2785,741,2793,3826,2038,1018
30,178.4200,3,9607,7946,7693,2318,16,20,4889,4384,2981,2785,3497,9908,3002,699,444,4159,6723,2376,3531,7893,5078,2397,9952,741,2793,2848,3826,2038,1018
30,178.4200,3,9607,7946,7693,2318,16,20,4889,4384,2981,2785,3497,9908,3002,699,444,4159,6723,2376,3531,7893,5078,2397,9952,741,2793,2848,3826,2038,1018
30,178.4200,3,9607,7946,7693,2318,16,20,4889,4384,2981,2785,3497,9908,3002,699,444,4159,6723,2376,3531,7893,5078,2397,9952,741,2793,2848,3826,2038,1018
30,178.4200,3,9607,7946,7693,2318,16,20,4889,4384,2981,2785,3497,9908,3002,699,444,4159,6723,2376,3531,7893,5078,2397,9952,741,2793,2848,3826,2038,1018
30,178.4200,3,9607,7946,7693,2318,16,20,4889,4384,2981,2785,3497,9908,3002,699,444,4159,6723,2376,3531,7893,5078,2397,9952,741,2793,2848,3826,2038,1018
30,178.0700,3,9607,7946,7693,2318,16,20,4889,4384,2981,4135,3497,9908,3002,699,444,6723,335,2002,6994,7893,5078,2397,9952,741,2793,2848,3826,2038,1018
30,177.9300,3,9607,7946,7693,2318,16,20,4889,4384,2981,4135,3497,9908,3002,699,444,6723,2376,3531,335,2002,6994,7893,5078,741,2793,2848,3826,2038,1018
30,177.9300,3,9607,7946,7693,2318,16,20,4889,4384,2981,4135,3497,9908,3002,699,444,6723,2376,3531,335,2002,6994,7893,5078,741,2793,2848,3826,2038,1018
30,177.9300,3,9607,7946,7693,2318,16,20,4889,4384,2981,4135,3497,9908,3002,699,444,6723,2376,3531,335,2002,6994,7893,5078,741,2793,2848,3826,2038,1018
30,177.9300,3,9607,7946,7693,2318,16,20,4889,4384,2981,4135,3497,9908,3002,699,444,6723,2376,3531,335,2002,6994,7893,5078,741,2793,2848,3826,2038,1018
30,177.9300,3,9607,7946,7693,2318,16,20,4889,4384,2981,4135,3497,9908,3002,699,444,6723,2376,3531,335,2002,6994,7893,5078,741,2793,2848,3826,2038,1018
30,176.6600,3,9607,7946,7693,2318,16,20,4889,4384,2981,4135,3497,9908,3002,699,444,6723,2376,3531,335,2002,6994,7893,5078,741,2793,2848,3826,2038,1018
30,176.4600,3,9607,7946,7693,2318,16,20,4889,4384,2848,2981,3497,9908,3002,699,444,4159,6723,2376,3531,7965,5078,2397,9952,2785,741,2793,3826,2038,1018
30,176.3200,3,9607,7946,7693,2318,16,20,4889,4384,2981,4135,3497,9908,3002,699,444,6723,2376,3531,335,2002,6994,7893,5078,741,2793,2848,3826,2038,1018
30,175.9800,3,9607,7946,7693,2318,16,20,4889,4384,2981,4135,3497,9908,3002,699,444,6723,2376,3531,335,2002,6994,7893,5078,741,2793,2848,3826,2038,1018
30,175.8300,3,9607,7946,7693,2318,16,20,4889,4384,2981,2785,3497,9908,3002,699,444,4159,6723,2376,3531,7893,5078,2397,9952,741,2793,2848,3826,2038,1018
30,175.4900,3,9607,7946,7693,2318,16,20,4889,4384,2981,4135,3497,9908,3002,699,444,6723,2376,3531,335,2002,6994,7893,5078,741,2793,2848,3826,2038,1018
30,175.4900,3,9607,7946,7693,2318,16,20,4889,4384,2981,4135,3497,9908,3002,699,444,6723,2376,3531,335,2002,6994,7893,5078,741,2793,2848,3826,2038,1018
30,175.4900,3,9607,7946,7693,2318,16,20,4889,4384,2981,4135,3497,9908,3002,699,444,6723,2376,3531,335,2002,6994,7893,5078,741,2793,2848,3826,2038,1018
30,174.8400,3,9607,7946,7693,2318,16,20,1801,4384,2848,4135,3497,9908,3002,699,444,6723,2376,3531,335,2002,6994,7893,5078,9952,2151,5735,2416,4849,1780
30,174.6200,3,9607,7946,7693,2318,16,20,4889,4384,2981,4135,3497,9908,3002,699,444,6723,2376,3531,335,2002,6994,7893,5078,9952,2151,2848,3826,2038,1018
30,173.6400,3,9607,7946,7693,2318,16,20,4889,4384,2981,4135,3497,9908,3002,699,444,6723,2376,3531,335,2002,6994,7893,5078,4288,2151,5735,2416,4849,1780
30,173.6400,3,9607,7946,7693,2318,16,20,4889,4384,2981,4135,3497,9908,3002,699,444,6723,2376,3531,335,2002,6994,7893,5078,4288,2151,5735,2416,4849,1780
30,173.6400,3,9607,7946,7693,2318,16,20,4889,4384,2981,4135,3497,9908,3002,699,444,6723,2376,3531,335,2002,6994,7893,5078,4288,2151,5735,2416,4849,1780
30,173.2800,3,9607,7946,7693,2318,16,20,4889,4384,2981,4135,3497,9908,3002,699,444,6723,2376,3531,335,2002,6994,7893,5078,4288,2151,5735,2416,4849,1780
30,173.2400,3,9607,7946,7693,2318,16,20,4889,4384,2981,2785,3497,9908,3002,699,444,6723,2376,3531,335,2002,6994,7893,5078,741,2793,2848,3826,2038,1018
30,173.2400,3,9607,7946,7693,2318,16,20,4889,4384,2981,2785,3497,9908,3002,699,444,6723,2376,3531,335,2002,6994,7893,5078,741,2793,2848,3826,2038,1018
