generation number, pop_size, worst, best, median, avg, std, diversity, improvement, number_of_selections
0, 10, 5.43, 8.5, 7.135, 7.122999999999999, 1.0391154892503527,0.9888888888888889,0,[1.e-300]
1, 10, 6.11, 14.31, 7.92, 8.473, 2.314688099939169,0.8777777777777778,0.6835294117647059,[10.]
2, 10, 8.01, 14.31, 10.04, 10.644, 2.082475450035366,0.888888888888889,0.0,[20.]
3, 10, 7.85, 14.31, 9.995000000000001, 10.559999999999999, 2.3613851867071585,0.888888888888889,0.0,[30.]
4, 10, 6.09, 14.31, 9.530000000000001, 10.07, 2.870648010467323,0.9111111111111111,0.0,[40.]
5, 10, 5.84, 14.33, 8.465, 9.418000000000001, 3.2435252426950525,0.8777777777777778,0.0013976240391334433,[50.]
6, 10, 7.17, 14.33, 8.52, 9.395, 2.5758348161324323,0.9111111111111111,0.0,[60.]
7, 10, 6.08, 14.33, 8.455, 9.261999999999999, 2.766538631575565,0.888888888888889,0.0,[70.]
8, 10, 5.52, 14.33, 7.795, 9.236, 3.204048064558333,0.9333333333333333,0.0,[80.]
9, 10, 5.49, 14.33, 7.965, 8.757, 3.0143956276507566,0.9,0.0,[90.]
10, 10, 6.61, 14.33, 8.85, 9.516, 2.542338293776027,0.9555555555555556,0.0,[100.]
