generation number, individual number, fitness, candidate
0, 0, 15.17, [66167, 87, 33297]
0, 1, 13.52, [56237, 80661, 89]
0, 2, 10.8, [80450, 90, 282]
0, 3, 10.09, [150015, 80450, 71858]
0, 4, 9.0, [150653, 127089, 1063]
0, 5, 8.27, [98062, 134361, 67332]
0, 6, 8.13, [1060, 12067, 77358]
0, 7, 7.83, [283, 11935, 12067]
0, 8, 7.12, [11926, 281, 56237]
0, 9, 6.0, [95674, 113172, 73700]
1, 0, 15.48, [66167, 118602, 65899]
1, 1, 15.17, [66167, 87, 33297]
1, 2, 14.55, [148118, 87, 33297]
1, 3, 13.52, [56237, 80661, 89]
1, 4, 13.03, [66171, 80661, 89]
1, 5, 13.03, [98065, 118606, 33297]
1, 6, 12.94, [56237, 87, 33298]
1, 7, 12.48, [148118, 80450, 282]
1, 8, 11.88, [33296, 46, 71858]
1, 9, 10.92, [98063, 90, 71858]
2, 0, 15.92, [66167, 88, 33297]
2, 1, 15.48, [66167, 118602, 65899]
2, 2, 15.17, [66167, 87, 33297]
2, 3, 15.01, [56237, 86, 33297]
2, 4, 14.24, [148118, 123523, 65899]
2, 5, 14.17, [62858, 80661, 89]
2, 6, 13.21, [66167, 118602, 46]
2, 7, 10.21, [148118, 118602, 95674]
2, 8, 9.88, [56237, 80661, 70639]
2, 9, 9.0, [66167, 87, 67331]
3, 0, 17.06, [56240, 11387, 33297]
3, 1, 16.0, [56239, 86, 33297]
3, 2, 15.92, [66167, 88, 33297]
3, 3, 15.75, [66167, 88, 33297]
3, 4, 15.48, [66167, 118602, 65899]
3, 5, 14.4, [56237, 46, 33297]
3, 6, 14.27, [66167, 278, 65899]
3, 7, 14.14, [1061, 80450, 33297]
3, 8, 13.22, [66167, 123524, 33297]
3, 9, 11.67, [66167, 118602, 33299]
4, 0, 17.06, [56240, 11387, 33297]
4, 1, 16.54, [62858, 11387, 33297]
4, 2, 16.4, [56240, 86, 65899]
4, 3, 16.0, [56239, 86, 33297]
4, 4, 15.18, [66167, 86, 65899]
4, 5, 11.28, [71858, 33297, 6376]
4, 6, 10.98, [70640, 86, 33298]
4, 7, 10.58, [56239, 88, 134362]
4, 8, 10.46, [67332, 33297, 70640]
4, 9, 10.42, [278, 282, 66171]
5, 0, 17.06, [56240, 11387, 33297]
5, 1, 16.54, [62858, 11387, 33297]
5, 2, 16.33, [66169, 11387, 33297]
5, 3, 16.1, [73703, 56240, 33297]
5, 4, 15.83, [56240, 87, 33297]
5, 5, 15.48, [56239, 87, 65899]
5, 6, 15.22, [90, 11388, 88]
5, 7, 15.06, [56240, 11387, 118602]
5, 8, 14.24, [134361, 98063, 33297]
5, 9, 12.82, [284, 11387, 278]
6, 0, 17.66, [56240, 11387, 33297]
6, 1, 17.06, [56240, 11387, 33297]
6, 2, 16.54, [62858, 11387, 33297]
6, 3, 16.31, [123523, 11387, 65899]
6, 4, 15.0, [56240, 91277, 33297]
6, 5, 14.15, [66169, 11387, 70638]
6, 6, 13.34, [56240, 66169, 33297]
6, 7, 13.26, [66169, 11387, 98065]
6, 8, 12.37, [31634, 88, 33298]
6, 9, 12.24, [71858, 90, 33297]
7, 0, 17.66, [56240, 11387, 33297]
7, 1, 17.1, [73703, 11387, 33297]
7, 2, 17.06, [56240, 11387, 33297]
7, 3, 14.41, [56240, 11388, 65900]
7, 4, 13.15, [56240, 71858, 33297]
7, 5, 12.85, [1063, 11925, 33297]
7, 6, 12.84, [148118, 100807, 65899]
7, 7, 12.53, [46, 95674, 33297]
7, 8, 10.73, [286, 66166, 66059]
7, 9, 8.91, [113173, 286, 821]
8, 0, 17.66, [56240, 11387, 33297]
8, 1, 17.1, [73703, 11387, 33297]
8, 2, 16.21, [66170, 11388, 33297]
8, 3, 15.42, [66166, 11387, 65899]
8, 4, 14.99, [73703, 66169, 33297]
8, 5, 14.55, [73703, 11925, 33297]
8, 6, 14.21, [144434, 11387, 100141]
8, 7, 12.98, [56240, 11387, 1062]
8, 8, 12.76, [118602, 86, 80449]
8, 9, 9.2, [56240, 87893, 1060]
9, 0, 17.66, [56240, 11387, 33297]
9, 1, 17.1, [73703, 11387, 33297]
9, 2, 16.61, [56240, 11387, 33297]
9, 3, 16.42, [73703, 11388, 33298]
9, 4, 15.01, [66170, 11387, 65899]
9, 5, 13.94, [56240, 11926, 33297]
9, 6, 12.89, [87, 11387, 33300]
9, 7, 12.47, [56240, 11388, 6376]
9, 8, 12.27, [73703, 11387, 66171]
9, 9, 11.82, [150653, 89, 282]
10, 0, 17.66, [56240, 11387, 33297]
10, 1, 17.1, [73703, 11387, 33297]
10, 2, 15.99, [66059, 11387, 33297]
10, 3, 15.16, [56240, 11387, 33298]
10, 4, 14.57, [56241, 11387, 118602]
10, 5, 13.79, [66170, 118602, 33297]
10, 6, 13.37, [56240, 11387, 33299]
10, 7, 12.87, [11388, 123523, 70640]
10, 8, 10.32, [156909, 150653, 33297]
10, 9, 9.95, [10375, 134362, 33297]
