num_genrations,diversity,improvement,best_fitness
1,0.9830216535433071,0.003275109170305607,9.19
0,0.9999753937007874,0,9.16
2,0.9576033464566929,0.0,9.19
1,0.9830216535433071,0.003275109170305607,9.19
3,0.912623031496063,0.006528835690968499,9.25
2,0.9576033464566929,0.0,9.19
4,0.8824311023622047,0.0,9.25
3,0.912623031496063,0.006528835690968499,9.25
5,0.799261811023622,0.0,9.25
4,0.8824311023622047,0.0,9.25
5,0.799261811023622,0.0,9.25
6,0.6748031496062993,0.0,9.25
6,0.6748031496062993,0.0,9.25
7,0.5341781496062992,0.0,9.25
7,0.5341781496062992,0.0,9.25
8,0.40034448818897617,0.0,9.25
9,0.46998031496063,0.0,9.25
10,0.5840305118110236,0.0,9.25
