generation number, individual number, fitness, candidate
0, 0, 3.1, [3760, 1588, 1322]
0, 1, 3.08, [3759, 4794, 24]
0, 2, 3.05, [72, 996, 295]
0, 3, 3.05, [2156, 359, 1006]
0, 4, 3.05, [4108, 3755, 1828]
0, 5, 3.04, [229, 352, 3759]
0, 6, 3.04, [72, 3735, 293]
0, 7, 3.03, [1032, 1092, 33]
0, 8, 3.02, [291, 3102, 293]
0, 9, 3.0, [1588, 291, 359]
1, 0, 3.14, [181, 3755, 1322]
1, 1, 3.13, [3760, 3100, 24]
1, 2, 3.11, [3744, 4794, 24]
1, 3, 3.11, [3759, 3753, 1322]
1, 4, 3.1, [3759, 1588, 1321]
1, 5, 3.1, [2156, 359, 1315]
1, 6, 3.1, [3760, 1588, 1322]
1, 7, 3.08, [3759, 4794, 24]
1, 8, 3.05, [3760, 1588, 3747]
1, 9, 3.04, [4131, 4794, 546]
2, 0, 3.24, [3744, 3100, 1322]
2, 1, 3.22, [3748, 3755, 1322]
2, 2, 3.21, [181, 3755, 689]
2, 3, 3.16, [181, 1896, 3736]
2, 4, 3.16, [181, 3746, 24]
2, 5, 3.14, [181, 3755, 1322]
2, 6, 3.13, [4108, 3752, 279]
2, 7, 3.13, [3746, 1321, 1315]
2, 8, 3.13, [3760, 3100, 24]
2, 9, 3.1, [181, 3741, 24]
3, 0, 3.25, [3760, 3100, 3736]
3, 1, 3.24, [3744, 3100, 1322]
3, 2, 3.22, [3748, 3755, 1322]
3, 3, 3.2, [3744, 3742, 1322]
3, 4, 3.18, [3744, 2490, 3736]
3, 5, 3.16, [3744, 3745, 689]
3, 6, 3.16, [4108, 3100, 1322]
3, 7, 3.15, [3744, 3758, 689]
3, 8, 3.14, [3748, 3746, 1322]
3, 9, 3.13, [181, 3755, 1315]
4, 0, 3.25, [3760, 3100, 3736]
4, 1, 3.24, [3744, 3100, 1322]
4, 2, 3.23, [3736, 3100, 1322]
4, 3, 3.2, [689, 3100, 181]
4, 4, 3.19, [3744, 3100, 3743]
4, 5, 3.17, [3744, 3100, 1322]
4, 6, 3.16, [3744, 3755, 1321]
4, 7, 3.14, [3748, 3742, 1315]
4, 8, 3.13, [3744, 3100, 3746]
4, 9, 3.12, [3760, 3758, 1322]
5, 0, 3.25, [3760, 3100, 3736]
5, 1, 3.24, [3744, 3100, 1322]
5, 2, 3.18, [689, 3100, 3733]
5, 3, 3.17, [3760, 1315, 3736]
5, 4, 3.15, [3760, 3100, 3777]
5, 5, 3.15, [3736, 1828, 3754]
5, 6, 3.13, [3736, 2400, 693]
5, 7, 3.12, [3760, 3100, 271]
5, 8, 3.1, [287, 689, 279]
5, 9, 3.1, [3744, 72, 3777]
6, 0, 3.33, [3744, 3100, 1322]
6, 1, 3.25, [3760, 3100, 3736]
6, 2, 3.24, [3744, 3100, 1322]
6, 3, 3.21, [3744, 4794, 3736]
6, 4, 3.21, [689, 3746, 1322]
6, 5, 3.21, [3736, 3100, 3733]
6, 6, 3.2, [689, 3741, 3736]
6, 7, 3.14, [3744, 3100, 2156]
6, 8, 3.14, [3740, 3100, 1322]
6, 9, 3.11, [3744, 4301, 3733]
7, 0, 3.33, [3744, 3100, 1322]
7, 1, 3.25, [3760, 3100, 3736]
7, 2, 3.22, [3744, 3100, 2156]
7, 3, 3.18, [3736, 3760, 699]
7, 4, 3.16, [3743, 3756, 1541]
7, 5, 3.13, [3744, 2156, 1321]
7, 6, 3.13, [3744, 3740, 3736]
7, 7, 3.12, [3760, 3747, 3761]
7, 8, 3.1, [3744, 4794, 270]
7, 9, 3.06, [1896, 3100, 1322]
8, 0, 3.33, [3744, 3100, 1322]
8, 1, 3.28, [3736, 3100, 1315]
8, 2, 3.25, [3760, 3100, 3736]
8, 3, 3.21, [3744, 3100, 3746]
8, 4, 3.2, [3758, 269, 3100]
8, 5, 3.12, [3752, 119, 2156]
8, 6, 3.11, [3744, 3740, 699]
8, 7, 3.1, [3744, 279, 1322]
8, 8, 3.08, [3752, 1006, 2156]
8, 9, 3.08, [3744, 3397, 1321]
9, 0, 3.33, [3744, 3100, 1322]
9, 1, 3.28, [3736, 3100, 1315]
9, 2, 3.18, [3744, 3758, 1315]
9, 3, 3.17, [3737, 3100, 1322]
9, 4, 3.15, [3752, 3100, 1315]
9, 5, 3.14, [270, 3100, 1322]
9, 6, 3.13, [3733, 3100, 1322]
9, 7, 3.12, [119, 3100, 1315]
9, 8, 3.12, [3736, 3760, 1322]
9, 9, 3.11, [3744, 3740, 1315]
10, 0, 3.33, [3744, 3100, 1322]
10, 1, 3.28, [3736, 3100, 1315]
10, 2, 3.24, [3744, 3100, 101]
10, 3, 3.23, [3736, 689, 1322]
10, 4, 3.2, [3736, 3740, 1322]
10, 5, 3.19, [3744, 3759, 1322]
10, 6, 3.13, [3744, 2156, 1315]
10, 7, 3.1, [3758, 3100, 1315]
10, 8, 3.09, [3758, 3100, 1315]
10, 9, 3.07, [3754, 3758, 1315]
11, 0, 3.33, [3744, 3100, 1322]
11, 1, 3.28, [3736, 3100, 1315]
11, 2, 3.24, [3736, 3100, 4184]
11, 3, 3.19, [3736, 3100, 1315]
11, 4, 3.15, [3736, 3741, 1322]
11, 5, 3.12, [3736, 275, 3746]
11, 6, 3.1, [3744, 77, 101]
11, 7, 3.09, [3754, 3100, 101]
11, 8, 3.09, [3744, 284, 1315]
11, 9, 3.08, [3744, 359, 1315]
12, 0, 3.33, [3744, 3100, 1322]
12, 1, 3.28, [3736, 3100, 1315]
12, 2, 3.26, [3742, 3100, 181]
12, 3, 3.2, [3736, 3100, 4184]
12, 4, 3.2, [3736, 3100, 1321]
12, 5, 3.18, [3736, 3100, 1321]
12, 6, 3.15, [3736, 3100, 1321]
12, 7, 3.13, [3749, 1833, 1322]
12, 8, 3.13, [3744, 3100, 359]
12, 9, 3.12, [2260, 3100, 1831]
13, 0, 3.33, [3744, 3100, 1322]
13, 1, 3.28, [3736, 3100, 1315]
13, 2, 3.2, [3736, 3100, 1315]
13, 3, 3.18, [3736, 3100, 1321]
13, 4, 3.17, [3736, 3741, 1322]
13, 5, 3.16, [3744, 3100, 352]
13, 6, 3.13, [3736, 2400, 1322]
13, 7, 3.12, [3749, 3100, 1315]
13, 8, 3.12, [3744, 3100, 352]
13, 9, 3.1, [3744, 4794, 1315]
14, 0, 3.33, [3744, 3100, 1322]
14, 1, 3.28, [3736, 3100, 1315]
14, 2, 3.23, [3743, 3100, 1322]
14, 3, 3.22, [3736, 3100, 287]
14, 4, 3.2, [3744, 3100, 352]
14, 5, 3.15, [3744, 3100, 352]
14, 6, 3.13, [2598, 3741, 1322]
14, 7, 3.13, [3736, 3100, 1315]
14, 8, 3.12, [1040, 3100, 293]
14, 9, 3.12, [3749, 3100, 1322]
15, 0, 3.33, [3744, 3100, 1322]
15, 1, 3.28, [3736, 3100, 1315]
15, 2, 3.24, [3736, 3100, 1315]
15, 3, 3.24, [3736, 3741, 1322]
15, 4, 3.23, [3743, 3100, 1825]
15, 5, 3.19, [3736, 3742, 1322]
15, 6, 3.17, [3743, 269, 1321]
15, 7, 3.15, [3744, 119, 1315]
15, 8, 3.11, [4128, 1040, 287]
15, 9, 3.11, [3753, 3100, 1315]
16, 0, 3.33, [3744, 3100, 1322]
16, 1, 3.28, [3736, 3100, 1315]
16, 2, 3.19, [3744, 3741, 1315]
16, 3, 3.18, [3754, 3100, 1322]
16, 4, 3.15, [996, 4794, 3760]
16, 5, 3.15, [3736, 3100, 101]
16, 6, 3.11, [1588, 3100, 1315]
16, 7, 3.1, [3755, 3100, 2261]
16, 8, 3.09, [3736, 3741, 1322]
16, 9, 3.09, [3744, 4794, 1315]
17, 0, 3.33, [3744, 3100, 1322]
17, 1, 3.28, [181, 3100, 689]
17, 2, 3.28, [3736, 3100, 1315]
17, 3, 3.23, [3752, 3741, 1322]
17, 4, 3.22, [3754, 689, 1322]
17, 5, 3.18, [3758, 3100, 1315]
17, 6, 3.17, [3754, 3741, 1315]
17, 7, 3.15, [3744, 3746, 1322]
17, 8, 3.13, [279, 3100, 2229]
17, 9, 3.12, [3749, 3100, 1315]
18, 0, 3.33, [3744, 3100, 1322]
18, 1, 3.28, [181, 3100, 689]
18, 2, 3.23, [3736, 3741, 1322]
18, 3, 3.17, [3748, 3100, 689]
18, 4, 3.16, [3744, 3741, 1315]
18, 5, 3.16, [181, 3100, 1315]
18, 6, 3.16, [3744, 3752, 689]
18, 7, 3.15, [3744, 1322, 2156]
18, 8, 3.15, [3736, 2464, 1322]
18, 9, 3.14, [3747, 3100, 1315]
19, 0, 3.33, [3744, 3100, 1322]
19, 1, 3.28, [181, 3100, 689]
19, 2, 3.22, [282, 3100, 1322]
19, 3, 3.19, [3744, 3746, 689]
19, 4, 3.17, [3761, 3100, 2229]
19, 5, 3.17, [1896, 3740, 3744]
19, 6, 3.16, [33, 3100, 1322]
19, 7, 3.16, [181, 3100, 1315]
19, 8, 3.11, [3397, 3735, 689]
19, 9, 3.06, [1686, 3397, 1315]
20, 0, 3.33, [3744, 3100, 1322]
20, 1, 3.28, [181, 3100, 689]
20, 2, 3.2, [3758, 3746, 1322]
20, 3, 3.16, [3744, 4794, 689]
20, 4, 3.15, [77, 3746, 1322]
20, 5, 3.14, [3744, 72, 3741]
20, 6, 3.13, [3744, 3100, 3755]
20, 7, 3.13, [2261, 3755, 689]
20, 8, 3.1, [352, 3100, 3397]
20, 9, 3.09, [3748, 3737, 1322]
21, 0, 3.33, [3744, 3100, 1322]
21, 1, 3.28, [181, 3100, 689]
21, 2, 3.2, [693, 3100, 1322]
21, 3, 3.19, [3744, 3100, 181]
21, 4, 3.18, [181, 3100, 1321]
21, 5, 3.17, [3759, 3746, 689]
21, 6, 3.13, [4131, 3100, 3397]
21, 7, 3.11, [3747, 3760, 285]
21, 8, 3.11, [3397, 3100, 1896]
21, 9, 3.1, [1605, 3100, 282]
22, 0, 3.33, [3744, 3100, 1322]
22, 1, 3.28, [181, 3100, 689]
22, 2, 3.2, [3744, 3760, 689]
22, 3, 3.18, [4131, 263, 3739]
22, 4, 3.18, [181, 3100, 285]
22, 5, 3.16, [359, 3100, 3758]
22, 6, 3.14, [3744, 3100, 1321]
22, 7, 3.09, [2229, 77, 1092]
22, 8, 3.07, [3744, 3758, 295]
22, 9, 3.06, [279, 3743, 270]
23, 0, 3.33, [3744, 3100, 1322]
23, 1, 3.28, [181, 3100, 689]
23, 2, 3.25, [181, 3760, 3758]
23, 3, 3.24, [3744, 3100, 3742]
23, 4, 3.16, [3744, 3100, 3755]
23, 5, 3.13, [285, 3100, 4128]
23, 6, 3.11, [181, 3100, 1321]
23, 7, 3.1, [3758, 3100, 4301]
23, 8, 3.09, [181, 1322, 3758]
23, 9, 3.09, [181, 3760, 1322]
24, 0, 3.33, [3744, 3100, 1322]
24, 1, 3.28, [181, 3100, 689]
24, 2, 3.22, [3754, 3100, 689]
24, 3, 3.17, [181, 3100, 1321]
24, 4, 3.14, [181, 3760, 1315]
24, 5, 3.13, [3744, 3760, 3743]
24, 6, 3.11, [1321, 3100, 3749]
24, 7, 3.1, [181, 4794, 1322]
24, 8, 3.07, [3744, 2464, 3758]
24, 9, 3.06, [1006, 72, 4129]
25, 0, 3.33, [3744, 3100, 1322]
25, 1, 3.28, [181, 3100, 689]
25, 2, 3.2, [3749, 3100, 689]
25, 3, 3.18, [3744, 4794, 689]
25, 4, 3.17, [4131, 3100, 101]
25, 5, 3.17, [3754, 3100, 3734]
25, 6, 3.15, [2595, 3100, 2463]
25, 7, 3.15, [1825, 3100, 1322]
25, 8, 3.11, [101, 3100, 359]
25, 9, 3.08, [181, 3100, 275]
26, 0, 3.33, [3744, 3100, 1322]
26, 1, 3.28, [181, 3100, 689]
26, 2, 3.24, [3744, 3746, 689]
26, 3, 3.22, [3749, 3100, 689]
26, 4, 3.21, [3749, 3100, 689]
26, 5, 3.17, [181, 3100, 1315]
26, 6, 3.15, [3744, 1605, 4130]
26, 7, 3.09, [1032, 3100, 293]
26, 8, 3.08, [3744, 352, 284]
26, 9, 3.06, [3749, 275, 1322]
27, 0, 3.33, [3744, 3100, 1322]
27, 1, 3.3, [3752, 3100, 1322]
27, 2, 3.28, [181, 3100, 689]
27, 3, 3.24, [3744, 3746, 1321]
27, 4, 3.24, [3744, 279, 689]
27, 5, 3.17, [3744, 3100, 3750]
27, 6, 3.16, [3744, 3100, 3747]
27, 7, 3.15, [3744, 3733, 282]
27, 8, 3.13, [181, 3746, 3743]
27, 9, 3.1, [3744, 2156, 3755]
28, 0, 3.33, [3744, 3100, 1322]
28, 1, 3.3, [3752, 3100, 1322]
28, 2, 3.25, [3752, 3100, 1032]
28, 3, 3.23, [3744, 3100, 1315]
28, 4, 3.21, [3744, 3100, 3746]
28, 5, 3.16, [3742, 3100, 1541]
28, 6, 3.15, [181, 3100, 3747]
28, 7, 3.13, [4128, 2595, 3761]
28, 8, 3.13, [3736, 3100, 1322]
28, 9, 3.13, [3752, 101, 702]
29, 0, 3.33, [3744, 3100, 1322]
29, 1, 3.3, [3752, 3100, 1322]
29, 2, 3.27, [3736, 689, 1322]
29, 3, 3.2, [3752, 3737, 352]
29, 4, 3.16, [3752, 3741, 1032]
29, 5, 3.15, [3752, 1833, 24]
29, 6, 3.13, [3740, 3759, 181]
29, 7, 3.12, [3752, 3758, 1322]
29, 8, 3.09, [3760, 3100, 1322]
29, 9, 3.09, [3777, 4794, 1322]
30, 0, 3.33, [3744, 3100, 1322]
30, 1, 3.3, [3752, 3100, 1322]
30, 2, 3.21, [3736, 3100, 1321]
30, 3, 3.2, [3744, 3105, 1322]
30, 4, 3.19, [3758, 3100, 1322]
30, 5, 3.17, [3744, 3100, 3735]
30, 6, 3.16, [3741, 4128, 1322]
30, 7, 3.13, [3744, 270, 1322]
30, 8, 3.12, [3752, 3737, 1315]
30, 9, 3.11, [72, 3100, 1825]
31, 0, 3.33, [3744, 3100, 1322]
31, 1, 3.3, [3752, 3100, 1322]
31, 2, 3.23, [3752, 689, 1321]
31, 3, 3.23, [3744, 3100, 3754]
31, 4, 3.2, [3744, 3733, 1322]
31, 5, 3.16, [3744, 3100, 1315]
31, 6, 3.15, [3736, 3100, 1321]
31, 7, 3.11, [3737, 3100, 1322]
31, 8, 3.1, [3744, 3746, 1321]
31, 9, 3.1, [3744, 2260, 1322]
32, 0, 3.33, [3744, 3100, 1322]
32, 1, 3.3, [3752, 3100, 1322]
32, 2, 3.21, [3739, 3100, 181]
32, 3, 3.2, [3744, 689, 1322]
32, 4, 3.17, [2229, 3100, 1315]
32, 5, 3.16, [3744, 3100, 1315]
32, 6, 3.15, [3752, 689, 1315]
32, 7, 3.13, [3758, 3100, 1686]
32, 8, 3.09, [1896, 3100, 3737]
32, 9, 3.09, [3754, 693, 1322]
33, 0, 3.33, [3744, 3100, 1322]
33, 1, 3.3, [3752, 3100, 1322]
33, 2, 3.26, [3736, 3100, 1322]
33, 3, 3.24, [3744, 284, 3754]
33, 4, 3.2, [3748, 3100, 181]
33, 5, 3.18, [3742, 3100, 1322]
33, 6, 3.17, [3752, 3746, 1322]
33, 7, 3.14, [3744, 271, 1322]
33, 8, 3.08, [3744, 4301, 1315]
33, 9, 3.08, [4128, 72, 1322]
34, 0, 3.33, [3744, 3100, 1322]
34, 1, 3.3, [3752, 3100, 1322]
34, 2, 3.17, [3752, 1605, 1322]
34, 3, 3.13, [3744, 3758, 2464]
34, 4, 3.13, [3754, 4301, 3744]
34, 5, 3.11, [3754, 3100, 269]
34, 6, 3.09, [3737, 3100, 3733]
34, 7, 3.08, [3744, 3758, 1322]
34, 8, 3.06, [3734, 3100, 1006]
34, 9, 3.02, [1588, 1541, 271]
35, 0, 3.33, [3744, 3100, 1322]
35, 1, 3.3, [3752, 3100, 1322]
35, 2, 3.25, [3752, 3100, 1315]
35, 3, 3.24, [3752, 3100, 1032]
35, 4, 3.17, [3754, 3100, 3744]
35, 5, 3.17, [2400, 3100, 1322]
35, 6, 3.12, [3744, 3746, 3760]
35, 7, 3.09, [3744, 3733, 1322]
35, 8, 3.07, [3733, 3746, 702]
35, 9, 3.06, [3748, 4129, 1322]
36, 0, 3.33, [3744, 3100, 1322]
36, 1, 3.3, [3752, 3100, 1322]
36, 2, 3.18, [3752, 3100, 1315]
36, 3, 3.18, [3744, 3100, 3753]
36, 4, 3.14, [3737, 3100, 2229]
36, 5, 3.13, [285, 3100, 1032]
36, 6, 3.13, [3756, 2229, 1322]
36, 7, 3.13, [4128, 3758, 1322]
36, 8, 3.13, [295, 3752, 3759]
36, 9, 3.11, [2464, 3100, 1321]
37, 0, 3.33, [3744, 3100, 1322]
37, 1, 3.3, [3752, 3100, 1322]
37, 2, 3.24, [3744, 3100, 1321]
37, 3, 3.18, [3752, 3758, 1322]
37, 4, 3.17, [3105, 3100, 3746]
37, 5, 3.16, [3752, 3746, 1322]
37, 6, 3.16, [77, 3100, 2229]
37, 7, 3.16, [3752, 284, 159]
37, 8, 3.16, [3744, 3746, 1322]
37, 9, 3.13, [3744, 2595, 3760]
38, 0, 3.33, [3744, 3100, 1322]
38, 1, 3.3, [3752, 3100, 1322]
38, 2, 3.2, [3760, 3100, 1322]
38, 3, 3.2, [1831, 3100, 1322]
38, 4, 3.17, [3736, 702, 1830]
38, 5, 3.12, [1588, 3100, 4130]
38, 6, 3.11, [3752, 1006, 1321]
38, 7, 3.07, [3744, 1541, 285]
38, 8, 3.06, [3760, 3100, 1322]
38, 9, 3.05, [3102, 3100, 693]
39, 0, 3.33, [3744, 3100, 1322]
39, 1, 3.3, [3752, 3100, 1322]
39, 2, 3.14, [1834, 4794, 3746]
39, 3, 3.13, [1831, 3100, 3759]
39, 4, 3.12, [3744, 1322, 3740]
39, 5, 3.1, [24, 3100, 2400]
39, 6, 3.1, [3753, 1605, 3100]
39, 7, 3.09, [3744, 263, 1322]
39, 8, 3.08, [3760, 2156, 689]
39, 9, 3.07, [2598, 3747, 1322]
40, 0, 3.34, [3752, 3100, 3746]
40, 1, 3.33, [3744, 3100, 1322]
40, 2, 3.3, [3752, 3100, 1322]
40, 3, 3.24, [3752, 3100, 3747]
40, 4, 3.22, [3744, 3100, 1321]
40, 5, 3.17, [3744, 3100, 2490]
40, 6, 3.16, [3744, 3759, 1321]
40, 7, 3.13, [3741, 3100, 359]
40, 8, 3.12, [1834, 3760, 1322]
40, 9, 3.09, [1830, 1987, 2490]
41, 0, 3.34, [3752, 3100, 3746]
41, 1, 3.33, [3744, 3100, 1322]
41, 2, 3.22, [3744, 2229, 3746]
41, 3, 3.15, [3734, 3100, 3746]
41, 4, 3.15, [3752, 3100, 3746]
41, 5, 3.12, [285, 3100, 1686]
41, 6, 3.11, [291, 3100, 1322]
41, 7, 3.11, [3752, 3734, 1322]
41, 8, 3.1, [291, 3100, 1322]
41, 9, 3.1, [3744, 3760, 293]
42, 0, 3.34, [3752, 3100, 3746]
42, 1, 3.33, [3744, 3100, 1322]
42, 2, 3.26, [3752, 3100, 3777]
42, 3, 3.24, [3752, 3100, 3746]
42, 4, 3.2, [3756, 3100, 3746]
42, 5, 3.15, [2490, 271, 3746]
42, 6, 3.13, [3744, 3100, 1605]
42, 7, 3.13, [275, 3735, 3754]
42, 8, 3.11, [181, 3100, 1605]
42, 9, 3.1, [3734, 3741, 1322]
43, 0, 3.34, [3752, 3100, 3746]
43, 1, 3.33, [3744, 3100, 1322]
43, 2, 3.21, [3744, 689, 3777]
43, 3, 3.17, [689, 3777, 33]
43, 4, 3.15, [3102, 3760, 3746]
43, 5, 3.14, [2260, 3100, 3759]
43, 6, 3.11, [3752, 3750, 72]
43, 7, 3.11, [3760, 3100, 1322]
43, 8, 3.07, [2400, 3733, 1322]
43, 9, 3.07, [1987, 3100, 3735]
44, 0, 3.34, [3752, 3100, 3746]
44, 1, 3.33, [3744, 3100, 1322]
44, 2, 3.25, [3752, 3100, 181]
44, 3, 3.19, [3752, 689, 1322]
44, 4, 3.18, [3744, 689, 3752]
44, 5, 3.18, [3744, 3740, 3746]
44, 6, 3.17, [3756, 3100, 1322]
44, 7, 3.13, [3744, 3100, 3750]
44, 8, 3.13, [3744, 3100, 181]
44, 9, 3.1, [3754, 702, 3746]
45, 0, 3.34, [3752, 689, 1322]
45, 1, 3.34, [3752, 3100, 3746]
45, 2, 3.33, [3744, 3100, 1322]
45, 3, 3.22, [3748, 3100, 3746]
45, 4, 3.21, [3752, 3736, 181]
45, 5, 3.2, [3744, 3100, 3747]
45, 6, 3.18, [3752, 1826, 3746]
45, 7, 3.14, [3752, 279, 1830]
45, 8, 3.13, [3752, 3758, 1322]
45, 9, 3.11, [3752, 3743, 3746]
46, 0, 3.34, [3752, 689, 1322]
46, 1, 3.34, [3752, 3100, 3746]
46, 2, 3.26, [3752, 689, 3755]
46, 3, 3.24, [3756, 689, 3746]
46, 4, 3.22, [3752, 3746, 1322]
46, 5, 3.2, [3752, 3100, 1315]
46, 6, 3.17, [3752, 3100, 1315]
46, 7, 3.16, [3744, 3755, 1322]
46, 8, 3.14, [4794, 689, 1321]
46, 9, 3.13, [3744, 689, 4108]
47, 0, 3.36, [3744, 689, 3746]
47, 1, 3.34, [3752, 689, 1322]
47, 2, 3.34, [3752, 3100, 3746]
47, 3, 3.3, [3752, 689, 3736]
47, 4, 3.25, [3752, 3100, 3744]
47, 5, 3.21, [3754, 689, 3746]
47, 6, 3.2, [3752, 3743, 3746]
47, 7, 3.13, [3752, 3758, 1322]
47, 8, 3.12, [3761, 3758, 284]
47, 9, 3.11, [295, 3100, 3759]
48, 0, 3.36, [3744, 689, 3746]
48, 1, 3.34, [3752, 689, 1322]
48, 2, 3.33, [3752, 689, 3747]
48, 3, 3.3, [3744, 3743, 3736]
48, 4, 3.29, [1825, 3742, 3746]
48, 5, 3.29, [3752, 689, 3736]
48, 6, 3.26, [3744, 689, 3752]
48, 7, 3.18, [3741, 689, 3746]
48, 8, 3.15, [1315, 1825, 3746]
48, 9, 3.13, [271, 2156, 3746]
49, 0, 3.36, [3744, 689, 3746]
49, 1, 3.34, [3752, 689, 1322]
49, 2, 3.2, [3754, 689, 3746]
49, 3, 3.19, [3752, 3750, 3746]
49, 4, 3.17, [3752, 3749, 3746]
49, 5, 3.17, [3736, 689, 1322]
49, 6, 3.15, [3752, 689, 1322]
49, 7, 3.14, [3744, 3759, 270]
49, 8, 3.13, [3758, 689, 1322]
49, 9, 3.13, [3744, 689, 1322]
50, 0, 3.36, [3744, 689, 3746]
50, 1, 3.34, [3752, 689, 1322]
50, 2, 3.26, [3752, 689, 1322]
50, 3, 3.21, [3752, 3750, 3746]
50, 4, 3.19, [3744, 3734, 3100]
50, 5, 3.18, [3758, 689, 3755]
50, 6, 3.18, [3752, 689, 3745]
50, 7, 3.18, [3744, 689, 1321]
50, 8, 3.17, [3752, 3758, 3746]
50, 9, 3.11, [3752, 24, 1321]
