n_nodes,influence,n0,n1,n2,n3,n4
5,141.4100,57,0,3,29,2780
5,141.4100,57,0,3,29,2780
5,141.4100,57,0,3,29,2780
5,141.4100,57,0,3,29,2780
5,141.4100,57,0,3,29,2780
5,141.4100,57,0,3,29,2780
5,141.4100,57,0,3,29,2780
5,141.4100,57,0,3,29,2780
5,140.0500,57,0,3,2780,29
5,137.8400,0,3,57,3462,29
5,137.7600,57,0,3,29,2078
5,136.6200,29,0,3,4390,112
5,136.6200,29,0,3,4390,112
5,136.6200,29,0,3,4390,112
5,136.6200,29,0,3,4390,112
5,136.6200,29,0,3,4390,112
5,136.6200,29,0,3,4390,112
5,136.6200,29,0,3,4390,112
5,136.6200,29,0,3,4390,112
5,135.1800,57,0,3,29,9826
5,134.0000,3,0,57,29,2078
5,133.1200,57,0,3,122,6558
5,133.0500,3,0,2906,29,2078
5,132.7300,3,0,1172,29,2780
5,132.3700,29,0,3,4390,112
5,132.1600,3,0,6350,29,2078
5,130.9400,3,0,2983,2780,29
5,130.9200,3,0,1771,1261,118
5,130.7800,29,0,3,1771,2107
5,130.6700,0,3,57,122,5918
5,130.2700,0,6350,3,29,2078
5,130.2700,0,6350,3,29,2078
5,130.2700,0,6350,3,29,2078
5,130.2700,0,6350,3,29,2078
5,130.1200,3,0,1261,2780,29
5,130.1200,384,0,3,29,2780
5,129.9500,3,0,6350,29,2078
5,129.9500,3,0,6350,29,2078
5,128.7900,3,0,6350,29,2078
5,128.6200,3,0,6350,29,2780
5,127.0400,0,3,2005,29,2078
5,126.6900,57,0,3,4390,112
5,126.1700,29,0,3,4390,9826
5,126.1700,29,0,3,4390,9826
5,126.0300,3,0,6350,2780,29
5,125.9000,3,0,6350,29,9826
5,125.3900,3,0,6350,29,2078
5,125.3900,3,0,6350,29,2078
5,125.3900,3,0,6350,29,2078
5,125.2700,3,0,6350,1771,112
5,125.2700,3,0,6350,1771,112
5,125.0400,3,0,6350,29,9826
5,125.0400,3,0,6350,29,9826
5,125.0400,3,0,6350,29,9826
5,124.7200,0,3,4390,4500,29
5,124.1900,3,0,6350,29,2078
5,122.2000,3,0,6350,2780,29
5,122.2000,3,0,6350,2780,29
5,122.2000,3,0,6350,2780,29
5,122.2000,3,0,6350,2780,29
5,121.5500,3,0,57,602,2872
5,119.4600,3,0,6350,1771,112
5,115.6800,0,3,7240,9744,6994
5,115.6800,0,3,7240,9744,6994
5,115.6800,0,3,7240,9744,6994
5,115.5200,3,0,6350,2780,2078
5,115.4100,3,0,6350,602,2780
5,113.3000,3,0,6350,9744,6994
5,113.3000,3,0,6350,9744,6994
5,113.3000,3,0,6350,9744,6994
5,113.3000,3,0,6350,9744,6994
5,113.3000,3,0,6350,9744,6994
5,113.3000,3,0,6350,9744,6994
5,113.0300,3,0,6350,9744,6994
5,112.8700,0,3,7240,9744,2078
5,112.6200,3,0,6350,1771,9826
5,112.6200,3,0,6350,1771,9826
5,112.4300,3,0,6350,2780,2078
5,111.5500,3,0,6350,9744,2107
5,107.7400,3,5209,118,57,29
5,102.3000,3,1861,57,29,118
5,102.3000,3,1861,57,29,118
5,98.3400,3,1861,57,29,2078
5,98.3400,3,1861,57,29,2078
5,98.3400,3,1861,57,29,2078
5,98.3400,3,1861,57,29,2078
5,98.3400,3,1861,57,29,2078
5,98.3400,3,1861,57,29,2078
5,98.3400,3,1861,57,29,2078
5,98.3400,3,1861,57,29,2078
5,98.3400,3,1861,57,29,2078
5,98.0900,3,118,6350,2780,29
5,97.8400,3,118,1261,1771,29
5,96.7700,3,1861,57,29,7689
5,95.8900,3,118,1261,29,2078
5,95.6900,3,1861,57,29,2078
5,94.4200,3,118,1261,2780,29
5,94.4200,3,118,1261,2780,29
5,94.4200,3,118,1261,2780,29
5,94.4200,3,118,1261,2780,29
5,93.7200,3,118,6350,2780,29
5,93.7200,3,118,6350,2780,29
5,93.5700,6778,3,57,2780,29
5,93.4200,29,0,1771,1261,118
5,92.6100,191,3,6350,2780,29
5,91.9900,0,571,57,602,29
5,91.9700,3,1861,57,29,8766
5,91.5300,3,118,6310,2780,29
5,91.5300,3,118,6310,2780,29
5,91.4200,3,118,5515,2780,29
5,90.1500,57,0,1172,29,2780
5,89.5900,29,0,57,602,2872
5,89.5900,29,0,57,602,2872
5,89.5900,29,0,57,602,2872
5,89.5900,29,0,57,602,2872
5,89.5600,57,2393,3,29,2078
5,89.5600,57,2393,3,29,2078
5,88.0500,0,6792,6350,87,29
5,87.7600,5430,3,1261,2780,29
5,87.4800,3,9710,2906,29,2078
5,87.4800,3,9710,2906,29,2078
5,87.4800,3,9710,2906,29,2078
5,87.4800,3,9710,2906,29,2078
5,87.4800,3,9710,2906,29,2078
5,87.4800,3,9710,2906,29,2078
5,87.4800,3,9710,2906,29,2078
5,87.2200,3,9710,2906,29,2078
5,87.0000,3,118,1261,4390,112
