generation number, individual number, fitness, candidate
0, 0, 24.53, [2846, 798]
0, 1, 7.0, [1514, 1540]
0, 2, 4.0, [2490, 1827]
0, 3, 4.0, [974, 1419]
0, 4, 3.26, [1555, 1569]
0, 5, 3.0, [1003, 710]
0, 6, 3.0, [15, 922]
0, 7, 2.0, [609, 1225]
0, 8, 2.0, [429, 15]
0, 9, 2.0, [1603, 15]
1, 0, 35.62, [520, 1003]
1, 1, 32.68, [5117, 662]
1, 2, 24.53, [2846, 798]
1, 3, 23.5, [2846, 711]
1, 4, 7.0, [1514, 1540]
1, 5, 5.0, [731, 1543]
1, 6, 5.0, [2340, 798]
1, 7, 4.38, [1555, 902]
1, 8, 4.0, [780, 1540]
1, 9, 3.0, [495, 2490]
2, 0, 35.71, [520, 662]
2, 1, 35.62, [520, 1003]
2, 2, 35.5, [520, 974]
2, 3, 35.38, [520, 1543]
2, 4, 32.68, [5117, 662]
2, 5, 28.74, [5117, 905]
2, 6, 6.0, [711, 873]
2, 7, 6.0, [2032, 798]
2, 8, 5.0, [2490, 662]
2, 9, 4.0, [1029, 450]
3, 0, 35.77, [520, 697]
3, 1, 35.71, [520, 662]
3, 2, 35.65, [520, 974]
3, 3, 35.62, [520, 1003]
3, 4, 10.0, [476, 974]
3, 5, 7.28, [990, 1289]
3, 6, 6.0, [735, 834]
3, 7, 6.0, [15, 2032]
3, 8, 6.0, [1219, 662]
3, 9, 5.0, [2436, 662]
4, 0, 35.77, [520, 697]
4, 1, 35.74, [520, 1048]
4, 2, 35.71, [520, 662]
4, 3, 8.0, [902, 785]
4, 4, 7.0, [1567, 974]
4, 5, 6.0, [78, 662]
4, 6, 5.0, [98, 697]
4, 7, 4.0, [1827, 691]
4, 8, 3.0, [731, 922]
4, 9, 2.52, [1141, 1569]
5, 0, 39.41, [520, 834]
5, 1, 35.77, [520, 697]
5, 2, 35.74, [520, 1048]
5, 3, 35.53, [520, 697]
5, 4, 35.47, [520, 1543]
5, 5, 9.0, [439, 1353]
5, 6, 9.0, [741, 819]
5, 7, 7.0, [247, 662]
5, 8, 5.48, [1567, 1141]
5, 9, 4.0, [1540, 78]
6, 0, 39.41, [520, 834]
6, 1, 35.77, [520, 697]
6, 2, 35.17, [520, 1045]
6, 3, 12.0, [1414, 716]
6, 4, 6.28, [1347, 697]
6, 5, 6.0, [216, 694]
6, 6, 6.0, [662, 78]
6, 7, 5.0, [786, 339]
6, 8, 4.51, [1967, 3]
6, 9, 4.49, [495, 841]
7, 0, 39.41, [520, 834]
7, 1, 38.47, [520, 1414]
7, 2, 35.77, [520, 697]
7, 3, 10.0, [495, 716]
7, 4, 9.0, [934, 3147]
7, 5, 9.0, [439, 1580]
7, 6, 8.0, [934, 483]
7, 7, 7.0, [247, 1414]
7, 8, 6.0, [487, 666]
7, 9, 5.0, [1229, 834]
8, 0, 39.41, [520, 834]
8, 1, 38.47, [520, 1414]
8, 2, 10.0, [487, 834]
8, 3, 10.0, [716, 697]
8, 4, 6.15, [786, 1289]
8, 5, 6.0, [675, 834]
8, 6, 6.0, [2341, 741]
8, 7, 5.0, [1353, 1414]
8, 8, 5.0, [694, 1225]
8, 9, 3.0, [1540, 635]
9, 0, 39.41, [520, 834]
9, 1, 38.47, [520, 1414]
9, 2, 34.59, [495, 520]
9, 3, 10.59, [873, 336]
9, 4, 10.54, [716, 841]
9, 5, 10.0, [741, 834]
9, 6, 6.0, [1540, 1414]
9, 7, 6.0, [690, 1414]
9, 8, 5.0, [1567, 1225]
9, 9, 4.49, [3, 495]
10, 0, 39.41, [520, 834]
10, 1, 38.53, [520, 1414]
10, 2, 38.47, [520, 1414]
10, 3, 9.35, [964, 711]
10, 4, 9.0, [741, 1414]
10, 5, 8.0, [694, 1414]
10, 6, 7.46, [1025, 2340]
10, 7, 6.0, [2436, 834]
10, 8, 6.0, [635, 990]
10, 9, 5.0, [1567, 545]
11, 0, 39.41, [520, 834]
11, 1, 38.53, [520, 1414]
11, 2, 36.44, [520, 850]
11, 3, 35.59, [520, 3639]
11, 4, 12.0, [716, 1414]
11, 5, 9.0, [2340, 834]
11, 6, 8.0, [476, 1378]
11, 7, 6.0, [662, 1029]
11, 8, 5.42, [1141, 819]
11, 9, 4.0, [850, 1967]
12, 0, 39.41, [520, 834]
12, 1, 38.56, [520, 1414]
12, 2, 38.53, [520, 1414]
12, 3, 35.53, [520, 1394]
12, 4, 10.0, [716, 850]
12, 5, 7.22, [1289, 834]
12, 6, 6.0, [1157, 1414]
12, 7, 6.0, [662, 850]
12, 8, 5.0, [656, 1229]
12, 9, 4.18, [1025, 483]
13, 0, 39.41, [520, 834]
13, 1, 38.56, [520, 1414]
13, 2, 9.0, [816, 834]
13, 3, 9.0, [1138, 711]
13, 4, 6.0, [1514, 320]
13, 5, 5.0, [1048, 1414]
13, 6, 4.0, [609, 1827]
13, 7, 4.0, [1967, 1157]
13, 8, 4.0, [609, 98]
13, 9, 3.0, [690, 1229]
14, 0, 39.41, [520, 834]
14, 1, 38.56, [520, 1414]
14, 2, 38.47, [520, 1414]
14, 3, 36.47, [520, 780]
14, 4, 35.88, [520, 1141]
14, 5, 9.2, [1347, 834]
14, 6, 8.0, [662, 1414]
14, 7, 8.0, [694, 1414]
14, 8, 6.0, [1381, 731]
14, 9, 5.0, [1225, 1414]
15, 0, 39.41, [520, 834]
15, 1, 38.56, [520, 1414]
15, 2, 13.0, [1138, 970]
15, 3, 12.0, [716, 1414]
15, 4, 10.0, [873, 970]
15, 5, 8.0, [694, 1414]
15, 6, 6.0, [495, 1414]
15, 7, 6.0, [741, 798]
15, 8, 5.0, [1381, 1229]
15, 9, 3.0, [780, 666]
16, 0, 39.41, [520, 834]
16, 1, 38.74, [520, 1414]
16, 2, 38.56, [520, 1414]
16, 3, 36.68, [520, 902]
16, 4, 13.35, [964, 970]
16, 5, 10.0, [1138, 3147]
16, 6, 8.0, [98, 834]
16, 7, 6.0, [1540, 1414]
16, 8, 6.0, [970, 3639]
16, 9, 4.19, [1289, 78]
17, 0, 39.41, [520, 834]
17, 1, 38.74, [520, 1414]
17, 2, 35.38, [520, 1229]
17, 3, 34.44, [520, 15]
17, 4, 13.0, [1138, 834]
17, 5, 9.0, [1514, 1414]
17, 6, 7.0, [970, 902]
17, 7, 6.0, [609, 834]
17, 8, 6.0, [741, 2667]
17, 9, 5.0, [545, 1414]
18, 0, 39.41, [520, 2032]
18, 1, 39.41, [520, 834]
18, 2, 38.74, [520, 1414]
18, 3, 34.17, [520, 216]
18, 4, 24.49, [1048, 2846]
18, 5, 13.45, [964, 834]
18, 6, 12.0, [439, 1414]
18, 7, 5.0, [1045, 2340]
18, 8, 5.0, [483, 662]
18, 9, 4.31, [1555, 850]
19, 0, 40.35, [520, 934]
19, 1, 39.53, [520, 2070]
19, 2, 39.41, [520, 2032]
19, 3, 39.41, [520, 834]
19, 4, 34.35, [520, 711]
19, 5, 9.65, [964, 1225]
19, 6, 7.49, [336, 690]
19, 7, 6.26, [1289, 656]
19, 8, 6.0, [1414, 495]
19, 9, 5.0, [1353, 2340]
20, 0, 40.35, [520, 934]
20, 1, 39.53, [520, 2070]
20, 2, 37.61, [520, 1430]
20, 3, 35.44, [520, 1353]
20, 4, 35.17, [520, 1543]
20, 5, 8.0, [934, 675]
20, 6, 6.0, [1543, 1157]
20, 7, 6.0, [545, 834]
20, 8, 6.0, [2436, 2070]
20, 9, 6.0, [1540, 786]
21, 0, 40.35, [520, 934]
21, 1, 39.53, [520, 2070]
21, 2, 37.46, [520, 1025]
21, 3, 34.17, [520, 545]
21, 4, 9.0, [1543, 1514]
21, 5, 6.0, [873, 2667]
21, 6, 6.0, [691, 2070]
21, 7, 5.55, [690, 1430]
21, 8, 4.47, [2436, 1430]
21, 9, 4.0, [850, 697]
22, 0, 40.35, [520, 934]
22, 1, 39.53, [520, 2070]
22, 2, 38.29, [520, 786]
22, 3, 36.73, [520, 1289]
22, 4, 35.41, [520, 2667]
22, 5, 35.38, [520, 2667]
22, 6, 6.0, [786, 1157]
22, 7, 6.0, [694, 78]
22, 8, 5.29, [1540, 1025]
22, 9, 2.0, [1003, 1048]
23, 0, 40.35, [520, 934]
23, 1, 39.53, [520, 2070]
23, 2, 36.44, [1157, 520]
23, 3, 25.95, [2846, 841]
23, 4, 9.3, [1569, 964]
23, 5, 9.0, [2490, 439]
23, 6, 9.0, [78, 934]
23, 7, 4.51, [483, 1430]
23, 8, 3.25, [2490, 1289]
23, 9, 3.0, [216, 1229]
24, 0, 40.35, [520, 934]
24, 1, 39.53, [520, 2070]
24, 2, 38.53, [520, 476]
24, 3, 37.95, [520, 1025]
24, 4, 9.05, [2490, 964]
24, 5, 9.0, [1543, 2070]
24, 6, 9.0, [1157, 934]
24, 7, 8.0, [2070, 809]
24, 8, 6.0, [751, 1827]
24, 9, 4.0, [1569, 1827]
25, 0, 40.35, [520, 934]
25, 1, 39.53, [520, 2070]
25, 2, 15.0, [1138, 476]
25, 3, 12.0, [934, 2070]
25, 4, 12.0, [741, 934]
25, 5, 11.0, [662, 934]
25, 6, 10.0, [741, 2070]
25, 7, 9.5, [336, 662]
25, 8, 6.0, [662, 780]
25, 9, 6.0, [2032, 1394]
26, 0, 62.67, [520, 5117]
26, 1, 40.35, [520, 934]
26, 2, 39.53, [520, 2070]
26, 3, 34.44, [520, 2436]
26, 4, 34.41, [520, 635]
26, 5, 16.0, [439, 716]
26, 6, 13.95, [964, 970]
26, 7, 12.0, [439, 1414]
26, 8, 10.0, [1138, 1827]
26, 9, 8.0, [1138, 2667]
27, 0, 62.67, [520, 5117]
27, 1, 40.35, [520, 934]
27, 2, 36.47, [520, 450]
27, 3, 35.62, [520, 1967]
27, 4, 35.44, [520, 1543]
27, 5, 29.98, [798, 5117]
27, 6, 6.5, [1347, 1029]
27, 7, 6.0, [2436, 2070]
27, 8, 6.0, [786, 816]
27, 9, 3.0, [780, 798]
28, 0, 62.67, [520, 5117]
28, 1, 40.35, [520, 934]
28, 2, 39.71, [520, 1381]
28, 3, 36.96, [716, 5117]
28, 4, 11.0, [98, 1138]
28, 5, 10.0, [476, 1574]
28, 6, 5.0, [1574, 216]
28, 7, 5.0, [2340, 798]
28, 8, 5.0, [247, 690]
28, 9, 2.0, [1580, 1048]
29, 0, 62.67, [520, 5117]
29, 1, 40.35, [520, 934]
29, 2, 36.91, [520, 3]
29, 3, 35.59, [520, 2667]
29, 4, 30.92, [78, 5117]
29, 5, 16.4, [964, 1138]
29, 6, 8.52, [3, 785]
29, 7, 6.0, [1567, 216]
29, 8, 6.0, [450, 816]
29, 9, 6.0, [216, 1543]
30, 0, 62.67, [520, 5117]
30, 1, 62.65, [520, 5117]
30, 2, 40.35, [520, 934]
30, 3, 36.58, [964, 5117]
30, 4, 32.63, [1414, 5117]
30, 5, 30.22, [1569, 5117]
30, 6, 24.51, [2846, 1509]
30, 7, 7.5, [785, 1141]
30, 8, 5.0, [339, 1414]
30, 9, 5.0, [786, 1603]
31, 0, 62.67, [520, 5117]
31, 1, 62.65, [520, 5117]
31, 2, 33.77, [834, 5117]
31, 3, 29.42, [320, 5117]
31, 4, 10.0, [476, 974]
31, 5, 9.0, [662, 834]
31, 6, 8.0, [1827, 2032]
31, 7, 6.0, [809, 974]
31, 8, 6.0, [247, 809]
31, 9, 3.0, [1394, 450]
32, 0, 62.67, [520, 5117]
32, 1, 62.65, [520, 5117]
32, 2, 29.85, [1045, 5117]
32, 3, 8.36, [662, 1347]
32, 4, 6.0, [786, 902]
32, 5, 6.0, [834, 2667]
32, 6, 6.0, [1414, 495]
32, 7, 5.0, [691, 816]
32, 8, 5.0, [15, 2340]
32, 9, 4.0, [1229, 905]
33, 0, 62.67, [520, 5117]
33, 1, 62.65, [520, 5117]
33, 2, 35.68, [520, 1509]
33, 3, 35.41, [520, 675]
33, 4, 31.51, [974, 5117]
33, 5, 7.51, [1430, 656]
33, 6, 7.0, [3147, 873]
33, 7, 6.0, [662, 1029]
33, 8, 6.0, [662, 902]
33, 9, 5.08, [2436, 1347]
34, 0, 62.67, [520, 5117]
34, 1, 62.65, [520, 5117]
34, 2, 39.44, [520, 970]
34, 3, 35.5, [520, 1569]
34, 4, 13.0, [439, 970]
34, 5, 10.44, [336, 834]
34, 6, 7.58, [1430, 2340]
34, 7, 6.0, [710, 694]
34, 8, 6.0, [809, 1574]
34, 9, 5.0, [1353, 1543]
35, 0, 62.67, [520, 5117]
35, 1, 62.65, [520, 5117]
35, 2, 39.8, [520, 990]
35, 3, 36.56, [520, 1029]
35, 4, 11.0, [439, 751]
35, 5, 8.0, [487, 905]
35, 6, 7.0, [487, 3147]
35, 7, 6.0, [1514, 1569]
35, 8, 6.0, [1580, 970]
35, 9, 3.0, [1225, 495]
36, 0, 62.67, [520, 5117]
36, 1, 62.65, [520, 5117]
36, 2, 36.56, [520, 716]
36, 3, 35.47, [520, 1003]
36, 4, 29.97, [731, 5117]
36, 5, 6.0, [1509, 970]
36, 6, 5.25, [247, 1289]
36, 7, 4.6, [841, 450]
36, 8, 4.0, [2490, 751]
36, 9, 3.0, [2490, 3147]
37, 0, 62.67, [520, 5117]
37, 1, 62.65, [520, 5117]
37, 2, 38.49, [520, 336]
37, 3, 35.88, [476, 5117]
37, 4, 35.86, [964, 5117]
37, 5, 29.14, [1141, 5117]
37, 6, 10.0, [1219, 1138]
37, 7, 8.55, [785, 3]
37, 8, 8.0, [922, 785]
37, 9, 5.58, [1540, 1430]
38, 0, 62.67, [520, 5117]
38, 1, 62.65, [520, 5117]
38, 2, 34.38, [520, 247]
38, 3, 32.9, [662, 5117]
38, 4, 12.15, [964, 662]
38, 5, 7.0, [785, 1225]
38, 6, 6.0, [675, 970]
38, 7, 5.0, [2340, 339]
38, 8, 3.0, [635, 710]
38, 9, 3.0, [922, 1580]
39, 0, 62.67, [520, 5117]
39, 1, 62.65, [520, 5117]
39, 2, 38.42, [520, 336]
39, 3, 37.14, [716, 5117]
39, 4, 36.84, [520, 3]
39, 5, 33.13, [1414, 5117]
39, 6, 10.0, [2070, 1514]
39, 7, 8.0, [786, 1414]
39, 8, 7.0, [216, 990]
39, 9, 4.64, [15, 1025]
40, 0, 62.67, [520, 5117]
40, 1, 62.65, [520, 5117]
40, 2, 39.56, [520, 970]
40, 3, 37.47, [520, 905]
40, 4, 35.0, [520, 320]
40, 5, 31.75, [587, 5117]
40, 6, 13.0, [716, 2032]
40, 7, 9.0, [2436, 716]
40, 8, 7.28, [819, 1025]
40, 9, 3.55, [841, 1394]
41, 0, 62.67, [520, 5117]
41, 1, 62.65, [520, 5117]
41, 2, 39.62, [520, 990]
41, 3, 38.56, [520, 819]
41, 4, 33.44, [662, 5117]
41, 5, 11.6, [1827, 964]
41, 6, 5.0, [798, 1414]
41, 7, 5.0, [1827, 850]
41, 8, 4.53, [495, 841]
41, 9, 4.0, [495, 1219]
42, 0, 62.67, [520, 5117]
42, 1, 62.65, [520, 5117]
42, 2, 35.56, [520, 1003]
42, 3, 29.5, [2846, 476]
42, 4, 9.0, [716, 635]
42, 5, 7.0, [694, 587]
42, 6, 6.0, [247, 905]
42, 7, 5.0, [710, 809]
42, 8, 5.0, [483, 1543]
42, 9, 3.0, [1048, 850]
43, 0, 62.94, [520, 5117]
43, 1, 62.67, [520, 5117]
43, 2, 62.65, [520, 5117]
43, 3, 37.19, [520, 3]
43, 4, 36.65, [520, 587]
43, 5, 36.38, [520, 98]
43, 6, 24.52, [2846, 731]
43, 7, 9.0, [2032, 1414]
43, 8, 6.0, [662, 1029]
43, 9, 4.0, [974, 609]
44, 0, 62.94, [520, 5117]
44, 1, 62.67, [520, 5117]
44, 2, 30.37, [450, 5117]
44, 3, 13.0, [1138, 990]
44, 4, 9.0, [816, 2032]
44, 5, 7.0, [1967, 970]
44, 6, 6.41, [1514, 1141]
44, 7, 5.0, [1574, 710]
44, 8, 3.0, [2490, 216]
44, 9, 2.0, [1419, 1569]
45, 0, 62.94, [520, 5117]
45, 1, 62.67, [520, 5117]
45, 2, 39.56, [520, 990]
45, 3, 39.53, [520, 990]
45, 4, 35.53, [1580, 520]
45, 5, 33.19, [2340, 5117]
45, 6, 29.33, [691, 5117]
45, 7, 7.0, [1967, 2032]
45, 8, 6.0, [675, 2070]
45, 9, 6.0, [487, 675]
46, 0, 62.94, [520, 5117]
46, 1, 62.67, [520, 5117]
46, 2, 36.35, [520, 3147]
46, 3, 9.53, [816, 336]
46, 4, 7.23, [1289, 2032]
46, 5, 7.0, [902, 741]
46, 6, 7.0, [495, 990]
46, 7, 7.0, [741, 216]
46, 8, 4.0, [1028, 905]
46, 9, 2.0, [2341, 3639]
47, 0, 62.94, [520, 5117]
47, 1, 62.67, [520, 5117]
47, 2, 30.32, [2436, 5117]
47, 3, 6.0, [873, 2490]
47, 4, 6.0, [495, 816]
47, 5, 5.34, [1289, 1827]
47, 6, 5.3, [247, 1555]
47, 7, 4.0, [905, 1378]
47, 8, 3.0, [3639, 1540]
47, 9, 3.0, [3147, 798]
48, 0, 62.94, [520, 5117]
48, 1, 62.67, [520, 5117]
48, 2, 29.28, [675, 5117]
48, 3, 8.0, [587, 834]
48, 4, 7.48, [841, 2032]
48, 5, 7.0, [662, 587]
48, 6, 6.0, [1603, 834]
48, 7, 5.0, [1378, 1414]
48, 8, 5.0, [786, 1509]
48, 9, 3.0, [1157, 2667]
49, 0, 62.94, [520, 5117]
49, 1, 62.67, [520, 5117]
49, 2, 38.47, [656, 520]
49, 3, 38.38, [520, 1567]
49, 4, 37.71, [520, 905]
49, 5, 10.0, [785, 786]
49, 6, 8.48, [905, 336]
49, 7, 6.0, [1381, 666]
49, 8, 6.0, [429, 990]
49, 9, 5.0, [1419, 816]
50, 0, 62.94, [520, 5117]
50, 1, 62.67, [520, 5117]
50, 2, 38.26, [520, 786]
50, 3, 35.2, [520, 1045]
50, 4, 8.0, [1381, 751]
50, 5, 6.0, [1967, 656]
50, 6, 6.0, [1514, 483]
50, 7, 5.0, [735, 1414]
50, 8, 3.0, [216, 731]
50, 9, 3.0, [2436, 690]
