generation number, pop_size, worst, best, median, avg, std, diversity, improvement, number_of_selections
0, 10, 5.64, 12.09, 9.274999999999999, 9.410999999999998, 2.1321184301065457,0.9666666666666667,0,[1.e-300]
1, 10, 9.04, 13.42, 10.355, 10.712, 1.287189185784281,0.8666666666666667,0.11000827129859389,[1.e-300]
2, 10, 5.0, 13.42, 10.274999999999999, 10.043000000000001, 2.607251618083686,0.8111111111111111,0.0,[1.e-300]
3, 10, 7.17, 13.42, 9.125, 9.644, 2.0909481103078575,0.9,0.0,[1.e-300]
4, 10, 6.23, 14.6, 12.235, 11.143, 2.8633618353257413,0.8666666666666667,0.08792846497764528,[1.e-300]
5, 10, 5.87, 14.6, 9.05, 9.320000000000002, 3.1200448714722038,0.9222222222222223,0.0,[1.e-300]
6, 10, 6.5, 14.6, 9.83, 10.131, 2.8350747785552324,0.8333333333333333,0.0,[1.e-300]
7, 10, 5.53, 14.6, 9.120000000000001, 9.891000000000002, 3.01304646495868,0.8555555555555556,0.0,[1.e-300]
8, 10, 6.52, 14.6, 8.855, 9.674, 2.7249300908463687,0.8666666666666667,0.0,[1.e-300]
9, 10, 7.5, 14.6, 10.215, 10.584, 2.621809298938426,0.8777777777777778,0.0,[1.e-300]
10, 10, 6.16, 14.6, 8.805, 9.794999999999998, 2.8483161692480703,0.9555555555555556,0.0,[1.e-300]
