n_nodes,influence,n0,n1,n2,n3,n4,n5,n6,n7,n8,n9
10,198.2600,737,3447,457,2565,2686,1549,1166,311,282,1151
10,198.2600,737,3447,457,2565,2686,1549,1166,311,282,1151
10,198.2600,737,3447,457,2565,2686,1549,1166,311,282,1151
10,198.2600,737,3447,457,2565,2686,1549,1166,311,282,1151
10,198.2600,737,3447,457,2565,2686,1549,1166,311,282,1151
10,198.2600,737,3447,457,2565,2686,1549,1166,311,282,1151
10,198.2600,737,3447,457,2565,2686,1549,1166,311,282,1151
10,198.2600,737,3447,457,2565,2686,1549,1166,311,282,1151
10,198.2600,737,3447,457,2565,2686,1549,1166,311,282,1151
10,198.2600,737,3447,457,2565,2686,1549,1166,311,282,1151
10,198.2600,737,3447,457,2565,2686,1549,1166,311,282,1151
10,198.2600,737,3447,457,2565,2686,1549,1166,311,282,1151
10,198.2600,737,3447,457,2565,2686,1549,1166,311,282,1151
10,198.2600,737,3447,457,2565,2686,1549,1166,311,282,1151
10,198.2600,737,3447,457,2565,2686,1549,1166,311,282,1151
10,198.2600,737,3447,457,2565,2686,1549,1166,311,282,1151
10,198.2600,737,3447,457,2565,2686,1549,1166,311,282,1151
10,198.2600,737,3447,457,2565,2686,1549,1166,311,282,1151
10,198.2600,737,3447,457,2565,2686,1549,1166,311,282,1151
10,198.2600,737,3447,457,2565,2686,1549,1166,311,282,1151
10,198.2600,737,3447,457,2565,2686,1549,1166,311,282,1151
10,198.2600,737,3447,457,2565,2686,1549,1166,311,282,1151
10,198.2600,737,3447,457,2565,2686,1549,1166,311,282,1151
10,198.2600,737,3447,457,2565,2686,1549,1166,311,282,1151
10,198.2600,737,3447,457,2565,2686,1549,1166,311,282,1151
10,198.2600,737,3447,457,2565,2686,1549,1166,311,282,1151
10,198.2600,737,3447,457,2565,2686,1549,1166,311,282,1151
10,198.2600,737,3447,457,2565,2686,1549,1166,311,282,1151
10,198.2600,737,3447,457,2565,2686,1549,1166,311,282,1151
10,198.2600,737,3447,457,2565,2686,1549,1166,311,282,1151
10,198.2600,737,3447,457,2565,2686,1549,1166,311,282,1151
10,198.2600,737,3447,457,2565,2686,1549,1166,311,282,1151
10,198.2600,737,3447,457,2565,2686,1549,1166,311,282,1151
10,198.2600,737,3447,457,2565,2686,1549,1166,311,282,1151
10,198.2600,737,3447,457,2565,2686,1549,1166,311,282,1151
10,198.2600,737,3447,457,2565,2686,1549,1166,311,282,1151
10,198.2600,737,3447,457,2565,2686,1549,1166,311,282,1151
10,198.2600,737,3447,457,2565,2686,1549,1166,311,282,1151
10,198.2600,737,3447,457,2565,2686,1549,1166,311,282,1151
10,198.2600,737,3447,457,2565,2686,1549,1166,311,282,1151
10,198.2600,737,3447,457,2565,2686,1549,1166,311,282,1151
10,198.2600,737,3447,457,2565,2686,1549,1166,311,282,1151
10,198.2600,737,3447,457,2565,2686,1549,1166,311,282,1151
10,198.2600,737,3447,457,2565,2686,1549,1166,311,282,1151
10,198.2600,737,3447,457,2565,2686,1549,1166,311,282,1151
10,194.4700,737,3447,457,2565,2686,1549,1166,311,282,1151
10,194.3200,737,3447,457,2565,2686,1549,1166,311,282,1151
10,193.1700,737,3447,457,2565,2686,1549,1166,311,282,1151
10,193.1700,737,3447,457,2565,2686,1549,1166,311,282,1151
10,192.1500,737,3447,457,2565,2686,1549,1166,311,282,1151
10,192.1400,737,3447,457,2565,2686,1549,1166,311,282,1151
10,192.0800,737,3447,457,2565,2686,1549,1166,311,282,1151
10,191.4400,737,3447,457,2565,2686,1549,1166,311,282,1151
10,191.3300,737,3447,457,2565,2686,1549,1166,311,282,1151
10,191.1900,737,3447,457,2565,2686,1549,1166,311,282,1151
10,190.9700,737,3447,457,2565,2686,1549,1166,311,282,1151
10,190.9100,737,3447,457,2565,2686,1549,1166,311,282,1151
10,190.7900,737,3447,457,2565,2686,1549,1166,311,282,1151
10,190.6500,737,3447,457,2565,2686,1549,1166,311,282,1151
10,190.5300,737,3447,457,2565,2686,1549,1166,311,282,1151
10,190.4400,737,3447,457,2565,2686,1549,1166,311,282,1151
10,190.3500,737,3447,457,2565,2686,1549,1166,311,282,1151
10,190.0000,737,3447,457,2565,2686,1549,1166,311,282,1151
10,189.9800,737,3447,457,2565,2686,1549,1166,311,282,1151
10,189.7100,737,3447,457,2565,2686,1549,1166,311,282,1151
10,189.2100,737,3447,457,2565,2686,1549,1166,311,282,1151
10,189.1300,737,3447,457,2565,2686,1549,1166,311,282,1151
10,189.1200,737,3447,457,2565,2686,1549,1166,311,282,1151
10,189.1000,737,3447,457,2565,2686,1549,1166,311,282,1151
10,189.0300,737,3447,457,2565,2686,1549,1166,311,282,1151
10,188.9800,737,3447,457,2565,2686,1549,1166,311,282,1151
10,188.8500,737,3447,457,2565,2686,1549,1166,311,282,1151
10,188.8300,737,3447,457,2565,2686,1549,1166,311,282,1151
10,188.7200,737,3447,457,2565,2686,1549,1166,311,282,1151
10,188.6000,737,3447,457,2565,2686,1549,1166,311,282,1151
10,188.5900,737,3447,457,2565,2686,1549,1166,311,282,1151
10,188.5000,737,3447,457,2565,2686,1549,1166,311,282,1151
10,188.3800,737,3447,457,2565,2686,1549,1166,311,282,1151
10,188.3600,737,3447,457,2565,2686,1549,1166,311,282,1151
10,188.2700,737,3447,457,2565,2686,1549,1166,311,282,1151
10,188.2500,737,3447,457,2565,2686,1549,1166,311,282,1151
10,188.2400,737,3447,457,2565,2686,1549,1166,311,282,1151
10,188.1700,737,3447,457,2565,2686,1549,1166,311,282,1151
10,187.8600,737,3447,457,2565,2686,1549,1166,311,282,1151
10,187.8200,737,3447,457,2565,2686,1549,1166,311,282,1151
10,187.3900,737,3447,457,2565,2686,1549,1166,311,282,1151
10,187.1900,737,3447,457,2565,2686,1549,1166,311,282,1151
10,186.9400,737,3447,457,2565,2686,1549,1166,311,282,1151
10,186.8600,737,3447,457,2565,2686,1549,1166,311,282,1151
10,186.7800,737,3447,457,2565,2686,1549,1166,311,282,1151
10,186.1900,737,3447,457,2565,2686,1549,1166,311,282,1151
10,185.7000,737,3447,457,2565,2686,1549,1166,311,282,1151
10,185.3000,737,3447,457,2565,2686,1549,1166,311,282,1151
10,184.9900,737,3447,457,2565,2686,1549,1166,311,282,1151
10,184.9000,737,3447,457,2565,2686,1549,1166,311,282,1151
10,184.8800,737,3447,457,2565,2686,1549,1166,311,282,1151
10,184.0500,737,3447,457,2565,2686,1549,1166,311,282,1151
10,183.7700,737,3447,457,2565,2686,1549,1166,311,282,1151
10,183.5100,737,3447,457,2565,2686,1549,1166,311,282,1151
10,182.4700,737,3447,457,2565,2686,1549,1166,311,282,1151
