generation number, individual number, fitness, candidate
0, 0, 10.12, [259, 104]
0, 1, 9.86, [103, 191]
0, 2, 9.0, [98, 1095]
0, 3, 7.75, [2762, 2512]
0, 4, 7.03, [615, 260]
0, 5, 7.02, [2770, 380]
0, 6, 6.62, [2530, 222]
0, 7, 5.11, [1087, 3716]
0, 8, 3.88, [285, 316]
0, 9, 3.61, [265, 273]
1, 0, 10.12, [259, 104]
1, 1, 9.86, [103, 191]
1, 2, 9.57, [259, 1087]
1, 3, 9.19, [259, 537]
1, 4, 8.4, [615, 380]
1, 5, 7.69, [250, 191]
1, 6, 7.38, [259, 280]
1, 7, 6.73, [2593, 260]
1, 8, 6.45, [2512, 76]
1, 9, 6.28, [266, 104]
2, 0, 11.75, [103, 220]
2, 1, 10.44, [259, 291]
2, 2, 10.12, [259, 104]
2, 3, 9.86, [103, 191]
2, 4, 9.39, [259, 1087]
2, 5, 8.18, [2065, 1082]
2, 6, 7.75, [77, 275]
2, 7, 7.34, [615, 191]
2, 8, 6.52, [2514, 541]
2, 9, 5.7, [2712, 263]
3, 0, 14.97, [259, 77]
3, 1, 14.05, [2513, 277]
3, 2, 12.31, [103, 1811]
3, 3, 11.75, [103, 220]
3, 4, 10.95, [103, 2513]
3, 5, 10.44, [259, 291]
3, 6, 10.37, [103, 81]
3, 7, 6.59, [159, 291]
3, 8, 6.49, [541, 154]
3, 9, 6.0, [616, 220]
4, 0, 14.97, [259, 77]
4, 1, 14.05, [2513, 277]
4, 2, 13.42, [226, 277]
4, 3, 11.87, [256, 77]
4, 4, 10.63, [103, 1082]
4, 5, 9.55, [259, 2574]
4, 6, 9.17, [2513, 2950]
4, 7, 7.97, [259, 219]
4, 8, 6.18, [264, 609]
4, 9, 6.02, [81, 537]
5, 0, 14.97, [259, 77]
5, 1, 14.05, [2513, 277]
5, 2, 13.31, [558, 277]
5, 3, 11.47, [2515, 77]
5, 4, 11.46, [103, 98]
5, 5, 10.94, [103, 193]
5, 6, 10.26, [2513, 98]
5, 7, 9.06, [244, 77]
5, 8, 8.91, [259, 2527]
5, 9, 8.33, [2513, 2065]
6, 0, 14.97, [259, 77]
6, 1, 14.05, [2513, 277]
6, 2, 11.03, [303, 77]
6, 3, 10.52, [2513, 220]
6, 4, 9.48, [98, 226]
6, 5, 9.0, [2950, 2512]
6, 6, 7.51, [275, 279]
6, 7, 7.39, [1082, 2525]
6, 8, 5.85, [261, 263]
6, 9, 5.26, [316, 1080]
7, 0, 15.6, [2711, 277]
7, 1, 14.97, [259, 77]
7, 2, 14.05, [2513, 277]
7, 3, 13.87, [104, 277]
7, 4, 12.9, [2711, 77]
7, 5, 12.2, [2513, 279]
7, 6, 9.35, [265, 1811]
7, 7, 9.02, [2513, 209]
7, 8, 8.52, [2530, 220]
7, 9, 7.91, [280, 250]
8, 0, 15.6, [2711, 277]
8, 1, 15.09, [259, 77]
8, 2, 14.97, [259, 77]
8, 3, 14.71, [2065, 277]
8, 4, 14.48, [2596, 277]
8, 5, 13.61, [2767, 277]
8, 6, 13.35, [193, 77]
8, 7, 11.27, [2065, 77]
8, 8, 10.37, [2764, 77]
8, 9, 9.93, [259, 2770]
9, 0, 15.6, [2711, 277]
9, 1, 15.09, [259, 77]
9, 2, 13.08, [98, 77]
9, 3, 11.82, [2512, 2595]
9, 4, 10.01, [259, 283]
9, 5, 9.98, [2762, 77]
9, 6, 9.73, [2764, 300]
9, 7, 8.12, [2595, 2525]
9, 8, 8.02, [259, 275]
9, 9, 7.78, [279, 273]
10, 0, 15.6, [2711, 277]
10, 1, 15.09, [259, 77]
10, 2, 14.77, [1088, 277]
10, 3, 13.06, [259, 103]
10, 4, 13.03, [2525, 277]
10, 5, 11.97, [1082, 77]
10, 6, 10.68, [3716, 77]
10, 7, 10.32, [2512, 159]
10, 8, 9.84, [2711, 159]
10, 9, 8.98, [259, 537]
