n_nodes,influence,n0,n1,n2,n3,n4,n5,n6,n7,n8,n9,n10,n11,n12,n13,n14,n15,n16,n17,n18,n19,n20,n21,n22,n23,n24,n25,n26,n27,n28,n29
30,81.4900,3713,6596,7682,7564,2072,804,4773,1844,6326,1338,1594,5562,3776,321,1098,7372,1100,3666,210,7774,1503,993,3682,617,4843,1387,5741,6003,891,5117
30,81.4900,3713,6596,7682,7564,2072,804,4773,1844,6326,1338,1594,5562,3776,321,1098,7372,1100,3666,210,7774,1503,993,3682,617,4843,1387,5741,6003,891,5117
30,81.4900,3713,6596,7682,7564,2072,804,4773,1844,6326,1338,1594,5562,3776,321,1098,7372,1100,3666,210,7774,1503,993,3682,617,4843,1387,5741,6003,891,5117
30,81.4900,3713,6596,7682,7564,2072,804,4773,1844,6326,1338,1594,5562,3776,321,1098,7372,1100,3666,210,7774,1503,993,3682,617,4843,1387,5741,6003,891,5117
30,80.6200,3713,7682,7564,2072,804,4773,1844,6326,5562,1594,1338,3776,321,6596,1098,7372,1100,3666,210,4411,1503,993,3682,617,4843,1387,5741,6003,891,5117
30,79.4800,3713,7682,7564,2072,804,4773,1844,6326,5562,1594,1338,3776,321,6596,1098,146,1100,3666,210,7774,1503,993,3682,617,4843,1387,5741,6003,891,5117
30,78.0000,3713,4482,7682,2072,804,4773,7564,1844,6326,5562,1594,1338,3776,321,1098,7372,1100,3666,210,7774,1503,993,3682,617,4843,1387,5741,5807,7161,7291
30,77.7000,3713,4482,7682,2072,804,4773,7564,1844,6326,5562,1594,1338,3776,321,1098,7372,1100,3666,210,7774,1503,993,3682,617,4843,1387,5741,5807,7161,7291
30,77.6500,3713,4482,7682,2072,804,4773,4530,7429,6326,5562,1594,1338,3776,321,1098,7372,1100,3666,210,7774,1503,993,3682,617,4843,1387,5741,5807,7161,7291
30,77.2200,3713,4482,7682,7564,2072,804,4773,5807,1844,6326,5562,1594,1338,3776,321,1098,1100,3666,2169,7774,1503,993,3682,617,1643,4843,1387,5741,7161,7291
30,76.5200,3713,4482,7682,7564,2072,804,4773,5807,1844,6326,1338,1594,5562,3776,321,1098,1643,1100,3666,210,7774,1503,993,3682,617,4843,1387,5741,7161,7291
30,76.5200,3713,4482,7682,7564,2072,804,4773,5807,1844,6326,1338,1594,5562,3776,321,1098,1643,1100,3666,210,7774,1503,993,3682,617,4843,1387,5741,7161,7291
30,76.1400,3713,4482,7682,2072,804,4773,7564,1844,6326,5562,1594,1338,3776,321,1098,7372,1100,3666,210,7774,1503,993,3682,617,4843,1387,5741,5807,7161,7291
30,76.1400,3713,4482,7682,2072,804,4773,7564,1844,6326,5562,1594,1338,3776,321,1098,7372,1100,3666,210,7774,1503,993,3682,617,4843,1387,5741,5807,7161,7291
30,76.1400,3713,4482,7682,2072,804,4773,7564,1844,6326,5562,1594,1338,3776,321,1098,7372,1100,3666,210,7774,1503,993,3682,617,4843,1387,5741,5807,7161,7291
30,76.0700,3713,4482,7682,2072,804,4773,7564,1844,6326,5562,1594,1338,3776,321,1098,7372,1100,3666,210,7774,1503,993,3682,617,4843,1387,5741,5807,7161,7291
30,76.0700,3713,4482,7682,2072,804,4773,7564,1844,6326,5562,1594,1338,3776,321,1098,7372,1100,3666,210,7774,1503,993,3682,617,4843,1387,5741,5807,7161,7291
30,76.0700,3713,4482,7682,2072,804,4773,7564,1844,6326,5562,1594,1338,3776,321,1098,7372,1100,3666,210,7774,1503,993,3682,617,4843,1387,5741,5807,7161,7291
30,76.0700,3713,4482,7682,2072,804,4773,7564,1844,6326,5562,1594,1338,3776,321,1098,7372,1100,3666,210,7774,1503,993,3682,617,4843,1387,5741,5807,7161,7291
30,76.0700,3713,4482,7682,2072,804,4773,7564,1844,6326,5562,1594,1338,3776,321,1098,7372,1100,3666,210,7774,1503,993,3682,617,4843,1387,5741,5807,7161,7291
30,76.0700,3713,4482,7682,2072,804,4773,7564,1844,6326,5562,1594,1338,3776,321,1098,7372,1100,3666,210,7774,1503,993,3682,617,4843,1387,5741,5807,7161,7291
30,76.0700,3713,4482,7682,2072,804,4773,7564,1844,6326,5562,1594,1338,3776,321,1098,7372,1100,3666,210,7774,1503,993,3682,617,4843,1387,5741,5807,7161,7291
30,76.0700,3713,4482,7682,2072,804,4773,7564,1844,6326,5562,1594,1338,3776,321,1098,7372,1100,3666,210,7774,1503,993,3682,617,4843,1387,5741,5807,7161,7291
30,75.9900,3713,4482,7682,2072,804,4773,7564,1844,6326,5562,1594,1338,3776,321,1098,7372,1100,3666,210,7774,1503,993,3682,617,4843,1387,5741,5807,7161,7291
30,75.8400,3713,4482,7682,7564,5907,2072,804,4773,5564,5562,1594,1338,3776,321,1098,7372,1100,3666,210,7774,1503,993,3682,617,4843,1387,5741,6003,891,5117
30,75.8400,3713,4482,7682,7564,5907,2072,804,4773,5564,5562,1594,1338,3776,321,1098,7372,1100,3666,210,7774,1503,993,3682,617,4843,1387,5741,6003,891,5117
30,75.7200,3713,4482,7682,2072,804,4773,7564,1844,6326,5562,1594,1338,3776,321,1098,7372,1100,3666,210,7774,1503,993,3682,617,4843,1387,5741,5807,7161,7291
30,75.5700,4042,4482,7682,2072,804,4773,4530,1844,6326,5562,1594,1338,3776,321,1098,7372,1100,3666,210,7774,1503,993,3682,617,4843,1387,5741,5807,7161,7291
30,75.5100,5828,4482,7682,7429,2072,804,4773,5807,4530,6326,1338,1594,5562,3776,321,1098,7372,1100,3666,210,7774,1503,993,3682,617,4843,1387,5741,7161,7291
30,75.4800,4042,4482,7682,2072,804,4773,4530,1844,6326,5562,1594,1338,3776,321,1098,7372,1100,3666,210,7774,1503,993,3682,617,4843,1387,5741,5807,7161,7291
30,75.4800,4042,4482,7682,2072,804,4773,4530,1844,6326,5562,1594,1338,3776,321,1098,7372,1100,3666,210,7774,1503,993,3682,617,4843,1387,5741,5807,7161,7291
30,75.3600,3713,4482,7682,7564,2072,804,4773,1844,6326,1338,1594,6442,3776,321,1098,7372,1100,3666,210,7774,1503,993,3682,617,4843,1387,5741,6003,891,5117
