n_nodes,influence,n0,n1,n2,n3,n4
5,46.8600,36,4099,993,317,988
5,43.3300,4099,9,993,2967,988
5,43.3300,4099,9,993,2967,988
5,43.3300,4099,9,993,2967,988
5,42.5300,988,9,993,2967,317
5,42.1800,4099,9,993,2967,317
5,41.0600,4099,9,993,2967,988
5,41.0200,4099,9,993,2967,317
5,40.7400,36,4099,9,2967,317
5,40.3700,4099,9,993,317,988
5,40.2600,36,4099,993,1383,988
5,40.2600,36,4099,993,1383,988
5,40.2600,36,4099,993,1383,988
5,40.2600,36,4099,993,1383,988
5,40.2600,36,4099,993,1383,988
5,40.2600,36,4099,993,1383,988
5,40.1600,993,4099,9,2967,317
5,40.1600,993,4099,9,2967,317
5,39.9500,36,4099,993,1383,988
5,39.7600,4099,9,993,2967,317
5,39.7500,4099,9,993,317,988
5,39.7500,4099,9,993,317,988
5,39.7100,988,4099,9,2967,317
5,39.7100,988,4099,9,2967,317
5,39.3700,5123,4099,993,317,988
5,39.3700,5123,4099,993,317,988
5,39.3700,5123,4099,993,317,988
5,39.3700,5123,4099,993,317,988
5,39.3700,5123,4099,993,317,988
5,39.3700,5123,4099,993,317,988
5,38.8300,993,4099,9,988,6220
5,38.8300,993,4099,9,988,6220
5,38.8300,993,4099,9,988,6220
5,38.8300,993,4099,9,988,6220
5,38.8300,993,4099,9,988,6220
5,38.7500,36,4099,993,1404,317
5,38.4900,988,4099,993,1404,317
5,38.2000,988,4099,993,1404,317
5,37.5100,36,4099,993,1404,317
5,37.5100,36,4099,993,1404,317
5,37.5100,36,4099,993,1404,317
5,37.5100,36,4099,993,1404,317
5,37.5100,36,4099,993,1404,317
5,37.5100,36,4099,993,1404,317
5,37.5100,36,4099,993,1404,317
5,37.5100,36,4099,993,1404,317
5,37.4000,36,4099,993,1404,317
5,37.4000,36,4099,993,1404,317
5,37.4000,36,4099,993,1404,317
5,37.4000,36,4099,993,1404,317
5,37.4000,36,4099,993,1404,317
5,37.2900,36,4099,993,1404,317
5,36.9400,993,7223,9,2967,988
5,36.9100,36,4099,993,1404,317
5,36.9100,36,4099,993,1404,317
5,36.8200,988,9,993,1404,317
5,36.7900,988,9,993,1404,317
5,36.6500,993,4099,36,6663,317
5,36.5100,4099,9,993,317,2549
5,36.5100,4099,9,993,317,2549
5,36.3600,36,4099,993,1383,317
5,36.3600,36,4099,993,1383,317
5,36.1100,36,4099,993,1404,317
5,36.0200,993,4099,9,1880,988
5,36.0200,993,4099,9,1880,988
5,36.0200,993,4099,9,1880,988
5,35.8100,4099,9,993,1404,988
5,35.5800,4099,9,993,1383,988
5,35.2300,4099,9,993,1404,317
5,35.2300,4099,9,993,1404,317
5,35.2300,4099,9,993,1404,317
5,35.2300,4099,9,993,1404,317
5,35.0700,4099,9,993,1404,317
5,35.0700,4099,9,993,1404,317
5,35.0100,36,4099,993,1404,317
5,34.6000,4099,9,993,1404,317
5,34.5900,4099,9,993,1404,317
5,34.5600,4099,9,993,2967,2549
5,34.5400,4099,9,993,1404,317
5,34.5300,4099,9,993,1404,317
5,34.5300,4099,9,993,1404,317
5,34.5300,4099,9,993,1404,317
5,34.4900,993,4099,9,7383,317
5,34.4400,993,9,1322,988,317
5,34.3900,993,4099,9,1142,317
5,34.3800,4099,9,993,1404,317
5,34.3800,4099,9,993,1404,317
5,34.3800,4099,9,993,1404,317
5,34.3800,4099,9,993,1404,317
5,34.3800,4099,9,993,1404,317
5,34.3800,4099,9,993,1404,317
5,34.3800,4099,9,993,1404,317
5,34.3800,4099,9,993,1404,317
5,34.3800,4099,9,993,1404,317
5,34.3800,4099,9,993,1404,317
5,34.3800,4099,9,993,1404,317
5,34.3800,4099,9,993,1404,317
5,34.3800,4099,9,993,1404,317
5,34.3800,4099,9,993,1404,317
5,34.3800,4099,9,993,1404,317
5,34.3800,4099,9,993,1404,317
5,34.3800,4099,9,993,1404,317
5,34.3800,4099,9,993,1404,317
5,34.3800,4099,9,993,1404,317
5,34.3800,4099,9,993,1404,317
5,34.3800,4099,9,993,1404,317
5,34.3800,4099,9,993,1404,317
5,34.3800,4099,9,993,1404,317
5,34.3800,4099,9,993,1404,317
5,34.3700,993,4099,9,1310,317
5,34.0500,993,4099,9,5656,317
5,34.0400,993,4099,9,4609,317
5,34.0000,4099,9,993,1404,317
5,33.9700,5123,4099,9,2967,988
5,33.9600,36,9,993,1404,317
5,33.9400,565,4099,9,988,317
5,33.9200,993,4099,9,1880,988
5,33.9000,993,4099,9,1472,317
5,33.7600,4099,9,993,2967,3324
5,33.7100,4099,9,993,1404,317
5,33.6900,4099,9,993,2967,3324
5,33.6900,4099,9,993,2967,3324
5,33.6400,993,4099,9,2967,3675
5,33.5700,4099,9,993,1404,317
5,33.5700,4099,9,993,1404,317
5,33.5500,4099,9,993,317,3324
5,33.4600,4099,9,993,1404,317
5,33.4400,4099,9,993,2967,3324
