generation number, individual number, fitness, candidate
0, 0, 9.1, [73932, 279]
0, 1, 8.61, [94017, 70193]
0, 2, 8.27, [70364, 90]
0, 3, 7.51, [88, 93406]
0, 4, 6.4, [90, 282]
0, 5, 6.25, [14197, 56237]
0, 6, 6.2, [1060, 14201]
0, 7, 5.65, [40787, 62858]
0, 8, 4.8, [127088, 40787]
0, 9, 3.95, [94017, 281]
1, 0, 9.98, [70193, 279]
1, 1, 9.57, [11388, 90]
1, 2, 9.33, [73932, 70199]
1, 3, 9.1, [73932, 279]
1, 4, 8.95, [73932, 284]
1, 5, 8.74, [11388, 93406]
1, 6, 8.69, [88, 90]
1, 7, 8.61, [94017, 70193]
1, 8, 8.32, [144434, 127088]
1, 9, 7.47, [14199, 90]
2, 0, 11.63, [11388, 73932]
2, 1, 11.34, [70193, 286]
2, 2, 9.98, [70193, 279]
2, 3, 9.87, [73932, 285]
2, 4, 9.57, [11388, 90]
2, 5, 8.12, [80450, 100807]
2, 6, 8.06, [11388, 558]
2, 7, 8.01, [70193, 93407]
2, 8, 7.76, [70364, 558]
2, 9, 6.69, [11925, 279]
3, 0, 13.83, [66076, 73932]
3, 1, 11.63, [11388, 73932]
3, 2, 11.41, [70193, 85839]
3, 3, 11.34, [70193, 286]
3, 4, 8.77, [278, 73932]
3, 5, 7.41, [90, 96144]
3, 6, 6.69, [11387, 279]
3, 7, 6.63, [823, 285]
3, 8, 6.24, [56237, 91978]
3, 9, 6.0, [11925, 279]
4, 0, 13.83, [66076, 73932]
4, 1, 11.63, [11388, 73932]
4, 2, 11.03, [11388, 47392]
4, 3, 10.71, [11388, 76776]
4, 4, 10.46, [70194, 73932]
4, 5, 10.08, [70364, 73932]
4, 6, 9.95, [56240, 76776]
4, 7, 7.08, [150655, 76776]
4, 8, 6.54, [66079, 70194]
4, 9, 5.42, [42918, 282]
5, 0, 14.16, [66076, 73932]
5, 1, 13.83, [66076, 73932]
5, 2, 13.36, [66076, 73931]
5, 3, 13.29, [46, 66076]
5, 4, 11.66, [66076, 148118]
5, 5, 11.63, [11388, 73932]
5, 6, 9.62, [11388, 121382]
5, 7, 8.53, [11387, 73932]
5, 8, 8.31, [11925, 73932]
5, 9, 8.12, [70365, 76776]
6, 0, 14.16, [66076, 73932]
6, 1, 13.83, [66076, 73932]
6, 2, 12.86, [66076, 100807]
6, 3, 9.45, [56240, 70199]
6, 4, 8.95, [98062, 96144]
6, 5, 7.97, [70195, 73932]
6, 6, 7.08, [42918, 11388]
6, 7, 5.98, [823, 14199]
6, 8, 5.57, [46, 40788]
6, 9, 5.08, [100807, 150655]
7, 0, 14.16, [66076, 73932]
7, 1, 13.83, [66076, 73932]
7, 2, 10.94, [66076, 96648]
7, 3, 10.36, [98062, 85839]
7, 4, 9.37, [285, 85839]
7, 5, 8.08, [70364, 127088]
7, 6, 7.95, [96148, 14199]
7, 7, 7.59, [144434, 821]
7, 8, 6.98, [40787, 73932]
7, 9, 6.88, [279, 66078]
8, 0, 14.16, [66076, 73932]
8, 1, 13.83, [66076, 73932]
8, 2, 9.97, [40788, 66076]
8, 3, 9.21, [70193, 6376]
8, 4, 8.3, [100807, 56240]
8, 5, 8.0, [127089, 96147]
8, 6, 6.46, [87, 56237]
8, 7, 5.87, [282, 96648]
8, 8, 5.8, [90, 823]
8, 9, 4.46, [113478, 70196]
9, 0, 14.16, [66076, 73932]
9, 1, 14.03, [66076, 85839]
9, 2, 13.83, [66076, 73932]
9, 3, 13.13, [66076, 76776]
9, 4, 12.79, [66076, 94016]
9, 5, 11.77, [73932, 11388]
9, 6, 9.9, [70193, 148118]
9, 7, 8.32, [121382, 76776]
9, 8, 6.63, [285, 148118]
9, 9, 5.78, [85838, 11387]
10, 0, 14.16, [66076, 73932]
10, 1, 14.03, [66076, 85839]
10, 2, 10.56, [56239, 144434]
10, 3, 9.12, [76776, 85839]
10, 4, 8.94, [284, 85839]
10, 5, 8.73, [86, 76776]
10, 6, 8.62, [66079, 85839]
10, 7, 7.05, [282, 148118]
10, 8, 5.84, [150655, 87]
10, 9, 5.14, [14223, 59751]
