n_nodes,influence,n0,n1,n2,n3,n4
5,47.7700,1510,10736,20713,7896,5658
5,44.8800,1510,10736,20713,7896,5658
5,40.5300,1510,10736,13072,7896,5658
5,40.5300,1510,10736,13072,7896,5658
5,40.5300,1510,10736,13072,7896,5658
5,40.5300,1510,10736,13072,7896,5658
5,40.5300,1510,10736,13072,7896,5658
5,40.5300,1510,10736,13072,7896,5658
5,40.5300,1510,10736,13072,7896,5658
5,40.5300,1510,10736,13072,7896,5658
5,40.5300,1510,10736,13072,7896,5658
5,40.5300,1510,10736,13072,7896,5658
5,40.5300,1510,10736,13072,7896,5658
5,40.4100,1510,13072,20713,7896,5658
5,40.4100,1510,13072,20713,7896,5658
5,40.4100,1510,13072,20713,7896,5658
