num_genrations,diversity,improvement,best_fitness
0,0.9958333333333333,0,11.282952328697093
1,0.8291666666666666,0.08643269811632194,12.25816834118422
2,0.6583333333333333,0.06907729505290548,13.104929452496387
3,0.40000000000000013,0.3805679008835379,18.09224494545979
4,0.44999999999999996,-0.153774530218332,15.310118478376719
5,0.22916666666666663,0.0,15.310118478376719
6,0.1166666666666667,0.0,15.310118478376719
7,0.0,0.0,15.310118478376719
8,0.0625,1.038210216304885,31.205239895465628
9,0.22499999999999998,0.0,31.205239895465628
10,0.3041666666666667,0.12966892118727438,35.25158968810075
