generation number, individual number, fitness, candidate
0, 0, 14.65, [159, 269]
0, 1, 10.9, [291, 77]
0, 2, 10.33, [259, 2764]
0, 3, 10.11, [380, 2597]
0, 4, 9.94, [2595, 209]
0, 5, 9.03, [264, 103]
0, 6, 8.36, [615, 209]
0, 7, 6.84, [264, 2767]
0, 8, 6.8, [256, 191]
0, 9, 6.39, [2065, 263]
1, 0, 14.65, [159, 269]
1, 1, 14.27, [269, 2764]
1, 2, 14.06, [81, 269]
1, 3, 13.93, [277, 77]
1, 4, 13.27, [259, 279]
1, 5, 11.82, [2595, 77]
1, 6, 10.9, [291, 77]
1, 7, 10.45, [259, 2764]
1, 8, 8.16, [159, 874]
1, 9, 7.58, [159, 2767]
2, 0, 15.1, [98, 269]
2, 1, 14.65, [159, 269]
2, 2, 14.27, [269, 2764]
2, 3, 13.95, [103, 269]
2, 4, 8.62, [2595, 2764]
2, 5, 7.67, [226, 2515]
2, 6, 7.52, [609, 302]
2, 7, 7.46, [1088, 2527]
2, 8, 7.27, [91, 2770]
2, 9, 7.1, [2593, 2767]
3, 0, 15.1, [98, 269]
3, 1, 14.99, [269, 874]
3, 2, 14.65, [159, 269]
3, 3, 13.6, [615, 269]
3, 4, 13.21, [2593, 269]
3, 5, 9.81, [297, 1811]
3, 6, 7.57, [2515, 1080]
3, 7, 7.51, [1082, 191]
3, 8, 7.18, [1811, 219]
3, 9, 7.02, [2596, 256]
4, 0, 19.73, [277, 269]
4, 1, 15.1, [98, 269]
4, 2, 14.99, [269, 874]
4, 3, 12.61, [2712, 277]
4, 4, 11.48, [275, 269]
4, 5, 9.01, [91, 874]
4, 6, 8.1, [98, 288]
4, 7, 6.87, [1069, 103]
4, 8, 6.74, [154, 280]
4, 9, 5.63, [264, 3716]
5, 0, 19.73, [277, 269]
5, 1, 16.04, [1811, 269]
5, 2, 15.1, [98, 269]
5, 3, 13.47, [269, 159]
5, 4, 13.47, [91, 277]
5, 5, 12.82, [558, 269]
5, 6, 12.58, [876, 269]
5, 7, 10.42, [77, 335]
5, 8, 7.42, [222, 874]
5, 9, 7.03, [103, 240]
6, 0, 19.73, [277, 269]
6, 1, 16.04, [1811, 269]
6, 2, 14.96, [277, 2513]
6, 3, 11.1, [103, 220]
6, 4, 10.61, [1069, 269]
6, 5, 10.08, [1082, 103]
6, 6, 8.77, [226, 615]
6, 7, 8.61, [1811, 285]
6, 8, 6.97, [91, 261]
6, 9, 6.15, [288, 260]
7, 0, 19.73, [277, 269]
7, 1, 19.04, [874, 295]
7, 2, 16.04, [1811, 269]
7, 3, 14.74, [1082, 269]
7, 4, 14.01, [1086, 269]
7, 5, 13.11, [277, 266]
7, 6, 11.14, [77, 534]
7, 7, 10.4, [77, 1087]
7, 8, 9.59, [300, 291]
7, 9, 6.0, [2156, 98]
8, 0, 19.73, [277, 269]
8, 1, 19.04, [874, 295]
8, 2, 18.49, [303, 295]
8, 3, 15.76, [273, 295]
8, 4, 14.81, [277, 250]
8, 5, 13.87, [2767, 269]
8, 6, 12.71, [2770, 269]
8, 7, 11.6, [277, 876]
8, 8, 7.58, [874, 288]
8, 9, 5.82, [263, 285]
9, 0, 20.37, [300, 295]
9, 1, 19.73, [277, 269]
9, 2, 19.04, [874, 295]
9, 3, 18.64, [288, 295]
9, 4, 11.91, [77, 2595]
9, 5, 10.7, [273, 269]
9, 6, 10.15, [226, 2595]
9, 7, 7.22, [2767, 226]
9, 8, 5.61, [260, 541]
9, 9, 5.59, [874, 2156]
10, 0, 20.37, [300, 295]
10, 1, 20.06, [295, 91]
10, 2, 19.73, [277, 269]
10, 3, 18.25, [303, 295]
10, 4, 13.86, [2764, 269]
10, 5, 13.06, [264, 269]
10, 6, 12.56, [77, 2595]
10, 7, 9.04, [300, 558]
10, 8, 8.82, [300, 622]
10, 9, 5.57, [874, 273]
11, 0, 20.64, [2595, 295]
11, 1, 20.37, [300, 295]
11, 2, 20.06, [295, 91]
11, 3, 17.72, [295, 288]
11, 4, 16.19, [273, 295]
11, 5, 12.72, [264, 269]
11, 6, 12.13, [259, 2513]
11, 7, 9.45, [300, 3716]
11, 8, 8.37, [2764, 2597]
11, 9, 6.81, [2514, 104]
12, 0, 20.64, [2595, 295]
12, 1, 20.37, [300, 295]
12, 2, 19.33, [380, 295]
12, 3, 15.82, [295, 3334]
12, 4, 15.06, [2595, 277]
12, 5, 10.93, [77, 159]
12, 6, 8.96, [302, 91]
12, 7, 7.71, [209, 2515]
12, 8, 7.48, [303, 91]
12, 9, 5.81, [609, 2764]
13, 0, 20.64, [2595, 295]
13, 1, 20.37, [300, 295]
13, 2, 17.61, [2764, 295]
13, 3, 13.05, [269, 609]
13, 4, 10.0, [2711, 98]
13, 5, 9.71, [300, 335]
13, 6, 6.98, [2595, 622]
13, 7, 6.51, [3716, 302]
13, 8, 6.09, [264, 191]
13, 9, 5.85, [280, 265]
14, 0, 20.64, [2595, 295]
14, 1, 20.37, [300, 295]
14, 2, 13.21, [615, 269]
14, 3, 8.24, [874, 2593]
14, 4, 8.18, [260, 98]
14, 5, 7.97, [2595, 2767]
14, 6, 7.63, [1080, 2767]
14, 7, 7.22, [1811, 316]
14, 8, 5.68, [2527, 2530]
14, 9, 5.39, [3135, 285]
15, 0, 22.14, [279, 295]
15, 1, 21.0, [77, 295]
15, 2, 20.64, [2595, 295]
15, 3, 20.37, [300, 295]
15, 4, 19.68, [615, 295]
15, 5, 17.05, [534, 295]
15, 6, 13.77, [264, 269]
15, 7, 6.2, [2950, 104]
15, 8, 5.89, [2599, 264]
15, 9, 5.25, [301, 2950]
16, 0, 22.14, [279, 295]
16, 1, 21.0, [77, 295]
16, 2, 11.09, [2595, 1811]
16, 3, 7.65, [279, 240]
16, 4, 7.33, [260, 1080]
16, 5, 6.94, [226, 2525]
16, 6, 6.19, [297, 263]
16, 7, 6.05, [2595, 616]
16, 8, 5.21, [76, 1080]
16, 9, 5.15, [244, 2530]
17, 0, 22.14, [279, 295]
17, 1, 21.0, [77, 295]
17, 2, 12.77, [279, 2512]
17, 3, 9.44, [260, 1811]
17, 4, 8.18, [1087, 2597]
17, 5, 8.02, [1069, 259]
17, 6, 6.34, [2595, 316]
17, 7, 6.11, [874, 876]
17, 8, 5.36, [2574, 191]
17, 9, 4.3, [2596, 244]
18, 0, 22.14, [279, 295]
18, 1, 21.0, [77, 295]
18, 2, 19.64, [380, 295]
18, 3, 18.65, [1086, 295]
18, 4, 14.31, [77, 300]
18, 5, 10.7, [279, 2530]
18, 6, 9.3, [77, 2532]
18, 7, 8.52, [77, 343]
18, 8, 5.38, [1069, 154]
18, 9, 5.35, [380, 244]
19, 0, 22.14, [279, 295]
19, 1, 21.0, [77, 295]
19, 2, 15.35, [1088, 269]
19, 3, 12.6, [77, 302]
19, 4, 9.99, [259, 2514]
19, 5, 9.74, [154, 2512]
19, 6, 9.38, [1811, 261]
19, 7, 8.95, [103, 3135]
19, 8, 7.47, [291, 2514]
19, 9, 6.27, [260, 558]
20, 0, 22.14, [279, 295]
20, 1, 21.0, [77, 295]
20, 2, 18.4, [260, 295]
20, 3, 17.67, [265, 295]
20, 4, 10.48, [279, 2530]
20, 5, 8.55, [159, 2514]
20, 6, 8.35, [1080, 297]
20, 7, 7.65, [266, 159]
20, 8, 6.83, [2527, 220]
20, 9, 6.71, [874, 622]
21, 0, 22.14, [279, 295]
21, 1, 21.0, [77, 295]
21, 2, 13.09, [2767, 277]
21, 3, 12.17, [279, 2513]
21, 4, 11.37, [77, 283]
21, 5, 9.53, [279, 303]
21, 6, 7.94, [3334, 259]
21, 7, 7.82, [263, 226]
21, 8, 7.5, [2515, 154]
21, 9, 6.33, [91, 301]
22, 0, 22.14, [279, 295]
22, 1, 21.11, [1811, 295]
22, 2, 21.0, [77, 295]
22, 3, 17.56, [3135, 295]
22, 4, 16.04, [2527, 295]
22, 5, 9.93, [380, 2512]
22, 6, 8.93, [3716, 279]
22, 7, 8.23, [380, 615]
22, 8, 7.18, [2525, 2514]
22, 9, 6.51, [265, 2764]
23, 0, 22.14, [279, 295]
23, 1, 21.11, [1811, 295]
23, 2, 19.02, [380, 295]
23, 3, 10.94, [260, 77]
23, 4, 10.67, [103, 226]
23, 5, 10.3, [2711, 2512]
23, 6, 9.16, [1811, 2530]
23, 7, 7.24, [1811, 102]
23, 8, 6.75, [876, 226]
23, 9, 3.46, [149, 876]
24, 0, 22.14, [279, 295]
24, 1, 21.11, [1811, 295]
24, 2, 18.48, [266, 295]
24, 3, 18.08, [263, 295]
24, 4, 17.78, [534, 295]
24, 5, 12.84, [3155, 77]
24, 6, 9.74, [1811, 81]
24, 7, 8.35, [380, 81]
24, 8, 8.3, [149, 77]
24, 9, 8.04, [1811, 2765]
25, 0, 22.14, [279, 295]
25, 1, 21.11, [1811, 295]
25, 2, 18.67, [295, 2512]
25, 3, 17.28, [4602, 295]
25, 4, 11.98, [220, 259]
25, 5, 8.96, [1811, 104]
25, 6, 8.96, [103, 2770]
25, 7, 8.54, [1811, 876]
25, 8, 8.12, [1811, 876]
25, 9, 6.54, [302, 264]
26, 0, 22.14, [279, 295]
26, 1, 21.11, [1811, 295]
26, 2, 19.41, [295, 226]
26, 3, 9.56, [2512, 81]
26, 4, 9.53, [2513, 226]
26, 5, 9.07, [279, 876]
26, 6, 8.39, [250, 291]
26, 7, 7.37, [154, 222]
26, 8, 6.56, [2593, 609]
26, 9, 5.74, [191, 1087]
27, 0, 22.14, [279, 295]
27, 1, 21.11, [1811, 295]
27, 2, 20.33, [2711, 295]
27, 3, 14.89, [295, 2530]
27, 4, 12.75, [279, 1811]
27, 5, 10.91, [279, 1080]
27, 6, 9.92, [279, 283]
27, 7, 7.87, [103, 240]
27, 8, 6.56, [2711, 2950]
27, 9, 6.51, [534, 209]
28, 0, 22.14, [279, 295]
28, 1, 21.11, [1811, 295]
28, 2, 19.97, [2711, 295]
28, 3, 19.34, [380, 295]
28, 4, 19.1, [226, 295]
28, 5, 17.51, [2764, 295]
28, 6, 10.02, [279, 263]
28, 7, 9.87, [259, 534]
28, 8, 7.39, [302, 265]
28, 9, 7.13, [1080, 104]
29, 0, 22.14, [279, 295]
29, 1, 21.11, [1811, 295]
29, 2, 18.85, [154, 295]
29, 3, 17.32, [2513, 295]
29, 4, 14.76, [226, 277]
29, 5, 11.99, [2711, 259]
29, 6, 10.08, [1811, 1086]
29, 7, 9.77, [279, 285]
29, 8, 8.45, [256, 615]
29, 9, 5.61, [301, 2596]
30, 0, 22.14, [279, 295]
30, 1, 21.11, [1811, 295]
30, 2, 20.37, [98, 295]
30, 3, 18.42, [260, 295]
30, 4, 12.13, [277, 4849]
30, 5, 11.14, [343, 277]
30, 6, 10.47, [279, 2514]
30, 7, 8.2, [2950, 615]
30, 8, 7.86, [279, 275]
30, 9, 7.58, [2712, 98]
31, 0, 22.14, [279, 295]
31, 1, 21.11, [1811, 295]
31, 2, 18.51, [266, 295]
31, 3, 17.44, [301, 295]
31, 4, 14.24, [277, 2530]
31, 5, 13.65, [278, 277]
31, 6, 10.49, [279, 283]
31, 7, 9.48, [259, 4849]
31, 8, 8.31, [256, 159]
31, 9, 7.87, [303, 159]
32, 0, 22.14, [279, 295]
32, 1, 21.11, [1811, 295]
32, 2, 19.0, [380, 295]
32, 3, 14.97, [279, 269]
32, 4, 11.56, [269, 2762]
32, 5, 8.77, [1080, 2513]
32, 6, 8.19, [1811, 2765]
32, 7, 8.08, [291, 274]
32, 8, 7.95, [266, 1082]
32, 9, 6.66, [1086, 265]
33, 0, 22.14, [279, 295]
33, 1, 21.11, [1811, 295]
33, 2, 19.62, [380, 295]
33, 3, 17.79, [2712, 295]
33, 4, 17.37, [2712, 295]
33, 5, 8.43, [300, 3334]
33, 6, 8.2, [2595, 104]
33, 7, 7.58, [335, 1811]
33, 8, 6.58, [876, 2514]
33, 9, 4.94, [226, 240]
34, 0, 22.14, [279, 295]
34, 1, 21.11, [1811, 295]
34, 2, 16.99, [279, 277]
34, 3, 9.16, [615, 2711]
34, 4, 9.04, [266, 2595]
34, 5, 8.54, [2767, 3155]
34, 6, 6.81, [2712, 2513]
34, 7, 6.79, [2950, 263]
34, 8, 5.21, [2525, 2527]
34, 9, 4.95, [622, 278]
35, 0, 22.14, [279, 295]
35, 1, 21.11, [1811, 295]
35, 2, 16.07, [244, 295]
35, 3, 11.42, [279, 1082]
35, 4, 8.84, [279, 278]
35, 5, 8.72, [616, 77]
35, 6, 7.32, [1082, 104]
35, 7, 7.14, [1811, 240]
35, 8, 6.75, [209, 104]
35, 9, 6.06, [191, 260]
36, 0, 22.14, [279, 295]
36, 1, 21.11, [1811, 295]
36, 2, 19.38, [380, 295]
36, 3, 10.83, [279, 226]
36, 4, 8.55, [2595, 104]
36, 5, 7.31, [380, 280]
36, 6, 7.23, [3716, 1082]
36, 7, 6.28, [291, 2596]
36, 8, 6.0, [98, 1069]
36, 9, 5.49, [2764, 2767]
37, 0, 22.14, [279, 295]
37, 1, 21.11, [1811, 295]
37, 2, 17.68, [534, 295]
37, 3, 14.05, [279, 269]
37, 4, 11.39, [279, 1080]
37, 5, 10.01, [1811, 1086]
37, 6, 9.52, [1811, 266]
37, 7, 9.17, [622, 300]
37, 8, 9.0, [209, 1088]
37, 9, 8.94, [2515, 1811]
38, 0, 22.14, [279, 295]
38, 1, 21.11, [1811, 295]
38, 2, 20.06, [2711, 295]
38, 3, 18.91, [380, 295]
38, 4, 17.27, [4849, 295]
38, 5, 12.83, [2599, 277]
38, 6, 9.89, [1811, 1086]
38, 7, 8.77, [2595, 280]
38, 8, 6.79, [260, 256]
38, 9, 6.43, [558, 1095]
39, 0, 22.14, [279, 295]
39, 1, 21.11, [1811, 295]
39, 2, 21.03, [103, 295]
39, 3, 13.64, [269, 615]
39, 4, 12.2, [279, 2513]
39, 5, 9.55, [279, 265]
39, 6, 7.59, [3135, 250]
39, 7, 7.04, [1811, 275]
39, 8, 6.8, [1811, 275]
39, 9, 6.0, [1069, 2711]
40, 0, 22.14, [279, 295]
40, 1, 21.11, [1811, 295]
40, 2, 20.11, [2711, 295]
40, 3, 19.92, [2711, 295]
40, 4, 11.92, [1811, 2595]
40, 5, 9.73, [261, 1811]
40, 6, 8.8, [2512, 2065]
40, 7, 8.34, [300, 244]
40, 8, 6.91, [609, 154]
40, 9, 6.55, [2512, 149]
41, 0, 22.14, [279, 295]
41, 1, 21.11, [1811, 295]
41, 2, 16.43, [1811, 269]
41, 3, 12.44, [269, 283]
41, 4, 10.22, [279, 283]
41, 5, 9.37, [274, 2513]
41, 6, 9.02, [3155, 2530]
41, 7, 8.61, [288, 874]
41, 8, 7.15, [380, 2525]
41, 9, 6.42, [4849, 81]
42, 0, 22.14, [279, 295]
42, 1, 21.11, [1811, 295]
42, 2, 18.47, [3716, 295]
42, 3, 15.9, [2156, 295]
42, 4, 11.08, [279, 159]
42, 5, 10.39, [279, 297]
42, 6, 8.76, [2711, 2599]
42, 7, 6.82, [1811, 316]
42, 8, 6.35, [260, 283]
42, 9, 5.98, [2514, 301]
43, 0, 22.14, [279, 295]
43, 1, 21.11, [1811, 295]
43, 2, 17.82, [260, 295]
43, 3, 16.08, [244, 295]
43, 4, 10.69, [1811, 250]
43, 5, 8.69, [1811, 2530]
43, 6, 7.7, [226, 2593]
43, 7, 7.57, [615, 537]
43, 8, 7.06, [280, 159]
43, 9, 6.38, [2595, 275]
44, 0, 22.14, [279, 295]
44, 1, 21.11, [1811, 295]
44, 2, 19.8, [3155, 295]
44, 3, 16.39, [219, 295]
44, 4, 10.42, [2065, 279]
44, 5, 10.0, [260, 300]
44, 6, 9.98, [2527, 77]
44, 7, 9.48, [380, 250]
44, 8, 8.59, [2512, 2596]
44, 9, 7.42, [380, 260]
45, 0, 22.14, [279, 295]
45, 1, 21.11, [1811, 295]
45, 2, 19.4, [2597, 295]
45, 3, 19.1, [1095, 295]
45, 4, 16.57, [244, 295]
45, 5, 10.85, [77, 2525]
45, 6, 8.89, [874, 226]
45, 7, 6.87, [259, 616]
45, 8, 5.0, [209, 244]
45, 9, 3.98, [244, 266]
46, 0, 22.14, [279, 295]
46, 1, 21.11, [1811, 295]
46, 2, 16.15, [3334, 295]
46, 3, 12.32, [2597, 279]
46, 4, 11.92, [2597, 259]
46, 5, 9.84, [380, 2595]
46, 6, 8.31, [2711, 283]
46, 7, 8.19, [1088, 264]
46, 8, 6.94, [380, 291]
46, 9, 5.08, [2530, 149]
47, 0, 22.14, [279, 295]
47, 1, 21.62, [279, 295]
47, 2, 21.11, [1811, 295]
47, 3, 18.17, [260, 295]
47, 4, 16.67, [244, 295]
47, 5, 11.62, [279, 1088]
47, 6, 7.0, [209, 193]
47, 7, 5.65, [296, 154]
47, 8, 5.54, [191, 2574]
47, 9, 4.98, [149, 1086]
48, 0, 22.14, [279, 295]
48, 1, 21.62, [279, 295]
48, 2, 17.92, [266, 295]
48, 3, 16.0, [250, 295]
48, 4, 11.94, [1811, 2513]
48, 5, 9.41, [104, 300]
48, 6, 8.44, [380, 615]
48, 7, 6.15, [2770, 263]
48, 8, 6.0, [244, 98]
48, 9, 5.88, [2525, 297]
49, 0, 22.14, [279, 295]
49, 1, 21.62, [279, 295]
49, 2, 18.16, [261, 295]
49, 3, 16.74, [537, 295]
49, 4, 16.27, [244, 295]
49, 5, 12.23, [277, 303]
49, 6, 11.84, [279, 250]
49, 7, 10.46, [1811, 615]
49, 8, 6.33, [303, 263]
49, 9, 5.78, [2595, 244]
50, 0, 22.14, [279, 295]
50, 1, 21.62, [279, 295]
50, 2, 16.61, [269, 300]
50, 3, 14.79, [279, 269]
50, 4, 8.04, [260, 2513]
50, 5, 7.84, [609, 2513]
50, 6, 7.0, [2599, 2530]
50, 7, 6.09, [191, 2574]
50, 8, 6.02, [275, 250]
50, 9, 5.0, [209, 343]
