n_nodes,influence,n0,n1,n2,n3,n4
5,3340.1600,36,988,1293,1521,3961
5,3340.1600,36,988,1293,1521,3961
5,3340.1600,36,988,1293,1521,3961
5,3340.1600,36,988,1293,1521,3961
5,3340.1600,36,988,1293,1521,3961
5,3340.1600,36,988,1293,1521,3961
5,3340.1600,36,988,1293,1521,3961
5,3340.1600,36,988,1293,1521,3961
5,3340.1600,36,988,1293,1521,3961
5,3340.1600,36,988,1293,1521,3961
5,3340.1600,36,988,1293,1521,3961
5,3340.1600,36,988,1293,1521,3961
5,3340.1600,36,988,1293,1521,3961
5,3340.1600,36,988,1293,1521,3961
5,3340.1600,36,988,1293,1521,3961
5,3340.1600,36,988,1293,1521,3961
