n_nodes,influence,n0,n1,n2,n3,n4,n5,n6,n7,n8,n9,n10,n11,n12,n13,n14
15,28.7900,29111,204675,36771,200771,93704,15309,61742,109744,55536,225491,191550,163947,141589,19845,25379
15,28.7900,29111,204675,36771,200771,93704,15309,61742,109744,55536,225491,191550,163947,141589,19845,25379
15,28.7900,29111,204675,36771,200771,93704,15309,61742,109744,55536,225491,191550,163947,141589,19845,25379
15,28.7900,29111,204675,36771,200771,93704,15309,61742,109744,55536,225491,191550,163947,141589,19845,25379
15,28.7900,29111,204675,36771,200771,93704,15309,61742,109744,55536,225491,191550,163947,141589,19845,25379
15,28.7900,29111,204675,36771,200771,93704,15309,61742,109744,55536,225491,191550,163947,141589,19845,25379
15,28.7900,29111,204675,36771,200771,93704,15309,61742,109744,55536,225491,191550,163947,141589,19845,25379
15,28.7900,29111,204675,36771,200771,93704,15309,61742,109744,55536,225491,191550,163947,141589,19845,25379
15,28.7900,29111,204675,36771,200771,93704,15309,61742,109744,55536,225491,191550,163947,141589,19845,25379
15,28.7900,29111,204675,36771,200771,93704,15309,61742,109744,55536,225491,191550,163947,141589,19845,25379
15,28.7900,29111,204675,36771,200771,93704,15309,61742,109744,55536,225491,191550,163947,141589,19845,25379
15,28.7900,29111,204675,36771,200771,93704,15309,61742,109744,55536,225491,191550,163947,141589,19845,25379
15,28.7900,29111,204675,36771,200771,93704,15309,61742,109744,55536,225491,191550,163947,141589,19845,25379
15,28.7900,29111,204675,36771,200771,93704,15309,61742,109744,55536,225491,191550,163947,141589,19845,25379
15,28.7900,29111,204675,36771,200771,93704,15309,61742,109744,55536,225491,191550,163947,141589,19845,25379
15,28.7900,29111,204675,36771,200771,93704,15309,61742,109744,55536,225491,191550,163947,141589,19845,25379
