n_nodes,influence,n0,n1,n2,n3,n4
5,286.1700,5817,1492,6296,3084,173
5,249.7200,3084,5075,1492,6296,173
5,249.7200,3084,5075,1492,6296,173
5,249.7200,3084,5075,1492,6296,173
5,249.7200,3084,5075,1492,6296,173
5,249.7200,3084,5075,1492,6296,173
5,244.1100,4072,5075,1492,6296,173
5,241.6500,3084,1492,3010,5817,3290
5,241.6500,3084,1492,3010,5817,3290
5,219.2800,4073,1492,6296,5817,3290
5,197.4400,4072,749,1492,723,5817
5,197.4400,4072,749,1492,723,5817
5,197.4400,4072,749,1492,723,5817
5,197.4400,4072,749,1492,723,5817
5,197.4400,4072,749,1492,723,5817
5,197.4400,4072,749,1492,723,5817
5,197.4400,4072,749,1492,723,5817
5,196.4800,1661,1492,6296,5817,3290
5,196.4800,1661,1492,6296,5817,3290
5,196.4800,1661,1492,6296,5817,3290
5,196.4800,1661,1492,6296,5817,3290
5,196.0200,1352,1492,6296,3084,5817
5,196.0200,1352,1492,6296,3084,5817
5,196.0200,1352,1492,6296,3084,5817
5,196.0200,1352,1492,6296,3084,5817
5,195.2000,4072,3084,1492,4739,5817
5,195.2000,4072,3084,1492,4739,5817
5,195.0200,5817,1492,6296,3084,3290
5,194.3600,4072,749,5406,1492,5817
5,192.8900,5817,1492,6296,3084,3290
5,192.8900,5817,1492,6296,3084,3290
5,192.8900,5817,1492,6296,3084,3290
5,192.8900,5817,1492,6296,3084,3290
5,192.8900,5817,1492,6296,3084,3290
5,192.5100,6993,749,1492,723,5817
5,191.8700,3084,1492,3396,5817,3290
5,191.0900,5817,1492,6296,3084,4072
5,190.6800,5817,1492,6296,3084,3290
5,190.6800,5817,1492,6296,3084,3290
5,190.6800,5817,1492,6296,3084,3290
5,190.2800,6993,1492,3992,5817,3290
5,190.2400,5817,1111,1352,749,4072
5,189.9400,5817,1492,6296,3084,4072
5,189.8400,5817,1492,6296,3084,3290
5,188.4500,5817,1492,6296,3084,3290
5,188.4500,5817,1492,6296,3084,3290
5,188.4500,5817,1492,6296,3084,3290
5,188.4500,5817,1492,6296,3084,3290
5,188.4500,5817,1492,6296,3084,3290
5,188.4500,5817,1492,6296,3084,3290
5,188.4500,5817,1492,6296,3084,3290
5,188.4500,5817,1492,6296,3084,3290
5,188.0000,5817,1492,6296,3084,4072
5,188.0000,5817,1492,6296,3084,4072
5,187.3500,1661,1492,6296,3084,3290
5,186.5400,4072,749,1492,3084,3290
5,186.3400,1352,1230,1492,6296,5817
5,186.1900,1352,7867,1492,6296,5817
5,185.8500,5817,1492,6296,3084,3290
5,185.8500,5817,1492,6296,3084,3290
5,185.8500,5817,1492,6296,3084,3290
5,185.7500,5817,1492,6296,3084,3290
5,184.3800,3084,749,1492,723,5817
5,184.0300,5817,1492,6296,749,3290
