generation number, individual number, fitness, candidate
0, 0, 15.03, [87, 33297, 56241]
0, 1, 14.41, [279, 33296, 80656]
0, 2, 13.32, [98063, 134362, 65899]
0, 3, 13.2, [80661, 33298, 33297]
0, 4, 12.87, [285, 65897, 65901]
0, 5, 10.39, [11926, 31634, 221360]
0, 6, 9.86, [150652, 134365, 98063]
0, 7, 8.52, [283, 821, 12067]
0, 8, 8.16, [14223, 285, 113173]
0, 9, 8.12, [65900, 113171, 66171]
1, 0, 17.11, [88, 33297, 80656]
1, 1, 15.67, [80656, 33297, 62858]
1, 2, 15.03, [87, 33297, 56241]
1, 3, 14.41, [279, 33296, 80656]
1, 4, 13.99, [90, 33297, 65899]
1, 5, 13.59, [87, 11388, 56241]
1, 6, 13.42, [279, 33296, 62858]
1, 7, 11.9, [279, 148118, 100140]
1, 8, 10.41, [87, 33299, 56241]
1, 9, 9.26, [98063, 134362, 66171]
2, 0, 17.11, [88, 33297, 80656]
2, 1, 16.24, [88, 65899, 148118]
2, 2, 15.67, [80656, 33297, 62858]
2, 3, 15.62, [80661, 33297, 62858]
2, 4, 15.37, [87, 33297, 80661]
2, 5, 14.9, [80656, 65899, 12067]
2, 6, 14.75, [123523, 33297, 62858]
2, 7, 14.6, [88, 33298, 56241]
2, 8, 13.25, [100807, 62858, 11388]
2, 9, 10.86, [98065, 33298, 11926]
3, 0, 17.11, [88, 33297, 80656]
3, 1, 16.86, [88, 65899, 80661]
3, 2, 16.46, [88, 65899, 62858]
3, 3, 16.24, [88, 65899, 148118]
3, 4, 14.44, [88, 33297, 11935]
3, 5, 14.06, [56240, 31634, 46]
3, 6, 13.31, [100140, 33297, 80656]
3, 7, 13.27, [88, 66171, 80661]
3, 8, 12.86, [88, 65900, 80656]
3, 9, 12.18, [88, 33299, 62858]
4, 0, 17.11, [88, 33297, 80656]
4, 1, 16.94, [88, 65899, 80661]
4, 2, 16.86, [88, 65899, 80661]
4, 3, 16.59, [46, 65899, 80656]
4, 4, 15.74, [80450, 65899, 148118]
4, 5, 15.01, [91277, 33297, 80661]
4, 6, 14.5, [88, 118602, 100140]
4, 7, 14.43, [150652, 33297, 90]
4, 8, 12.92, [88, 148118, 62858]
4, 9, 12.64, [88, 56240, 62858]
5, 0, 17.22, [88, 33297, 80656]
5, 1, 17.11, [88, 33297, 80656]
5, 2, 16.94, [88, 65899, 80661]
5, 3, 16.03, [88, 65899, 150655]
5, 4, 15.89, [278, 65899, 80656]
5, 5, 15.32, [66167, 33297, 80661]
5, 6, 14.67, [88, 33297, 156909]
5, 7, 13.97, [33296, 33297, 123523]
5, 8, 11.94, [80450, 12067, 80661]
5, 9, 11.58, [90, 33297, 127088]
6, 0, 17.22, [88, 33297, 80656]
6, 1, 17.11, [88, 33297, 80656]
6, 2, 16.13, [118602, 33297, 91277]
6, 3, 16.12, [278, 65899, 80656]
6, 4, 15.19, [90, 33297, 80656]
6, 5, 14.52, [90, 33297, 80661]
6, 6, 14.47, [88, 33297, 66166]
6, 7, 13.36, [88, 65899, 1927]
6, 8, 12.41, [33296, 66170, 148118]
6, 9, 11.84, [66167, 33299, 80656]
7, 0, 17.22, [88, 33297, 80656]
7, 1, 17.11, [88, 33297, 80656]
7, 2, 16.56, [80450, 33297, 80656]
7, 3, 15.29, [88, 33297, 65897]
7, 4, 14.1, [88, 33297, 123524]
7, 5, 13.56, [88, 150015, 80656]
7, 6, 13.29, [88, 66167, 80661]
7, 7, 13.23, [56237, 33297, 66169]
7, 8, 12.44, [33299, 98063, 100141]
7, 9, 11.89, [100807, 65897, 56240]
8, 0, 17.22, [88, 33297, 80656]
8, 1, 17.11, [88, 33297, 80656]
8, 2, 15.96, [86, 33297, 80656]
8, 3, 13.46, [11387, 33297, 1927]
8, 4, 12.46, [90, 127089, 80656]
8, 5, 12.3, [87893, 65899, 80656]
8, 6, 12.12, [87893, 33297, 80656]
8, 7, 11.05, [88, 56239, 71858]
8, 8, 10.37, [88, 281, 66167]
8, 9, 9.96, [221360, 33299, 65897]
9, 0, 17.22, [88, 33297, 80656]
9, 1, 17.11, [88, 33297, 80656]
9, 2, 14.82, [73703, 33297, 80661]
9, 3, 14.63, [11388, 33296, 1061]
9, 4, 14.08, [90, 33297, 278]
9, 5, 14.01, [149059, 33297, 80656]
9, 6, 13.95, [10375, 33297, 80656]
9, 7, 13.42, [127088, 33297, 118602]
9, 8, 12.26, [87, 33297, 1927]
9, 9, 11.95, [150652, 33299, 100141]
10, 0, 17.22, [88, 33297, 80656]
10, 1, 17.19, [88, 33297, 286]
10, 2, 17.17, [11387, 33297, 80656]
10, 3, 17.11, [88, 33297, 80656]
10, 4, 14.95, [66059, 33297, 80656]
10, 5, 14.74, [88, 33298, 80661]
10, 6, 14.7, [77358, 65899, 80656]
10, 7, 14.48, [88, 33296, 286]
10, 8, 13.95, [88, 150652, 80656]
10, 9, 13.0, [11925, 33296, 80656]
