num_genrations,diversity,improvement,best_fitness
0,0.9996031746031746,0,1896.9899999999996
1,0.7198412698412698,0.0803219837742949,2049.359999999999
2,0.3321428571428571,0.19752020142873833,2454.1499999999983
3,0.48809523809523814,0.10617932889187726,2714.7299999999987
4,0.34285714285714286,0.08814136212441011,2954.0099999999984
5,0.15436507936507926,0.0,2954.0099999999984
6,0.28809523809523796,0.0,2954.0099999999984
7,0.0,0.0,2954.0099999999984
8,0.005952380952380931,0.00020311373353521623,2954.6099999999988
9,0.039682539682539764,0.2779656198279975,3775.889999999998
10,0.08095238095238089,0.0,3775.889999999998
