generation number, individual number, fitness, candidate
0, 0, 2.06, [2595, 2527]
0, 1, 2.06, [1088, 2530]
0, 2, 2.06, [380, 2770]
0, 3, 2.04, [1811, 285]
0, 4, 2.04, [534, 259]
0, 5, 2.03, [154, 266]
0, 6, 2.03, [876, 259]
0, 7, 2.03, [537, 2950]
0, 8, 2.02, [159, 297]
0, 9, 2.0, [283, 4602]
1, 0, 2.1, [149, 269]
1, 1, 2.1, [615, 77]
1, 2, 2.08, [558, 295]
1, 3, 2.06, [193, 269]
1, 4, 2.06, [2595, 2527]
1, 5, 2.06, [1088, 2530]
1, 6, 2.05, [154, 2530]
1, 7, 2.05, [1088, 874]
1, 8, 2.04, [380, 263]
1, 9, 2.03, [1088, 874]
2, 0, 2.1, [149, 269]
2, 1, 2.1, [615, 77]
2, 2, 2.06, [615, 876]
2, 3, 2.04, [103, 77]
2, 4, 2.04, [2595, 3716]
2, 5, 2.04, [558, 274]
2, 6, 2.04, [615, 250]
2, 7, 2.03, [615, 76]
2, 8, 2.02, [291, 98]
2, 9, 2.01, [149, 301]
3, 0, 2.1, [279, 269]
3, 1, 2.1, [149, 269]
3, 2, 2.1, [615, 77]
3, 3, 2.04, [622, 269]
3, 4, 2.04, [2765, 77]
3, 5, 2.04, [103, 2156]
3, 6, 2.04, [219, 226]
3, 7, 2.02, [622, 269]
3, 8, 2.02, [541, 265]
3, 9, 2.01, [98, 876]
4, 0, 2.12, [77, 295]
4, 1, 2.1, [295, 2950]
4, 2, 2.1, [279, 269]
4, 3, 2.1, [149, 269]
4, 4, 2.08, [615, 269]
4, 5, 2.04, [277, 283]
4, 6, 2.03, [615, 279]
4, 7, 2.03, [2762, 77]
4, 8, 2.03, [537, 609]
4, 9, 2.02, [615, 3716]
5, 0, 2.12, [77, 295]
5, 1, 2.11, [295, 3716]
5, 2, 2.1, [295, 2950]
5, 3, 2.09, [295, 4602]
5, 4, 2.07, [4849, 2514]
5, 5, 2.07, [103, 2574]
5, 6, 2.06, [269, 280]
5, 7, 2.05, [279, 191]
5, 8, 2.03, [274, 2950]
5, 9, 2.02, [609, 2512]
6, 0, 2.12, [77, 295]
6, 1, 2.11, [295, 3716]
6, 2, 2.06, [2514, 3716]
6, 3, 2.06, [191, 269]
6, 4, 2.05, [103, 609]
6, 5, 2.05, [76, 295]
6, 6, 2.03, [193, 3716]
6, 7, 2.02, [300, 2513]
6, 8, 2.02, [2530, 3716]
6, 9, 2.01, [250, 343]
7, 0, 2.12, [77, 295]
7, 1, 2.11, [295, 3716]
7, 2, 2.1, [295, 1082]
7, 3, 2.1, [77, 103]
7, 4, 2.08, [297, 226]
7, 5, 2.04, [2512, 3135]
7, 6, 2.02, [2527, 3716]
7, 7, 2.02, [541, 1095]
7, 8, 2.02, [102, 256]
7, 9, 2.01, [2527, 301]
8, 0, 2.12, [77, 295]
8, 1, 2.11, [609, 269]
8, 2, 2.11, [295, 3716]
8, 3, 2.1, [295, 2770]
8, 4, 2.07, [295, 269]
8, 5, 2.05, [291, 269]
8, 6, 2.03, [279, 2711]
8, 7, 2.02, [2712, 222]
8, 8, 2.02, [2597, 250]
8, 9, 2.02, [2950, 534]
9, 0, 2.12, [295, 193]
9, 1, 2.12, [77, 295]
9, 2, 2.11, [609, 269]
9, 3, 2.09, [77, 335]
9, 4, 2.08, [295, 2156]
9, 5, 2.07, [77, 2530]
9, 6, 2.05, [295, 3716]
9, 7, 2.05, [159, 3716]
9, 8, 2.03, [77, 2156]
9, 9, 2.03, [874, 3716]
10, 0, 2.12, [295, 193]
10, 1, 2.12, [77, 295]
10, 2, 2.08, [77, 2530]
10, 3, 2.06, [2764, 269]
10, 4, 2.06, [159, 295]
10, 5, 2.05, [159, 193]
10, 6, 2.03, [2950, 2513]
10, 7, 2.03, [297, 2513]
10, 8, 2.01, [2599, 220]
10, 9, 2.01, [2764, 193]
11, 0, 2.15, [2593, 295]
11, 1, 2.13, [77, 295]
11, 2, 2.12, [295, 193]
11, 3, 2.12, [77, 295]
11, 4, 2.09, [274, 295]
11, 5, 2.08, [1088, 295]
11, 6, 2.06, [4602, 269]
11, 7, 2.04, [2762, 2767]
11, 8, 2.04, [103, 259]
11, 9, 2.03, [2595, 1086]
12, 0, 2.15, [2593, 295]
12, 1, 2.13, [77, 295]
12, 2, 2.12, [103, 295]
12, 3, 2.09, [622, 295]
12, 4, 2.05, [2513, 2711]
12, 5, 2.05, [2595, 159]
12, 6, 2.04, [537, 2514]
12, 7, 2.03, [2065, 274]
12, 8, 2.03, [149, 266]
12, 9, 2.02, [263, 615]
13, 0, 2.15, [2593, 295]
13, 1, 2.13, [77, 295]
13, 2, 2.09, [77, 103]
13, 3, 2.05, [250, 1080]
13, 4, 2.04, [2593, 220]
13, 5, 2.04, [380, 2512]
13, 6, 2.03, [283, 2525]
13, 7, 2.02, [2593, 2530]
13, 8, 2.02, [98, 104]
13, 9, 2.01, [2950, 303]
14, 0, 2.15, [2593, 295]
14, 1, 2.13, [77, 295]
14, 2, 2.08, [2593, 1086]
14, 3, 2.08, [263, 295]
14, 4, 2.05, [250, 874]
14, 5, 2.05, [250, 2514]
14, 6, 2.04, [380, 2767]
14, 7, 2.03, [2764, 541]
14, 8, 2.02, [277, 291]
14, 9, 2.02, [2593, 300]
15, 0, 2.15, [2593, 295]
15, 1, 2.13, [77, 295]
15, 2, 2.09, [2513, 1811]
15, 3, 2.07, [295, 265]
15, 4, 2.06, [2593, 283]
15, 5, 2.06, [2711, 250]
15, 6, 2.04, [77, 244]
15, 7, 2.04, [77, 1088]
15, 8, 2.04, [269, 260]
15, 9, 2.03, [4602, 2530]
16, 0, 2.15, [2593, 295]
16, 1, 2.14, [2512, 295]
16, 2, 2.13, [77, 295]
16, 3, 2.1, [2512, 295]
16, 4, 2.1, [2512, 250]
16, 5, 2.08, [295, 265]
16, 6, 2.07, [380, 295]
16, 7, 2.05, [876, 1811]
16, 8, 2.05, [3135, 876]
16, 9, 2.03, [4602, 1811]
17, 0, 2.15, [2593, 295]
17, 1, 2.14, [2512, 295]
17, 2, 2.07, [2525, 295]
17, 3, 2.07, [2512, 2514]
17, 4, 2.06, [2527, 2512]
17, 5, 2.05, [541, 2596]
17, 6, 2.04, [874, 277]
17, 7, 2.04, [280, 2767]
17, 8, 2.04, [261, 2527]
17, 9, 2.03, [2593, 2597]
18, 0, 2.15, [2593, 295]
18, 1, 2.14, [2512, 295]
18, 2, 2.11, [1082, 2593]
18, 3, 2.09, [2512, 103]
18, 4, 2.08, [2950, 295]
18, 5, 2.06, [2525, 277]
18, 6, 2.06, [2512, 2595]
18, 7, 2.03, [269, 1095]
18, 8, 2.03, [2065, 2513]
18, 9, 2.01, [2512, 2514]
19, 0, 2.15, [2593, 295]
19, 1, 2.14, [2512, 295]
19, 2, 2.07, [1080, 269]
19, 3, 2.05, [91, 2764]
19, 4, 2.05, [209, 250]
19, 5, 2.04, [2512, 380]
19, 6, 2.03, [2512, 2712]
19, 7, 2.03, [1082, 2513]
19, 8, 2.02, [615, 1088]
19, 9, 2.01, [261, 191]
20, 0, 2.15, [2593, 295]
20, 1, 2.14, [2512, 295]
20, 2, 2.09, [256, 296]
20, 3, 2.08, [2515, 295]
20, 4, 2.05, [2593, 2513]
20, 5, 2.04, [2593, 283]
20, 6, 2.04, [541, 285]
20, 7, 2.03, [2770, 98]
20, 8, 2.03, [91, 876]
20, 9, 2.02, [220, 1080]
21, 0, 2.15, [2512, 295]
21, 1, 2.15, [2593, 295]
21, 2, 2.14, [2512, 295]
21, 3, 2.09, [300, 295]
21, 4, 2.07, [615, 2711]
21, 5, 2.05, [2513, 2574]
21, 6, 2.03, [220, 2762]
21, 7, 2.02, [226, 380]
21, 8, 2.02, [209, 283]
21, 9, 2.01, [2599, 2711]
22, 0, 2.15, [2512, 295]
22, 1, 2.15, [2593, 295]
22, 2, 2.09, [300, 269]
22, 3, 2.08, [2513, 77]
22, 4, 2.06, [2512, 876]
22, 5, 2.06, [2512, 269]
22, 6, 2.05, [2593, 3716]
22, 7, 2.05, [2593, 104]
22, 8, 2.04, [300, 222]
22, 9, 2.02, [2512, 316]
23, 0, 2.15, [2512, 295]
23, 1, 2.15, [2593, 295]
23, 2, 2.09, [77, 269]
23, 3, 2.09, [264, 295]
23, 4, 2.03, [2512, 283]
23, 5, 2.03, [91, 2762]
23, 6, 2.02, [4602, 2764]
23, 7, 2.02, [2525, 537]
23, 8, 2.02, [98, 149]
23, 9, 2.02, [2599, 250]
24, 0, 2.15, [2512, 295]
24, 1, 2.15, [2593, 295]
24, 2, 2.12, [2764, 295]
24, 3, 2.08, [277, 220]
24, 4, 2.08, [103, 295]
24, 5, 2.06, [2512, 285]
24, 6, 2.03, [159, 2593]
24, 7, 2.02, [1086, 1095]
24, 8, 2.02, [209, 191]
24, 9, 2.02, [104, 259]
25, 0, 2.15, [2512, 295]
25, 1, 2.15, [2593, 295]
25, 2, 2.08, [269, 1088]
25, 3, 2.06, [2593, 302]
25, 4, 2.06, [295, 300]
25, 5, 2.05, [2593, 261]
25, 6, 2.04, [2512, 1082]
25, 7, 2.03, [209, 2950]
25, 8, 2.03, [335, 380]
25, 9, 2.02, [2762, 265]
26, 0, 2.15, [2512, 295]
26, 1, 2.15, [2593, 295]
26, 2, 2.11, [277, 226]
26, 3, 2.11, [104, 295]
26, 4, 2.08, [2512, 2530]
26, 5, 2.04, [2512, 98]
26, 6, 2.04, [103, 81]
26, 7, 2.03, [91, 81]
26, 8, 2.02, [874, 303]
26, 9, 2.02, [1087, 4602]
27, 0, 2.15, [2512, 295]
27, 1, 2.15, [2593, 295]
27, 2, 2.06, [2512, 191]
27, 3, 2.06, [2593, 2527]
27, 4, 2.05, [2513, 295]
27, 5, 2.04, [380, 1086]
27, 6, 2.03, [222, 4849]
27, 7, 2.03, [277, 283]
27, 8, 2.02, [264, 380]
27, 9, 2.02, [2593, 2574]
28, 0, 2.15, [2512, 295]
28, 1, 2.15, [2593, 295]
28, 2, 2.09, [2593, 295]
28, 3, 2.07, [269, 876]
28, 4, 2.06, [380, 295]
28, 5, 2.06, [2512, 1086]
28, 6, 2.05, [91, 256]
28, 7, 2.05, [2512, 303]
28, 8, 2.03, [300, 278]
28, 9, 2.01, [303, 220]
29, 0, 2.15, [2512, 295]
29, 1, 2.15, [2593, 295]
29, 2, 2.13, [266, 295]
29, 3, 2.09, [285, 295]
29, 4, 2.09, [2512, 2764]
29, 5, 2.07, [380, 295]
29, 6, 2.04, [193, 615]
29, 7, 2.03, [2512, 2599]
29, 8, 2.03, [380, 2513]
29, 9, 2.02, [2711, 2595]
30, 0, 2.15, [2512, 295]
30, 1, 2.15, [2593, 295]
30, 2, 2.11, [874, 277]
30, 3, 2.1, [541, 295]
30, 4, 2.06, [266, 250]
30, 5, 2.05, [261, 874]
30, 6, 2.04, [226, 1088]
30, 7, 2.02, [2515, 609]
30, 8, 2.02, [1088, 335]
30, 9, 2.02, [266, 2513]
31, 0, 2.15, [2512, 295]
31, 1, 2.15, [2593, 295]
31, 2, 2.09, [2767, 295]
31, 3, 2.06, [4849, 2595]
31, 4, 2.06, [380, 277]
31, 5, 2.05, [2767, 295]
31, 6, 2.04, [2512, 1087]
31, 7, 2.03, [2593, 209]
31, 8, 2.03, [2513, 4602]
31, 9, 2.02, [2711, 1088]
32, 0, 2.15, [2512, 295]
32, 1, 2.15, [2593, 295]
32, 2, 2.07, [2514, 279]
32, 3, 2.06, [2512, 2765]
32, 4, 2.06, [2515, 295]
32, 5, 2.05, [380, 295]
32, 6, 2.04, [609, 277]
32, 7, 2.03, [2593, 283]
32, 8, 2.03, [335, 2767]
32, 9, 2.02, [380, 297]
33, 0, 2.15, [2512, 295]
33, 1, 2.15, [2593, 295]
33, 2, 2.13, [226, 295]
33, 3, 2.09, [2065, 295]
33, 4, 2.05, [250, 259]
33, 5, 2.05, [874, 295]
33, 6, 2.05, [2514, 3716]
33, 7, 2.04, [2593, 279]
33, 8, 2.03, [263, 534]
33, 9, 2.02, [4602, 1086]
34, 0, 2.15, [2512, 295]
34, 1, 2.15, [2593, 295]
34, 2, 2.09, [256, 295]
34, 3, 2.07, [2512, 876]
34, 4, 2.06, [250, 295]
34, 5, 2.04, [2593, 250]
34, 6, 2.03, [301, 209]
34, 7, 2.02, [2513, 266]
34, 8, 2.02, [2515, 534]
34, 9, 2.01, [2527, 259]
35, 0, 2.15, [2512, 295]
35, 1, 2.15, [2593, 295]
35, 2, 2.07, [275, 295]
35, 3, 2.06, [2512, 303]
35, 4, 2.05, [91, 291]
35, 5, 2.04, [2512, 876]
35, 6, 2.02, [2762, 2574]
35, 7, 2.02, [297, 2513]
35, 8, 2.02, [874, 102]
35, 9, 2.01, [876, 622]
36, 0, 2.15, [2512, 295]
36, 1, 2.15, [2593, 295]
36, 2, 2.07, [265, 226]
36, 3, 2.06, [191, 874]
36, 4, 2.06, [2512, 2597]
36, 5, 2.04, [380, 1082]
36, 6, 2.04, [2532, 2515]
36, 7, 2.02, [2512, 2513]
36, 8, 2.02, [266, 876]
36, 9, 2.02, [297, 303]
37, 0, 2.15, [2512, 295]
37, 1, 2.15, [2593, 295]
37, 2, 2.08, [2512, 2514]
37, 3, 2.08, [343, 295]
37, 4, 2.08, [2515, 226]
37, 5, 2.07, [609, 295]
37, 6, 2.06, [3135, 279]
37, 7, 2.04, [380, 226]
37, 8, 2.02, [4602, 2597]
37, 9, 2.01, [2530, 622]
38, 0, 2.15, [2512, 295]
38, 1, 2.15, [2593, 295]
38, 2, 2.07, [2515, 295]
38, 3, 2.06, [2512, 269]
38, 4, 2.06, [2593, 2770]
38, 5, 2.05, [380, 2514]
38, 6, 2.04, [103, 4849]
38, 7, 2.04, [2515, 154]
38, 8, 2.03, [2515, 2530]
38, 9, 2.02, [280, 159]
39, 0, 2.15, [2512, 295]
39, 1, 2.15, [2593, 295]
39, 2, 2.11, [1088, 295]
39, 3, 2.1, [4602, 295]
39, 4, 2.1, [2512, 191]
39, 5, 2.09, [380, 295]
39, 6, 2.08, [2593, 103]
39, 7, 2.07, [380, 295]
39, 8, 2.03, [2767, 274]
39, 9, 2.03, [2512, 2574]
40, 0, 2.15, [2512, 295]
40, 1, 2.15, [2593, 295]
40, 2, 2.08, [2532, 295]
40, 3, 2.08, [2525, 295]
40, 4, 2.05, [2770, 291]
40, 5, 2.05, [2515, 295]
40, 6, 2.04, [2767, 2950]
40, 7, 2.03, [1095, 2712]
40, 8, 2.03, [2512, 2513]
40, 9, 2.03, [91, 193]
41, 0, 2.15, [2512, 295]
41, 1, 2.15, [2593, 295]
41, 2, 2.1, [2532, 295]
41, 3, 2.06, [209, 295]
41, 4, 2.05, [2532, 269]
41, 5, 2.05, [3716, 1088]
41, 6, 2.03, [558, 263]
41, 7, 2.03, [2770, 4849]
41, 8, 2.02, [2597, 291]
41, 9, 2.02, [2770, 3716]
42, 0, 2.15, [2512, 295]
42, 1, 2.15, [2593, 295]
42, 2, 2.09, [193, 295]
42, 3, 2.08, [265, 2711]
42, 4, 2.05, [2512, 2770]
42, 5, 2.05, [2950, 615]
42, 6, 2.03, [2593, 3135]
42, 7, 2.03, [209, 2514]
42, 8, 2.03, [1082, 2593]
42, 9, 2.02, [104, 541]
43, 0, 2.15, [2512, 295]
43, 1, 2.15, [2593, 295]
43, 2, 2.13, [380, 295]
43, 3, 2.1, [609, 295]
43, 4, 2.09, [220, 295]
43, 5, 2.06, [1811, 259]
43, 6, 2.06, [2512, 250]
43, 7, 2.04, [278, 226]
43, 8, 2.02, [380, 2770]
43, 9, 2.02, [4602, 2711]
44, 0, 2.15, [2512, 295]
44, 1, 2.15, [2593, 295]
44, 2, 2.1, [2532, 295]
44, 3, 2.06, [103, 300]
44, 4, 2.06, [2593, 2530]
44, 5, 2.05, [4602, 2597]
44, 6, 2.05, [274, 1082]
44, 7, 2.03, [2512, 2765]
44, 8, 2.03, [534, 265]
44, 9, 2.02, [2593, 2530]
45, 0, 2.15, [2512, 295]
45, 1, 2.15, [2593, 295]
45, 2, 2.07, [1086, 295]
45, 3, 2.04, [81, 2530]
45, 4, 2.04, [193, 380]
45, 5, 2.03, [2512, 240]
45, 6, 2.03, [98, 154]
45, 7, 2.03, [2593, 3716]
45, 8, 2.02, [2599, 537]
45, 9, 2.02, [2512, 541]
46, 0, 2.15, [2512, 295]
46, 1, 2.15, [2593, 295]
46, 2, 2.1, [1811, 154]
46, 3, 2.09, [300, 295]
46, 4, 2.09, [1086, 615]
46, 5, 2.08, [3135, 295]
46, 6, 2.06, [615, 193]
46, 7, 2.06, [288, 269]
46, 8, 2.05, [220, 2595]
46, 9, 2.03, [259, 209]
47, 0, 2.15, [2512, 295]
47, 1, 2.15, [2593, 295]
47, 2, 2.09, [1811, 295]
47, 3, 2.07, [2593, 1811]
47, 4, 2.07, [1811, 2530]
47, 5, 2.05, [2711, 295]
47, 6, 2.04, [2513, 154]
47, 7, 2.04, [1811, 2514]
47, 8, 2.03, [104, 1095]
47, 9, 2.02, [2512, 296]
48, 0, 2.15, [2512, 295]
48, 1, 2.15, [2593, 295]
48, 2, 2.1, [1811, 874]
48, 3, 2.08, [269, 2950]
48, 4, 2.07, [2512, 335]
48, 5, 2.05, [1811, 2530]
48, 6, 2.04, [1811, 876]
48, 7, 2.03, [222, 291]
48, 8, 2.02, [149, 81]
48, 9, 2.02, [2593, 2765]
49, 0, 2.16, [193, 295]
49, 1, 2.15, [2512, 295]
49, 2, 2.15, [2593, 295]
49, 3, 2.1, [269, 2530]
49, 4, 2.07, [91, 335]
49, 5, 2.07, [2512, 226]
49, 6, 2.06, [300, 2595]
49, 7, 2.05, [622, 295]
49, 8, 2.03, [226, 2525]
49, 9, 2.03, [609, 291]
50, 0, 2.16, [193, 295]
50, 1, 2.15, [2512, 295]
50, 2, 2.1, [2513, 295]
50, 3, 2.09, [269, 2514]
50, 4, 2.08, [380, 2530]
50, 5, 2.07, [77, 2711]
50, 6, 2.05, [2156, 295]
50, 7, 2.04, [2762, 622]
50, 8, 2.04, [220, 2514]
50, 9, 2.03, [2593, 263]
