n_nodes,influence,n0,n1,n2,n3,n4
5,33.7400,215,2833,359,216,728
5,33.7400,215,2833,359,216,728
5,33.7400,215,2833,359,216,728
5,33.7400,215,2833,359,216,728
5,33.7400,215,2833,359,216,728
5,33.7400,215,2833,359,216,728
5,33.7400,215,2833,359,216,728
5,33.7400,215,2833,359,216,728
5,33.7400,215,2833,359,216,728
5,33.7400,215,2833,359,216,728
5,33.7400,215,2833,359,216,728
5,33.7400,215,2833,359,216,728
5,33.7400,215,2833,359,216,728
5,33.7400,215,2833,359,216,728
5,33.7400,215,2833,359,216,728
5,33.7400,215,2833,359,216,728
