n_nodes,influence,n0,n1,n2,n3,n4
5,2141.9260,615,2663,7293,126,2978
5,2141.9260,615,2663,7293,126,2978
5,2141.9260,615,2663,7293,126,2978
5,2141.9260,615,2663,7293,126,2978
5,2141.9260,615,2663,7293,126,2978
5,2141.9260,615,2663,7293,126,2978
5,2141.9260,615,2663,7293,126,2978
5,2141.9260,615,2663,7293,126,2978
5,2141.9260,615,2663,7293,126,2978
5,2141.9260,615,2663,7293,126,2978
5,2141.9260,615,2663,7293,126,2978
5,2141.9260,615,2663,7293,126,2978
5,2141.6960,2463,2663,7293,615,126
5,2141.6960,2463,2663,7293,615,126
5,2141.6960,2463,2663,7293,615,126
5,2141.6960,2463,2663,7293,615,126
