generation number, individual number, fitness, candidate
0, 0, 11.69, [87, 59751, 285]
0, 1, 11.37, [282, 80450, 11925]
0, 2, 11.15, [94016, 127089, 14197]
0, 3, 10.22, [558, 285, 73931]
0, 4, 10.0, [90, 282, 46]
0, 5, 9.05, [150655, 85838, 96148]
0, 6, 8.96, [11925, 66079, 1063]
0, 7, 8.13, [14200, 70199, 40787]
0, 8, 7.29, [56241, 281, 47500]
0, 9, 6.79, [96648, 130282, 1927]
1, 0, 11.94, [282, 127089, 13042]
1, 1, 11.69, [87, 59751, 285]
1, 2, 11.37, [282, 80450, 11925]
1, 3, 11.36, [87, 127089, 14198]
1, 4, 11.24, [96147, 91978, 285]
1, 5, 11.23, [94016, 98065, 11925]
1, 6, 11.18, [98062, 59751, 126458]
1, 7, 10.83, [121382, 66171, 80450]
1, 8, 10.29, [282, 80450, 1062]
1, 9, 8.09, [87, 96648, 11925]
2, 0, 11.94, [282, 127089, 13042]
2, 1, 11.93, [59751, 127089, 285]
2, 2, 11.74, [282, 80450, 14200]
2, 3, 11.69, [87, 59751, 285]
2, 4, 11.43, [87, 59751, 14197]
2, 5, 10.93, [46, 127089, 11925]
2, 6, 10.56, [1060, 100807, 13042]
2, 7, 10.46, [1060, 127089, 13042]
2, 8, 10.38, [282, 98063, 285]
2, 9, 9.31, [87, 47500, 11925]
3, 0, 12.79, [87, 59751, 98062]
3, 1, 12.29, [46, 73932, 76776]
3, 2, 11.94, [282, 127089, 13042]
3, 3, 11.93, [59751, 127089, 285]
3, 4, 11.51, [46, 59751, 13042]
3, 5, 11.49, [282, 100807, 285]
3, 6, 10.67, [284, 127089, 14200]
3, 7, 10.33, [282, 127089, 90]
3, 8, 10.32, [87, 127089, 46]
3, 9, 10.0, [282, 80450, 40787]
4, 0, 15.76, [89, 73932, 98062]
4, 1, 13.39, [87, 59751, 144434]
4, 2, 12.79, [87, 59751, 98062]
4, 3, 12.29, [46, 73932, 76776]
4, 4, 11.86, [87, 59751, 85838]
4, 5, 10.78, [88, 1927, 98062]
4, 6, 10.73, [87, 59751, 14200]
4, 7, 10.53, [89, 11387, 1060]
4, 8, 10.47, [46, 86543, 14201]
4, 9, 9.71, [87, 86, 90]
5, 0, 15.81, [88, 73932, 98062]
5, 1, 15.76, [89, 73932, 98062]
5, 2, 15.15, [89, 59751, 144434]
5, 3, 14.61, [89, 73932, 127089]
5, 4, 13.97, [90, 73932, 98062]
5, 5, 13.92, [89, 59751, 98065]
5, 6, 13.87, [76776, 59751, 98062]
5, 7, 13.39, [87, 59751, 144434]
5, 8, 13.26, [89, 47500, 98062]
5, 9, 11.11, [87, 823, 98062]
6, 0, 16.35, [89, 73932, 144434]
6, 1, 15.81, [88, 73932, 98062]
6, 2, 15.76, [89, 73932, 98062]
6, 3, 14.88, [13042, 73932, 144434]
6, 4, 14.32, [89, 14197, 98062]
6, 5, 14.27, [93407, 73932, 144434]
6, 6, 13.29, [278, 59751, 144434]
6, 7, 13.25, [89, 77088, 98062]
6, 8, 12.04, [88, 80450, 93406]
6, 9, 10.67, [88, 1061, 286]
7, 0, 16.42, [281, 66076, 98065]
7, 1, 16.35, [89, 73932, 144434]
7, 2, 15.81, [88, 73932, 98062]
7, 3, 15.39, [86, 73932, 144434]
7, 4, 14.78, [86, 73932, 98062]
7, 5, 14.52, [89, 284, 144434]
7, 6, 14.38, [89, 70194, 98065]
7, 7, 13.64, [89, 80450, 62858]
7, 8, 13.5, [86543, 73932, 144434]
7, 9, 12.91, [281, 73932, 98062]
8, 0, 17.88, [283, 66076, 98065]
8, 1, 16.42, [281, 66076, 98065]
8, 2, 16.35, [89, 73932, 144434]
8, 3, 15.23, [281, 66076, 127089]
8, 4, 14.99, [87, 73932, 144434]
8, 5, 14.71, [86, 76776, 98065]
8, 6, 14.26, [66076, 73932, 113478]
8, 7, 14.22, [11388, 66169, 144434]
8, 8, 13.67, [89, 73932, 80449]
8, 9, 12.99, [89, 73932, 80449]
9, 0, 17.88, [283, 66076, 98065]
9, 1, 16.42, [281, 66076, 98065]
9, 2, 16.1, [283, 66076, 100807]
9, 3, 15.25, [87, 73932, 144434]
9, 4, 13.57, [281, 66076, 126458]
9, 5, 13.55, [113477, 66076, 98065]
9, 6, 12.9, [89, 70195, 98065]
9, 7, 11.79, [283, 1062, 11388]
9, 8, 10.46, [281, 98062, 127088]
9, 9, 9.67, [66167, 56240, 96648]
10, 0, 17.88, [283, 66076, 98065]
10, 1, 17.55, [282, 66076, 98065]
10, 2, 16.99, [96148, 66076, 70193]
10, 3, 16.42, [281, 66076, 98065]
10, 4, 15.93, [283, 66076, 70364]
10, 5, 11.47, [283, 70196, 126458]
10, 6, 10.89, [283, 113477, 98062]
10, 7, 10.73, [42918, 73932, 89]
10, 8, 10.72, [87, 73932, 80449]
10, 9, 9.76, [281, 66079, 98065]
11, 0, 18.02, [96148, 66076, 98062]
11, 1, 17.89, [96144, 66076, 98065]
11, 2, 17.88, [283, 66076, 98065]
11, 3, 17.55, [282, 66076, 98065]
11, 4, 15.05, [282, 70194, 70193]
11, 5, 13.35, [96148, 70194, 87]
11, 6, 12.67, [283, 70195, 70193]
11, 7, 11.75, [282, 70196, 12067]
11, 8, 11.52, [283, 66079, 98065]
11, 9, 11.5, [283, 56241, 14197]
12, 0, 18.74, [96144, 66076, 144434]
12, 1, 18.48, [96148, 66076, 98062]
12, 2, 18.2, [96147, 66076, 98062]
12, 3, 18.02, [96148, 66076, 98062]
12, 4, 17.89, [96144, 66076, 98065]
12, 5, 17.64, [96147, 66076, 98062]
12, 6, 17.35, [96148, 66076, 80450]
12, 7, 15.17, [76776, 66076, 150655]
12, 8, 15.15, [70194, 66076, 98065]
12, 9, 12.87, [96148, 93406, 11388]
13, 0, 18.74, [96144, 66076, 144434]
13, 1, 18.48, [96148, 66076, 98062]
13, 2, 18.45, [96147, 66076, 98062]
13, 3, 18.31, [121382, 66076, 144434]
13, 4, 18.12, [121382, 66076, 98062]
13, 5, 17.97, [96144, 66076, 98065]
13, 6, 17.78, [96147, 66076, 98062]
13, 7, 14.24, [96144, 70196, 144434]
13, 8, 13.36, [285, 66076, 70196]
13, 9, 12.19, [96144, 66079, 98062]
14, 0, 19.18, [73932, 66076, 144434]
14, 1, 18.74, [96144, 66076, 144434]
14, 2, 18.48, [96148, 66076, 98062]
14, 3, 18.26, [86, 66076, 98062]
14, 4, 17.8, [96147, 66076, 98065]
14, 5, 15.47, [1927, 66076, 98062]
14, 6, 14.03, [66171, 66076, 12067]
14, 7, 13.85, [96144, 59751, 144434]
14, 8, 12.17, [96144, 85838, 98062]
14, 9, 11.53, [96144, 70194, 93406]
15, 0, 19.18, [73932, 66076, 144434]
15, 1, 19.13, [96144, 66076, 144434]
15, 2, 18.74, [96144, 66076, 144434]
15, 3, 17.51, [96148, 66076, 56240]
15, 4, 15.39, [286, 66076, 90]
15, 5, 14.8, [13042, 66076, 66171]
15, 6, 11.81, [90, 66076, 113478]
15, 7, 11.42, [73932, 823, 93407]
15, 8, 11.35, [96648, 86, 47392]
15, 9, 11.33, [73932, 70196, 40786]
16, 0, 19.18, [73932, 66076, 144434]
16, 1, 19.13, [96144, 66076, 144434]
16, 2, 18.98, [76776, 66076, 144434]
16, 3, 18.94, [73932, 66076, 282]
16, 4, 18.03, [286, 66076, 98065]
16, 5, 17.56, [56239, 66076, 96148]
16, 6, 15.2, [80450, 66076, 40788]
16, 7, 14.4, [96144, 56239, 144434]
16, 8, 13.16, [96148, 66079, 144434]
16, 9, 12.91, [66079, 66076, 148118]
17, 0, 19.18, [73932, 66076, 144434]
17, 1, 19.13, [96144, 66076, 144434]
17, 2, 17.72, [14200, 66076, 144434]
17, 3, 17.6, [96147, 66076, 98065]
17, 4, 15.28, [73932, 88, 96144]
17, 5, 15.02, [76776, 70196, 144434]
17, 6, 14.0, [121382, 56240, 144434]
17, 7, 12.72, [85839, 284, 66171]
17, 8, 12.32, [286, 70195, 144434]
17, 9, 11.97, [80449, 66076, 40786]
18, 0, 19.18, [73932, 66076, 144434]
18, 1, 19.13, [96144, 66076, 144434]
18, 2, 18.41, [121382, 66076, 144434]
18, 3, 17.34, [73932, 11388, 144434]
18, 4, 16.72, [56239, 66076, 126458]
18, 5, 16.45, [73932, 70193, 144434]
18, 6, 15.11, [73932, 144434, 96147]
18, 7, 12.21, [96144, 66079, 88]
18, 8, 11.71, [96147, 70199, 70365]
18, 9, 11.27, [96144, 66079, 98065]
19, 0, 19.22, [85839, 66076, 144434]
19, 1, 19.18, [73932, 66076, 144434]
19, 2, 19.13, [96144, 66076, 144434]
19, 3, 18.85, [73932, 66076, 98065]
19, 4, 16.94, [73932, 70196, 144434]
19, 5, 16.35, [73932, 70196, 144434]
19, 6, 15.23, [124712, 11388, 144434]
19, 7, 12.95, [96144, 11387, 144434]
19, 8, 12.73, [96144, 66079, 144434]
19, 9, 11.76, [73932, 56241, 1063]
20, 0, 19.22, [85839, 66076, 144434]
20, 1, 19.18, [73932, 66076, 144434]
20, 2, 19.03, [73932, 66076, 98065]
20, 3, 18.45, [124712, 66076, 144434]
20, 4, 17.9, [85839, 66076, 80450]
20, 5, 17.17, [62858, 66076, 96147]
20, 6, 15.72, [73932, 70194, 144434]
20, 7, 12.98, [282, 278, 144434]
20, 8, 12.71, [85839, 558, 144434]
20, 9, 12.65, [14199, 11925, 144434]
21, 0, 19.22, [85839, 66076, 144434]
21, 1, 19.18, [73932, 66076, 144434]
21, 2, 17.8, [73932, 66076, 121382]
21, 3, 16.48, [47392, 66076, 1061]
21, 4, 16.32, [85839, 66076, 823]
21, 5, 14.95, [150655, 66076, 285]
21, 6, 14.67, [85839, 70196, 98065]
21, 7, 14.23, [73932, 70195, 144434]
21, 8, 14.21, [96144, 66076, 70194]
21, 9, 13.95, [89, 80450, 144434]
22, 0, 19.22, [85839, 66076, 144434]
22, 1, 19.18, [73932, 66076, 144434]
22, 2, 17.18, [283, 66076, 98065]
22, 3, 17.13, [85839, 66076, 56241]
22, 4, 15.45, [66079, 66076, 144434]
22, 5, 15.37, [73932, 70196, 144434]
22, 6, 14.51, [47392, 70194, 144434]
22, 7, 13.19, [85839, 70194, 1061]
22, 8, 11.64, [73932, 96148, 70198]
22, 9, 10.13, [47392, 76776, 93408]
23, 0, 20.01, [85839, 66076, 98062]
23, 1, 19.22, [85839, 66076, 144434]
23, 2, 19.18, [73932, 66076, 144434]
23, 3, 17.19, [90, 66076, 127089]
23, 4, 16.59, [85839, 70196, 144434]
23, 5, 16.14, [284, 66076, 56241]
23, 6, 13.19, [85839, 94017, 144434]
23, 7, 12.14, [85839, 285, 56241]
23, 8, 10.43, [85839, 94016, 73931]
23, 9, 10.42, [1062, 127088, 98065]
24, 0, 20.35, [47392, 66076, 144434]
24, 1, 20.01, [85839, 66076, 98062]
24, 2, 19.22, [85839, 66076, 144434]
24, 3, 18.98, [47392, 66076, 98062]
24, 4, 18.23, [73932, 66076, 127089]
24, 5, 16.55, [85839, 70193, 144434]
24, 6, 14.64, [286, 66076, 94017]
24, 7, 12.21, [127088, 94016, 98062]
24, 8, 10.61, [47500, 11387, 98062]
24, 9, 10.24, [14200, 113477, 98065]
25, 0, 20.35, [47392, 66076, 144434]
25, 1, 20.01, [85839, 66076, 98062]
25, 2, 19.51, [47392, 66076, 144434]
25, 3, 18.85, [73931, 66076, 144434]
25, 4, 18.22, [73931, 66076, 98062]
25, 5, 16.88, [279, 66076, 98065]
25, 6, 15.62, [85839, 66076, 70194]
25, 7, 15.51, [85839, 70196, 144434]
25, 8, 14.5, [66170, 66076, 56241]
25, 9, 11.11, [47392, 85838, 98062]
26, 0, 20.35, [47392, 66076, 144434]
26, 1, 20.01, [85839, 66076, 98062]
26, 2, 19.47, [47392, 66076, 144434]
26, 3, 19.06, [47392, 66076, 98065]
26, 4, 17.18, [47392, 66076, 11925]
26, 5, 16.26, [73931, 66076, 11387]
26, 6, 15.11, [85839, 70194, 144434]
26, 7, 14.21, [47392, 70365, 144434]
26, 8, 13.34, [1061, 76776, 144434]
26, 9, 12.84, [47392, 70195, 98062]
27, 0, 20.35, [47392, 66076, 144434]
27, 1, 20.01, [85839, 66076, 98062]
27, 2, 17.71, [14197, 66076, 96144]
27, 3, 15.35, [85839, 62858, 144434]
27, 4, 15.33, [85839, 66076, 221360]
27, 5, 15.22, [47392, 46, 144434]
27, 6, 15.06, [42918, 66076, 98062]
27, 7, 14.49, [11388, 70194, 100807]
27, 8, 13.4, [47392, 80450, 46]
27, 9, 13.29, [14198, 94016, 144434]
28, 0, 20.35, [47392, 66076, 144434]
28, 1, 20.01, [85839, 66076, 98062]
28, 2, 19.5, [85839, 66076, 144434]
28, 3, 18.28, [14197, 66076, 144434]
28, 4, 18.01, [47392, 66076, 96147]
28, 5, 17.45, [14197, 66076, 98065]
28, 6, 15.14, [85839, 70193, 96144]
28, 7, 14.8, [285, 47392, 144434]
28, 8, 14.66, [86, 70199, 144434]
28, 9, 14.62, [14197, 66076, 47500]
29, 0, 20.48, [47392, 66076, 144434]
29, 1, 20.35, [47392, 66076, 144434]
29, 2, 20.01, [85839, 66076, 98062]
29, 3, 19.61, [47392, 66076, 144434]
29, 4, 19.29, [47392, 66076, 144434]
29, 5, 16.64, [85839, 66076, 56237]
29, 6, 16.44, [823, 66076, 144434]
29, 7, 15.04, [113477, 66076, 144434]
29, 8, 14.37, [62858, 96144, 144434]
29, 9, 12.66, [89, 70193, 40786]
30, 0, 20.48, [47392, 66076, 144434]
30, 1, 20.35, [47392, 66076, 144434]
30, 2, 16.24, [282, 66076, 13042]
30, 3, 14.55, [66170, 66076, 70365]
30, 4, 14.36, [70199, 91978, 144434]
30, 5, 13.89, [46, 56241, 144434]
30, 6, 13.74, [46, 70193, 66170]
30, 7, 12.64, [47392, 113477, 144434]
30, 8, 12.39, [221360, 76776, 144434]
30, 9, 10.24, [47392, 1927, 62858]
31, 0, 20.48, [47392, 66076, 144434]
31, 1, 20.35, [47392, 66076, 144434]
31, 2, 19.12, [47392, 66076, 144434]
31, 3, 16.47, [73931, 66076, 13042]
31, 4, 14.09, [282, 70194, 144434]
31, 5, 13.57, [47392, 278, 144434]
31, 6, 13.45, [278, 66079, 144434]
31, 7, 12.37, [56240, 46, 279]
31, 8, 11.32, [282, 70194, 77088]
31, 9, 11.27, [73931, 66171, 14201]
32, 0, 20.48, [47392, 66076, 144434]
32, 1, 20.35, [47392, 66076, 144434]
32, 2, 18.31, [47392, 66076, 127089]
32, 3, 17.77, [85838, 66076, 144434]
32, 4, 17.46, [47392, 66076, 100807]
32, 5, 13.88, [42918, 66076, 13042]
32, 6, 10.83, [47392, 14200, 14197]
32, 7, 9.65, [11925, 70196, 150655]
32, 8, 9.32, [93408, 70196, 14199]
32, 9, 8.98, [73931, 42918, 13042]
33, 0, 20.48, [47392, 66076, 144434]
33, 1, 20.35, [47392, 66076, 144434]
33, 2, 18.48, [73931, 66076, 144434]
33, 3, 17.65, [47392, 66076, 127089]
33, 4, 14.21, [47392, 70364, 127089]
33, 5, 11.42, [98062, 282, 98065]
33, 6, 11.06, [47392, 113477, 127089]
33, 7, 10.69, [42918, 66076, 93408]
33, 8, 9.4, [81178, 66167, 59751]
33, 9, 8.56, [85838, 40786, 98065]
34, 0, 20.48, [47392, 66076, 144434]
34, 1, 20.35, [47392, 66076, 144434]
34, 2, 19.39, [66167, 66076, 98062]
34, 3, 16.17, [98063, 66076, 278]
34, 4, 13.68, [14201, 96147, 144434]
34, 5, 13.4, [47392, 285, 130282]
34, 6, 13.3, [47392, 70196, 280]
34, 7, 13.15, [81178, 66076, 90]
34, 8, 11.75, [47392, 80449, 144434]
34, 9, 9.89, [94016, 278, 6376]
35, 0, 20.48, [47392, 66076, 144434]
35, 1, 20.35, [47392, 66076, 144434]
35, 2, 18.53, [73931, 66076, 144434]
35, 3, 18.19, [47392, 66076, 98065]
35, 4, 14.23, [113478, 66076, 98062]
35, 5, 14.17, [46, 282, 144434]
35, 6, 12.2, [11388, 40787, 80450]
35, 7, 12.02, [47392, 98062, 98065]
35, 8, 11.92, [66078, 70193, 66170]
35, 9, 10.85, [286, 11387, 87]
36, 0, 20.48, [47392, 66076, 144434]
36, 1, 20.35, [47392, 66076, 144434]
36, 2, 19.06, [73931, 66076, 144434]
36, 3, 17.22, [85838, 66076, 144434]
36, 4, 17.04, [80450, 66076, 127089]
36, 5, 16.45, [47392, 66076, 80449]
36, 6, 13.94, [47392, 70196, 127088]
36, 7, 13.2, [47392, 46, 70199]
36, 8, 12.64, [96148, 70193, 70197]
36, 9, 12.09, [47392, 66079, 87]
37, 0, 20.48, [47392, 66076, 144434]
37, 1, 20.35, [47392, 66076, 144434]
37, 2, 18.26, [14200, 66076, 144434]
37, 3, 17.91, [73931, 66076, 66167]
37, 4, 15.76, [40788, 66076, 144434]
37, 5, 15.56, [88, 66076, 126458]
37, 6, 15.26, [59751, 66076, 12067]
37, 7, 13.64, [286, 66076, 70198]
37, 8, 12.17, [70195, 56240, 127089]
37, 9, 11.82, [93406, 66167, 70199]
38, 0, 20.48, [47392, 66076, 144434]
38, 1, 20.35, [47392, 66076, 144434]
38, 2, 18.5, [47392, 66076, 56239]
38, 3, 17.74, [148118, 66076, 144434]
38, 4, 17.7, [85838, 66076, 144434]
38, 5, 16.74, [73931, 70193, 144434]
38, 6, 16.29, [14197, 66076, 6376]
38, 7, 16.23, [56241, 66076, 66167]
38, 8, 15.41, [42918, 66076, 144434]
38, 9, 14.74, [73931, 70196, 144434]
39, 0, 20.48, [47392, 66076, 144434]
39, 1, 20.35, [47392, 66076, 144434]
39, 2, 18.18, [279, 66076, 144434]
39, 3, 16.54, [47392, 66076, 11387]
39, 4, 15.55, [96648, 66076, 80450]
39, 5, 13.91, [47392, 70194, 87]
39, 6, 13.5, [47392, 284, 89]
39, 7, 12.47, [85839, 77088, 98065]
39, 8, 12.35, [284, 70196, 70199]
39, 9, 12.19, [47392, 286, 124712]
40, 0, 20.48, [47392, 66076, 144434]
40, 1, 20.35, [47392, 66076, 144434]
40, 2, 16.9, [88, 66076, 11387]
40, 3, 16.76, [47392, 66076, 6376]
40, 4, 13.51, [47392, 70195, 144434]
40, 5, 13.44, [47392, 46, 127089]
40, 6, 11.5, [70195, 56241, 144434]
40, 7, 10.65, [14198, 96144, 77088]
40, 8, 10.2, [11388, 1927, 124712]
40, 9, 9.95, [42918, 77088, 144434]
41, 0, 20.48, [47392, 66076, 144434]
41, 1, 20.35, [47392, 66076, 144434]
41, 2, 16.68, [73931, 66076, 62858]
41, 3, 16.12, [80449, 66076, 144434]
41, 4, 15.15, [86543, 66076, 70193]
41, 5, 14.97, [47392, 66076, 40786]
41, 6, 14.38, [148118, 66076, 6376]
41, 7, 11.99, [42918, 70196, 144434]
41, 8, 9.76, [42918, 6376, 144434]
41, 9, 9.22, [42918, 94015, 144434]
42, 0, 20.48, [47392, 66076, 144434]
42, 1, 20.35, [47392, 66076, 144434]
42, 2, 17.85, [73931, 66076, 62858]
42, 3, 17.48, [85838, 66076, 144434]
42, 4, 17.47, [127089, 66076, 62858]
42, 5, 17.34, [73931, 66076, 62858]
42, 6, 16.98, [73931, 66076, 127089]
42, 7, 16.69, [73931, 66076, 127089]
42, 8, 14.2, [47392, 70196, 279]
42, 9, 12.71, [47392, 1061, 62858]
43, 0, 20.48, [47392, 66076, 144434]
43, 1, 20.35, [47392, 66076, 144434]
43, 2, 18.3, [47392, 66076, 98065]
43, 3, 16.02, [148118, 66076, 279]
43, 4, 15.65, [47392, 70194, 144434]
43, 5, 15.64, [42918, 66076, 144434]
43, 6, 14.23, [70194, 66076, 100807]
43, 7, 14.19, [47392, 70364, 127088]
43, 8, 13.75, [47392, 93407, 144434]
43, 9, 13.14, [14197, 66167, 127089]
44, 0, 20.48, [47392, 66076, 144434]
44, 1, 20.35, [47392, 66076, 144434]
44, 2, 15.71, [42918, 66076, 144434]
44, 3, 13.89, [821, 66076, 1063]
44, 4, 13.86, [47392, 66076, 70196]
44, 5, 13.73, [14197, 130282, 144434]
44, 6, 13.65, [66078, 66076, 121382]
44, 7, 12.78, [47392, 126458, 144434]
44, 8, 12.06, [47392, 14200, 121382]
44, 9, 10.09, [113477, 94016, 98065]
45, 0, 20.48, [47392, 66076, 144434]
45, 1, 20.35, [47392, 66076, 144434]
45, 2, 18.59, [47392, 66076, 62858]
45, 3, 17.53, [14197, 66076, 98065]
45, 4, 16.05, [47392, 70196, 144434]
45, 5, 15.3, [47392, 66076, 85838]
45, 6, 15.04, [42918, 66076, 144434]
45, 7, 13.2, [42918, 66076, 279]
45, 8, 10.42, [70365, 70195, 86]
45, 9, 9.04, [1063, 70198, 98065]
46, 0, 20.48, [47392, 66076, 144434]
46, 1, 20.35, [47392, 66076, 144434]
46, 2, 17.31, [47392, 70193, 144434]
46, 3, 16.92, [127089, 66076, 98065]
46, 4, 15.87, [14201, 66076, 121382]
46, 5, 14.95, [93407, 66076, 14198]
46, 6, 14.59, [47392, 70193, 70364]
46, 7, 14.57, [42918, 66076, 62858]
46, 8, 12.05, [47392, 70199, 11387]
46, 9, 12.04, [130282, 14197, 62858]
47, 0, 20.48, [47392, 66076, 144434]
47, 1, 20.35, [47392, 66076, 144434]
47, 2, 17.99, [47392, 66076, 127089]
47, 3, 17.87, [47392, 66076, 80450]
47, 4, 16.02, [130282, 66076, 127088]
47, 5, 12.0, [96147, 100807, 73931]
47, 6, 11.63, [127089, 70194, 144434]
47, 7, 11.58, [90, 93407, 144434]
47, 8, 10.43, [70198, 70195, 144434]
47, 9, 10.07, [42918, 278, 144434]
48, 0, 20.48, [47392, 66076, 144434]
48, 1, 20.35, [47392, 66076, 144434]
48, 2, 18.08, [91978, 66076, 56240]
48, 3, 18.02, [47392, 66076, 127089]
48, 4, 16.65, [62858, 66076, 14199]
48, 5, 14.96, [47392, 66076, 66079]
48, 6, 13.75, [73931, 130282, 144434]
48, 7, 12.37, [150655, 66076, 148118]
48, 8, 11.49, [73931, 14200, 96144]
48, 9, 10.57, [66078, 93408, 144434]
49, 0, 20.48, [47392, 66076, 144434]
49, 1, 20.35, [47392, 66076, 144434]
49, 2, 18.73, [47392, 66076, 56239]
49, 3, 18.27, [96147, 66076, 144434]
49, 4, 18.02, [47392, 66076, 127089]
49, 5, 17.12, [91978, 66076, 127089]
49, 6, 16.47, [47392, 70196, 144434]
49, 7, 12.74, [73931, 85839, 144434]
49, 8, 12.62, [56239, 56240, 144434]
49, 9, 12.38, [47392, 70195, 56240]
50, 0, 20.48, [47392, 66076, 144434]
50, 1, 20.35, [47392, 66076, 144434]
50, 2, 18.92, [73931, 66076, 144434]
50, 3, 17.99, [73931, 66076, 56239]
50, 4, 17.88, [73931, 66076, 56239]
50, 5, 15.69, [47392, 70194, 144434]
50, 6, 15.09, [96147, 70196, 144434]
50, 7, 14.95, [56241, 66076, 94015]
50, 8, 13.68, [47392, 90, 62858]
50, 9, 12.25, [40787, 66076, 66170]
