generation number, individual number, fitness, candidate
0, 0, 2.12, [87, 59751]
0, 1, 2.09, [96148, 56241]
0, 2, 2.07, [285, 558]
0, 3, 2.06, [285, 73931]
0, 4, 2.04, [96648, 130282]
0, 5, 2.04, [127089, 14197]
0, 6, 2.03, [281, 47500]
0, 7, 2.03, [1927, 94016]
0, 8, 2.02, [76776, 40788]
0, 9, 2.02, [150655, 85838]
1, 0, 2.18, [89, 56241]
1, 1, 2.12, [87, 59751]
1, 2, 2.09, [96148, 56241]
1, 3, 2.08, [62858, 94016]
1, 4, 2.08, [46, 56241]
1, 5, 2.07, [87, 40786]
1, 6, 2.04, [62858, 66079]
1, 7, 2.03, [96148, 77088]
1, 8, 2.03, [96148, 77088]
1, 9, 2.03, [100807, 59751]
2, 0, 2.18, [89, 56241]
2, 1, 2.12, [87, 59751]
2, 2, 2.1, [40788, 14201]
2, 3, 2.09, [14198, 281]
2, 4, 2.08, [96148, 56240]
2, 5, 2.07, [87, 66169]
2, 6, 2.07, [47500, 70364]
2, 7, 2.06, [66079, 56241]
2, 8, 2.05, [89, 47500]
2, 9, 2.05, [62858, 70193]
3, 0, 2.18, [89, 56241]
3, 1, 2.13, [86, 59751]
3, 2, 2.12, [87, 59751]
3, 3, 2.11, [88, 56241]
3, 4, 2.07, [93407, 282]
3, 5, 2.07, [40788, 88]
3, 6, 2.07, [88, 56241]
3, 7, 2.06, [85838, 283]
3, 8, 2.05, [89, 47500]
3, 9, 2.03, [96648, 73932]
4, 0, 2.18, [89, 56241]
4, 1, 2.13, [86, 59751]
4, 2, 2.09, [280, 56241]
4, 3, 2.09, [89, 47500]
4, 4, 2.08, [86, 66169]
4, 5, 2.08, [89, 121382]
4, 6, 2.07, [89, 6376]
4, 7, 2.07, [113477, 11388]
4, 8, 2.07, [89, 96648]
4, 9, 2.07, [90, 56241]
5, 0, 2.18, [89, 56241]
5, 1, 2.13, [86, 59751]
5, 2, 2.12, [283, 56239]
5, 3, 2.09, [285, 278]
5, 4, 2.09, [56240, 66078]
5, 5, 2.07, [144434, 56237]
5, 6, 2.05, [280, 62858]
5, 7, 2.04, [86, 130282]
5, 8, 2.03, [89, 81178]
5, 9, 2.02, [73932, 94016]
6, 0, 2.18, [89, 56241]
6, 1, 2.13, [86, 59751]
6, 2, 2.12, [281, 56239]
6, 3, 2.11, [86, 56239]
6, 4, 2.1, [88, 56241]
6, 5, 2.1, [90, 59751]
6, 6, 2.08, [89, 56241]
6, 7, 2.08, [283, 56240]
6, 8, 2.08, [90, 56241]
6, 9, 2.08, [86, 62858]
7, 0, 2.18, [89, 56241]
7, 1, 2.15, [88, 56241]
7, 2, 2.13, [86, 59751]
7, 3, 2.12, [86, 59751]
7, 4, 2.1, [87, 56241]
7, 5, 2.09, [89, 56241]
7, 6, 2.08, [87, 56241]
7, 7, 2.08, [90, 66169]
7, 8, 2.07, [86, 59751]
7, 9, 2.06, [89, 96648]
8, 0, 2.18, [89, 56241]
8, 1, 2.15, [88, 56241]
8, 2, 2.12, [90, 56241]
8, 3, 2.1, [11387, 56241]
8, 4, 2.08, [89, 96648]
8, 5, 2.07, [86, 66078]
8, 6, 2.07, [87, 56241]
8, 7, 2.06, [66076, 42918]
8, 8, 2.06, [56241, 1060]
8, 9, 2.05, [90, 59751]
9, 0, 2.18, [89, 56241]
9, 1, 2.15, [88, 56241]
9, 2, 2.12, [280, 56241]
9, 3, 2.1, [282, 98062]
9, 4, 2.06, [70197, 284]
9, 5, 2.06, [89, 85839]
9, 6, 2.05, [80450, 70196]
9, 7, 2.05, [148118, 70365]
9, 8, 2.05, [12067, 56240]
9, 9, 2.04, [280, 56241]
10, 0, 2.18, [89, 56241]
10, 1, 2.15, [88, 56241]
10, 2, 2.14, [46, 56241]
10, 3, 2.11, [14197, 66076]
10, 4, 2.08, [86, 70365]
10, 5, 2.07, [150655, 66076]
10, 6, 2.07, [284, 56241]
10, 7, 2.06, [1061, 127089]
10, 8, 2.05, [91978, 14200]
10, 9, 2.05, [56240, 56241]
