n_nodes,influence,n0,n1,n2,n3,n4
5,56.6843,2688,813,3447,29,7231
5,56.6843,2688,813,3447,29,7231
5,56.6843,2688,813,3447,29,7231
5,56.6843,2688,813,3447,29,7231
5,56.6843,2688,813,3447,29,7231
5,56.6843,2688,813,3447,29,7231
5,56.6843,2688,813,3447,29,7231
5,56.6843,2688,813,3447,29,7231
5,53.2786,3447,2688,3568,29,7231
5,53.2786,3447,2688,3568,29,7231
5,53.2786,3447,2688,3568,29,7231
5,53.2786,3447,2688,3568,29,7231
5,53.2786,3447,2688,3568,29,7231
5,53.2786,3447,2688,3568,29,7231
5,53.2786,3447,2688,3568,29,7231
5,53.2786,3447,2688,3568,29,7231
5,53.2786,3447,2688,3568,29,7231
5,53.2786,3447,2688,3568,29,7231
5,53.2786,3447,2688,3568,29,7231
5,53.2786,3447,2688,3568,29,7231
5,53.2786,3447,2688,3568,29,7231
5,53.2786,3447,2688,3568,29,7231
5,53.2786,3447,2688,3568,29,7231
5,53.2786,3447,2688,3568,29,7231
5,53.2786,3447,2688,3568,29,7231
5,53.2786,3447,2688,3568,29,7231
5,53.2786,3447,2688,3568,29,7231
5,53.2786,3447,2688,3568,29,7231
5,53.2786,3447,2688,3568,29,7231
5,53.2786,3447,2688,3568,29,7231
5,53.2786,3447,2688,3568,29,7231
5,53.2786,3447,2688,3568,29,7231
5,53.2786,3447,2688,3568,29,7231
5,53.2786,3447,2688,3568,29,7231
5,53.2786,3447,2688,3568,29,7231
5,53.2786,3447,2688,3568,29,7231
5,53.2786,3447,2688,3568,29,7231
5,53.2786,3447,2688,3568,29,7231
5,53.2786,3447,2688,3568,29,7231
5,53.2786,3447,2688,3568,29,7231
5,53.2786,3447,2688,3568,29,7231
5,53.2786,3447,2688,3568,29,7231
5,53.2786,3447,2688,3568,29,7231
5,53.2786,3447,2688,3568,29,7231
5,53.2786,3447,2688,3568,29,7231
5,53.2786,3447,2688,3568,29,7231
5,53.2786,3447,2688,3568,29,7231
5,53.2786,3447,2688,3568,29,7231
5,53.2786,3447,2688,3568,29,7231
5,53.2786,3447,2688,3568,29,7231
5,53.2786,3447,2688,3568,29,7231
5,53.2786,3447,2688,3568,29,7231
5,53.2786,3447,2688,3568,29,7231
5,53.2786,3447,2688,3568,29,7231
5,53.2786,3447,2688,3568,29,7231
5,53.2786,3447,2688,3568,29,7231
5,53.2786,3447,2688,3568,29,7231
5,53.2786,3447,2688,3568,29,7231
5,53.2786,3447,2688,3568,29,7231
5,53.2786,3447,2688,3568,29,7231
5,53.2786,3447,2688,3568,29,7231
5,53.2786,3447,2688,3568,29,7231
5,53.2786,3447,2688,3568,29,7231
5,53.2786,3447,2688,3568,29,7231
5,53.2786,3447,2688,3568,29,7231
5,53.2786,3447,2688,3568,29,7231
5,53.2786,3447,2688,3568,29,7231
5,53.2786,3447,2688,3568,29,7231
5,53.2786,3447,2688,3568,29,7231
5,53.2786,3447,2688,3568,29,7231
5,53.2786,3447,2688,3568,29,7231
5,53.2786,3447,2688,3568,29,7231
5,53.2786,3447,2688,3568,29,7231
5,53.2786,3447,2688,3568,29,7231
5,53.2786,3447,2688,3568,29,7231
5,53.2786,3447,2688,3568,29,7231
5,53.2786,3447,2688,3568,29,7231
5,53.2786,3447,2688,3568,29,7231
5,53.2786,3447,2688,3568,29,7231
5,53.2786,3447,2688,3568,29,7231
5,53.2786,3447,2688,3568,29,7231
5,53.2786,3447,2688,3568,29,7231
5,53.2786,3447,2688,3568,29,7231
5,53.2786,3447,2688,3568,29,7231
5,53.2786,3447,2688,3568,29,7231
5,53.2786,3447,2688,3568,29,7231
5,53.2786,3447,2688,3568,29,7231
5,53.2786,3447,2688,3568,29,7231
5,53.2786,3447,2688,3568,29,7231
5,53.2786,3447,2688,3568,29,7231
5,51.7811,2688,3447,339,29,7231
5,50.7034,2688,3568,3447,29,89
5,50.3957,2688,813,3568,29,7231
5,50.3957,2688,813,3568,29,7231
5,50.3026,2688,3568,3447,29,5427
5,50.1806,2688,5655,2350,3447,7231
5,50.1771,3447,2688,5880,5655,7231
5,49.1481,2688,1160,3447,29,7231
5,49.0763,2688,7564,3447,29,7231
5,49.0763,2688,7564,3447,29,7231
5,49.0763,2688,7564,3447,29,7231
5,49.0733,2688,3568,3447,29,6247
5,49.0641,2688,3568,3447,29,4921
5,48.4869,2688,158,3447,29,7231
5,48.2513,3447,2688,349,29,7231
5,48.2513,3447,2688,349,29,7231
5,48.2084,2688,3447,6735,29,7231
5,48.2062,2688,5595,3447,29,7231
5,48.2028,2688,1454,3447,29,7231
5,48.1801,3447,2688,5880,29,7231
5,48.1801,3447,2688,5880,29,7231
5,48.1801,3447,2688,5880,29,7231
5,48.1801,3447,2688,5880,29,7231
5,48.1801,3447,2688,5880,29,7231
5,48.1801,3447,2688,5880,29,7231
5,48.1801,3447,2688,5880,29,7231
5,48.1801,3447,2688,5880,29,7231
5,48.1801,3447,2688,5880,29,7231
5,48.1801,3447,2688,5880,29,7231
5,48.1801,3447,2688,5880,29,7231
5,48.1801,3447,2688,5880,29,7231
5,48.1801,3447,2688,5880,29,7231
5,48.1801,3447,2688,5880,29,7231
5,48.1801,3447,2688,5880,29,7231
5,48.1801,3447,2688,5880,29,7231
5,48.1801,3447,2688,5880,29,7231
5,48.1801,3447,2688,5880,29,7231
5,48.1801,3447,2688,5880,29,7231
