num_genrations,diversity,improvement,best_fitness
1,0.947983870967742,0.0,17.71
2,0.8818548387096774,0.0,17.71
0,1.0,0,17.71
3,0.811491935483871,0.0,17.71
1,0.947983870967742,0.0,17.71
4,0.7205645161290323,0.0,17.71
2,0.8818548387096774,0.0,17.71
5,0.3237903225806451,0.0,17.71
3,0.811491935483871,0.0,17.71
6,0.17540322580645173,0.0,17.71
7,0.0,0.0028232636928289504,17.76
4,0.7205645161290323,0.0,17.71
8,0.0,0.0,17.76
5,0.3237903225806451,0.0,17.71
9,0.0,0.0,17.76
6,0.17540322580645173,0.0,17.71
10,0.0,0.0,17.76
7,0.0,0.0028232636928289504,17.76
8,0.0,0.0,17.76
9,0.0,0.0,17.76
10,0.0,0.0,17.76
