n_nodes,influence,n0,n1,n2,n3,n4,n5,n6,n7,n8,n9,n10,n11,n12,n13,n14,n15,n16
17,95.9600,210848,136673,147138,99427,155904,258407,149671,175912,12042,131474,4308,93652,29910,88919,202461,74937,190591
17,95.9400,210848,136673,147138,99427,155904,258407,149671,175912,131474,4308,93652,29910,88919,2072,74937,12042,190591
17,94.5500,210848,136673,147138,99427,155904,258407,149671,175912,131474,4308,93652,29910,88919,2072,74937,12042,190591
17,94.5500,210848,136673,147138,99427,155904,258407,149671,175912,131474,4308,93652,29910,88919,2072,74937,12042,190591
17,94.5500,210848,136673,147138,99427,155904,258407,149671,175912,131474,4308,93652,29910,88919,2072,74937,12042,190591
17,94.5500,210848,136673,147138,99427,155904,258407,149671,175912,131474,4308,93652,29910,88919,2072,74937,12042,190591
17,94.5500,210848,136673,147138,99427,155904,258407,149671,175912,131474,4308,93652,29910,88919,2072,74937,12042,190591
17,94.5500,210848,136673,147138,99427,155904,258407,149671,175912,131474,4308,93652,29910,88919,2072,74937,12042,190591
17,94.5500,210848,136673,147138,99427,155904,258407,149671,175912,131474,4308,93652,29910,88919,2072,74937,12042,190591
17,94.5500,210848,136673,147138,99427,155904,258407,149671,175912,131474,4308,93652,29910,88919,2072,74937,12042,190591
17,94.2700,210848,136673,178855,99427,155904,258407,149671,175912,12042,131474,4308,93652,29910,88919,74937,202461,190591
17,93.8200,201560,136673,147138,99427,155904,258407,149671,175912,12042,131474,4308,93652,29910,88919,2072,74937,190591
17,93.7900,210848,136673,147138,99427,155904,258407,149671,175912,131474,4308,93652,29910,88919,2072,74937,12042,190591
17,93.7700,210848,136673,147138,99427,155904,258407,149671,175912,12042,131474,4308,93652,29910,88919,202461,74937,190591
17,93.7700,210848,136673,147138,99427,155904,258407,149671,175912,12042,131474,4308,93652,29910,88919,202461,74937,190591
17,93.0500,210848,136673,147138,99427,155904,258407,149671,175912,131474,4308,93652,29910,88919,2072,74937,12042,190591
