num_genrations,diversity,improvement,best_fitness
0,0.9983870967741936,0,1033.73
1,0.9201612903225806,0.17226935466707935,1211.81
2,0.7877016129032258,0.14573241679801302,1388.41
3,0.3813508064516129,-0.03908067501674577,1334.15
4,0.3199596774193548,0.19888318404976943,1599.49
5,0.12489919354838719,0.01447336338457889,1622.64
6,0.16814516129032264,0.0,1622.64
7,0.03276209677419373,0.005879307794704903,1632.18
8,0.03286290322580654,-0.0007781004546067111,1630.91
9,0.053729838709677624,0.0,1630.91
10,0.0706653225806454,0.0,1630.91
