generation number, individual number, fitness, candidate
0, 0, 9.41, [66171, 73932]
0, 1, 6.88, [91978, 1061]
0, 2, 6.81, [13042, 85838]
0, 3, 6.54, [96148, 70195]
0, 4, 6.05, [70197, 127089]
0, 5, 5.38, [93407, 150655]
0, 6, 5.0, [96148, 91978]
0, 7, 4.2, [80449, 70198]
0, 8, 4.12, [85838, 14223]
0, 9, 3.55, [81178, 6376]
1, 0, 9.9, [14198, 144434]
1, 1, 9.48, [96148, 73932]
1, 2, 9.41, [66171, 73932]
1, 3, 9.22, [94016, 73932]
1, 4, 8.77, [14200, 73932]
1, 5, 7.8, [66171, 100807]
1, 6, 7.79, [73932, 1060]
1, 7, 7.51, [62858, 85838]
1, 8, 6.88, [91978, 1061]
1, 9, 6.78, [66171, 90]
2, 0, 9.9, [14198, 144434]
2, 1, 9.8, [96144, 144434]
2, 2, 9.48, [13042, 73932]
2, 3, 9.48, [96148, 73932]
2, 4, 9.34, [14201, 73932]
2, 5, 9.14, [13042, 73932]
2, 6, 8.96, [96148, 98065]
2, 7, 8.71, [14198, 85839]
2, 8, 8.67, [96148, 98065]
2, 9, 8.13, [286, 59751]
3, 0, 9.9, [14198, 144434]
3, 1, 9.8, [96144, 144434]
3, 2, 9.52, [14198, 144434]
3, 3, 9.33, [96147, 73932]
3, 4, 9.2, [14201, 73932]
3, 5, 8.78, [96144, 76776]
3, 6, 8.27, [94016, 56240]
3, 7, 8.23, [13042, 98065]
3, 8, 7.53, [14198, 127089]
3, 9, 5.89, [96148, 94017]
4, 0, 9.9, [14198, 144434]
4, 1, 9.8, [96147, 144434]
4, 2, 9.8, [96144, 144434]
4, 3, 8.55, [96144, 98065]
4, 4, 8.41, [11388, 823]
4, 5, 8.04, [100807, 80450]
4, 6, 7.75, [150655, 73932]
4, 7, 7.31, [1060, 62858]
4, 8, 6.88, [282, 66079]
4, 9, 6.08, [823, 279]
5, 0, 10.27, [127088, 70193]
5, 1, 9.9, [14198, 144434]
5, 2, 9.8, [96147, 144434]
5, 3, 9.1, [56241, 144434]
5, 4, 9.02, [96147, 76776]
5, 5, 8.21, [56237, 144434]
5, 6, 8.0, [96148, 127089]
5, 7, 7.39, [47392, 126458]
5, 8, 7.14, [66167, 56241]
5, 9, 6.55, [11925, 73931]
6, 0, 11.97, [56240, 70193]
6, 1, 10.27, [127088, 70193]
6, 2, 9.9, [14198, 144434]
6, 3, 9.41, [14201, 88]
6, 4, 7.29, [14198, 66079]
6, 5, 5.93, [113477, 66171]
6, 6, 5.56, [126458, 284]
6, 7, 5.42, [127088, 127089]
6, 8, 5.0, [96144, 1927]
6, 9, 4.6, [14199, 113478]
7, 0, 11.97, [56240, 70193]
7, 1, 11.66, [56239, 70193]
7, 2, 10.27, [127088, 70193]
7, 3, 8.27, [56240, 124712]
7, 4, 8.2, [56240, 14200]
7, 5, 7.88, [66170, 88]
7, 6, 7.59, [127088, 73931]
7, 7, 6.94, [70195, 14198]
7, 8, 6.7, [56240, 823]
7, 9, 6.49, [14201, 93406]
8, 0, 12.03, [56239, 70193]
8, 1, 11.97, [56240, 70193]
8, 2, 11.66, [56239, 70193]
8, 3, 10.06, [14201, 11388]
8, 4, 8.72, [56240, 66078]
8, 5, 8.19, [56239, 127088]
8, 6, 7.42, [148118, 62858]
8, 7, 6.68, [148118, 90]
8, 8, 6.36, [14199, 93406]
8, 9, 6.02, [94017, 100807]
9, 0, 12.03, [56239, 70193]
9, 1, 11.97, [56240, 70193]
9, 2, 10.58, [56239, 11388]
9, 3, 8.99, [56239, 46]
9, 4, 8.72, [85839, 76776]
9, 5, 8.64, [56239, 66078]
9, 6, 8.37, [56240, 127088]
9, 7, 7.61, [66078, 76776]
9, 8, 7.44, [124712, 62858]
9, 9, 7.28, [56240, 6376]
10, 0, 12.74, [94016, 66076]
10, 1, 12.03, [56239, 70193]
10, 2, 11.97, [56240, 70193]
10, 3, 9.29, [144434, 56241]
10, 4, 8.85, [98062, 94016]
10, 5, 8.24, [56239, 70365]
10, 6, 7.41, [56239, 280]
10, 7, 6.93, [93407, 130282]
10, 8, 6.12, [62858, 86543]
10, 9, 4.91, [14197, 93408]
