generation number, individual number, fitness, candidate
0, 0, 2.03, [1555, 1569]
0, 1, 2.02, [2846, 798]
0, 2, 2.01, [1514, 1540]
0, 3, 2.01, [1003, 710]
0, 4, 2.01, [974, 1419]
0, 5, 2.0, [609, 1225]
0, 6, 2.0, [2490, 1827]
0, 7, 2.0, [429, 15]
0, 8, 2.0, [1603, 15]
0, 9, 2.0, [15, 922]
1, 0, 2.14, [520, 1569]
1, 1, 2.08, [520, 483]
1, 2, 2.04, [1555, 964]
1, 3, 2.03, [1555, 690]
1, 4, 2.03, [1555, 1569]
1, 5, 2.02, [970, 1569]
1, 6, 2.02, [2846, 798]
1, 7, 2.01, [1555, 1540]
1, 8, 2.01, [2846, 495]
1, 9, 2.0, [1289, 339]
2, 0, 2.19, [520, 1347]
2, 1, 2.14, [520, 336]
2, 2, 2.14, [520, 1569]
2, 3, 2.09, [520, 731]
2, 4, 2.08, [520, 483]
2, 5, 2.07, [934, 841]
2, 6, 2.06, [716, 964]
2, 7, 2.02, [1157, 78]
2, 8, 2.02, [1141, 850]
2, 9, 2.01, [841, 1569]
3, 0, 2.19, [520, 1347]
3, 1, 2.15, [5117, 731]
3, 2, 2.14, [520, 336]
3, 3, 2.02, [691, 741]
3, 4, 2.01, [476, 922]
3, 5, 2.01, [2340, 3147]
3, 6, 2.01, [1540, 1347]
3, 7, 2.01, [964, 635]
3, 8, 2.01, [476, 2667]
3, 9, 2.0, [1827, 1569]
4, 0, 2.22, [520, 1045]
4, 1, 2.19, [520, 1347]
4, 2, 2.15, [5117, 731]
4, 3, 2.13, [520, 1028]
4, 4, 2.05, [964, 1347]
4, 5, 2.05, [2340, 320]
4, 6, 2.04, [964, 741]
4, 7, 2.03, [635, 1347]
4, 8, 2.02, [691, 1381]
4, 9, 2.02, [731, 2070]
5, 0, 2.22, [520, 1045]
5, 1, 2.19, [520, 1347]
5, 2, 2.15, [520, 635]
5, 3, 2.02, [1540, 1347]
5, 4, 2.02, [1029, 1347]
5, 5, 2.01, [1225, 662]
5, 6, 2.01, [786, 1229]
5, 7, 2.01, [1029, 1045]
5, 8, 2.0, [1567, 320]
5, 9, 2.0, [711, 1569]
6, 0, 2.22, [520, 1045]
6, 1, 2.19, [520, 1347]
6, 2, 2.17, [520, 1555]
6, 3, 2.16, [520, 1555]
6, 4, 2.14, [520, 2032]
6, 5, 2.04, [656, 902]
6, 6, 2.03, [990, 635]
6, 7, 2.03, [1603, 2340]
6, 8, 2.01, [2436, 873]
6, 9, 2.01, [1029, 339]
7, 0, 2.22, [520, 1045]
7, 1, 2.19, [520, 1347]
7, 2, 2.14, [5117, 3639]
7, 3, 2.1, [520, 841]
7, 4, 2.05, [1543, 785]
7, 5, 2.04, [1138, 1555]
7, 6, 2.02, [1045, 487]
7, 7, 2.02, [694, 1555]
7, 8, 2.01, [675, 2340]
7, 9, 2.0, [1048, 691]
8, 0, 2.22, [520, 1045]
8, 1, 2.19, [520, 1347]
8, 2, 2.04, [2032, 1347]
8, 3, 2.04, [716, 3639]
8, 4, 2.03, [656, 1045]
8, 5, 2.01, [429, 1514]
8, 6, 2.0, [1543, 1603]
8, 7, 2.0, [1003, 339]
8, 8, 2.0, [3639, 711]
8, 9, 2.0, [2846, 1603]
9, 0, 2.22, [520, 1045]
9, 1, 2.19, [520, 1347]
9, 2, 2.13, [520, 834]
9, 3, 2.13, [520, 873]
9, 4, 2.1, [520, 1555]
9, 5, 2.02, [2070, 1347]
9, 6, 2.01, [974, 545]
9, 7, 2.0, [320, 1045]
9, 8, 2.0, [2032, 2341]
9, 9, 2.0, [831, 675]
10, 0, 2.22, [520, 1045]
10, 1, 2.19, [520, 1347]
10, 2, 2.08, [520, 662]
10, 3, 2.04, [336, 785]
10, 4, 2.03, [1029, 429]
10, 5, 2.03, [1580, 834]
10, 6, 2.01, [831, 216]
10, 7, 2.01, [216, 691]
10, 8, 2.01, [690, 1347]
10, 9, 2.01, [1289, 1378]
11, 0, 2.22, [520, 1045]
11, 1, 2.19, [520, 1347]
11, 2, 2.06, [990, 2340]
11, 3, 2.04, [247, 1347]
11, 4, 2.02, [1540, 1580]
11, 5, 2.01, [2436, 785]
11, 6, 2.01, [905, 15]
11, 7, 2.01, [741, 1353]
11, 8, 2.0, [1219, 1045]
11, 9, 2.0, [1394, 1003]
12, 0, 2.22, [520, 1045]
12, 1, 2.19, [520, 1347]
12, 2, 2.05, [690, 1347]
12, 3, 2.04, [495, 2340]
12, 4, 2.03, [247, 1414]
12, 5, 2.03, [716, 2340]
12, 6, 2.03, [247, 1347]
12, 7, 2.02, [320, 1289]
12, 8, 2.02, [609, 1157]
12, 9, 2.0, [656, 339]
13, 0, 2.22, [520, 1045]
13, 1, 2.19, [520, 1347]
13, 2, 2.06, [662, 1347]
13, 3, 2.03, [1025, 786]
13, 4, 2.02, [656, 697]
13, 5, 2.02, [751, 1603]
13, 6, 2.02, [690, 1347]
13, 7, 2.01, [1569, 690]
13, 8, 2.01, [483, 450]
13, 9, 2.0, [735, 1045]
14, 0, 2.22, [520, 1045]
14, 1, 2.19, [520, 1347]
14, 2, 2.11, [520, 1225]
14, 3, 2.06, [1025, 819]
14, 4, 2.06, [974, 1347]
14, 5, 2.01, [662, 675]
14, 6, 2.01, [964, 1045]
14, 7, 2.01, [922, 1045]
14, 8, 2.0, [545, 834]
14, 9, 2.0, [1567, 1229]
15, 0, 2.22, [520, 1045]
15, 1, 2.19, [520, 1347]
15, 2, 2.04, [1967, 487]
15, 3, 2.03, [1025, 216]
15, 4, 2.03, [495, 819]
15, 5, 2.03, [609, 1827]
15, 6, 2.03, [1394, 216]
15, 7, 2.03, [450, 990]
15, 8, 2.0, [831, 1025]
15, 9, 2.0, [1514, 666]
16, 0, 2.22, [520, 1045]
16, 1, 2.19, [520, 1347]
16, 2, 2.16, [476, 5117]
16, 3, 2.16, [520, 809]
16, 4, 2.14, [520, 15]
16, 5, 2.03, [2846, 809]
16, 6, 2.02, [1289, 1045]
16, 7, 2.02, [694, 1045]
16, 8, 2.02, [487, 1347]
16, 9, 2.01, [1138, 1045]
17, 0, 2.22, [520, 1045]
17, 1, 2.19, [520, 1347]
17, 2, 2.13, [520, 675]
17, 3, 2.03, [741, 1347]
17, 4, 2.02, [1045, 809]
17, 5, 2.02, [339, 922]
17, 6, 2.02, [1827, 841]
17, 7, 2.02, [1540, 1827]
17, 8, 2.01, [450, 1514]
17, 9, 2.0, [1003, 1567]
18, 0, 2.22, [520, 1045]
18, 1, 2.19, [520, 1347]
18, 2, 2.14, [520, 786]
18, 3, 2.1, [520, 609]
18, 4, 2.01, [1138, 675]
18, 5, 2.0, [1419, 2490]
18, 6, 2.0, [1225, 1048]
18, 7, 2.0, [1003, 691]
18, 8, 2.0, [78, 816]
18, 9, 2.0, [902, 1045]
19, 0, 2.22, [520, 1045]
19, 1, 2.19, [520, 1347]
19, 2, 2.1, [520, 609]
19, 3, 2.04, [439, 841]
19, 4, 2.03, [716, 786]
19, 5, 2.03, [78, 694]
19, 6, 2.02, [974, 675]
19, 7, 2.01, [922, 1157]
19, 8, 2.0, [1430, 1229]
19, 9, 2.0, [1003, 1045]
20, 0, 2.22, [520, 1045]
20, 1, 2.19, [520, 1347]
20, 2, 2.18, [520, 1555]
20, 3, 2.07, [587, 990]
20, 4, 2.03, [2490, 1347]
20, 5, 2.02, [1540, 609]
20, 6, 2.01, [1289, 2846]
20, 7, 2.01, [662, 694]
20, 8, 2.01, [2032, 1028]
20, 9, 2.01, [1353, 2032]
21, 0, 2.22, [520, 1045]
21, 1, 2.19, [520, 1347]
21, 2, 2.12, [520, 587]
21, 3, 2.11, [520, 1219]
21, 4, 2.05, [841, 1141]
21, 5, 2.04, [691, 1347]
21, 6, 2.01, [3, 1045]
21, 7, 2.01, [716, 2341]
21, 8, 2.0, [2436, 1045]
21, 9, 2.0, [2436, 2341]
22, 0, 2.22, [520, 1045]
22, 1, 2.19, [520, 1347]
22, 2, 2.14, [520, 1048]
22, 3, 2.11, [520, 1394]
22, 4, 2.02, [1219, 2341]
22, 5, 2.02, [990, 1574]
22, 6, 2.01, [1603, 495]
22, 7, 2.01, [1569, 922]
22, 8, 2.01, [3147, 1569]
22, 9, 2.0, [1003, 1045]
23, 0, 2.22, [520, 1045]
23, 1, 2.19, [520, 1347]
23, 2, 2.04, [1229, 934]
23, 3, 2.02, [751, 675]
23, 4, 2.02, [1509, 439]
23, 5, 2.01, [922, 1048]
23, 6, 2.01, [98, 545]
23, 7, 2.01, [1430, 2341]
23, 8, 2.0, [450, 2436]
23, 9, 2.0, [2436, 1048]
24, 0, 2.22, [520, 1045]
24, 1, 2.19, [520, 1347]
24, 2, 2.13, [520, 3639]
24, 3, 2.09, [841, 1543]
24, 4, 2.07, [495, 934]
24, 5, 2.05, [520, 675]
24, 6, 2.03, [662, 1347]
24, 7, 2.02, [905, 675]
24, 8, 2.01, [1514, 691]
24, 9, 2.0, [1569, 1540]
25, 0, 2.22, [520, 1045]
25, 1, 2.19, [520, 1347]
25, 2, 2.09, [520, 1514]
25, 3, 2.04, [697, 2032]
25, 4, 2.04, [716, 2070]
25, 5, 2.04, [809, 841]
25, 6, 2.04, [902, 1430]
25, 7, 2.03, [662, 1045]
25, 8, 2.03, [785, 1555]
25, 9, 2.02, [1827, 819]
26, 0, 2.22, [520, 1045]
26, 1, 2.19, [520, 1347]
26, 2, 2.1, [520, 1028]
26, 3, 2.08, [964, 1347]
26, 4, 2.07, [716, 2070]
26, 5, 2.07, [2490, 841]
26, 6, 2.06, [716, 675]
26, 7, 2.03, [809, 675]
26, 8, 2.02, [850, 1045]
26, 9, 2.01, [974, 1419]
27, 0, 2.22, [520, 1045]
27, 1, 2.19, [520, 1347]
27, 2, 2.11, [520, 675]
27, 3, 2.04, [495, 1347]
27, 4, 2.04, [1225, 1347]
27, 5, 2.03, [1414, 1045]
27, 6, 2.03, [3147, 850]
27, 7, 2.02, [964, 716]
27, 8, 2.01, [741, 1045]
27, 9, 2.01, [1543, 545]
28, 0, 2.22, [520, 1045]
28, 1, 2.19, [520, 1347]
28, 2, 2.07, [520, 1555]
28, 3, 2.05, [1157, 716]
28, 4, 2.05, [1540, 1347]
28, 5, 2.04, [834, 780]
28, 6, 2.02, [1540, 1048]
28, 7, 2.01, [2436, 974]
28, 8, 2.01, [336, 964]
28, 9, 2.0, [1138, 711]
29, 0, 2.22, [520, 1045]
29, 1, 2.19, [520, 1347]
29, 2, 2.11, [520, 841]
29, 3, 2.05, [741, 716]
29, 4, 2.04, [1509, 1543]
29, 5, 2.04, [2070, 1141]
29, 6, 2.03, [1540, 675]
29, 7, 2.03, [690, 1347]
29, 8, 2.01, [2490, 697]
29, 9, 2.01, [905, 320]
30, 0, 2.22, [520, 1045]
30, 1, 2.19, [520, 1347]
30, 2, 2.13, [520, 1347]
30, 3, 2.08, [964, 841]
30, 4, 2.03, [710, 1045]
30, 5, 2.01, [1378, 656]
30, 6, 2.01, [2436, 1543]
30, 7, 2.0, [339, 1045]
30, 8, 2.0, [1048, 711]
30, 9, 2.0, [2490, 1603]
31, 0, 2.22, [520, 1045]
31, 1, 2.19, [520, 1347]
31, 2, 2.15, [520, 450]
31, 3, 2.09, [520, 1028]
31, 4, 2.05, [1141, 2490]
31, 5, 2.04, [2436, 1347]
31, 6, 2.02, [1555, 785]
31, 7, 2.02, [964, 2436]
31, 8, 2.02, [974, 1509]
31, 9, 2.02, [339, 450]
32, 0, 2.22, [520, 1045]
32, 1, 2.19, [520, 1347]
32, 2, 2.13, [520, 675]
32, 3, 2.07, [520, 78]
32, 4, 2.06, [841, 934]
32, 5, 2.06, [964, 487]
32, 6, 2.04, [1419, 2340]
32, 7, 2.03, [1394, 1347]
32, 8, 2.03, [1025, 697]
32, 9, 2.02, [247, 1347]
33, 0, 2.22, [520, 1045]
33, 1, 2.19, [520, 1347]
33, 2, 2.05, [1028, 1347]
33, 3, 2.04, [694, 487]
33, 4, 2.03, [1967, 697]
33, 5, 2.02, [873, 786]
33, 6, 2.02, [336, 1347]
33, 7, 2.02, [450, 1045]
33, 8, 2.01, [216, 2667]
33, 9, 2.01, [697, 78]
34, 0, 2.22, [520, 1045]
34, 1, 2.19, [520, 1347]
34, 2, 2.04, [2436, 1347]
34, 3, 2.03, [694, 1555]
34, 4, 2.03, [1138, 487]
34, 5, 2.02, [247, 1543]
34, 6, 2.01, [1394, 785]
34, 7, 2.01, [1045, 1347]
34, 8, 2.0, [609, 98]
34, 9, 2.0, [1028, 1048]
35, 0, 2.22, [520, 1045]
35, 1, 2.21, [520, 2667]
35, 2, 2.19, [520, 1347]
35, 3, 2.1, [520, 816]
35, 4, 2.09, [520, 675]
35, 5, 2.02, [545, 3]
35, 6, 2.02, [819, 1229]
35, 7, 2.02, [320, 1347]
35, 8, 2.01, [1157, 1569]
35, 9, 2.01, [697, 1567]
36, 0, 2.22, [520, 1045]
36, 1, 2.21, [520, 2667]
36, 2, 2.12, [520, 850]
36, 3, 2.06, [1347, 697]
36, 4, 2.04, [2490, 934]
36, 5, 2.04, [780, 1347]
36, 6, 2.02, [694, 1381]
36, 7, 2.01, [1003, 1347]
36, 8, 2.01, [320, 656]
36, 9, 2.01, [780, 1045]
37, 0, 2.22, [520, 1045]
37, 1, 2.21, [520, 2667]
37, 2, 2.03, [964, 1045]
37, 3, 2.03, [1029, 809]
37, 4, 2.02, [970, 905]
37, 5, 2.01, [429, 1141]
37, 6, 2.01, [2436, 850]
37, 7, 2.01, [974, 1025]
37, 8, 2.01, [2490, 850]
37, 9, 2.0, [1045, 635]
38, 0, 2.22, [520, 1045]
38, 1, 2.21, [520, 2667]
38, 2, 2.12, [520, 735]
38, 3, 2.09, [520, 691]
38, 4, 2.08, [520, 1967]
38, 5, 2.03, [1569, 1574]
38, 6, 2.02, [1967, 1353]
38, 7, 2.01, [476, 710]
38, 8, 2.01, [1827, 731]
38, 9, 2.01, [1555, 1045]
39, 0, 2.22, [520, 1045]
39, 1, 2.21, [520, 1219]
39, 2, 2.21, [520, 2667]
39, 3, 2.05, [483, 841]
39, 4, 2.04, [2436, 1543]
39, 5, 2.03, [1138, 2667]
39, 6, 2.03, [336, 691]
39, 7, 2.02, [974, 1045]
39, 8, 2.02, [1029, 735]
39, 9, 2.02, [694, 1045]
40, 0, 2.22, [520, 1045]
40, 1, 2.21, [520, 1219]
40, 2, 2.06, [5117, 2667]
40, 3, 2.04, [247, 798]
40, 4, 2.04, [990, 98]
40, 5, 2.03, [786, 1045]
40, 6, 2.01, [834, 785]
40, 7, 2.01, [1514, 690]
40, 8, 2.01, [834, 697]
40, 9, 2.0, [716, 741]
41, 0, 2.22, [520, 1045]
41, 1, 2.21, [520, 1219]
41, 2, 2.12, [520, 1543]
41, 3, 2.09, [520, 1514]
41, 4, 2.08, [520, 741]
41, 5, 2.04, [1827, 1509]
41, 6, 2.02, [1540, 2667]
41, 7, 2.02, [336, 1378]
41, 8, 2.01, [751, 1045]
41, 9, 2.01, [2032, 3639]
42, 0, 2.22, [520, 1045]
42, 1, 2.21, [520, 1219]
42, 2, 2.06, [520, 691]
42, 3, 2.06, [520, 1603]
42, 4, 2.03, [902, 1543]
42, 5, 2.03, [922, 2667]
42, 6, 2.01, [691, 2070]
42, 7, 2.01, [98, 1543]
42, 8, 2.01, [990, 690]
42, 9, 2.01, [785, 1603]
43, 0, 2.22, [520, 1045]
43, 1, 2.21, [520, 1219]
43, 2, 2.1, [520, 336]
43, 3, 2.07, [520, 922]
43, 4, 2.04, [1138, 1567]
43, 5, 2.04, [656, 1414]
43, 6, 2.03, [662, 2667]
43, 7, 2.02, [1229, 2070]
43, 8, 2.01, [1028, 710]
43, 9, 2.01, [922, 1603]
44, 0, 2.22, [520, 1045]
44, 1, 2.21, [520, 1219]
44, 2, 2.13, [520, 450]
44, 3, 2.12, [520, 1347]
44, 4, 2.08, [934, 320]
44, 5, 2.03, [934, 902]
44, 6, 2.02, [1540, 429]
44, 7, 2.02, [1381, 1603]
44, 8, 2.02, [780, 98]
44, 9, 2.01, [439, 1567]
45, 0, 2.22, [520, 1045]
45, 1, 2.21, [520, 1219]
45, 2, 2.05, [934, 1603]
45, 3, 2.05, [520, 2340]
45, 4, 2.03, [2340, 1141]
45, 5, 2.01, [2436, 450]
45, 6, 2.01, [741, 1555]
45, 7, 2.01, [1219, 2846]
45, 8, 2.0, [1569, 320]
45, 9, 2.0, [710, 1381]
46, 0, 2.22, [520, 1045]
46, 1, 2.21, [520, 1219]
46, 2, 2.1, [520, 339]
46, 3, 2.05, [964, 1219]
46, 4, 2.03, [716, 1353]
46, 5, 2.02, [1029, 1045]
46, 6, 2.02, [662, 1509]
46, 7, 2.02, [1603, 690]
46, 8, 2.01, [970, 786]
46, 9, 2.0, [1827, 1045]
47, 0, 2.22, [520, 1045]
47, 1, 2.21, [520, 1219]
47, 2, 2.07, [964, 841]
47, 3, 2.05, [216, 1514]
47, 4, 2.03, [1229, 5117]
47, 5, 2.02, [1540, 666]
47, 6, 2.02, [3, 429]
47, 7, 2.01, [247, 1219]
47, 8, 2.0, [247, 15]
47, 9, 2.0, [964, 1045]
48, 0, 2.22, [520, 1045]
48, 1, 2.21, [520, 1219]
48, 2, 2.13, [520, 635]
48, 3, 2.1, [520, 1603]
48, 4, 2.09, [520, 1028]
48, 5, 2.09, [520, 1003]
48, 6, 2.04, [2490, 476]
48, 7, 2.03, [1381, 78]
48, 8, 2.02, [873, 694]
48, 9, 2.02, [786, 587]
49, 0, 2.22, [520, 1045]
49, 1, 2.21, [520, 1219]
49, 2, 2.13, [520, 786]
49, 3, 2.03, [656, 483]
49, 4, 2.03, [2032, 3147]
49, 5, 2.01, [1381, 850]
49, 6, 2.01, [15, 98]
49, 7, 2.01, [691, 1219]
49, 8, 2.0, [970, 635]
49, 9, 2.0, [216, 1045]
50, 0, 2.22, [520, 1045]
50, 1, 2.21, [520, 1219]
50, 2, 2.15, [520, 545]
50, 3, 2.13, [520, 735]
50, 4, 2.02, [873, 834]
50, 5, 2.01, [974, 809]
50, 6, 2.01, [487, 751]
50, 7, 2.01, [809, 495]
50, 8, 2.0, [809, 1045]
50, 9, 2.0, [1138, 483]
