num_genrations,diversity,improvement,best_fitness
0,1.0,0,2914.2500000000045
1,0.8308823529411764,0.0058574247233420884,2931.3200000000043
2,0.5470588235294118,0.019578210499024258,2988.710000000004
3,0.16617647058823526,0.2169765551023666,3637.189999999999
4,0.2397058823529412,0.016908657507581405,3698.689999999999
5,0.2313725490196077,0.0,3698.689999999999
6,0.3362745098039216,0.17081723529141615,4330.490000000007
7,0.1318627450980392,0.0,4330.490000000007
8,0.07499999999999996,0.0,4330.490000000007
9,0.007352941176470562,0.0017596161173446603,4338.110000000007
10,0.05147058823529416,0.03354686718409702,4483.64000000001
