n_nodes,influence,n0,n1,n2,n3,n4
5,1078.1600,4355,36,2159,4398,1521
5,1076.3940,36,845,4398,4355,1521
5,1072.7760,36,845,4398,4355,1521
5,1070.4880,36,845,4398,4355,1521
5,1070.4880,36,845,4398,4355,1521
5,1070.4880,36,845,4398,4355,1521
5,1068.3180,36,845,4398,4355,1521
5,1067.8100,36,845,4398,4355,1521
5,1067.8100,36,845,4398,4355,1521
5,1067.8100,36,845,4398,4355,1521
5,1067.8100,36,845,4398,4355,1521
5,1067.8100,36,845,4398,4355,1521
5,1067.8100,36,845,4398,4355,1521
5,1067.8100,36,845,4398,4355,1521
5,1067.8100,36,845,4398,4355,1521
5,1067.8100,36,845,4398,4355,1521
