n_nodes,influence,n0,n1,n2,n3,n4
5,2032.9800,18,645,634,763,3923
5,2032.9800,18,645,634,763,3923
5,2032.9800,18,645,634,763,3923
5,2032.9800,18,645,634,763,3923
5,2032.9800,18,645,634,763,3923
5,2032.9800,18,645,634,763,3923
5,2032.9800,18,645,634,763,3923
5,2032.9800,18,645,634,763,3923
5,2032.9800,18,645,634,763,3923
5,2032.9800,18,645,634,763,3923
5,2032.9800,18,645,634,763,3923
5,2032.9800,18,645,634,763,3923
5,2032.9800,18,645,634,763,3923
5,2032.9800,18,645,634,763,3923
5,2032.9800,18,645,634,763,3923
5,2030.5900,18,645,634,763,3923
5,2030.5900,18,645,634,763,3923
5,2030.5900,18,645,634,763,3923
5,2030.5900,18,645,634,763,3923
5,2030.5900,18,645,634,763,3923
5,2030.5900,18,645,634,763,3923
5,2030.5900,18,645,634,763,3923
5,2030.5900,18,645,634,763,3923
5,2030.5900,18,645,634,763,3923
5,2030.5900,18,645,634,763,3923
5,2030.5900,18,645,634,763,3923
5,2030.5900,18,645,634,763,3923
5,2030.5900,18,645,634,763,3923
5,2030.5900,18,645,634,763,3923
5,2030.5900,18,645,634,763,3923
5,2030.5900,18,645,634,763,3923
5,2030.5900,18,645,634,763,3923
5,2030.5900,18,645,634,763,3923
5,2030.5900,18,645,634,763,3923
5,2030.5900,18,645,634,763,3923
5,2030.5900,18,645,634,763,3923
5,2030.5900,18,645,634,763,3923
5,2030.5900,18,645,634,763,3923
5,2030.5900,18,645,634,763,3923
5,2030.5900,18,645,634,763,3923
5,2030.5900,18,645,634,763,3923
5,2030.5900,18,645,634,763,3923
5,2030.5900,18,645,634,763,3923
5,2030.5900,18,645,634,763,3923
5,2030.5900,18,645,634,763,3923
5,2030.5900,18,645,634,763,3923
5,2030.5900,18,645,634,763,3923
5,2030.5900,18,645,634,763,3923
5,2030.5900,18,645,634,763,3923
5,2030.5900,18,645,634,763,3923
5,2030.5900,18,645,634,763,3923
5,2030.5900,18,645,634,763,3923
5,2030.5900,18,645,634,763,3923
5,2029.7700,18,645,634,763,3923
5,2029.7700,18,645,634,763,3923
5,2029.4300,18,645,634,763,3923
5,2029.4300,18,645,634,763,3923
5,2028.4500,18,645,634,763,3923
5,2028.4500,18,645,634,763,3923
5,2028.4500,18,645,634,763,3923
5,2028.4500,18,645,634,763,3923
5,2028.4500,18,645,634,763,3923
5,2027.8600,18,645,634,763,3923
5,2027.2700,18,645,634,763,3923
5,2027.2700,18,645,634,763,3923
5,2026.8300,645,3923,634,763,143
5,2026.8300,645,3923,634,763,143
5,2026.8300,645,3923,634,763,143
5,2026.8300,645,3923,634,763,143
5,2026.8300,645,3923,634,763,143
5,2026.8300,645,3923,634,763,143
5,2026.8300,645,3923,634,763,143
5,2026.8300,645,3923,634,763,143
5,2026.8300,645,3923,634,763,143
5,2026.8300,645,3923,634,763,143
5,2026.8300,645,3923,634,763,143
5,2026.8300,645,3923,634,763,143
5,2026.8300,645,3923,634,763,143
5,2026.8300,645,3923,634,763,143
5,2026.8300,645,3923,634,763,143
5,2026.8300,645,3923,634,763,143
5,2026.3500,18,645,634,763,3923
5,2026.3500,18,645,634,763,3923
5,2026.3500,18,645,634,763,3923
5,2026.3500,18,645,634,763,3923
5,2026.3500,18,645,634,763,3923
5,2026.3500,18,645,634,763,3923
5,2026.3500,18,645,634,763,3923
5,2026.3500,18,645,634,763,3923
5,2026.3500,18,645,634,763,3923
5,2025.4800,645,6142,3923,634,763
5,2025.4800,645,6142,3923,634,763
5,2024.9700,18,645,634,763,3923
5,2024.9700,18,645,634,763,3923
5,2024.7200,18,645,634,763,3923
5,2024.7200,18,645,634,763,3923
5,2024.7200,18,645,634,763,3923
5,2024.7200,18,645,634,763,3923
5,2024.7200,18,645,634,763,3923
5,2024.4000,18,645,634,763,3923
5,2023.7900,18,645,634,763,3923
5,2022.8600,18,645,634,763,3923
5,2021.7400,18,645,634,763,3923
5,2021.7400,18,645,634,763,3923
5,2021.7400,18,645,634,763,3923
5,2021.7400,18,645,634,763,3923
5,2021.7400,18,645,634,763,3923
5,2021.7400,18,645,634,763,3923
5,2021.7400,18,645,634,763,3923
5,2021.5900,18,645,634,763,3923
5,2021.1200,18,645,634,763,3923
5,2021.1200,18,645,634,763,3923
5,2021.1200,18,645,634,763,3923
5,2018.9900,18,645,634,763,3923
5,2018.9900,18,645,634,763,3923
5,2018.7200,18,645,634,763,3923
5,2018.7200,18,645,634,763,3923
5,2018.6500,18,645,634,763,3923
5,2018.6500,18,645,634,763,3923
5,2018.3600,51392,645,634,763,3923
5,2018.3600,51392,645,634,763,3923
5,2018.3600,51392,645,634,763,3923
5,2018.3600,51392,645,634,763,3923
5,2018.3600,51392,645,634,763,3923
5,2018.3600,51392,645,634,763,3923
5,2018.3600,51392,645,634,763,3923
5,2018.2100,18,645,634,763,3923
5,2018.2000,18,645,634,763,3923
