generation number, individual number, fitness, candidate
0, 0, 2.11, [5117, 656]
0, 1, 2.09, [520, 786]
0, 2, 2.07, [934, 587]
0, 3, 2.05, [964, 697]
0, 4, 2.04, [2340, 2070]
0, 5, 2.04, [487, 1003]
0, 6, 2.03, [1543, 1555]
0, 7, 2.01, [922, 78]
0, 8, 2.0, [1381, 2490]
0, 9, 2.0, [1138, 483]
1, 0, 2.13, [520, 450]
1, 1, 2.11, [5117, 656]
1, 2, 2.09, [520, 786]
1, 3, 2.08, [5117, 450]
1, 4, 2.04, [2490, 98]
1, 5, 2.04, [934, 816]
1, 6, 2.04, [798, 2070]
1, 7, 2.02, [2341, 587]
1, 8, 2.01, [3639, 247]
1, 9, 2.01, [1555, 816]
2, 0, 2.14, [520, 1378]
2, 1, 2.13, [520, 450]
2, 2, 2.12, [5117, 1048]
2, 3, 2.11, [520, 816]
2, 4, 2.11, [5117, 1048]
2, 5, 2.11, [5117, 656]
2, 6, 2.1, [520, 816]
2, 7, 2.04, [751, 1394]
2, 8, 2.01, [1540, 786]
2, 9, 2.01, [495, 487]
3, 0, 2.14, [520, 1378]
3, 1, 2.13, [520, 450]
3, 2, 2.09, [520, 1514]
3, 3, 2.03, [1430, 834]
3, 4, 2.02, [1045, 873]
3, 5, 2.02, [922, 1378]
3, 6, 2.02, [1048, 1555]
3, 7, 2.02, [2490, 450]
3, 8, 2.02, [1543, 1378]
3, 9, 2.01, [690, 656]
4, 0, 2.19, [520, 476]
4, 1, 2.14, [520, 1378]
4, 2, 2.13, [520, 450]
4, 3, 2.12, [520, 1414]
4, 4, 2.03, [587, 1378]
4, 5, 2.02, [1569, 964]
4, 6, 2.01, [710, 1603]
4, 7, 2.01, [786, 741]
4, 8, 2.01, [1025, 450]
4, 9, 2.01, [439, 587]
5, 0, 2.19, [520, 476]
5, 1, 2.14, [520, 1378]
5, 2, 2.02, [339, 2340]
5, 3, 2.02, [716, 450]
5, 4, 2.02, [495, 3639]
5, 5, 2.02, [1967, 247]
5, 6, 2.01, [656, 716]
5, 7, 2.01, [710, 3147]
5, 8, 2.01, [735, 662]
5, 9, 2.0, [2846, 545]
6, 0, 2.19, [520, 476]
6, 1, 2.14, [520, 1378]
6, 2, 2.06, [694, 5117]
6, 3, 2.03, [439, 711]
6, 4, 2.03, [587, 785]
6, 5, 2.03, [1430, 98]
6, 6, 2.02, [1141, 2340]
6, 7, 2.02, [3147, 2667]
6, 8, 2.01, [1567, 635]
6, 9, 2.01, [1048, 922]
7, 0, 2.19, [520, 476]
7, 1, 2.15, [520, 476]
7, 2, 2.14, [520, 1378]
7, 3, 2.12, [520, 2846]
7, 4, 2.08, [520, 970]
7, 5, 2.04, [694, 587]
7, 6, 2.03, [1540, 1414]
7, 7, 2.03, [1419, 336]
7, 8, 2.03, [1381, 1378]
7, 9, 2.02, [873, 1967]
8, 0, 2.19, [520, 476]
8, 1, 2.15, [520, 476]
8, 2, 2.13, [98, 520]
8, 3, 2.04, [1569, 922]
8, 4, 2.03, [741, 1141]
8, 5, 2.02, [247, 1580]
8, 6, 2.01, [1509, 905]
8, 7, 2.01, [809, 905]
8, 8, 2.01, [1029, 98]
8, 9, 2.0, [1580, 1378]
9, 0, 2.19, [520, 476]
9, 1, 2.15, [520, 476]
9, 2, 2.13, [520, 339]
9, 3, 2.1, [439, 520]
9, 4, 2.08, [520, 819]
9, 5, 2.05, [487, 731]
9, 6, 2.03, [1540, 476]
9, 7, 2.03, [697, 1543]
9, 8, 2.02, [694, 691]
9, 9, 2.01, [98, 609]
10, 0, 2.19, [520, 476]
10, 1, 2.15, [520, 476]
10, 2, 2.11, [1514, 520]
10, 3, 2.02, [831, 2070]
10, 4, 2.02, [1603, 336]
10, 5, 2.01, [15, 974]
10, 6, 2.01, [1353, 656]
10, 7, 2.01, [98, 320]
10, 8, 2.0, [2436, 495]
10, 9, 2.0, [691, 1225]
11, 0, 2.19, [520, 476]
11, 1, 2.16, [520, 1509]
11, 2, 2.15, [520, 476]
11, 3, 2.08, [520, 1381]
11, 4, 2.03, [902, 1157]
11, 5, 2.02, [1514, 587]
11, 6, 2.02, [2340, 905]
11, 7, 2.01, [3639, 656]
11, 8, 2.0, [247, 751]
11, 9, 2.0, [2490, 1419]
12, 0, 2.23, [520, 1603]
12, 1, 2.19, [520, 476]
12, 2, 2.16, [520, 1509]
12, 3, 2.11, [520, 841]
12, 4, 2.09, [520, 3639]
12, 5, 2.04, [786, 476]
12, 6, 2.04, [785, 691]
12, 7, 2.03, [1141, 1353]
12, 8, 2.02, [1543, 247]
12, 9, 2.02, [1580, 476]
13, 0, 2.23, [520, 1603]
13, 1, 2.19, [520, 476]
13, 2, 2.1, [520, 15]
13, 3, 2.09, [5117, 1543]
13, 4, 2.08, [520, 15]
13, 5, 2.03, [964, 690]
13, 6, 2.02, [1540, 1603]
13, 7, 2.01, [1003, 1025]
13, 8, 2.0, [819, 429]
13, 9, 2.0, [2846, 339]
14, 0, 2.23, [520, 1603]
14, 1, 2.19, [520, 476]
14, 2, 2.07, [520, 1347]
14, 3, 2.03, [635, 785]
14, 4, 2.02, [850, 587]
14, 5, 2.02, [495, 1509]
14, 6, 2.01, [974, 15]
14, 7, 2.01, [1540, 1603]
14, 8, 2.0, [2490, 691]
14, 9, 2.0, [1028, 483]
15, 0, 2.23, [520, 1603]
15, 1, 2.19, [520, 476]
15, 2, 2.03, [990, 1603]
15, 3, 2.03, [495, 785]
15, 4, 2.02, [429, 990]
15, 5, 2.02, [690, 587]
15, 6, 2.01, [694, 666]
15, 7, 2.01, [247, 1347]
15, 8, 2.0, [1048, 691]
15, 9, 2.0, [1394, 1603]
16, 0, 2.23, [520, 1603]
16, 1, 2.19, [520, 476]
16, 2, 2.15, [520, 487]
16, 3, 2.15, [5117, 656]
16, 4, 2.12, [520, 1029]
16, 5, 2.09, [520, 850]
16, 6, 2.02, [635, 476]
16, 7, 2.02, [1580, 439]
16, 8, 2.01, [2436, 780]
16, 9, 2.01, [247, 905]
17, 0, 2.23, [520, 1603]
17, 1, 2.19, [520, 476]
17, 2, 2.16, [5117, 809]
17, 3, 2.12, [520, 816]
17, 4, 2.11, [520, 785]
17, 5, 2.05, [1029, 450]
17, 6, 2.04, [834, 1029]
17, 7, 2.03, [934, 1603]
17, 8, 2.01, [450, 1509]
17, 9, 2.01, [247, 690]
18, 0, 2.23, [520, 1603]
18, 1, 2.19, [520, 476]
18, 2, 2.15, [5117, 98]
18, 3, 2.12, [520, 78]
18, 4, 2.12, [520, 731]
18, 5, 2.07, [439, 1603]
18, 6, 2.04, [247, 809]
18, 7, 2.03, [831, 476]
18, 8, 2.03, [974, 1603]
18, 9, 2.01, [609, 819]
19, 0, 2.23, [520, 1603]
19, 1, 2.19, [520, 476]
19, 2, 2.16, [520, 2340]
19, 3, 2.12, [5117, 731]
19, 4, 2.11, [520, 78]
19, 5, 2.08, [5117, 98]
19, 6, 2.06, [336, 476]
19, 7, 2.03, [716, 98]
19, 8, 2.03, [841, 1967]
19, 9, 2.01, [1157, 487]
20, 0, 2.23, [520, 1603]
20, 1, 2.19, [520, 476]
20, 2, 2.09, [520, 716]
20, 3, 2.06, [520, 587]
20, 4, 2.05, [495, 974]
20, 5, 2.05, [495, 2340]
20, 6, 2.01, [495, 697]
20, 7, 2.01, [2667, 662]
20, 8, 2.0, [2490, 2341]
20, 9, 2.0, [320, 483]
21, 0, 2.23, [520, 1603]
21, 1, 2.19, [520, 476]
21, 2, 2.07, [850, 3]
21, 3, 2.06, [520, 1045]
21, 4, 2.04, [78, 1827]
21, 5, 2.04, [1378, 476]
21, 6, 2.03, [716, 1603]
21, 7, 2.02, [716, 1603]
21, 8, 2.01, [2667, 710]
21, 9, 2.01, [2436, 476]
22, 0, 2.23, [520, 1603]
22, 1, 2.2, [520, 1141]
22, 2, 2.19, [520, 476]
22, 3, 2.04, [850, 587]
22, 4, 2.03, [850, 1141]
22, 5, 2.03, [429, 3]
22, 6, 2.03, [798, 1347]
22, 7, 2.03, [483, 785]
22, 8, 2.02, [483, 336]
22, 9, 2.01, [850, 902]
23, 0, 2.23, [520, 1603]
23, 1, 2.2, [520, 1141]
23, 2, 2.15, [520, 439]
23, 3, 2.13, [520, 735]
23, 4, 2.04, [1543, 1603]
23, 5, 2.03, [439, 816]
23, 6, 2.03, [873, 1003]
23, 7, 2.01, [990, 834]
23, 8, 2.01, [1509, 697]
23, 9, 2.0, [2490, 1141]
24, 0, 2.23, [520, 1603]
24, 1, 2.2, [520, 1141]
24, 2, 2.08, [520, 247]
24, 3, 2.05, [520, 450]
24, 4, 2.03, [1567, 1414]
24, 5, 2.02, [716, 1141]
24, 6, 2.02, [1540, 439]
24, 7, 2.02, [1028, 216]
24, 8, 2.02, [247, 710]
24, 9, 2.01, [1353, 78]
25, 0, 2.23, [520, 1603]
25, 1, 2.2, [520, 1141]
25, 2, 2.08, [520, 1514]
25, 3, 2.06, [587, 1141]
25, 4, 2.05, [990, 339]
25, 5, 2.02, [741, 2070]
25, 6, 2.01, [697, 545]
25, 7, 2.01, [662, 2070]
25, 8, 2.01, [694, 1603]
25, 9, 2.01, [990, 1603]
26, 0, 2.23, [520, 1603]
26, 1, 2.2, [520, 1141]
26, 2, 2.03, [694, 974]
26, 3, 2.03, [439, 785]
26, 4, 2.02, [1138, 1141]
26, 5, 2.01, [697, 1555]
26, 6, 2.01, [1381, 1603]
26, 7, 2.0, [247, 1603]
26, 8, 2.0, [662, 339]
26, 9, 2.0, [1509, 1378]
27, 0, 2.23, [520, 1603]
27, 1, 2.2, [520, 1141]
27, 2, 2.06, [3639, 2340]
27, 3, 2.03, [1157, 2070]
27, 4, 2.02, [1025, 716]
27, 5, 2.01, [1394, 1543]
27, 6, 2.01, [1138, 483]
27, 7, 2.01, [694, 483]
27, 8, 2.01, [964, 1603]
27, 9, 2.0, [1028, 1603]
28, 0, 2.23, [520, 1603]
28, 1, 2.2, [520, 1141]
28, 2, 2.12, [520, 1157]
28, 3, 2.11, [520, 1157]
28, 4, 2.09, [662, 5117]
28, 5, 2.07, [520, 1353]
28, 6, 2.04, [1347, 495]
28, 7, 2.03, [741, 2340]
28, 8, 2.02, [3639, 990]
28, 9, 2.01, [3147, 1603]
29, 0, 2.23, [520, 1603]
29, 1, 2.2, [520, 1141]
29, 2, 2.09, [520, 339]
29, 3, 2.03, [656, 2436]
29, 4, 2.02, [1225, 3]
29, 5, 2.01, [320, 2340]
29, 6, 2.01, [2490, 1141]
29, 7, 2.01, [690, 1603]
29, 8, 2.0, [3, 339]
29, 9, 2.0, [1543, 1157]
30, 0, 2.23, [520, 1603]
30, 1, 2.2, [520, 1141]
30, 2, 2.03, [841, 741]
30, 3, 2.02, [816, 697]
30, 4, 2.02, [476, 786]
30, 5, 2.02, [662, 2436]
30, 6, 2.01, [970, 339]
30, 7, 2.01, [902, 1603]
30, 8, 2.0, [2667, 1509]
30, 9, 2.0, [1569, 816]
31, 0, 2.23, [520, 1603]
31, 1, 2.2, [520, 1141]
31, 2, 2.1, [520, 1543]
31, 3, 2.03, [656, 834]
31, 4, 2.03, [336, 819]
31, 5, 2.03, [798, 2070]
31, 6, 2.02, [1378, 450]
31, 7, 2.0, [1028, 1603]
31, 8, 2.0, [2436, 1141]
31, 9, 2.0, [587, 656]
32, 0, 2.23, [520, 1603]
32, 1, 2.2, [520, 1141]
32, 2, 2.08, [520, 1430]
32, 3, 2.04, [1138, 487]
32, 4, 2.03, [1394, 1219]
32, 5, 2.02, [662, 741]
32, 6, 2.02, [990, 1567]
32, 7, 2.01, [974, 1430]
32, 8, 2.01, [741, 1141]
32, 9, 2.01, [834, 487]
33, 0, 2.23, [520, 1603]
33, 1, 2.2, [520, 1141]
33, 2, 2.17, [520, 1347]
33, 3, 2.04, [1827, 1603]
33, 4, 2.03, [873, 1289]
33, 5, 2.03, [716, 1141]
33, 6, 2.02, [439, 1141]
33, 7, 2.01, [1138, 1603]
33, 8, 2.01, [1219, 1157]
33, 9, 2.0, [1543, 1394]
34, 0, 2.23, [520, 1603]
34, 1, 2.2, [520, 1141]
34, 2, 2.12, [520, 495]
34, 3, 2.03, [970, 1827]
34, 4, 2.03, [656, 662]
34, 5, 2.03, [656, 675]
34, 6, 2.01, [2667, 786]
34, 7, 2.01, [741, 1603]
34, 8, 2.0, [429, 587]
34, 9, 2.0, [1419, 1603]
35, 0, 2.23, [520, 1603]
35, 1, 2.2, [520, 1141]
35, 2, 2.12, [520, 1141]
35, 3, 2.08, [841, 2340]
35, 4, 2.02, [339, 751]
35, 5, 2.02, [922, 2070]
35, 6, 2.01, [1514, 1229]
35, 7, 2.01, [816, 495]
35, 8, 2.01, [964, 495]
35, 9, 2.0, [320, 1603]
36, 0, 2.23, [520, 1603]
36, 1, 2.2, [520, 1141]
36, 2, 2.06, [495, 439]
36, 3, 2.04, [1347, 78]
36, 4, 2.02, [1827, 873]
36, 5, 2.02, [1430, 710]
36, 6, 2.02, [990, 1381]
36, 7, 2.0, [2436, 1603]
36, 8, 2.0, [609, 1219]
36, 9, 2.0, [1141, 1603]
37, 0, 2.23, [520, 1603]
37, 1, 2.2, [520, 1141]
37, 2, 2.11, [520, 339]
37, 3, 2.11, [520, 834]
37, 4, 2.04, [1289, 1543]
37, 5, 2.02, [1580, 1157]
37, 6, 2.02, [751, 1514]
37, 7, 2.01, [786, 1603]
37, 8, 2.01, [1540, 1141]
37, 9, 2.0, [691, 1603]
38, 0, 2.23, [520, 1603]
38, 1, 2.21, [520, 1414]
38, 2, 2.2, [520, 1141]
38, 3, 2.17, [520, 2667]
38, 4, 2.14, [520, 816]
38, 5, 2.04, [1543, 694]
38, 6, 2.03, [3147, 1414]
38, 7, 2.03, [247, 656]
38, 8, 2.01, [439, 675]
38, 9, 2.0, [1378, 1603]
39, 0, 2.23, [520, 1603]
39, 1, 2.21, [520, 1414]
39, 2, 2.15, [520, 1229]
39, 3, 2.04, [850, 1414]
39, 4, 2.03, [690, 850]
39, 5, 2.03, [850, 2846]
39, 6, 2.01, [690, 3147]
39, 7, 2.01, [831, 697]
39, 8, 2.01, [716, 1603]
39, 9, 2.0, [1540, 339]
40, 0, 2.23, [520, 1603]
40, 1, 2.21, [520, 1414]
40, 2, 2.05, [934, 1229]
40, 3, 2.05, [520, 1229]
40, 4, 2.02, [1381, 1827]
40, 5, 2.02, [1569, 1025]
40, 6, 2.01, [1394, 785]
40, 7, 2.01, [247, 1603]
40, 8, 2.0, [1225, 1603]
40, 9, 2.0, [690, 429]
41, 0, 2.23, [520, 1603]
41, 1, 2.21, [520, 1414]
41, 2, 2.13, [520, 2070]
41, 3, 2.11, [520, 1347]
41, 4, 2.04, [934, 1574]
41, 5, 2.03, [1827, 1414]
41, 6, 2.02, [1138, 1414]
41, 7, 2.01, [15, 662]
41, 8, 2.0, [666, 1603]
41, 9, 2.0, [666, 1229]
42, 0, 2.23, [520, 1603]
42, 1, 2.21, [520, 1414]
42, 2, 2.15, [520, 1419]
42, 3, 2.06, [216, 78]
42, 4, 2.05, [690, 1347]
42, 5, 2.04, [476, 1414]
42, 6, 2.01, [666, 662]
42, 7, 2.01, [873, 1394]
42, 8, 2.0, [691, 697]
42, 9, 2.0, [2667, 1289]
43, 0, 2.23, [520, 1603]
43, 1, 2.21, [520, 1414]
43, 2, 2.17, [520, 1229]
43, 3, 2.13, [520, 1394]
43, 4, 2.05, [1219, 1430]
43, 5, 2.04, [741, 1414]
43, 6, 2.03, [690, 1414]
43, 7, 2.03, [819, 1419]
43, 8, 2.02, [656, 970]
43, 9, 2.01, [675, 850]
44, 0, 2.23, [520, 1603]
44, 1, 2.21, [520, 1414]
44, 2, 2.09, [520, 1394]
44, 3, 2.03, [974, 1414]
44, 4, 2.02, [609, 905]
44, 5, 2.02, [716, 1603]
44, 6, 2.02, [1353, 697]
44, 7, 2.01, [1138, 1603]
44, 8, 2.0, [1028, 545]
44, 9, 2.0, [690, 3639]
45, 0, 2.23, [520, 1603]
45, 1, 2.21, [520, 1414]
45, 2, 2.11, [520, 735]
45, 3, 2.09, [520, 429]
45, 4, 2.04, [2032, 1138]
45, 5, 2.02, [710, 1138]
45, 6, 2.02, [690, 1603]
45, 7, 2.02, [1003, 1555]
45, 8, 2.01, [587, 1225]
45, 9, 2.01, [98, 1414]
46, 0, 2.23, [520, 1603]
46, 1, 2.21, [520, 1414]
46, 2, 2.09, [520, 320]
46, 3, 2.05, [1419, 1543]
46, 4, 2.05, [2667, 694]
46, 5, 2.03, [495, 1219]
46, 6, 2.02, [520, 1229]
46, 7, 2.01, [450, 1141]
46, 8, 2.0, [1967, 1048]
46, 9, 2.0, [974, 1603]
47, 0, 2.23, [520, 1603]
47, 1, 2.21, [520, 1414]
47, 2, 2.15, [520, 1289]
47, 3, 2.15, [520, 819]
47, 4, 2.12, [78, 520]
47, 5, 2.12, [841, 520]
47, 6, 2.11, [520, 691]
47, 7, 2.03, [905, 450]
47, 8, 2.03, [1419, 1543]
47, 9, 2.01, [1219, 831]
48, 0, 2.23, [520, 1603]
48, 1, 2.21, [520, 1414]
48, 2, 2.18, [520, 902]
48, 3, 2.07, [5117, 1603]
48, 4, 2.03, [741, 2341]
48, 5, 2.03, [1025, 841]
48, 6, 2.02, [741, 819]
48, 7, 2.02, [691, 841]
48, 8, 2.0, [1580, 1381]
48, 9, 2.0, [1603, 1394]
49, 0, 2.23, [520, 1603]
49, 1, 2.21, [520, 1414]
49, 2, 2.08, [1543, 1414]
49, 3, 2.08, [520, 735]
49, 4, 2.03, [751, 1414]
49, 5, 2.02, [690, 1353]
49, 6, 2.01, [1229, 902]
49, 7, 2.01, [247, 1414]
49, 8, 2.01, [970, 902]
49, 9, 2.0, [476, 1603]
50, 0, 2.23, [520, 1603]
50, 1, 2.21, [520, 1414]
50, 2, 2.08, [520, 1229]
50, 3, 2.05, [1219, 1414]
50, 4, 2.03, [690, 1414]
50, 5, 2.03, [873, 902]
50, 6, 2.02, [741, 3]
50, 7, 2.01, [1967, 1603]
50, 8, 2.01, [635, 841]
50, 9, 2.0, [656, 1509]
