generation number, individual number, fitness, candidate
0, 0, 2.08, [609, 277]
0, 1, 2.07, [2525, 269]
0, 2, 2.03, [609, 4602]
0, 3, 2.03, [266, 91]
0, 4, 2.03, [278, 2712]
0, 5, 2.02, [609, 2525]
0, 6, 2.01, [285, 266]
0, 7, 2.01, [534, 3334]
0, 8, 2.0, [76, 534]
0, 9, 2.0, [622, 3716]
1, 0, 2.11, [4602, 269]
1, 1, 2.08, [609, 277]
1, 2, 2.07, [81, 2512]
1, 3, 2.07, [874, 2513]
1, 4, 2.07, [291, 269]
1, 5, 2.07, [2525, 269]
1, 6, 2.06, [609, 103]
1, 7, 2.06, [1082, 277]
1, 8, 2.05, [3135, 277]
1, 9, 2.04, [81, 1811]
2, 0, 2.12, [266, 277]
2, 1, 2.11, [4602, 269]
2, 2, 2.08, [874, 81]
2, 3, 2.08, [609, 277]
2, 4, 2.04, [2712, 220]
2, 5, 2.03, [4602, 2950]
2, 6, 2.02, [2525, 534]
2, 7, 2.01, [609, 1086]
2, 8, 2.01, [609, 2712]
2, 9, 2.01, [149, 2762]
3, 0, 2.12, [266, 277]
3, 1, 2.11, [269, 3135]
3, 2, 2.11, [2525, 277]
3, 3, 2.11, [4602, 269]
3, 4, 2.09, [1087, 269]
3, 5, 2.06, [222, 269]
3, 6, 2.05, [4602, 222]
3, 7, 2.04, [2525, 283]
3, 8, 2.02, [266, 622]
3, 9, 2.02, [4602, 2512]
4, 0, 2.12, [266, 277]
4, 1, 2.11, [269, 3135]
4, 2, 2.1, [269, 4602]
4, 3, 2.06, [266, 2599]
4, 4, 2.06, [266, 301]
4, 5, 2.05, [193, 277]
4, 6, 2.04, [220, 226]
4, 7, 2.03, [244, 250]
4, 8, 2.03, [2525, 1086]
4, 9, 2.02, [4602, 541]
5, 0, 2.12, [266, 277]
5, 1, 2.11, [269, 3135]
5, 2, 2.06, [266, 1811]
5, 3, 2.05, [2525, 3135]
5, 4, 2.05, [244, 103]
5, 5, 2.05, [264, 2599]
5, 6, 2.03, [3135, 2762]
5, 7, 2.03, [2950, 220]
5, 8, 2.02, [269, 343]
5, 9, 2.02, [3334, 3135]
6, 0, 2.12, [266, 277]
6, 1, 2.11, [269, 3135]
6, 2, 2.1, [269, 2593]
6, 3, 2.09, [265, 277]
6, 4, 2.06, [76, 277]
6, 5, 2.05, [874, 226]
6, 6, 2.04, [266, 278]
6, 7, 2.03, [264, 256]
6, 8, 2.01, [266, 291]
6, 9, 2.01, [266, 2765]
7, 0, 2.12, [266, 277]
7, 1, 2.11, [269, 3135]
7, 2, 2.09, [266, 295]
7, 3, 2.09, [2597, 277]
7, 4, 2.07, [269, 2597]
7, 5, 2.05, [2525, 77]
7, 6, 2.04, [264, 277]
7, 7, 2.04, [301, 265]
7, 8, 2.02, [283, 3135]
7, 9, 2.01, [149, 3135]
8, 0, 2.12, [266, 277]
8, 1, 2.11, [269, 3135]
8, 2, 2.1, [278, 277]
8, 3, 2.07, [301, 277]
8, 4, 2.06, [3334, 77]
8, 5, 2.06, [2950, 277]
8, 6, 2.05, [285, 81]
8, 7, 2.04, [622, 300]
8, 8, 2.03, [874, 301]
8, 9, 2.01, [4602, 534]
9, 0, 2.12, [266, 277]
9, 1, 2.11, [269, 3135]
9, 2, 2.05, [3135, 277]
9, 3, 2.04, [269, 76]
9, 4, 2.04, [269, 2762]
9, 5, 2.04, [269, 4602]
9, 6, 2.03, [1086, 1087]
9, 7, 2.02, [301, 609]
9, 8, 2.01, [2527, 541]
9, 9, 2.01, [2765, 277]
10, 0, 2.12, [266, 277]
10, 1, 2.11, [269, 3135]
10, 2, 2.1, [269, 609]
10, 3, 2.05, [266, 2527]
10, 4, 2.04, [2512, 2762]
10, 5, 2.04, [149, 277]
10, 6, 2.03, [278, 103]
10, 7, 2.03, [91, 1086]
10, 8, 2.02, [2597, 316]
10, 9, 2.02, [266, 222]
