num_genrations,diversity,improvement,best_fitness
0,0.9987179487179487,0,262.02
1,0.8102564102564103,0.0,262.02
2,0.6628205128205128,0.2708953514998856,333.0
3,0.4192307692307693,-0.17183183183183193,275.78
4,0.2711538461538461,0.002683298281238702,276.52
5,0.23846153846153828,0.002748444958773293,277.28
6,0.31025641025641004,0.27542556260819395,353.65
7,0.257051282051282,-0.0779584334794288,326.08
8,0.06153846153846143,0.04005152109911679,339.14
9,0.019230769230769162,0.03181576929881471,349.93
10,0.019230769230769162,0.017574943560140534,356.08
