generation number, individual number, fitness, candidate
0, 0, 3.25, [3736, 3742, 689]
0, 1, 3.15, [1896, 1834, 3100]
0, 2, 3.12, [1896, 3755, 3746]
0, 3, 3.09, [1896, 3102, 3100]
0, 4, 3.05, [1831, 3740, 3102]
0, 5, 3.04, [546, 4301, 1040]
0, 6, 3.04, [2464, 2229, 3733]
0, 7, 3.04, [159, 2464, 3734]
0, 8, 3.02, [282, 1541, 4301]
0, 9, 3.02, [1896, 1006, 3734]
1, 0, 3.29, [3736, 1831, 3100]
1, 1, 3.25, [2490, 3742, 689]
1, 2, 3.25, [3736, 3761, 3746]
1, 3, 3.25, [3736, 3742, 689]
1, 4, 3.23, [3744, 3742, 3100]
1, 5, 3.19, [3736, 1834, 4794]
1, 6, 3.19, [1896, 3742, 3760]
1, 7, 3.19, [2490, 3755, 689]
1, 8, 3.15, [1896, 1834, 3100]
1, 9, 3.14, [1896, 1605, 3100]
2, 0, 3.3, [3736, 3754, 689]
2, 1, 3.29, [3736, 1831, 3100]
2, 2, 3.27, [3755, 3742, 3100]
2, 3, 3.25, [2490, 3742, 689]
2, 4, 3.23, [3105, 3742, 3100]
2, 5, 3.22, [3105, 3742, 3100]
2, 6, 3.21, [3736, 1831, 3749]
2, 7, 3.19, [3736, 1830, 689]
2, 8, 3.18, [3736, 3740, 3746]
2, 9, 3.11, [3736, 1831, 702]
3, 0, 3.3, [3736, 3754, 689]
3, 1, 3.29, [3736, 1831, 3100]
3, 2, 3.21, [3736, 1830, 689]
3, 3, 3.2, [3736, 3754, 3760]
3, 4, 3.2, [3736, 3742, 77]
3, 5, 3.19, [3736, 3743, 3100]
3, 6, 3.17, [3736, 1831, 3759]
3, 7, 3.16, [3755, 229, 689]
3, 8, 3.15, [3743, 1831, 689]
3, 9, 3.14, [1826, 3754, 3100]
4, 0, 3.3, [3736, 3754, 689]
4, 1, 3.29, [3736, 1831, 3100]
4, 2, 3.21, [3744, 3754, 3100]
4, 3, 3.18, [3736, 3754, 1040]
4, 4, 3.18, [3746, 3754, 77]
4, 5, 3.16, [284, 1831, 689]
4, 6, 3.15, [3736, 101, 689]
4, 7, 3.14, [3736, 3740, 3760]
4, 8, 3.13, [3761, 1006, 689]
4, 9, 3.09, [3743, 352, 3737]
5, 0, 3.4, [3736, 1831, 3750]
5, 1, 3.3, [3736, 3754, 689]
5, 2, 3.29, [3736, 1831, 3100]
5, 3, 3.23, [3736, 3754, 689]
5, 4, 3.22, [3736, 3741, 3100]
5, 5, 3.21, [3736, 24, 3741]
5, 6, 3.2, [3736, 3743, 3100]
5, 7, 3.2, [3736, 1831, 3759]
5, 8, 3.19, [3736, 1829, 689]
5, 9, 3.19, [3755, 1831, 3752]
6, 0, 3.4, [3736, 1831, 3750]
6, 1, 3.3, [3736, 3754, 689]
6, 2, 3.24, [3736, 4131, 3750]
6, 3, 3.22, [3736, 1830, 689]
6, 4, 3.2, [3105, 3754, 3750]
6, 5, 3.18, [3736, 1829, 3750]
6, 6, 3.18, [3736, 1588, 689]
6, 7, 3.17, [3736, 3754, 3758]
6, 8, 3.16, [3755, 1831, 689]
6, 9, 3.12, [3736, 3754, 3755]
7, 0, 3.4, [3736, 1831, 3750]
7, 1, 3.3, [3736, 4131, 3742]
7, 2, 3.3, [3736, 3754, 689]
7, 3, 3.21, [3736, 1829, 689]
7, 4, 3.16, [3736, 2229, 3750]
7, 5, 3.16, [3736, 2261, 3750]
7, 6, 3.14, [3733, 282, 3752]
7, 7, 3.14, [2598, 4184, 3750]
7, 8, 3.14, [3736, 1828, 3750]
7, 9, 3.12, [3736, 1831, 159]
8, 0, 3.4, [3736, 1831, 3750]
8, 1, 3.3, [3736, 4131, 3742]
8, 2, 3.26, [3736, 1830, 3750]
8, 3, 3.19, [2261, 1831, 3750]
8, 4, 3.19, [3737, 1831, 689]
8, 5, 3.18, [3736, 101, 24]
8, 6, 3.15, [3736, 1829, 689]
8, 7, 3.13, [3733, 3754, 3750]
8, 8, 3.11, [3736, 1829, 1833]
8, 9, 3.11, [3736, 4301, 3750]
9, 0, 3.4, [3736, 1831, 3750]
9, 1, 3.3, [3736, 4131, 3742]
9, 2, 3.27, [3736, 3750, 3742]
9, 3, 3.2, [3736, 4129, 3750]
9, 4, 3.17, [3737, 1831, 3742]
9, 5, 3.17, [3736, 1588, 689]
9, 6, 3.14, [3736, 4130, 3750]
9, 7, 3.12, [3758, 1040, 3747]
9, 8, 3.11, [3736, 1828, 291]
9, 9, 3.11, [4794, 1831, 689]
10, 0, 3.4, [3736, 1831, 3750]
10, 1, 3.3, [3736, 4131, 3742]
10, 2, 3.24, [3736, 1831, 3739]
10, 3, 3.23, [3736, 4128, 3742]
10, 4, 3.23, [3736, 3744, 3742]
10, 5, 3.18, [3736, 4131, 3747]
10, 6, 3.13, [3744, 1831, 3752]
10, 7, 3.13, [3740, 279, 3745]
10, 8, 3.12, [2400, 4131, 3750]
10, 9, 3.11, [4130, 77, 3745]
11, 0, 3.4, [3736, 1831, 3750]
11, 1, 3.3, [3736, 4131, 3742]
11, 2, 3.26, [3736, 3105, 3750]
11, 3, 3.23, [3736, 4130, 3739]
11, 4, 3.21, [3744, 4128, 3742]
11, 5, 3.2, [3736, 3105, 3750]
11, 6, 3.2, [3736, 1834, 3742]
11, 7, 3.19, [3736, 1831, 3745]
11, 8, 3.19, [3736, 1831, 2156]
11, 9, 3.18, [3736, 4131, 3755]
12, 0, 3.4, [3736, 1831, 3750]
12, 1, 3.3, [3736, 4131, 3742]
12, 2, 3.21, [3736, 4129, 3750]
12, 3, 3.2, [702, 2261, 3736]
12, 4, 3.15, [3736, 4130, 3750]
12, 5, 3.11, [3736, 1006, 3750]
12, 6, 3.11, [3733, 3756, 1831]
12, 7, 3.08, [1686, 1541, 3750]
12, 8, 3.07, [2490, 269, 3756]
12, 9, 3.04, [3100, 359, 1828]
13, 0, 3.4, [3736, 1831, 3750]
13, 1, 3.32, [3736, 1831, 3752]
13, 2, 3.3, [3736, 4131, 3742]
13, 3, 3.19, [3736, 4128, 3750]
13, 4, 3.18, [4128, 1825, 3752]
13, 5, 3.17, [3736, 2464, 3742]
13, 6, 3.16, [3741, 1588, 3750]
13, 7, 3.14, [3736, 3734, 293]
13, 8, 3.1, [3746, 1322, 3750]
13, 9, 3.09, [3736, 1686, 3747]
14, 0, 3.4, [3736, 1831, 3750]
14, 1, 3.32, [3736, 1831, 3752]
14, 2, 3.22, [3736, 1831, 689]
14, 3, 3.17, [3746, 3754, 270]
14, 4, 3.16, [3736, 4129, 3752]
14, 5, 3.16, [3736, 3754, 77]
14, 6, 3.14, [3733, 1828, 3750]
14, 7, 3.14, [3736, 3737, 3739]
14, 8, 3.06, [3758, 1588, 4794]
14, 9, 3.06, [2260, 1831, 3750]
15, 0, 3.4, [3736, 1831, 3750]
15, 1, 3.32, [3736, 1831, 3752]
15, 2, 3.29, [3736, 1987, 3752]
15, 3, 3.22, [3746, 1831, 3752]
15, 4, 3.21, [3754, 1831, 3752]
15, 5, 3.17, [3736, 3754, 295]
15, 6, 3.14, [3734, 4129, 3743]
15, 7, 3.13, [1605, 1831, 3750]
15, 8, 3.12, [3736, 3754, 295]
15, 9, 3.1, [3755, 1831, 1092]
16, 0, 3.4, [3736, 1831, 3750]
16, 1, 3.32, [3736, 1831, 3752]
16, 2, 3.23, [3746, 1831, 3736]
16, 3, 3.18, [3743, 181, 3750]
16, 4, 3.18, [3736, 1831, 3741]
16, 5, 3.17, [3743, 1834, 3752]
16, 6, 3.15, [291, 1032, 3752]
16, 7, 3.14, [2463, 4184, 3736]
16, 8, 3.14, [3748, 1826, 3750]
16, 9, 3.11, [1040, 1831, 3736]
17, 0, 3.4, [3736, 1831, 3750]
17, 1, 3.32, [3736, 1831, 3752]
17, 2, 3.29, [3755, 1831, 3752]
17, 3, 3.21, [2595, 1831, 3736]
17, 4, 3.2, [3736, 1831, 1092]
17, 5, 3.18, [3755, 3756, 3750]
17, 6, 3.18, [3755, 1831, 3750]
17, 7, 3.14, [3736, 4130, 1831]
17, 8, 3.1, [3736, 1896, 3733]
17, 9, 3.1, [1092, 3750, 3744]
18, 0, 3.4, [3736, 1831, 3750]
18, 1, 3.32, [3736, 1831, 3752]
18, 2, 3.16, [3755, 1831, 3753]
18, 3, 3.15, [3758, 1831, 3752]
18, 4, 3.15, [263, 1831, 3752]
18, 5, 3.13, [702, 3749, 3752]
18, 6, 3.12, [4131, 2598, 3756]
18, 7, 3.12, [3755, 1831, 279]
18, 8, 3.12, [3736, 3745, 3741]
18, 9, 3.1, [3743, 1831, 101]
19, 0, 3.4, [3736, 1831, 3750]
19, 1, 3.32, [3736, 1831, 3752]
19, 2, 3.22, [3736, 1830, 3741]
19, 3, 3.18, [3736, 3750, 3752]
19, 4, 3.16, [3758, 4794, 3752]
19, 5, 3.16, [229, 1831, 3750]
19, 6, 3.15, [3736, 282, 119]
19, 7, 3.15, [3755, 1831, 3754]
19, 8, 3.14, [2400, 1831, 3747]
19, 9, 3.14, [1321, 3752, 3746]
20, 0, 3.4, [3736, 1831, 3750]
20, 1, 3.32, [3736, 1831, 3752]
20, 2, 3.19, [3736, 1831, 3100]
20, 3, 3.19, [3759, 1831, 3752]
20, 4, 3.19, [3736, 72, 3752]
20, 5, 3.13, [3740, 263, 3741]
20, 6, 3.12, [3736, 4301, 3747]
20, 7, 3.12, [3758, 4794, 3747]
20, 8, 3.1, [3754, 693, 291]
20, 9, 3.09, [2261, 284, 3741]
21, 0, 3.4, [3736, 1831, 3750]
21, 1, 3.36, [3736, 3741, 1825]
21, 2, 3.32, [3736, 1831, 3752]
21, 3, 3.27, [3736, 352, 3752]
21, 4, 3.12, [3736, 2464, 3740]
21, 5, 3.11, [282, 1831, 3100]
21, 6, 3.11, [693, 1831, 3100]
21, 7, 3.1, [3737, 3105, 3735]
21, 8, 3.08, [2595, 1831, 3740]
21, 9, 3.06, [119, 1831, 3748]
22, 0, 3.4, [3736, 1831, 3750]
22, 1, 3.36, [3736, 3741, 1825]
22, 2, 3.21, [3743, 3741, 3752]
22, 3, 3.2, [3736, 3741, 3755]
22, 4, 3.19, [3736, 1829, 1825]
22, 5, 3.19, [3736, 293, 1825]
22, 6, 3.17, [3736, 3741, 3755]
22, 7, 3.17, [3736, 4108, 3752]
22, 8, 3.17, [3736, 1831, 1686]
22, 9, 3.16, [3743, 1831, 1825]
23, 0, 3.4, [3736, 1831, 3750]
23, 1, 3.36, [3736, 3741, 1825]
23, 2, 3.23, [3743, 3754, 1825]
23, 3, 3.18, [3736, 3741, 3756]
23, 4, 3.17, [3746, 1831, 1825]
23, 5, 3.16, [3736, 3760, 3750]
23, 6, 3.14, [3736, 1831, 3397]
23, 7, 3.13, [287, 3741, 3750]
23, 8, 3.11, [3736, 3749, 279]
23, 9, 3.1, [3737, 3741, 293]
24, 0, 3.4, [3736, 1831, 3750]
24, 1, 3.36, [3736, 3741, 1825]
24, 2, 3.24, [3749, 3741, 3750]
24, 3, 3.21, [3736, 3743, 1825]
24, 4, 3.2, [3743, 1831, 3736]
24, 5, 3.2, [3760, 1831, 3750]
24, 6, 3.19, [3758, 3754, 1825]
24, 7, 3.17, [3736, 3741, 3753]
24, 8, 3.16, [3737, 3105, 3750]
24, 9, 3.14, [3743, 1831, 3756]
25, 0, 3.4, [3736, 1831, 3750]
25, 1, 3.36, [3736, 3741, 1825]
25, 2, 3.21, [3749, 3744, 1825]
25, 3, 3.21, [3758, 3742, 3750]
25, 4, 3.2, [3736, 3760, 3750]
25, 5, 3.17, [3736, 3741, 3747]
25, 6, 3.15, [3744, 1830, 3741]
25, 7, 3.14, [3749, 1831, 1825]
25, 8, 3.13, [4184, 3733, 1831]
25, 9, 3.12, [3737, 1831, 1825]
26, 0, 3.4, [3736, 1831, 3750]
26, 1, 3.36, [3736, 3741, 1825]
26, 2, 3.22, [3743, 3741, 3750]
26, 3, 3.21, [3736, 3761, 3750]
26, 4, 3.19, [3758, 1834, 3750]
26, 5, 3.19, [3743, 3742, 1825]
26, 6, 3.19, [3736, 24, 1825]
26, 7, 3.14, [3736, 3741, 3753]
26, 8, 3.13, [3736, 3744, 1833]
26, 9, 3.12, [3758, 3746, 1825]
27, 0, 3.4, [3736, 1831, 3750]
27, 1, 3.36, [3736, 3741, 1825]
27, 2, 3.19, [3736, 4128, 3750]
27, 3, 3.17, [3736, 3761, 3750]
27, 4, 3.16, [3743, 1831, 3752]
27, 5, 3.15, [1315, 101, 3736]
27, 6, 3.14, [3743, 1831, 3740]
27, 7, 3.14, [3733, 159, 4130]
27, 8, 3.13, [3746, 3741, 3750]
27, 9, 3.12, [3736, 279, 1833]
28, 0, 3.4, [3736, 1831, 3750]
28, 1, 3.36, [3736, 3741, 1825]
28, 2, 3.21, [3736, 3754, 3750]
28, 3, 3.19, [3746, 1831, 1825]
28, 4, 3.18, [3736, 4301, 3755]
28, 5, 3.16, [3736, 3105, 3750]
28, 6, 3.12, [3736, 1831, 1833]
28, 7, 3.11, [546, 2595, 3755]
28, 8, 3.1, [3736, 1829, 101]
28, 9, 3.1, [1315, 3750, 3749]
29, 0, 3.4, [3736, 1831, 3750]
29, 1, 3.36, [3736, 3741, 1825]
29, 2, 3.24, [3736, 3741, 3752]
29, 3, 3.21, [3736, 3739, 1825]
29, 4, 3.19, [3736, 1830, 3750]
29, 5, 3.16, [3742, 3741, 3750]
29, 6, 3.15, [3736, 1831, 4301]
29, 7, 3.14, [3736, 1830, 1032]
29, 8, 3.14, [359, 3744, 1987]
29, 9, 3.09, [3736, 1831, 271]
30, 0, 3.4, [3736, 1831, 3750]
30, 1, 3.36, [3736, 3741, 1825]
30, 2, 3.24, [3744, 2229, 3750]
30, 3, 3.22, [3736, 3100, 3750]
30, 4, 3.21, [3758, 3741, 3750]
30, 5, 3.2, [3736, 1588, 1825]
30, 6, 3.2, [3754, 1831, 3750]
30, 7, 3.19, [3749, 3741, 3750]
30, 8, 3.17, [3736, 3740, 1825]
30, 9, 3.12, [3736, 1831, 1686]
31, 0, 3.4, [3736, 1831, 3750]
31, 1, 3.36, [3736, 3741, 1825]
31, 2, 3.21, [3744, 3741, 3753]
31, 3, 3.21, [3100, 1831, 3758]
31, 4, 3.19, [3744, 1834, 3750]
31, 5, 3.17, [3736, 2464, 3750]
31, 6, 3.16, [3736, 3741, 3750]
31, 7, 3.13, [3758, 2229, 2595]
31, 8, 3.12, [1032, 1831, 3750]
31, 9, 3.09, [3736, 2229, 3740]
32, 0, 3.4, [3736, 1831, 3750]
32, 1, 3.36, [3736, 3741, 1825]
32, 2, 3.26, [3736, 3741, 3753]
32, 3, 3.23, [3736, 1831, 3752]
32, 4, 3.21, [3736, 3746, 3753]
32, 5, 3.19, [3744, 1831, 3753]
32, 6, 3.16, [3736, 1588, 3758]
32, 7, 3.15, [3736, 1830, 3758]
32, 8, 3.12, [3736, 2261, 3777]
32, 9, 3.11, [3741, 1831, 3750]
33, 0, 3.4, [3736, 1831, 3750]
33, 1, 3.36, [3736, 3741, 1825]
33, 2, 3.26, [3736, 1831, 1825]
33, 3, 3.24, [3736, 3741, 3747]
33, 4, 3.2, [1322, 3746, 1825]
33, 5, 3.18, [3736, 702, 3100]
33, 6, 3.14, [3736, 1322, 1686]
33, 7, 3.13, [3736, 1831, 3100]
33, 8, 3.13, [2490, 3752, 270]
33, 9, 3.12, [546, 2156, 1825]
34, 0, 3.4, [3736, 1831, 3750]
34, 1, 3.36, [3736, 3741, 1825]
34, 2, 3.28, [3736, 3105, 1825]
34, 3, 3.2, [3736, 3761, 3750]
34, 4, 3.18, [3736, 1831, 3105]
34, 5, 3.15, [4129, 1831, 3747]
34, 6, 3.14, [1322, 3736, 3750]
34, 7, 3.12, [689, 3100, 1830]
34, 8, 3.1, [3736, 1834, 3747]
34, 9, 3.09, [3736, 1830, 2490]
35, 0, 3.4, [3736, 1831, 3750]
35, 1, 3.36, [3736, 3741, 1825]
35, 2, 3.27, [3736, 3760, 3750]
35, 3, 3.21, [3736, 3742, 1825]
35, 4, 3.18, [3736, 3741, 3753]
35, 5, 3.16, [3736, 3748, 1825]
35, 6, 3.16, [4128, 3761, 3737]
35, 7, 3.14, [3736, 1831, 1828]
35, 8, 3.13, [3736, 3105, 1092]
35, 9, 3.12, [3749, 1605, 1825]
36, 0, 3.4, [3736, 1831, 3750]
36, 1, 3.36, [3736, 3741, 1825]
36, 2, 3.19, [3736, 3742, 3740]
36, 3, 3.19, [3736, 3746, 3750]
36, 4, 3.17, [3736, 3741, 291]
36, 5, 3.15, [3736, 1831, 1826]
36, 6, 3.12, [3736, 1830, 1825]
36, 7, 3.12, [702, 1834, 3750]
36, 8, 3.09, [3735, 3736, 693]
36, 9, 3.07, [1826, 285, 1825]
37, 0, 3.4, [3736, 1831, 3750]
37, 1, 3.36, [3736, 3741, 1825]
37, 2, 3.23, [3736, 3741, 3759]
37, 3, 3.21, [3736, 1834, 3740]
37, 4, 3.2, [3736, 3741, 101]
37, 5, 3.19, [3736, 3742, 3753]
37, 6, 3.19, [3737, 3742, 1825]
37, 7, 3.14, [3736, 3740, 3750]
37, 8, 3.13, [3736, 3749, 3740]
37, 9, 3.12, [3744, 1831, 3740]
38, 0, 3.4, [3736, 1831, 3750]
38, 1, 3.36, [3736, 3741, 1825]
38, 2, 3.25, [3736, 3742, 3752]
38, 3, 3.22, [3736, 3741, 1541]
38, 4, 3.21, [3736, 3102, 3750]
38, 5, 3.17, [1825, 1831, 3753]
38, 6, 3.13, [3736, 1834, 2156]
38, 7, 3.11, [3743, 1834, 3750]
38, 8, 3.1, [3733, 1831, 3740]
38, 9, 3.09, [3742, 3761, 1825]
39, 0, 3.4, [3736, 1831, 3750]
39, 1, 3.36, [3736, 3741, 1825]
39, 2, 3.27, [3736, 3100, 3752]
39, 3, 3.23, [3736, 3741, 3750]
39, 4, 3.18, [3736, 3742, 3755]
39, 5, 3.17, [3736, 3745, 3750]
39, 6, 3.14, [3736, 1896, 1825]
39, 7, 3.13, [3736, 3761, 3750]
39, 8, 3.13, [3736, 1831, 3759]
39, 9, 3.11, [3737, 3102, 1825]
40, 0, 3.4, [3736, 1831, 3750]
40, 1, 3.36, [3736, 3741, 1825]
40, 2, 3.22, [3754, 3737, 3750]
40, 3, 3.21, [3755, 3741, 1825]
40, 4, 3.17, [3736, 1829, 3740]
40, 5, 3.16, [3736, 3741, 2598]
40, 6, 3.12, [1896, 3741, 352]
40, 7, 3.12, [1541, 285, 2229]
40, 8, 3.1, [3736, 3100, 291]
40, 9, 3.07, [3736, 275, 282]
41, 0, 3.4, [3736, 1831, 3750]
41, 1, 3.36, [3736, 3741, 1825]
41, 2, 3.22, [3736, 3754, 3756]
41, 3, 3.19, [3755, 3752, 1825]
41, 4, 3.17, [3754, 1831, 3747]
41, 5, 3.15, [1829, 1825, 3752]
41, 6, 3.12, [3736, 3397, 4130]
41, 7, 3.11, [1825, 1831, 33]
41, 8, 3.11, [1831, 3741, 284]
41, 9, 3.1, [3397, 3742, 1825]
42, 0, 3.4, [3736, 1831, 3750]
42, 1, 3.36, [3736, 3741, 1825]
42, 2, 3.24, [3736, 295, 3752]
42, 3, 3.23, [3755, 3741, 3750]
42, 4, 3.18, [3736, 3741, 3747]
42, 5, 3.14, [3736, 1831, 1833]
42, 6, 3.14, [546, 3741, 693]
42, 7, 3.1, [1605, 269, 3742]
42, 8, 3.1, [3733, 1831, 3748]
42, 9, 3.1, [3736, 1831, 1830]
43, 0, 3.4, [3736, 1831, 3750]
43, 1, 3.36, [3736, 3741, 1825]
43, 2, 3.23, [3754, 3741, 3750]
43, 3, 3.22, [3100, 1831, 3752]
43, 4, 3.21, [3736, 1831, 3752]
43, 5, 3.17, [3736, 3741, 3747]
43, 6, 3.15, [3749, 3741, 3750]
43, 7, 3.12, [3746, 1040, 4130]
43, 8, 3.11, [3755, 1831, 1825]
43, 9, 3.1, [3736, 1831, 1826]
44, 0, 3.4, [3736, 1831, 3750]
44, 1, 3.36, [3736, 3741, 1825]
44, 2, 3.25, [3754, 3760, 1825]
44, 3, 3.22, [3736, 3761, 3750]
44, 4, 3.21, [119, 3754, 4131]
44, 5, 3.2, [3754, 3741, 3750]
44, 6, 3.17, [3746, 1831, 1825]
44, 7, 3.17, [3750, 3741, 3752]
44, 8, 3.16, [119, 1831, 3746]
44, 9, 3.14, [3736, 1588, 1825]
45, 0, 3.4, [3736, 1831, 3750]
45, 1, 3.36, [3736, 3741, 1825]
45, 2, 3.25, [3754, 3742, 1825]
45, 3, 3.23, [3754, 1829, 3750]
45, 4, 3.19, [3737, 3760, 3750]
45, 5, 3.18, [3736, 1830, 1825]
45, 6, 3.18, [3746, 3760, 1825]
45, 7, 3.18, [3736, 3741, 4128]
45, 8, 3.15, [693, 3736, 1825]
45, 9, 3.14, [3754, 3741, 24]
46, 0, 3.4, [3736, 1831, 3750]
46, 1, 3.36, [3736, 3741, 1825]
46, 2, 3.2, [3736, 3741, 3755]
46, 3, 3.19, [3754, 3100, 3753]
46, 4, 3.19, [3736, 3742, 1826]
46, 5, 3.18, [3754, 3736, 1825]
46, 6, 3.18, [3743, 3741, 3750]
46, 7, 3.17, [3736, 1829, 3752]
46, 8, 3.16, [3758, 1831, 1825]
46, 9, 3.1, [33, 1831, 1825]
47, 0, 3.4, [3736, 1831, 3750]
47, 1, 3.36, [3736, 3741, 1825]
47, 2, 3.24, [3744, 3737, 1825]
47, 3, 3.23, [3737, 3761, 689]
47, 4, 3.19, [3736, 3744, 3747]
47, 5, 3.18, [3736, 3754, 3750]
47, 6, 3.16, [3736, 4108, 3747]
47, 7, 3.14, [3736, 2598, 4128]
47, 8, 3.14, [3736, 1830, 3755]
47, 9, 3.13, [2260, 1831, 3741]
48, 0, 3.4, [3736, 1831, 3750]
48, 1, 3.36, [3736, 3741, 1825]
48, 2, 3.23, [3749, 3741, 3750]
48, 3, 3.19, [3755, 3741, 3750]
48, 4, 3.19, [3744, 1831, 3736]
48, 5, 3.18, [3736, 3741, 3747]
48, 6, 3.17, [3744, 3746, 1825]
48, 7, 3.15, [3736, 699, 1825]
48, 8, 3.13, [3746, 3737, 1825]
48, 9, 3.12, [3736, 1829, 1825]
49, 0, 3.4, [3736, 1831, 3750]
49, 1, 3.36, [3736, 3741, 1825]
49, 2, 3.22, [3755, 3746, 1825]
49, 3, 3.18, [3736, 702, 3750]
49, 4, 3.18, [3736, 1831, 282]
49, 5, 3.17, [3736, 3742, 3750]
49, 6, 3.17, [3733, 3741, 3750]
49, 7, 3.16, [3736, 4128, 1825]
49, 8, 3.13, [3736, 3777, 4184]
49, 9, 3.1, [101, 1831, 3750]
50, 0, 3.4, [3736, 1831, 3750]
50, 1, 3.36, [3736, 3741, 1825]
50, 2, 3.21, [3754, 1831, 1825]
50, 3, 3.19, [689, 702, 1987]
50, 4, 3.19, [3736, 693, 689]
50, 5, 3.17, [3736, 1831, 3760]
50, 6, 3.17, [3736, 3754, 3750]
50, 7, 3.14, [3736, 2595, 282]
50, 8, 3.13, [3105, 2229, 3750]
50, 9, 3.11, [3736, 1588, 3750]
