num_genrations,diversity,improvement,best_fitness
0,0.9995098039215686,0,407.66
1,0.7774509803921569,0.12755727812392678,459.66
2,0.5367647058823529,-0.06872470956794159,428.07
3,0.5196078431372549,0.0,428.07
4,0.5093137254901962,0.09281192328357515,467.8
5,0.43480392156862746,0.005686190679777614,470.46
6,0.1573529411764707,0.018641329762360326,479.23
7,0.05343137254901964,0.0,479.23
8,0.03088235294117636,0.06568870897064032,510.71
9,0.01911764705882346,0.0,510.71
10,0.014705882352941124,0.0,510.71
