n_nodes,influence,n0,n1,n2,n3,n4
5,995.3000,608,741,46,707,860
5,995.3000,608,741,46,707,860
5,995.3000,608,741,46,707,860
5,995.3000,608,741,46,707,860
5,995.3000,608,741,46,707,860
5,995.3000,608,741,46,707,860
5,995.3000,608,741,46,707,860
5,995.3000,608,741,46,707,860
5,995.2300,608,707,756,46,860
5,995.1500,608,707,741,736,860
5,995.1000,608,741,46,707,860
5,995.1000,608,741,46,707,860
5,995.1000,608,741,46,707,860
5,994.9500,608,707,741,46,838
5,994.8900,896,65,333,46,608
5,994.8100,608,707,525,46,860
5,994.5700,608,741,46,707,860
5,994.5700,608,741,46,707,860
5,994.5700,608,741,46,707,860
5,994.5700,608,741,46,707,860
5,994.5700,608,741,46,707,860
5,994.5700,608,741,46,707,860
5,994.5700,608,741,46,707,860
5,994.5000,608,741,46,408,177
5,994.5000,608,741,46,408,177
5,994.5000,608,741,46,408,177
5,994.5000,608,741,46,408,177
5,994.5000,608,741,46,408,177
5,994.5000,608,741,46,408,177
5,994.4700,741,860,408,46,608
5,994.4700,741,860,408,46,608
5,994.4700,741,860,408,46,608
5,994.4700,741,860,408,46,608
5,994.4700,741,860,408,46,608
5,994.4700,741,860,408,46,608
5,994.4700,741,860,408,46,608
5,994.4700,741,860,408,46,608
5,994.4700,741,860,408,46,608
5,994.4700,741,860,408,46,608
5,994.4700,741,860,408,46,608
5,994.4700,741,860,408,46,608
5,994.4700,741,860,408,46,608
5,994.4700,741,860,408,46,608
5,994.4700,741,860,408,46,608
5,994.4700,741,860,408,46,608
5,994.4700,741,860,408,46,608
5,994.4700,741,860,408,46,608
5,994.4700,741,860,408,46,608
5,994.4700,741,860,408,46,608
5,994.4700,741,860,408,46,608
5,994.4700,741,860,408,46,608
5,994.4700,741,860,408,46,608
5,994.4700,741,860,408,46,608
5,994.4700,741,860,408,46,608
5,994.4700,741,860,408,46,608
5,994.4700,741,860,408,46,608
5,994.4700,741,860,408,46,608
5,994.4700,741,860,408,46,608
5,994.4700,741,860,408,46,608
5,994.4700,741,860,408,46,608
5,994.4700,741,860,408,46,608
5,994.4700,741,860,408,46,608
5,994.4700,741,860,408,46,608
5,994.4500,741,860,408,46,608
