generation number, individual number, fitness, candidate
0, 0, 3.09, [1833, 1315, 3739]
0, 1, 3.09, [119, 279, 3105]
0, 2, 3.08, [3758, 291, 2260]
0, 3, 3.07, [229, 693, 2156]
0, 4, 3.05, [359, 4108, 229]
0, 5, 3.03, [3734, 4301, 2229]
0, 6, 3.02, [4130, 1588, 4184]
0, 7, 3.02, [269, 295, 1092]
0, 8, 3.01, [3735, 4301, 1032]
0, 9, 3.01, [295, 1826, 1541]
1, 0, 3.15, [1825, 279, 3105]
1, 1, 3.14, [3750, 1315, 1032]
1, 2, 3.14, [3758, 352, 3739]
1, 3, 3.11, [1833, 4184, 3739]
1, 4, 3.09, [3758, 101, 3105]
1, 5, 3.09, [1833, 1315, 3739]
1, 6, 3.09, [119, 279, 3105]
1, 7, 3.05, [119, 1315, 3736]
1, 8, 3.05, [3758, 291, 269]
1, 9, 3.04, [229, 693, 546]
2, 0, 3.16, [1825, 3746, 101]
2, 1, 3.15, [1825, 279, 3105]
2, 2, 3.14, [3750, 1315, 1032]
2, 3, 3.12, [1686, 352, 3739]
2, 4, 3.11, [3750, 352, 3105]
2, 5, 3.09, [1896, 1831, 285]
2, 6, 3.06, [3758, 279, 33]
2, 7, 3.05, [3735, 279, 3105]
2, 8, 3.05, [3740, 3753, 1032]
2, 9, 3.04, [295, 284, 291]
3, 0, 3.2, [1825, 3746, 4130]
3, 1, 3.16, [1825, 3746, 101]
3, 2, 3.15, [1825, 279, 3105]
3, 3, 3.14, [1825, 2260, 3105]
3, 4, 3.13, [1825, 3746, 275]
3, 5, 3.11, [1825, 352, 1032]
3, 6, 3.1, [1833, 3746, 3105]
3, 7, 3.09, [270, 3736, 2400]
3, 8, 3.07, [3743, 279, 101]
3, 9, 3.07, [3740, 3746, 101]
4, 0, 3.24, [3742, 3746, 3739]
4, 1, 3.2, [1825, 3746, 4130]
4, 2, 3.16, [1828, 3746, 4130]
4, 3, 3.16, [1825, 3746, 101]
4, 4, 3.13, [1830, 3746, 1032]
4, 5, 3.12, [3397, 3750, 702]
4, 6, 3.12, [1825, 279, 3105]
4, 7, 3.11, [1825, 279, 4129]
4, 8, 3.1, [1825, 279, 3105]
4, 9, 3.09, [1833, 3746, 3105]
5, 0, 3.24, [3742, 3746, 3739]
5, 1, 3.2, [1825, 3746, 4130]
5, 2, 3.16, [3100, 3752, 279]
5, 3, 3.16, [3742, 1825, 3741]
5, 4, 3.15, [3742, 3100, 3739]
5, 5, 3.13, [3742, 3759, 1831]
5, 6, 3.12, [3742, 1006, 3741]
5, 7, 3.11, [269, 3746, 4129]
5, 8, 3.11, [3739, 3746, 4130]
5, 9, 3.1, [1605, 3746, 3739]
6, 0, 3.25, [1825, 3746, 3741]
6, 1, 3.24, [3742, 3746, 3739]
6, 2, 3.23, [3742, 689, 3739]
6, 3, 3.2, [3742, 3746, 3105]
6, 4, 3.2, [1825, 3746, 4130]
6, 5, 3.19, [3752, 3746, 1830]
6, 6, 3.17, [1825, 3755, 3739]
6, 7, 3.14, [1321, 3746, 3739]
6, 8, 3.13, [3742, 24, 4130]
6, 9, 3.09, [3742, 119, 279]
7, 0, 3.34, [3750, 689, 3739]
7, 1, 3.25, [1825, 3746, 3741]
7, 2, 3.24, [3742, 3746, 3739]
7, 3, 3.23, [3742, 3737, 3741]
7, 4, 3.2, [3742, 1321, 3741]
7, 5, 3.15, [2463, 3746, 3739]
7, 6, 3.14, [1828, 3746, 3739]
7, 7, 3.12, [1825, 181, 3741]
7, 8, 3.09, [2260, 3749, 3739]
7, 9, 3.09, [3742, 1315, 284]
8, 0, 3.34, [3750, 689, 3739]
8, 1, 3.33, [3742, 3100, 3741]
8, 2, 3.25, [1825, 3746, 3741]
8, 3, 3.22, [3742, 3737, 3736]
8, 4, 3.22, [1825, 689, 3754]
8, 5, 3.18, [3750, 3746, 3760]
8, 6, 3.16, [3742, 3737, 3753]
8, 7, 3.15, [279, 3746, 3739]
8, 8, 3.14, [3752, 2463, 693]
8, 9, 3.13, [3750, 119, 3739]
9, 0, 3.34, [3750, 689, 3739]
9, 1, 3.33, [3742, 3100, 3741]
9, 2, 3.29, [1825, 3100, 3736]
9, 3, 3.27, [1825, 689, 3742]
9, 4, 3.23, [3750, 3746, 3742]
9, 5, 3.23, [3742, 689, 3754]
9, 6, 3.21, [3742, 3752, 3741]
9, 7, 3.16, [3750, 2156, 3754]
9, 8, 3.16, [3750, 3100, 3746]
9, 9, 3.12, [1830, 689, 3739]
10, 0, 3.34, [3750, 689, 3739]
10, 1, 3.33, [3742, 3100, 3741]
10, 2, 3.29, [1825, 3746, 3741]
10, 3, 3.29, [3742, 3100, 3737]
10, 4, 3.25, [3750, 3743, 3100]
10, 5, 3.23, [3753, 689, 3741]
10, 6, 3.22, [3742, 689, 3739]
10, 7, 3.16, [3750, 4794, 3741]
10, 8, 3.15, [3742, 699, 3739]
10, 9, 3.15, [279, 3742, 2261]
11, 0, 3.34, [3750, 689, 3739]
11, 1, 3.33, [3742, 3100, 3741]
11, 2, 3.23, [3750, 689, 3733]
11, 3, 3.21, [282, 3100, 3739]
11, 4, 3.19, [3736, 689, 3759]
11, 5, 3.19, [702, 119, 3742]
11, 6, 3.17, [1831, 3100, 699]
11, 7, 3.13, [3750, 3743, 3739]
11, 8, 3.11, [3777, 689, 2261]
11, 9, 3.11, [1825, 3746, 1834]
12, 0, 3.34, [3750, 689, 3739]
12, 1, 3.33, [3742, 3100, 3741]
12, 2, 3.25, [3742, 3100, 3753]
12, 3, 3.24, [3750, 689, 3736]
12, 4, 3.22, [3750, 3749, 3733]
12, 5, 3.18, [3777, 3759, 3739]
12, 6, 3.15, [3750, 689, 4129]
12, 7, 3.13, [3750, 3734, 3733]
12, 8, 3.12, [3750, 270, 181]
12, 9, 3.11, [229, 689, 3733]
13, 0, 3.37, [3742, 3100, 3754]
13, 1, 3.34, [3750, 689, 3739]
13, 2, 3.33, [3742, 3100, 3741]
13, 3, 3.3, [3742, 3100, 282]
13, 4, 3.17, [269, 689, 3737]
13, 5, 3.15, [291, 689, 3100]
13, 6, 3.15, [1896, 689, 3736]
13, 7, 3.14, [3750, 689, 3744]
13, 8, 3.12, [3755, 3100, 3753]
13, 9, 3.09, [3750, 3102, 1588]
14, 0, 3.37, [3742, 3100, 3754]
14, 1, 3.34, [3750, 689, 3739]
14, 2, 3.26, [1831, 3100, 3754]
14, 3, 3.21, [3736, 3100, 3741]
14, 4, 3.2, [3743, 3100, 3739]
14, 5, 3.17, [3742, 3100, 3736]
14, 6, 3.16, [3750, 689, 3758]
14, 7, 3.16, [3750, 689, 3741]
14, 8, 3.14, [3742, 3758, 3739]
14, 9, 3.13, [3734, 3100, 3754]
15, 0, 3.37, [3742, 3100, 3754]
15, 1, 3.34, [3750, 689, 3739]
15, 2, 3.24, [3742, 3100, 3754]
15, 3, 3.23, [3750, 1588, 3754]
15, 4, 3.21, [3752, 3100, 3754]
15, 5, 3.21, [3742, 3100, 3746]
15, 6, 3.19, [3742, 3758, 3739]
15, 7, 3.16, [1831, 3760, 3739]
15, 8, 3.16, [3742, 1830, 3754]
15, 9, 3.15, [1829, 1830, 3754]
16, 0, 3.37, [3742, 3100, 3754]
16, 1, 3.34, [3750, 689, 3739]
16, 2, 3.28, [3742, 3100, 3741]
16, 3, 3.25, [3750, 689, 3746]
16, 4, 3.23, [3750, 3100, 3744]
16, 5, 3.17, [3743, 3100, 3745]
16, 6, 3.15, [3742, 291, 3754]
16, 7, 3.13, [3742, 3741, 3739]
16, 8, 3.13, [1322, 3777, 3746]
16, 9, 3.11, [3740, 689, 3754]
17, 0, 3.37, [3742, 3100, 3754]
17, 1, 3.34, [3750, 689, 3739]
17, 2, 3.26, [3750, 689, 3739]
17, 3, 3.25, [689, 3100, 3741]
17, 4, 3.18, [3754, 3746, 1825]
17, 5, 3.15, [3742, 689, 33]
17, 6, 3.14, [1040, 3752, 3744]
17, 7, 3.12, [3742, 3747, 3735]
17, 8, 3.11, [3743, 282, 229]
17, 9, 3.1, [3750, 1831, 3746]
18, 0, 3.37, [3742, 3100, 3754]
18, 1, 3.34, [3750, 689, 3739]
18, 2, 3.27, [3742, 3741, 3754]
18, 3, 3.26, [3754, 3752, 3100]
18, 4, 3.25, [3750, 3760, 3739]
18, 5, 3.24, [3742, 3760, 1322]
18, 6, 3.23, [3750, 3760, 3754]
18, 7, 3.19, [3742, 1825, 3739]
18, 8, 3.15, [3742, 4301, 3739]
18, 9, 3.15, [3742, 4301, 2595]
19, 0, 3.37, [3742, 3100, 3754]
19, 1, 3.34, [3750, 689, 3739]
19, 2, 3.22, [3742, 3743, 3739]
19, 3, 3.15, [3750, 181, 3754]
19, 4, 3.15, [2229, 3100, 3755]
19, 5, 3.14, [3742, 284, 3743]
19, 6, 3.14, [3750, 3737, 3742]
19, 7, 3.13, [3742, 4130, 3739]
19, 8, 3.11, [3750, 3741, 279]
19, 9, 3.09, [3761, 3740, 3744]
20, 0, 3.37, [3742, 3100, 3754]
20, 1, 3.34, [3750, 689, 3739]
20, 2, 3.29, [3736, 689, 3754]
20, 3, 3.17, [3752, 284, 3739]
20, 4, 3.16, [3750, 3739, 3736]
20, 5, 3.16, [3742, 3100, 3739]
20, 6, 3.15, [3750, 689, 3739]
20, 7, 3.15, [3742, 1541, 101]
20, 8, 3.14, [3742, 1315, 3739]
20, 9, 3.1, [3745, 3743, 3737]
21, 0, 3.37, [3742, 3100, 3754]
21, 1, 3.34, [3750, 689, 3739]
21, 2, 3.22, [3750, 689, 287]
21, 3, 3.21, [3752, 689, 3742]
21, 4, 3.18, [3742, 1315, 3754]
21, 5, 3.17, [4108, 4128, 3754]
21, 6, 3.16, [3750, 284, 3742]
21, 7, 3.15, [3752, 3755, 3739]
21, 8, 3.14, [3750, 282, 3739]
21, 9, 3.11, [4129, 3750, 2156]
22, 0, 3.37, [3742, 3100, 3754]
22, 1, 3.34, [3750, 689, 3739]
22, 2, 3.24, [3742, 3744, 3749]
22, 3, 3.19, [3736, 689, 287]
22, 4, 3.18, [3740, 689, 3754]
22, 5, 3.15, [3750, 3740, 3754]
22, 6, 3.13, [275, 3740, 3748]
22, 7, 3.12, [3742, 3100, 1032]
22, 8, 3.11, [1896, 271, 3754]
22, 9, 3.11, [3750, 689, 3740]
23, 0, 3.37, [3742, 3100, 3754]
23, 1, 3.34, [3750, 689, 3739]
23, 2, 3.3, [3742, 689, 3741]
23, 3, 3.29, [3750, 3744, 689]
23, 4, 3.22, [3747, 689, 3754]
23, 5, 3.2, [3736, 689, 3746]
23, 6, 3.2, [3742, 3759, 3739]
23, 7, 3.19, [3742, 3100, 270]
23, 8, 3.16, [3742, 996, 3739]
23, 9, 3.14, [3750, 3100, 1830]
24, 0, 3.37, [3742, 3100, 3754]
24, 1, 3.34, [3750, 689, 3739]
24, 2, 3.3, [3742, 3100, 284]
24, 3, 3.24, [3742, 3749, 3754]
24, 4, 3.24, [3747, 3100, 3743]
24, 5, 3.22, [3100, 2598, 3739]
24, 6, 3.15, [3748, 689, 3739]
24, 7, 3.15, [3750, 689, 3739]
24, 8, 3.11, [1605, 3100, 3754]
24, 9, 3.11, [2464, 689, 1321]
25, 0, 3.37, [3742, 3100, 3754]
25, 1, 3.34, [3750, 689, 3739]
25, 2, 3.25, [3750, 3100, 3754]
25, 3, 3.22, [3750, 3100, 3741]
25, 4, 3.21, [3750, 689, 3743]
25, 5, 3.18, [3742, 284, 3754]
25, 6, 3.18, [3745, 689, 3739]
25, 7, 3.18, [3742, 3734, 3739]
25, 8, 3.16, [3752, 72, 4129]
25, 9, 3.16, [3740, 3749, 181]
26, 0, 3.37, [3742, 3100, 3754]
26, 1, 3.34, [3750, 689, 3739]
26, 2, 3.24, [3750, 689, 3754]
26, 3, 3.23, [3750, 1831, 3754]
26, 4, 3.21, [3750, 2229, 3754]
26, 5, 3.2, [3750, 3746, 3739]
26, 6, 3.19, [3740, 3100, 3739]
26, 7, 3.18, [3742, 1541, 3739]
26, 8, 3.15, [3750, 3100, 3739]
26, 9, 3.11, [3752, 1032, 1321]
27, 0, 3.37, [3742, 3100, 3754]
27, 1, 3.34, [3750, 689, 3739]
27, 2, 3.27, [3761, 689, 3739]
27, 3, 3.24, [3747, 689, 3754]
27, 4, 3.18, [3750, 3100, 3743]
27, 5, 3.17, [119, 3100, 3754]
27, 6, 3.16, [3742, 3758, 3739]
27, 7, 3.15, [3750, 3100, 3743]
27, 8, 3.15, [3742, 3759, 3739]
27, 9, 3.14, [3742, 1831, 3744]
28, 0, 3.37, [3742, 3100, 3754]
28, 1, 3.34, [3750, 689, 3739]
28, 2, 3.32, [3742, 3100, 3741]
28, 3, 3.31, [4128, 689, 3739]
28, 4, 3.25, [3752, 3100, 3754]
28, 5, 3.21, [3742, 3100, 3754]
28, 6, 3.2, [3742, 3758, 3754]
28, 7, 3.19, [3748, 689, 3754]
28, 8, 3.14, [3742, 689, 3100]
28, 9, 3.14, [2464, 689, 4128]
29, 0, 3.37, [3742, 3100, 3754]
29, 1, 3.34, [3750, 689, 3739]
29, 2, 3.24, [3742, 3740, 3744]
29, 3, 3.22, [1092, 689, 3754]
29, 4, 3.22, [3739, 3100, 3754]
29, 5, 3.18, [3742, 3100, 3753]
29, 6, 3.16, [3742, 2463, 1032]
29, 7, 3.14, [3745, 3100, 293]
29, 8, 3.14, [3742, 3397, 3733]
29, 9, 3.13, [689, 293, 3754]
30, 0, 3.37, [3742, 3100, 3754]
30, 1, 3.34, [3750, 689, 3739]
30, 2, 3.23, [3736, 2490, 3739]
30, 3, 3.19, [285, 3740, 3754]
30, 4, 3.19, [3741, 3736, 3754]
30, 5, 3.18, [1092, 689, 3735]
30, 6, 3.17, [689, 3100, 1322]
30, 7, 3.15, [352, 3760, 3739]
30, 8, 3.13, [3750, 546, 3739]
30, 9, 3.13, [1830, 3100, 3754]
31, 0, 3.37, [3742, 3100, 3754]
31, 1, 3.34, [3750, 689, 3739]
31, 2, 3.22, [3747, 689, 3754]
31, 3, 3.19, [3748, 3105, 3754]
31, 4, 3.16, [3750, 3734, 3754]
31, 5, 3.16, [282, 689, 3754]
31, 6, 3.15, [1092, 689, 4131]
31, 7, 3.14, [3742, 229, 546]
31, 8, 3.12, [3750, 287, 3754]
31, 9, 3.11, [3742, 4301, 3739]
32, 0, 3.37, [3742, 3100, 3754]
32, 1, 3.34, [3750, 689, 3739]
32, 2, 3.29, [3752, 689, 3754]
32, 3, 3.28, [2229, 3100, 3754]
32, 4, 3.27, [3742, 3743, 3754]
32, 5, 3.23, [3750, 689, 3743]
32, 6, 3.19, [229, 3755, 3739]
32, 7, 3.17, [3750, 689, 1315]
32, 8, 3.15, [3755, 689, 3739]
32, 9, 3.14, [284, 689, 3747]
33, 0, 3.37, [3742, 3100, 3754]
33, 1, 3.34, [3750, 689, 3739]
33, 2, 3.3, [3742, 3760, 3754]
33, 3, 3.25, [3736, 689, 3754]
33, 4, 3.2, [3745, 3100, 3754]
33, 5, 3.2, [3742, 3100, 3753]
33, 6, 3.18, [3742, 3760, 3739]
33, 7, 3.18, [3752, 291, 3754]
33, 8, 3.11, [229, 3100, 3754]
33, 9, 3.09, [3745, 3100, 270]
34, 0, 3.37, [3742, 3100, 3754]
34, 1, 3.34, [3750, 689, 3739]
34, 2, 3.23, [1825, 689, 3739]
34, 3, 3.2, [3743, 689, 3739]
34, 4, 3.19, [3736, 3740, 3754]
34, 5, 3.19, [3745, 3100, 3754]
34, 6, 3.18, [3742, 3105, 1032]
34, 7, 3.17, [3750, 3734, 3754]
34, 8, 3.16, [4108, 4128, 3754]
34, 9, 3.15, [3742, 3745, 3754]
35, 0, 3.37, [3742, 3100, 3754]
35, 1, 3.34, [3750, 689, 3739]
35, 2, 3.23, [1825, 3100, 3758]
35, 3, 3.2, [3742, 3755, 3736]
35, 4, 3.16, [3752, 689, 3739]
35, 5, 3.16, [293, 689, 996]
35, 6, 3.09, [3745, 1830, 3754]
35, 7, 3.09, [2464, 689, 352]
35, 8, 3.08, [3749, 1834, 1686]
35, 9, 3.07, [285, 1092, 3754]
36, 0, 3.37, [3742, 3100, 3754]
36, 1, 3.34, [3750, 689, 3739]
36, 2, 3.31, [1825, 3746, 3754]
36, 3, 3.28, [3743, 3100, 3749]
36, 4, 3.25, [3742, 3746, 3758]
36, 5, 3.22, [3755, 3100, 3754]
36, 6, 3.17, [3743, 689, 3739]
36, 7, 3.17, [3755, 689, 996]
36, 8, 3.15, [293, 689, 3754]
36, 9, 3.14, [3742, 3754, 3743]
37, 0, 3.37, [3742, 3100, 3754]
37, 1, 3.34, [3750, 689, 3739]
37, 2, 3.33, [3742, 3746, 3758]
37, 3, 3.31, [3742, 3100, 3741]
37, 4, 3.23, [3742, 3100, 689]
37, 5, 3.22, [689, 4129, 3754]
37, 6, 3.19, [1825, 3100, 3743]
37, 7, 3.17, [3745, 3752, 1321]
37, 8, 3.14, [3760, 3100, 3754]
37, 9, 3.14, [3760, 291, 3744]
38, 0, 3.37, [3742, 3100, 3754]
38, 1, 3.34, [3750, 689, 3739]
38, 2, 3.28, [3742, 689, 3740]
38, 3, 3.23, [72, 3100, 3754]
38, 4, 3.23, [3742, 689, 3741]
38, 5, 3.22, [3750, 689, 3758]
38, 6, 3.18, [3750, 3746, 3747]
38, 7, 3.17, [3742, 3100, 3748]
38, 8, 3.14, [3742, 72, 3739]
38, 9, 3.14, [3755, 3746, 3758]
39, 0, 3.37, [3742, 3100, 3754]
39, 1, 3.34, [3750, 689, 3739]
39, 2, 3.26, [3750, 689, 3741]
39, 3, 3.22, [3750, 3749, 3754]
39, 4, 3.22, [3755, 689, 3754]
39, 5, 3.2, [3740, 3100, 3739]
39, 6, 3.18, [3742, 3100, 3105]
39, 7, 3.17, [3742, 689, 3777]
39, 8, 3.15, [3742, 689, 271]
39, 9, 3.14, [3747, 3736, 3739]
40, 0, 3.37, [3742, 3100, 3754]
40, 1, 3.34, [3750, 689, 3739]
40, 2, 3.32, [3750, 3100, 3744]
40, 3, 3.23, [3742, 3760, 3739]
40, 4, 3.23, [3750, 3749, 3736]
40, 5, 3.2, [3750, 3749, 3754]
40, 6, 3.19, [3747, 3100, 3754]
40, 7, 3.19, [3742, 689, 3754]
40, 8, 3.16, [3742, 3760, 3741]
40, 9, 3.16, [3105, 689, 3754]
41, 0, 3.37, [3742, 3100, 3754]
41, 1, 3.34, [3750, 689, 3739]
41, 2, 3.27, [3742, 3100, 1830]
41, 3, 3.2, [3742, 3748, 3754]
41, 4, 3.19, [3747, 3100, 546]
41, 5, 3.19, [3760, 2156, 4128]
41, 6, 3.14, [693, 1831, 3754]
41, 7, 3.14, [3742, 3745, 3754]
41, 8, 3.12, [2464, 3100, 263]
41, 9, 3.08, [282, 3750, 291]
42, 0, 3.37, [3742, 3100, 3754]
42, 1, 3.34, [3750, 689, 3739]
42, 2, 3.29, [3742, 3100, 3760]
42, 3, 3.24, [1833, 3100, 3743]
42, 4, 3.23, [1825, 689, 4184]
42, 5, 3.21, [3742, 3102, 3754]
42, 6, 3.15, [3750, 3759, 3754]
42, 7, 3.11, [3742, 3740, 3739]
42, 8, 3.1, [4131, 1833, 3743]
42, 9, 3.06, [3742, 2598, 4794]
43, 0, 3.37, [3742, 3100, 3754]
43, 1, 3.34, [3750, 689, 3739]
43, 2, 3.26, [3750, 689, 3739]
43, 3, 3.24, [3750, 3100, 3739]
43, 4, 3.23, [3742, 689, 3754]
43, 5, 3.18, [3750, 3749, 3739]
43, 6, 3.18, [3750, 3758, 3760]
43, 7, 3.15, [3761, 689, 3739]
43, 8, 3.11, [689, 284, 3748]
43, 9, 3.09, [3750, 3100, 3740]
44, 0, 3.37, [3742, 3100, 3754]
44, 1, 3.34, [3750, 689, 3739]
44, 2, 3.33, [3736, 3100, 3754]
44, 3, 3.27, [3736, 689, 3754]
44, 4, 3.25, [3736, 3100, 3739]
44, 5, 3.22, [3750, 689, 3754]
44, 6, 3.21, [3740, 689, 3754]
44, 7, 3.19, [3742, 3100, 3736]
44, 8, 3.15, [1825, 3758, 3739]
44, 9, 3.14, [3742, 4130, 3739]
45, 0, 3.37, [3742, 3100, 3754]
45, 1, 3.34, [3750, 689, 3739]
45, 2, 3.25, [3742, 3758, 3739]
45, 3, 3.21, [3750, 689, 3739]
45, 4, 3.19, [3750, 3759, 3754]
45, 5, 3.17, [3742, 3741, 3739]
45, 6, 3.17, [3742, 3747, 1896]
45, 7, 3.16, [3750, 3744, 3754]
45, 8, 3.09, [3736, 3100, 3754]
45, 9, 3.08, [3760, 2595, 1828]
46, 0, 3.37, [3742, 3100, 3754]
46, 1, 3.34, [3750, 689, 3739]
46, 2, 3.25, [3753, 689, 3754]
46, 3, 3.23, [3750, 689, 3744]
46, 4, 3.19, [3745, 689, 3739]
46, 5, 3.15, [3742, 3100, 3753]
46, 6, 3.14, [3750, 3100, 3746]
46, 7, 3.13, [3742, 3740, 3739]
46, 8, 3.12, [4794, 3737, 4128]
46, 9, 3.11, [101, 3100, 1040]
47, 0, 3.37, [3742, 3100, 3754]
47, 1, 3.34, [3750, 689, 3739]
47, 2, 3.29, [3742, 3760, 3739]
47, 3, 3.28, [3742, 3760, 3739]
47, 4, 3.26, [3742, 3100, 3758]
47, 5, 3.2, [3744, 3100, 3754]
47, 6, 3.19, [3755, 689, 3754]
47, 7, 3.18, [3742, 3760, 3754]
47, 8, 3.18, [3742, 3100, 2464]
47, 9, 3.14, [1541, 3100, 3754]
48, 0, 3.37, [3742, 3100, 3754]
48, 1, 3.34, [3750, 689, 3739]
48, 2, 3.33, [3736, 3100, 3739]
48, 3, 3.26, [3742, 3760, 3739]
48, 4, 3.21, [3742, 3736, 3754]
48, 5, 3.18, [3750, 3742, 3754]
48, 6, 3.16, [3750, 3100, 359]
48, 7, 3.16, [101, 689, 3746]
48, 8, 3.15, [3761, 3100, 3739]
48, 9, 3.14, [3742, 3100, 1321]
49, 0, 3.37, [3742, 3100, 3754]
49, 1, 3.34, [3750, 689, 3739]
49, 2, 3.26, [3742, 3100, 546]
49, 3, 3.25, [3742, 3100, 3754]
49, 4, 3.22, [3750, 3100, 3739]
49, 5, 3.22, [3750, 689, 3753]
49, 6, 3.21, [3747, 3100, 3739]
49, 7, 3.2, [3736, 4794, 3754]
49, 8, 3.11, [1828, 3100, 3739]
49, 9, 3.09, [3733, 3734, 3739]
50, 0, 3.37, [3742, 3100, 3754]
50, 1, 3.34, [3750, 689, 3739]
50, 2, 3.16, [3745, 3100, 3739]
50, 3, 3.16, [3750, 693, 4129]
50, 4, 3.14, [3750, 3100, 352]
50, 5, 3.12, [1605, 3756, 3741]
50, 6, 3.1, [359, 1834, 3754]
50, 7, 3.1, [1605, 3746, 4129]
50, 8, 3.1, [1541, 3100, 3744]
50, 9, 3.09, [4130, 3100, 1541]
