generation number, individual number, fitness, candidate
0, 0, 2.13, [56239, 66169]
0, 1, 2.11, [10375, 56237]
0, 2, 2.09, [1060, 285]
0, 3, 2.07, [46, 281]
0, 4, 2.07, [1063, 56241]
0, 5, 2.07, [70639, 80449]
0, 6, 2.06, [1062, 33300]
0, 7, 2.04, [11388, 134362]
0, 8, 2.04, [144436, 65899]
0, 9, 2.01, [67332, 71858]
1, 0, 2.13, [56239, 66169]
1, 1, 2.11, [282, 285]
1, 2, 2.11, [10375, 56237]
1, 3, 2.09, [11387, 66169]
1, 4, 2.08, [56239, 1062]
1, 5, 2.07, [87, 134362]
1, 6, 2.07, [282, 66169]
1, 7, 2.07, [56241, 56237]
1, 8, 2.07, [66167, 56237]
1, 9, 2.06, [10375, 148118]
2, 0, 2.13, [56239, 66169]
2, 1, 2.12, [282, 62858]
2, 2, 2.11, [56239, 282]
2, 3, 2.11, [282, 285]
2, 4, 2.09, [1060, 66169]
2, 5, 2.07, [282, 56239]
2, 6, 2.07, [11387, 1062]
2, 7, 2.06, [56239, 33300]
2, 8, 2.06, [56239, 67331]
2, 9, 2.05, [281, 46]
3, 0, 2.18, [56240, 150653]
3, 1, 2.13, [56239, 66169]
3, 2, 2.12, [282, 62858]
3, 3, 2.1, [56240, 100807]
3, 4, 2.1, [66166, 66169]
3, 5, 2.1, [1060, 66169]
3, 6, 2.09, [56240, 278]
3, 7, 2.08, [12067, 66169]
3, 8, 2.07, [56239, 66167]
3, 9, 2.04, [123524, 113173]
4, 0, 2.18, [56240, 150653]
4, 1, 2.13, [56239, 66169]
4, 2, 2.12, [66167, 150653]
4, 3, 2.11, [56237, 150653]
4, 4, 2.1, [80450, 88]
4, 5, 2.09, [56240, 62858]
4, 6, 2.08, [90, 62858]
4, 7, 2.08, [1060, 148118]
4, 8, 2.07, [56237, 66169]
4, 9, 2.07, [66170, 66169]
5, 0, 2.18, [56240, 150653]
5, 1, 2.15, [56237, 150653]
5, 2, 2.13, [56239, 66169]
5, 3, 2.11, [98062, 284]
5, 4, 2.11, [56240, 33300]
5, 5, 2.1, [66169, 150653]
5, 6, 2.09, [80661, 150653]
5, 7, 2.08, [118602, 280]
5, 8, 2.06, [127088, 90]
5, 9, 2.05, [80661, 11388]
6, 0, 2.18, [56240, 150653]
6, 1, 2.15, [56237, 150653]
6, 2, 2.14, [56239, 150654]
6, 3, 2.12, [144434, 66169]
6, 4, 2.08, [56241, 150653]
6, 5, 2.07, [56237, 62858]
6, 6, 2.07, [11387, 150653]
6, 7, 2.06, [90, 91276]
6, 8, 2.05, [56240, 31634]
6, 9, 2.03, [149059, 71858]
7, 0, 2.18, [56240, 150653]
7, 1, 2.15, [56237, 150653]
7, 2, 2.1, [56240, 156909]
7, 3, 2.09, [1060, 89]
7, 4, 2.09, [56240, 66166]
7, 5, 2.07, [66167, 278]
7, 6, 2.07, [80662, 284]
7, 7, 2.06, [98065, 150653]
7, 8, 2.05, [56240, 62858]
7, 9, 2.04, [144434, 156909]
8, 0, 2.18, [56240, 150653]
8, 1, 2.15, [56237, 150653]
8, 2, 2.14, [89, 286]
8, 3, 2.1, [11388, 66169]
8, 4, 2.09, [62858, 66169]
8, 5, 2.08, [56239, 150653]
8, 6, 2.08, [56240, 98062]
8, 7, 2.07, [87, 279]
8, 8, 2.05, [127089, 823]
8, 9, 2.05, [127089, 77358]
9, 0, 2.18, [56240, 150653]
9, 1, 2.15, [56237, 150653]
9, 2, 2.14, [89, 150015]
9, 3, 2.11, [56240, 90]
9, 4, 2.1, [56239, 286]
9, 5, 2.1, [56240, 62858]
9, 6, 2.07, [66169, 150653]
9, 7, 2.07, [11388, 221360]
9, 8, 2.07, [281, 150653]
9, 9, 2.02, [91277, 31634]
10, 0, 2.18, [56240, 150653]
10, 1, 2.15, [56237, 150653]
10, 2, 2.09, [62858, 1062]
10, 3, 2.09, [282, 150653]
10, 4, 2.08, [56237, 150015]
10, 5, 2.08, [66167, 150653]
10, 6, 2.08, [62858, 100141]
10, 7, 2.04, [56240, 279]
10, 8, 2.03, [56237, 113171]
10, 9, 2.02, [823, 150653]
11, 0, 2.18, [56240, 150653]
11, 1, 2.15, [56237, 150653]
11, 2, 2.13, [90, 123524]
11, 3, 2.11, [282, 279]
11, 4, 2.1, [56241, 150653]
11, 5, 2.1, [150654, 280]
11, 6, 2.1, [150652, 98063]
11, 7, 2.09, [62858, 1062]
11, 8, 2.09, [113173, 150652]
11, 9, 2.09, [11388, 150015]
12, 0, 2.18, [56240, 150653]
12, 1, 2.17, [285, 150653]
12, 2, 2.17, [56237, 150652]
12, 3, 2.15, [56237, 150653]
12, 4, 2.14, [286, 150653]
12, 5, 2.14, [286, 65897]
12, 6, 2.12, [66166, 123524]
12, 7, 2.09, [284, 148118]
12, 8, 2.08, [66169, 88]
12, 9, 2.06, [89, 80449]
13, 0, 2.18, [56240, 150653]
13, 1, 2.17, [285, 150653]
13, 2, 2.15, [66169, 150652]
13, 3, 2.09, [56240, 156909]
13, 4, 2.06, [56237, 156909]
13, 5, 2.06, [90, 150652]
13, 6, 2.05, [1063, 33296]
13, 7, 2.05, [66167, 150653]
13, 8, 2.03, [90, 14223]
13, 9, 2.02, [65901, 33299]
14, 0, 2.18, [56240, 150653]
14, 1, 2.17, [56240, 150655]
14, 2, 2.17, [285, 150653]
14, 3, 2.14, [285, 150654]
14, 4, 2.12, [285, 150655]
14, 5, 2.11, [11925, 98062]
14, 6, 2.11, [66169, 148118]
14, 7, 2.08, [66166, 150653]
14, 8, 2.07, [67331, 150653]
14, 9, 2.05, [33296, 123524]
15, 0, 2.18, [56240, 150653]
15, 1, 2.17, [56240, 150655]
15, 2, 2.16, [56240, 150652]
15, 3, 2.13, [280, 90]
15, 4, 2.11, [86, 280]
15, 5, 2.09, [56240, 156909]
15, 6, 2.09, [66171, 150015]
15, 7, 2.08, [150652, 66169]
15, 8, 2.07, [56240, 823]
15, 9, 2.06, [11388, 77358]
16, 0, 2.18, [56240, 150653]
16, 1, 2.17, [56240, 150655]
16, 2, 2.13, [56240, 150015]
16, 3, 2.13, [150652, 1060]
16, 4, 2.11, [33300, 80449]
16, 5, 2.07, [87, 150652]
16, 6, 2.07, [278, 821]
16, 7, 2.05, [821, 150652]
16, 8, 2.05, [56240, 123524]
16, 9, 2.05, [70638, 282]
17, 0, 2.18, [56240, 150653]
17, 1, 2.17, [150654, 150015]
17, 2, 2.17, [56240, 150655]
17, 3, 2.12, [283, 11387]
17, 4, 2.1, [280, 11388]
17, 5, 2.1, [100140, 1060]
17, 6, 2.09, [56240, 150653]
17, 7, 2.06, [56237, 65899]
17, 8, 2.04, [56240, 156909]
17, 9, 2.04, [127089, 91276]
18, 0, 2.18, [56240, 150653]
18, 1, 2.17, [150654, 150015]
18, 2, 2.12, [56240, 148118]
18, 3, 2.12, [150653, 286]
18, 4, 2.11, [144436, 150652]
18, 5, 2.09, [86, 118602]
18, 6, 2.08, [285, 150015]
18, 7, 2.05, [156909, 10375]
18, 8, 2.04, [280, 118606]
18, 9, 2.02, [823, 70640]
19, 0, 2.18, [56240, 150653]
19, 1, 2.17, [150654, 150015]
19, 2, 2.13, [56240, 150655]
19, 3, 2.13, [1060, 150652]
19, 4, 2.1, [150015, 286]
19, 5, 2.1, [150652, 286]
19, 6, 2.09, [150653, 150655]
19, 7, 2.09, [150654, 150652]
19, 8, 2.07, [150653, 148118]
19, 9, 2.05, [150654, 148118]
20, 0, 2.18, [56240, 150653]
20, 1, 2.17, [150654, 150015]
20, 2, 2.13, [56241, 156909]
20, 3, 2.12, [1060, 148118]
20, 4, 2.1, [56240, 148118]
20, 5, 2.1, [56237, 150653]
20, 6, 2.09, [88, 100140]
20, 7, 2.09, [156909, 65899]
20, 8, 2.08, [278, 100141]
20, 9, 2.07, [150015, 150653]
21, 0, 2.18, [56240, 150653]
21, 1, 2.17, [150654, 150015]
21, 2, 2.13, [1060, 150652]
21, 3, 2.12, [56240, 150652]
21, 4, 2.12, [56241, 150652]
21, 5, 2.1, [62858, 150015]
21, 6, 2.08, [56241, 156909]
21, 7, 2.07, [56240, 150653]
21, 8, 2.07, [281, 283]
21, 9, 2.07, [118606, 90]
22, 0, 2.18, [56240, 150653]
22, 1, 2.17, [150654, 150015]
22, 2, 2.16, [150655, 150653]
22, 3, 2.12, [56237, 150652]
22, 4, 2.11, [150654, 148118]
22, 5, 2.11, [118602, 150653]
22, 6, 2.09, [56240, 150655]
22, 7, 2.06, [66169, 150015]
22, 8, 2.06, [90, 150653]
22, 9, 2.04, [284, 123524]
23, 0, 2.18, [56240, 150653]
23, 1, 2.17, [150654, 150015]
23, 2, 2.11, [56240, 150652]
23, 3, 2.11, [56237, 150015]
23, 4, 2.11, [150655, 150652]
23, 5, 2.09, [56240, 150655]
23, 6, 2.09, [150654, 150015]
23, 7, 2.08, [150015, 150653]
23, 8, 2.07, [150654, 100140]
23, 9, 2.04, [150015, 150653]
24, 0, 2.18, [56240, 150653]
24, 1, 2.17, [150654, 150015]
24, 2, 2.13, [56240, 148118]
24, 3, 2.1, [33300, 66169]
24, 4, 2.1, [66166, 150652]
24, 5, 2.1, [56239, 150015]
24, 6, 2.1, [221360, 86]
24, 7, 2.08, [156909, 150653]
24, 8, 2.05, [118602, 100140]
24, 9, 2.04, [150015, 150652]
25, 0, 2.18, [56240, 150653]
25, 1, 2.17, [150654, 150015]
25, 2, 2.13, [62858, 86]
25, 3, 2.12, [56240, 150653]
25, 4, 2.12, [221360, 148118]
25, 5, 2.1, [150654, 150652]
25, 6, 2.09, [11387, 156909]
25, 7, 2.08, [56240, 150652]
25, 8, 2.07, [56240, 150654]
25, 9, 2.07, [80656, 80449]
26, 0, 2.18, [56240, 150653]
26, 1, 2.17, [150654, 150015]
26, 2, 2.13, [156909, 86]
26, 3, 2.12, [56237, 150015]
26, 4, 2.12, [62858, 148118]
26, 5, 2.11, [56240, 46]
26, 6, 2.11, [150015, 148118]
26, 7, 2.09, [221360, 150652]
26, 8, 2.08, [56239, 118606]
26, 9, 2.06, [62858, 150655]
27, 0, 2.18, [56240, 150653]
27, 1, 2.17, [150654, 150015]
27, 2, 2.14, [56241, 150653]
27, 3, 2.11, [56240, 150655]
27, 4, 2.08, [56240, 90]
27, 5, 2.08, [150015, 148118]
27, 6, 2.07, [56237, 150015]
27, 7, 2.07, [56237, 118606]
27, 8, 2.07, [62858, 150654]
27, 9, 2.06, [148118, 150653]
28, 0, 2.18, [56240, 150653]
28, 1, 2.17, [150654, 150015]
28, 2, 2.13, [62858, 150655]
28, 3, 2.12, [558, 89]
28, 4, 2.1, [62858, 150015]
28, 5, 2.1, [150654, 150015]
28, 6, 2.09, [150015, 150653]
28, 7, 2.08, [150652, 65899]
28, 8, 2.08, [56241, 150653]
28, 9, 2.07, [66171, 150015]
29, 0, 2.18, [56240, 150653]
29, 1, 2.17, [150654, 150015]
29, 2, 2.13, [62858, 150654]
29, 3, 2.09, [156909, 33297]
29, 4, 2.09, [150654, 156909]
29, 5, 2.09, [148118, 150653]
29, 6, 2.08, [56241, 150015]
29, 7, 2.07, [56237, 150015]
29, 8, 2.06, [144436, 150015]
29, 9, 2.04, [98062, 150653]
30, 0, 2.18, [56240, 150653]
30, 1, 2.17, [150654, 150015]
30, 2, 2.14, [150654, 156909]
30, 3, 2.12, [284, 66167]
30, 4, 2.09, [1061, 150015]
30, 5, 2.08, [56240, 150015]
30, 6, 2.06, [150015, 150653]
30, 7, 2.05, [1061, 65901]
30, 8, 2.04, [56240, 65899]
30, 9, 2.01, [149059, 67332]
31, 0, 2.18, [56240, 150653]
31, 1, 2.17, [150654, 150015]
31, 2, 2.12, [1061, 150652]
31, 3, 2.12, [284, 150015]
31, 4, 2.11, [150654, 150015]
31, 5, 2.1, [66170, 156909]
31, 6, 2.09, [56240, 150653]
31, 7, 2.09, [62858, 66167]
31, 8, 2.08, [284, 156909]
31, 9, 2.06, [150652, 150653]
32, 0, 2.18, [56240, 150653]
32, 1, 2.17, [56239, 150015]
32, 2, 2.17, [150654, 150015]
32, 3, 2.12, [66170, 31634]
32, 4, 2.11, [150655, 150652]
32, 5, 2.08, [11388, 62858]
32, 6, 2.08, [1061, 148118]
32, 7, 2.05, [66166, 134361]
32, 8, 2.05, [87893, 56237]
32, 9, 2.05, [134362, 150653]
33, 0, 2.2, [150654, 56240]
33, 1, 2.18, [56240, 150653]
33, 2, 2.17, [56239, 150015]
33, 3, 2.12, [66169, 150653]
33, 4, 2.08, [66167, 150653]
33, 5, 2.08, [66170, 150015]
33, 6, 2.08, [282, 65900]
33, 7, 2.06, [56240, 31634]
33, 8, 2.03, [67332, 70639]
33, 9, 2.02, [67332, 87]
34, 0, 2.2, [150654, 56240]
34, 1, 2.18, [56240, 150653]
34, 2, 2.11, [56241, 56240]
34, 3, 2.11, [66169, 282]
34, 4, 2.1, [150654, 33300]
34, 5, 2.1, [46, 56240]
34, 6, 2.09, [156909, 150655]
34, 7, 2.08, [150652, 150653]
34, 8, 2.06, [70639, 150655]
34, 9, 2.06, [65900, 150652]
35, 0, 2.2, [150654, 56240]
35, 1, 2.18, [56240, 150653]
35, 2, 2.11, [150652, 282]
35, 3, 2.1, [66169, 62858]
35, 4, 2.08, [150654, 283]
35, 5, 2.07, [6376, 66169]
35, 6, 2.07, [66166, 56240]
35, 7, 2.06, [150654, 286]
35, 8, 2.05, [56240, 87]
35, 9, 2.05, [80656, 98063]
36, 0, 2.2, [150654, 56240]
36, 1, 2.18, [56240, 150653]
36, 2, 2.11, [150654, 88]
36, 3, 2.1, [150654, 283]
36, 4, 2.09, [150654, 56240]
36, 5, 2.09, [150654, 150015]
36, 6, 2.07, [150654, 150015]
36, 7, 2.07, [70639, 89]
36, 8, 2.07, [100140, 56240]
36, 9, 2.06, [283, 33296]
37, 0, 2.2, [150654, 56240]
37, 1, 2.18, [56240, 150653]
37, 2, 2.15, [56240, 284]
37, 3, 2.1, [156909, 1060]
37, 4, 2.09, [98065, 70638]
37, 5, 2.07, [91276, 66166]
37, 6, 2.07, [150015, 56240]
37, 7, 2.06, [283, 284]
37, 8, 2.05, [150654, 67332]
37, 9, 2.04, [90, 65900]
38, 0, 2.2, [150654, 56240]
38, 1, 2.18, [56240, 150653]
38, 2, 2.13, [66169, 1060]
38, 3, 2.13, [88, 150652]
38, 4, 2.09, [279, 150652]
38, 5, 2.08, [150654, 89]
38, 6, 2.08, [150655, 1061]
38, 7, 2.08, [284, 11388]
38, 8, 2.07, [156909, 148118]
38, 9, 2.05, [56240, 66059]
39, 0, 2.2, [150654, 56240]
39, 1, 2.18, [56240, 150653]
39, 2, 2.1, [98065, 285]
39, 3, 2.09, [150654, 150655]
39, 4, 2.09, [46, 56240]
39, 5, 2.08, [150015, 6376]
39, 6, 2.08, [56240, 11387]
39, 7, 2.08, [56240, 56239]
39, 8, 2.06, [100140, 150015]
39, 9, 2.05, [31634, 11925]
40, 0, 2.2, [150654, 56240]
40, 1, 2.18, [56240, 150653]
40, 2, 2.14, [148118, 221360]
40, 3, 2.11, [11388, 118606]
40, 4, 2.09, [1061, 31634]
40, 5, 2.08, [66171, 286]
40, 6, 2.07, [98063, 282]
40, 7, 2.06, [150652, 33300]
40, 8, 2.06, [150654, 56239]
40, 9, 2.05, [278, 66170]
41, 0, 2.2, [150654, 56240]
41, 1, 2.18, [56240, 150653]
41, 2, 2.08, [80450, 150653]
41, 3, 2.07, [91276, 150015]
41, 4, 2.07, [134361, 1062]
41, 5, 2.06, [80662, 98063]
41, 6, 2.06, [150655, 14223]
41, 7, 2.06, [150652, 33297]
41, 8, 2.04, [73700, 56237]
41, 9, 2.03, [11387, 6376]
42, 0, 2.2, [150654, 56240]
42, 1, 2.18, [56240, 150653]
42, 2, 2.14, [150654, 286]
42, 3, 2.1, [150654, 150653]
42, 4, 2.09, [100141, 88]
42, 5, 2.08, [134362, 56240]
42, 6, 2.06, [80450, 56241]
42, 7, 2.04, [134362, 56240]
42, 8, 2.04, [150015, 1062]
42, 9, 2.03, [156909, 123523]
43, 0, 2.2, [150654, 56240]
43, 1, 2.18, [56240, 150653]
43, 2, 2.13, [150654, 282]
43, 3, 2.1, [56240, 71858]
43, 4, 2.1, [80661, 56240]
43, 5, 2.09, [73700, 56240]
43, 6, 2.08, [150015, 150653]
43, 7, 2.07, [66166, 98065]
43, 8, 2.06, [144436, 283]
43, 9, 2.04, [33296, 46]
44, 0, 2.2, [150654, 56240]
44, 1, 2.18, [56240, 150653]
44, 2, 2.13, [66166, 90]
44, 3, 2.11, [148118, 56240]
44, 4, 2.11, [150015, 88]
44, 5, 2.08, [100140, 282]
44, 6, 2.05, [98063, 6376]
44, 7, 2.05, [65901, 144434]
44, 8, 2.04, [56240, 71858]
44, 9, 2.04, [221360, 56239]
45, 0, 2.2, [150654, 56240]
45, 1, 2.18, [56240, 150653]
45, 2, 2.16, [150654, 282]
45, 3, 2.1, [66166, 150652]
45, 4, 2.1, [66166, 148118]
45, 5, 2.1, [56240, 284]
45, 6, 2.09, [56240, 12067]
45, 7, 2.09, [56240, 286]
45, 8, 2.07, [56237, 56240]
45, 9, 2.06, [56240, 98063]
46, 0, 2.2, [150654, 56240]
46, 1, 2.18, [56240, 150653]
46, 2, 2.15, [66169, 56239]
46, 3, 2.14, [62858, 56240]
46, 4, 2.11, [56237, 56240]
46, 5, 2.11, [150654, 150652]
46, 6, 2.07, [150654, 127089]
46, 7, 2.07, [33300, 67332]
46, 8, 2.05, [150654, 156909]
46, 9, 2.04, [279, 71858]
47, 0, 2.2, [150654, 56240]
47, 1, 2.18, [56240, 150653]
47, 2, 2.12, [70638, 89]
47, 3, 2.11, [150654, 65899]
47, 4, 2.11, [1060, 144434]
47, 5, 2.1, [56240, 148118]
47, 6, 2.09, [150654, 56240]
47, 7, 2.09, [56240, 1060]
47, 8, 2.08, [56241, 56240]
47, 9, 2.08, [148118, 33296]
48, 0, 2.2, [150654, 56240]
48, 1, 2.18, [56240, 150653]
48, 2, 2.16, [56237, 89]
48, 3, 2.12, [33297, 46]
48, 4, 2.12, [70638, 56237]
48, 5, 2.12, [70638, 56237]
48, 6, 2.1, [150654, 31634]
48, 7, 2.09, [558, 56239]
48, 8, 2.06, [144434, 150653]
48, 9, 2.04, [150654, 33298]
49, 0, 2.2, [150654, 56240]
49, 1, 2.18, [56240, 150653]
49, 2, 2.14, [150654, 46]
49, 3, 2.12, [156909, 56240]
49, 4, 2.1, [56240, 46]
49, 5, 2.09, [150654, 90]
49, 6, 2.08, [56240, 150653]
49, 7, 2.07, [66166, 56240]
49, 8, 2.06, [11388, 66169]
49, 9, 2.05, [80656, 98063]
50, 0, 2.2, [150654, 56240]
50, 1, 2.18, [56240, 150653]
50, 2, 2.1, [88, 150015]
50, 3, 2.1, [11388, 80449]
50, 4, 2.1, [56239, 90]
50, 5, 2.1, [88, 150015]
50, 6, 2.09, [150654, 150015]
50, 7, 2.04, [821, 1061]
50, 8, 2.02, [62858, 558]
50, 9, 2.02, [118606, 144434]
