generation number, pop_size, worst, best, median, avg, std, diversity, improvement, number_of_selections
0, 10, 3.46, 8.55, 5.9350000000000005, 6.146000000000001, 1.6687791945011778,0.9666666666666667,0,[1.e-300]
1, 10, 5.73, 11.06, 7.869999999999999, 8.08, 1.9204322430119736,0.9444444444444444,0.29356725146198825,[10.]
2, 10, 7.28, 13.05, 8.575, 9.113999999999999, 1.8636319379104878,0.8666666666666667,0.17992766726943943,[20.]
3, 10, 8.57, 13.05, 10.96, 10.594, 1.2096379623672529,0.8777777777777778,0.0,[30.]
4, 10, 8.29, 13.05, 9.385, 9.938999999999998, 1.6439492084611378,0.8777777777777778,0.0,[40.]
5, 10, 6.43, 13.05, 11.235, 10.212, 2.460531649867565,0.8111111111111111,0.0,[50.]
6, 10, 6.09, 13.05, 9.91, 9.486, 2.4412955576906294,0.9,0.0,[60.]
7, 10, 6.29, 13.05, 12.030000000000001, 10.503, 2.8122483887452048,0.8111111111111111,0.0,[70.]
8, 10, 6.0, 13.05, 9.035, 9.402000000000001, 2.388249568198433,0.9222222222222223,0.0,[80.]
9, 10, 6.74, 13.05, 9.23, 9.732000000000001, 2.2153636270373314,0.9333333333333333,0.0,[90.]
10, 10, 5.68, 13.69, 8.33, 9.142, 2.9550086294290243,0.9222222222222223,0.049042145593869636,[100.]
