generation number, individual number, fitness, candidate
0, 0, 18.1, [295, 104]
0, 1, 17.1, [295, 274]
0, 2, 14.92, [295, 240]
0, 3, 10.0, [2711, 220]
0, 4, 9.19, [302, 2711]
0, 5, 7.3, [1088, 541]
0, 6, 6.48, [2764, 283]
0, 7, 6.31, [263, 2767]
0, 8, 6.0, [98, 343]
0, 9, 4.76, [91, 104]
1, 0, 18.1, [295, 104]
1, 1, 17.78, [295, 261]
1, 2, 17.76, [295, 2515]
1, 3, 17.63, [295, 558]
1, 4, 17.1, [295, 274]
1, 5, 9.15, [558, 259]
1, 6, 7.3, [2525, 615]
1, 7, 6.77, [380, 558]
1, 8, 6.03, [2574, 266]
1, 9, 5.72, [558, 876]
2, 0, 18.1, [295, 104]
2, 1, 17.78, [295, 261]
2, 2, 17.72, [295, 266]
2, 3, 12.68, [269, 303]
2, 4, 10.86, [2513, 1811]
2, 5, 10.74, [269, 149]
2, 6, 9.63, [259, 261]
2, 7, 9.24, [2711, 274]
2, 8, 5.99, [876, 2515]
2, 9, 4.86, [2765, 558]
3, 0, 18.1, [295, 104]
3, 1, 17.78, [295, 261]
3, 2, 9.76, [259, 104]
3, 3, 8.61, [2595, 266]
3, 4, 8.23, [1088, 266]
3, 5, 8.0, [616, 279]
3, 6, 6.96, [1086, 558]
3, 7, 6.67, [2530, 104]
3, 8, 6.41, [296, 261]
3, 9, 5.73, [2764, 537]
4, 0, 18.1, [295, 104]
4, 1, 17.78, [295, 261]
4, 2, 13.01, [277, 3716]
4, 3, 12.59, [259, 2512]
4, 4, 10.14, [259, 558]
4, 5, 8.49, [380, 615]
4, 6, 8.06, [279, 622]
4, 7, 5.84, [2599, 261]
4, 8, 5.69, [296, 1087]
4, 9, 5.17, [622, 285]
5, 0, 25.98, [295, 269]
5, 1, 18.97, [277, 269]
5, 2, 18.1, [295, 104]
5, 3, 17.78, [295, 261]
5, 4, 11.95, [103, 2512]
5, 5, 9.94, [300, 261]
5, 6, 9.4, [874, 2711]
5, 7, 8.82, [2513, 2530]
5, 8, 7.04, [191, 220]
5, 9, 6.96, [81, 104]
6, 0, 25.98, [295, 269]
6, 1, 18.97, [277, 269]
6, 2, 16.77, [295, 335]
6, 3, 15.12, [2711, 269]
6, 4, 12.2, [279, 2597]
6, 5, 12.12, [876, 269]
6, 6, 10.89, [3334, 269]
6, 7, 9.79, [300, 261]
6, 8, 8.42, [303, 2512]
6, 9, 7.55, [265, 2595]
7, 0, 25.98, [295, 269]
7, 1, 22.26, [295, 277]
7, 2, 22.22, [295, 279]
7, 3, 18.97, [277, 269]
7, 4, 15.66, [2513, 269]
7, 5, 15.05, [277, 226]
7, 6, 13.68, [2514, 269]
7, 7, 9.8, [285, 279]
7, 8, 6.34, [4602, 226]
7, 9, 5.02, [244, 274]
8, 0, 25.98, [295, 269]
8, 1, 22.26, [295, 277]
8, 2, 22.0, [295, 279]
8, 3, 20.35, [295, 98]
8, 4, 20.11, [295, 193]
8, 5, 18.62, [295, 2596]
8, 6, 17.91, [295, 260]
8, 7, 13.5, [2514, 269]
8, 8, 6.12, [81, 2574]
8, 9, 6.0, [220, 1069]
9, 0, 25.98, [295, 269]
9, 1, 22.26, [295, 277]
9, 2, 22.16, [295, 277]
9, 3, 20.27, [295, 2597]
9, 4, 19.73, [295, 159]
9, 5, 13.01, [876, 269]
9, 6, 10.12, [288, 259]
9, 7, 8.75, [2513, 2593]
9, 8, 7.86, [2950, 154]
9, 9, 6.77, [297, 280]
10, 0, 25.98, [295, 269]
10, 1, 22.26, [295, 277]
10, 2, 21.16, [295, 77]
10, 3, 19.35, [295, 1080]
10, 4, 15.53, [1088, 269]
10, 5, 10.75, [316, 269]
10, 6, 8.9, [2512, 2514]
10, 7, 8.56, [874, 1080]
10, 8, 6.98, [316, 1811]
10, 9, 6.38, [265, 297]
11, 0, 25.98, [295, 269]
11, 1, 22.26, [295, 277]
11, 2, 15.26, [2512, 269]
11, 3, 14.76, [154, 269]
11, 4, 14.46, [302, 269]
11, 5, 13.99, [2764, 277]
11, 6, 11.37, [2515, 77]
11, 7, 9.05, [2950, 2595]
11, 8, 8.83, [103, 265]
11, 9, 7.24, [1811, 2156]
12, 0, 25.98, [295, 269]
12, 1, 22.26, [295, 277]
12, 2, 22.19, [295, 259]
12, 3, 18.17, [295, 285]
12, 4, 12.12, [301, 269]
12, 5, 7.65, [1080, 2599]
12, 6, 7.36, [343, 1811]
12, 7, 7.27, [103, 2765]
12, 8, 6.45, [209, 622]
12, 9, 5.3, [534, 2527]
13, 0, 25.98, [295, 269]
13, 1, 22.26, [295, 277]
13, 2, 20.35, [295, 300]
13, 3, 15.18, [250, 269]
13, 4, 14.69, [2711, 269]
13, 5, 13.04, [2764, 277]
13, 6, 7.99, [259, 240]
13, 7, 7.14, [1088, 2527]
13, 8, 4.73, [2514, 76]
13, 9, 3.87, [316, 285]
14, 0, 25.98, [295, 269]
14, 1, 22.26, [295, 277]
14, 2, 18.29, [295, 285]
14, 3, 18.25, [295, 2767]
14, 4, 17.13, [259, 269]
14, 5, 14.32, [209, 269]
14, 6, 12.92, [2514, 277]
14, 7, 12.89, [2765, 277]
14, 8, 9.18, [103, 291]
14, 9, 6.62, [2950, 2574]
15, 0, 25.98, [295, 269]
15, 1, 22.26, [295, 277]
15, 2, 21.57, [259, 295]
15, 3, 17.66, [295, 4602]
15, 4, 13.21, [283, 269]
15, 5, 10.63, [316, 277]
15, 6, 9.79, [300, 288]
15, 7, 7.18, [1080, 285]
15, 8, 5.3, [91, 2532]
15, 9, 4.92, [3334, 274]
16, 0, 25.98, [295, 269]
16, 1, 22.26, [295, 277]
16, 2, 19.63, [295, 615]
16, 3, 18.3, [295, 288]
16, 4, 17.69, [295, 265]
16, 5, 10.07, [259, 3716]
16, 6, 8.65, [91, 874]
16, 7, 7.96, [2770, 2711]
16, 8, 7.43, [622, 2597]
16, 9, 6.78, [303, 1086]
17, 0, 25.98, [295, 269]
17, 1, 22.26, [295, 277]
17, 2, 18.61, [269, 277]
17, 3, 15.69, [302, 269]
17, 4, 15.68, [295, 616]
17, 5, 15.28, [77, 277]
17, 6, 11.19, [259, 615]
17, 7, 9.6, [2515, 300]
17, 8, 8.32, [558, 2512]
17, 9, 7.33, [874, 291]
18, 0, 25.98, [295, 269]
18, 1, 22.26, [295, 277]
18, 2, 13.5, [2950, 269]
18, 3, 10.92, [219, 269]
18, 4, 10.0, [98, 193]
18, 5, 8.39, [1088, 3716]
18, 6, 7.65, [2767, 2530]
18, 7, 7.46, [2767, 209]
18, 8, 6.26, [274, 4849]
18, 9, 6.09, [250, 616]
19, 0, 25.98, [295, 269]
19, 1, 22.26, [295, 277]
19, 2, 21.56, [295, 279]
19, 3, 16.71, [269, 300]
19, 4, 11.6, [876, 277]
19, 5, 10.94, [874, 1811]
19, 6, 9.35, [1087, 279]
19, 7, 9.21, [622, 259]
19, 8, 7.65, [303, 159]
19, 9, 6.68, [2595, 2599]
20, 0, 25.98, [295, 269]
20, 1, 22.26, [295, 277]
20, 2, 12.17, [264, 277]
20, 3, 7.21, [558, 154]
20, 4, 7.2, [2711, 278]
20, 5, 6.8, [191, 1095]
20, 6, 5.56, [615, 240]
20, 7, 5.47, [219, 1082]
20, 8, 5.38, [3135, 265]
20, 9, 4.67, [3135, 3716]
21, 0, 25.98, [295, 269]
21, 1, 22.9, [295, 277]
21, 2, 22.26, [295, 277]
21, 3, 15.07, [2513, 277]
21, 4, 14.07, [2530, 269]
21, 5, 13.42, [263, 277]
21, 6, 11.69, [266, 269]
21, 7, 7.68, [154, 256]
21, 8, 7.65, [159, 296]
21, 9, 5.69, [264, 288]
22, 0, 25.98, [295, 269]
22, 1, 22.9, [295, 277]
22, 2, 13.76, [2514, 277]
22, 3, 12.77, [2512, 259]
22, 4, 9.87, [2514, 103]
22, 5, 9.33, [380, 279]
22, 6, 8.94, [256, 2513]
22, 7, 8.15, [1088, 260]
22, 8, 7.81, [302, 297]
22, 9, 6.98, [874, 558]
23, 0, 25.98, [295, 269]
23, 1, 22.9, [295, 277]
23, 2, 17.98, [295, 303]
23, 3, 17.42, [295, 537]
23, 4, 15.95, [2156, 295]
23, 5, 15.47, [295, 2532]
23, 6, 12.86, [269, 2515]
23, 7, 7.22, [2596, 81]
23, 8, 7.17, [2525, 226]
23, 9, 6.66, [2514, 285]
24, 0, 25.98, [295, 269]
24, 1, 22.9, [295, 277]
24, 2, 17.73, [295, 303]
24, 3, 16.18, [295, 2156]
24, 4, 12.94, [269, 303]
24, 5, 8.03, [259, 275]
24, 6, 6.94, [2765, 1088]
24, 7, 6.92, [288, 2950]
24, 8, 6.63, [2765, 226]
24, 9, 4.85, [288, 278]
25, 0, 25.98, [295, 269]
25, 1, 22.9, [295, 277]
25, 2, 18.17, [295, 3716]
25, 3, 12.52, [876, 269]
25, 4, 11.38, [98, 300]
25, 5, 10.84, [1082, 103]
25, 6, 10.09, [250, 3155]
25, 7, 8.03, [159, 2597]
25, 8, 7.44, [2596, 256]
25, 9, 5.81, [1069, 302]
26, 0, 25.98, [295, 269]
26, 1, 22.9, [295, 277]
26, 2, 17.77, [295, 288]
26, 3, 17.69, [295, 288]
26, 4, 16.93, [295, 256]
26, 5, 10.54, [2532, 269]
26, 6, 7.36, [615, 2596]
26, 7, 6.72, [1069, 2512]
26, 8, 6.62, [2593, 2574]
26, 9, 5.77, [261, 2950]
27, 0, 25.98, [295, 269]
27, 1, 22.9, [295, 277]
27, 2, 18.39, [295, 2574]
27, 3, 14.64, [277, 874]
27, 4, 13.68, [2514, 277]
27, 5, 13.08, [191, 269]
27, 6, 10.4, [279, 1086]
27, 7, 9.0, [1088, 209]
27, 8, 6.89, [558, 98]
27, 9, 6.54, [2514, 256]
28, 0, 25.98, [295, 269]
28, 1, 22.9, [295, 277]
28, 2, 14.39, [2593, 277]
28, 3, 14.19, [77, 1811]
28, 4, 11.92, [2527, 269]
28, 5, 11.92, [876, 277]
28, 6, 7.51, [2593, 1086]
28, 7, 7.25, [302, 4849]
28, 8, 6.44, [1087, 209]
28, 9, 6.29, [4602, 1080]
29, 0, 25.98, [295, 269]
29, 1, 22.9, [295, 277]
29, 2, 20.48, [295, 300]
29, 3, 16.06, [295, 273]
29, 4, 13.69, [380, 269]
29, 5, 12.69, [104, 269]
29, 6, 11.77, [316, 277]
29, 7, 9.77, [2764, 1811]
29, 8, 9.21, [1811, 285]
29, 9, 7.87, [2764, 1086]
30, 0, 25.98, [295, 269]
30, 1, 24.59, [295, 269]
30, 2, 22.9, [295, 277]
30, 3, 17.97, [295, 288]
30, 4, 17.5, [259, 269]
30, 5, 15.28, [250, 277]
30, 6, 10.29, [103, 297]
30, 7, 8.2, [250, 2596]
30, 8, 7.66, [191, 226]
30, 9, 7.45, [380, 264]
31, 0, 25.98, [295, 269]
31, 1, 24.59, [295, 269]
31, 2, 15.21, [250, 277]
31, 3, 12.87, [558, 277]
31, 4, 8.21, [2595, 266]
31, 5, 6.47, [278, 226]
31, 6, 6.0, [2532, 1088]
31, 7, 5.83, [4602, 2599]
31, 8, 5.11, [534, 3716]
31, 9, 4.87, [537, 104]
32, 0, 25.98, [295, 269]
32, 1, 24.59, [295, 269]
32, 2, 20.59, [295, 300]
32, 3, 16.46, [295, 273]
32, 4, 13.36, [103, 269]
32, 5, 11.64, [876, 277]
32, 6, 9.25, [558, 279]
32, 7, 9.15, [1811, 283]
32, 8, 7.02, [220, 191]
32, 9, 6.78, [2767, 297]
33, 0, 25.98, [295, 269]
33, 1, 24.59, [295, 269]
33, 2, 17.92, [295, 285]
33, 3, 16.97, [295, 2525]
33, 4, 12.42, [259, 2512]
33, 5, 12.28, [876, 269]
33, 6, 11.05, [269, 1069]
33, 7, 8.26, [2513, 285]
33, 8, 7.78, [103, 275]
33, 9, 7.06, [256, 2525]
34, 0, 25.98, [295, 269]
34, 1, 24.59, [295, 269]
34, 2, 18.24, [295, 534]
34, 3, 15.39, [295, 343]
34, 4, 14.86, [295, 2530]
34, 5, 13.95, [277, 77]
34, 6, 12.94, [280, 269]
34, 7, 9.4, [220, 615]
34, 8, 7.88, [250, 285]
34, 9, 7.29, [2593, 256]
35, 0, 25.98, [295, 269]
35, 1, 24.59, [295, 269]
35, 2, 22.19, [295, 259]
35, 3, 17.04, [259, 269]
35, 4, 8.45, [159, 1086]
35, 5, 7.76, [81, 263]
35, 6, 7.69, [263, 874]
35, 7, 6.87, [98, 4602]
35, 8, 5.38, [91, 2156]
35, 9, 4.51, [244, 288]
36, 0, 25.98, [295, 269]
36, 1, 24.59, [295, 269]
36, 2, 13.71, [103, 269]
36, 3, 13.08, [2525, 269]
36, 4, 12.53, [876, 269]
36, 5, 11.18, [259, 1080]
36, 6, 9.72, [3135, 279]
36, 7, 8.71, [291, 1811]
36, 8, 7.62, [296, 2711]
36, 9, 6.56, [296, 2525]
37, 0, 25.98, [295, 269]
37, 1, 24.59, [295, 269]
37, 2, 15.21, [1080, 269]
37, 3, 13.21, [269, 2530]
37, 4, 11.62, [269, 301]
37, 5, 11.22, [1080, 279]
37, 6, 7.61, [2764, 226]
37, 7, 6.38, [622, 209]
37, 8, 6.27, [1087, 256]
37, 9, 6.17, [159, 2156]
38, 0, 25.98, [295, 269]
38, 1, 24.59, [295, 269]
38, 2, 19.14, [1080, 295]
38, 3, 12.83, [265, 269]
38, 4, 12.13, [219, 269]
38, 5, 9.67, [1088, 302]
38, 6, 9.43, [1082, 193]
38, 7, 8.66, [288, 250]
38, 8, 6.97, [250, 301]
38, 9, 6.0, [220, 3334]
39, 0, 25.98, [295, 269]
39, 1, 24.59, [295, 269]
39, 2, 17.67, [295, 534]
39, 3, 13.72, [1086, 269]
39, 4, 8.1, [296, 2711]
39, 5, 7.64, [104, 1082]
39, 6, 5.6, [265, 2770]
39, 7, 5.48, [1069, 1082]
39, 8, 4.43, [616, 2599]
39, 9, 3.84, [301, 4602]
40, 0, 25.98, [295, 269]
40, 1, 24.59, [295, 269]
40, 2, 21.92, [295, 277]
40, 3, 17.79, [295, 288]
40, 4, 11.94, [1088, 279]
40, 5, 10.93, [273, 269]
40, 6, 9.01, [2596, 2512]
40, 7, 8.31, [2514, 1082]
40, 8, 8.29, [263, 3155]
40, 9, 6.89, [278, 615]
41, 0, 25.98, [295, 269]
41, 1, 24.59, [295, 269]
41, 2, 14.3, [2513, 269]
41, 3, 13.04, [2596, 269]
41, 4, 12.92, [2574, 269]
41, 5, 11.6, [537, 269]
41, 6, 11.39, [283, 277]
41, 7, 11.17, [265, 277]
41, 8, 7.76, [303, 1082]
41, 9, 6.88, [288, 81]
42, 0, 25.98, [295, 269]
42, 1, 24.59, [295, 269]
42, 2, 14.08, [279, 269]
42, 3, 13.3, [2514, 269]
42, 4, 11.54, [2527, 269]
42, 5, 9.4, [876, 77]
42, 6, 8.96, [1811, 2711]
42, 7, 5.76, [2770, 3716]
42, 8, 5.31, [3716, 261]
42, 9, 4.99, [275, 1086]
43, 0, 25.98, [295, 269]
43, 1, 24.59, [295, 269]
43, 2, 15.43, [295, 2530]
43, 3, 14.13, [159, 269]
43, 4, 12.93, [283, 269]
43, 5, 7.71, [2599, 297]
43, 6, 6.92, [263, 154]
43, 7, 6.77, [1080, 4849]
43, 8, 4.78, [2599, 343]
43, 9, 4.2, [2762, 4602]
44, 0, 25.98, [295, 269]
44, 1, 24.59, [295, 269]
44, 2, 19.74, [295, 226]
44, 3, 17.91, [295, 3716]
44, 4, 13.13, [2514, 269]
44, 5, 10.01, [1811, 2767]
44, 6, 6.0, [98, 2532]
44, 7, 5.49, [265, 296]
44, 8, 4.04, [3334, 303]
44, 9, 3.74, [149, 3135]
45, 0, 25.98, [295, 269]
45, 1, 24.59, [295, 269]
45, 2, 18.16, [295, 2593]
45, 3, 16.95, [295, 291]
45, 4, 15.72, [91, 277]
45, 5, 10.49, [103, 159]
45, 6, 7.41, [534, 193]
45, 7, 6.68, [274, 3716]
45, 8, 4.94, [278, 264]
45, 9, 4.16, [4849, 191]
46, 0, 25.98, [295, 269]
46, 1, 24.59, [295, 269]
46, 2, 18.39, [295, 296]
46, 3, 17.83, [295, 3135]
46, 4, 11.28, [283, 77]
46, 5, 10.97, [275, 269]
46, 6, 10.0, [104, 259]
46, 7, 7.25, [2770, 91]
46, 8, 6.71, [558, 1080]
46, 9, 6.21, [285, 288]
47, 0, 25.98, [295, 269]
47, 1, 24.59, [295, 269]
47, 2, 19.81, [295, 2711]
47, 3, 18.32, [295, 285]
47, 4, 10.96, [2514, 77]
47, 5, 7.72, [2595, 2712]
47, 6, 6.32, [2574, 296]
47, 7, 5.31, [2765, 283]
47, 8, 4.05, [285, 2156]
47, 9, 3.47, [219, 3135]
48, 0, 25.98, [295, 269]
48, 1, 24.59, [295, 269]
48, 2, 12.59, [876, 269]
48, 3, 10.63, [279, 2764]
48, 4, 8.99, [876, 77]
48, 5, 6.78, [2514, 288]
48, 6, 6.7, [297, 2596]
48, 7, 6.64, [303, 2596]
48, 8, 6.08, [283, 2525]
48, 9, 5.59, [534, 288]
49, 0, 25.98, [295, 269]
49, 1, 24.59, [295, 269]
49, 2, 19.32, [295, 81]
49, 3, 18.02, [295, 285]
49, 4, 15.97, [295, 343]
49, 5, 15.67, [876, 295]
49, 6, 15.31, [2513, 269]
49, 7, 11.12, [269, 1069]
49, 8, 9.68, [1080, 2595]
49, 9, 7.22, [2514, 256]
50, 0, 25.98, [295, 269]
50, 1, 24.59, [295, 269]
50, 2, 17.99, [295, 285]
50, 3, 12.25, [609, 269]
50, 4, 11.78, [2711, 279]
50, 5, 8.04, [159, 288]
50, 6, 6.94, [222, 2767]
50, 7, 6.73, [1087, 159]
50, 8, 6.16, [3716, 297]
50, 9, 6.0, [220, 343]
