generation number, pop_size, worst, best, median, avg, std, diversity, improvement, number_of_selections
0, 10, 2.0, 24.53, 3.13, 5.479, 6.505029515690148,0.9666666666666667,0,[1.e-300]
1, 10, 3.0, 35.62, 6.0, 14.471, 12.408963252423629,0.9666666666666667,0.4520994700366896,[1.e-300]
2, 10, 4.0, 35.71, 30.71, 22.463, 14.202426588439033,0.888888888888889,0.0025266704098821846,[1.e-300]
3, 10, 5.0, 35.77, 8.64, 18.303, 14.249225277186124,0.8888888888888888,0.001680201624194967,[1.e-300]
4, 10, 2.52, 35.77, 6.5, 14.274000000000001, 14.141867769145632,0.9444444444444444,0.0,[1.e-300]
5, 10, 4.0, 39.41, 22.235, 21.64, 14.847978987054097,0.8777777777777778,0.10176125244618377,[1.e-300]
6, 10, 4.49, 39.41, 6.140000000000001, 15.463, 14.140243314738257,0.9555555555555556,0.0,[1.e-300]
7, 10, 5.0, 39.41, 9.0, 16.765, 13.920954169883615,0.9333333333333333,0.0,[1.e-300]
8, 10, 3.0, 39.41, 6.075, 12.903, 13.179671505769786,0.9444444444444444,0.0,[1.e-300]
9, 10, 4.49, 39.41, 10.27, 16.509, 13.944483102646723,0.9111111111111111,0.0,[1.e-300]
10, 10, 5.0, 39.41, 8.5, 16.722, 14.513687195196125,0.8888888888888888,0.0,[1.e-300]
