generation number, individual number, fitness, candidate
0, 0, 2.1, [47392, 86]
0, 1, 2.09, [80450, 94016]
0, 2, 2.09, [70193, 94016]
0, 3, 2.09, [284, 90]
0, 4, 2.07, [70193, 85839]
0, 5, 2.06, [86, 14198]
0, 6, 2.06, [91978, 14198]
0, 7, 2.05, [86543, 558]
0, 8, 2.04, [14200, 66170]
0, 9, 2.03, [66169, 91978]
1, 0, 2.1, [47392, 86]
1, 1, 2.09, [56239, 40787]
1, 2, 2.09, [80450, 94016]
1, 3, 2.08, [70193, 46]
1, 4, 2.08, [127089, 1061]
1, 5, 2.06, [86, 1061]
1, 6, 2.06, [90, 126458]
1, 7, 2.05, [86543, 86]
1, 8, 2.04, [130282, 70198]
1, 9, 2.04, [42918, 89]
2, 0, 2.1, [70193, 90]
2, 1, 2.1, [47392, 86]
2, 2, 2.1, [47392, 86]
2, 3, 2.09, [86, 1061]
2, 4, 2.09, [56240, 86]
2, 5, 2.09, [56239, 40787]
2, 6, 2.06, [80450, 88]
2, 7, 2.06, [47392, 11388]
2, 8, 2.05, [80450, 87]
2, 9, 2.04, [73931, 94016]
3, 0, 2.1, [127088, 14198]
3, 1, 2.1, [70193, 90]
3, 2, 2.1, [47392, 86]
3, 3, 2.08, [70193, 89]
3, 4, 2.08, [70193, 98062]
3, 5, 2.05, [47392, 284]
3, 6, 2.04, [126458, 90]
3, 7, 2.03, [70198, 11388]
3, 8, 2.03, [14223, 88]
3, 9, 2.02, [66076, 124712]
4, 0, 2.11, [70193, 14199]
4, 1, 2.1, [127088, 14198]
4, 2, 2.1, [70193, 90]
4, 3, 2.09, [76776, 14198]
4, 4, 2.08, [127088, 283]
4, 5, 2.08, [148118, 90]
4, 6, 2.03, [127088, 281]
4, 7, 2.02, [70193, 40787]
4, 8, 2.02, [130282, 96648]
4, 9, 2.02, [42918, 11925]
5, 0, 2.11, [70193, 13042]
5, 1, 2.11, [94016, 90]
5, 2, 2.11, [70193, 14199]
5, 3, 2.1, [127088, 14198]
5, 4, 2.07, [113478, 14201]
5, 5, 2.07, [40786, 86]
5, 6, 2.07, [148118, 90]
5, 7, 2.06, [56237, 14200]
5, 8, 2.04, [221360, 14198]
5, 9, 2.04, [98062, 13042]
6, 0, 2.15, [88, 66076]
6, 1, 2.11, [66076, 285]
6, 2, 2.11, [70193, 13042]
6, 3, 2.11, [94016, 90]
6, 4, 2.08, [144434, 86]
6, 5, 2.07, [14200, 90]
6, 6, 2.07, [70193, 14200]
6, 7, 2.07, [86, 62858]
6, 8, 2.06, [70199, 11925]
6, 9, 2.05, [100807, 62858]
7, 0, 2.15, [88, 66076]
7, 1, 2.11, [66076, 285]
7, 2, 2.1, [88, 284]
7, 3, 2.09, [70193, 283]
7, 4, 2.06, [66079, 66076]
7, 5, 2.06, [88, 1062]
7, 6, 2.06, [94016, 98065]
7, 7, 2.05, [94016, 70195]
7, 8, 2.05, [66076, 14200]
7, 9, 2.04, [278, 98065]
8, 0, 2.15, [88, 66076]
8, 1, 2.14, [14199, 66076]
8, 2, 2.11, [66076, 285]
8, 3, 2.07, [66076, 1061]
8, 4, 2.06, [85838, 279]
8, 5, 2.06, [279, 284]
8, 6, 2.05, [88, 86]
8, 7, 2.04, [66078, 280]
8, 8, 2.04, [80450, 283]
8, 9, 2.04, [821, 87]
9, 0, 2.15, [88, 66076]
9, 1, 2.14, [14199, 66076]
9, 2, 2.11, [14199, 70196]
9, 3, 2.08, [14199, 66076]
9, 4, 2.08, [76776, 285]
9, 5, 2.08, [14199, 66079]
9, 6, 2.07, [66079, 70364]
9, 7, 2.06, [56240, 126458]
9, 8, 2.04, [150655, 70193]
9, 9, 2.04, [66076, 80450]
10, 0, 2.16, [14201, 66076]
10, 1, 2.15, [88, 66076]
10, 2, 2.14, [14199, 66076]
10, 3, 2.13, [90, 66076]
10, 4, 2.12, [87, 66079]
10, 5, 2.07, [14199, 80450]
10, 6, 2.06, [88, 66079]
10, 7, 2.06, [90, 66076]
10, 8, 2.05, [88, 113478]
10, 9, 2.04, [80450, 98062]
