generation number, pop_size, worst, best, median, avg, std, diversity, improvement, number_of_selections
0, 10, 2.0, 2.04, 2.0149999999999997, 2.0169999999999995, 0.01100000000000004,0.9777777777777777,0,[1.e-300]
1, 10, 2.0, 2.06, 2.03, 2.0269999999999997, 0.01676305461424026,0.9555555555555556,0.00980392156862746,[1.e-300]
2, 10, 2.01, 2.11, 2.05, 2.0519999999999996, 0.026381811916545858,0.9333333333333333,0.024271844660194088,[1.e-300]
3, 10, 2.01, 2.13, 2.0549999999999997, 2.059, 0.03562302626111376,0.9222222222222223,0.009478672985782,[1.e-300]
4, 10, 2.02, 2.13, 2.04, 2.062, 0.042614551505325005,0.9444444444444444,0.0,[1.e-300]
5, 10, 2.02, 2.13, 2.0599999999999996, 2.069, 0.037802116342871575,0.8777777777777778,0.0,[1.e-300]
6, 10, 2.02, 2.13, 2.0549999999999997, 2.0669999999999997, 0.04026164427839481,0.9111111111111111,0.0,[1.e-300]
7, 10, 2.03, 2.13, 2.065, 2.071, 0.03726929030716851,0.8888888888888888,0.0,[1.e-300]
8, 10, 2.03, 2.13, 2.065, 2.072, 0.03627671429443415,0.9,0.0,[1.e-300]
9, 10, 2.01, 2.13, 2.045, 2.062, 0.041424630354416,0.9222222222222223,0.0,[1.e-300]
10, 10, 2.01, 2.13, 2.04, 2.057, 0.04428317965096906,0.9333333333333333,0.0,[1.e-300]
