generation number, individual number, fitness, candidate
0, 0, 2.04, [335, 222]
0, 1, 2.03, [2515, 301]
0, 2, 2.02, [2574, 2712]
0, 3, 2.02, [220, 149]
0, 4, 2.02, [1069, 534]
0, 5, 2.01, [193, 303]
0, 6, 2.01, [76, 220]
0, 7, 2.01, [2950, 291]
0, 8, 2.01, [343, 2765]
0, 9, 2.0, [1069, 240]
1, 0, 2.06, [2525, 222]
1, 1, 2.04, [2065, 615]
1, 2, 2.04, [335, 222]
1, 3, 2.03, [226, 534]
1, 4, 2.03, [874, 275]
1, 5, 2.03, [2515, 301]
1, 6, 2.02, [226, 534]
1, 7, 2.01, [263, 219]
1, 8, 2.01, [3716, 2950]
1, 9, 2.0, [1069, 219]
2, 0, 2.11, [2512, 615]
2, 1, 2.07, [2525, 279]
2, 2, 2.07, [277, 541]
2, 3, 2.06, [2525, 222]
2, 4, 2.05, [2065, 2596]
2, 5, 2.05, [3155, 259]
2, 6, 2.04, [2065, 615]
2, 7, 2.03, [2950, 222]
2, 8, 2.03, [1088, 222]
2, 9, 2.01, [103, 219]
3, 0, 2.13, [279, 295]
3, 1, 2.11, [2512, 615]
3, 2, 2.07, [2525, 279]
3, 3, 2.06, [277, 91]
3, 4, 2.06, [295, 2711]
3, 5, 2.05, [2512, 615]
3, 6, 2.05, [2514, 615]
3, 7, 2.03, [2525, 220]
3, 8, 2.02, [3334, 1087]
3, 9, 2.01, [244, 265]
4, 0, 2.13, [269, 295]
4, 1, 2.13, [279, 295]
4, 2, 2.11, [2512, 615]
4, 3, 2.07, [2065, 77]
4, 4, 2.04, [2512, 283]
4, 5, 2.04, [380, 2711]
4, 6, 2.03, [260, 615]
4, 7, 2.03, [2512, 2513]
4, 8, 2.02, [265, 534]
4, 9, 2.02, [301, 4602]
5, 0, 2.13, [269, 295]
5, 1, 2.13, [279, 295]
5, 2, 2.09, [244, 295]
5, 3, 2.09, [269, 295]
5, 4, 2.07, [279, 622]
5, 5, 2.05, [154, 2765]
5, 6, 2.04, [77, 874]
5, 7, 2.04, [2512, 876]
5, 8, 2.03, [279, 622]
5, 9, 2.02, [302, 2527]
6, 0, 2.13, [269, 295]
6, 1, 2.13, [279, 295]
6, 2, 2.1, [77, 222]
6, 3, 2.09, [288, 295]
6, 4, 2.06, [2530, 98]
6, 5, 2.05, [279, 2530]
6, 6, 2.03, [2515, 876]
6, 7, 2.03, [2770, 295]
6, 8, 2.03, [2765, 244]
6, 9, 2.02, [558, 2762]
7, 0, 2.13, [269, 295]
7, 1, 2.13, [279, 295]
7, 2, 2.1, [2764, 295]
7, 3, 2.08, [279, 3135]
7, 4, 2.08, [269, 149]
7, 5, 2.05, [1811, 104]
7, 6, 2.05, [301, 2513]
7, 7, 2.03, [288, 209]
7, 8, 2.03, [279, 219]
7, 9, 2.03, [274, 295]
8, 0, 2.13, [269, 295]
8, 1, 2.13, [279, 295]
8, 2, 2.1, [266, 295]
8, 3, 2.08, [558, 269]
8, 4, 2.08, [2512, 2596]
8, 5, 2.05, [1088, 2530]
8, 6, 2.05, [1811, 303]
8, 7, 2.04, [279, 222]
8, 8, 2.03, [2596, 2530]
8, 9, 2.03, [279, 2065]
9, 0, 2.13, [269, 295]
9, 1, 2.13, [279, 295]
9, 2, 2.1, [103, 295]
9, 3, 2.07, [285, 295]
9, 4, 2.05, [279, 2156]
9, 5, 2.04, [149, 274]
9, 6, 2.03, [2770, 3334]
9, 7, 2.03, [260, 222]
9, 8, 2.03, [261, 250]
9, 9, 2.01, [541, 343]
10, 0, 2.13, [269, 295]
10, 1, 2.13, [279, 295]
10, 2, 2.1, [2574, 295]
10, 3, 2.06, [279, 2530]
10, 4, 2.05, [279, 81]
10, 5, 2.03, [103, 2156]
10, 6, 2.02, [1086, 264]
10, 7, 2.02, [285, 2513]
10, 8, 2.02, [2515, 154]
10, 9, 2.01, [2950, 250]
