n_nodes,influence,n0,n1,n2,n3,n4
5,1678.1000,3563,4536,4007,117,4175
5,1674.2000,3563,4536,4007,117,4175
5,1674.2000,3563,4536,4007,117,4175
5,1674.2000,3563,4536,4007,117,4175
5,1674.2000,3563,4536,4007,117,4175
5,1674.2000,3563,4536,4007,117,4175
5,1674.2000,3563,4536,4007,117,4175
5,1674.2000,3563,4536,4007,117,4175
5,1674.2000,3563,4536,4007,117,4175
5,1674.2000,3563,4536,4007,117,4175
5,1674.2000,3563,4536,4007,117,4175
5,1674.2000,3563,4536,4007,117,4175
5,1674.2000,3563,4536,4007,117,4175
5,1674.2000,3563,4536,4007,117,4175
5,1674.2000,3563,4536,4007,117,4175
5,1674.2000,3563,4536,4007,117,4175
