generation number, individual number, fitness, candidate
0, 0, 16.37, [1088, 277, 91]
0, 1, 14.41, [279, 2530, 226]
0, 2, 12.12, [300, 876, 222]
0, 3, 11.25, [259, 2950, 1069]
0, 4, 10.39, [266, 285, 226]
0, 5, 10.31, [2596, 2065, 263]
0, 6, 10.21, [2765, 2514, 302]
0, 7, 8.87, [2515, 3135, 2513]
0, 8, 8.77, [154, 2950, 2532]
0, 9, 8.26, [291, 2712, 558]
1, 0, 26.04, [279, 295, 91]
1, 1, 24.41, [1088, 295, 226]
1, 2, 18.25, [1088, 277, 2574]
1, 3, 17.83, [98, 277, 222]
1, 4, 16.37, [1088, 277, 91]
1, 5, 15.15, [269, 263, 2514]
1, 6, 14.55, [300, 2764, 91]
1, 7, 14.41, [279, 2530, 226]
1, 8, 14.2, [279, 263, 91]
1, 9, 9.03, [2765, 263, 226]
2, 0, 27.63, [279, 295, 1811]
2, 1, 26.04, [279, 295, 91]
2, 2, 25.9, [1088, 295, 1811]
2, 3, 24.75, [279, 295, 2574]
2, 4, 24.41, [1088, 295, 226]
2, 5, 19.84, [4602, 295, 2574]
2, 6, 19.83, [1088, 295, 102]
2, 7, 19.28, [1095, 277, 91]
2, 8, 19.17, [244, 295, 222]
2, 9, 14.48, [1088, 77, 91]
3, 0, 27.63, [279, 295, 1811]
3, 1, 26.04, [279, 295, 91]
3, 2, 24.07, [537, 295, 277]
3, 3, 22.99, [1095, 295, 226]
3, 4, 22.71, [260, 295, 91]
3, 5, 22.29, [288, 295, 302]
3, 6, 15.8, [279, 193, 91]
3, 7, 15.29, [3155, 91, 1811]
3, 8, 11.04, [279, 622, 335]
3, 9, 10.25, [256, 250, 91]
4, 0, 27.63, [279, 295, 1811]
4, 1, 26.04, [279, 295, 91]
4, 2, 25.87, [277, 295, 266]
4, 3, 25.72, [1082, 295, 1811]
4, 4, 24.66, [279, 295, 2712]
4, 5, 15.21, [316, 295, 240]
4, 6, 13.92, [279, 191, 226]
4, 7, 13.15, [279, 2065, 280]
4, 8, 11.99, [260, 3716, 1811]
4, 9, 11.22, [2597, 244, 1082]
5, 0, 27.63, [279, 295, 1811]
5, 1, 26.04, [279, 295, 91]
5, 2, 23.19, [279, 295, 3334]
5, 3, 22.71, [279, 295, 102]
5, 4, 21.91, [1080, 295, 280]
5, 5, 21.25, [159, 295, 2513]
5, 6, 18.5, [2065, 269, 1811]
5, 7, 12.7, [279, 616, 3155]
5, 8, 12.6, [302, 4849, 1811]
5, 9, 9.06, [279, 219, 266]
6, 0, 27.63, [279, 295, 1811]
6, 1, 26.04, [279, 295, 91]
6, 2, 24.83, [279, 295, 303]
6, 3, 24.43, [259, 295, 154]
6, 4, 17.01, [264, 295, 102]
6, 5, 14.55, [279, 285, 91]
6, 6, 13.22, [279, 301, 91]
6, 7, 12.64, [279, 1088, 219]
6, 8, 12.01, [279, 91, 2156]
6, 9, 9.13, [265, 264, 2065]
7, 0, 27.63, [279, 295, 1811]
7, 1, 26.04, [279, 295, 91]
7, 2, 22.24, [193, 295, 541]
7, 3, 19.89, [380, 98, 277]
7, 4, 18.46, [244, 295, 2712]
7, 5, 18.27, [1087, 295, 2527]
7, 6, 17.07, [278, 295, 316]
7, 7, 14.05, [279, 283, 91]
7, 8, 13.33, [279, 1086, 609]
7, 9, 9.55, [279, 343, 615]
8, 0, 27.63, [279, 295, 1811]
8, 1, 26.04, [279, 295, 91]
8, 2, 24.78, [277, 295, 2712]
8, 3, 24.41, [2764, 295, 1811]
8, 4, 22.34, [193, 295, 2765]
8, 5, 22.33, [193, 295, 2712]
8, 6, 22.15, [191, 295, 2711]
8, 7, 21.86, [380, 295, 541]
8, 8, 17.72, [244, 295, 541]
8, 9, 15.31, [1086, 269, 149]
9, 0, 27.63, [279, 295, 1811]
9, 1, 26.04, [279, 295, 91]
9, 2, 25.78, [220, 295, 1811]
9, 3, 24.18, [279, 295, 609]
9, 4, 24.17, [279, 295, 2770]
9, 5, 23.85, [303, 295, 1811]
9, 6, 23.82, [277, 295, 1069]
9, 7, 22.31, [244, 295, 1811]
9, 8, 21.88, [2770, 295, 2065]
9, 9, 12.96, [2764, 266, 1811]
10, 0, 27.63, [279, 295, 1811]
10, 1, 26.04, [279, 295, 91]
10, 2, 20.06, [209, 295, 2514]
10, 3, 16.26, [279, 2512, 91]
10, 4, 16.16, [279, 2530, 1811]
10, 5, 13.26, [279, 296, 159]
10, 6, 13.19, [279, 534, 91]
10, 7, 12.94, [541, 2599, 1811]
10, 8, 12.6, [279, 219, 250]
10, 9, 11.34, [380, 2593, 1811]
