generation number, pop_size, worst, best, median, avg, std, diversity, improvement, number_of_selections
0, 10, 2.0, 62.3, 5.5, 10.789, 17.289560115861825,0.9888888888888889,0,[1.e-300]
1, 10, 4.0, 62.3, 6.79, 17.845999999999997, 22.282561881435445,0.9555555555555556,0.0,[1.e-300]
2, 10, 3.0, 62.3, 13.280000000000001, 29.885, 26.396018355047413,0.8555555555555556,0.0,[1.e-300]
3, 10, 2.0, 62.3, 5.0, 22.887, 26.191573473161174,0.9555555555555556,0.0,[1.e-300]
4, 10, 6.0, 62.3, 10.285, 24.937, 24.49380576798959,0.9,0.0,[1.e-300]
5, 10, 2.0, 64.33, 36.885000000000005, 34.398, 27.928365795370127,0.8555555555555556,0.03258426966292137,[1.e-300]
6, 10, 3.0, 64.33, 9.0, 23.48, 25.786244007222145,0.9555555555555556,0.0,[1.e-300]
7, 10, 3.0, 65.97, 7.705, 24.145000000000003, 26.278847862872528,0.8888888888888888,0.02549354888854346,[1.e-300]
8, 10, 3.0, 65.97, 9.235, 23.037, 24.199301250242744,0.9666666666666667,0.0,[1.e-300]
9, 10, 4.0, 65.97, 8.745000000000001, 27.840000000000003, 26.3889120654869,0.9444444444444444,0.0,[1.e-300]
10, 10, 2.0, 65.97, 6.5, 23.797000000000004, 26.91624678516676,0.9333333333333333,0.0,[1.e-300]
