generation number, pop_size, worst, best, median, avg, std, diversity, improvement, number_of_selections
0, 10, 2.0, 2.12, 2.04, 2.039, 0.033301651610693477,0.9888888888888889,0,[1.e-300]
1, 10, 2.07, 2.21, 2.125, 2.1310000000000002, 0.03590264614203248,0.8666666666666667,0.04245283018867917,[1.e-300]
2, 10, 2.07, 2.21, 2.1550000000000002, 2.1470000000000002, 0.03796050579220465,0.8777777777777778,0.0,[1.e-300]
3, 10, 2.09, 2.21, 2.13, 2.1390000000000002, 0.03176476034853721,0.8444444444444444,0.0,[1.e-300]
4, 10, 2.09, 2.21, 2.105, 2.122, 0.039191835884530894,0.8444444444444444,0.0,[1.e-300]
5, 10, 2.05, 2.21, 2.09, 2.108, 0.050159744815937886,0.9,0.0,[1.e-300]
6, 10, 2.07, 2.21, 2.0949999999999998, 2.12, 0.051380930314660574,0.8666666666666667,0.0,[1.e-300]
7, 10, 2.06, 2.21, 2.115, 2.126, 0.0434050688284214,0.8888888888888888,0.0,[1.e-300]
8, 10, 2.08, 2.21, 2.1399999999999997, 2.1369999999999996, 0.04561797891182817,0.8,0.0,[1.e-300]
9, 10, 2.07, 2.21, 2.1399999999999997, 2.136, 0.04608687448721164,0.8444444444444444,0.0,[1.e-300]
10, 10, 2.08, 2.21, 2.135, 2.1380000000000003, 0.04308131845707602,0.7888888888888889,0.0,[1.e-300]
