num_genrations,diversity,improvement,best_fitness
0,0.9780701754385965,0,60.669999999999995
1,0.7478070175438597,0.049447832536673696,63.66999999999999
2,0.2605263157894736,0.01366420606250989,64.53999999999999
3,0.02631578947368407,0.0,64.53999999999999
4,0.03026315789473677,0.0,64.53999999999999
5,0.006578947368421018,0.0,64.53999999999999
6,0.006578947368421018,0.0,64.53999999999999
7,0.006578947368421018,0.0,64.53999999999999
8,0.006578947368421018,0.02045243259993792,65.85999999999999
9,0.03947368421052633,0.022623747342848395,67.34999999999998
10,0.017105263157894735,0.0,67.34999999999998
