n_nodes,influence,n0,n1,n2,n3,n4
5,5691.4400,333,241,155,157,731
5,5619.1100,105,241,155,731,157
5,5619.1100,105,241,155,731,157
5,5619.1100,105,241,155,731,157
5,5619.1100,105,241,155,731,157
5,5619.1100,105,241,155,731,157
5,5619.1100,105,241,155,731,157
5,5619.1100,105,241,155,731,157
5,5619.1100,105,241,155,731,157
5,5619.1100,105,241,155,731,157
5,5619.1100,105,241,155,731,157
5,5619.1100,105,241,155,731,157
5,5619.1100,105,241,155,731,157
5,5619.1100,105,241,155,731,157
5,5619.1100,105,241,155,731,157
5,5619.1100,105,241,155,731,157
