generation number, individual number, fitness, candidate
0, 0, 23.0, [1068, 1091, 1425]
0, 1, 19.0, [695, 1091, 905]
0, 2, 12.0, [1442, 695, 1201]
0, 3, 9.0, [975, 1125, 1935]
0, 4, 8.58, [1223, 775, 1378]
0, 5, 8.0, [1020, 1146, 1332]
0, 6, 7.72, [1131, 1230, 1125]
0, 7, 7.51, [645, 1497, 1223]
0, 8, 7.0, [1767, 1351, 1935]
0, 9, 3.0, [1279, 1146, 1437]
1, 0, 23.0, [1068, 1091, 1425]
1, 1, 19.0, [695, 1091, 905]
1, 2, 17.0, [831, 1401, 1425]
1, 3, 15.94, [1224, 1378, 1223]
1, 4, 14.46, [1223, 1906, 1425]
1, 5, 13.0, [831, 1091, 1378]
1, 6, 12.8, [1068, 1990, 1620]
1, 7, 8.0, [1332, 1311, 975]
1, 8, 7.0, [1068, 1225, 2110]
1, 9, 7.0, [1125, 5684, 1020]
2, 0, 25.0, [140, 1091, 1425]
2, 1, 23.0, [1068, 1091, 1425]
2, 2, 19.0, [695, 1430, 1425]
2, 3, 19.0, [1068, 2171, 1425]
2, 4, 19.0, [695, 1442, 1425]
2, 5, 19.0, [695, 1430, 1425]
2, 6, 19.0, [695, 1091, 905]
2, 7, 16.0, [831, 1091, 905]
2, 8, 14.52, [1223, 1311, 1425]
2, 9, 14.0, [1068, 1442, 905]
3, 0, 25.0, [140, 1091, 1425]
3, 1, 23.0, [1141, 1091, 1425]
3, 2, 23.0, [1068, 1091, 1425]
3, 3, 19.62, [140, 1223, 1425]
3, 4, 19.0, [695, 1430, 1425]
3, 5, 19.0, [140, 1430, 1401]
3, 6, 18.44, [521, 1091, 1223]
3, 7, 16.0, [695, 1078, 1425]
3, 8, 13.0, [831, 1091, 1695]
3, 9, 13.0, [1068, 1125, 2320]
4, 0, 25.0, [140, 1091, 1425]
4, 1, 23.0, [1141, 1091, 1425]
4, 2, 19.02, [1090, 1091, 1350]
4, 3, 18.0, [576, 1091, 1020]
4, 4, 16.0, [1141, 1091, 1279]
4, 5, 16.0, [140, 1078, 1425]
4, 6, 16.0, [1417, 1091, 1141]
4, 7, 15.0, [140, 1311, 1425]
4, 8, 12.5, [1402, 645, 1425]
4, 9, 11.45, [140, 1311, 1990]
5, 0, 63.23, [1509, 1091, 1350]
5, 1, 25.06, [576, 1091, 1350]
5, 2, 25.0, [140, 1091, 1425]
5, 3, 24.9, [576, 1091, 1350]
5, 4, 24.9, [576, 1091, 1350]
5, 5, 23.0, [1141, 1091, 1425]
5, 6, 14.86, [140, 1311, 1350]
5, 7, 13.0, [1090, 1091, 1201]
5, 8, 13.0, [1090, 1091, 5684]
5, 9, 11.0, [1090, 1078, 1425]
6, 0, 64.72, [1509, 1091, 1425]
6, 1, 63.23, [1509, 1091, 1350]
6, 2, 62.76, [1509, 1424, 1437]
6, 3, 25.06, [576, 1091, 1350]
6, 4, 22.52, [1407, 1091, 1350]
6, 5, 19.0, [140, 1091, 1652]
6, 6, 19.0, [1141, 1091, 1068]
6, 7, 16.0, [576, 1078, 1425]
6, 8, 14.96, [576, 1424, 1350]
6, 9, 10.96, [645, 1350, 1247]
7, 0, 64.98, [1509, 1442, 1401]
7, 1, 64.72, [1509, 1091, 1425]
7, 2, 64.09, [1509, 1091, 1279]
7, 3, 63.23, [1509, 1091, 1350]
7, 4, 18.49, [2171, 1407, 1425]
7, 5, 18.0, [576, 1091, 3124]
7, 6, 15.48, [2989, 1091, 1223]
7, 7, 14.55, [1025, 1442, 1990]
7, 8, 14.0, [1247, 1091, 5684]
7, 9, 13.94, [1020, 1332, 1350]
8, 0, 66.9, [1509, 1223, 1425]
8, 1, 66.55, [1509, 1091, 1328]
8, 2, 65.32, [1509, 1442, 1401]
8, 3, 64.98, [1509, 1442, 1401]
8, 4, 64.72, [1509, 1091, 1425]
8, 5, 64.05, [1509, 1417, 1480]
8, 6, 63.24, [1509, 1311, 1401]
8, 7, 20.0, [1091, 1442, 1425]
8, 8, 15.0, [1403, 1442, 1425]
8, 9, 14.0, [1020, 1442, 1401]
9, 0, 67.78, [1509, 1058, 1328]
9, 1, 66.9, [1509, 1223, 1425]
9, 2, 66.55, [1509, 1091, 1328]
9, 3, 66.4, [1509, 1223, 1328]
9, 4, 65.74, [1509, 1407, 1328]
9, 5, 65.42, [1509, 1091, 521]
9, 6, 64.19, [1509, 1091, 1620]
9, 7, 62.17, [1509, 1149, 1425]
9, 8, 21.49, [788, 1091, 1401]
9, 9, 16.5, [1058, 1223, 1401]
10, 0, 68.09, [1509, 1223, 975]
10, 1, 67.78, [1509, 1058, 1328]
10, 2, 66.9, [1509, 1223, 1425]
10, 3, 65.96, [1509, 1058, 975]
10, 4, 64.94, [1509, 1328, 1020]
10, 5, 64.34, [1509, 1058, 5684]
10, 6, 12.0, [1131, 1058, 1425]
10, 7, 11.54, [1332, 1223, 1201]
10, 8, 11.0, [1401, 717, 1225]
10, 9, 8.0, [1430, 717, 1497]
11, 0, 69.17, [1509, 1223, 1430]
11, 1, 68.09, [1509, 1223, 975]
11, 2, 67.78, [1509, 1058, 1328]
11, 3, 66.75, [1509, 1407, 1425]
11, 4, 66.16, [1509, 785, 975]
11, 5, 66.15, [1509, 1407, 1990]
11, 6, 64.25, [1509, 1378, 975]
11, 7, 16.58, [2377, 1223, 1350]
11, 8, 12.57, [1351, 1223, 645]
11, 9, 11.54, [695, 1223, 1328]
12, 0, 69.17, [1509, 1223, 1430]
12, 1, 68.09, [1509, 1223, 975]
12, 2, 66.53, [1509, 1224, 785]
12, 3, 65.93, [1509, 1058, 1025]
12, 4, 65.8, [1509, 1223, 970]
12, 5, 65.54, [1509, 1223, 1040]
12, 6, 14.86, [1350, 1058, 1430]
12, 7, 14.49, [1425, 1223, 1168]
12, 8, 9.52, [1328, 1407, 1430]
12, 9, 9.52, [1417, 1223, 1328]
13, 0, 69.17, [1509, 1223, 1430]
13, 1, 68.96, [1509, 1407, 785]
13, 2, 68.09, [1509, 1223, 975]
13, 3, 66.24, [1509, 751, 1430]
13, 4, 66.21, [1509, 1442, 326]
13, 5, 66.07, [1509, 1430, 751]
13, 6, 65.55, [1509, 1480, 975]
13, 7, 64.3, [1509, 1437, 785]
13, 8, 62.0, [1509, 1611, 1131]
13, 9, 11.52, [2989, 1224, 975]
14, 0, 70.23, [1509, 576, 1430]
14, 1, 70.0, [1509, 1407, 1025]
14, 2, 69.17, [1509, 1223, 1430]
14, 3, 68.96, [1509, 1407, 785]
14, 4, 68.74, [1509, 1407, 785]
14, 5, 66.7, [1509, 1223, 1131]
14, 6, 64.21, [1509, 1332, 1226]
14, 7, 13.0, [1078, 1425, 785]
14, 8, 12.52, [1068, 1223, 1611]
14, 9, 9.5, [697, 1141, 1430]
15, 0, 70.23, [1509, 576, 1430]
15, 1, 70.0, [1509, 1407, 1025]
15, 2, 67.83, [1509, 1328, 1430]
15, 3, 67.44, [1509, 2320, 1430]
15, 4, 67.2, [1509, 571, 1430]
15, 5, 66.31, [1509, 326, 1442]
15, 6, 66.01, [1509, 1223, 1935]
15, 7, 64.93, [1509, 1497, 1025]
15, 8, 15.65, [1990, 576, 1025]
15, 9, 14.48, [2332, 1407, 1430]
16, 0, 70.23, [1509, 576, 1430]
16, 1, 70.0, [1509, 1407, 1025]
16, 2, 66.54, [1509, 645, 1025]
16, 3, 64.94, [1509, 645, 1430]
16, 4, 16.0, [1091, 571, 1430]
16, 5, 13.41, [1417, 576, 1328]
16, 6, 12.4, [2377, 1407, 1430]
16, 7, 12.0, [1442, 571, 1827]
16, 8, 9.38, [1424, 1480, 1230]
16, 9, 8.0, [1695, 1247, 1430]
17, 0, 70.23, [1509, 576, 1430]
17, 1, 70.0, [1509, 1407, 1025]
17, 2, 67.76, [1509, 1328, 1430]
17, 3, 67.66, [1509, 1430, 785]
17, 4, 67.5, [1509, 571, 1430]
17, 5, 66.33, [1509, 314, 1025]
17, 6, 66.18, [1509, 314, 1025]
17, 7, 14.53, [2332, 1407, 1430]
17, 8, 12.0, [1131, 576, 1025]
17, 9, 8.0, [1279, 1437, 576]
18, 0, 70.23, [1509, 576, 1430]
18, 1, 70.0, [1509, 1407, 1025]
18, 2, 67.52, [1509, 576, 775]
18, 3, 66.51, [1509, 1279, 1025]
18, 4, 20.0, [1351, 576, 1425]
18, 5, 18.93, [1224, 1407, 1430]
18, 6, 17.53, [1425, 1407, 1430]
18, 7, 17.48, [1401, 1407, 1430]
18, 8, 14.55, [2171, 1328, 1430]
18, 9, 12.0, [2989, 576, 1025]
19, 0, 71.54, [1509, 576, 1025]
19, 1, 70.23, [1509, 576, 1430]
19, 2, 70.0, [1509, 1407, 1025]
19, 3, 68.02, [1509, 1417, 1025]
19, 4, 65.72, [1509, 1407, 2110]
19, 5, 65.49, [1509, 1407, 1906]
19, 6, 65.46, [1509, 1028, 1430]
19, 7, 61.43, [1509, 1695, 1437]
19, 8, 13.0, [1146, 576, 1430]
19, 9, 13.0, [1935, 576, 1025]
20, 0, 72.35, [1509, 2171, 576]
20, 1, 71.54, [1509, 576, 1025]
20, 2, 71.31, [1509, 576, 1025]
20, 3, 70.23, [1509, 576, 1430]
20, 4, 67.27, [1509, 1230, 1025]
20, 5, 64.37, [1509, 571, 775]
20, 6, 14.9, [1224, 1328, 775]
20, 7, 11.0, [1332, 1131, 1430]
20, 8, 8.0, [787, 521, 905]
20, 9, 7.0, [1090, 576, 1064]
21, 0, 72.35, [1509, 2171, 576]
21, 1, 71.84, [1509, 576, 1125]
21, 2, 71.54, [1509, 576, 1025]
21, 3, 63.22, [1509, 1401, 1437]
21, 4, 61.15, [1509, 1767, 1090]
21, 5, 14.0, [2332, 1401, 1028]
21, 6, 14.0, [1078, 576, 2171]
21, 7, 13.0, [1078, 1025, 576]
21, 8, 12.0, [1767, 1125, 576]
21, 9, 11.0, [1225, 905, 576]
22, 0, 72.35, [1509, 2171, 576]
22, 1, 71.84, [1509, 576, 1125]
22, 2, 64.36, [1509, 5684, 571]
22, 3, 64.34, [1509, 775, 1332]
22, 4, 16.0, [1401, 1480, 1146]
22, 5, 16.0, [1442, 2171, 1068]
22, 6, 15.55, [1990, 1430, 576]
22, 7, 15.0, [1146, 1401, 1025]
22, 8, 10.9, [1437, 1350, 1935]
22, 9, 9.04, [1230, 521, 1935]
23, 0, 72.35, [1509, 2171, 576]
23, 1, 71.84, [1509, 576, 1125]
23, 2, 69.39, [1509, 1125, 1332]
23, 3, 68.53, [1509, 2171, 1247]
23, 4, 67.73, [1509, 1090, 576]
23, 5, 67.01, [1509, 2171, 831]
23, 6, 66.89, [1509, 645, 576]
23, 7, 62.02, [1509, 5684, 645]
23, 8, 17.51, [1223, 2171, 576]
23, 9, 15.5, [1990, 1125, 576]
24, 0, 72.35, [1509, 2171, 576]
24, 1, 71.84, [1509, 576, 1125]
24, 2, 68.29, [1509, 1125, 1401]
24, 3, 68.21, [1509, 1368, 576]
24, 4, 68.1, [1509, 1225, 576]
24, 5, 67.4, [1509, 645, 2171]
24, 6, 66.39, [1509, 1090, 1125]
24, 7, 66.34, [1509, 1351, 2171]
24, 8, 66.33, [1509, 2171, 785]
24, 9, 66.06, [1509, 2171, 1351]
25, 0, 72.35, [1509, 2171, 576]
25, 1, 71.84, [1509, 576, 1125]
25, 2, 70.09, [1509, 2320, 576]
25, 3, 69.82, [1509, 576, 2320]
25, 4, 68.85, [1509, 2171, 788]
25, 5, 66.67, [1509, 1020, 1125]
25, 6, 66.06, [1509, 775, 1125]
25, 7, 64.63, [1509, 785, 5684]
25, 8, 63.24, [1509, 3662, 1401]
25, 9, 17.04, [1350, 1279, 1425]
26, 0, 72.35, [1509, 2171, 576]
26, 1, 72.34, [1509, 1125, 576]
26, 2, 71.84, [1509, 576, 1125]
26, 3, 64.16, [1509, 2320, 1020]
26, 4, 62.27, [1509, 1378, 1767]
26, 5, 18.94, [1350, 2171, 1332]
26, 6, 13.0, [1518, 2171, 576]
26, 7, 13.0, [1351, 2171, 1226]
26, 8, 11.0, [1058, 2171, 2320]
26, 9, 10.0, [1279, 1125, 326]
27, 0, 72.35, [1509, 2171, 576]
27, 1, 72.34, [1509, 1125, 576]
27, 2, 67.24, [1509, 1090, 576]
27, 3, 65.14, [1509, 645, 326]
27, 4, 63.5, [1509, 1378, 314]
27, 5, 63.03, [1509, 1378, 1131]
27, 6, 63.02, [1509, 1442, 1767]
27, 7, 18.0, [1091, 1378, 576]
27, 8, 13.0, [1131, 695, 2320]
27, 9, 13.0, [1351, 1497, 576]
28, 0, 72.35, [1509, 2171, 576]
28, 1, 72.34, [1509, 1125, 576]
28, 2, 71.16, [1509, 1141, 576]
28, 3, 68.7, [1509, 1131, 576]
28, 4, 67.91, [1509, 1125, 975]
28, 5, 67.0, [1509, 1767, 576]
28, 6, 65.86, [1509, 1767, 2171]
28, 7, 16.95, [1990, 2171, 576]
28, 8, 15.0, [1141, 1025, 576]
28, 9, 10.95, [1990, 785, 326]
29, 0, 72.35, [1509, 2171, 576]
29, 1, 72.34, [1509, 1125, 576]
29, 2, 66.92, [1509, 2171, 645]
29, 3, 66.4, [1509, 1125, 1767]
29, 4, 62.39, [1509, 1279, 1437]
29, 5, 13.49, [1401, 1402, 326]
29, 6, 13.0, [1497, 2171, 576]
29, 7, 13.0, [1064, 1442, 1091]
29, 8, 12.0, [1935, 2171, 421]
29, 9, 11.0, [905, 1020, 576]
30, 0, 72.43, [1509, 1125, 576]
30, 1, 72.35, [1509, 2171, 576]
30, 2, 72.34, [1509, 1125, 576]
30, 3, 67.38, [1509, 1125, 645]
30, 4, 64.03, [1230, 1028, 1509]
30, 5, 16.0, [1442, 1125, 576]
30, 6, 13.94, [1350, 1125, 645]
30, 7, 11.0, [326, 2171, 1767]
30, 8, 11.0, [1425, 1611, 645]
30, 9, 10.0, [1378, 2171, 571]
31, 0, 72.52, [1509, 1125, 576]
31, 1, 72.43, [1509, 1125, 576]
31, 2, 72.35, [1509, 2171, 576]
31, 3, 23.0, [1091, 2171, 576]
31, 4, 16.41, [1223, 1025, 576]
31, 5, 13.0, [1767, 2171, 576]
31, 6, 12.0, [1332, 1028, 576]
31, 7, 11.0, [1058, 1146, 576]
31, 8, 11.0, [1025, 1125, 1201]
31, 9, 9.0, [695, 2110, 576]
32, 0, 72.52, [1509, 1125, 576]
32, 1, 72.43, [1509, 1125, 576]
32, 2, 72.19, [1509, 1125, 576]
32, 3, 69.02, [1509, 1068, 788]
32, 4, 67.04, [1509, 2171, 1225]
32, 5, 65.93, [1509, 1025, 645]
32, 6, 18.0, [1091, 1125, 1611]
32, 7, 14.04, [1350, 1125, 1424]
32, 8, 13.54, [1223, 1125, 571]
32, 9, 13.0, [1767, 2171, 576]
33, 0, 72.52, [1509, 1125, 576]
33, 1, 72.43, [1509, 1125, 576]
33, 2, 67.37, [1028, 1125, 1509]
33, 3, 66.17, [1509, 1401, 571]
33, 4, 12.0, [1090, 1068, 576]
33, 5, 11.81, [1990, 1125, 788]
33, 6, 9.0, [1437, 1611, 576]
33, 7, 8.53, [1328, 785, 1611]
33, 8, 8.43, [788, 1226, 2332]
33, 9, 8.0, [1442, 1403, 1767]
34, 0, 72.52, [1509, 1125, 576]
34, 1, 72.43, [1509, 1125, 576]
34, 2, 68.18, [1509, 1125, 751]
34, 3, 67.85, [1509, 1125, 697]
34, 4, 65.28, [1509, 785, 1279]
34, 5, 61.63, [1509, 1403, 1611]
34, 6, 14.0, [1518, 1125, 1401]
34, 7, 12.0, [1430, 2320, 2110]
34, 8, 10.53, [1328, 1619, 576]
34, 9, 9.0, [1497, 1125, 571]
35, 0, 72.52, [1509, 1125, 576]
35, 1, 72.43, [1509, 1125, 576]
35, 2, 67.63, [1509, 1141, 749]
35, 3, 62.96, [1509, 1403, 314]
35, 4, 62.93, [1509, 645, 3124]
35, 5, 62.22, [1509, 1368, 1611]
35, 6, 15.0, [1125, 905, 576]
35, 7, 12.0, [521, 1247, 2320]
35, 8, 12.0, [1146, 695, 751]
35, 9, 12.0, [2989, 1125, 576]
36, 0, 72.52, [1509, 1125, 576]
36, 1, 72.43, [1509, 1125, 576]
36, 2, 70.77, [1509, 1402, 576]
36, 3, 70.34, [1509, 1125, 905]
36, 4, 69.82, [1509, 1125, 905]
36, 5, 69.28, [1509, 695, 975]
36, 6, 68.36, [1509, 1125, 975]
36, 7, 67.04, [1509, 775, 576]
36, 8, 65.61, [1509, 1125, 1078]
36, 9, 17.0, [1091, 1125, 1226]
37, 0, 72.52, [1509, 1125, 576]
37, 1, 72.43, [1509, 1125, 576]
37, 2, 63.98, [1509, 2332, 975]
37, 3, 20.54, [1224, 1125, 576]
37, 4, 19.0, [1425, 1125, 576]
37, 5, 13.51, [1328, 2332, 1332]
37, 6, 11.0, [1131, 1480, 521]
37, 7, 9.0, [775, 1368, 576]
37, 8, 9.0, [1201, 775, 576]
37, 9, 7.0, [645, 785, 571]
38, 0, 72.52, [1509, 1125, 576]
38, 1, 72.43, [1509, 1125, 576]
38, 2, 70.79, [1509, 2320, 576]
38, 3, 70.36, [1509, 2320, 576]
38, 4, 66.87, [1509, 1125, 1168]
38, 5, 66.13, [1509, 1125, 775]
38, 6, 15.0, [751, 1125, 576]
38, 7, 13.0, [3124, 1351, 576]
38, 8, 8.0, [1279, 3124, 576]
38, 9, 7.44, [1695, 326, 788]
39, 0, 72.52, [1509, 1125, 576]
39, 1, 72.43, [1509, 1125, 576]
39, 2, 71.45, [1509, 1141, 576]
39, 3, 68.45, [1509, 1378, 576]
39, 4, 65.26, [1509, 785, 1168]
39, 5, 13.0, [5684, 2171, 576]
39, 6, 12.0, [2171, 1611, 1141]
39, 7, 11.5, [1078, 1125, 1990]
39, 8, 11.0, [326, 1695, 576]
39, 9, 11.0, [1068, 1125, 1619]
40, 0, 72.52, [1509, 1125, 576]
40, 1, 72.43, [1509, 1125, 576]
40, 2, 70.82, [1509, 1402, 576]
40, 3, 70.65, [1509, 1402, 576]
40, 4, 67.43, [1906, 576, 1509]
40, 5, 66.3, [1509, 1827, 905]
40, 6, 65.38, [1509, 1332, 645]
40, 7, 13.54, [1223, 1125, 1230]
40, 8, 11.0, [1141, 1028, 576]
40, 9, 7.0, [1040, 1125, 645]
41, 0, 72.52, [1509, 1125, 576]
41, 1, 72.43, [1509, 1125, 576]
41, 2, 72.17, [1509, 1125, 576]
41, 3, 71.04, [1509, 905, 576]
41, 4, 21.0, [1091, 576, 1068]
41, 5, 19.0, [1401, 1125, 576]
41, 6, 16.0, [785, 2332, 1425]
41, 7, 12.0, [645, 785, 1401]
41, 8, 12.0, [1480, 1125, 5684]
41, 9, 11.58, [1068, 785, 1402]
42, 0, 72.52, [1509, 1125, 576]
42, 1, 72.43, [1509, 1125, 576]
42, 2, 71.02, [1509, 1025, 576]
42, 3, 68.32, [1509, 970, 576]
42, 4, 67.49, [1509, 1226, 576]
42, 5, 13.0, [1078, 576, 1125]
42, 6, 13.0, [1090, 2320, 576]
42, 7, 11.0, [5684, 1401, 1611]
42, 8, 11.0, [1058, 1068, 576]
42, 9, 10.32, [140, 1028, 1230]
43, 0, 72.52, [1509, 1125, 576]
43, 1, 72.43, [1509, 1125, 576]
43, 2, 69.6, [1509, 785, 576]
43, 3, 65.44, [1509, 1225, 1058]
43, 4, 19.0, [1425, 1025, 576]
43, 5, 19.0, [1401, 1025, 576]
43, 6, 16.0, [1430, 1125, 576]
43, 7, 15.0, [140, 1401, 576]
43, 8, 12.0, [521, 785, 2332]
43, 9, 11.0, [1378, 1351, 1141]
44, 0, 72.52, [1509, 1125, 576]
44, 1, 72.43, [1509, 1125, 576]
44, 2, 65.3, [1509, 1225, 571]
44, 3, 19.0, [1425, 1401, 1058]
44, 4, 15.0, [2989, 1401, 576]
44, 5, 14.0, [1425, 1125, 1437]
44, 6, 12.0, [1226, 1025, 576]
44, 7, 11.0, [1225, 1125, 1332]
44, 8, 9.0, [1332, 1279, 571]
44, 9, 9.0, [1332, 785, 1020]
45, 0, 72.52, [1509, 1125, 576]
45, 1, 72.43, [1509, 1125, 576]
45, 2, 67.92, [1509, 1407, 1480]
45, 3, 67.58, [1509, 1767, 576]
45, 4, 67.13, [1509, 785, 571]
45, 5, 65.27, [1509, 1425, 1332]
45, 6, 65.14, [1509, 1225, 571]
45, 7, 17.0, [2377, 1401, 576]
45, 8, 12.0, [2332, 1497, 576]
45, 9, 11.47, [1224, 1424, 1090]
46, 0, 72.52, [1509, 1125, 576]
46, 1, 72.43, [1509, 1125, 576]
46, 2, 67.27, [1509, 1125, 645]
46, 3, 66.18, [1509, 1125, 1090]
46, 4, 64.16, [1509, 1767, 571]
46, 5, 17.0, [1091, 1125, 1497]
46, 6, 15.53, [1091, 1378, 1328]
46, 7, 15.5, [2332, 1407, 576]
46, 8, 13.0, [1403, 1125, 1480]
46, 9, 12.0, [1437, 1125, 576]
47, 0, 72.52, [1509, 1125, 576]
47, 1, 72.43, [1509, 1125, 576]
47, 2, 63.56, [1509, 1368, 1424]
47, 3, 20.0, [2332, 1125, 1091]
47, 4, 14.47, [788, 2320, 695]
47, 5, 12.43, [1417, 1125, 1328]
47, 6, 12.0, [1497, 1430, 576]
47, 7, 12.0, [1226, 1068, 1480]
47, 8, 12.0, [2332, 1430, 975]
47, 9, 7.0, [1068, 1020, 1201]
48, 0, 72.52, [1509, 1125, 576]
48, 1, 72.43, [1509, 1125, 576]
48, 2, 66.36, [1509, 785, 1091]
48, 3, 65.63, [1509, 1480, 788]
48, 4, 64.88, [1509, 785, 1424]
48, 5, 24.0, [1425, 1125, 1091]
48, 6, 15.22, [1350, 1368, 576]
48, 7, 14.0, [2320, 1125, 576]
48, 8, 12.0, [2332, 1368, 576]
48, 9, 12.0, [1351, 1125, 1424]
49, 0, 72.52, [1509, 1125, 576]
49, 1, 72.43, [1509, 1125, 576]
49, 2, 68.39, [1509, 787, 576]
49, 3, 66.59, [1509, 1125, 1090]
49, 4, 64.05, [1509, 1028, 1091]
49, 5, 18.0, [1403, 1125, 1091]
49, 6, 16.0, [1425, 695, 576]
49, 7, 12.0, [140, 1125, 1225]
49, 8, 10.16, [1350, 1131, 1028]
49, 9, 8.88, [1068, 1230, 645]
50, 0, 72.52, [1509, 1125, 576]
50, 1, 72.43, [1509, 1125, 576]
50, 2, 63.39, [1509, 1028, 314]
50, 3, 63.17, [1509, 787, 1425]
50, 4, 15.53, [1224, 1125, 1090]
50, 5, 15.47, [1125, 1279, 1224]
50, 6, 11.0, [1767, 326, 576]
50, 7, 9.0, [775, 1368, 576]
50, 8, 9.0, [1225, 576, 695]
50, 9, 8.0, [1351, 1368, 1028]
