n_nodes,influence,n0,n1,n2,n3,n4
5,24.0400,85482,258129,15763,174902,2350
5,24.0400,201646,45030,144593,201492,209246
5,24.0400,201646,45030,144593,201492,209246
5,24.0400,201646,45030,144593,201492,209246
5,24.0400,201646,45030,144593,201492,209246
5,24.0400,201646,45030,144593,201492,209246
5,24.0400,201646,45030,144593,201492,209246
5,24.0400,201646,45030,144593,201492,209246
5,24.0400,201646,45030,144593,201492,209246
5,24.0400,201646,45030,144593,201492,209246
5,24.0400,201646,45030,144593,201492,209246
5,24.0400,201646,45030,144593,201492,209246
5,24.0400,201646,45030,144593,201492,209246
5,24.0400,201646,45030,144593,201492,209246
5,24.0400,201646,45030,144593,201492,209246
5,24.0400,201646,45030,144593,201492,209246
5,24.0400,201646,45030,144593,201492,209246
5,24.0400,201646,45030,144593,201492,209246
5,24.0400,201646,45030,144593,201492,209246
5,24.0400,201646,45030,144593,201492,209246
5,24.0400,201646,45030,144593,201492,209246
5,24.0400,201646,45030,144593,201492,209246
5,24.0400,201646,45030,144593,201492,209246
5,24.0400,201646,45030,144593,201492,209246
5,24.0400,201646,45030,144593,201492,209246
5,24.0400,201646,45030,144593,201492,209246
5,24.0400,201646,45030,144593,201492,209246
5,24.0400,201646,45030,144593,201492,209246
5,24.0400,201646,45030,144593,201492,209246
5,24.0400,201646,45030,144593,201492,209246
5,24.0400,201646,45030,144593,201492,209246
5,24.0400,201646,45030,144593,201492,209246
5,24.0400,201646,45030,144593,201492,209246
5,24.0400,201646,45030,144593,201492,209246
5,24.0400,201646,45030,144593,201492,209246
5,24.0400,201646,45030,144593,201492,209246
5,24.0400,201646,45030,144593,201492,209246
5,24.0400,201646,45030,144593,201492,209246
5,24.0400,201646,45030,144593,201492,209246
5,24.0400,201646,45030,144593,201492,209246
5,24.0400,201646,45030,144593,201492,209246
5,24.0400,201646,45030,144593,201492,209246
5,24.0400,201646,45030,144593,201492,209246
5,24.0400,201646,45030,144593,201492,209246
5,24.0400,201646,45030,144593,201492,209246
5,24.0400,201646,45030,144593,201492,209246
5,24.0400,201646,45030,144593,201492,209246
5,24.0400,201646,45030,144593,201492,209246
5,24.0400,201646,45030,144593,201492,209246
5,24.0400,201646,45030,144593,201492,209246
5,24.0400,201646,45030,144593,201492,209246
5,24.0400,201646,45030,144593,201492,209246
5,24.0400,201646,45030,144593,201492,209246
5,24.0400,201646,45030,144593,201492,209246
5,24.0400,201646,45030,144593,201492,209246
5,24.0400,201646,45030,144593,201492,209246
5,24.0400,201646,45030,144593,201492,209246
5,24.0400,201646,45030,144593,201492,209246
5,24.0400,201646,45030,144593,201492,209246
5,24.0400,201646,45030,144593,201492,209246
5,24.0400,201646,45030,144593,201492,209246
5,24.0400,201646,45030,144593,201492,209246
5,24.0400,201646,45030,144593,201492,209246
5,24.0400,201646,45030,144593,201492,209246
5,24.0400,201646,45030,144593,201492,209246
5,24.0400,201646,45030,144593,201492,209246
5,24.0400,201646,45030,144593,201492,209246
5,24.0400,201646,45030,144593,201492,209246
5,24.0400,201646,45030,144593,201492,209246
5,24.0400,201646,45030,144593,201492,209246
5,24.0400,201646,45030,144593,201492,209246
5,24.0400,201646,45030,144593,201492,209246
5,24.0400,201646,45030,144593,201492,209246
5,24.0400,201646,45030,144593,201492,209246
5,24.0400,201646,45030,144593,201492,209246
5,24.0400,201646,45030,144593,201492,209246
5,24.0400,201646,45030,144593,201492,209246
5,24.0400,201646,45030,144593,201492,209246
5,24.0400,201646,45030,144593,201492,209246
5,24.0400,201646,45030,144593,201492,209246
5,24.0400,201646,45030,144593,201492,209246
5,24.0400,201646,45030,144593,201492,209246
5,24.0400,201646,45030,144593,201492,209246
5,24.0400,201646,45030,144593,201492,209246
5,24.0400,201646,45030,144593,201492,209246
5,24.0400,201646,45030,144593,201492,209246
5,24.0400,201646,45030,144593,201492,209246
5,24.0400,201646,45030,144593,201492,209246
5,23.8700,201646,45030,258129,174902,154110
5,23.8700,201646,45030,258129,174902,154110
5,23.8700,201646,45030,258129,174902,154110
5,23.8700,201646,45030,258129,174902,154110
5,23.8700,201646,45030,258129,174902,154110
5,23.8700,201646,45030,258129,174902,154110
5,23.8700,201646,45030,258129,174902,154110
5,23.8700,201646,45030,258129,174902,154110
5,23.8700,201646,45030,258129,174902,154110
5,23.8700,201646,45030,258129,174902,154110
5,23.8700,201646,45030,258129,174902,154110
5,23.8700,201646,45030,258129,174902,154110
5,23.8700,201646,45030,258129,174902,154110
5,23.8700,201646,45030,258129,174902,154110
5,23.8700,201646,45030,258129,174902,154110
5,23.8700,201646,45030,258129,174902,154110
5,23.8700,201646,45030,258129,174902,154110
5,23.8600,201646,45030,258129,201492,209246
5,23.6500,201646,45030,258129,174902,154110
5,23.6400,201646,45030,144593,201492,209246
5,23.6300,201646,45030,258129,174902,154110
5,23.6000,201646,45030,144593,174902,154110
5,23.6000,201646,45030,144593,174902,154110
5,23.6000,201646,45030,144593,174902,154110
5,23.5100,201646,45030,144593,201492,62895
5,23.5100,201646,45030,144593,201492,62895
5,23.5100,201646,45030,144593,201492,62895
5,23.5000,126227,258129,15763,174902,154110
5,23.5000,126227,258129,15763,174902,154110
5,23.4900,201646,45030,258129,174902,154110
5,23.4900,85482,15763,258129,174902,154110
5,23.4900,85482,15763,258129,174902,154110
5,23.4900,85482,15763,258129,174902,154110
5,23.4900,85482,15763,258129,174902,154110
5,23.4900,85482,15763,258129,174902,154110
5,23.4900,85482,15763,258129,174902,154110
5,23.4900,148348,201646,144593,201492,209246
5,23.4800,201646,45030,258129,174902,154110
5,23.4600,54643,164747,95737,28342,62895
5,23.4600,54643,164747,95737,28342,62895
