generation number, individual number, fitness, candidate
0, 0, 8.29, [3155, 2530]
0, 1, 6.68, [558, 2530]
0, 2, 6.0, [1088, 343]
0, 3, 6.0, [98, 240]
0, 4, 5.53, [273, 1082]
0, 5, 5.35, [2765, 256]
0, 6, 5.12, [296, 280]
0, 7, 4.34, [102, 91]
0, 8, 2.0, [616, 2156]
0, 9, 2.0, [76, 2156]
1, 0, 20.52, [3155, 295]
1, 1, 10.35, [103, 2530]
1, 2, 9.77, [103, 2530]
1, 3, 9.12, [261, 2512]
1, 4, 8.52, [98, 263]
1, 5, 8.29, [3155, 2530]
1, 6, 8.06, [91, 2593]
1, 7, 7.69, [1082, 260]
1, 8, 6.74, [1095, 2770]
1, 9, 6.68, [558, 2530]
2, 0, 24.94, [269, 295]
2, 1, 20.52, [3155, 295]
2, 2, 19.73, [3155, 295]
2, 3, 19.22, [2599, 295]
2, 4, 12.04, [3155, 300]
2, 5, 11.43, [103, 250]
2, 6, 11.27, [103, 250]
2, 7, 10.35, [103, 2530]
2, 8, 8.4, [1095, 2530]
2, 9, 5.42, [1082, 275]
3, 0, 24.94, [269, 295]
3, 1, 20.52, [3155, 295]
3, 2, 18.16, [285, 295]
3, 3, 16.7, [269, 259]
3, 4, 16.06, [3334, 295]
3, 5, 10.48, [193, 2595]
3, 6, 9.43, [3155, 874]
3, 7, 8.44, [2593, 1088]
3, 8, 8.43, [2764, 1088]
3, 9, 6.0, [1088, 273]
4, 0, 24.94, [269, 295]
4, 1, 20.52, [3155, 295]
4, 2, 17.34, [288, 295]
4, 3, 15.88, [2156, 295]
4, 4, 15.75, [3334, 295]
4, 5, 12.02, [269, 2762]
4, 6, 10.83, [2513, 2597]
4, 7, 8.04, [191, 2512]
4, 8, 6.5, [103, 343]
4, 9, 5.82, [301, 2514]
5, 0, 24.94, [269, 295]
5, 1, 20.52, [3155, 295]
5, 2, 14.6, [3155, 269]
5, 3, 13.92, [269, 2514]
5, 4, 13.66, [209, 269]
5, 5, 10.96, [269, 316]
5, 6, 10.46, [2597, 250]
5, 7, 10.0, [3155, 193]
5, 8, 6.86, [1095, 2525]
5, 9, 6.14, [191, 280]
6, 0, 24.94, [269, 295]
6, 1, 20.52, [3155, 295]
6, 2, 18.78, [2767, 295]
6, 3, 17.82, [265, 295]
6, 4, 15.58, [2156, 295]
6, 5, 13.74, [269, 256]
6, 6, 12.11, [3155, 259]
6, 7, 9.73, [2712, 259]
6, 8, 6.7, [1080, 609]
6, 9, 6.42, [263, 191]
7, 0, 24.94, [269, 295]
7, 1, 20.52, [3155, 295]
7, 2, 19.09, [1095, 295]
7, 3, 16.22, [277, 1811]
7, 4, 15.92, [1069, 295]
7, 5, 12.62, [876, 269]
7, 6, 7.17, [2593, 2530]
7, 7, 7.12, [209, 104]
7, 8, 6.78, [263, 2950]
7, 9, 6.05, [2574, 296]
8, 0, 24.94, [269, 295]
8, 1, 20.52, [3155, 295]
8, 2, 18.35, [2950, 295]
8, 3, 12.82, [3155, 77]
8, 4, 10.49, [279, 288]
8, 5, 10.0, [3155, 193]
8, 6, 8.84, [302, 2513]
8, 7, 8.2, [874, 2599]
8, 8, 7.26, [209, 283]
8, 9, 7.07, [380, 2770]
9, 0, 24.94, [269, 295]
9, 1, 20.52, [3155, 295]
9, 2, 15.87, [3334, 295]
9, 3, 9.92, [2514, 300]
9, 4, 9.12, [2156, 77]
9, 5, 8.65, [3155, 2530]
9, 6, 8.0, [1080, 1088]
9, 7, 6.88, [2596, 288]
9, 8, 6.87, [226, 256]
9, 9, 6.15, [2599, 1087]
10, 0, 24.94, [269, 295]
10, 1, 20.52, [3155, 295]
10, 2, 19.32, [1095, 295]
10, 3, 13.42, [269, 2593]
10, 4, 11.4, [300, 209]
10, 5, 9.52, [193, 1082]
10, 6, 7.47, [2156, 103]
10, 7, 7.16, [2514, 2764]
10, 8, 5.77, [283, 278]
10, 9, 3.95, [3334, 534]
11, 0, 24.94, [269, 295]
11, 1, 20.52, [3155, 295]
11, 2, 18.91, [874, 295]
11, 3, 18.86, [1086, 295]
11, 4, 7.85, [3155, 265]
11, 5, 7.56, [1082, 222]
11, 6, 7.4, [1095, 283]
11, 7, 6.85, [263, 2065]
11, 8, 6.28, [2574, 266]
11, 9, 5.36, [3716, 222]
12, 0, 24.94, [269, 295]
12, 1, 20.52, [3155, 295]
12, 2, 19.24, [1095, 295]
12, 3, 15.09, [266, 277]
12, 4, 14.36, [269, 2513]
12, 5, 11.71, [874, 259]
12, 6, 10.08, [209, 1811]
12, 7, 7.19, [278, 1088]
12, 8, 6.64, [159, 2527]
12, 9, 6.0, [98, 275]
13, 0, 24.94, [269, 295]
13, 1, 20.52, [3155, 295]
13, 2, 19.32, [302, 295]
13, 3, 15.25, [240, 295]
13, 4, 13.65, [269, 296]
13, 5, 11.34, [279, 159]
13, 6, 9.08, [1095, 2513]
13, 7, 8.87, [191, 103]
13, 8, 6.52, [876, 1086]
13, 9, 6.4, [541, 274]
14, 0, 24.94, [269, 295]
14, 1, 20.52, [3155, 295]
14, 2, 18.72, [209, 295]
14, 3, 18.05, [285, 295]
14, 4, 12.49, [269, 876]
14, 5, 10.35, [273, 269]
14, 6, 9.51, [2767, 2512]
14, 7, 9.5, [279, 3135]
14, 8, 8.49, [259, 301]
14, 9, 6.03, [159, 2532]
15, 0, 24.94, [269, 295]
15, 1, 20.52, [3155, 295]
15, 2, 17.91, [534, 295]
15, 3, 15.87, [295, 2514]
15, 4, 10.77, [77, 2599]
15, 5, 9.03, [2597, 209]
15, 6, 8.13, [2514, 250]
15, 7, 7.69, [2515, 209]
15, 8, 6.1, [2532, 250]
15, 9, 5.0, [209, 316]
16, 0, 24.94, [269, 295]
16, 1, 20.52, [3155, 295]
16, 2, 12.93, [269, 335]
16, 3, 10.54, [2767, 259]
16, 4, 8.51, [193, 2530]
16, 5, 8.37, [534, 1811]
16, 6, 7.83, [541, 259]
16, 7, 7.49, [609, 2595]
16, 8, 6.63, [3716, 2514]
16, 9, 6.57, [534, 2530]
17, 0, 25.2, [269, 295]
17, 1, 24.94, [269, 295]
17, 2, 20.52, [3155, 295]
17, 3, 19.4, [295, 81]
17, 4, 18.94, [1095, 295]
17, 5, 15.95, [2156, 295]
17, 6, 15.82, [2156, 295]
17, 7, 12.65, [269, 280]
17, 8, 9.05, [3155, 226]
17, 9, 6.38, [264, 1095]
18, 0, 25.2, [269, 295]
18, 1, 24.94, [269, 295]
18, 2, 20.03, [220, 295]
18, 3, 13.94, [279, 259]
18, 4, 12.93, [277, 2765]
18, 5, 12.25, [269, 541]
18, 6, 9.25, [622, 300]
18, 7, 7.94, [1088, 264]
18, 8, 7.54, [1088, 537]
18, 9, 6.5, [256, 291]
19, 0, 25.2, [269, 295]
19, 1, 24.94, [269, 295]
19, 2, 15.07, [277, 2513]
19, 3, 11.0, [269, 2532]
19, 4, 9.47, [874, 193]
19, 5, 8.74, [261, 103]
19, 6, 6.37, [283, 266]
19, 7, 6.22, [291, 283]
19, 8, 5.99, [2065, 876]
19, 9, 5.92, [3334, 250]
20, 0, 25.2, [269, 295]
20, 1, 25.04, [269, 295]
20, 2, 24.94, [269, 295]
20, 3, 21.19, [77, 295]
20, 4, 17.74, [303, 295]
20, 5, 11.94, [277, 283]
20, 6, 11.7, [269, 278]
20, 7, 6.2, [2156, 2513]
20, 8, 4.22, [3716, 316]
20, 9, 3.96, [149, 2596]
21, 0, 25.2, [269, 295]
21, 1, 25.04, [269, 295]
21, 2, 16.51, [278, 295]
21, 3, 11.59, [3155, 300]
21, 4, 11.42, [277, 316]
21, 5, 11.1, [259, 1095]
21, 6, 8.79, [220, 2764]
21, 7, 6.16, [2764, 609]
21, 8, 6.0, [2156, 2711]
21, 9, 5.99, [291, 876]
22, 0, 25.2, [269, 295]
22, 1, 25.04, [269, 295]
22, 2, 17.98, [285, 295]
22, 3, 15.06, [269, 226]
22, 4, 9.4, [1095, 2595]
22, 5, 8.88, [2599, 220]
22, 6, 7.97, [222, 274]
22, 7, 7.94, [259, 76]
22, 8, 7.94, [2532, 103]
22, 9, 7.27, [2770, 2513]
23, 0, 25.2, [269, 295]
23, 1, 25.04, [269, 295]
23, 2, 19.79, [2711, 295]
23, 3, 18.23, [285, 295]
23, 4, 17.85, [2764, 295]
23, 5, 14.51, [269, 2513]
23, 6, 9.04, [159, 2530]
23, 7, 8.88, [2514, 302]
23, 8, 6.55, [303, 283]
23, 9, 5.5, [222, 4849]
24, 0, 25.2, [269, 295]
24, 1, 25.04, [269, 295]
24, 2, 21.92, [279, 295]
24, 3, 17.8, [3135, 295]
24, 4, 17.05, [2525, 295]
24, 5, 12.37, [1811, 279]
24, 6, 11.51, [269, 291]
24, 7, 9.25, [220, 226]
24, 8, 9.2, [193, 2514]
24, 9, 8.71, [1811, 4849]
25, 0, 25.2, [269, 295]
25, 1, 25.04, [269, 295]
25, 2, 19.78, [220, 295]
25, 3, 18.78, [260, 295]
25, 4, 17.81, [2596, 295]
25, 5, 10.0, [3155, 1088]
25, 6, 8.97, [279, 301]
25, 7, 8.8, [1082, 91]
25, 8, 7.48, [104, 1080]
25, 9, 6.81, [285, 1095]
26, 0, 25.2, [269, 295]
26, 1, 25.04, [269, 295]
26, 2, 18.8, [209, 295]
26, 3, 11.01, [269, 316]
26, 4, 10.68, [269, 2532]
26, 5, 10.49, [1095, 103]
26, 6, 10.04, [300, 2525]
26, 7, 10.03, [2596, 1811]
26, 8, 10.0, [2711, 193]
26, 9, 7.12, [220, 278]
27, 0, 25.2, [269, 295]
27, 1, 25.04, [269, 295]
27, 2, 14.23, [269, 274]
27, 3, 14.22, [269, 1080]
27, 4, 11.84, [220, 259]
27, 5, 8.8, [285, 2512]
27, 6, 8.0, [222, 2711]
27, 7, 7.6, [154, 263]
27, 8, 6.2, [219, 2513]
27, 9, 6.02, [250, 3334]
28, 0, 25.2, [269, 295]
28, 1, 25.04, [269, 295]
28, 2, 16.16, [2156, 295]
28, 3, 8.32, [1095, 615]
28, 4, 7.8, [103, 4602]
28, 5, 7.48, [3716, 193]
28, 6, 7.45, [278, 259]
28, 7, 7.34, [1082, 265]
28, 8, 5.79, [2770, 534]
28, 9, 5.65, [266, 541]
29, 0, 25.2, [269, 295]
29, 1, 25.04, [269, 295]
29, 2, 18.56, [277, 269]
29, 3, 18.41, [265, 295]
29, 4, 17.63, [534, 295]
29, 5, 13.0, [269, 191]
29, 6, 12.42, [277, 4849]
29, 7, 7.5, [1087, 220]
29, 8, 7.0, [2770, 2599]
29, 9, 4.69, [149, 2596]
30, 0, 25.2, [269, 295]
30, 1, 25.04, [269, 295]
30, 2, 17.39, [295, 274]
30, 3, 13.22, [277, 2514]
30, 4, 11.82, [103, 2512]
30, 5, 9.8, [1811, 1095]
30, 6, 8.63, [260, 2513]
30, 7, 5.65, [1086, 301]
30, 8, 5.5, [558, 222]
30, 9, 5.28, [91, 343]
31, 0, 25.2, [269, 295]
31, 1, 25.04, [269, 295]
31, 2, 21.25, [77, 295]
31, 3, 16.1, [283, 295]
31, 4, 12.17, [269, 2527]
31, 5, 10.71, [103, 250]
31, 6, 9.83, [91, 2597]
31, 7, 9.56, [193, 874]
31, 8, 8.86, [288, 2512]
31, 9, 6.68, [616, 2512]
32, 0, 25.2, [269, 295]
32, 1, 25.04, [269, 295]
32, 2, 13.27, [269, 283]
32, 3, 13.1, [269, 2593]
32, 4, 12.75, [269, 2596]
32, 5, 7.86, [297, 91]
32, 6, 7.28, [2574, 2711]
32, 7, 6.06, [2950, 296]
32, 8, 5.41, [2711, 2065]
32, 9, 5.24, [265, 876]
33, 0, 25.2, [269, 295]
33, 1, 25.04, [269, 295]
33, 2, 14.52, [874, 269]
33, 3, 10.87, [269, 316]
33, 4, 9.96, [103, 1095]
33, 5, 9.79, [2597, 615]
33, 6, 8.11, [335, 2595]
33, 7, 7.4, [3334, 103]
33, 8, 6.12, [288, 283]
33, 9, 5.83, [2525, 303]
34, 0, 25.2, [269, 295]
34, 1, 25.04, [269, 295]
34, 2, 19.82, [193, 295]
34, 3, 16.22, [2156, 295]
34, 4, 15.94, [2156, 295]
34, 5, 9.99, [220, 250]
34, 6, 8.89, [615, 1086]
34, 7, 7.35, [1082, 296]
34, 8, 7.3, [1811, 3135]
34, 9, 7.07, [2514, 285]
35, 0, 25.2, [269, 295]
35, 1, 25.04, [269, 295]
35, 2, 18.61, [303, 295]
35, 3, 13.35, [103, 259]
35, 4, 9.3, [193, 380]
35, 5, 8.59, [1080, 154]
35, 6, 8.5, [193, 2530]
35, 7, 7.67, [3135, 2513]
35, 8, 7.37, [2596, 226]
35, 9, 5.4, [1069, 615]
36, 0, 25.2, [269, 295]
36, 1, 25.04, [269, 295]
36, 2, 12.46, [269, 876]
36, 3, 12.39, [77, 91]
36, 4, 10.28, [300, 81]
36, 5, 7.83, [558, 2513]
36, 6, 7.51, [285, 615]
36, 7, 7.29, [2065, 1086]
36, 8, 6.79, [154, 534]
36, 9, 6.04, [558, 2596]
37, 0, 25.2, [269, 295]
37, 1, 25.04, [269, 295]
37, 2, 17.86, [2764, 295]
37, 3, 17.48, [558, 295]
37, 4, 7.06, [291, 1086]
37, 5, 6.68, [278, 226]
37, 6, 5.79, [296, 2712]
37, 7, 5.29, [2156, 91]
37, 8, 4.44, [102, 2950]
37, 9, 3.94, [616, 104]
38, 0, 25.2, [269, 295]
38, 1, 25.04, [269, 295]
38, 2, 25.0, [269, 295]
38, 3, 19.25, [874, 295]
38, 4, 15.11, [343, 295]
38, 5, 14.65, [269, 1088]
38, 6, 8.79, [2595, 2950]
38, 7, 8.1, [2950, 159]
38, 8, 6.31, [2764, 1087]
38, 9, 5.6, [191, 264]
39, 0, 25.2, [269, 295]
39, 1, 25.04, [269, 295]
39, 2, 18.02, [2593, 295]
39, 3, 12.58, [269, 876]
39, 4, 11.71, [2595, 2513]
39, 5, 11.53, [259, 2513]
39, 6, 11.19, [279, 91]
39, 7, 7.51, [285, 302]
39, 8, 6.71, [2596, 191]
39, 9, 5.26, [1087, 335]
40, 0, 25.2, [269, 295]
40, 1, 25.04, [269, 295]
40, 2, 13.73, [269, 2767]
40, 3, 10.79, [2532, 269]
40, 4, 9.92, [2597, 1080]
40, 5, 9.59, [1082, 250]
40, 6, 7.66, [159, 288]
40, 7, 7.53, [297, 209]
40, 8, 7.3, [2596, 1086]
40, 9, 6.84, [2514, 264]
41, 0, 25.2, [269, 295]
41, 1, 25.04, [269, 295]
41, 2, 15.05, [193, 269]
41, 3, 13.42, [269, 222]
41, 4, 7.56, [154, 2530]
41, 5, 6.75, [2712, 81]
41, 6, 6.36, [266, 2596]
41, 7, 5.7, [159, 275]
41, 8, 5.63, [874, 316]
41, 9, 5.07, [343, 2530]
42, 0, 25.2, [269, 295]
42, 1, 25.04, [269, 295]
42, 2, 17.12, [269, 259]
42, 3, 16.11, [244, 295]
42, 4, 9.67, [209, 2595]
42, 5, 8.41, [2595, 266]
42, 6, 8.18, [266, 3155]
42, 7, 5.84, [102, 2513]
42, 8, 5.34, [2532, 91]
42, 9, 4.84, [558, 3716]
43, 0, 25.2, [269, 295]
43, 1, 25.04, [269, 295]
43, 2, 21.79, [279, 295]
43, 3, 18.69, [3716, 295]
43, 4, 15.64, [876, 295]
43, 5, 11.66, [1088, 300]
43, 6, 10.14, [103, 280]
43, 7, 6.72, [2950, 104]
43, 8, 6.0, [2156, 2711]
43, 9, 5.28, [275, 1080]
44, 0, 25.2, [269, 295]
44, 1, 25.04, [269, 295]
44, 2, 19.29, [154, 295]
44, 3, 18.21, [288, 295]
44, 4, 17.01, [3716, 295]
44, 5, 9.46, [279, 2596]
44, 6, 9.0, [154, 2711]
44, 7, 7.25, [288, 1082]
44, 8, 6.68, [2512, 102]
44, 9, 6.34, [622, 159]
45, 0, 25.2, [269, 295]
45, 1, 25.04, [269, 295]
45, 2, 19.03, [154, 295]
45, 3, 16.11, [2156, 295]
45, 4, 14.19, [269, 2767]
45, 5, 8.83, [226, 2711]
45, 6, 7.39, [265, 2530]
45, 7, 6.96, [316, 2595]
45, 8, 6.83, [380, 4849]
45, 9, 6.35, [288, 2525]
46, 0, 25.2, [269, 295]
46, 1, 25.04, [269, 295]
46, 2, 18.12, [296, 295]
46, 3, 16.16, [616, 295]
46, 4, 10.22, [2530, 103]
46, 5, 7.8, [265, 1088]
46, 6, 7.65, [301, 1811]
46, 7, 7.35, [2597, 3135]
46, 8, 7.25, [291, 297]
46, 9, 6.76, [154, 876]
47, 0, 25.2, [269, 295]
47, 1, 25.04, [269, 295]
47, 2, 15.6, [2527, 295]
47, 3, 9.33, [266, 2595]
47, 4, 7.95, [285, 103]
47, 5, 7.14, [260, 2599]
47, 6, 6.89, [296, 260]
47, 7, 6.3, [209, 622]
47, 8, 6.14, [2597, 76]
47, 9, 4.98, [261, 265]
48, 0, 25.2, [269, 295]
48, 1, 25.04, [269, 295]
48, 2, 18.08, [261, 295]
48, 3, 14.09, [269, 1086]
48, 4, 12.06, [269, 2712]
48, 5, 10.45, [1811, 1082]
48, 6, 9.16, [154, 2595]
48, 7, 7.62, [2574, 2595]
48, 8, 6.21, [2530, 2762]
48, 9, 6.0, [316, 3155]
49, 0, 25.2, [269, 295]
49, 1, 25.04, [269, 295]
49, 2, 16.04, [2512, 277]
49, 3, 15.22, [269, 2512]
49, 4, 13.42, [269, 2514]
49, 5, 12.92, [300, 1811]
49, 6, 10.52, [302, 2512]
49, 7, 8.5, [2596, 250]
49, 8, 7.49, [1095, 2530]
49, 9, 6.22, [261, 280]
50, 0, 25.2, [269, 295]
50, 1, 25.04, [269, 295]
50, 2, 18.54, [295, 2950]
50, 3, 10.88, [279, 209]
50, 4, 7.0, [222, 1095]
50, 5, 6.83, [104, 1088]
50, 6, 6.19, [2574, 2767]
50, 7, 5.22, [2156, 1080]
50, 8, 4.95, [264, 2770]
50, 9, 4.08, [2156, 191]
