n_nodes,influence,n0,n1,n2,n3,n4
5,8.8160,203715,211278,47656,150295,73066
5,8.8160,203715,211278,47656,150295,73066
5,8.8160,203715,211278,47656,150295,73066
5,8.8160,203715,211278,47656,150295,73066
5,8.8160,203715,211278,47656,150295,73066
5,8.8160,203715,211278,47656,150295,73066
5,8.8160,203715,211278,47656,150295,73066
5,8.8160,203715,211278,47656,150295,73066
5,8.8160,203715,211278,47656,150295,73066
5,8.8160,203715,211278,47656,150295,73066
5,8.8160,203715,211278,47656,150295,73066
5,8.8160,203715,211278,47656,150295,73066
5,8.8160,203715,211278,47656,150295,73066
5,8.8160,203715,211278,47656,150295,73066
5,8.8160,203715,211278,47656,150295,73066
5,8.8160,203715,211278,47656,150295,73066
