n_nodes,influence,n0,n1,n2,n3,n4
5,9.2600,12323,33317,118891,168047,193820
5,9.2600,12323,33317,118891,168047,193820
5,9.2600,12323,33317,118891,168047,193820
5,9.2600,12323,33317,118891,168047,193820
5,9.2600,12323,33317,118891,168047,193820
5,9.2600,12323,33317,118891,168047,193820
5,9.2500,81387,124370,118891,168047,193820
5,9.2500,81387,124370,118891,168047,193820
5,9.2500,81387,124370,118891,168047,193820
5,9.2500,81387,124370,118891,168047,193820
5,9.2500,81387,124370,118891,168047,193820
5,9.2500,81387,124370,118891,168047,193820
5,9.2500,81387,124370,118891,168047,193820
5,9.2500,81387,124370,118891,168047,193820
5,9.2500,81387,124370,118891,168047,193820
5,9.2500,81387,124370,118891,168047,193820
5,9.2500,81387,124370,118891,168047,193820
5,9.2500,81387,124370,118891,168047,193820
5,9.2500,81387,124370,118891,168047,193820
5,9.2500,81387,124370,118891,168047,193820
5,9.2500,81387,124370,118891,168047,193820
5,9.2500,81387,124370,118891,168047,193820
5,9.2500,81387,124370,118891,168047,193820
5,9.2500,81387,124370,118891,168047,193820
5,9.2500,81387,124370,118891,168047,193820
5,9.2500,81387,124370,118891,168047,193820
5,9.2500,81387,124370,118891,168047,193820
5,9.2500,81387,124370,118891,168047,193820
5,9.2500,81387,124370,118891,168047,193820
5,9.2500,81387,124370,118891,168047,193820
5,9.2500,81387,124370,118891,168047,193820
5,9.2500,81387,124370,118891,168047,193820
5,9.2500,81387,124370,118891,168047,193820
5,9.2500,81387,124370,118891,168047,193820
5,9.2500,81387,124370,118891,168047,193820
5,9.2500,81387,124370,118891,168047,193820
5,9.2500,81387,124370,118891,168047,193820
5,9.2500,81387,124370,118891,168047,193820
5,9.2500,81387,124370,118891,168047,193820
5,9.2500,81387,124370,118891,168047,193820
5,9.2500,81387,124370,118891,168047,193820
5,9.2500,81387,124370,118891,168047,193820
5,9.2500,81387,124370,118891,168047,193820
5,9.2500,81387,124370,118891,168047,193820
5,9.2500,81387,124370,118891,168047,193820
5,9.2500,81387,124370,118891,168047,193820
5,9.2500,81387,124370,118891,168047,193820
5,9.2500,81387,124370,118891,168047,193820
5,9.2500,81387,124370,118891,168047,193820
5,9.2500,81387,124370,118891,168047,193820
5,9.2500,81387,124370,118891,168047,193820
5,9.2500,81387,124370,118891,168047,193820
5,9.2500,81387,124370,118891,168047,193820
5,9.2500,81387,124370,118891,168047,193820
5,9.2500,81387,124370,118891,168047,193820
5,9.2500,81387,124370,118891,168047,193820
5,9.2500,81387,124370,118891,168047,193820
5,9.2500,81387,124370,118891,168047,193820
5,9.2500,81387,124370,118891,168047,193820
5,9.2500,81387,124370,118891,168047,193820
5,9.2500,81387,124370,118891,168047,193820
5,9.2500,81387,124370,118891,168047,193820
5,9.2500,81387,124370,118891,168047,193820
5,9.2500,81387,124370,118891,168047,193820
5,9.2500,81387,124370,118891,168047,193820
5,9.2500,81387,124370,118891,168047,193820
5,9.2500,81387,124370,118891,168047,193820
5,9.2500,81387,124370,118891,168047,193820
5,9.2500,81387,124370,118891,168047,193820
5,9.2500,81387,124370,118891,168047,193820
5,9.2500,81387,124370,118891,168047,193820
5,9.2500,81387,124370,118891,168047,193820
5,9.2500,81387,124370,118891,168047,193820
5,9.2500,81387,124370,118891,168047,193820
5,9.2500,81387,124370,118891,168047,193820
5,9.2500,81387,124370,118891,168047,193820
5,9.2500,81387,124370,118891,168047,193820
5,9.2500,81387,124370,118891,168047,193820
5,9.2500,81387,124370,118891,168047,193820
5,9.2500,81387,124370,118891,168047,193820
5,9.2500,81387,124370,118891,168047,193820
5,9.2500,81387,124370,118891,168047,193820
5,9.2500,81387,124370,118891,168047,193820
5,9.2500,81387,124370,118891,168047,193820
5,9.2500,81387,124370,118891,168047,193820
5,9.2500,81387,124370,118891,168047,193820
5,9.2500,81387,124370,118891,168047,193820
5,9.2500,81387,124370,118891,168047,193820
5,9.2500,81387,124370,118891,168047,193820
5,9.2500,81387,124370,118891,168047,193820
5,9.2500,81387,124370,118891,168047,193820
5,9.2500,81387,124370,118891,168047,193820
5,9.2500,81387,124370,118891,168047,193820
5,9.2400,81387,124370,118891,168047,172786
5,9.2300,81387,124370,118891,23978,68468
5,9.2300,81387,124370,118891,23978,68468
5,9.2300,81387,124370,118891,23978,68468
5,9.2300,81387,124370,118891,23978,68468
5,9.2300,81387,124370,118891,23978,68468
5,9.2300,81387,124370,118891,23978,68468
5,9.2300,81387,124370,118891,23978,68468
5,9.2100,81387,222987,52806,146730,172786
5,9.2000,136100,161862,261292,51088,165178
5,9.2000,136100,161862,261292,51088,165178
5,9.2000,136100,161862,261292,51088,165178
5,9.2000,136100,161862,261292,51088,165178
5,9.2000,136100,161862,261292,51088,165178
5,9.2000,136100,161862,261292,51088,165178
5,9.2000,136100,161862,261292,51088,165178
5,9.2000,136100,161862,261292,51088,165178
5,9.2000,136100,161862,261292,51088,165178
5,9.2000,136100,161862,261292,51088,165178
5,9.2000,136100,161862,261292,51088,165178
5,9.2000,136100,161862,261292,51088,165178
5,9.2000,136100,161862,261292,51088,165178
5,9.2000,136100,161862,261292,51088,165178
5,9.1800,216992,246979,136806,15411,212631
5,9.1600,212631,136806,68468,246979,216992
5,9.1600,212631,136806,68468,246979,216992
5,9.1600,212631,136806,68468,246979,216992
5,9.1600,212631,136806,68468,246979,216992
5,9.1600,212631,136806,68468,246979,216992
5,9.1600,212631,136806,68468,246979,216992
5,9.1600,212631,136806,68468,246979,216992
5,9.1600,212631,136806,68468,246979,216992
5,9.1600,212631,136806,68468,246979,216992
5,9.1600,212631,136806,68468,246979,216992
5,9.1100,81387,124370,118891,168047,193820
