n_nodes,influence,n0,n1,n2,n3,n4,n5,n6,n7,n8,n9,n10
11,56.2300,4641,207100,154342,65766,259913,229225,53291,257904,115347,64438,176186
11,56.2300,4641,207100,154342,65766,259913,229225,53291,257904,115347,64438,176186
11,56.2300,4641,207100,154342,65766,259913,229225,53291,257904,115347,64438,176186
11,56.2300,4641,207100,154342,65766,259913,229225,53291,257904,115347,64438,176186
11,56.2300,4641,207100,154342,65766,259913,229225,53291,257904,115347,64438,176186
11,56.2300,4641,207100,154342,65766,259913,229225,53291,257904,115347,64438,176186
11,56.2300,4641,207100,154342,65766,259913,229225,53291,257904,115347,64438,176186
11,56.2300,4641,207100,154342,65766,259913,229225,53291,257904,115347,64438,176186
11,56.2300,4641,207100,154342,65766,259913,229225,53291,257904,115347,64438,176186
11,56.2300,4641,207100,154342,65766,259913,229225,53291,257904,115347,64438,176186
11,56.2300,4641,207100,154342,65766,259913,229225,53291,257904,115347,64438,176186
11,55.9700,4641,235940,154342,65766,259913,229225,53291,257904,213584,27117,176186
11,55.9700,4641,235940,154342,65766,259913,229225,53291,257904,213584,27117,176186
11,55.5200,4641,235940,97050,65766,259913,229225,53291,257904,213584,64438,176186
11,55.5200,4641,235940,97050,65766,259913,229225,53291,257904,213584,64438,176186
11,54.0300,4641,207100,154342,65766,259913,229225,53291,257904,213584,27117,176186
