num_genrations,diversity,improvement,best_fitness
0,0.9952380952380953,0,25.27
1,0.8928571428571428,0.0,25.27
2,0.6511904761904762,0.0,25.27
3,0.47499999999999987,0.2342698852394144,31.19
4,0.20119047619047625,0.0,31.19
5,0.30119047619047623,0.051939724270599584,32.81
6,0.36071428571428565,0.030173727522096763,33.8
7,0.11666666666666659,0.004733727810650997,33.96
8,0.15833333333333333,0.005005889281507706,34.13
9,0.15119047619047632,0.020216818048637494,34.82
10,0.11785714285714288,0.022975301550832772,35.62
