generation number, individual number, fitness, candidate
0, 0, 66.98, [1350, 576, 1509]
0, 1, 20.0, [1401, 1480, 576]
0, 2, 14.0, [1025, 140, 320]
0, 3, 13.0, [2171, 1247, 140]
0, 4, 13.0, [2171, 320, 1827]
0, 5, 12.0, [2171, 1417, 1247]
0, 6, 11.0, [2171, 831, 1827]
0, 7, 6.0, [1146, 1078, 1247]
0, 8, 5.0, [1078, 1201, 975]
0, 9, 4.0, [1146, 1059, 1497]
1, 0, 69.31, [1224, 576, 1509]
1, 1, 66.98, [1350, 576, 1509]
1, 2, 20.0, [1401, 1480, 576]
1, 3, 19.66, [1350, 576, 1223]
1, 4, 16.06, [1350, 140, 1287]
1, 5, 16.0, [1401, 1480, 1146]
1, 6, 14.0, [1401, 320, 576]
1, 7, 13.0, [2171, 140, 576]
1, 8, 12.0, [2320, 1025, 1059]
1, 9, 11.55, [1223, 1480, 1279]
2, 0, 70.64, [1141, 576, 1509]
2, 1, 69.31, [1224, 576, 1509]
2, 2, 69.26, [1480, 576, 1509]
2, 3, 67.38, [1224, 1827, 1509]
2, 4, 66.98, [1350, 576, 1509]
2, 5, 64.46, [1437, 1328, 1509]
2, 6, 64.37, [1224, 1425, 1509]
2, 7, 63.39, [1059, 788, 1509]
2, 8, 16.56, [1224, 576, 831]
2, 9, 12.0, [717, 1141, 140]
3, 0, 70.64, [1141, 576, 1509]
3, 1, 69.31, [1224, 576, 1509]
3, 2, 66.18, [1141, 1028, 1509]
3, 3, 65.71, [1350, 1223, 1509]
3, 4, 63.32, [717, 1040, 1509]
3, 5, 18.47, [1141, 576, 1224]
3, 6, 17.52, [1480, 576, 1223]
3, 7, 16.46, [1224, 576, 1279]
3, 8, 12.0, [320, 1332, 1827]
3, 9, 11.0, [1141, 1201, 140]
4, 0, 70.64, [1141, 576, 1509]
4, 1, 69.31, [1224, 576, 1509]
4, 2, 65.28, [1141, 1350, 1509]
4, 3, 65.19, [1141, 1497, 1509]
4, 4, 65.07, [1141, 775, 1509]
4, 5, 64.43, [1401, 1028, 1509]
4, 6, 61.33, [1350, 1078, 1509]
4, 7, 17.0, [2171, 576, 1025]
4, 8, 12.0, [1028, 576, 1025]
4, 9, 9.0, [1141, 1480, 1190]
5, 0, 70.64, [1141, 576, 1509]
5, 1, 69.31, [1224, 576, 1509]
5, 2, 67.51, [1146, 576, 1509]
5, 3, 66.55, [1224, 1141, 1509]
5, 4, 65.91, [1107, 1223, 1509]
5, 5, 65.19, [1141, 1417, 1509]
5, 6, 61.96, [1424, 1497, 1509]
5, 7, 19.27, [1224, 1350, 1287]
5, 8, 13.0, [2320, 576, 1424]
5, 9, 12.0, [1141, 576, 775]
6, 0, 70.64, [1141, 576, 1509]
6, 1, 69.31, [1224, 576, 1509]
6, 2, 64.94, [1141, 1020, 1509]
6, 3, 64.26, [1224, 1424, 1509]
6, 4, 64.11, [1020, 1332, 1509]
6, 5, 63.53, [1107, 788, 1509]
6, 6, 63.36, [1224, 1652, 1509]
6, 7, 62.29, [320, 1078, 1509]
6, 8, 16.88, [1028, 1350, 1401]
6, 9, 16.54, [1224, 2320, 1767]
7, 0, 70.64, [1141, 576, 1509]
7, 1, 69.31, [1224, 576, 1509]
7, 2, 66.08, [1141, 1425, 1509]
7, 3, 65.64, [1141, 1190, 1509]
7, 4, 62.85, [1190, 1230, 1509]
7, 5, 15.0, [787, 576, 1425]
7, 6, 15.0, [1225, 576, 1401]
7, 7, 13.0, [1141, 1020, 1425]
7, 8, 12.0, [1430, 576, 1040]
7, 9, 10.16, [5684, 1350, 1767]
8, 0, 70.64, [1141, 576, 1509]
8, 1, 69.31, [1224, 576, 1509]
8, 2, 67.25, [2989, 576, 1509]
8, 3, 62.0, [320, 1020, 1509]
8, 4, 18.0, [1091, 576, 1201]
8, 5, 16.0, [1141, 1091, 1424]
8, 6, 15.98, [1141, 1224, 1328]
8, 7, 15.0, [1401, 576, 2989]
8, 8, 14.0, [1091, 1201, 1146]
8, 9, 13.0, [1141, 1425, 1497]
9, 0, 70.64, [1141, 576, 1509]
9, 1, 69.31, [1224, 576, 1509]
9, 2, 67.6, [1059, 576, 1509]
9, 3, 64.38, [1224, 831, 1509]
9, 4, 62.09, [320, 1652, 1509]
9, 5, 15.4, [2171, 576, 1230]
9, 6, 15.0, [1425, 576, 1028]
9, 7, 11.0, [1141, 576, 1279]
9, 8, 9.0, [2989, 576, 1078]
9, 9, 8.0, [140, 576, 1201]
10, 0, 70.64, [1141, 576, 1509]
10, 1, 69.31, [1224, 576, 1509]
10, 2, 67.11, [2989, 576, 1509]
10, 3, 62.19, [775, 831, 1509]
10, 4, 61.35, [1059, 1020, 1509]
10, 5, 61.3, [1107, 1020, 1509]
10, 6, 61.2, [1146, 1767, 1509]
10, 7, 15.57, [1224, 576, 645]
10, 8, 13.0, [1059, 576, 2320]
10, 9, 10.48, [787, 576, 1328]
