n_nodes,influence,n0,n1,n2,n3,n4,n5,n6,n7,n8,n9,n10,n11,n12,n13,n14,n15,n16,n17,n18,n19,n20,n21,n22,n23,n24,n25,n26,n27,n28,n29
30,177.7200,2688,2178,1285,2565,3591,2696,1161,1418,3081,7047,8,1166,5140,665,1823,31,6305,7074,6306,1700,178,681,946,826,5952,1353,4441,4967,5102,126
30,176.7700,2688,2178,1285,2565,3591,2696,1315,1418,3081,7047,8,1166,5140,665,1823,31,6305,7074,6306,1700,4261,681,946,826,5952,1353,4441,4967,5102,126
30,176.7700,2688,2178,1285,2565,3591,2696,1315,1418,3081,7047,8,1166,5140,665,1823,31,6305,7074,6306,1700,4261,681,946,826,5952,1353,4441,4967,5102,126
30,176.7700,2688,2178,1285,2565,3591,2696,1315,1418,3081,7047,8,1166,5140,665,1823,31,6305,7074,6306,1700,4261,681,946,826,5952,1353,4441,4967,5102,126
30,176.7700,2688,2178,1285,2565,3591,2696,1315,1418,3081,7047,8,1166,5140,665,1823,31,6305,7074,6306,1700,4261,681,946,826,5952,1353,4441,4967,5102,126
30,176.7700,2688,2178,1285,2565,3591,2696,1315,1418,3081,7047,8,1166,5140,665,1823,31,6305,7074,6306,1700,4261,681,946,826,5952,1353,4441,4967,5102,126
30,176.4900,2688,2178,1285,2565,3591,2696,1161,1418,3081,7047,8,1166,5140,665,1823,31,6305,7074,6306,1700,178,681,946,826,5952,1353,4441,4967,5102,126
30,176.4900,2688,2178,1285,2565,3591,2696,1161,1418,3081,7047,8,1166,5140,665,1823,31,6305,7074,6306,1700,178,681,946,826,5952,1353,4441,4967,5102,126
30,176.4900,2688,2178,1285,2565,3591,2696,1161,1418,3081,7047,8,1166,5140,665,1823,31,6305,7074,6306,1700,178,681,946,826,5952,1353,4441,4967,5102,126
30,176.4300,2178,2565,1285,1161,6305,7074,126,5102,1353,4261,4967,2688,1700,665,4441,1418,2696,1166,3591,1823,681,31,3081,826,5952,6306,7047,946,5140,8
30,175.9700,2178,2565,1285,1161,6305,7074,126,5102,1353,4261,4967,2688,1700,665,4441,1418,2696,1166,3591,1823,681,31,3081,826,5952,6306,7047,946,5140,8
30,175.9700,2178,2565,1285,1161,6305,7074,126,5102,1353,4261,4967,2688,1700,665,4441,1418,2696,1166,3591,1823,681,31,3081,826,5952,6306,7047,946,5140,8
30,175.9700,2178,2565,1285,1161,6305,7074,126,5102,1353,4261,4967,2688,1700,665,4441,1418,2696,1166,3591,1823,681,31,3081,826,5952,6306,7047,946,5140,8
30,175.8300,2178,2565,1285,1161,6305,7074,126,5102,1353,4261,4967,2688,1700,665,4441,1418,2696,1166,3591,1823,681,31,3081,826,5952,6306,7047,946,5140,8
30,175.8300,2178,2565,1285,1161,6305,7074,126,5102,1353,4261,4967,2688,1700,665,4441,1418,2696,1166,3591,1823,681,31,3081,826,5952,6306,7047,946,5140,8
30,175.8300,2178,2565,1285,1161,6305,7074,126,5102,1353,4261,4967,2688,1700,665,4441,1418,2696,1166,3591,1823,681,31,3081,826,5952,6306,7047,946,5140,8
30,175.8300,2178,2565,1285,1161,6305,7074,126,5102,1353,4261,4967,2688,1700,665,4441,1418,2696,1166,3591,1823,681,31,3081,826,5952,6306,7047,946,5140,8
30,175.8300,2178,2565,1285,1161,6305,7074,126,5102,1353,4261,4967,2688,1700,665,4441,1418,2696,1166,3591,1823,681,31,3081,826,5952,6306,7047,946,5140,8
30,175.8300,2178,2565,1285,1161,6305,7074,126,5102,1353,4261,4967,2688,1700,665,4441,1418,2696,1166,3591,1823,681,31,3081,826,5952,6306,7047,946,5140,8
30,175.8300,2178,2565,1285,1161,6305,7074,126,5102,1353,4261,4967,2688,1700,665,4441,1418,2696,1166,3591,1823,681,31,3081,826,5952,6306,7047,946,5140,8
30,175.8300,2178,2565,1285,1161,6305,7074,126,5102,1353,4261,4967,2688,1700,665,4441,1418,2696,1166,3591,1823,681,31,3081,826,5952,6306,7047,946,5140,8
30,175.8300,2178,2565,1285,1161,6305,7074,126,5102,1353,4261,4967,2688,1700,665,4441,1418,2696,1166,3591,1823,681,31,3081,826,5952,6306,7047,946,5140,8
30,175.8300,2178,2565,1285,1161,6305,7074,126,5102,1353,4261,4967,2688,1700,665,4441,1418,2696,1166,3591,1823,681,31,3081,826,5952,6306,7047,946,5140,8
30,175.8300,2178,2565,1285,1161,6305,7074,126,5102,1353,4261,4967,2688,1700,665,4441,1418,2696,1166,3591,1823,681,31,3081,826,5952,6306,7047,946,5140,8
30,175.8300,2178,2565,1285,1161,6305,7074,126,5102,1353,4261,4967,2688,1700,665,4441,1418,2696,1166,3591,1823,681,31,3081,826,5952,6306,7047,946,5140,8
30,175.8300,2178,2565,1285,1161,6305,7074,126,5102,1353,4261,4967,2688,1700,665,4441,1418,2696,1166,3591,1823,681,31,3081,826,5952,6306,7047,946,5140,8
30,175.8300,2178,2565,1285,1161,6305,7074,126,5102,1353,4261,4967,2688,1700,665,4441,1418,2696,1166,3591,1823,681,31,3081,826,5952,6306,7047,946,5140,8
30,175.8300,2178,2565,1285,1161,6305,7074,126,5102,1353,4261,4967,2688,1700,665,4441,1418,2696,1166,3591,1823,681,31,3081,826,5952,6306,7047,946,5140,8
30,175.8300,2178,2565,1285,1161,6305,7074,126,5102,1353,4261,4967,2688,1700,665,4441,1418,2696,1166,3591,1823,681,31,3081,826,5952,6306,7047,946,5140,8
30,175.8300,2178,2565,1285,1161,6305,7074,126,5102,1353,4261,4967,2688,1700,665,4441,1418,2696,1166,3591,1823,681,31,3081,826,5952,6306,7047,946,5140,8
30,175.8300,2178,2565,1285,1161,6305,7074,126,5102,1353,4261,4967,2688,1700,665,4441,1418,2696,1166,3591,1823,681,31,3081,826,5952,6306,7047,946,5140,8
30,175.8300,2178,2565,1285,1161,6305,7074,126,5102,1353,4261,4967,2688,1700,665,4441,1418,2696,1166,3591,1823,681,31,3081,826,5952,6306,7047,946,5140,8
