generation number, individual number, fitness, candidate
0, 0, 2.13, [3747, 3100]
0, 1, 2.1, [2598, 3752]
0, 2, 2.1, [181, 3746]
0, 3, 2.09, [3761, 2595]
0, 4, 2.08, [3743, 1605]
0, 5, 2.04, [2260, 275]
0, 6, 2.03, [1322, 3734]
0, 7, 2.02, [2463, 4301]
0, 8, 2.01, [285, 1032]
0, 9, 2.01, [1830, 4301]
1, 0, 2.19, [3752, 3746]
1, 1, 2.18, [3752, 3746]
1, 2, 2.14, [181, 689]
1, 3, 2.13, [3747, 3100]
1, 4, 2.12, [3736, 699]
1, 5, 2.1, [3748, 3746]
1, 6, 2.1, [2598, 3752]
1, 7, 2.08, [4108, 3100]
1, 8, 2.04, [3777, 3100]
1, 9, 2.04, [1040, 1322]
2, 0, 2.19, [3752, 3746]
2, 1, 2.18, [3752, 3746]
2, 2, 2.17, [3752, 3742]
2, 3, 2.12, [1831, 3746]
2, 4, 2.1, [181, 3752]
2, 5, 2.09, [3756, 689]
2, 6, 2.08, [181, 24]
2, 7, 2.07, [3748, 3760]
2, 8, 2.07, [4184, 1831]
2, 9, 2.05, [3739, 2463]
3, 0, 2.19, [3752, 689]
3, 1, 2.19, [3752, 3746]
3, 2, 2.18, [3105, 3100]
3, 3, 2.18, [3752, 3746]
3, 4, 2.08, [1828, 3743]
3, 5, 2.06, [3754, 3755]
3, 6, 2.06, [3756, 2260]
3, 7, 2.04, [3737, 4108]
3, 8, 2.03, [1834, 2261]
3, 9, 2.03, [702, 295]
4, 0, 2.19, [3752, 689]
4, 1, 2.19, [3752, 3746]
4, 2, 2.13, [3752, 1321]
4, 3, 2.1, [1825, 3758]
4, 4, 2.09, [3759, 3746]
4, 5, 2.05, [3753, 159]
4, 6, 2.04, [270, 3747]
4, 7, 2.03, [3759, 1686]
4, 8, 2.03, [2464, 3759]
4, 9, 2.02, [3102, 3735]
5, 0, 2.19, [3752, 689]
5, 1, 2.19, [3752, 3746]
5, 2, 2.17, [3100, 689]
5, 3, 2.17, [3752, 3744]
5, 4, 2.1, [3753, 3740]
5, 5, 2.1, [3748, 3754]
5, 6, 2.09, [3753, 1686]
5, 7, 2.07, [1825, 3750]
5, 8, 2.05, [3741, 1896]
5, 9, 2.03, [1829, 1828]
6, 0, 2.19, [3752, 689]
6, 1, 2.19, [3752, 3746]
6, 2, 2.15, [3752, 3760]
6, 3, 2.09, [101, 3736]
6, 4, 2.08, [4794, 3746]
6, 5, 2.08, [3752, 2156]
6, 6, 2.07, [689, 3734]
6, 7, 2.07, [271, 3746]
6, 8, 2.07, [1315, 3744]
6, 9, 2.07, [269, 689]
7, 0, 2.19, [3752, 689]
7, 1, 2.19, [3752, 3746]
7, 2, 2.13, [3756, 3746]
7, 3, 2.12, [3752, 3745]
7, 4, 2.1, [3747, 4184]
7, 5, 2.05, [3741, 2261]
7, 6, 2.04, [3740, 263]
7, 7, 2.04, [3743, 1006]
7, 8, 2.03, [4301, 689]
7, 9, 2.03, [119, 287]
8, 0, 2.19, [3752, 689]
8, 1, 2.19, [3752, 3746]
8, 2, 2.17, [3754, 689]
8, 3, 2.1, [284, 689]
8, 4, 2.09, [3752, 2156]
8, 5, 2.08, [3100, 282]
8, 6, 2.06, [352, 3739]
8, 7, 2.05, [77, 2260]
8, 8, 2.02, [1032, 1322]
8, 9, 2.0, [4301, 282]
9, 0, 2.19, [3752, 689]
9, 1, 2.19, [3752, 3746]
9, 2, 2.15, [3742, 3750]
9, 3, 2.13, [3748, 3105]
9, 4, 2.13, [3747, 101]
9, 5, 2.12, [3752, 1831]
9, 6, 2.12, [3739, 3746]
9, 7, 2.11, [3747, 3741]
9, 8, 2.07, [4129, 3750]
9, 9, 2.06, [3736, 1826]
10, 0, 2.2, [3736, 101]
10, 1, 2.2, [3742, 3747]
10, 2, 2.2, [3744, 3746]
10, 3, 2.19, [3752, 689]
10, 4, 2.19, [3752, 3746]
10, 5, 2.18, [3744, 3750]
10, 6, 2.16, [1831, 689]
10, 7, 2.14, [3100, 689]
10, 8, 2.11, [1831, 3736]
10, 9, 2.07, [3747, 359]
