n_nodes,influence,n0,n1,n2,n3,n4
5,16.6160,681,608,867,741,895
5,16.4680,681,608,867,741,895
5,16.3690,681,608,867,741,895
5,16.3690,681,608,867,741,895
5,16.3690,681,608,867,741,895
5,16.3210,736,741,867,608,895
5,16.2830,736,741,867,608,895
5,16.2830,736,741,867,608,895
5,16.2830,736,741,867,608,895
5,16.2830,736,741,867,608,895
5,16.2650,681,608,867,741,895
5,16.2650,681,608,867,741,895
5,16.2650,681,608,867,741,895
5,16.2650,681,608,867,741,895
5,16.2650,681,608,867,741,895
5,16.2650,681,608,867,741,895
