num_genrations,diversity,improvement,best_fitness
2,0.8205645161290323,0.12325526378045891,569.76
0,0.9991935483870967,0,507.24
3,0.48064516129032264,0.008529907329401877,574.62
1,0.9201612903225806,0.0,507.24
4,0.4419354838709677,0.024068079774459714,588.45
2,0.8205645161290323,0.12325526378045891,569.76
5,0.14233870967741935,0.0,588.45
3,0.48064516129032264,0.008529907329401877,574.62
6,0.19556451612903203,0.004860226017503441,591.31
4,0.4419354838709677,0.024068079774459714,588.45
7,0.18225806451612891,0.016962337860005897,601.34
5,0.14233870967741935,0.0,588.45
8,0.10322580645161272,0.0,601.34
6,0.19556451612903203,0.004860226017503441,591.31
9,0.09677419354838701,-0.0003824791299431572,601.11
7,0.18225806451612891,0.016962337860005897,601.34
10,0.012499999999999956,-0.013075809751958899,593.25
8,0.10322580645161272,0.0,601.34
9,0.09677419354838701,-0.0003824791299431572,601.11
10,0.012499999999999956,-0.013075809751958899,593.25
