n_nodes,influence,n0,n1,n2,n3,n4,n5,n6
7,32.4400,81608,161165,143313,152727,113556,76029,107550
7,32.4400,81608,161165,143313,152727,113556,76029,107550
7,32.4400,81608,161165,143313,152727,113556,76029,107550
7,32.4400,81608,161165,143313,152727,113556,76029,107550
7,32.4400,81608,161165,143313,152727,113556,76029,107550
7,32.4400,81608,161165,143313,152727,113556,76029,107550
7,32.4400,81608,161165,143313,152727,113556,76029,107550
7,32.4400,81608,161165,143313,152727,113556,76029,107550
7,32.4400,179008,161165,143313,113556,152727,76029,107550
7,32.4400,81608,161165,143313,152727,113556,76029,107550
7,32.4400,81608,161165,143313,152727,113556,76029,107550
7,32.4400,81608,161165,143313,152727,113556,76029,107550
7,32.4400,81608,161165,143313,152727,113556,76029,107550
7,32.4400,81608,161165,143313,152727,113556,76029,107550
7,32.4400,81608,161165,143313,152727,113556,76029,107550
7,32.4400,81608,161165,143313,152727,113556,76029,107550
