n_nodes,influence,n0,n1,n2,n3,n4,n5,n6,n7,n8,n9
10,2483.5300,18,645,634,763,143,737,44,790,34,136
10,2470.8100,18,645,634,763,143,737,44,790,34,136
10,2470.8100,18,645,634,763,143,737,44,790,34,136
10,2470.8100,18,645,634,763,143,737,44,790,34,136
10,2470.8100,18,645,634,763,143,737,44,790,34,136
10,2466.7000,18,645,634,763,143,737,44,790,34,136
10,2466.7000,18,645,634,763,143,737,44,790,34,136
10,2466.7000,18,645,634,763,143,737,44,790,34,136
10,2466.7000,18,645,634,763,143,737,44,790,34,136
10,2466.7000,18,645,634,763,143,737,44,790,34,136
10,2466.7000,18,645,634,763,143,737,44,790,34,136
10,2466.7000,18,645,634,763,143,737,44,790,34,136
10,2466.7000,18,645,634,763,143,737,44,790,34,136
10,2466.7000,18,645,634,763,143,737,44,790,34,136
10,2466.7000,18,645,634,763,143,737,44,790,34,136
10,2466.7000,18,645,634,763,143,737,44,790,34,136
