n_nodes,influence,n0,n1,n2,n3,n4
5,1071.8000,388,6381,52339,9793,57814
5,1068.0000,388,6381,52339,9793,57814
5,1067.9000,388,6381,52339,9793,28216
5,1060.6000,388,6381,52339,9793,28216
5,1060.6000,388,6381,52339,9793,28216
5,1045.8000,9793,388,6381,52339,61716
5,1038.0000,388,6381,52339,9793,57814
5,1038.0000,388,6381,52339,9793,57814
5,1038.0000,388,6381,52339,9793,57814
5,1038.0000,388,6381,52339,9793,57814
5,1038.0000,388,6381,52339,9793,57814
5,1038.0000,388,6381,52339,9793,57814
5,1038.0000,388,6381,52339,9793,57814
5,1038.0000,388,6381,52339,9793,57814
5,1038.0000,388,6381,52339,9793,57814
5,1038.0000,388,6381,52339,9793,57814
