generation number, individual number, fitness, candidate
0, 0, 42.44, [520, 1381, 970]
0, 1, 17.46, [934, 476, 1430]
0, 2, 11.0, [2070, 2340, 78]
0, 3, 11.0, [964, 78, 831]
0, 4, 9.47, [1430, 1378, 970]
0, 5, 9.0, [850, 3147, 785]
0, 6, 9.0, [1225, 476, 666]
0, 7, 6.0, [656, 1378, 1509]
0, 8, 5.0, [2436, 483, 587]
0, 9, 4.0, [450, 675, 1378]
1, 0, 42.44, [520, 1381, 970]
1, 1, 37.29, [520, 587, 831]
1, 2, 18.0, [873, 990, 1138]
1, 3, 17.46, [934, 476, 1430]
1, 4, 15.0, [476, 1381, 970]
1, 5, 15.0, [934, 990, 1574]
1, 6, 14.6, [964, 1381, 2436]
1, 7, 13.46, [1827, 476, 1430]
1, 8, 13.0, [2070, 587, 970]
1, 9, 10.55, [1430, 1381, 78]
2, 0, 43.22, [520, 970, 1430]
2, 1, 42.44, [520, 1381, 970]
2, 2, 40.41, [520, 1381, 1378]
2, 3, 39.8, [520, 735, 2070]
2, 4, 38.29, [520, 587, 1219]
2, 5, 37.29, [520, 587, 831]
2, 6, 13.6, [320, 1381, 964]
2, 7, 13.0, [934, 545, 970]
2, 8, 12.0, [656, 1381, 970]
2, 9, 10.0, [1157, 1381, 970]
3, 0, 43.35, [520, 2340, 970]
3, 1, 43.22, [520, 970, 1430]
3, 2, 42.44, [520, 1381, 970]
3, 3, 39.44, [520, 970, 545]
3, 4, 39.03, [520, 1569, 1430]
3, 5, 15.55, [964, 970, 3147]
3, 6, 14.0, [483, 439, 970]
3, 7, 11.55, [873, 587, 1430]
3, 8, 10.0, [1827, 970, 1219]
3, 9, 9.48, [1378, 1381, 1430]
4, 0, 43.35, [520, 2340, 970]
4, 1, 43.22, [520, 970, 1430]
4, 2, 42.53, [520, 970, 1827]
4, 3, 40.38, [520, 476, 1157]
4, 4, 38.65, [520, 1219, 78]
4, 5, 35.44, [520, 1509, 735]
4, 6, 12.0, [694, 873, 970]
4, 7, 11.0, [711, 439, 450]
4, 8, 9.53, [666, 1430, 970]
4, 9, 9.0, [2436, 1381, 970]
5, 0, 43.35, [520, 2340, 970]
5, 1, 43.22, [520, 970, 1430]
5, 2, 39.38, [520, 970, 711]
5, 3, 36.44, [520, 339, 1225]
5, 4, 17.0, [439, 970, 2340]
5, 5, 14.0, [1378, 970, 439]
5, 6, 13.2, [964, 2340, 545]
5, 7, 13.0, [1138, 545, 2340]
5, 8, 11.0, [990, 970, 873]
5, 9, 10.0, [439, 1827, 1138]
6, 0, 43.35, [520, 2340, 970]
6, 1, 43.22, [520, 970, 1430]
6, 2, 42.29, [520, 2340, 1430]
6, 3, 41.56, [520, 970, 78]
6, 4, 38.83, [520, 2340, 711]
6, 5, 37.71, [520, 785, 2436]
6, 6, 36.26, [520, 1378, 831]
6, 7, 30.87, [1157, 1225, 5117]
6, 8, 11.0, [3147, 694, 970]
6, 9, 9.53, [1430, 2340, 3147]
7, 0, 44.38, [520, 2340, 934]
7, 1, 43.35, [520, 2340, 970]
7, 2, 43.22, [520, 970, 1430]
7, 3, 41.35, [520, 2340, 785]
7, 4, 40.53, [520, 1378, 970]
7, 5, 38.65, [520, 1225, 751]
7, 6, 34.65, [520, 495, 2436]
7, 7, 10.55, [990, 1381, 1430]
7, 8, 10.0, [850, 1827, 785]
7, 9, 9.5, [873, 2340, 1430]
8, 0, 44.38, [520, 2340, 934]
8, 1, 43.35, [520, 2340, 970]
8, 2, 40.53, [520, 970, 1378]
8, 3, 39.77, [520, 2340, 831]
8, 4, 39.65, [520, 2340, 1509]
8, 5, 39.5, [520, 1414, 666]
8, 6, 39.45, [520, 964, 1219]
8, 7, 17.65, [1219, 964, 934]
8, 8, 14.0, [2070, 1219, 934]
8, 9, 13.0, [216, 2340, 934]
9, 0, 44.71, [520, 873, 970]
9, 1, 44.38, [520, 2340, 934]
9, 2, 43.35, [520, 2340, 970]
9, 3, 41.74, [520, 970, 1219]
9, 4, 40.92, [520, 320, 934]
9, 5, 40.59, [520, 934, 495]
9, 6, 39.68, [520, 2340, 666]
9, 7, 12.0, [2070, 970, 1219]
9, 8, 12.0, [873, 970, 850]
9, 9, 7.0, [741, 2436, 831]
10, 0, 44.71, [520, 873, 970]
10, 1, 44.38, [520, 2340, 934]
10, 2, 44.29, [520, 873, 439]
10, 3, 42.65, [520, 1827, 970]
10, 4, 41.14, [520, 873, 78]
10, 5, 39.44, [520, 741, 656]
10, 6, 36.77, [520, 711, 1219]
10, 7, 12.1, [1289, 873, 970]
10, 8, 8.59, [1141, 873, 850]
10, 9, 8.0, [735, 2340, 1827]
