n_nodes,influence,n0,n1,n2,n3,n4,n5,n6,n7,n8,n9,n10,n11,n12,n13,n14,n15,n16,n17,n18,n19
20,35.5300,56231,102091,214808,204787,27368,189709,230999,236664,47854,246607,36510,261107,73347,104181,21366,190379,104000,239546,135425,142261
20,35.2800,135425,73347,189709,214808,36510,56231,190379,142261,239546,104000,102091,246607,230999,27368,47854,204787,261107,6909,21366,236664
20,35.2700,56231,102091,214808,204787,27368,189709,230999,236664,47854,246607,36510,261107,73347,104181,21366,190379,104000,239546,135425,142261
20,35.2700,56231,102091,214808,204787,27368,189709,230999,236664,47854,246607,36510,261107,73347,104181,21366,190379,104000,239546,135425,142261
20,35.2700,56231,102091,214808,204787,27368,189709,230999,236664,47854,246607,36510,261107,73347,104181,21366,190379,104000,239546,135425,142261
20,35.2700,56231,102091,214808,204787,27368,189709,230999,236664,47854,246607,36510,261107,73347,104181,21366,190379,104000,239546,135425,142261
20,35.2700,56231,102091,214808,204787,27368,189709,230999,236664,47854,246607,36510,261107,73347,104181,21366,190379,104000,239546,135425,142261
20,35.2700,56231,102091,214808,204787,27368,189709,230999,236664,47854,246607,36510,261107,73347,104181,21366,190379,104000,239546,135425,142261
20,35.2700,56231,102091,214808,204787,27368,189709,230999,236664,47854,246607,36510,261107,73347,104181,21366,190379,104000,239546,135425,142261
20,35.2700,56231,102091,214808,204787,27368,189709,230999,236664,47854,246607,36510,261107,73347,104181,21366,190379,104000,239546,135425,142261
20,35.2700,56231,102091,214808,204787,27368,189709,230999,236664,47854,246607,36510,261107,73347,104181,21366,190379,104000,239546,135425,142261
20,35.2700,56231,102091,214808,204787,27368,189709,230999,236664,47854,246607,36510,261107,73347,104181,21366,190379,104000,239546,135425,142261
20,35.2700,56231,102091,214808,204787,27368,189709,230999,236664,47854,246607,36510,261107,73347,104181,21366,190379,104000,239546,135425,142261
20,35.2700,56231,102091,214808,204787,27368,189709,230999,236664,47854,246607,36510,261107,73347,104181,21366,190379,104000,239546,135425,142261
20,35.2300,56231,102091,214808,204787,27368,189709,230999,236664,47854,246607,36510,261107,73347,104181,21366,190379,104000,239546,135425,142261
20,35.2300,56231,102091,214808,204787,27368,189709,230999,236664,47854,246607,36510,261107,73347,104181,21366,190379,104000,239546,135425,142261
20,35.2200,56231,102091,214808,204787,27368,189709,230999,236664,47854,246607,36510,261107,73347,104181,21366,190379,104000,239546,135425,142261
20,35.2000,135425,73347,189709,214808,3699,56231,190379,142261,239546,104000,102091,246607,230999,27368,47854,204787,261107,104181,21366,236664
20,35.2000,135425,73347,189709,214808,3699,56231,190379,142261,239546,104000,102091,246607,230999,27368,47854,204787,261107,104181,21366,236664
20,35.2000,135425,73347,189709,214808,3699,56231,190379,142261,239546,104000,102091,246607,230999,27368,47854,204787,261107,104181,21366,236664
20,35.2000,135425,73347,189709,214808,3699,56231,190379,142261,239546,104000,102091,246607,230999,27368,47854,204787,261107,104181,21366,236664
20,35.2000,135425,73347,189709,214808,3699,56231,190379,142261,239546,104000,102091,246607,230999,27368,47854,204787,261107,104181,21366,236664
20,35.2000,135425,73347,189709,214808,3699,56231,190379,142261,239546,104000,102091,246607,230999,27368,47854,204787,261107,104181,21366,236664
20,35.2000,135425,73347,189709,214808,3699,56231,190379,142261,239546,104000,102091,246607,230999,27368,47854,204787,261107,104181,21366,236664
20,35.2000,135425,73347,189709,214808,3699,56231,190379,142261,239546,104000,102091,246607,230999,27368,47854,204787,261107,104181,21366,236664
20,35.1500,56231,102091,214808,204787,27368,189709,230999,236664,47854,246607,36510,261107,73347,104181,21366,190379,104000,239546,135425,142261
20,35.1500,56231,102091,214808,204787,27368,189709,230999,236664,47854,246607,36510,261107,73347,104181,21366,190379,104000,239546,135425,142261
20,35.0500,56231,102091,214808,204787,27368,189709,230999,236664,47854,246607,36510,261107,73347,104181,21366,190379,104000,239546,135425,142261
20,35.0400,56231,102091,214808,204787,27368,189709,230999,236664,47854,246607,36510,261107,73347,104181,21366,190379,104000,239546,135425,142261
20,35.0400,56231,102091,214808,204787,27368,189709,230999,236664,47854,246607,36510,261107,73347,104181,21366,190379,104000,239546,135425,142261
20,35.0400,56231,102091,214808,204787,27368,189709,230999,236664,47854,246607,36510,261107,73347,104181,21366,190379,104000,239546,135425,142261
20,35.0400,56231,102091,214808,204787,27368,189709,230999,236664,47854,246607,36510,261107,73347,104181,21366,190379,104000,239546,135425,142261
