generation number, individual number, fitness, candidate
0, 0, 2.09, [2527, 295]
0, 1, 2.04, [285, 2593]
0, 2, 2.04, [244, 269]
0, 3, 2.04, [154, 98]
0, 4, 2.03, [274, 4602]
0, 5, 2.03, [380, 288]
0, 6, 2.02, [2527, 244]
0, 7, 2.01, [278, 2950]
0, 8, 2.0, [2527, 240]
0, 9, 2.0, [4602, 3334]
1, 0, 2.09, [2527, 295]
1, 1, 2.07, [2530, 91]
1, 2, 2.07, [2593, 295]
1, 3, 2.07, [534, 295]
1, 4, 2.04, [2574, 615]
1, 5, 2.04, [244, 283]
1, 6, 2.04, [285, 2593]
1, 7, 2.02, [2514, 98]
1, 8, 2.02, [2514, 2593]
1, 9, 2.01, [2712, 2065]
2, 0, 2.09, [2514, 295]
2, 1, 2.09, [2527, 295]
2, 2, 2.09, [154, 1811]
2, 3, 2.08, [266, 295]
2, 4, 2.05, [2514, 1811]
2, 5, 2.04, [103, 91]
2, 6, 2.04, [265, 4602]
2, 7, 2.04, [263, 295]
2, 8, 2.02, [266, 874]
2, 9, 2.01, [2527, 2513]
2, 10, 2.01, [2527, 102]
3, 0, 2.16, [3155, 295]
3, 1, 2.14, [295, 537]
3, 2, 2.13, [81, 295]
3, 3, 2.09, [2593, 295]
3, 4, 2.09, [300, 1811]
3, 5, 2.09, [2514, 295]
3, 6, 2.09, [2527, 295]
3, 7, 2.08, [104, 295]
3, 8, 2.06, [1088, 250]
3, 9, 2.05, [261, 1811]
3, 10, 2.05, [295, 91]
3, 11, 2.04, [2514, 274]
4, 0, 2.16, [3155, 295]
4, 1, 2.14, [295, 537]
4, 2, 2.12, [874, 2512]
4, 3, 2.09, [269, 2513]
4, 4, 2.07, [81, 103]
4, 5, 2.07, [541, 295]
4, 6, 2.04, [2595, 343]
4, 7, 2.04, [295, 537]
4, 8, 2.03, [303, 1080]
4, 9, 2.03, [541, 537]
4, 10, 2.03, [103, 537]
4, 11, 2.03, [2525, 2770]
4, 12, 2.02, [264, 2593]
5, 0, 2.16, [3155, 295]
5, 1, 2.14, [295, 537]
5, 2, 2.12, [874, 295]
5, 3, 2.1, [269, 2530]
5, 4, 2.1, [269, 2532]
5, 5, 2.09, [81, 103]
5, 6, 2.09, [3155, 295]
5, 7, 2.06, [2765, 256]
5, 8, 2.06, [295, 2513]
5, 9, 2.04, [250, 103]
5, 10, 2.04, [3155, 615]
5, 11, 2.02, [2513, 103]
5, 12, 2.02, [616, 537]
6, 0, 2.16, [3155, 295]
6, 1, 2.14, [2711, 295]
6, 2, 2.14, [295, 537]
6, 3, 2.07, [874, 295]
6, 4, 2.06, [2156, 295]
6, 5, 2.05, [3155, 2599]
6, 6, 2.05, [226, 537]
6, 7, 2.04, [874, 263]
6, 8, 2.04, [265, 2530]
6, 9, 2.03, [2593, 2596]
6, 10, 2.03, [874, 1088]
6, 11, 2.01, [259, 2156]
6, 12, 2.01, [3334, 266]
7, 0, 2.17, [295, 277]
7, 1, 2.16, [3155, 295]
7, 2, 2.14, [2711, 295]
7, 3, 2.11, [2156, 295]
7, 4, 2.07, [874, 301]
7, 5, 2.06, [874, 278]
7, 6, 2.05, [219, 295]
7, 7, 2.05, [2711, 302]
7, 8, 2.03, [1088, 537]
7, 9, 2.03, [2593, 283]
7, 10, 2.03, [3155, 2530]
7, 11, 2.03, [2767, 274]
7, 12, 2.02, [1095, 3334]
7, 13, 2.02, [343, 1086]
8, 0, 2.17, [295, 277]
8, 1, 2.16, [3155, 295]
8, 2, 2.08, [2762, 295]
8, 3, 2.06, [316, 295]
8, 4, 2.05, [260, 250]
8, 5, 2.05, [2593, 876]
8, 6, 2.04, [874, 2513]
8, 7, 2.04, [3155, 303]
8, 8, 2.04, [102, 269]
8, 9, 2.03, [2530, 277]
8, 10, 2.02, [2711, 263]
8, 11, 2.02, [81, 3155]
8, 12, 2.02, [263, 250]
8, 13, 2.02, [1088, 1095]
8, 14, 2.02, [1086, 259]
9, 0, 2.17, [295, 277]
9, 1, 2.16, [3155, 295]
9, 2, 2.11, [295, 2512]
9, 3, 2.07, [3155, 265]
9, 4, 2.07, [250, 277]
9, 5, 2.05, [274, 91]
9, 6, 2.05, [2593, 77]
9, 7, 2.05, [269, 275]
9, 8, 2.05, [2762, 277]
9, 9, 2.04, [2762, 263]
9, 10, 2.04, [3155, 380]
9, 11, 2.03, [874, 876]
9, 12, 2.03, [2593, 250]
9, 13, 2.03, [2593, 1080]
9, 14, 2.02, [283, 876]
10, 0, 2.17, [295, 277]
10, 1, 2.16, [3155, 295]
10, 2, 2.11, [256, 277]
10, 3, 2.11, [295, 2525]
10, 4, 2.06, [283, 77]
10, 5, 2.06, [2593, 300]
10, 6, 2.05, [2595, 159]
10, 7, 2.04, [3155, 2515]
10, 8, 2.04, [609, 283]
10, 9, 2.04, [380, 4602]
10, 10, 2.03, [3155, 300]
10, 11, 2.02, [2512, 219]
10, 12, 2.02, [316, 77]
10, 13, 2.02, [3155, 273]
10, 14, 2.01, [288, 1082]
11, 0, 2.17, [295, 277]
11, 1, 2.16, [3155, 295]
11, 2, 2.07, [2770, 277]
11, 3, 2.07, [3155, 2512]
11, 4, 2.06, [3155, 159]
11, 5, 2.06, [609, 277]
11, 6, 2.04, [256, 2530]
11, 7, 2.04, [288, 2530]
11, 8, 2.04, [303, 296]
11, 9, 2.04, [3334, 277]
11, 10, 2.03, [269, 288]
11, 11, 2.03, [264, 2764]
11, 12, 2.03, [3334, 277]
11, 13, 2.03, [256, 2525]
11, 14, 2.02, [303, 616]
11, 15, 2.02, [266, 265]
12, 0, 2.17, [295, 277]
12, 1, 2.16, [3155, 295]
12, 2, 2.12, [295, 277]
12, 3, 2.11, [269, 295]
12, 4, 2.11, [295, 2513]
12, 5, 2.1, [1095, 277]
12, 6, 2.08, [2762, 2512]
12, 7, 2.07, [2767, 295]
12, 8, 2.06, [274, 2514]
12, 9, 2.05, [615, 300]
12, 10, 2.05, [3334, 277]
12, 11, 2.04, [3155, 300]
12, 12, 2.04, [3155, 303]
12, 13, 2.04, [283, 2512]
12, 14, 2.02, [2530, 2574]
12, 15, 2.02, [2596, 343]
12, 16, 2.02, [3334, 300]
13, 0, 2.17, [295, 277]
13, 1, 2.16, [3155, 295]
13, 2, 2.13, [874, 295]
13, 3, 2.11, [1082, 277]
13, 4, 2.11, [3155, 193]
13, 5, 2.08, [1811, 2595]
13, 6, 2.08, [261, 277]
13, 7, 2.06, [2512, 193]
13, 8, 2.05, [2593, 1082]
13, 9, 2.05, [283, 81]
13, 10, 2.05, [2770, 240]
13, 11, 2.04, [2513, 2512]
13, 12, 2.03, [2593, 274]
13, 13, 2.03, [316, 81]
13, 14, 2.02, [3334, 2512]
13, 15, 2.02, [316, 302]
13, 16, 2.02, [316, 278]
13, 17, 2.01, [1080, 2593]
14, 0, 2.17, [295, 277]
14, 1, 2.16, [3155, 295]
14, 2, 2.11, [269, 77]
14, 3, 2.11, [285, 295]
14, 4, 2.1, [2764, 81]
14, 5, 2.1, [2765, 295]
14, 6, 2.1, [295, 4849]
14, 7, 2.08, [874, 2599]
14, 8, 2.07, [269, 193]
14, 9, 2.07, [3155, 295]
14, 10, 2.06, [1811, 250]
14, 11, 2.05, [3155, 273]
14, 12, 2.05, [1095, 2515]
14, 13, 2.04, [2767, 277]
14, 14, 2.03, [274, 259]
14, 15, 2.03, [301, 3155]
14, 16, 2.02, [261, 4849]
14, 17, 2.01, [261, 2525]
14, 18, 2.01, [3155, 303]
15, 0, 2.17, [295, 277]
15, 1, 2.16, [277, 269]
15, 2, 2.16, [3155, 295]
15, 3, 2.13, [295, 103]
15, 4, 2.06, [269, 2530]
15, 5, 2.06, [1095, 77]
15, 6, 2.06, [269, 316]
15, 7, 2.05, [1811, 2530]
15, 8, 2.04, [269, 2514]
15, 9, 2.04, [2527, 278]
15, 10, 2.04, [291, 295]
15, 11, 2.04, [2156, 277]
15, 12, 2.04, [300, 77]
15, 13, 2.04, [264, 76]
15, 14, 2.03, [285, 76]
15, 15, 2.02, [876, 250]
15, 16, 2.02, [2065, 191]
15, 17, 2.02, [1088, 541]
15, 18, 2.02, [3155, 283]
15, 19, 2.01, [3155, 220]
16, 0, 2.23, [269, 295]
16, 1, 2.17, [295, 277]
16, 2, 2.16, [277, 269]
16, 3, 2.09, [269, 77]
16, 4, 2.09, [3155, 279]
16, 5, 2.08, [2065, 295]
16, 6, 2.07, [103, 316]
16, 7, 2.07, [295, 263]
16, 8, 2.06, [876, 295]
16, 9, 2.06, [269, 273]
16, 10, 2.06, [295, 273]
16, 11, 2.06, [2593, 1087]
16, 12, 2.06, [295, 291]
16, 13, 2.05, [295, 3334]
16, 14, 2.05, [269, 265]
16, 15, 2.04, [277, 275]
16, 16, 2.04, [3334, 269]
16, 17, 2.04, [154, 316]
16, 18, 2.03, [3334, 277]
16, 19, 2.02, [222, 316]
16, 20, 2.01, [1095, 273]
17, 0, 2.23, [269, 295]
17, 1, 2.19, [154, 295]
17, 2, 2.17, [295, 277]
17, 3, 2.15, [77, 295]
17, 4, 2.13, [295, 2574]
17, 5, 2.13, [295, 103]
17, 6, 2.12, [269, 283]
17, 7, 2.09, [277, 2513]
17, 8, 2.09, [295, 269]
17, 9, 2.08, [277, 316]
17, 10, 2.07, [269, 77]
17, 11, 2.05, [277, 244]
17, 12, 2.05, [302, 291]
17, 13, 2.04, [2950, 269]
17, 14, 2.04, [295, 274]
17, 15, 2.03, [154, 264]
17, 16, 2.03, [3716, 98]
17, 17, 2.02, [2530, 1095]
17, 18, 2.02, [259, 874]
17, 19, 2.02, [2765, 303]
17, 20, 2.0, [288, 2156]
17, 21, 2.0, [2065, 2156]
18, 0, 2.23, [269, 295]
18, 1, 2.19, [154, 295]
18, 2, 2.12, [295, 2512]
18, 3, 2.09, [1086, 277]
18, 4, 2.09, [296, 295]
18, 5, 2.08, [2593, 295]
18, 6, 2.08, [277, 2530]
18, 7, 2.07, [269, 2530]
18, 8, 2.06, [2770, 2950]
18, 9, 2.05, [295, 1811]
18, 10, 2.03, [275, 874]
18, 11, 2.03, [154, 558]
18, 12, 2.03, [296, 266]
18, 13, 2.03, [104, 2764]
18, 14, 2.03, [154, 297]
18, 15, 2.03, [103, 209]
18, 16, 2.02, [2514, 285]
18, 17, 2.02, [261, 300]
18, 18, 2.01, [154, 263]
18, 19, 2.01, [264, 278]
18, 20, 2.01, [2156, 1088]
18, 21, 2.01, [98, 2595]
19, 0, 2.23, [269, 295]
19, 1, 2.19, [154, 295]
19, 2, 2.09, [279, 277]
19, 3, 2.07, [288, 2512]
19, 4, 2.06, [295, 263]
19, 5, 2.06, [1086, 2513]
19, 6, 2.06, [1086, 2514]
19, 7, 2.06, [269, 191]
19, 8, 2.05, [874, 1082]
19, 9, 2.05, [154, 2530]
19, 10, 2.04, [295, 273]
19, 11, 2.03, [77, 2595]
19, 12, 2.03, [269, 876]
19, 13, 2.03, [300, 2512]
19, 14, 2.03, [3334, 193]
19, 15, 2.02, [154, 2514]
19, 16, 2.02, [2770, 283]
19, 17, 2.02, [2770, 316]
19, 18, 2.01, [2513, 300]
19, 19, 2.01, [4602, 558]
19, 20, 2.01, [2593, 2950]
19, 21, 2.01, [261, 2513]
20, 0, 2.23, [269, 295]
20, 1, 2.19, [154, 295]
20, 2, 2.12, [1087, 295]
20, 3, 2.11, [277, 295]
20, 4, 2.1, [295, 300]
20, 5, 2.09, [269, 2512]
20, 6, 2.07, [2593, 277]
20, 7, 2.07, [2593, 2512]
20, 8, 2.06, [279, 2512]
20, 9, 2.06, [1087, 2514]
20, 10, 2.06, [2593, 277]
20, 11, 2.05, [1086, 3155]
20, 12, 2.05, [1088, 2593]
20, 13, 2.04, [3716, 277]
20, 14, 2.04, [260, 2530]
20, 15, 2.04, [1088, 2530]
20, 16, 2.04, [279, 283]
20, 17, 2.03, [279, 343]
20, 18, 2.03, [250, 263]
20, 19, 2.02, [288, 3135]
20, 20, 2.02, [266, 3135]
20, 21, 2.01, [244, 191]
20, 22, 2.01, [154, 2527]
21, 0, 2.23, [269, 295]
21, 1, 2.19, [154, 295]
21, 2, 2.12, [269, 295]
21, 3, 2.11, [380, 295]
21, 4, 2.1, [269, 81]
21, 5, 2.08, [303, 295]
21, 6, 2.08, [280, 269]
21, 7, 2.07, [380, 2512]
21, 8, 2.06, [1088, 2512]
21, 9, 2.06, [3716, 295]
21, 10, 2.05, [1088, 2512]
21, 11, 2.04, [285, 277]
21, 12, 2.04, [154, 2515]
21, 13, 2.04, [279, 2513]
21, 14, 2.04, [1088, 2512]
21, 15, 2.03, [1080, 261]
21, 16, 2.03, [288, 300]
21, 17, 2.03, [209, 2530]
21, 18, 2.03, [259, 104]
21, 19, 2.02, [273, 104]
21, 20, 2.02, [1087, 259]
21, 21, 2.01, [4602, 2514]
21, 22, 2.01, [1088, 2512]
21, 23, 2.01, [277, 876]
22, 0, 2.23, [269, 295]
22, 1, 2.19, [154, 295]
22, 2, 2.12, [98, 295]
22, 3, 2.09, [285, 295]
22, 4, 2.09, [154, 295]
22, 5, 2.08, [285, 295]
22, 6, 2.08, [288, 2512]
22, 7, 2.07, [2770, 3155]
22, 8, 2.07, [269, 2515]
22, 9, 2.07, [380, 2530]
22, 10, 2.06, [2597, 269]
22, 11, 2.06, [277, 278]
22, 12, 2.05, [2599, 265]
22, 13, 2.05, [154, 81]
22, 14, 2.04, [103, 256]
22, 15, 2.04, [269, 2532]
22, 16, 2.04, [4849, 2513]
22, 17, 2.03, [3155, 2513]
22, 18, 2.03, [2527, 226]
22, 19, 2.03, [2711, 2156]
22, 20, 2.02, [1082, 876]
22, 21, 2.02, [3716, 2593]
22, 22, 2.02, [154, 616]
22, 23, 2.01, [2574, 278]
22, 24, 2.01, [91, 2525]
23, 0, 2.23, [269, 295]
23, 1, 2.19, [154, 295]
23, 2, 2.15, [4849, 295]
23, 3, 2.12, [193, 295]
23, 4, 2.1, [296, 295]
23, 5, 2.09, [277, 295]
23, 6, 2.07, [98, 295]
23, 7, 2.06, [154, 264]
23, 8, 2.06, [269, 876]
23, 9, 2.05, [259, 295]
23, 10, 2.05, [269, 2513]
23, 11, 2.04, [91, 2512]
23, 12, 2.04, [534, 3155]
23, 13, 2.04, [296, 159]
23, 14, 2.04, [2593, 2515]
23, 15, 2.04, [278, 222]
23, 16, 2.03, [2525, 2712]
23, 17, 2.03, [278, 285]
23, 18, 2.03, [2765, 295]
23, 19, 2.03, [269, 250]
23, 20, 2.02, [2595, 240]
23, 21, 2.02, [2515, 534]
23, 22, 2.01, [154, 288]
23, 23, 2.01, [2156, 104]
23, 24, 2.01, [285, 876]
23, 25, 2.01, [534, 275]
24, 0, 2.23, [269, 295]
24, 1, 2.19, [154, 295]
24, 2, 2.15, [193, 295]
24, 3, 2.15, [277, 541]
24, 4, 2.11, [296, 295]
24, 5, 2.11, [154, 277]
24, 6, 2.11, [296, 295]
24, 7, 2.09, [91, 876]
24, 8, 2.09, [285, 295]
24, 9, 2.08, [279, 295]
24, 10, 2.08, [220, 295]
24, 11, 2.07, [149, 295]
24, 12, 2.06, [343, 277]
24, 13, 2.05, [2711, 2597]
24, 14, 2.04, [3334, 2513]
24, 15, 2.04, [259, 2770]
24, 16, 2.04, [279, 1080]
24, 17, 2.03, [277, 2767]
24, 18, 2.03, [278, 193]
24, 19, 2.03, [193, 2764]
24, 20, 2.03, [1069, 103]
24, 21, 2.02, [316, 2525]
24, 22, 2.02, [2156, 301]
24, 23, 2.02, [534, 2530]
24, 24, 2.02, [288, 3155]
24, 25, 2.02, [76, 250]
24, 26, 2.01, [1082, 3334]
25, 0, 2.23, [269, 295]
25, 1, 2.19, [154, 295]
25, 2, 2.14, [279, 295]
25, 3, 2.09, [300, 259]
25, 4, 2.08, [277, 2764]
25, 5, 2.08, [295, 2525]
25, 6, 2.06, [209, 277]
25, 7, 2.06, [269, 2764]
25, 8, 2.06, [265, 269]
25, 9, 2.06, [3334, 2595]
25, 10, 2.05, [285, 2514]
25, 11, 2.04, [874, 2595]
25, 12, 2.04, [380, 2770]
25, 13, 2.04, [91, 283]
25, 14, 2.04, [277, 283]
25, 15, 2.03, [220, 295]
25, 16, 2.03, [380, 876]
25, 17, 2.03, [259, 278]
25, 18, 2.03, [2514, 259]
25, 19, 2.02, [1086, 291]
25, 20, 2.02, [149, 265]
25, 21, 2.02, [193, 1087]
25, 22, 2.02, [91, 609]
25, 23, 2.02, [91, 265]
25, 24, 2.01, [609, 3135]
25, 25, 2.01, [2525, 2532]
25, 26, 2.01, [259, 2762]
25, 27, 2.0, [2156, 316]
26, 0, 2.23, [269, 295]
26, 1, 2.19, [154, 295]
26, 2, 2.15, [300, 295]
26, 3, 2.1, [222, 295]
26, 4, 2.1, [277, 876]
26, 5, 2.09, [77, 295]
26, 6, 2.08, [3334, 1811]
26, 7, 2.08, [2765, 295]
26, 8, 2.08, [302, 295]
26, 9, 2.08, [269, 250]
26, 10, 2.06, [3155, 380]
26, 11, 2.06, [154, 876]
26, 12, 2.06, [269, 81]
26, 13, 2.06, [277, 288]
26, 14, 2.06, [2156, 277]
26, 15, 2.06, [269, 2527]
26, 16, 2.05, [279, 2764]
26, 17, 2.04, [301, 2770]
26, 18, 2.03, [263, 295]
26, 19, 2.03, [1087, 2525]
26, 20, 2.03, [288, 277]
26, 21, 2.02, [91, 1069]
26, 22, 2.02, [1086, 2532]
26, 23, 2.02, [104, 876]
26, 24, 2.01, [283, 2595]
26, 25, 2.01, [222, 259]
26, 26, 2.01, [209, 2767]
26, 27, 2.01, [288, 2764]
26, 28, 2.0, [609, 2764]
27, 0, 2.23, [269, 295]
27, 1, 2.19, [154, 295]
27, 2, 2.14, [154, 277]
27, 3, 2.1, [876, 295]
27, 4, 2.09, [277, 2513]
27, 5, 2.08, [269, 316]
27, 6, 2.08, [615, 300]
27, 7, 2.07, [277, 2514]
27, 8, 2.07, [537, 295]
27, 9, 2.06, [277, 2514]
27, 10, 2.06, [269, 2514]
27, 11, 2.05, [3716, 295]
27, 12, 2.05, [154, 2764]
27, 13, 2.05, [222, 2764]
27, 14, 2.05, [2156, 1811]
27, 15, 2.05, [269, 2764]
27, 16, 2.04, [302, 301]
27, 17, 2.04, [91, 285]
27, 18, 2.04, [222, 2530]
27, 19, 2.04, [277, 2513]
27, 20, 2.04, [277, 876]
27, 21, 2.03, [2770, 81]
27, 22, 2.03, [296, 1811]
27, 23, 2.03, [264, 280]
27, 24, 2.02, [1069, 1811]
27, 25, 2.02, [609, 2530]
27, 26, 2.02, [219, 250]
27, 27, 2.02, [302, 2764]
27, 28, 2.01, [3716, 1069]
27, 29, 2.01, [4849, 4602]
28, 0, 2.23, [269, 295]
28, 1, 2.19, [154, 295]
28, 2, 2.13, [537, 250]
28, 3, 2.13, [2593, 295]
28, 4, 2.12, [77, 295]
28, 5, 2.11, [301, 269]
28, 6, 2.11, [876, 295]
28, 7, 2.1, [269, 222]
28, 8, 2.1, [300, 295]
28, 9, 2.09, [277, 316]
28, 10, 2.09, [222, 277]
28, 11, 2.09, [269, 295]
28, 12, 2.08, [277, 2527]
28, 13, 2.07, [615, 2512]
28, 14, 2.07, [537, 295]
28, 15, 2.06, [2764, 295]
28, 16, 2.05, [193, 1088]
28, 17, 2.05, [296, 295]
28, 18, 2.04, [285, 1811]
28, 19, 2.04, [277, 303]
28, 20, 2.04, [2525, 2593]
28, 21, 2.03, [279, 2711]
28, 22, 2.03, [876, 77]
28, 23, 2.03, [2593, 2513]
28, 24, 2.03, [154, 2767]
28, 25, 2.03, [3716, 2513]
28, 26, 2.02, [273, 300]
28, 27, 2.02, [76, 103]
28, 28, 2.02, [1811, 2712]
28, 29, 2.01, [2156, 2767]
28, 30, 2.0, [335, 1088]
29, 0, 2.23, [269, 295]
29, 1, 2.19, [154, 295]
29, 2, 2.12, [2764, 295]
29, 3, 2.09, [2770, 103]
29, 4, 2.09, [277, 240]
29, 5, 2.08, [2764, 295]
29, 6, 2.08, [77, 250]
29, 7, 2.08, [2512, 250]
29, 8, 2.07, [103, 295]
29, 9, 2.07, [269, 256]
29, 10, 2.06, [1811, 288]
29, 11, 2.06, [269, 558]
29, 12, 2.06, [300, 295]
29, 13, 2.05, [269, 209]
29, 14, 2.04, [300, 266]
29, 15, 2.04, [269, 316]
29, 16, 2.04, [279, 1087]
29, 17, 2.03, [615, 616]
29, 18, 2.03, [269, 2950]
29, 19, 2.03, [274, 222]
29, 20, 2.03, [537, 2514]
29, 21, 2.03, [2712, 2599]
29, 22, 2.03, [301, 283]
29, 23, 2.02, [102, 265]
29, 24, 2.02, [2525, 263]
29, 25, 2.02, [154, 240]
29, 26, 2.02, [264, 269]
29, 27, 2.02, [222, 316]
29, 28, 2.02, [263, 2767]
29, 29, 2.01, [259, 250]
29, 30, 2.01, [280, 534]
29, 31, 2.01, [154, 2950]
30, 0, 2.23, [269, 295]
30, 1, 2.19, [154, 295]
30, 2, 2.12, [269, 2597]
30, 3, 2.12, [874, 295]
30, 4, 2.11, [2764, 295]
30, 5, 2.1, [269, 300]
30, 6, 2.09, [296, 295]
30, 7, 2.09, [103, 1087]
30, 8, 2.08, [2513, 77]
30, 9, 2.08, [1811, 260]
30, 10, 2.08, [273, 295]
30, 11, 2.07, [2593, 295]
30, 12, 2.07, [269, 2530]
30, 13, 2.07, [2513, 295]
30, 14, 2.07, [2596, 295]
30, 15, 2.06, [154, 263]
30, 16, 2.06, [874, 103]
30, 17, 2.05, [269, 288]
30, 18, 2.05, [537, 874]
30, 19, 2.05, [77, 316]
30, 20, 2.05, [274, 295]
30, 21, 2.04, [2527, 209]
30, 22, 2.04, [1080, 256]
30, 23, 2.04, [537, 250]
30, 24, 2.03, [77, 2530]
30, 25, 2.03, [2770, 283]
30, 26, 2.03, [2770, 2513]
30, 27, 2.02, [1082, 2767]
30, 28, 2.02, [2950, 256]
30, 29, 2.02, [2593, 240]
30, 30, 2.01, [2712, 103]
30, 31, 2.01, [98, 250]
30, 32, 2.01, [2156, 250]
31, 0, 2.23, [269, 295]
31, 1, 2.19, [154, 295]
31, 2, 2.13, [2593, 295]
31, 3, 2.12, [288, 295]
31, 4, 2.11, [874, 295]
31, 5, 2.11, [103, 77]
31, 6, 2.1, [279, 1087]
31, 7, 2.09, [2770, 295]
31, 8, 2.08, [2512, 295]
31, 9, 2.07, [2593, 295]
31, 10, 2.07, [335, 295]
31, 11, 2.07, [269, 2530]
31, 12, 2.07, [1811, 2514]
31, 13, 2.06, [537, 300]
31, 14, 2.06, [269, 1088]
31, 15, 2.06, [259, 77]
31, 16, 2.06, [256, 295]
31, 17, 2.05, [2593, 297]
31, 18, 2.05, [2770, 300]
31, 19, 2.04, [2513, 291]
31, 20, 2.04, [1811, 316]
31, 21, 2.04, [2514, 2597]
31, 22, 2.04, [269, 250]
31, 23, 2.03, [269, 266]
31, 24, 2.03, [2711, 278]
31, 25, 2.03, [259, 2593]
31, 26, 2.02, [2156, 77]
31, 27, 2.02, [2513, 2514]
31, 28, 2.02, [269, 222]
31, 29, 2.02, [4602, 300]
31, 30, 2.02, [2712, 240]
31, 31, 2.01, [2764, 263]
31, 32, 2.01, [335, 615]
31, 33, 2.01, [285, 260]
32, 0, 2.23, [269, 295]
32, 1, 2.19, [154, 295]
32, 2, 2.1, [288, 295]
32, 3, 2.1, [191, 277]
32, 4, 2.08, [2770, 1088]
32, 5, 2.07, [2593, 295]
32, 6, 2.07, [874, 222]
32, 7, 2.07, [2767, 295]
32, 8, 2.07, [537, 77]
32, 9, 2.07, [296, 2514]
32, 10, 2.07, [2597, 1811]
32, 11, 2.06, [103, 2513]
32, 12, 2.06, [269, 283]
32, 13, 2.06, [1811, 102]
32, 14, 2.05, [269, 316]
32, 15, 2.05, [1811, 2597]
32, 16, 2.04, [1811, 316]
32, 17, 2.04, [269, 76]
32, 18, 2.04, [279, 2514]
32, 19, 2.04, [615, 263]
32, 20, 2.04, [279, 2514]
32, 21, 2.04, [103, 283]
32, 22, 2.04, [615, 103]
32, 23, 2.04, [283, 1086]
32, 24, 2.03, [296, 1087]
32, 25, 2.03, [288, 300]
32, 26, 2.02, [2762, 77]
32, 27, 2.02, [380, 77]
32, 28, 2.01, [296, 316]
32, 29, 2.01, [2770, 3135]
32, 30, 2.01, [266, 2514]
32, 31, 2.01, [2764, 265]
32, 32, 2.01, [537, 3716]
32, 33, 2.01, [265, 191]
32, 34, 2.0, [159, 98]
33, 0, 2.23, [269, 295]
33, 1, 2.19, [154, 295]
33, 2, 2.13, [2765, 295]
33, 3, 2.12, [2593, 295]
33, 4, 2.11, [154, 269]
33, 5, 2.1, [269, 98]
33, 6, 2.1, [297, 295]
33, 7, 2.1, [295, 2770]
33, 8, 2.1, [874, 295]
33, 9, 2.08, [874, 77]
33, 10, 2.06, [1069, 295]
33, 11, 2.06, [2593, 2513]
33, 12, 2.06, [295, 380]
33, 13, 2.05, [259, 2513]
33, 14, 2.05, [1811, 2513]
33, 15, 2.05, [2596, 300]
33, 16, 2.04, [269, 876]
33, 17, 2.04, [2574, 1811]
33, 18, 2.04, [2767, 77]
33, 19, 2.04, [265, 269]
33, 20, 2.03, [266, 98]
33, 21, 2.03, [103, 222]
33, 22, 2.03, [154, 1087]
33, 23, 2.03, [288, 303]
33, 24, 2.03, [269, 541]
33, 25, 2.03, [288, 259]
33, 26, 2.02, [2767, 278]
33, 27, 2.02, [2593, 283]
33, 28, 2.02, [1088, 193]
33, 29, 2.01, [2770, 76]
33, 30, 2.01, [2712, 616]
33, 31, 2.01, [537, 2514]
33, 32, 2.01, [193, 222]
33, 33, 2.0, [240, 102]
33, 34, 2.0, [2593, 98]
33, 35, 2.0, [534, 102]
34, 0, 2.23, [269, 295]
34, 1, 2.19, [154, 295]
34, 2, 2.16, [295, 2512]
34, 3, 2.14, [2712, 295]
34, 4, 2.14, [277, 295]
34, 5, 2.11, [2770, 295]
34, 6, 2.1, [285, 77]
34, 7, 2.1, [2770, 295]
34, 8, 2.09, [285, 295]
34, 9, 2.09, [264, 1811]
34, 10, 2.08, [2770, 269]
34, 11, 2.08, [296, 295]
34, 12, 2.07, [2764, 2513]
34, 13, 2.07, [4602, 295]
34, 14, 2.07, [154, 2512]
34, 15, 2.07, [2513, 283]
34, 16, 2.06, [2530, 2513]
34, 17, 2.06, [2712, 2770]
34, 18, 2.05, [1069, 295]
34, 19, 2.05, [269, 2514]
34, 20, 2.05, [2770, 3155]
34, 21, 2.04, [2593, 2765]
34, 22, 2.04, [296, 876]
34, 23, 2.04, [103, 269]
34, 24, 2.04, [98, 279]
34, 25, 2.04, [2770, 269]
34, 26, 2.04, [4602, 269]
34, 27, 2.03, [1811, 2530]
34, 28, 2.03, [2593, 91]
34, 29, 2.03, [3716, 2513]
34, 30, 2.02, [103, 240]
34, 31, 2.02, [343, 2530]
34, 32, 2.02, [1082, 91]
34, 33, 2.02, [2711, 876]
34, 34, 2.02, [91, 2514]
34, 35, 2.02, [278, 209]
34, 36, 2.02, [283, 295]
35, 0, 2.23, [269, 295]
35, 1, 2.19, [154, 295]
35, 2, 2.12, [295, 77]
35, 3, 2.11, [295, 2512]
35, 4, 2.11, [2593, 295]
35, 5, 2.11, [2512, 295]
35, 6, 2.1, [2765, 2512]
35, 7, 2.08, [300, 77]
35, 8, 2.08, [2596, 259]
35, 9, 2.08, [296, 295]
35, 10, 2.07, [295, 1069]
35, 11, 2.06, [277, 154]
35, 12, 2.06, [285, 295]
35, 13, 2.06, [277, 297]
35, 14, 2.05, [616, 1811]
35, 15, 2.05, [874, 2512]
35, 16, 2.05, [277, 104]
35, 17, 2.05, [2770, 250]
35, 18, 2.04, [264, 1080]
35, 19, 2.04, [2765, 302]
35, 20, 2.04, [263, 2530]
35, 21, 2.04, [277, 3334]
35, 22, 2.04, [259, 266]
35, 23, 2.04, [2770, 283]
35, 24, 2.04, [2595, 259]
35, 25, 2.03, [2770, 283]
35, 26, 2.03, [285, 2514]
35, 27, 2.03, [380, 316]
35, 28, 2.03, [259, 2065]
35, 29, 2.02, [291, 260]
35, 30, 2.02, [2156, 283]
35, 31, 2.02, [2770, 876]
35, 32, 2.02, [283, 2513]
35, 33, 2.02, [2762, 191]
35, 34, 2.01, [2770, 616]
35, 35, 2.01, [296, 2156]
35, 36, 2.01, [76, 2764]
35, 37, 2.0, [2513, 316]
36, 0, 2.23, [269, 295]
36, 1, 2.19, [154, 295]
36, 2, 2.12, [2770, 295]
36, 3, 2.11, [609, 295]
36, 4, 2.11, [295, 103]
36, 5, 2.1, [2527, 295]
36, 6, 2.1, [277, 283]
36, 7, 2.09, [2593, 2512]
36, 8, 2.09, [2513, 2512]
36, 9, 2.08, [2593, 1811]
36, 10, 2.08, [259, 2512]
36, 11, 2.07, [263, 295]
36, 12, 2.06, [2593, 265]
36, 13, 2.06, [295, 265]
36, 14, 2.06, [2767, 77]
36, 15, 2.06, [277, 876]
36, 16, 2.06, [269, 1811]
36, 17, 2.05, [300, 277]
36, 18, 2.05, [295, 297]
36, 19, 2.05, [874, 266]
36, 20, 2.05, [81, 874]
36, 21, 2.04, [76, 250]
36, 22, 2.04, [2512, 193]
36, 23, 2.04, [2593, 297]
36, 24, 2.04, [277, 316]
36, 25, 2.03, [283, 77]
36, 26, 2.03, [283, 2512]
36, 27, 2.03, [874, 300]
36, 28, 2.03, [279, 2525]
36, 29, 2.03, [534, 77]
36, 30, 2.03, [3716, 154]
36, 31, 2.02, [154, 558]
36, 32, 2.02, [316, 220]
36, 33, 2.02, [1095, 534]
36, 34, 2.01, [3135, 256]
36, 35, 2.01, [2770, 274]
36, 36, 2.0, [244, 2527]
36, 37, 2.0, [2767, 297]
36, 38, 2.0, [534, 616]
37, 0, 2.23, [269, 295]
37, 1, 2.19, [154, 295]
37, 2, 2.16, [300, 295]
37, 3, 2.13, [2512, 295]
37, 4, 2.12, [295, 2711]
37, 5, 2.11, [269, 2595]
37, 6, 2.1, [874, 295]
37, 7, 2.09, [269, 300]
37, 8, 2.08, [300, 295]
37, 9, 2.07, [277, 2764]
37, 10, 2.07, [226, 277]
37, 11, 2.07, [277, 2514]
37, 12, 2.06, [159, 2512]
37, 13, 2.05, [2765, 2512]
37, 14, 2.05, [259, 269]
37, 15, 2.05, [2527, 2513]
37, 16, 2.04, [159, 2512]
37, 17, 2.04, [154, 297]
37, 18, 2.04, [104, 2512]
37, 19, 2.04, [4849, 874]
37, 20, 2.03, [259, 275]
37, 21, 2.03, [154, 104]
37, 22, 2.03, [2513, 76]
37, 23, 2.03, [2767, 2515]
37, 24, 2.03, [2514, 876]
37, 25, 2.03, [296, 266]
37, 26, 2.03, [4602, 295]
37, 27, 2.03, [2514, 295]
37, 28, 2.03, [154, 300]
37, 29, 2.02, [380, 261]
37, 30, 2.02, [2514, 283]
37, 31, 2.02, [288, 2065]
37, 32, 2.02, [3135, 244]
37, 33, 2.02, [154, 269]
37, 34, 2.02, [274, 876]
37, 35, 2.02, [609, 149]
37, 36, 2.01, [2513, 283]
37, 37, 2.01, [2514, 876]
37, 38, 2.0, [1087, 222]
37, 39, 2.0, [616, 4602]
38, 0, 2.23, [269, 295]
38, 1, 2.21, [277, 295]
38, 2, 2.19, [154, 295]
38, 3, 2.15, [277, 2770]
38, 4, 2.12, [277, 2513]
38, 5, 2.11, [874, 295]
38, 6, 2.11, [209, 295]
38, 7, 2.11, [303, 295]
38, 8, 2.11, [159, 295]
38, 9, 2.11, [269, 2514]
38, 10, 2.1, [2512, 77]
38, 11, 2.1, [154, 295]
38, 12, 2.09, [269, 2514]
38, 13, 2.08, [269, 250]
38, 14, 2.07, [2512, 159]
38, 15, 2.06, [2767, 295]
38, 16, 2.06, [193, 2764]
38, 17, 2.05, [2514, 295]
38, 18, 2.05, [277, 316]
38, 19, 2.05, [303, 295]
38, 20, 2.05, [302, 2764]
38, 21, 2.04, [2515, 2764]
38, 22, 2.04, [269, 2513]
38, 23, 2.04, [2574, 259]
38, 24, 2.04, [874, 3135]
38, 25, 2.04, [302, 2512]
38, 26, 2.04, [2514, 2512]
38, 27, 2.03, [343, 3155]
38, 28, 2.03, [2765, 264]
38, 29, 2.03, [1080, 4602]
38, 30, 2.02, [2512, 615]
38, 31, 2.02, [296, 2597]
38, 32, 2.02, [2532, 1086]
38, 33, 2.02, [2532, 300]
38, 34, 2.02, [874, 3135]
38, 35, 2.02, [154, 302]
38, 36, 2.02, [2514, 222]
38, 37, 2.02, [159, 261]
38, 38, 2.02, [2595, 2764]
38, 39, 2.02, [2593, 2595]
38, 40, 2.01, [3716, 297]
39, 0, 2.23, [269, 295]
39, 1, 2.21, [277, 295]
39, 2, 2.12, [77, 295]
39, 3, 2.11, [277, 269]
39, 4, 2.11, [2767, 295]
39, 5, 2.08, [277, 316]
39, 6, 2.07, [193, 259]
39, 7, 2.07, [874, 2764]
39, 8, 2.06, [259, 2764]
39, 9, 2.06, [269, 159]
39, 10, 2.06, [2515, 295]
39, 11, 2.05, [269, 278]
39, 12, 2.05, [103, 2514]
39, 13, 2.05, [277, 274]
39, 14, 2.05, [296, 2770]
39, 15, 2.04, [2156, 295]
39, 16, 2.04, [300, 295]
39, 17, 2.04, [2593, 295]
39, 18, 2.04, [2596, 2711]
39, 19, 2.04, [277, 2530]
39, 20, 2.04, [288, 2513]
39, 21, 2.04, [269, 316]
39, 22, 2.04, [159, 2513]
39, 23, 2.04, [2770, 295]
39, 24, 2.03, [277, 240]
39, 25, 2.03, [209, 1086]
39, 26, 2.03, [615, 616]
39, 27, 2.03, [3334, 1086]
39, 28, 2.03, [296, 1082]
39, 29, 2.02, [343, 2770]
39, 30, 2.02, [219, 2514]
39, 31, 2.02, [2767, 874]
39, 32, 2.01, [2574, 316]
39, 33, 2.01, [2065, 316]
39, 34, 2.01, [3155, 316]
39, 35, 2.01, [2156, 2597]
39, 36, 2.01, [303, 264]
39, 37, 2.01, [2593, 2770]
39, 38, 2.01, [278, 2514]
39, 39, 2.01, [2770, 261]
39, 40, 2.01, [2574, 2513]
39, 41, 2.0, [302, 283]
40, 0, 2.23, [269, 295]
40, 1, 2.21, [277, 295]
40, 2, 2.11, [77, 295]
40, 3, 2.11, [154, 295]
40, 4, 2.11, [302, 295]
40, 5, 2.1, [2770, 295]
40, 6, 2.1, [77, 103]
40, 7, 2.08, [2596, 301]
40, 8, 2.08, [269, 2512]
40, 9, 2.07, [874, 2513]
40, 10, 2.07, [303, 295]
40, 11, 2.07, [2596, 269]
40, 12, 2.06, [277, 380]
40, 13, 2.06, [191, 2513]
40, 14, 2.06, [81, 295]
40, 15, 2.06, [77, 2764]
40, 16, 2.06, [2597, 2593]
40, 17, 2.06, [104, 295]
40, 18, 2.05, [269, 1087]
40, 19, 2.05, [277, 2530]
40, 20, 2.05, [300, 295]
40, 21, 2.05, [269, 275]
40, 22, 2.05, [77, 2514]
40, 23, 2.05, [220, 295]
40, 24, 2.05, [285, 259]
40, 25, 2.04, [259, 2514]
40, 26, 2.04, [191, 615]
40, 27, 2.04, [226, 316]
40, 28, 2.04, [2767, 874]
40, 29, 2.04, [77, 2764]
40, 30, 2.04, [2762, 274]
40, 31, 2.04, [103, 283]
40, 32, 2.04, [2156, 77]
40, 33, 2.03, [303, 2764]
40, 34, 2.03, [2767, 3135]
40, 35, 2.03, [2596, 263]
40, 36, 2.02, [285, 274]
40, 37, 2.01, [2515, 275]
40, 38, 2.01, [2156, 2514]
40, 39, 2.01, [2525, 1082]
40, 40, 2.01, [303, 3135]
40, 41, 2.0, [274, 269]
40, 42, 2.0, [2525, 226]
41, 0, 2.23, [269, 295]
41, 1, 2.21, [277, 295]
41, 2, 2.15, [1086, 295]
41, 3, 2.12, [296, 295]
41, 4, 2.12, [2595, 295]
41, 5, 2.09, [77, 283]
41, 6, 2.09, [259, 295]
41, 7, 2.09, [301, 295]
41, 8, 2.09, [2595, 295]
41, 9, 2.08, [154, 300]
41, 10, 2.08, [277, 537]
41, 11, 2.07, [77, 876]
41, 12, 2.07, [2595, 3716]
41, 13, 2.06, [259, 103]
41, 14, 2.06, [1087, 2512]
41, 15, 2.06, [285, 295]
41, 16, 2.06, [300, 2513]
41, 17, 2.06, [1087, 269]
41, 18, 2.06, [2712, 295]
41, 19, 2.06, [2593, 159]
41, 20, 2.06, [193, 2513]
41, 21, 2.06, [274, 2513]
41, 22, 2.05, [77, 283]
41, 23, 2.05, [300, 295]
41, 24, 2.05, [874, 2527]
41, 25, 2.05, [259, 301]
41, 26, 2.04, [277, 283]
41, 27, 2.04, [558, 380]
41, 28, 2.04, [154, 263]
41, 29, 2.03, [2765, 380]
41, 30, 2.02, [256, 2767]
41, 31, 2.02, [285, 1095]
41, 32, 2.02, [874, 316]
41, 33, 2.02, [91, 297]
41, 34, 2.02, [273, 77]
41, 35, 2.02, [2596, 2530]
41, 36, 2.02, [3334, 2525]
41, 37, 2.01, [260, 1086]
41, 38, 2.01, [2770, 291]
41, 39, 2.01, [2597, 2514]
41, 40, 2.01, [302, 4602]
41, 41, 2.01, [3716, 301]
41, 42, 2.01, [259, 269]
41, 43, 2.01, [343, 103]
42, 0, 2.23, [269, 295]
42, 1, 2.21, [277, 295]
42, 2, 2.14, [295, 300]
42, 3, 2.11, [273, 295]
42, 4, 2.1, [2593, 295]
42, 5, 2.08, [81, 2514]
42, 6, 2.08, [277, 2530]
42, 7, 2.08, [269, 279]
42, 8, 2.08, [77, 2530]
42, 9, 2.08, [277, 2513]
42, 10, 2.07, [2595, 2764]
42, 11, 2.06, [77, 2514]
42, 12, 2.05, [275, 295]
42, 13, 2.05, [609, 295]
42, 14, 2.05, [154, 269]
42, 15, 2.05, [220, 295]
42, 16, 2.05, [2599, 283]
42, 17, 2.05, [1087, 297]
42, 18, 2.04, [77, 264]
42, 19, 2.04, [259, 615]
42, 20, 2.04, [301, 874]
42, 21, 2.04, [2514, 265]
42, 22, 2.03, [2595, 209]
42, 23, 2.03, [81, 300]
42, 24, 2.03, [265, 2513]
42, 25, 2.03, [274, 295]
42, 26, 2.02, [3716, 2513]
42, 27, 2.02, [240, 283]
42, 28, 2.02, [302, 615]
42, 29, 2.02, [274, 2764]
42, 30, 2.02, [2597, 537]
42, 31, 2.02, [77, 2513]
42, 32, 2.02, [1080, 2764]
42, 33, 2.02, [300, 1087]
42, 34, 2.01, [279, 3716]
42, 35, 2.01, [2595, 1087]
42, 36, 2.01, [154, 316]
42, 37, 2.01, [2527, 285]
42, 38, 2.01, [260, 103]
42, 39, 2.01, [303, 609]
42, 40, 2.01, [2599, 876]
42, 41, 2.0, [1088, 3716]
42, 42, 2.0, [285, 283]
42, 43, 2.0, [301, 316]
42, 44, 2.0, [541, 260]
43, 0, 2.23, [269, 295]
43, 1, 2.21, [277, 295]
43, 2, 2.13, [269, 295]
43, 3, 2.11, [277, 297]
43, 4, 2.11, [4602, 295]
43, 5, 2.1, [277, 316]
43, 6, 2.08, [2599, 2512]
43, 7, 2.08, [277, 876]
43, 8, 2.08, [2712, 295]
43, 9, 2.07, [296, 295]
43, 10, 2.07, [277, 2767]
43, 11, 2.07, [2065, 159]
43, 12, 2.06, [259, 2767]
43, 13, 2.06, [2599, 2514]
43, 14, 2.06, [4602, 269]
43, 15, 2.06, [2595, 2513]
43, 16, 2.06, [300, 2596]
43, 17, 2.06, [2599, 295]
43, 18, 2.06, [193, 103]
43, 19, 2.06, [81, 283]
43, 20, 2.05, [277, 296]
43, 21, 2.04, [91, 2712]
43, 22, 2.04, [209, 2530]
43, 23, 2.04, [300, 2764]
43, 24, 2.04, [2599, 250]
43, 25, 2.04, [193, 2593]
43, 26, 2.04, [103, 302]
43, 27, 2.03, [2599, 615]
43, 28, 2.03, [316, 874]
43, 29, 2.03, [2593, 1069]
43, 30, 2.03, [269, 263]
43, 31, 2.03, [301, 876]
43, 32, 2.02, [250, 191]
43, 33, 2.02, [159, 2514]
43, 34, 2.02, [2595, 2530]
43, 35, 2.02, [2532, 279]
43, 36, 2.02, [2593, 283]
43, 37, 2.02, [2764, 2532]
43, 38, 2.01, [3716, 343]
43, 39, 2.01, [616, 2764]
43, 40, 2.01, [1086, 316]
43, 41, 2.01, [275, 297]
43, 42, 2.01, [285, 874]
43, 43, 2.01, [259, 343]
43, 44, 2.01, [558, 266]
43, 45, 2.01, [335, 149]
44, 0, 2.23, [269, 295]
44, 1, 2.21, [277, 295]
44, 2, 2.15, [269, 277]
44, 3, 2.15, [277, 295]
44, 4, 2.14, [303, 295]
44, 5, 2.11, [2156, 295]
44, 6, 2.1, [277, 2764]
44, 7, 2.09, [264, 295]
44, 8, 2.09, [537, 295]
44, 9, 2.08, [300, 295]
44, 10, 2.08, [103, 2596]
44, 11, 2.08, [277, 2514]
44, 12, 2.07, [277, 876]
44, 13, 2.07, [277, 876]
44, 14, 2.07, [259, 301]
44, 15, 2.07, [295, 98]
44, 16, 2.07, [269, 297]
44, 17, 2.07, [279, 295]
44, 18, 2.06, [269, 874]
44, 19, 2.06, [77, 295]
44, 20, 2.05, [277, 316]
44, 21, 2.05, [277, 302]
44, 22, 2.04, [259, 2513]
44, 23, 2.04, [285, 2767]
44, 24, 2.04, [81, 2513]
44, 25, 2.04, [2712, 343]
44, 26, 2.04, [4602, 2595]
44, 27, 2.03, [2593, 316]
44, 28, 2.03, [277, 316]
44, 29, 2.03, [3716, 876]
44, 30, 2.03, [2765, 2711]
44, 31, 2.02, [1095, 2512]
44, 32, 2.02, [4602, 277]
44, 33, 2.02, [259, 297]
44, 34, 2.02, [2599, 876]
44, 35, 2.02, [296, 297]
44, 36, 2.02, [2599, 2514]
44, 37, 2.02, [2712, 259]
44, 38, 2.01, [4602, 2764]
44, 39, 2.01, [2065, 3716]
44, 40, 2.01, [3716, 191]
44, 41, 2.01, [1811, 2156]
44, 42, 2.01, [265, 537]
44, 43, 2.01, [2599, 876]
44, 44, 2.01, [2532, 291]
44, 45, 2.0, [2156, 2767]
44, 46, 2.0, [2525, 316]
45, 0, 2.23, [269, 295]
45, 1, 2.21, [277, 295]
45, 2, 2.19, [77, 295]
45, 3, 2.17, [77, 295]
45, 4, 2.12, [77, 295]
45, 5, 2.11, [303, 295]
45, 6, 2.1, [279, 2530]
45, 7, 2.1, [280, 295]
45, 8, 2.09, [277, 316]
45, 9, 2.09, [2764, 295]
45, 10, 2.09, [226, 295]
45, 11, 2.09, [269, 2530]
45, 12, 2.09, [277, 316]
45, 13, 2.08, [1069, 295]
45, 14, 2.08, [103, 2764]
45, 15, 2.07, [266, 295]
45, 16, 2.07, [77, 295]
45, 17, 2.06, [269, 266]
45, 18, 2.05, [264, 874]
45, 19, 2.05, [77, 283]
45, 20, 2.05, [244, 159]
45, 21, 2.04, [277, 316]
45, 22, 2.04, [279, 193]
45, 23, 2.04, [261, 295]
45, 24, 2.04, [2512, 103]
45, 25, 2.04, [316, 277]
45, 26, 2.04, [77, 2764]
45, 27, 2.03, [300, 2527]
45, 28, 2.03, [103, 2711]
45, 29, 2.03, [2156, 295]
45, 30, 2.03, [2156, 77]
45, 31, 2.03, [1082, 2513]
45, 32, 2.03, [2512, 2514]
45, 33, 2.03, [193, 1069]
45, 34, 2.02, [3716, 2764]
45, 35, 2.02, [259, 2513]
45, 36, 2.02, [303, 295]
45, 37, 2.02, [2595, 275]
45, 38, 2.02, [1069, 269]
45, 39, 2.01, [2156, 301]
45, 40, 2.01, [264, 193]
45, 41, 2.01, [264, 222]
45, 42, 2.01, [301, 2513]
45, 43, 2.01, [4849, 259]
45, 44, 2.01, [291, 2065]
45, 45, 2.01, [91, 876]
45, 46, 2.0, [2156, 191]
45, 47, 2.0, [1069, 297]
46, 0, 2.23, [269, 295]
46, 1, 2.21, [277, 295]
46, 2, 2.1, [300, 295]
46, 3, 2.1, [277, 250]
46, 4, 2.1, [265, 295]
46, 5, 2.08, [273, 295]
46, 6, 2.08, [303, 295]
46, 7, 2.07, [226, 277]
46, 8, 2.07, [278, 2512]
46, 9, 2.06, [250, 209]
46, 10, 2.06, [244, 2530]
46, 11, 2.06, [269, 263]
46, 12, 2.06, [279, 2513]
46, 13, 2.05, [244, 159]
46, 14, 2.05, [220, 259]
46, 15, 2.05, [77, 250]
46, 16, 2.05, [2530, 280]
46, 17, 2.05, [303, 295]
46, 18, 2.05, [269, 876]
46, 19, 2.05, [285, 295]
46, 20, 2.04, [2596, 103]
46, 21, 2.04, [285, 874]
46, 22, 2.04, [266, 103]
46, 23, 2.04, [537, 296]
46, 24, 2.04, [77, 876]
46, 25, 2.04, [264, 343]
46, 26, 2.04, [226, 154]
46, 27, 2.03, [2764, 1080]
46, 28, 2.03, [2574, 154]
46, 29, 2.03, [159, 1069]
46, 30, 2.03, [259, 149]
46, 31, 2.03, [269, 876]
46, 32, 2.02, [77, 250]
46, 33, 2.02, [295, 76]
46, 34, 2.02, [264, 261]
46, 35, 2.02, [244, 263]
46, 36, 2.02, [301, 283]
46, 37, 2.02, [266, 316]
46, 38, 2.02, [266, 2767]
46, 39, 2.02, [283, 616]
46, 40, 2.01, [2764, 316]
46, 41, 2.01, [76, 874]
46, 42, 2.01, [3716, 2765]
46, 43, 2.01, [273, 2530]
46, 44, 2.01, [265, 316]
46, 45, 2.01, [154, 3334]
46, 46, 2.01, [2596, 259]
46, 47, 2.01, [77, 303]
46, 48, 2.0, [76, 219]
47, 0, 2.23, [269, 295]
47, 1, 2.21, [277, 295]
47, 2, 2.15, [1811, 295]
47, 3, 2.12, [263, 295]
47, 4, 2.11, [273, 295]
47, 5, 2.1, [273, 295]
47, 6, 2.1, [269, 295]
47, 7, 2.09, [274, 2530]
47, 8, 2.09, [263, 295]
47, 9, 2.08, [256, 295]
47, 10, 2.07, [1811, 81]
47, 11, 2.06, [269, 2513]
47, 12, 2.06, [534, 277]
47, 13, 2.06, [2762, 2596]
47, 14, 2.06, [300, 263]
47, 15, 2.06, [77, 191]
47, 16, 2.06, [261, 295]
47, 17, 2.05, [259, 2530]
47, 18, 2.05, [380, 2599]
47, 19, 2.05, [300, 2514]
47, 20, 2.05, [285, 159]
47, 21, 2.05, [300, 295]
47, 22, 2.04, [279, 2513]
47, 23, 2.04, [269, 2532]
47, 24, 2.04, [303, 103]
47, 25, 2.04, [259, 159]
47, 26, 2.03, [2574, 534]
47, 27, 2.03, [609, 295]
47, 28, 2.03, [265, 537]
47, 29, 2.02, [2593, 380]
47, 30, 2.02, [273, 222]
47, 31, 2.02, [273, 263]
47, 32, 2.02, [265, 278]
47, 33, 2.02, [2530, 316]
47, 34, 2.02, [2593, 1087]
47, 35, 2.02, [300, 260]
47, 36, 2.02, [2532, 2593]
47, 37, 2.02, [2950, 260]
47, 38, 2.02, [220, 103]
47, 39, 2.02, [264, 876]
47, 40, 2.01, [226, 2513]
47, 41, 2.01, [244, 256]
47, 42, 2.01, [3716, 2513]
47, 43, 2.01, [2596, 240]
47, 44, 2.01, [273, 285]
47, 45, 2.0, [1082, 316]
47, 46, 2.0, [263, 149]
47, 47, 2.0, [244, 240]
47, 48, 2.0, [616, 343]
47, 49, 2.0, [300, 2532]
48, 0, 2.23, [269, 295]
48, 1, 2.21, [277, 295]
48, 2, 2.17, [159, 295]
48, 3, 2.15, [291, 295]
48, 4, 2.13, [269, 277]
48, 5, 2.1, [874, 295]
48, 6, 2.1, [874, 295]
48, 7, 2.09, [302, 295]
48, 8, 2.09, [295, 263]
48, 9, 2.09, [265, 295]
48, 10, 2.09, [615, 295]
48, 11, 2.08, [226, 296]
48, 12, 2.08, [269, 2513]
48, 13, 2.08, [269, 2514]
48, 14, 2.07, [534, 295]
48, 15, 2.07, [269, 2513]
48, 16, 2.07, [278, 103]
48, 17, 2.07, [300, 193]
48, 18, 2.06, [77, 2765]
48, 19, 2.05, [275, 295]
48, 20, 2.05, [274, 291]
48, 21, 2.05, [259, 2599]
48, 22, 2.05, [273, 297]
48, 23, 2.05, [273, 2512]
48, 24, 2.05, [269, 2513]
48, 25, 2.04, [264, 2530]
48, 26, 2.04, [269, 1069]
48, 27, 2.04, [277, 283]
48, 28, 2.03, [288, 2596]
48, 29, 2.03, [2712, 260]
48, 30, 2.03, [77, 316]
48, 31, 2.03, [2764, 300]
48, 32, 2.03, [291, 2530]
48, 33, 2.03, [77, 291]
48, 34, 2.03, [285, 191]
48, 35, 2.03, [2156, 1811]
48, 36, 2.02, [1069, 2530]
48, 37, 2.02, [263, 209]
48, 38, 2.02, [102, 191]
48, 39, 2.02, [1087, 876]
48, 40, 2.02, [256, 537]
48, 41, 2.01, [2950, 616]
48, 42, 2.01, [2599, 76]
48, 43, 2.01, [273, 2513]
48, 44, 2.01, [274, 219]
48, 45, 2.01, [273, 2574]
48, 46, 2.01, [2156, 2596]
48, 47, 2.01, [558, 2156]
48, 48, 2.0, [285, 191]
48, 49, 2.0, [273, 283]
48, 50, 2.0, [102, 265]
49, 0, 2.23, [269, 295]
49, 1, 2.21, [277, 295]
49, 2, 2.14, [277, 295]
49, 3, 2.11, [295, 91]
49, 4, 2.1, [264, 295]
49, 5, 2.1, [2156, 295]
49, 6, 2.1, [609, 295]
49, 7, 2.1, [263, 295]
49, 8, 2.1, [279, 295]
49, 9, 2.1, [295, 2515]
49, 10, 2.1, [2595, 295]
49, 11, 2.09, [2762, 277]
49, 12, 2.09, [2767, 103]
49, 13, 2.09, [269, 2530]
49, 14, 2.08, [269, 263]
49, 15, 2.08, [269, 2764]
49, 16, 2.08, [277, 1080]
49, 17, 2.07, [285, 295]
49, 18, 2.07, [264, 295]
49, 19, 2.07, [269, 2530]
49, 20, 2.06, [343, 277]
49, 21, 2.06, [874, 263]
49, 22, 2.06, [279, 250]
49, 23, 2.05, [269, 2530]
49, 24, 2.05, [303, 291]
49, 25, 2.04, [300, 2514]
49, 26, 2.04, [609, 277]
49, 27, 2.04, [159, 2595]
49, 28, 2.04, [335, 300]
49, 29, 2.04, [2711, 537]
49, 30, 2.03, [2595, 278]
49, 31, 2.03, [159, 2574]
49, 32, 2.03, [285, 2770]
49, 33, 2.03, [222, 343]
49, 34, 2.03, [3716, 226]
49, 35, 2.03, [264, 250]
49, 36, 2.03, [609, 193]
49, 37, 2.03, [191, 874]
49, 38, 2.03, [300, 2513]
49, 39, 2.02, [98, 193]
49, 40, 2.02, [302, 876]
49, 41, 2.02, [275, 77]
49, 42, 2.02, [2765, 291]
49, 43, 2.02, [159, 876]
49, 44, 2.02, [283, 303]
49, 45, 2.02, [283, 2513]
49, 46, 2.02, [291, 2765]
49, 47, 2.02, [2595, 209]
49, 48, 2.01, [380, 615]
49, 49, 2.01, [2596, 1080]
49, 50, 2.01, [615, 1069]
49, 51, 2.01, [615, 283]
50, 0, 2.23, [269, 295]
50, 1, 2.21, [277, 295]
50, 2, 2.16, [2512, 295]
50, 3, 2.13, [300, 295]
50, 4, 2.12, [279, 295]
50, 5, 2.12, [159, 295]
50, 6, 2.11, [277, 2597]
50, 7, 2.11, [269, 256]
50, 8, 2.09, [273, 295]
50, 9, 2.09, [2762, 295]
50, 10, 2.09, [279, 250]
50, 11, 2.08, [277, 300]
50, 12, 2.08, [2597, 295]
50, 13, 2.08, [295, 275]
50, 14, 2.07, [277, 283]
50, 15, 2.07, [279, 2514]
50, 16, 2.07, [615, 295]
50, 17, 2.07, [269, 2530]
50, 18, 2.06, [277, 266]
50, 19, 2.06, [295, 250]
50, 20, 2.06, [2156, 103]
50, 21, 2.06, [159, 295]
50, 22, 2.05, [269, 874]
50, 23, 2.05, [2767, 250]
50, 24, 2.04, [291, 2530]
50, 25, 2.04, [264, 1086]
50, 26, 2.04, [2599, 3155]
50, 27, 2.03, [534, 2514]
50, 28, 2.03, [279, 1086]
50, 29, 2.03, [874, 283]
50, 30, 2.03, [2156, 154]
50, 31, 2.03, [291, 2765]
50, 32, 2.03, [2595, 81]
50, 33, 2.02, [98, 102]
50, 34, 2.02, [261, 622]
50, 35, 2.02, [2950, 2593]
50, 36, 2.02, [279, 291]
50, 37, 2.02, [609, 291]
50, 38, 2.02, [285, 193]
50, 39, 2.02, [3135, 2593]
50, 40, 2.01, [291, 219]
50, 41, 2.01, [1095, 541]
50, 42, 2.01, [301, 273]
50, 43, 2.01, [291, 280]
50, 44, 2.01, [1095, 263]
50, 45, 2.01, [2065, 260]
50, 46, 2.01, [1080, 2530]
50, 47, 2.01, [2765, 1082]
50, 48, 2.01, [534, 91]
50, 49, 2.0, [2515, 316]
50, 50, 2.0, [2765, 263]
50, 51, 2.0, [76, 102]
50, 52, 2.0, [275, 316]
