generation number, individual number, fitness, candidate
0, 0, 3.19, [66169, 286, 73703]
0, 1, 3.14, [86, 98063, 123523]
0, 2, 3.12, [134362, 100140, 150654]
0, 3, 3.11, [285, 134362, 11388]
0, 4, 3.08, [70640, 123523, 66167]
0, 5, 3.08, [11388, 12067, 56237]
0, 6, 3.06, [66167, 12067, 56239]
0, 7, 3.03, [558, 127089, 127088]
0, 8, 3.03, [80661, 73700, 77358]
0, 9, 3.03, [113171, 33296, 65900]
1, 0, 3.19, [66169, 286, 73703]
1, 1, 3.14, [86, 98063, 123523]
1, 2, 3.12, [66169, 285, 123523]
1, 3, 3.1, [89, 100140, 150654]
1, 4, 3.1, [134365, 100140, 56237]
1, 5, 3.1, [66169, 284, 70639]
1, 6, 3.08, [134362, 98063, 149059]
1, 7, 3.08, [11925, 12067, 150654]
1, 8, 3.07, [86, 98062, 73703]
1, 9, 3.06, [86, 80662, 150654]
2, 0, 3.19, [66169, 286, 73703]
2, 1, 3.14, [86, 98063, 123523]
2, 2, 3.12, [66169, 90, 123523]
2, 3, 3.11, [66169, 285, 148118]
2, 4, 3.1, [280, 285, 113173]
2, 5, 3.08, [66169, 285, 123523]
2, 6, 3.08, [86, 98063, 70639]
2, 7, 3.08, [11925, 11935, 71858]
2, 8, 3.08, [86, 80662, 87893]
2, 9, 3.07, [91276, 286, 73703]
3, 0, 3.19, [66169, 286, 73703]
3, 1, 3.18, [88, 98063, 148118]
3, 2, 3.14, [86, 98063, 123523]
3, 3, 3.12, [118602, 286, 73703]
3, 4, 3.12, [11388, 56239, 73703]
3, 5, 3.12, [66169, 98063, 149059]
3, 6, 3.1, [221360, 156909, 73703]
3, 7, 3.1, [56240, 285, 123523]
3, 8, 3.1, [86, 282, 73703]
3, 9, 3.08, [100140, 282, 73700]
4, 0, 3.21, [86, 98063, 150655]
4, 1, 3.19, [66169, 286, 73703]
4, 2, 3.18, [88, 98063, 148118]
4, 3, 3.11, [56241, 282, 73703]
4, 4, 3.1, [118602, 284, 73703]
4, 5, 3.08, [66169, 286, 95674]
4, 6, 3.08, [67331, 98063, 148118]
4, 7, 3.08, [88, 90, 73703]
4, 8, 3.07, [56237, 284, 73703]
4, 9, 3.05, [88, 98063, 149059]
5, 0, 3.21, [56240, 286, 150655]
5, 1, 3.21, [86, 98063, 150655]
5, 2, 3.19, [66169, 282, 150655]
5, 3, 3.19, [66169, 286, 73703]
5, 4, 3.18, [86, 286, 73700]
5, 5, 3.12, [66169, 98063, 150652]
5, 6, 3.12, [86, 144436, 73703]
5, 7, 3.1, [118602, 98063, 150655]
5, 8, 3.09, [89, 98063, 148118]
5, 9, 3.09, [46, 286, 73703]
6, 0, 3.21, [56240, 286, 150655]
6, 1, 3.21, [86, 98063, 150655]
6, 2, 3.18, [86, 284, 150655]
6, 3, 3.16, [66171, 286, 150655]
6, 4, 3.16, [86, 286, 150652]
6, 5, 3.15, [56240, 73700, 150655]
6, 6, 3.15, [56240, 98063, 65897]
6, 7, 3.15, [87, 286, 73703]
6, 8, 3.14, [66170, 98063, 150655]
6, 9, 3.11, [62858, 98063, 150655]
7, 0, 3.21, [56240, 286, 150655]
7, 1, 3.21, [86, 98063, 150655]
7, 2, 3.18, [86, 286, 148118]
7, 3, 3.17, [86, 286, 156909]
7, 4, 3.16, [62858, 286, 150655]
7, 5, 3.15, [86, 90, 6376]
7, 6, 3.13, [86, 33297, 150655]
7, 7, 3.13, [56240, 67332, 150655]
7, 8, 3.13, [56240, 6376, 150655]
7, 9, 3.12, [56240, 98063, 91276]
8, 0, 3.25, [86, 284, 150655]
8, 1, 3.24, [66170, 286, 156909]
8, 2, 3.23, [86, 286, 148118]
8, 3, 3.21, [56240, 286, 150655]
8, 4, 3.21, [86, 98063, 150655]
8, 5, 3.15, [56240, 1063, 148118]
8, 6, 3.15, [62858, 286, 127089]
8, 7, 3.14, [86, 284, 150655]
8, 8, 3.14, [86, 286, 150652]
8, 9, 3.12, [56240, 67332, 150655]
9, 0, 3.25, [86, 284, 150655]
9, 1, 3.24, [66170, 286, 156909]
9, 2, 3.19, [86, 284, 46]
9, 3, 3.16, [87, 284, 66059]
9, 4, 3.16, [87, 286, 156909]
9, 5, 3.16, [14223, 286, 150655]
9, 6, 3.13, [66170, 282, 148118]
9, 7, 3.13, [87, 284, 156909]
9, 8, 3.12, [66170, 283, 150655]
9, 9, 3.12, [90, 286, 156909]
10, 0, 3.25, [86, 284, 150655]
10, 1, 3.24, [66170, 286, 156909]
10, 2, 3.17, [89, 284, 221360]
10, 3, 3.16, [88, 284, 46]
10, 4, 3.15, [86, 284, 150015]
10, 5, 3.15, [150652, 284, 150655]
10, 6, 3.13, [98062, 284, 113173]
10, 7, 3.11, [66059, 284, 46]
10, 8, 3.07, [86, 284, 73703]
10, 9, 3.05, [86, 1063, 150015]
11, 0, 3.25, [86, 284, 150655]
11, 1, 3.24, [66170, 286, 156909]
11, 2, 3.18, [89, 1061, 150655]
11, 3, 3.17, [89, 284, 66166]
11, 4, 3.16, [10375, 286, 150655]
11, 5, 3.15, [86, 284, 33296]
11, 6, 3.14, [62858, 56239, 80449]
11, 7, 3.13, [67331, 150015, 98063]
11, 8, 3.1, [80661, 284, 66170]
11, 9, 3.08, [66059, 284, 66170]
12, 0, 3.25, [86, 284, 150655]
12, 1, 3.24, [66170, 286, 156909]
12, 2, 3.17, [89, 286, 150655]
12, 3, 3.16, [66171, 1061, 80450]
12, 4, 3.16, [89, 1061, 150655]
12, 5, 3.13, [1063, 56239, 156909]
12, 6, 3.12, [148118, 284, 66166]
12, 7, 3.11, [89, 1061, 150655]
12, 8, 3.11, [89, 284, 156909]
12, 9, 3.1, [66170, 286, 150652]
13, 0, 3.25, [86, 284, 150655]
13, 1, 3.24, [66170, 286, 156909]
13, 2, 3.15, [86, 87893, 62858]
13, 3, 3.13, [1061, 284, 80661]
13, 4, 3.13, [90, 284, 156909]
13, 5, 3.12, [821, 283, 80450]
13, 6, 3.1, [86, 286, 156909]
13, 7, 3.09, [67331, 286, 150655]
13, 8, 3.08, [66170, 286, 148118]
13, 9, 3.05, [86, 33297, 95674]
14, 0, 3.25, [86, 284, 150655]
14, 1, 3.24, [66170, 286, 156909]
14, 2, 3.2, [86, 90, 62858]
14, 3, 3.19, [66170, 285, 150655]
14, 4, 3.14, [88, 66166, 150655]
14, 5, 3.13, [1061, 284, 148118]
14, 6, 3.12, [90, 286, 156909]
14, 7, 3.12, [86, 33300, 279]
14, 8, 3.1, [86, 284, 150653]
14, 9, 3.09, [66170, 284, 134361]
15, 0, 3.25, [86, 284, 150655]
15, 1, 3.24, [66170, 286, 156909]
15, 2, 3.17, [56240, 286, 150655]
15, 3, 3.14, [86, 90, 156909]
15, 4, 3.12, [86, 73700, 56241]
15, 5, 3.11, [86, 284, 31634]
15, 6, 3.1, [67331, 286, 150655]
15, 7, 3.09, [89, 134362, 821]
15, 8, 3.09, [1061, 134361, 11935]
15, 9, 3.07, [86, 62858, 150015]
16, 0, 3.25, [86, 284, 150655]
16, 1, 3.24, [66170, 90, 150652]
16, 2, 3.24, [66170, 286, 156909]
16, 3, 3.19, [88, 284, 150655]
16, 4, 3.18, [46, 284, 156909]
16, 5, 3.16, [86, 284, 148118]
16, 6, 3.14, [134362, 284, 14223]
16, 7, 3.13, [66170, 1063, 150655]
16, 8, 3.12, [86, 286, 150653]
16, 9, 3.11, [66170, 284, 150015]
17, 0, 3.25, [86, 284, 150655]
17, 1, 3.24, [66170, 90, 150652]
17, 2, 3.14, [66170, 284, 150652]
17, 3, 3.13, [86, 284, 150652]
17, 4, 3.12, [67331, 90, 148118]
17, 5, 3.11, [86, 284, 150655]
17, 6, 3.1, [66170, 1063, 150652]
17, 7, 3.1, [66170, 66171, 156909]
17, 8, 3.1, [66170, 285, 150655]
17, 9, 3.08, [80450, 90, 156909]
18, 0, 3.25, [86, 90, 150655]
18, 1, 3.25, [86, 284, 150655]
18, 2, 3.24, [66170, 90, 150652]
18, 3, 3.15, [46, 284, 150652]
18, 4, 3.15, [66167, 284, 283]
18, 5, 3.14, [150015, 284, 127089]
18, 6, 3.12, [80450, 284, 150655]
18, 7, 3.11, [66170, 284, 148118]
18, 8, 3.11, [86, 90, 278]
18, 9, 3.1, [66170, 284, 150654]
19, 0, 3.25, [86, 90, 150655]
19, 1, 3.25, [86, 284, 150655]
19, 2, 3.17, [86, 283, 150655]
19, 3, 3.14, [86, 90, 156909]
19, 4, 3.13, [66170, 282, 150655]
19, 5, 3.13, [86, 279, 221360]
19, 6, 3.13, [95674, 150654, 73703]
19, 7, 3.11, [87, 148118, 281]
19, 8, 3.1, [87, 71858, 150655]
19, 9, 3.09, [90, 65897, 66170]
20, 0, 3.25, [86, 90, 150655]
20, 1, 3.25, [86, 284, 150655]
20, 2, 3.15, [86, 66171, 150015]
20, 3, 3.14, [86, 100140, 150655]
20, 4, 3.14, [6376, 283, 1063]
20, 5, 3.12, [86, 33300, 150015]
20, 6, 3.1, [88, 283, 156909]
20, 7, 3.1, [86, 90, 150652]
20, 8, 3.1, [87, 113172, 150652]
20, 9, 3.08, [100141, 1927, 66166]
21, 0, 3.25, [86, 90, 150655]
21, 1, 3.25, [86, 284, 150655]
21, 2, 3.19, [86, 66171, 150654]
21, 3, 3.19, [46, 90, 150015]
21, 4, 3.19, [86, 285, 1061]
21, 5, 3.15, [86, 11388, 67332]
21, 6, 3.13, [86, 66166, 150655]
21, 7, 3.12, [149059, 284, 65899]
21, 8, 3.09, [118602, 66171, 150015]
21, 9, 3.08, [46, 284, 150015]
22, 0, 3.27, [86, 285, 150654]
22, 1, 3.25, [86, 90, 150655]
22, 2, 3.25, [86, 284, 150655]
22, 3, 3.17, [86, 285, 150654]
22, 4, 3.15, [87, 90, 1061]
22, 5, 3.14, [86, 284, 65900]
22, 6, 3.14, [90, 285, 150655]
22, 7, 3.14, [86, 123524, 150655]
22, 8, 3.13, [86, 285, 1061]
22, 9, 3.12, [86, 90, 87893]
23, 0, 3.27, [86, 285, 150654]
23, 1, 3.25, [86, 90, 150655]
23, 2, 3.16, [67332, 285, 80450]
23, 3, 3.15, [118602, 285, 33296]
23, 4, 3.14, [66169, 150655, 66167]
23, 5, 3.14, [86, 284, 150654]
23, 6, 3.13, [77358, 11925, 150654]
23, 7, 3.12, [86, 62858, 80656]
23, 8, 3.12, [86, 285, 65901]
23, 9, 3.12, [113172, 150655, 150654]
24, 0, 3.27, [86, 285, 150654]
24, 1, 3.25, [86, 90, 150655]
24, 2, 3.2, [150653, 285, 87]
24, 3, 3.19, [56240, 285, 150654]
24, 4, 3.14, [86, 285, 98065]
24, 5, 3.14, [46, 90, 150654]
24, 6, 3.11, [88, 285, 80450]
24, 7, 3.1, [67332, 282, 150655]
24, 8, 3.08, [86, 285, 150654]
24, 9, 3.05, [123524, 283, 70639]
25, 0, 3.27, [86, 285, 150654]
25, 1, 3.25, [86, 90, 150655]
25, 2, 3.22, [86, 285, 88]
25, 3, 3.21, [56240, 283, 87]
25, 4, 3.16, [86, 73700, 286]
25, 5, 3.15, [148118, 285, 150654]
25, 6, 3.14, [150015, 90, 150655]
25, 7, 3.13, [11387, 285, 150654]
25, 8, 3.1, [33296, 282, 150655]
25, 9, 3.09, [73703, 66059, 90]
26, 0, 3.31, [46, 285, 150655]
26, 1, 3.27, [86, 285, 150654]
26, 2, 3.25, [86, 90, 150655]
26, 3, 3.15, [65900, 285, 88]
26, 4, 3.14, [86, 73700, 150015]
26, 5, 3.14, [86, 80656, 150654]
26, 6, 3.13, [88, 90, 286]
26, 7, 3.13, [87, 90, 88]
26, 8, 3.12, [56240, 283, 278]
26, 9, 3.1, [86, 285, 70639]
27, 0, 3.31, [46, 285, 150655]
27, 1, 3.27, [86, 285, 150654]
27, 2, 3.19, [56237, 285, 150653]
27, 3, 3.17, [86, 1062, 150655]
27, 4, 3.16, [86, 285, 148118]
27, 5, 3.13, [87, 285, 65899]
27, 6, 3.12, [86, 285, 279]
27, 7, 3.11, [46, 285, 150655]
27, 8, 3.11, [46, 285, 113172]
27, 9, 3.09, [65900, 282, 150654]
28, 0, 3.31, [46, 285, 150655]
28, 1, 3.27, [86, 285, 150654]
28, 2, 3.17, [86, 285, 150652]
28, 3, 3.15, [56237, 285, 150652]
28, 4, 3.13, [89, 285, 150654]
28, 5, 3.12, [281, 285, 156909]
28, 6, 3.12, [86, 285, 33297]
28, 7, 3.09, [98063, 285, 14223]
28, 8, 3.09, [88, 77358, 284]
28, 9, 3.08, [86, 1062, 148118]
29, 0, 3.31, [46, 285, 150655]
29, 1, 3.27, [86, 285, 150654]
29, 2, 3.2, [86, 90, 150655]
29, 3, 3.16, [46, 90, 150654]
29, 4, 3.16, [86, 285, 282]
29, 5, 3.16, [86, 14223, 150654]
29, 6, 3.16, [87, 285, 150655]
29, 7, 3.13, [1061, 282, 80450]
29, 8, 3.11, [33298, 91276, 89]
29, 9, 3.09, [46, 285, 156909]
30, 0, 3.31, [46, 285, 150655]
30, 1, 3.27, [86, 285, 150654]
30, 2, 3.23, [86, 90, 150655]
30, 3, 3.21, [87, 285, 150655]
30, 4, 3.16, [46, 1062, 150654]
30, 5, 3.15, [86, 285, 150654]
30, 6, 3.15, [46, 90, 11388]
30, 7, 3.11, [87, 90, 150654]
30, 8, 3.11, [86, 285, 150654]
30, 9, 3.1, [88, 285, 150655]
31, 0, 3.31, [46, 285, 150655]
31, 1, 3.27, [86, 285, 150654]
31, 2, 3.18, [86, 283, 150655]
31, 3, 3.16, [65900, 33296, 150015]
31, 4, 3.16, [66169, 285, 283]
31, 5, 3.16, [46, 1062, 150654]
31, 6, 3.15, [87, 285, 150654]
31, 7, 3.13, [46, 86, 150654]
31, 8, 3.12, [86, 33296, 150655]
31, 9, 3.08, [144434, 285, 98062]
32, 0, 3.31, [46, 285, 150655]
32, 1, 3.27, [86, 285, 150654]
32, 2, 3.18, [46, 285, 148118]
32, 3, 3.16, [88, 285, 150655]
32, 4, 3.15, [46, 285, 156909]
32, 5, 3.15, [46, 285, 150015]
32, 6, 3.13, [89, 285, 118602]
32, 7, 3.12, [88, 285, 150654]
32, 8, 3.1, [86, 285, 66170]
32, 9, 3.1, [86, 1062, 150655]
33, 0, 3.31, [46, 285, 150655]
33, 1, 3.27, [86, 285, 150654]
33, 2, 3.19, [46, 285, 150652]
33, 3, 3.18, [46, 285, 148118]
33, 4, 3.13, [86, 285, 150654]
33, 5, 3.13, [100140, 285, 148118]
33, 6, 3.11, [87, 285, 148118]
33, 7, 3.1, [65901, 283, 150655]
33, 8, 3.1, [144436, 284, 87893]
33, 9, 3.08, [86, 150653, 6376]
34, 0, 3.31, [46, 285, 150655]
34, 1, 3.27, [86, 285, 150654]
34, 2, 3.19, [88, 285, 150655]
34, 3, 3.14, [73700, 66167, 282]
34, 4, 3.11, [46, 90, 148118]
34, 5, 3.11, [127088, 285, 150654]
34, 6, 3.1, [46, 86, 150015]
34, 7, 3.1, [73703, 134362, 150015]
34, 8, 3.1, [118602, 285, 150654]
34, 9, 3.07, [558, 285, 150652]
35, 0, 3.31, [46, 285, 150655]
35, 1, 3.27, [86, 285, 150654]
35, 2, 3.22, [46, 286, 150654]
35, 3, 3.19, [150654, 283, 150655]
35, 4, 3.18, [90, 285, 148118]
35, 5, 3.12, [286, 281, 66169]
35, 6, 3.12, [156909, 285, 80449]
35, 7, 3.12, [46, 558, 150655]
35, 8, 3.11, [88, 285, 150015]
35, 9, 3.07, [86, 89, 33297]
36, 0, 3.31, [46, 285, 150655]
36, 1, 3.27, [86, 285, 150654]
36, 2, 3.2, [46, 285, 156909]
36, 3, 3.19, [70638, 286, 150654]
36, 4, 3.19, [46, 285, 150652]
36, 5, 3.16, [90, 285, 150655]
36, 6, 3.15, [46, 285, 150655]
36, 7, 3.13, [66059, 66166, 56240]
36, 8, 3.11, [86, 285, 148118]
36, 9, 3.1, [87, 100807, 150655]
37, 0, 3.31, [46, 285, 150655]
37, 1, 3.27, [86, 285, 150654]
37, 2, 3.18, [46, 285, 282]
37, 3, 3.18, [46, 285, 134361]
37, 4, 3.14, [86, 285, 148118]
37, 5, 3.13, [67332, 283, 150655]
37, 6, 3.13, [46, 285, 148118]
37, 7, 3.11, [46, 118602, 150652]
37, 8, 3.1, [46, 98065, 33300]
37, 9, 3.1, [46, 73703, 150652]
38, 0, 3.31, [46, 285, 150655]
38, 1, 3.27, [86, 285, 150654]
38, 2, 3.25, [46, 282, 150655]
38, 3, 3.21, [46, 285, 286]
38, 4, 3.2, [33298, 285, 150015]
38, 5, 3.14, [86, 1063, 11935]
38, 6, 3.13, [46, 285, 150652]
38, 7, 3.13, [46, 86, 150655]
38, 8, 3.11, [86, 285, 11935]
38, 9, 3.09, [113173, 1927, 150655]
39, 0, 3.31, [46, 285, 150655]
39, 1, 3.27, [86, 285, 150654]
39, 2, 3.22, [33298, 285, 148118]
39, 3, 3.22, [46, 285, 150015]
39, 4, 3.21, [113173, 66169, 284]
39, 5, 3.19, [46, 285, 56240]
39, 6, 3.16, [88, 285, 150654]
39, 7, 3.16, [86, 282, 148118]
39, 8, 3.16, [46, 285, 156909]
39, 9, 3.14, [33298, 285, 150655]
40, 0, 3.31, [46, 285, 150655]
40, 1, 3.27, [86, 285, 150654]
40, 2, 3.24, [65899, 285, 150654]
40, 3, 3.19, [86, 285, 56240]
40, 4, 3.18, [46, 285, 56237]
40, 5, 3.15, [90, 285, 148118]
40, 6, 3.14, [56240, 281, 150654]
40, 7, 3.13, [86, 87893, 150015]
40, 8, 3.11, [80449, 11388, 56240]
40, 9, 3.11, [46, 91277, 148118]
41, 0, 3.31, [46, 285, 150655]
41, 1, 3.27, [86, 285, 150654]
41, 2, 3.17, [86, 90, 150655]
41, 3, 3.17, [46, 285, 62858]
41, 4, 3.16, [65899, 285, 46]
41, 5, 3.16, [46, 285, 150652]
41, 6, 3.13, [221360, 285, 11926]
41, 7, 3.13, [87, 285, 150655]
41, 8, 3.12, [88, 285, 150654]
41, 9, 3.1, [90, 285, 150655]
42, 0, 3.31, [46, 285, 150655]
42, 1, 3.27, [86, 285, 150654]
42, 2, 3.2, [46, 100141, 150655]
42, 3, 3.16, [86, 123524, 150655]
42, 4, 3.15, [46, 70639, 150655]
42, 5, 3.14, [46, 285, 150015]
42, 6, 3.13, [89, 285, 150655]
42, 7, 3.12, [86, 90, 150652]
42, 8, 3.11, [12067, 280, 148118]
42, 9, 3.1, [86, 285, 150652]
43, 0, 3.31, [46, 285, 150655]
43, 1, 3.27, [86, 285, 150654]
43, 2, 3.14, [90, 285, 821]
43, 3, 3.13, [46, 282, 150654]
43, 4, 3.13, [1061, 279, 150654]
43, 5, 3.12, [86, 285, 150654]
43, 6, 3.12, [286, 144436, 150654]
43, 7, 3.1, [86, 1062, 150655]
43, 8, 3.1, [46, 282, 150654]
43, 9, 3.09, [46, 113171, 150655]
44, 0, 3.31, [46, 285, 150655]
44, 1, 3.27, [86, 285, 150654]
44, 2, 3.22, [46, 285, 150655]
44, 3, 3.21, [86, 282, 150654]
44, 4, 3.16, [100807, 282, 150655]
44, 5, 3.14, [12067, 285, 77358]
44, 6, 3.13, [46, 285, 150655]
44, 7, 3.13, [1927, 285, 33297]
44, 8, 3.09, [821, 285, 150654]
44, 9, 3.07, [90, 280, 80450]
45, 0, 3.31, [46, 285, 150655]
45, 1, 3.27, [86, 285, 150654]
45, 2, 3.18, [46, 285, 148118]
45, 3, 3.17, [46, 65899, 150654]
45, 4, 3.17, [46, 87, 127089]
45, 5, 3.14, [46, 80450, 100140]
45, 6, 3.14, [46, 282, 67331]
45, 7, 3.13, [46, 86, 150654]
45, 8, 3.12, [150654, 285, 150655]
45, 9, 3.11, [46, 98063, 150015]
46, 0, 3.31, [46, 285, 150655]
46, 1, 3.27, [86, 285, 150654]
46, 2, 3.24, [46, 285, 148118]
46, 3, 3.2, [46, 56239, 1062]
46, 4, 3.17, [46, 88, 150655]
46, 5, 3.15, [46, 285, 150652]
46, 6, 3.12, [88, 285, 148118]
46, 7, 3.11, [46, 284, 127089]
46, 8, 3.09, [88, 285, 150655]
46, 9, 3.09, [46, 285, 10375]
47, 0, 3.31, [46, 285, 150655]
47, 1, 3.27, [86, 285, 150654]
47, 2, 3.26, [87, 285, 150654]
47, 3, 3.17, [87, 285, 150655]
47, 4, 3.16, [86, 285, 123523]
47, 5, 3.14, [86, 285, 150015]
47, 6, 3.14, [11926, 285, 11388]
47, 7, 3.13, [90, 285, 150654]
47, 8, 3.12, [80449, 150015, 150655]
47, 9, 3.12, [70640, 285, 156909]
48, 0, 3.31, [46, 285, 150655]
48, 1, 3.27, [86, 285, 150654]
48, 2, 3.23, [86, 73703, 150655]
48, 3, 3.19, [284, 285, 150655]
48, 4, 3.17, [86, 285, 150015]
48, 5, 3.14, [46, 156909, 66169]
48, 6, 3.13, [33300, 285, 150654]
48, 7, 3.12, [46, 98065, 150015]
48, 8, 3.11, [46, 66166, 150655]
48, 9, 3.11, [56237, 821, 91276]
49, 0, 3.31, [46, 285, 150655]
49, 1, 3.27, [86, 285, 150654]
49, 2, 3.16, [86, 283, 150655]
49, 3, 3.16, [86, 62858, 150654]
49, 4, 3.13, [46, 285, 150655]
49, 5, 3.11, [281, 113171, 150655]
49, 6, 3.11, [46, 285, 148118]
49, 7, 3.1, [88, 91276, 65897]
49, 8, 3.09, [127088, 66170, 150655]
49, 9, 3.08, [87, 285, 150654]
50, 0, 3.31, [46, 285, 150655]
50, 1, 3.27, [86, 285, 150654]
50, 2, 3.22, [46, 1062, 150654]
50, 3, 3.18, [46, 285, 150652]
50, 4, 3.17, [86, 285, 150654]
50, 5, 3.15, [86, 283, 150655]
50, 6, 3.14, [86, 90, 150655]
50, 7, 3.14, [91276, 285, 88]
50, 8, 3.13, [86, 62858, 150652]
50, 9, 3.13, [150654, 285, 156909]
