generation number, pop_size, worst, best, median, avg, std, diversity, improvement, number_of_selections
0, 10, 4.24, 10.97, 7.109999999999999, 7.081999999999999, 2.118328586409578,0.9777777777777777,0,[1.e-300]
1, 10, 7.81, 10.98, 9.725, 9.559000000000001, 1.1368592700945885,0.8777777777777778,0.0009115770282588683,[10.]
2, 10, 9.05, 15.09, 10.975000000000001, 10.975, 1.905834462905947,0.7888888888888889,0.3743169398907103,[20.]
3, 10, 5.74, 16.92, 13.55, 12.303, 3.3843021437218046,0.8777777777777778,0.1212723658051691,[30.]
4, 10, 6.0, 17.12, 11.879999999999999, 11.754999999999999, 3.8227614364487885,0.9555555555555556,0.011820330969267096,[40.]
5, 10, 5.81, 21.17, 12.575, 12.589000000000002, 4.929828496002676,0.9111111111111111,0.2365654205607477,[50.]
6, 10, 6.11, 21.17, 8.879999999999999, 11.039, 5.093769625729064,0.9333333333333333,0.0,[60.]
7, 10, 5.46, 21.17, 14.43, 13.106, 5.6226812109526545,0.8555555555555555,0.0,[70.]
8, 10, 5.78, 21.17, 8.735, 12.301000000000002, 5.743614628437393,0.9,0.0,[80.]
9, 10, 7.86, 21.17, 13.065, 13.954000000000002, 4.775709790177791,0.888888888888889,0.0,[90.]
10, 10, 4.7, 21.17, 14.81, 14.203, 5.846855650689523,0.8666666666666667,0.0,[100.]
