generation number, pop_size, worst, best, median, avg, std, diversity, improvement, number_of_selections
0, 10, 5.97, 20.81, 10.175, 11.158000000000001, 4.303302917527419,0.962962962962963,0,[1.e-300]
1, 10, 11.75, 24.47, 14.315, 16.171999999999997, 4.667302861396504,0.8666666666666667,0.17587698222008652,[1.e-300]
2, 10, 10.38, 24.76, 20.505000000000003, 19.198, 5.030969687843488,0.7185185185185186,0.011851246424193,[1.e-300]
3, 10, 8.11, 24.76, 12.41, 15.228000000000003, 6.2195591483641355,0.8074074074074074,0.0,[1.e-300]
4, 10, 11.78, 26.1, 21.16, 19.906, 4.889129165812661,0.6888888888888889,0.054119547657512104,[1.e-300]
5, 10, 10.65, 26.1, 22.075, 19.241, 5.744876761080258,0.7555555555555555,0.0,[1.e-300]
6, 10, 13.85, 26.1, 21.345, 20.328, 4.590463593146122,0.8,0.0,[1.e-300]
7, 10, 10.79, 29.14, 23.86, 20.913999999999994, 6.448883934449433,0.7333333333333334,0.11647509578544057,[1.e-300]
8, 10, 11.65, 29.14, 19.75, 19.512999999999998, 6.085762154405971,0.7925925925925925,0.0,[1.e-300]
9, 10, 13.26, 30.22, 21.37, 21.994999999999997, 6.221919719829242,0.7555555555555555,0.03706245710363755,[1.e-300]
10, 10, 10.19, 30.22, 22.585, 21.369999999999997, 7.165725364539168,0.7333333333333334,0.0,[1.e-300]
