generation number, individual number, fitness, candidate
0, 0, 9.0, [1068, 326]
0, 1, 8.0, [1401, 585]
0, 2, 7.0, [2320, 1767]
0, 3, 6.0, [1611, 1827]
0, 4, 6.0, [1417, 1247]
0, 5, 5.0, [521, 1424]
0, 6, 4.52, [2110, 1328]
0, 7, 3.88, [1230, 970]
0, 8, 2.0, [1190, 1059]
0, 9, 2.0, [2110, 1107]
1, 0, 11.0, [1068, 1351]
1, 1, 10.0, [2171, 326]
1, 2, 10.0, [2171, 1827]
1, 3, 9.0, [1068, 326]
1, 4, 8.0, [1401, 585]
1, 5, 7.0, [320, 326]
1, 6, 5.0, [1417, 1767]
1, 7, 4.8, [1611, 1230]
1, 8, 4.0, [1058, 1497]
1, 9, 3.0, [831, 585]
2, 0, 61.52, [1619, 1509]
2, 1, 11.0, [1125, 1351]
2, 2, 11.0, [1068, 1351]
2, 3, 10.0, [2171, 1827]
2, 4, 10.0, [2171, 326]
2, 5, 8.0, [2171, 1935]
2, 6, 7.0, [1068, 1935]
2, 7, 7.0, [1580, 1480]
2, 8, 7.0, [1058, 1827]
2, 9, 6.0, [585, 1827]
3, 0, 66.21, [1125, 1509]
3, 1, 66.17, [1125, 1509]
3, 2, 61.52, [1619, 1509]
3, 3, 17.0, [2171, 1091]
3, 4, 11.0, [1125, 1351]
3, 5, 8.0, [905, 695]
3, 6, 8.0, [140, 1403]
3, 7, 7.0, [1125, 1247]
3, 8, 5.0, [1619, 905]
3, 9, 3.84, [1230, 3662]
4, 0, 66.21, [1125, 1509]
4, 1, 66.17, [1125, 1509]
4, 2, 9.0, [787, 1401]
4, 3, 9.0, [326, 1068]
4, 4, 6.74, [788, 1407]
4, 5, 6.0, [1332, 1497]
4, 6, 5.0, [1518, 1141]
4, 7, 4.0, [785, 1368]
4, 8, 4.0, [1107, 1620]
4, 9, 4.0, [1226, 1058]
5, 0, 66.21, [1125, 1509]
5, 1, 66.17, [1125, 1509]
5, 2, 63.03, [751, 1509]
5, 3, 13.58, [1224, 905]
5, 4, 13.54, [326, 1224]
5, 5, 11.0, [1125, 576]
5, 6, 7.0, [695, 5684]
5, 7, 6.0, [1368, 1332]
5, 8, 6.0, [576, 1247]
5, 9, 6.0, [2332, 4227]
6, 0, 66.21, [1125, 1509]
6, 1, 66.17, [1125, 1509]
6, 2, 61.39, [1212, 1509]
6, 3, 15.0, [751, 1091]
6, 4, 14.0, [320, 1091]
6, 5, 10.93, [697, 1224]
6, 6, 6.56, [1125, 697]
6, 7, 6.0, [2110, 2332]
6, 8, 5.0, [751, 1347]
6, 9, 4.53, [1058, 697]
7, 0, 66.21, [1125, 1509]
7, 1, 66.17, [1125, 1509]
7, 2, 62.01, [1368, 1509]
7, 3, 12.0, [1368, 1091]
7, 4, 10.0, [751, 1351]
7, 5, 6.62, [1223, 1378]
7, 6, 6.0, [1125, 1201]
7, 7, 5.0, [585, 785]
7, 8, 5.0, [326, 1767]
7, 9, 3.0, [1347, 1157]
8, 0, 66.21, [1125, 1509]
8, 1, 66.17, [1125, 1509]
8, 2, 42.45, [6917, 1190]
8, 3, 12.0, [1091, 1695]
8, 4, 10.53, [1226, 1224]
8, 5, 9.0, [1064, 1401]
8, 6, 7.0, [1125, 1157]
8, 7, 5.0, [905, 2094]
8, 8, 5.0, [975, 1058]
8, 9, 3.0, [1368, 585]
9, 0, 66.21, [1125, 1509]
9, 1, 66.17, [1125, 1509]
9, 2, 61.38, [1107, 1509]
9, 3, 44.55, [6917, 1425]
9, 4, 11.53, [1328, 1401]
9, 5, 11.0, [1430, 1351]
9, 6, 11.0, [1125, 1351]
9, 7, 8.0, [1125, 2377]
9, 8, 5.55, [1149, 1407]
9, 9, 3.0, [1107, 975]
10, 0, 66.21, [1125, 1509]
10, 1, 66.17, [1125, 1509]
10, 2, 42.76, [6917, 1518]
10, 3, 12.0, [1064, 1091]
10, 4, 10.48, [1223, 1332]
10, 5, 9.0, [320, 140]
10, 6, 8.0, [1125, 1620]
10, 7, 6.0, [1417, 775]
10, 8, 6.0, [1068, 1767]
10, 9, 6.0, [1107, 1442]
