n_nodes,influence,n0,n1,n2,n3,n4,n5,n6,n7,n8,n9,n10,n11,n12,n13,n14
15,2284.0100,18,645,634,763,143,737,44,790,34,136,1179,71399,27,1719,1516
15,2284.0100,18,645,634,763,143,737,44,790,34,136,1179,71399,27,1719,1516
15,2284.0100,18,645,634,763,143,737,44,790,34,136,1179,71399,27,1719,1516
15,2284.0100,18,645,634,763,143,737,44,790,34,136,1179,71399,27,1719,1516
15,2282.9600,18,645,634,763,143,737,44,790,34,136,1179,71399,27,1719,1516
15,2282.5200,18,645,634,763,143,737,44,790,34,136,1179,71399,27,1719,1516
15,2281.9300,18,645,634,763,143,737,44,790,34,136,1179,71399,27,1719,1516
15,2280.8400,18,645,634,763,143,737,44,790,34,136,1179,71399,27,1719,1516
15,2280.4000,18,645,634,763,143,737,44,790,34,136,1179,71399,27,1719,1516
15,2279.9000,18,645,634,763,143,737,44,790,34,136,1179,71399,27,1719,1516
15,2279.9000,18,645,634,763,143,737,44,790,34,136,1179,71399,27,1719,1516
15,2279.9000,18,645,634,763,143,737,44,790,34,136,1179,71399,27,1719,1516
15,2278.7600,18,645,634,763,143,737,44,790,34,136,1179,71399,27,1719,1516
15,2278.7600,18,645,634,763,143,737,44,790,34,136,1179,71399,27,1719,1516
15,2276.7600,18,645,634,763,143,737,44,790,34,136,1179,71399,27,1719,1516
15,2275.6000,18,645,634,763,143,737,44,790,34,136,1179,71399,27,1719,1516
15,2275.6000,18,645,634,763,143,737,44,790,34,136,1179,71399,27,1719,1516
15,2275.6000,18,645,634,763,143,737,44,790,34,136,1179,71399,27,1719,1516
15,2275.6000,18,645,634,763,143,737,44,790,34,136,1179,71399,27,1719,1516
15,2275.6000,18,645,634,763,143,737,44,790,34,136,1179,71399,27,1719,1516
15,2275.6000,18,645,634,763,143,737,44,790,34,136,1179,71399,27,1719,1516
15,2275.6000,18,645,634,763,143,737,44,790,34,136,1179,71399,27,1719,1516
15,2275.6000,18,645,634,763,143,737,44,790,34,136,1179,71399,27,1719,1516
15,2275.6000,18,645,634,763,143,737,44,790,34,136,1179,71399,27,1719,1516
15,2275.6000,18,645,634,763,143,737,44,790,34,136,1179,71399,27,1719,1516
15,2275.6000,18,645,634,763,143,737,44,790,34,136,1179,71399,27,1719,1516
15,2275.6000,18,645,634,763,143,737,44,790,34,136,1179,71399,27,1719,1516
15,2275.5400,18,645,634,763,143,737,44,790,34,136,1179,71399,27,1719,1516
15,2275.5400,18,645,634,763,143,737,44,790,34,136,1179,71399,27,1719,1516
15,2275.5400,18,645,634,763,143,737,44,790,34,136,1179,71399,27,1719,1516
15,2275.5400,18,645,634,763,143,737,44,790,34,136,1179,71399,27,1719,1516
15,2275.5400,18,645,634,763,143,737,44,790,34,136,1179,71399,27,1719,1516
