n_nodes,influence,n0,n1,n2,n3,n4,n5,n6,n7,n8,n9,n10,n11,n12,n13,n14,n15,n16,n17,n18,n19,n20,n21,n22,n23,n24,n25,n26,n27,n28,n29,n30,n31,n32,n33,n34,n35,n36,n37,n38,n39
40,145.2500,788,311,94,2842,3456,2009,6305,1795,6443,2565,11,1549,1215,2062,7054,1166,8215,6552,1305,2972,2718,5794,173,177,5810,59,2237,5189,1867,6736,5332,346,4699,4315,6624,1133,366,1500,5079,1496
40,145.2500,788,311,94,2842,3456,2009,6305,1795,6443,2565,11,1549,1215,2062,7054,1166,8215,6552,1305,2972,2718,5794,173,177,5810,59,2237,5189,1867,6736,5332,346,4699,4315,6624,1133,366,1500,5079,1496
40,145.2500,788,311,94,2842,3456,2009,6305,1795,6443,2565,11,1549,1215,2062,7054,1166,8215,6552,1305,2972,2718,5794,173,177,5810,59,2237,5189,1867,6736,5332,346,4699,4315,6624,1133,366,1500,5079,1496
40,145.2500,788,311,94,2842,3456,2009,6305,1795,6443,2565,11,1549,1215,2062,7054,1166,8215,6552,1305,2972,2718,5794,173,177,5810,59,2237,5189,1867,6736,5332,346,4699,4315,6624,1133,366,1500,5079,1496
40,145.2500,788,311,94,2842,3456,2009,6305,1795,6443,2565,11,1549,1215,2062,7054,1166,8215,6552,1305,2972,2718,5794,173,177,5810,59,2237,5189,1867,6736,5332,346,4699,4315,6624,1133,366,1500,5079,1496
40,145.2500,788,311,94,2842,3456,2009,6305,1795,6443,2565,11,1549,1215,2062,7054,1166,8215,6552,1305,2972,2718,5794,173,177,5810,59,2237,5189,1867,6736,5332,346,4699,4315,6624,1133,366,1500,5079,1496
40,145.2500,788,311,94,2842,3456,2009,6305,1795,6443,2565,11,1549,1215,2062,7054,1166,8215,6552,1305,2972,2718,5794,173,177,5810,59,2237,5189,1867,6736,5332,346,4699,4315,6624,1133,366,1500,5079,1496
40,145.2500,788,311,94,2842,3456,2009,6305,1795,6443,2565,11,1549,1215,2062,7054,1166,8215,6552,1305,2972,2718,5794,173,177,5810,59,2237,5189,1867,6736,5332,346,4699,4315,6624,1133,366,1500,5079,1496
40,145.2500,788,311,94,2842,3456,2009,6305,1795,6443,2565,11,1549,1215,2062,7054,1166,8215,6552,1305,2972,2718,5794,173,177,5810,59,2237,5189,1867,6736,5332,346,4699,4315,6624,1133,366,1500,5079,1496
40,145.2500,788,311,94,2842,3456,2009,6305,1795,6443,2565,11,1549,1215,2062,7054,1166,8215,6552,1305,2972,2718,5794,173,177,5810,59,2237,5189,1867,6736,5332,346,4699,4315,6624,1133,366,1500,5079,1496
40,145.2500,788,311,94,2842,3456,2009,6305,1795,6443,2565,11,1549,1215,2062,7054,1166,8215,6552,1305,2972,2718,5794,173,177,5810,59,2237,5189,1867,6736,5332,346,4699,4315,6624,1133,366,1500,5079,1496
40,145.2500,788,311,94,2842,3456,2009,6305,1795,6443,2565,11,1549,1215,2062,7054,1166,8215,6552,1305,2972,2718,5794,173,177,5810,59,2237,5189,1867,6736,5332,346,4699,4315,6624,1133,366,1500,5079,1496
40,145.2500,788,311,94,2842,3456,2009,6305,1795,6443,2565,11,1549,1215,2062,7054,1166,8215,6552,1305,2972,2718,5794,173,177,5810,59,2237,5189,1867,6736,5332,346,4699,4315,6624,1133,366,1500,5079,1496
40,145.2500,788,311,94,2842,3456,2009,6305,1795,6443,2565,11,1549,1215,2062,7054,1166,8215,6552,1305,2972,2718,5794,173,177,5810,59,2237,5189,1867,6736,5332,346,4699,4315,6624,1133,366,1500,5079,1496
40,145.2500,788,311,94,2842,3456,2009,6305,1795,6443,2565,11,1549,1215,2062,7054,1166,8215,6552,1305,2972,2718,5794,173,177,5810,59,2237,5189,1867,6736,5332,346,4699,4315,6624,1133,366,1500,5079,1496
40,145.2500,788,311,94,2842,3456,2009,6305,1795,6443,2565,11,1549,1215,2062,7054,1166,8215,6552,1305,2972,2718,5794,173,177,5810,59,2237,5189,1867,6736,5332,346,4699,4315,6624,1133,366,1500,5079,1496
40,145.2500,788,311,94,2842,3456,2009,6305,1795,6443,2565,11,1549,1215,2062,7054,1166,8215,6552,1305,2972,2718,5794,173,177,5810,59,2237,5189,1867,6736,5332,346,4699,4315,6624,1133,366,1500,5079,1496
40,145.2500,788,311,94,2842,3456,2009,6305,1795,6443,2565,11,1549,1215,2062,7054,1166,8215,6552,1305,2972,2718,5794,173,177,5810,59,2237,5189,1867,6736,5332,346,4699,4315,6624,1133,366,1500,5079,1496
40,145.2500,788,311,94,2842,3456,2009,6305,1795,6443,2565,11,1549,1215,2062,7054,1166,8215,6552,1305,2972,2718,5794,173,177,5810,59,2237,5189,1867,6736,5332,346,4699,4315,6624,1133,366,1500,5079,1496
40,145.2500,788,311,94,2842,3456,2009,6305,1795,6443,2565,11,1549,1215,2062,7054,1166,8215,6552,1305,2972,2718,5794,173,177,5810,59,2237,5189,1867,6736,5332,346,4699,4315,6624,1133,366,1500,5079,1496
40,145.2500,788,311,94,2842,3456,2009,6305,1795,6443,2565,11,1549,1215,2062,7054,1166,8215,6552,1305,2972,2718,5794,173,177,5810,59,2237,5189,1867,6736,5332,346,4699,4315,6624,1133,366,1500,5079,1496
40,145.2500,788,311,94,2842,3456,2009,6305,1795,6443,2565,11,1549,1215,2062,7054,1166,8215,6552,1305,2972,2718,5794,173,177,5810,59,2237,5189,1867,6736,5332,346,4699,4315,6624,1133,366,1500,5079,1496
40,145.2500,788,311,94,2842,3456,2009,6305,1795,6443,2565,11,1549,1215,2062,7054,1166,8215,6552,1305,2972,2718,5794,173,177,5810,59,2237,5189,1867,6736,5332,346,4699,4315,6624,1133,366,1500,5079,1496
40,145.2500,788,311,94,2842,3456,2009,6305,1795,6443,2565,11,1549,1215,2062,7054,1166,8215,6552,1305,2972,2718,5794,173,177,5810,59,2237,5189,1867,6736,5332,346,4699,4315,6624,1133,366,1500,5079,1496
40,145.2500,788,311,94,2842,3456,2009,6305,1795,6443,2565,11,1549,1215,2062,7054,1166,8215,6552,1305,2972,2718,5794,173,177,5810,59,2237,5189,1867,6736,5332,346,4699,4315,6624,1133,366,1500,5079,1496
40,145.2200,3456,1795,2565,11,1549,2062,7054,1166,788,2842,8215,6552,1305,2972,2718,6305,5794,6443,173,177,5810,311,59,2237,1215,5189,1867,6736,5332,5079,1496,2009,346,4699,4315,1500,94,6624,1133,366
40,145.2200,3456,1795,2565,11,1549,2062,7054,1166,788,2842,8215,6552,1305,2972,2718,6305,5794,6443,173,177,5810,311,59,2237,1215,5189,1867,6736,5332,5079,1496,2009,346,4699,4315,1500,94,6624,1133,366
40,145.2200,3456,1795,2565,11,1549,2062,7054,1166,788,2842,8215,6552,1305,2972,2718,6305,5794,6443,173,177,5810,311,59,2237,1215,5189,1867,6736,5332,5079,1496,2009,346,4699,4315,1500,94,6624,1133,366
40,145.2200,3456,1795,2565,11,1549,2062,7054,1166,788,2842,8215,6552,1305,2972,2718,6305,5794,6443,173,177,5810,311,59,2237,1215,5189,1867,6736,5332,5079,1496,2009,346,4699,4315,1500,94,6624,1133,366
40,145.2200,3456,1795,2565,11,1549,2062,7054,1166,788,2842,8215,6552,1305,2972,2718,6305,5794,6443,173,177,5810,311,59,2237,1215,5189,1867,6736,5332,5079,1496,2009,346,4699,4315,1500,94,6624,1133,366
40,145.2200,3456,1795,2565,11,1549,2062,7054,1166,788,2842,8215,6552,1305,2972,2718,6305,5794,6443,173,177,5810,311,59,2237,1215,5189,1867,6736,5332,5079,1496,2009,346,4699,4315,1500,94,6624,1133,366
40,145.2200,3456,1795,2565,11,1549,2062,7054,1166,788,2842,8215,6552,1305,2972,2718,6305,5794,6443,173,177,5810,311,59,2237,1215,5189,1867,6736,5332,5079,1496,2009,346,4699,4315,1500,94,6624,1133,366
40,144.3200,788,311,94,5525,2842,2009,6305,3456,6443,1795,2565,11,1215,1549,2062,7054,1166,8215,1305,2972,2718,5794,173,177,5810,59,2237,5189,1867,6736,5332,346,4699,4315,6624,1133,366,1500,5079,1496
40,144.3200,788,311,94,5525,2842,2009,6305,3456,6443,1795,2565,11,1215,1549,2062,7054,1166,8215,1305,2972,2718,5794,173,177,5810,59,2237,5189,1867,6736,5332,346,4699,4315,6624,1133,366,1500,5079,1496
40,144.3200,788,311,94,5525,2842,2009,6305,3456,6443,1795,2565,11,1215,1549,2062,7054,1166,8215,1305,2972,2718,5794,173,177,5810,59,2237,5189,1867,6736,5332,346,4699,4315,6624,1133,366,1500,5079,1496
40,144.3200,788,311,94,5525,2842,2009,6305,3456,6443,1795,2565,11,1215,1549,2062,7054,1166,8215,1305,2972,2718,5794,173,177,5810,59,2237,5189,1867,6736,5332,346,4699,4315,6624,1133,366,1500,5079,1496
40,144.3200,788,311,94,5525,2842,2009,6305,3456,6443,1795,2565,11,1215,1549,2062,7054,1166,8215,1305,2972,2718,5794,173,177,5810,59,2237,5189,1867,6736,5332,346,4699,4315,6624,1133,366,1500,5079,1496
40,144.3200,788,311,94,5525,2842,2009,6305,3456,6443,1795,2565,11,1215,1549,2062,7054,1166,8215,1305,2972,2718,5794,173,177,5810,59,2237,5189,1867,6736,5332,346,4699,4315,6624,1133,366,1500,5079,1496
40,144.3200,788,311,94,5525,2842,2009,6305,3456,6443,1795,2565,11,1215,1549,2062,7054,1166,8215,1305,2972,2718,5794,173,177,5810,59,2237,5189,1867,6736,5332,346,4699,4315,6624,1133,366,1500,5079,1496
40,144.3200,788,311,94,5525,2842,2009,6305,3456,6443,1795,2565,11,1215,1549,2062,7054,1166,8215,1305,2972,2718,5794,173,177,5810,59,2237,5189,1867,6736,5332,346,4699,4315,6624,1133,366,1500,5079,1496
40,144.3200,788,311,94,5525,2842,2009,6305,3456,6443,1795,2565,11,1215,1549,2062,7054,1166,8215,1305,2972,2718,5794,173,177,5810,59,2237,5189,1867,6736,5332,346,4699,4315,6624,1133,366,1500,5079,1496
40,144.3200,788,311,94,5525,2842,2009,6305,3456,6443,1795,2565,11,1215,1549,2062,7054,1166,8215,1305,2972,2718,5794,173,177,5810,59,2237,5189,1867,6736,5332,346,4699,4315,6624,1133,366,1500,5079,1496
40,144.3200,788,311,94,5525,2842,2009,6305,3456,6443,1795,2565,11,1215,1549,2062,7054,1166,8215,1305,2972,2718,5794,173,177,5810,59,2237,5189,1867,6736,5332,346,4699,4315,6624,1133,366,1500,5079,1496
40,144.3200,788,311,94,5525,2842,2009,6305,3456,6443,1795,2565,11,1215,1549,2062,7054,1166,8215,1305,2972,2718,5794,173,177,5810,59,2237,5189,1867,6736,5332,346,4699,4315,6624,1133,366,1500,5079,1496
40,144.3200,788,311,94,5525,2842,2009,6305,3456,6443,1795,2565,11,1215,1549,2062,7054,1166,8215,1305,2972,2718,5794,173,177,5810,59,2237,5189,1867,6736,5332,346,4699,4315,6624,1133,366,1500,5079,1496
40,144.3200,788,311,94,5525,2842,2009,6305,3456,6443,1795,2565,11,1215,1549,2062,7054,1166,8215,1305,2972,2718,5794,173,177,5810,59,2237,5189,1867,6736,5332,346,4699,4315,6624,1133,366,1500,5079,1496
40,144.3200,788,311,94,5525,2842,2009,6305,3456,6443,1795,2565,11,1215,1549,2062,7054,1166,8215,1305,2972,2718,5794,173,177,5810,59,2237,5189,1867,6736,5332,346,4699,4315,6624,1133,366,1500,5079,1496
40,144.3200,788,311,94,5525,2842,2009,6305,3456,6443,1795,2565,11,1215,1549,2062,7054,1166,8215,1305,2972,2718,5794,173,177,5810,59,2237,5189,1867,6736,5332,346,4699,4315,6624,1133,366,1500,5079,1496
40,144.3200,788,311,94,5525,2842,2009,6305,3456,6443,1795,2565,11,1215,1549,2062,7054,1166,8215,1305,2972,2718,5794,173,177,5810,59,2237,5189,1867,6736,5332,346,4699,4315,6624,1133,366,1500,5079,1496
40,144.3200,788,311,94,5525,2842,2009,6305,3456,6443,1795,2565,11,1215,1549,2062,7054,1166,8215,1305,2972,2718,5794,173,177,5810,59,2237,5189,1867,6736,5332,346,4699,4315,6624,1133,366,1500,5079,1496
40,144.3200,788,311,94,5525,2842,2009,6305,3456,6443,1795,2565,11,1215,1549,2062,7054,1166,8215,1305,2972,2718,5794,173,177,5810,59,2237,5189,1867,6736,5332,346,4699,4315,6624,1133,366,1500,5079,1496
40,144.3200,788,311,94,5525,2842,2009,6305,3456,6443,1795,2565,11,1215,1549,2062,7054,1166,8215,1305,2972,2718,5794,173,177,5810,59,2237,5189,1867,6736,5332,346,4699,4315,6624,1133,366,1500,5079,1496
40,144.3200,788,311,94,5525,2842,2009,6305,3456,6443,1795,2565,11,1215,1549,2062,7054,1166,8215,1305,2972,2718,5794,173,177,5810,59,2237,5189,1867,6736,5332,346,4699,4315,6624,1133,366,1500,5079,1496
40,144.3200,788,311,94,5525,2842,2009,6305,3456,6443,1795,2565,11,1215,1549,2062,7054,1166,8215,1305,2972,2718,5794,173,177,5810,59,2237,5189,1867,6736,5332,346,4699,4315,6624,1133,366,1500,5079,1496
40,144.3200,788,311,94,5525,2842,2009,6305,3456,6443,1795,2565,11,1215,1549,2062,7054,1166,8215,1305,2972,2718,5794,173,177,5810,59,2237,5189,1867,6736,5332,346,4699,4315,6624,1133,366,1500,5079,1496
40,143.9600,788,311,94,2842,3456,2009,6305,1795,6443,2565,11,1549,1215,2062,7054,1166,8215,6552,1305,2972,2718,5794,173,177,5810,59,2237,5189,1867,6736,5332,346,4699,4315,6624,1133,366,1500,5079,1496
40,143.9600,788,311,94,2842,3456,2009,6305,1795,6443,2565,11,1549,1215,2062,7054,1166,8215,6552,1305,2972,2718,5794,173,177,5810,59,2237,5189,1867,6736,5332,346,4699,4315,6624,1133,366,1500,5079,1496
40,143.9600,788,311,94,2842,3456,2009,6305,1795,6443,2565,11,1549,1215,2062,7054,1166,8215,6552,1305,2972,2718,5794,173,177,5810,59,2237,5189,1867,6736,5332,346,4699,4315,6624,1133,366,1500,5079,1496
40,143.9600,788,311,94,2842,3456,2009,6305,1795,6443,2565,11,1549,1215,2062,7054,1166,8215,6552,1305,2972,2718,5794,173,177,5810,59,2237,5189,1867,6736,5332,346,4699,4315,6624,1133,366,1500,5079,1496
40,143.9600,788,311,94,2842,3456,2009,6305,1795,6443,2565,11,1549,1215,2062,7054,1166,8215,6552,1305,2972,2718,5794,173,177,5810,59,2237,5189,1867,6736,5332,346,4699,4315,6624,1133,366,1500,5079,1496
40,143.9600,788,311,94,2842,3456,2009,6305,1795,6443,2565,11,1549,1215,2062,7054,1166,8215,6552,1305,2972,2718,5794,173,177,5810,59,2237,5189,1867,6736,5332,346,4699,4315,6624,1133,366,1500,5079,1496
40,143.9600,788,311,94,2842,3456,2009,6305,1795,6443,2565,11,1549,1215,2062,7054,1166,8215,6552,1305,2972,2718,5794,173,177,5810,59,2237,5189,1867,6736,5332,346,4699,4315,6624,1133,366,1500,5079,1496
40,143.8300,788,311,94,5525,2842,2009,6305,3456,6443,1795,2565,11,1215,1549,2062,7054,1166,8215,1305,2972,2718,5794,173,177,5810,59,2237,5189,1867,6736,5332,346,4699,4315,6624,1133,366,1500,5079,1496
40,143.8200,3456,1795,2565,11,1549,2062,7054,1166,788,2842,8215,6552,1305,2972,2718,6305,5794,6443,173,177,5810,311,59,2237,1215,5189,1867,6736,5332,5079,1496,2009,346,4699,4315,1500,94,6624,1133,366
40,143.8200,3456,1795,2565,11,1549,2062,7054,1166,788,2842,8215,6552,1305,2972,2718,6305,5794,6443,173,177,5810,311,59,2237,1215,5189,1867,6736,5332,5079,1496,2009,346,4699,4315,1500,94,6624,1133,366
40,143.8200,3456,1795,2565,11,1549,2062,7054,1166,788,2842,8215,6552,1305,2972,2718,6305,5794,6443,173,177,5810,311,59,2237,1215,5189,1867,6736,5332,5079,1496,2009,346,4699,4315,1500,94,6624,1133,366
40,143.8200,3456,1795,2565,11,1549,2062,7054,1166,788,2842,8215,6552,1305,2972,2718,6305,5794,6443,173,177,5810,311,59,2237,1215,5189,1867,6736,5332,5079,1496,2009,346,4699,4315,1500,94,6624,1133,366
40,143.8200,3456,1795,2565,11,1549,2062,7054,1166,788,2842,8215,6552,1305,2972,2718,6305,5794,6443,173,177,5810,311,59,2237,1215,5189,1867,6736,5332,5079,1496,2009,346,4699,4315,1500,94,6624,1133,366
40,143.8200,3456,1795,2565,11,1549,2062,7054,1166,788,2842,8215,6552,1305,2972,2718,6305,5794,6443,173,177,5810,311,59,2237,1215,5189,1867,6736,5332,5079,1496,2009,346,4699,4315,1500,94,6624,1133,366
40,143.8200,3456,1795,2565,11,1549,2062,7054,1166,788,2842,8215,6552,1305,2972,2718,6305,5794,6443,173,177,5810,311,59,2237,1215,5189,1867,6736,5332,5079,1496,2009,346,4699,4315,1500,94,6624,1133,366
40,143.8200,3456,1795,2565,11,1549,2062,7054,1166,788,2842,8215,6552,1305,2972,2718,6305,5794,6443,173,177,5810,311,59,2237,1215,5189,1867,6736,5332,5079,1496,2009,346,4699,4315,1500,94,6624,1133,366
40,143.8200,3456,1795,2565,11,1549,2062,7054,1166,788,2842,8215,6552,1305,2972,2718,6305,5794,6443,173,177,5810,311,59,2237,1215,5189,1867,6736,5332,5079,1496,2009,346,4699,4315,1500,94,6624,1133,366
40,143.8200,3456,1795,2565,11,1549,2062,7054,1166,788,2842,8215,6552,1305,2972,2718,6305,5794,6443,173,177,5810,311,59,2237,1215,5189,1867,6736,5332,5079,1496,2009,346,4699,4315,1500,94,6624,1133,366
40,143.8200,3456,1795,2565,11,1549,2062,7054,1166,788,2842,8215,6552,1305,2972,2718,6305,5794,6443,173,177,5810,311,59,2237,1215,5189,1867,6736,5332,5079,1496,2009,346,4699,4315,1500,94,6624,1133,366
40,143.8200,3456,1795,2565,11,1549,2062,7054,1166,788,2842,8215,6552,1305,2972,2718,6305,5794,6443,173,177,5810,311,59,2237,1215,5189,1867,6736,5332,5079,1496,2009,346,4699,4315,1500,94,6624,1133,366
40,143.8200,3456,1795,2565,11,1549,2062,7054,1166,788,2842,8215,6552,1305,2972,2718,6305,5794,6443,173,177,5810,311,59,2237,1215,5189,1867,6736,5332,5079,1496,2009,346,4699,4315,1500,94,6624,1133,366
40,143.8200,3456,1795,2565,11,1549,2062,7054,1166,788,2842,8215,6552,1305,2972,2718,6305,5794,6443,173,177,5810,311,59,2237,1215,5189,1867,6736,5332,5079,1496,2009,346,4699,4315,1500,94,6624,1133,366
40,143.8200,3456,1795,2565,11,1549,2062,7054,1166,788,2842,8215,6552,1305,2972,2718,6305,5794,6443,173,177,5810,311,59,2237,1215,5189,1867,6736,5332,5079,1496,2009,346,4699,4315,1500,94,6624,1133,366
40,143.7600,788,311,94,6552,3456,1795,2009,2842,2565,6305,11,6443,1549,2062,1215,7054,1166,8215,1305,2972,2718,5794,173,177,5810,59,2237,5189,1867,6736,5332,5079,346,4699,6624,1133,366,4315,1496,1500
40,142.2900,788,311,94,5525,3456,2842,2009,1795,2565,6305,11,6443,1549,2062,1215,7054,1166,8215,1305,2972,2718,5794,173,177,5810,59,2237,5189,1867,6736,5332,5079,346,4699,6624,1133,366,4315,1496,1500
40,142.1300,788,311,94,2842,3456,2009,6305,1795,6443,2565,11,1549,1215,2062,7054,1166,8215,6552,1305,2972,2718,5794,173,177,5810,59,2237,5189,1867,6736,5332,346,4699,4315,6624,1133,366,1500,5079,1496
40,142.0200,788,311,94,6552,3456,1795,2009,2842,2565,6305,11,6443,1549,2062,1215,7054,1166,8215,1305,2972,2718,5794,173,177,5810,59,2237,5189,1867,6736,5332,5079,346,4699,6624,1133,366,4315,1496,1500
40,141.9200,3456,1795,2565,11,1549,2062,7054,1166,788,2842,8215,6552,1305,2972,2718,6305,5794,6443,173,177,5810,311,59,2237,1215,5189,1867,6736,5332,5079,1496,2009,346,4699,4315,1500,94,6624,1133,366
40,141.8800,3456,1795,2565,11,1549,2062,7054,1166,788,2842,5525,8215,1305,2972,2718,6305,5794,6443,173,177,5810,311,59,2237,1215,5189,1867,6736,5332,5079,1496,2009,346,4699,4315,1500,94,6624,1133,366
40,141.7200,3456,1795,2565,11,1549,2062,7054,1166,788,8215,6552,1305,2842,2972,1933,6305,5794,6443,173,177,5810,311,59,2237,1215,5189,1867,6736,5332,5079,1496,2009,346,4699,4315,1500,94,6624,1133,366
40,141.5200,3456,5934,2565,11,1549,2062,7054,1166,788,8215,6552,1305,2842,2972,2718,6305,5794,6443,173,177,5810,311,59,2237,1215,5189,1867,6736,5332,5079,1496,2009,346,4699,4315,1500,94,6624,1133,366
40,141.4800,3456,1795,2565,11,1549,2062,7054,1166,788,8215,6552,1305,2842,2972,2718,6305,5794,6443,173,177,5810,311,59,2237,2001,5189,1867,6736,5332,5079,1496,2009,346,4699,4315,1500,94,6624,1133,366
40,141.4400,3456,1795,2565,11,1549,2062,7054,1166,788,8215,6552,1305,2842,2972,2718,6305,5794,6443,173,177,5810,311,59,2237,987,5189,1867,6736,5332,5079,1496,2009,346,4699,4315,1500,94,6624,1133,366
40,141.4200,788,311,94,6552,3456,1795,2009,2842,2565,6305,11,6443,1549,2062,1215,7054,1166,8215,1305,2972,2718,5794,173,177,5810,59,2237,5189,1867,6736,5332,5079,346,4699,6624,1133,366,4315,1496,1500
40,141.3600,3456,1795,2565,11,1549,2062,7054,1166,788,2842,8215,6552,1305,2972,2718,6305,5794,6443,173,177,5810,311,59,2237,1215,5189,1867,6736,5332,5079,1496,2009,346,4699,4315,1500,94,6624,1133,366
40,141.1800,3456,1795,2565,11,1549,2062,7054,1166,788,2842,8215,6552,1305,2972,2718,6305,5794,6443,173,177,5810,311,59,2237,1215,5189,1867,6736,5332,5079,1496,2009,346,4699,4315,1500,94,6624,1133,366
40,141.0700,788,311,94,2842,3456,2009,6305,1795,6443,2565,11,1549,1215,2062,7054,1166,8215,6552,1305,2972,2718,5794,173,177,5810,59,2237,5189,1867,6736,5332,346,4699,4315,6624,1133,366,1500,5079,1496
40,140.9700,788,311,94,2842,3456,2009,6305,1795,6443,2565,11,1549,1215,2062,7054,1166,8215,6552,1305,2972,2718,5794,173,177,5810,59,2237,5189,1867,6736,5332,346,4699,4315,6624,1133,366,1500,5079,1496
40,140.9100,788,311,94,5525,3456,2842,2009,1795,2565,6305,11,6443,1549,2062,1215,7054,1166,8215,1305,2972,2718,5794,173,177,5810,59,2237,5189,1867,6736,5332,5079,346,4699,6624,1133,366,4315,1496,1500
40,140.7600,3456,1795,2565,11,1549,2062,7054,1166,788,2842,8215,6552,1305,2972,2718,6305,5794,6443,173,177,5810,311,59,2237,1215,5189,1867,6736,5332,5079,1496,2009,346,4699,4315,1500,94,6624,1133,366
40,140.7500,788,311,94,5525,3456,2842,2009,1795,2565,6305,11,6443,1549,2062,1215,7054,1166,8215,1305,2972,2718,5794,173,177,5810,59,2237,5189,1867,6736,5332,5079,346,4699,6624,1133,366,4315,1496,1500
40,140.7000,788,311,94,2842,3456,2009,6305,1795,6443,2565,11,1549,1215,2062,7054,1166,8215,6552,1305,2972,2718,5794,173,177,5810,59,2237,5189,1867,6736,5332,346,4699,4315,6624,1133,366,1500,5079,1496
40,140.6900,3456,1795,2565,11,1549,2062,7054,1166,788,8215,6552,1305,2842,2972,2718,6305,5794,6443,173,177,5810,311,59,2237,1215,5189,1867,6736,5332,5079,1496,3323,346,4699,4315,1500,94,6624,1133,366
40,140.6700,788,311,94,2842,3456,2009,6305,1795,6443,2565,11,1549,1215,2062,7054,1166,8215,6552,1305,2972,2718,5794,173,177,5810,59,2237,5189,1867,6736,5332,346,4699,4315,6624,1133,366,1500,5079,1496
40,140.5600,3456,1795,2565,11,1549,2062,7054,1166,788,5525,8215,1305,2842,2972,2718,6305,5794,6443,173,177,5810,311,4386,2237,1215,5189,1867,6736,5332,5079,1496,2009,346,4699,4315,1500,94,6624,1133,366
