generation number, individual number, fitness, candidate
0, 0, 2.16, [520, 5117]
0, 1, 2.05, [3147, 1219]
0, 2, 2.03, [834, 476]
0, 3, 2.03, [1219, 1381]
0, 4, 2.03, [1555, 1414]
0, 5, 2.01, [1419, 1157]
0, 6, 2.01, [2341, 1567]
0, 7, 2.01, [964, 15]
0, 8, 2.0, [635, 970]
0, 9, 2.0, [809, 1394]
1, 0, 2.16, [520, 5117]
1, 1, 2.14, [520, 834]
1, 2, 2.12, [1414, 5117]
1, 3, 2.11, [520, 1603]
1, 4, 2.07, [1045, 5117]
1, 5, 2.05, [3147, 1219]
1, 6, 2.04, [1603, 5117]
1, 7, 2.04, [1225, 1414]
1, 8, 2.02, [2490, 476]
1, 9, 2.02, [786, 545]
2, 0, 2.16, [520, 5117]
2, 1, 2.14, [520, 834]
2, 2, 2.08, [662, 5117]
2, 3, 2.05, [2436, 1347]
2, 4, 2.02, [1025, 990]
2, 5, 2.01, [697, 1430]
2, 6, 2.01, [1378, 1555]
2, 7, 2.01, [1540, 691]
2, 8, 2.0, [1569, 831]
2, 9, 2.0, [545, 3639]
3, 0, 2.16, [520, 5117]
3, 1, 2.14, [520, 834]
3, 2, 2.09, [1219, 5117]
3, 3, 2.06, [934, 609]
3, 4, 2.06, [902, 5117]
3, 5, 2.04, [662, 934]
3, 6, 2.03, [780, 690]
3, 7, 2.02, [1555, 1543]
3, 8, 2.0, [1353, 1580]
3, 9, 2.0, [609, 339]
4, 0, 2.16, [520, 5117]
4, 1, 2.14, [520, 834]
4, 2, 2.1, [520, 1574]
4, 3, 2.08, [798, 5117]
4, 4, 2.08, [3639, 5117]
4, 5, 2.06, [1347, 216]
4, 6, 2.03, [690, 964]
4, 7, 2.03, [741, 785]
4, 8, 2.01, [495, 609]
4, 9, 2.01, [1580, 834]
5, 0, 2.17, [520, 336]
5, 1, 2.16, [520, 5117]
5, 2, 2.14, [520, 751]
5, 3, 2.14, [520, 834]
5, 4, 2.03, [1138, 2340]
5, 5, 2.02, [1225, 1967]
5, 6, 2.02, [216, 609]
5, 7, 2.01, [1378, 1555]
5, 8, 2.01, [1028, 2340]
5, 9, 2.01, [216, 691]
6, 0, 2.17, [520, 336]
6, 1, 2.16, [520, 5117]
6, 2, 2.14, [520, 1003]
6, 3, 2.11, [520, 970]
6, 4, 2.07, [78, 336]
6, 5, 2.06, [922, 2070]
6, 6, 2.04, [731, 2032]
6, 7, 2.03, [716, 336]
6, 8, 2.01, [710, 2070]
6, 9, 2.0, [3639, 635]
7, 0, 2.17, [520, 336]
7, 1, 2.16, [520, 5117]
7, 2, 2.13, [520, 1414]
7, 3, 2.13, [520, 1353]
7, 4, 2.07, [520, 320]
7, 5, 2.02, [2667, 1574]
7, 6, 2.02, [1141, 336]
7, 7, 2.02, [247, 710]
7, 8, 2.01, [922, 831]
7, 9, 2.0, [697, 809]
8, 0, 2.17, [520, 336]
8, 1, 2.16, [520, 5117]
8, 2, 2.11, [520, 320]
8, 3, 2.09, [520, 1229]
8, 4, 2.08, [520, 1347]
8, 5, 2.06, [487, 1025]
8, 6, 2.02, [990, 819]
8, 7, 2.02, [1555, 990]
8, 8, 2.01, [710, 635]
8, 9, 2.01, [495, 780]
9, 0, 2.17, [520, 336]
9, 1, 2.16, [735, 5117]
9, 2, 2.16, [520, 5117]
9, 3, 2.14, [520, 320]
9, 4, 2.14, [520, 1289]
9, 5, 2.06, [1138, 450]
9, 6, 2.05, [487, 1141]
9, 7, 2.04, [1138, 690]
9, 8, 2.02, [1219, 2341]
9, 9, 2.02, [873, 786]
10, 0, 2.17, [520, 336]
10, 1, 2.16, [735, 5117]
10, 2, 2.15, [520, 735]
10, 3, 2.04, [656, 1967]
10, 4, 2.03, [1543, 1289]
10, 5, 2.03, [964, 336]
10, 6, 2.02, [2032, 320]
10, 7, 2.01, [741, 2032]
10, 8, 2.01, [3639, 716]
10, 9, 2.01, [691, 3]
