n_nodes,influence,n0,n1,n2,n3,n4
5,10.7000,144641,180132,250660,115077,22477
5,10.7000,144641,180132,250660,115077,22477
5,10.6000,159266,250660,22477,115077,180132
5,10.6000,159266,250660,22477,115077,180132
5,10.6000,159266,250660,22477,115077,180132
5,10.6000,159266,250660,22477,115077,180132
5,10.6000,159266,250660,22477,115077,180132
5,10.6000,159266,250660,22477,115077,180132
5,10.6000,159266,250660,22477,115077,180132
5,10.6000,159266,250660,22477,115077,180132
5,10.6000,159266,250660,22477,115077,180132
5,10.6000,159266,250660,22477,115077,180132
5,10.6000,159266,250660,22477,115077,180132
5,10.6000,159266,250660,22477,115077,180132
5,10.6000,159266,250660,22477,115077,180132
5,10.6000,159266,250660,22477,115077,180132
