num_genrations,diversity,improvement,best_fitness
0,1.0,0,36.88478449792648
1,0.6742424242424242,-0.10103133303953907,33.158265551224844
2,0.6204545454545455,0.035914424191802685,34.34912556569597
3,0.3590909090909091,0.029928660627575317,35.37714888760566
4,0.42272727272727284,0.026078667527223473,36.29973779150661
5,0.18484848484848493,0.003568632529728314,36.42927821660999
6,0.22803030303030303,0.004508526257184878,36.593520573979866
7,0.23409090909090913,0.007167378503341211,36.855800186703384
8,0.15227272727272745,0.01756130994751656,37.50303631714582
9,0.13181818181818195,0.0,37.50303631714582
10,0.13863636363636367,0.002635459649347159,37.60187405608766
