n_nodes,influence,n0,n1,n2,n3,n4
5,38.7100,5800,4700,47,1585,4856
5,38.7100,5800,4700,47,1585,4856
5,38.7100,5800,4700,47,1585,4856
5,38.7100,5800,4700,47,1585,4856
5,37.0800,5800,3017,47,1585,4856
5,37.0800,5800,3017,47,1585,4856
5,36.6200,5800,3017,47,1585,4856
5,36.6200,5800,3017,47,1585,4856
5,36.6200,5800,3017,47,1585,4856
5,36.6200,5800,3017,47,1585,4856
5,36.6200,5800,3017,47,1585,4856
5,36.6200,5800,3017,47,1585,4856
5,36.6200,5800,3017,47,1585,4856
5,36.6200,5800,3017,47,1585,4856
5,36.6200,5800,3017,47,1585,4856
5,36.6100,5800,3017,47,1585,5294
