n_nodes,influence,n0,n1,n2,n3,n4,n5,n6,n7,n8,n9,n10,n11,n12,n13,n14,n15,n16,n17,n18,n19,n20,n21,n22,n23,n24,n25,n26,n27,n28,n29,n30,n31,n32,n33,n34,n35,n36,n37,n38,n39,n40,n41,n42,n43,n44,n45,n46,n47,n48,n49
50,378.3000,3843,12165,22278,14599,6154,10762,21508,7307,8335,8087,14746,16154,1023,7069,20511,22691,9124,12842,25006,21806,7727,16310,15799,16056,18487,14265,21051,13628,19517,3006,5695,25286,7625,24057,851,6867,23382,21466,3547,25439,16994,13929,8298,10996,18676,12151,12409,21754,23038,2559
50,378.3000,3843,12165,22278,14599,6154,10762,21508,7307,8335,8087,14746,16154,1023,7069,20511,22691,9124,12842,25006,21806,7727,16310,15799,16056,18487,14265,21051,13628,19517,3006,5695,25286,7625,24057,851,6867,23382,21466,3547,25439,16994,13929,8298,10996,18676,12151,12409,21754,23038,2559
50,378.3000,3843,12165,22278,14599,6154,10762,21508,7307,8335,8087,14746,16154,1023,7069,20511,22691,9124,12842,25006,21806,7727,16310,15799,16056,18487,14265,21051,13628,19517,3006,5695,25286,7625,24057,851,6867,23382,21466,3547,25439,16994,13929,8298,10996,18676,12151,12409,21754,23038,2559
50,378.3000,3843,12165,22278,14599,6154,10762,21508,7307,8335,8087,14746,16154,1023,7069,20511,22691,9124,12842,25006,21806,7727,16310,15799,16056,18487,14265,21051,13628,19517,3006,5695,25286,7625,24057,851,6867,23382,21466,3547,25439,16994,13929,8298,10996,18676,12151,12409,21754,23038,2559
50,378.3000,3843,12165,22278,14599,6154,10762,21508,7307,8335,8087,14746,16154,1023,7069,20511,22691,9124,12842,25006,21806,7727,16310,15799,16056,18487,14265,21051,13628,19517,3006,5695,25286,7625,24057,851,6867,23382,21466,3547,25439,16994,13929,8298,10996,18676,12151,12409,21754,23038,2559
50,378.3000,3843,12165,22278,14599,6154,10762,21508,7307,8335,8087,14746,16154,1023,7069,20511,22691,9124,12842,25006,21806,7727,16310,15799,16056,18487,14265,21051,13628,19517,3006,5695,25286,7625,24057,851,6867,23382,21466,3547,25439,16994,13929,8298,10996,18676,12151,12409,21754,23038,2559
50,378.3000,3843,12165,22278,14599,6154,10762,21508,7307,8335,8087,14746,16154,1023,7069,20511,22691,9124,12842,25006,21806,7727,16310,15799,16056,18487,14265,21051,13628,19517,3006,5695,25286,7625,24057,851,6867,23382,21466,3547,25439,16994,13929,8298,10996,18676,12151,12409,21754,23038,2559
50,378.3000,3843,12165,22278,14599,6154,10762,21508,7307,8335,8087,14746,16154,1023,7069,20511,22691,9124,12842,25006,21806,7727,16310,15799,16056,18487,14265,21051,13628,19517,3006,5695,25286,7625,24057,851,6867,23382,21466,3547,25439,16994,13929,8298,10996,18676,12151,12409,21754,23038,2559
50,378.3000,3843,12165,22278,14599,6154,10762,21508,7307,8335,8087,14746,16154,1023,7069,20511,22691,9124,12842,25006,21806,7727,16310,15799,16056,18487,14265,21051,13628,19517,3006,5695,25286,7625,24057,851,6867,23382,21466,3547,25439,16994,13929,8298,10996,18676,12151,12409,21754,23038,2559
50,378.3000,3843,12165,22278,14599,6154,10762,21508,7307,8335,8087,14746,16154,1023,7069,20511,22691,9124,12842,25006,21806,7727,16310,15799,16056,18487,14265,21051,13628,19517,3006,5695,25286,7625,24057,851,6867,23382,21466,3547,25439,16994,13929,8298,10996,18676,12151,12409,21754,23038,2559
50,378.3000,3843,12165,22278,14599,6154,10762,21508,7307,8335,8087,14746,16154,1023,7069,20511,22691,9124,12842,25006,21806,7727,16310,15799,16056,18487,14265,21051,13628,19517,3006,5695,25286,7625,24057,851,6867,23382,21466,3547,25439,16994,13929,8298,10996,18676,12151,12409,21754,23038,2559
50,378.3000,3843,12165,22278,14599,6154,10762,21508,7307,8335,8087,14746,16154,1023,7069,20511,22691,9124,12842,25006,21806,7727,16310,15799,16056,18487,14265,21051,13628,19517,3006,5695,25286,7625,24057,851,6867,23382,21466,3547,25439,16994,13929,8298,10996,18676,12151,12409,21754,23038,2559
50,378.3000,3843,12165,22278,14599,6154,10762,21508,7307,8335,8087,14746,16154,1023,7069,20511,22691,9124,12842,25006,21806,7727,16310,15799,16056,18487,14265,21051,13628,19517,3006,5695,25286,7625,24057,851,6867,23382,21466,3547,25439,16994,13929,8298,10996,18676,12151,12409,21754,23038,2559
50,378.3000,3843,12165,22278,14599,6154,10762,21508,7307,8335,8087,14746,16154,1023,7069,20511,22691,9124,12842,25006,21806,7727,16310,15799,16056,18487,14265,21051,13628,19517,3006,5695,25286,7625,24057,851,6867,23382,21466,3547,25439,16994,13929,8298,10996,18676,12151,12409,21754,23038,2559
50,378.3000,3843,12165,22278,14599,6154,10762,21508,7307,8335,8087,14746,16154,1023,7069,20511,22691,9124,12842,25006,21806,7727,16310,15799,16056,18487,14265,21051,13628,19517,3006,5695,25286,7625,24057,851,6867,23382,21466,3547,25439,16994,13929,8298,10996,18676,12151,12409,21754,23038,2559
50,378.3000,3843,12165,22278,14599,6154,10762,21508,7307,8335,8087,14746,16154,1023,7069,20511,22691,9124,12842,25006,21806,7727,16310,15799,16056,18487,14265,21051,13628,19517,3006,5695,25286,7625,24057,851,6867,23382,21466,3547,25439,16994,13929,8298,10996,18676,12151,12409,21754,23038,2559
50,378.3000,3843,12165,22278,14599,6154,10762,21508,7307,8335,8087,14746,16154,1023,7069,20511,22691,9124,12842,25006,21806,7727,16310,15799,16056,18487,14265,21051,13628,19517,3006,5695,25286,7625,24057,851,6867,23382,21466,3547,25439,16994,13929,8298,10996,18676,12151,12409,21754,23038,2559
50,378.3000,3843,12165,22278,14599,6154,10762,21508,7307,8335,8087,14746,16154,1023,7069,20511,22691,9124,12842,25006,21806,7727,16310,15799,16056,18487,14265,21051,13628,19517,3006,5695,25286,7625,24057,851,6867,23382,21466,3547,25439,16994,13929,8298,10996,18676,12151,12409,21754,23038,2559
50,378.3000,3843,12165,22278,14599,6154,10762,21508,7307,8335,8087,14746,16154,1023,7069,20511,22691,9124,12842,25006,21806,7727,16310,15799,16056,18487,14265,21051,13628,19517,3006,5695,25286,7625,24057,851,6867,23382,21466,3547,25439,16994,13929,8298,10996,18676,12151,12409,21754,23038,2559
50,378.3000,3843,12165,22278,14599,6154,10762,21508,7307,8335,8087,14746,16154,1023,7069,20511,22691,9124,12842,25006,21806,7727,16310,15799,16056,18487,14265,21051,13628,19517,3006,5695,25286,7625,24057,851,6867,23382,21466,3547,25439,16994,13929,8298,10996,18676,12151,12409,21754,23038,2559
50,378.3000,3843,12165,22278,14599,6154,10762,21508,7307,8335,8087,14746,16154,1023,7069,20511,22691,9124,12842,25006,21806,7727,16310,15799,16056,18487,14265,21051,13628,19517,3006,5695,25286,7625,24057,851,6867,23382,21466,3547,25439,16994,13929,8298,10996,18676,12151,12409,21754,23038,2559
50,378.3000,3843,12165,22278,14599,6154,10762,21508,7307,8335,8087,14746,16154,1023,7069,20511,22691,9124,12842,25006,21806,7727,16310,15799,16056,18487,14265,21051,13628,19517,3006,5695,25286,7625,24057,851,6867,23382,21466,3547,25439,16994,13929,8298,10996,18676,12151,12409,21754,23038,2559
50,378.3000,3843,12165,22278,14599,6154,10762,21508,7307,8335,8087,14746,16154,1023,7069,20511,22691,9124,12842,25006,21806,7727,16310,15799,16056,18487,14265,21051,13628,19517,3006,5695,25286,7625,24057,851,6867,23382,21466,3547,25439,16994,13929,8298,10996,18676,12151,12409,21754,23038,2559
50,378.3000,3843,12165,22278,14599,6154,10762,21508,7307,8335,8087,14746,16154,1023,7069,20511,22691,9124,12842,25006,21806,7727,16310,15799,16056,18487,14265,21051,13628,19517,3006,5695,25286,7625,24057,851,6867,23382,21466,3547,25439,16994,13929,8298,10996,18676,12151,12409,21754,23038,2559
50,378.3000,3843,12165,22278,14599,6154,10762,21508,7307,8335,8087,14746,16154,1023,7069,20511,22691,9124,12842,25006,21806,7727,16310,15799,16056,18487,14265,21051,13628,19517,3006,5695,25286,7625,24057,851,6867,23382,21466,3547,25439,16994,13929,8298,10996,18676,12151,12409,21754,23038,2559
50,378.3000,3843,12165,22278,14599,6154,10762,21508,7307,8335,8087,14746,16154,1023,7069,20511,22691,9124,12842,25006,21806,7727,16310,15799,16056,18487,14265,21051,13628,19517,3006,5695,25286,7625,24057,851,6867,23382,21466,3547,25439,16994,13929,8298,10996,18676,12151,12409,21754,23038,2559
50,378.3000,3843,12165,22278,14599,6154,10762,21508,7307,8335,8087,14746,16154,1023,7069,20511,22691,9124,12842,25006,21806,7727,16310,15799,16056,18487,14265,21051,13628,19517,3006,5695,25286,7625,24057,851,6867,23382,21466,3547,25439,16994,13929,8298,10996,18676,12151,12409,21754,23038,2559
50,378.3000,3843,12165,22278,14599,6154,10762,21508,7307,8335,8087,14746,16154,1023,7069,20511,22691,9124,12842,25006,21806,7727,16310,15799,16056,18487,14265,21051,13628,19517,3006,5695,25286,7625,24057,851,6867,23382,21466,3547,25439,16994,13929,8298,10996,18676,12151,12409,21754,23038,2559
50,378.3000,3843,12165,22278,14599,6154,10762,21508,7307,8335,8087,14746,16154,1023,7069,20511,22691,9124,12842,25006,21806,7727,16310,15799,16056,18487,14265,21051,13628,19517,3006,5695,25286,7625,24057,851,6867,23382,21466,3547,25439,16994,13929,8298,10996,18676,12151,12409,21754,23038,2559
50,378.3000,3843,12165,22278,14599,6154,10762,21508,7307,8335,8087,14746,16154,1023,7069,20511,22691,9124,12842,25006,21806,7727,16310,15799,16056,18487,14265,21051,13628,19517,3006,5695,25286,7625,24057,851,6867,23382,21466,3547,25439,16994,13929,8298,10996,18676,12151,12409,21754,23038,2559
50,378.3000,3843,12165,22278,14599,6154,10762,21508,7307,8335,8087,14746,16154,1023,7069,20511,22691,9124,12842,25006,21806,7727,16310,15799,16056,18487,14265,21051,13628,19517,3006,5695,25286,7625,24057,851,6867,23382,21466,3547,25439,16994,13929,8298,10996,18676,12151,12409,21754,23038,2559
50,378.3000,3843,12165,22278,14599,6154,10762,21508,7307,8335,8087,14746,16154,1023,7069,20511,22691,9124,12842,25006,21806,7727,16310,15799,16056,18487,14265,21051,13628,19517,3006,5695,25286,7625,24057,851,6867,23382,21466,3547,25439,16994,13929,8298,10996,18676,12151,12409,21754,23038,2559
50,378.3000,3843,12165,22278,14599,6154,10762,21508,7307,8335,8087,14746,16154,1023,7069,20511,22691,9124,12842,25006,21806,7727,16310,15799,16056,18487,14265,21051,13628,19517,3006,5695,25286,7625,24057,851,6867,23382,21466,3547,25439,16994,13929,8298,10996,18676,12151,12409,21754,23038,2559
50,378.3000,3843,12165,22278,14599,6154,10762,21508,7307,8335,8087,14746,16154,1023,7069,20511,22691,9124,12842,25006,21806,7727,16310,15799,16056,18487,14265,21051,13628,19517,3006,5695,25286,7625,24057,851,6867,23382,21466,3547,25439,16994,13929,8298,10996,18676,12151,12409,21754,23038,2559
50,378.3000,3843,12165,22278,14599,6154,10762,21508,7307,8335,8087,14746,16154,1023,7069,20511,22691,9124,12842,25006,21806,7727,16310,15799,16056,18487,14265,21051,13628,19517,3006,5695,25286,7625,24057,851,6867,23382,21466,3547,25439,16994,13929,8298,10996,18676,12151,12409,21754,23038,2559
50,378.3000,3843,12165,22278,14599,6154,10762,21508,7307,8335,8087,14746,16154,1023,7069,20511,22691,9124,12842,25006,21806,7727,16310,15799,16056,18487,14265,21051,13628,19517,3006,5695,25286,7625,24057,851,6867,23382,21466,3547,25439,16994,13929,8298,10996,18676,12151,12409,21754,23038,2559
50,378.3000,3843,12165,22278,14599,6154,10762,21508,7307,8335,8087,14746,16154,1023,7069,20511,22691,9124,12842,25006,21806,7727,16310,15799,16056,18487,14265,21051,13628,19517,3006,5695,25286,7625,24057,851,6867,23382,21466,3547,25439,16994,13929,8298,10996,18676,12151,12409,21754,23038,2559
50,378.3000,3843,12165,22278,14599,6154,10762,21508,7307,8335,8087,14746,16154,1023,7069,20511,22691,9124,12842,25006,21806,7727,16310,15799,16056,18487,14265,21051,13628,19517,3006,5695,25286,7625,24057,851,6867,23382,21466,3547,25439,16994,13929,8298,10996,18676,12151,12409,21754,23038,2559
50,378.3000,3843,12165,22278,14599,6154,10762,21508,7307,8335,8087,14746,16154,1023,7069,20511,22691,9124,12842,25006,21806,7727,16310,15799,16056,18487,14265,21051,13628,19517,3006,5695,25286,7625,24057,851,6867,23382,21466,3547,25439,16994,13929,8298,10996,18676,12151,12409,21754,23038,2559
50,378.3000,3843,12165,22278,14599,6154,10762,21508,7307,8335,8087,14746,16154,1023,7069,20511,22691,9124,12842,25006,21806,7727,16310,15799,16056,18487,14265,21051,13628,19517,3006,5695,25286,7625,24057,851,6867,23382,21466,3547,25439,16994,13929,8298,10996,18676,12151,12409,21754,23038,2559
50,378.3000,3843,12165,22278,14599,6154,10762,21508,7307,8335,8087,14746,16154,1023,7069,20511,22691,9124,12842,25006,21806,7727,16310,15799,16056,18487,14265,21051,13628,19517,3006,5695,25286,7625,24057,851,6867,23382,21466,3547,25439,16994,13929,8298,10996,18676,12151,12409,21754,23038,2559
50,378.3000,3843,12165,22278,14599,6154,10762,21508,7307,8335,8087,14746,16154,1023,7069,20511,22691,9124,12842,25006,21806,7727,16310,15799,16056,18487,14265,21051,13628,19517,3006,5695,25286,7625,24057,851,6867,23382,21466,3547,25439,16994,13929,8298,10996,18676,12151,12409,21754,23038,2559
50,378.3000,3843,12165,22278,14599,6154,10762,21508,7307,8335,8087,14746,16154,1023,7069,20511,22691,9124,12842,25006,21806,7727,16310,15799,16056,18487,14265,21051,13628,19517,3006,5695,25286,7625,24057,851,6867,23382,21466,3547,25439,16994,13929,8298,10996,18676,12151,12409,21754,23038,2559
50,378.3000,3843,12165,22278,14599,6154,10762,21508,7307,8335,8087,14746,16154,1023,7069,20511,22691,9124,12842,25006,21806,7727,16310,15799,16056,18487,14265,21051,13628,19517,3006,5695,25286,7625,24057,851,6867,23382,21466,3547,25439,16994,13929,8298,10996,18676,12151,12409,21754,23038,2559
50,378.3000,3843,12165,22278,14599,6154,10762,21508,7307,8335,8087,14746,16154,1023,7069,20511,22691,9124,12842,25006,21806,7727,16310,15799,16056,18487,14265,21051,13628,19517,3006,5695,25286,7625,24057,851,6867,23382,21466,3547,25439,16994,13929,8298,10996,18676,12151,12409,21754,23038,2559
50,376.7300,3843,12165,22278,14599,6154,10762,21508,7307,8335,8087,14746,16154,1023,7069,20511,22691,9124,12842,25006,21806,7727,16310,15799,16056,18487,14265,21051,13628,19517,3006,5695,25286,7625,24057,851,6867,23382,21466,3547,25439,16994,13929,8298,10996,18676,12151,12409,21754,23038,2559
50,376.7300,3843,12165,22278,14599,6154,10762,21508,7307,8335,8087,14746,16154,1023,7069,20511,22691,9124,12842,25006,21806,7727,16310,15799,16056,18487,14265,21051,13628,19517,3006,5695,25286,7625,24057,851,6867,23382,21466,3547,25439,16994,13929,8298,10996,18676,12151,12409,21754,23038,2559
50,376.7300,3843,12165,22278,14599,6154,10762,21508,7307,8335,8087,14746,16154,1023,7069,20511,22691,9124,12842,25006,21806,7727,16310,15799,16056,18487,14265,21051,13628,19517,3006,5695,25286,7625,24057,851,6867,23382,21466,3547,25439,16994,13929,8298,10996,18676,12151,12409,21754,23038,2559
50,373.8200,3843,12165,22278,14599,6154,10762,21508,7307,8335,8087,14746,16154,1023,7069,20511,22691,9124,12842,25006,21806,7727,16310,15799,16056,18487,14265,21051,13628,19517,3006,5695,25286,7625,24057,851,6867,23382,21466,3547,25439,16994,13929,8298,10996,18676,12151,12409,21754,23038,2559
50,373.3400,3843,12165,22278,14599,6154,10762,21508,7307,8335,8087,14746,16154,1023,7069,20511,22691,9124,12842,25006,21806,7727,16310,15799,16056,18487,14265,21051,13628,19517,3006,5695,25286,7625,24057,851,6867,23382,21466,3547,25439,16994,13929,8298,10996,18676,12151,12409,21754,23038,2559
50,373.2700,3843,12165,22278,14599,6154,10762,21508,7307,8335,8087,14746,16154,1023,7069,20511,22691,9124,12842,25006,21806,7727,16310,15799,16056,18487,14265,21051,13628,19517,3006,5695,25286,7625,24057,851,6867,23382,21466,3547,25439,16994,13929,8298,10996,18676,12151,12409,21754,23038,2559
50,373.2300,3843,12165,22278,14599,6154,10762,21508,7307,8335,8087,14746,16154,1023,7069,20511,22691,9124,12842,25006,21806,7727,16310,15799,16056,18487,14265,21051,13628,19517,3006,5695,25286,7625,24057,851,6867,23382,21466,3547,25439,16994,13929,8298,10996,18676,12151,12409,21754,23038,2559
50,372.9200,3843,12165,22278,14599,6154,10762,21508,7307,8335,8087,14746,16154,1023,7069,20511,22691,9124,12842,25006,21806,7727,16310,15799,16056,18487,14265,21051,13628,19517,3006,5695,25286,7625,24057,851,6867,23382,21466,3547,25439,16994,13929,8298,10996,18676,12151,12409,21754,23038,2559
50,372.8600,3843,12165,22278,14599,6154,10762,21508,7307,8335,8087,14746,16154,1023,7069,20511,22691,9124,12842,25006,21806,7727,16310,15799,16056,18487,14265,21051,13628,19517,3006,5695,25286,7625,24057,851,6867,23382,21466,3547,25439,16994,13929,8298,10996,18676,12151,12409,21754,23038,2559
50,372.5200,3843,12165,22278,14599,6154,10762,21508,7307,8335,8087,14746,16154,1023,7069,20511,22691,9124,12842,25006,21806,7727,16310,15799,16056,18487,14265,21051,13628,19517,3006,5695,25286,7625,24057,851,6867,23382,21466,3547,25439,16994,13929,8298,10996,18676,12151,12409,21754,23038,2559
50,372.5100,3843,12165,22278,14599,6154,10762,21508,7307,8335,8087,14746,16154,1023,7069,20511,22691,9124,12842,25006,21806,7727,16310,15799,16056,18487,14265,21051,13628,19517,3006,5695,25286,7625,24057,851,6867,23382,21466,3547,25439,16994,13929,8298,10996,18676,12151,12409,21754,23038,2559
50,372.2300,3843,12165,22278,14599,6154,10762,21508,7307,8335,8087,14746,16154,1023,7069,20511,22691,9124,12842,25006,21806,7727,16310,15799,16056,18487,14265,21051,13628,19517,3006,5695,25286,7625,24057,851,6867,23382,21466,3547,25439,16994,13929,8298,10996,18676,12151,12409,21754,23038,2559
50,371.4600,3843,21508,12165,22278,14599,6154,10762,7307,8335,8087,14746,16154,18669,20511,22691,9124,12842,25006,21806,7727,16310,15799,16056,18487,14265,21051,13628,19517,3006,5695,25286,7625,2559,851,6867,23382,21466,3547,25439,12409,16994,13929,8298,10996,18676,12151,24057,21754,23038,1023
50,370.7500,3843,12165,22278,14599,6154,10762,21508,7307,8335,8087,14746,16154,1023,7069,20511,22691,9124,12842,25006,21806,7727,16310,15799,16056,18487,14265,21051,13628,19517,3006,5695,25286,7625,24057,851,6867,23382,21466,3547,25439,16994,13929,8298,10996,18676,12151,12409,21754,23038,2559
50,370.7400,3843,12165,22278,14599,6154,10762,21508,7307,8335,8087,14746,16154,1023,7069,20511,22691,9124,12842,25006,21806,7727,16310,15799,16056,18487,14265,21051,13628,19517,3006,5695,25286,7625,24057,851,6867,23382,21466,3547,25439,16994,13929,8298,10996,18676,12151,12409,21754,23038,2559
50,369.9800,3843,12165,22278,14599,6154,10762,21508,7307,8335,8087,14746,16154,1023,7069,20511,22691,9124,12842,25006,21806,7727,16310,15799,16056,18487,14265,21051,13628,19517,3006,5695,25286,7625,24057,851,6867,23382,21466,3547,25439,16994,13929,8298,10996,18676,12151,12409,21754,23038,2559
50,369.9700,3843,12165,22278,14599,6154,10762,21508,7307,8335,8087,14746,16154,1023,7069,20511,22691,9124,12842,25006,21806,7727,16310,15799,16056,18487,14265,21051,13628,19517,3006,5695,25286,7625,24057,851,6867,23382,21466,3547,25439,16994,13929,8298,10996,18676,12151,12409,21754,23038,2559
50,369.8900,3843,12165,22278,14599,6154,10762,21508,7307,8335,8087,14746,16154,1023,7069,20511,22691,9124,12842,25006,21806,7727,16310,15799,16056,18487,14265,21051,13628,19517,3006,5695,25286,7625,24057,851,6867,23382,21466,3547,25439,16994,13929,8298,10996,18676,12151,12409,21754,23038,2559
50,369.7600,3843,12165,22278,14599,6154,10762,21508,7307,8335,8087,14746,16154,1023,7069,20511,22691,9124,12842,25006,21806,7727,16310,15799,16056,18487,14265,21051,13628,19517,3006,5695,25286,7625,24057,851,6867,23382,21466,3547,25439,16994,13929,8298,10996,18676,12151,12409,21754,23038,2559
50,369.2800,3843,12165,22278,14599,6154,10762,21508,7307,8335,8087,14746,16154,1023,7069,20511,22691,9124,12842,25006,21806,7727,16310,15799,16056,18487,14265,21051,13628,19517,3006,5695,25286,7625,24057,851,6867,23382,21466,3547,25439,16994,13929,8298,10996,18676,12151,12409,21754,23038,2559
50,369.2600,3843,12165,22278,14599,6154,10762,21508,7307,8335,8087,14746,16154,1023,7069,20511,22691,9124,12842,25006,21806,7727,16310,15799,16056,18487,14265,21051,13628,19517,3006,5695,25286,7625,24057,851,6867,23382,21466,3547,25439,16994,13929,8298,10996,18676,12151,12409,21754,23038,2559
50,368.9400,3843,12165,22278,14599,6154,10762,21508,7307,8335,8087,14746,16154,1023,7069,20511,22691,9124,12842,25006,21806,7727,16310,15799,16056,18487,14265,21051,13628,19517,3006,5695,25286,7625,24057,851,6867,23382,21466,3547,25439,16994,13929,8298,10996,18676,12151,12409,21754,23038,2559
50,368.7400,3843,12165,22278,14599,6154,10762,21508,7307,8335,8087,14746,16154,1023,7069,20511,22691,9124,12842,25006,21806,7727,16310,15799,16056,18487,14265,21051,13628,19517,3006,5695,25286,7625,24057,851,6867,23382,21466,3547,25439,16994,13929,8298,10996,18676,12151,12409,21754,23038,2559
50,368.6900,3843,12165,22278,14599,6154,10762,21508,7307,8335,8087,14746,16154,1023,7069,20511,22691,9124,12842,25006,21806,7727,16310,15799,16056,18487,14265,21051,13628,19517,3006,5695,25286,7625,24057,851,6867,23382,21466,3547,25439,16994,13929,8298,10996,18676,12151,12409,21754,23038,2559
50,368.5800,3843,12165,22278,14599,6154,10762,21508,7307,8335,8087,14746,16154,1023,7069,20511,22691,9124,12842,25006,21806,7727,16310,15799,16056,18487,14265,21051,13628,19517,3006,5695,25286,7625,24057,851,6867,23382,21466,3547,25439,16994,13929,8298,10996,18676,12151,12409,21754,23038,2559
50,368.5200,3843,12165,22278,14599,6154,10762,21508,7307,8335,8087,14746,16154,1023,7069,20511,22691,9124,12842,25006,21806,7727,16310,15799,16056,18487,14265,21051,13628,19517,3006,5695,25286,7625,24057,851,6867,23382,21466,3547,25439,16994,13929,8298,10996,18676,12151,12409,21754,23038,2559
50,368.4500,3843,21508,12165,22278,14599,6154,10762,7307,8335,8087,14746,16154,7069,20511,22691,9124,12842,25006,21806,7727,16310,15799,16056,18487,14265,21051,13628,19517,17276,5695,25286,7625,2559,851,6867,23382,21466,3547,25439,12409,16994,13929,8298,10996,18676,12151,24057,21754,23038,1023
50,368.4400,3843,12165,22278,14599,6154,10762,21508,7307,8335,8087,14746,16154,1023,7069,20511,22691,9124,12842,25006,21806,7727,16310,15799,16056,18487,14265,21051,13628,19517,3006,5695,25286,7625,24057,851,6867,23382,21466,3547,25439,16994,13929,8298,10996,18676,12151,12409,21754,23038,2559
50,368.2400,3843,12165,22278,14599,6154,10762,21508,7307,8335,8087,14746,16154,1023,7069,20511,22691,9124,12842,25006,21806,7727,16310,15799,16056,18487,14265,21051,13628,19517,3006,5695,25286,7625,24057,851,6867,23382,21466,3547,25439,16994,13929,8298,10996,18676,12151,12409,21754,23038,2559
50,368.0900,3843,12165,22278,14599,6154,10762,21508,7307,8335,8087,14746,16154,1023,7069,20511,22691,9124,12842,25006,21806,7727,16310,15799,16056,18487,14265,21051,13628,19517,3006,5695,25286,7625,24057,851,6867,23382,21466,3547,25439,16994,13929,8298,10996,18676,12151,12409,21754,23038,2559
50,367.9300,3843,12165,22278,14599,6154,10762,21508,7307,8335,8087,14746,16154,1023,7069,20511,22691,9124,12842,25006,21806,7727,16310,15799,16056,18487,14265,21051,13628,19517,3006,5695,25286,7625,24057,851,6867,23382,21466,3547,25439,16994,13929,8298,10996,18676,12151,12409,21754,23038,2559
50,367.8900,3843,12165,22278,14599,6154,10762,21508,7307,8335,8087,14746,16154,1023,7069,20511,22691,9124,12842,25006,21806,7727,16310,15799,16056,18487,14265,21051,13628,19517,3006,5695,25286,7625,24057,851,6867,23382,21466,3547,25439,16994,13929,8298,10996,18676,12151,12409,21754,23038,2559
50,367.8500,3843,12165,22278,14599,6154,10762,21508,7307,8335,8087,14746,16154,1023,7069,20511,22691,9124,12842,25006,21806,7727,16310,15799,16056,18487,14265,21051,13628,19517,3006,5695,25286,7625,24057,851,6867,23382,21466,3547,25439,16994,13929,8298,10996,18676,12151,12409,21754,23038,2559
50,367.6700,3843,12165,22278,14599,6154,10762,21508,7307,8335,8087,14746,16154,1023,7069,20511,22691,9124,12842,25006,21806,7727,16310,15799,16056,18487,14265,21051,13628,19517,3006,5695,25286,7625,24057,851,6867,23382,21466,3547,25439,16994,13929,8298,10996,18676,12151,12409,21754,23038,2559
50,367.4700,3843,12165,22278,14599,6154,10762,21508,7307,8335,8087,14746,16154,1023,7069,20511,22691,9124,12842,25006,21806,7727,16310,15799,16056,18487,14265,21051,13628,19517,3006,5695,25286,7625,24057,851,6867,23382,21466,3547,25439,16994,13929,8298,10996,18676,12151,12409,21754,23038,2559
50,367.4300,3843,12165,22278,14599,6154,10762,21508,7307,8335,8087,14746,16154,1023,7069,20511,22691,9124,12842,25006,21806,7727,16310,15799,16056,18487,14265,21051,13628,19517,3006,5695,25286,7625,24057,851,6867,23382,21466,3547,25439,16994,13929,8298,10996,18676,12151,12409,21754,23038,2559
50,367.3700,3843,21508,12165,5533,14599,6154,10762,7307,8335,8087,14746,16154,7069,20511,22691,9124,12842,25006,21806,7727,16310,15799,16056,18487,14265,21051,13628,19517,3006,5695,25286,7625,2559,851,6867,23382,21466,3547,25439,12409,16994,13929,8298,10996,18676,12151,24057,21754,23038,1023
50,367.3400,3843,12165,22278,14599,6154,10762,21508,7307,8335,8087,14746,16154,1023,7069,20511,22691,9124,12842,25006,21806,7727,16310,15799,16056,18487,14265,21051,13628,19517,3006,5695,25286,7625,24057,851,6867,23382,21466,3547,25439,16994,13929,8298,10996,18676,12151,12409,21754,23038,2559
50,367.2300,3843,12165,22278,14599,6154,10762,21508,7307,8335,8087,14746,16154,1023,7069,20511,22691,9124,12842,25006,21806,7727,16310,15799,16056,18487,14265,21051,13628,19517,3006,5695,25286,7625,24057,851,6867,23382,21466,3547,25439,16994,13929,8298,10996,18676,12151,12409,21754,23038,2559
50,367.0200,3843,21508,12165,22278,14599,6154,10762,7307,8335,8087,14746,16154,7069,20511,22691,9124,12842,25006,21806,7727,16310,15799,16056,18487,14265,21051,13628,19517,3006,5695,25286,7625,2559,851,6867,23382,21466,3547,25439,12409,16994,13929,8298,10996,25480,12151,24057,21754,23038,1023
50,366.9800,3843,12165,22278,14599,6154,10762,21508,7307,8335,8087,14746,16154,1023,7069,20511,22691,9124,12842,25006,21806,7727,16310,15799,16056,18487,14265,21051,13628,19517,3006,5695,25286,7625,24057,851,6867,23382,21466,3547,25439,16994,13929,8298,10996,18676,12151,12409,21754,23038,2559
50,366.9700,3843,12165,22278,14599,6154,10762,21508,7307,8335,8087,14746,16154,1023,7069,20511,22691,9124,12842,25006,21806,7727,16310,15799,16056,18487,14265,21051,13628,19517,3006,5695,25286,7625,24057,851,6867,23382,21466,3547,25439,16994,13929,8298,10996,18676,12151,12409,21754,23038,2559
50,366.9700,3843,12165,22278,14599,6154,10762,21508,7307,8335,8087,14746,16154,1023,7069,20511,22691,9124,12842,25006,21806,7727,16310,15799,16056,18487,14265,21051,13628,19517,3006,5695,25286,7625,24057,851,6867,23382,21466,3547,25439,16994,13929,8298,10996,18676,12151,12409,21754,23038,2559
50,366.7100,3843,12165,22278,14599,6154,10762,21508,7307,8335,8087,14746,16154,1023,7069,20511,22691,9124,12842,25006,21806,7727,16310,15799,16056,18487,14265,21051,13628,19517,3006,5695,25286,7625,24057,851,6867,23382,21466,3547,25439,16994,13929,8298,10996,18676,12151,12409,21754,23038,2559
50,366.7000,3843,12165,22278,14599,6154,10762,21508,7307,8335,8087,14746,16154,1023,7069,20511,22691,9124,12842,25006,21806,7727,16310,15799,16056,18487,14265,21051,13628,19517,3006,5695,25286,7625,24057,851,6867,23382,21466,3547,25439,16994,13929,8298,10996,18676,12151,12409,21754,23038,2559
50,366.6000,3843,21508,12165,22278,14599,6154,10762,7307,8335,8087,14746,16154,7069,20511,22691,9124,12842,25006,16823,7727,16310,15799,16056,18487,14265,21051,13628,19517,3006,5695,25286,7625,2559,851,6867,23382,21466,3547,25439,12409,16994,13929,8298,10996,18676,12151,24057,21754,23038,1023
50,366.4600,3843,12165,22278,14599,6154,10762,21508,7307,8335,8087,14746,16154,1023,7069,20511,22691,9124,12842,25006,21806,7727,16310,15799,16056,18487,14265,21051,13628,19517,3006,5695,25286,7625,24057,851,6867,23382,21466,3547,25439,16994,13929,8298,10996,18676,12151,12409,21754,23038,2559
50,366.2800,3843,12165,22278,14599,6154,10762,21508,7307,8335,8087,14746,16154,1023,7069,20511,22691,9124,12842,25006,21806,7727,16310,15799,16056,18487,14265,21051,13628,19517,3006,5695,25286,7625,24057,851,6867,23382,21466,3547,25439,16994,13929,8298,10996,18676,12151,12409,21754,23038,2559
50,366.1900,3843,21508,12165,22278,14599,6154,10762,7307,8335,8087,14746,16154,7069,20511,22691,9124,12842,25006,21806,7727,16310,15799,16056,18487,14265,21051,13628,19517,19941,5695,25286,7625,2559,851,6867,23382,21466,3547,25439,12409,16994,13929,8298,10996,18676,12151,24057,21754,23038,1023
50,366.1400,3843,12165,22278,14599,6154,10762,21508,7307,8335,8087,14746,16154,1023,7069,20511,22691,9124,12842,25006,21806,7727,16310,15799,16056,18487,14265,21051,13628,19517,3006,5695,25286,7625,24057,851,6867,23382,21466,3547,25439,16994,13929,8298,10996,18676,12151,12409,21754,23038,2559
50,365.8100,3843,21508,12165,22278,14599,6154,10762,7307,8335,8087,14746,16154,7069,20511,22691,9124,12842,25006,21806,7727,16310,15799,16056,18487,14265,21051,13628,19517,3006,5695,25286,7625,2559,851,6867,23382,21466,3547,16348,12409,16994,13929,8298,10996,18676,12151,24057,21754,23038,1023
50,365.5100,3843,12165,22278,14599,6154,10762,21508,7307,8335,8087,14746,16154,1023,7069,20511,22691,9124,12842,25006,21806,7727,16310,15799,16056,18487,14265,21051,13628,19517,3006,5695,25286,7625,24057,851,6867,23382,21466,3547,25439,16994,13929,8298,10996,18676,12151,12409,21754,23038,2559
50,365.3200,3843,12165,22278,14599,6154,10762,21508,7307,8335,8087,14746,16154,1023,7069,20511,22691,9124,12842,25006,21806,7727,16310,15799,16056,18487,14265,21051,13628,19517,3006,5695,25286,7625,24057,851,6867,23382,21466,3547,25439,16994,13929,8298,10996,18676,12151,12409,21754,23038,2559
50,364.8200,3843,12165,22278,14599,6154,10762,21508,7307,8335,8087,14746,16154,1023,7069,20511,22691,9124,12842,25006,21806,7727,16310,15799,16056,18487,14265,21051,13628,19517,3006,5695,25286,7625,24057,851,6867,23382,21466,3547,25439,16994,13929,8298,10996,18676,12151,12409,21754,23038,2559
50,364.7000,3843,12165,22278,14599,6154,10762,21508,7307,8335,8087,14746,16154,1023,7069,20511,22691,9124,12842,25006,21806,7727,16310,15799,16056,18487,14265,21051,13628,19517,3006,5695,25286,7625,24057,851,6867,23382,21466,3547,25439,16994,13929,8298,10996,18676,12151,12409,21754,23038,2559
