n_nodes,influence,n0,n1,n2,n3,n4
5,157.7200,21993,8732,290,4149,20839
5,153.9600,21993,8732,290,4149,20839
5,153.8400,21993,8732,290,4149,66570
5,152.0800,21993,8732,290,70769,20839
5,151.7600,21993,8732,290,4149,66570
5,151.7600,21993,8732,290,70769,20839
5,151.7600,21993,8732,290,4149,66570
5,151.7600,21993,8732,290,4149,66570
5,151.7600,21993,8732,290,4149,66570
5,151.7600,21993,8732,290,4149,66570
5,151.7600,21993,8732,290,4149,66570
5,151.7600,21993,8732,290,4149,66570
5,151.7600,21993,8732,290,4149,66570
5,151.7600,21993,8732,290,4149,66570
5,151.7600,21993,8732,290,4149,66570
5,151.7600,21993,8732,290,70769,20839
