n_nodes,influence,n0,n1,n2,n3,n4,n5,n6,n7,n8,n9,n10,n11,n12,n13,n14,n15,n16,n17,n18
19,471.9000,5404,2700,1932,6671,4760,2209,5801,4654,3642,4666,7756,983,4967,7276,4208,4338,3059,6141,3454
19,468.4200,4666,6671,3454,4760,7276,5801,3642,6141,983,4338,4967,2700,4611,7756,4208,2209,1932,3059,4654
19,468.4200,4666,6671,3454,4760,7276,5801,3642,6141,983,4338,4967,2700,4611,7756,4208,2209,1932,3059,4654
19,468.4200,4666,6671,3454,4760,7276,5801,3642,6141,983,4338,4967,2700,4611,7756,4208,2209,1932,3059,4654
19,468.4200,4666,6671,3454,4760,7276,5801,3642,6141,983,4338,4967,2700,4611,7756,4208,2209,1932,3059,4654
19,468.4200,4666,6671,3454,4760,7276,5801,3642,6141,983,4338,4967,2700,4611,7756,4208,2209,1932,3059,4654
19,468.4200,4666,6671,3454,4760,7276,5801,3642,6141,983,4338,4967,2700,4611,7756,4208,2209,1932,3059,4654
19,468.4200,4666,6671,3454,4760,7276,5801,3642,6141,983,4338,4967,2700,4611,7756,4208,2209,1932,3059,4654
19,468.4200,4666,6671,3454,4760,7276,5801,3642,6141,983,4338,4967,2700,4611,7756,4208,2209,1932,3059,4654
19,468.4200,4666,6671,3454,4760,7276,5801,3642,6141,983,4338,4967,2700,4611,7756,4208,2209,1932,3059,4654
19,468.4200,4666,6671,3454,4760,7276,5801,3642,6141,983,4338,4967,2700,4611,7756,4208,2209,1932,3059,4654
19,468.4200,4666,6671,3454,4760,7276,5801,3642,6141,983,4338,4967,2700,4611,7756,4208,2209,1932,3059,4654
19,468.4200,4666,6671,3454,4760,7276,5801,3642,6141,983,4338,4967,2700,4611,7756,4208,2209,1932,3059,4654
19,468.4200,4666,6671,3454,4760,7276,5801,3642,6141,983,4338,4967,2700,4611,7756,4208,2209,1932,3059,4654
19,468.4200,4666,6671,3454,4760,7276,5801,3642,6141,983,4338,4967,2700,4611,7756,4208,2209,1932,3059,4654
19,468.4200,4666,6671,3454,4760,7276,5801,3642,6141,983,4338,4967,2700,4611,7756,4208,2209,1932,3059,4654
