n_nodes,influence,n0,n1,n2,n3,n4,n5,n6,n7,n8,n9,n10,n11,n12,n13,n14
15,588.2100,290,2276,35813,165,20839,23560,66570,16561,4321,26867,4149,4790,2419,8732,11231
15,583.3300,290,2276,35813,165,20839,23560,66570,16561,4321,26867,4149,4790,2419,8732,11231
15,583.3300,290,2276,35813,165,20839,23560,66570,16561,4321,26867,4149,4790,2419,8732,11231
15,583.3300,290,2276,35813,165,20839,23560,66570,16561,4321,26867,4149,4790,2419,8732,11231
15,583.3300,290,2276,35813,165,20839,23560,66570,16561,4321,26867,4149,4790,2419,8732,11231
15,583.3300,290,2276,35813,165,20839,23560,66570,16561,4321,26867,4149,4790,2419,8732,11231
15,583.3300,290,2276,35813,165,20839,23560,66570,16561,4321,26867,4149,4790,2419,8732,11231
15,583.3300,290,2276,35813,165,20839,23560,66570,16561,4321,26867,4149,4790,2419,8732,11231
15,583.3300,290,2276,35813,165,20839,23560,66570,16561,4321,26867,4149,4790,2419,8732,11231
15,581.4600,290,2276,35813,165,20839,23560,66570,16561,4321,26867,4149,4790,2419,8732,11231
15,581.4500,290,2276,35813,165,20839,23560,66570,16561,4321,26867,4149,4790,2419,8732,11231
15,579.9700,290,2276,35813,165,20839,23560,66570,16561,4321,26867,4149,4790,2419,8732,11231
15,579.9700,290,2276,35813,165,20839,23560,66570,16561,4321,26867,4149,4790,2419,8732,11231
15,579.9700,290,2276,35813,165,20839,23560,66570,16561,4321,26867,4149,4790,2419,8732,11231
15,579.9700,290,2276,35813,165,20839,23560,66570,16561,4321,26867,4149,4790,2419,8732,11231
15,579.9700,290,2276,35813,165,20839,23560,66570,16561,4321,26867,4149,4790,2419,8732,11231
15,578.5900,290,2276,35813,165,20839,23560,66570,16561,4321,26867,4149,4790,2419,8732,11231
15,578.2800,290,2276,35813,165,20839,23560,66570,73875,4321,26867,4149,4790,2419,8732,11231
15,577.1700,290,2276,35813,165,20839,23560,66570,16561,4321,26867,4149,4790,2419,8732,11231
15,577.1700,290,2276,35813,165,20839,23560,66570,16561,4321,26867,4149,4790,2419,8732,11231
15,576.3100,290,2276,35813,165,20839,23560,66570,73875,4321,4149,4790,11231,2419,16561,32367
15,575.9400,290,2276,35813,165,20839,23560,66570,16561,4321,26867,4149,4790,2419,8732,11231
15,575.3400,290,2276,35813,165,20839,23560,66570,73875,4321,26867,4149,4790,2419,8732,11231
15,575.3400,290,2276,35813,165,20839,23560,66570,73875,4321,26867,4149,4790,2419,8732,11231
15,574.0600,290,2276,35813,165,20839,23560,66570,16561,4321,26867,4149,4790,2419,8732,11231
15,569.5900,290,2276,35813,165,20839,23560,66570,16561,4321,26867,4149,4790,2419,8732,11231
15,565.9300,290,2276,35813,165,20839,23560,66570,16561,4321,26867,4149,4790,2419,8732,11231
15,561.4500,290,2276,35813,165,20839,23560,66570,73875,4321,26867,4149,4790,2419,8732,70365
15,560.5700,4321,290,2276,35813,165,20839,23560,66570,16561,26867,2419,40640,4790,8732,11231
15,558.2200,4321,290,2276,35813,165,20839,23560,66570,73875,26867,4149,4790,2419,8924,11231
15,557.9900,290,2276,35813,165,20839,23560,66570,16561,4321,26867,4149,11231,2419,8732,70365
15,556.5400,4321,290,2276,35813,165,20839,23560,66570,16561,26867,2419,4149,4790,56977,11231
