generation number, individual number, fitness, candidate
0, 0, 3.25, [1350, 576, 1509]
0, 1, 3.07, [1401, 1480, 576]
0, 2, 3.04, [1025, 140, 320]
0, 3, 3.04, [2171, 1247, 140]
0, 4, 3.03, [2171, 1417, 1247]
0, 5, 3.03, [1146, 1078, 1247]
0, 6, 3.02, [2171, 831, 1827]
0, 7, 3.02, [1078, 1201, 975]
0, 8, 3.02, [2171, 320, 1827]
0, 9, 3.0, [1146, 1059, 1497]
1, 0, 3.31, [521, 1509, 576]
1, 1, 3.25, [1350, 576, 1509]
1, 2, 3.19, [1025, 576, 1509]
1, 3, 3.18, [2171, 645, 1509]
1, 4, 3.13, [1350, 576, 585]
1, 5, 3.12, [1350, 1064, 140]
1, 6, 3.11, [1350, 576, 1224]
1, 7, 3.1, [1350, 576, 1497]
1, 8, 3.09, [1401, 1425, 576]
1, 9, 3.07, [1401, 1480, 576]
2, 0, 3.31, [521, 1509, 576]
2, 1, 3.27, [1368, 1509, 1223]
2, 2, 3.25, [1350, 576, 1509]
2, 3, 3.2, [1347, 1509, 1223]
2, 4, 3.18, [1225, 576, 1509]
2, 5, 3.17, [2320, 1509, 1040]
2, 6, 3.16, [717, 1509, 1287]
2, 7, 3.08, [1350, 576, 1990]
2, 8, 3.07, [1025, 576, 1425]
2, 9, 3.06, [1020, 1430, 1091]
3, 0, 3.31, [521, 1509, 576]
3, 1, 3.27, [1368, 1509, 1223]
3, 2, 3.21, [521, 1509, 1407]
3, 3, 3.21, [1168, 1509, 1425]
3, 4, 3.2, [1368, 1509, 1480]
3, 5, 3.2, [1350, 1287, 1509]
3, 6, 3.17, [1368, 1509, 2989]
3, 7, 3.12, [1368, 1509, 5684]
3, 8, 3.03, [521, 1401, 1028]
3, 9, 3.02, [326, 1279, 645]
4, 0, 3.31, [521, 1509, 576]
4, 1, 3.27, [1368, 1509, 1223]
4, 2, 3.18, [326, 1509, 1223]
4, 3, 3.15, [1368, 1509, 314]
4, 4, 3.15, [521, 1509, 1230]
4, 5, 3.08, [326, 1287, 576]
4, 6, 3.05, [1407, 1146, 576]
4, 7, 3.05, [521, 1417, 1425]
4, 8, 3.05, [1168, 1091, 576]
4, 9, 3.04, [1146, 1417, 1201]
5, 0, 3.31, [521, 1509, 576]
5, 1, 3.27, [1368, 1509, 1223]
5, 2, 3.18, [1287, 1509, 576]
5, 3, 3.16, [1368, 1509, 645]
5, 4, 3.16, [326, 1509, 1223]
5, 5, 3.15, [1368, 1509, 1223]
5, 6, 3.08, [1430, 831, 1425]
5, 7, 3.06, [521, 1350, 1223]
5, 8, 3.06, [326, 1146, 576]
5, 9, 3.02, [326, 1351, 1107]
6, 0, 3.31, [521, 1509, 576]
6, 1, 3.27, [1368, 1509, 1223]
6, 2, 3.16, [1201, 1509, 314]
6, 3, 3.16, [1652, 1509, 314]
6, 4, 3.15, [326, 1509, 645]
6, 5, 3.1, [326, 1425, 576]
6, 6, 3.06, [1652, 1332, 1279]
6, 7, 3.05, [1580, 1328, 320]
6, 8, 3.04, [521, 1767, 1223]
6, 9, 3.04, [2171, 775, 140]
7, 0, 3.31, [521, 1509, 576]
7, 1, 3.27, [1368, 1509, 1223]
7, 2, 3.14, [521, 1509, 1430]
7, 3, 3.09, [326, 1509, 1223]
7, 4, 3.07, [1368, 1224, 576]
7, 5, 3.07, [1201, 1091, 1223]
7, 6, 3.05, [521, 1620, 576]
7, 7, 3.04, [1224, 1497, 1287]
7, 8, 3.04, [1767, 1328, 645]
7, 9, 3.03, [1368, 1224, 314]
8, 0, 3.31, [521, 1509, 576]
8, 1, 3.27, [1368, 1509, 1223]
8, 2, 3.19, [1287, 1509, 1497]
8, 3, 3.16, [1368, 1509, 1407]
8, 4, 3.1, [2320, 645, 1350]
8, 5, 3.09, [1351, 1201, 576]
8, 6, 3.07, [521, 1350, 576]
8, 7, 3.04, [521, 320, 314]
8, 8, 3.03, [521, 1437, 1025]
8, 9, 3.03, [521, 1695, 1025]
9, 0, 3.31, [521, 1509, 576]
9, 1, 3.28, [1212, 1509, 576]
9, 2, 3.27, [326, 1509, 1350]
9, 3, 3.27, [1368, 1509, 1223]
9, 4, 3.22, [326, 1509, 1223]
9, 5, 3.22, [1368, 1509, 1437]
9, 6, 3.15, [1287, 1509, 831]
9, 7, 3.09, [1430, 645, 576]
9, 8, 3.06, [1332, 1224, 1028]
9, 9, 3.04, [521, 1401, 576]
10, 0, 3.31, [521, 1509, 576]
10, 1, 3.28, [1212, 1509, 576]
10, 2, 3.17, [1368, 1509, 1480]
10, 3, 3.16, [1040, 1509, 576]
10, 4, 3.16, [775, 1509, 1224]
10, 5, 3.13, [1580, 1509, 3124]
10, 6, 3.12, [1328, 1611, 576]
10, 7, 3.09, [521, 1351, 576]
10, 8, 3.08, [1425, 1107, 1028]
10, 9, 3.07, [1212, 1350, 1223]
11, 0, 3.31, [521, 1509, 576]
11, 1, 3.28, [1212, 1509, 576]
11, 2, 3.22, [2320, 1509, 576]
11, 3, 3.19, [1368, 1509, 645]
11, 4, 3.18, [775, 1509, 1025]
11, 5, 3.13, [326, 1509, 1224]
11, 6, 3.07, [521, 1351, 576]
11, 7, 3.07, [521, 1091, 1480]
11, 8, 3.05, [1212, 1190, 1480]
11, 9, 3.04, [2320, 2377, 1430]
12, 0, 3.31, [521, 1509, 576]
12, 1, 3.28, [1212, 1509, 576]
12, 2, 3.22, [1212, 1509, 571]
12, 3, 3.22, [1619, 1509, 576]
12, 4, 3.19, [521, 1509, 645]
12, 5, 3.1, [1146, 1509, 571]
12, 6, 3.06, [645, 1425, 775]
12, 7, 3.05, [975, 320, 1279]
12, 8, 3.05, [1201, 1224, 1695]
12, 9, 3.03, [1368, 1224, 1279]
13, 0, 3.31, [521, 1509, 576]
13, 1, 3.28, [1212, 1509, 576]
13, 2, 3.19, [1417, 1509, 2171]
13, 3, 3.18, [1212, 1509, 1437]
13, 4, 3.14, [2171, 1509, 1401]
13, 5, 3.12, [1580, 1509, 1480]
13, 6, 3.11, [2989, 1509, 831]
13, 7, 3.1, [1437, 1509, 576]
13, 8, 3.08, [326, 2989, 576]
13, 9, 3.06, [1619, 1351, 576]
14, 0, 3.31, [521, 1509, 576]
14, 1, 3.28, [1212, 1509, 576]
14, 2, 3.23, [521, 1509, 576]
14, 3, 3.19, [326, 1509, 1437]
14, 4, 3.18, [1212, 1509, 1223]
14, 5, 3.13, [1157, 1509, 831]
14, 6, 3.05, [2171, 5684, 576]
14, 7, 3.05, [521, 1350, 576]
14, 8, 3.04, [421, 1287, 1279]
14, 9, 3.03, [1020, 1146, 1480]
15, 0, 3.31, [521, 1509, 576]
15, 1, 3.28, [1212, 1509, 576]
15, 2, 3.19, [326, 1509, 576]
15, 3, 3.13, [1509, 1091, 645]
15, 4, 3.11, [1212, 1509, 314]
15, 5, 3.07, [521, 1091, 1223]
15, 6, 3.07, [521, 1437, 1224]
15, 7, 3.03, [5684, 1351, 571]
15, 8, 3.03, [1212, 320, 751]
15, 9, 3.03, [521, 1059, 1497]
16, 0, 3.31, [521, 1509, 576]
16, 1, 3.28, [1212, 1509, 576]
16, 2, 3.21, [521, 1509, 1107]
16, 3, 3.19, [1437, 1509, 1767]
16, 4, 3.19, [2320, 1509, 645]
16, 5, 3.18, [521, 1509, 571]
16, 6, 3.13, [1212, 1509, 1247]
16, 7, 3.06, [521, 1332, 576]
16, 8, 3.05, [1212, 1378, 576]
16, 9, 3.04, [326, 1141, 576]
17, 0, 3.31, [521, 1509, 576]
17, 1, 3.28, [1212, 1509, 576]
17, 2, 3.21, [1437, 1509, 571]
17, 3, 3.2, [326, 1509, 576]
17, 4, 3.17, [1212, 1509, 1350]
17, 5, 3.13, [3124, 1509, 576]
17, 6, 3.08, [326, 1425, 1028]
17, 7, 3.03, [788, 1223, 576]
17, 8, 3.03, [1279, 1107, 576]
17, 9, 3.02, [1279, 1230, 1025]
18, 0, 3.31, [521, 1509, 576]
18, 1, 3.28, [1212, 1509, 576]
18, 2, 3.08, [521, 1425, 645]
18, 3, 3.04, [421, 1990, 3124]
18, 4, 3.04, [521, 1767, 1146]
18, 5, 3.03, [1827, 831, 576]
18, 6, 3.03, [1437, 1146, 576]
18, 7, 3.01, [788, 1230, 571]
18, 8, 3.01, [1212, 421, 571]
18, 9, 3.01, [521, 1767, 1287]
19, 0, 3.31, [521, 1509, 576]
19, 1, 3.28, [1212, 1509, 576]
19, 2, 3.21, [1279, 1509, 3124]
19, 3, 3.18, [2171, 1509, 1059]
19, 4, 3.17, [2320, 1509, 140]
19, 5, 3.15, [1223, 1509, 1190]
19, 6, 3.14, [1028, 1509, 1040]
19, 7, 3.12, [521, 1509, 5684]
19, 8, 3.09, [1201, 2320, 1332]
19, 9, 3.04, [1212, 2332, 576]
20, 0, 3.31, [521, 1509, 576]
20, 1, 3.28, [1212, 1509, 576]
20, 2, 3.26, [1141, 1509, 571]
20, 3, 3.19, [2171, 1509, 1480]
20, 4, 3.16, [521, 1509, 717]
20, 5, 3.11, [2171, 1509, 1078]
20, 6, 3.06, [1212, 1328, 1402]
20, 7, 3.06, [1068, 1224, 576]
20, 8, 3.03, [326, 1146, 576]
20, 9, 3.01, [521, 2989, 1497]
21, 0, 3.31, [521, 1509, 576]
21, 1, 3.28, [1212, 1509, 576]
21, 2, 3.19, [320, 1509, 775]
21, 3, 3.19, [521, 1509, 571]
21, 4, 3.19, [975, 1509, 571]
21, 5, 3.18, [1402, 1509, 576]
21, 6, 3.17, [1497, 1509, 1225]
21, 7, 3.06, [1223, 1403, 717]
21, 8, 3.05, [1279, 787, 576]
21, 9, 3.04, [3124, 1401, 1141]
22, 0, 3.34, [1407, 1509, 576]
22, 1, 3.31, [521, 1509, 576]
22, 2, 3.28, [1212, 1509, 576]
22, 3, 3.25, [576, 1509, 1059]
22, 4, 3.19, [326, 1509, 571]
22, 5, 3.15, [975, 1509, 645]
22, 6, 3.12, [1028, 1509, 697]
22, 7, 3.07, [521, 1351, 576]
22, 8, 3.07, [5684, 1225, 1091]
22, 9, 3.05, [1407, 1025, 576]
23, 0, 3.34, [1407, 1509, 576]
23, 1, 3.31, [521, 1509, 576]
23, 2, 3.2, [775, 1509, 576]
23, 3, 3.07, [1407, 970, 576]
23, 4, 3.07, [1230, 1509, 645]
23, 5, 3.05, [521, 1351, 2171]
23, 6, 3.04, [1141, 1497, 576]
23, 7, 3.04, [2320, 1480, 576]
23, 8, 3.03, [140, 775, 571]
23, 9, 3.02, [1224, 320, 1059]
24, 0, 3.34, [1407, 1509, 576]
24, 1, 3.31, [521, 1509, 576]
24, 2, 3.25, [1091, 1509, 1767]
24, 3, 3.21, [1407, 1509, 571]
24, 4, 3.21, [1407, 1509, 1223]
24, 5, 3.17, [1407, 1509, 645]
24, 6, 3.14, [585, 1509, 1351]
24, 7, 3.07, [2171, 1351, 320]
24, 8, 3.07, [521, 1332, 576]
24, 9, 3.05, [326, 775, 576]
25, 0, 3.34, [1407, 1509, 576]
25, 1, 3.31, [521, 1509, 576]
25, 2, 3.22, [1091, 1509, 3124]
25, 3, 3.21, [1091, 1509, 571]
25, 4, 3.21, [1028, 1509, 1068]
25, 5, 3.16, [1328, 1509, 1767]
25, 6, 3.1, [320, 1509, 645]
25, 7, 3.04, [1328, 1437, 5684]
25, 8, 3.04, [521, 1695, 576]
25, 9, 3.02, [521, 1368, 2171]
26, 0, 3.34, [1407, 1509, 576]
26, 1, 3.31, [521, 1509, 576]
26, 2, 3.26, [1328, 1509, 576]
26, 3, 3.21, [2320, 1509, 3124]
26, 4, 3.18, [1425, 1509, 571]
26, 5, 3.06, [1351, 1157, 1078]
26, 6, 3.05, [1407, 788, 1068]
26, 7, 3.04, [1028, 1518, 576]
26, 8, 3.04, [1091, 1767, 576]
26, 9, 3.04, [1328, 1437, 576]
27, 0, 3.34, [1407, 1509, 576]
27, 1, 3.31, [521, 1509, 576]
27, 2, 3.26, [1028, 1509, 1020]
27, 3, 3.24, [1328, 1509, 576]
27, 4, 3.22, [717, 1509, 1168]
27, 5, 3.2, [1328, 1509, 1332]
27, 6, 3.18, [1328, 1509, 576]
27, 7, 3.05, [521, 1351, 1107]
27, 8, 3.05, [521, 1224, 314]
27, 9, 3.03, [1407, 320, 1025]
28, 0, 3.34, [1407, 1509, 576]
28, 1, 3.31, [521, 1509, 576]
28, 2, 3.19, [1328, 1509, 571]
28, 3, 3.18, [576, 1509, 1064]
28, 4, 3.17, [521, 1509, 1157]
28, 5, 3.13, [1146, 1350, 576]
28, 6, 3.08, [1328, 1403, 576]
28, 7, 3.06, [1430, 1425, 314]
28, 8, 3.03, [3124, 1201, 576]
28, 9, 3.01, [1107, 775, 140]
29, 0, 3.34, [1407, 1509, 576]
29, 1, 3.31, [521, 1509, 576]
29, 2, 3.18, [1328, 1509, 1430]
29, 3, 3.12, [326, 1767, 1509]
29, 4, 3.09, [1328, 576, 1767]
29, 5, 3.06, [571, 1230, 1351]
29, 6, 3.06, [1028, 1350, 576]
29, 7, 3.02, [1407, 1695, 1223]
29, 8, 3.02, [1146, 1767, 571]
29, 9, 3.02, [1407, 1827, 1107]
30, 0, 3.34, [1407, 1509, 576]
30, 1, 3.31, [521, 1509, 576]
30, 2, 3.2, [1827, 576, 1509]
30, 3, 3.16, [1328, 1509, 140]
30, 4, 3.15, [521, 1509, 645]
30, 5, 3.07, [1407, 1125, 576]
30, 6, 3.06, [1328, 2332, 1025]
30, 7, 3.05, [717, 1091, 1107]
30, 8, 3.04, [421, 1223, 1935]
30, 9, 3.04, [1407, 1091, 1767]
31, 0, 3.34, [1407, 1509, 576]
31, 1, 3.31, [521, 1509, 576]
31, 2, 3.29, [717, 576, 1509]
31, 3, 3.18, [1430, 1509, 788]
31, 4, 3.16, [1767, 571, 1509]
31, 5, 3.14, [1040, 1509, 314]
31, 6, 3.13, [421, 140, 1509]
31, 7, 3.05, [1332, 1040, 1224]
31, 8, 3.04, [1279, 1091, 1059]
31, 9, 3.03, [2989, 1230, 576]
32, 0, 3.34, [1407, 1509, 576]
32, 1, 3.31, [521, 1509, 576]
32, 2, 3.22, [521, 1509, 1025]
32, 3, 3.18, [1378, 571, 1509]
32, 4, 3.18, [1190, 1509, 1425]
32, 5, 3.17, [1430, 1509, 645]
32, 6, 3.15, [1827, 1509, 1424]
32, 7, 3.15, [1407, 1509, 571]
32, 8, 3.09, [1767, 3124, 1509]
32, 9, 3.04, [1407, 1437, 576]
33, 0, 3.34, [1407, 1509, 576]
33, 1, 3.31, [521, 1509, 576]
33, 2, 3.28, [326, 1509, 571]
33, 3, 3.25, [521, 1509, 645]
33, 4, 3.16, [1378, 1068, 1509]
33, 5, 3.13, [787, 1509, 1025]
33, 6, 3.09, [5684, 2989, 1509]
33, 7, 3.06, [1430, 1146, 576]
33, 8, 3.05, [585, 576, 2989]
33, 9, 3.03, [1407, 717, 645]
34, 0, 3.34, [1407, 1509, 576]
34, 1, 3.31, [521, 1509, 576]
34, 2, 3.23, [140, 1509, 2320]
34, 3, 3.18, [1407, 1509, 1424]
34, 4, 3.15, [1190, 1509, 1351]
34, 5, 3.1, [1328, 1351, 576]
34, 6, 3.09, [1401, 1350, 576]
34, 7, 3.08, [1224, 1509, 1437]
34, 8, 3.06, [2171, 1425, 1368]
34, 9, 3.04, [1190, 1201, 576]
35, 0, 3.34, [1407, 1509, 576]
35, 1, 3.31, [521, 1509, 576]
35, 2, 3.22, [521, 1509, 2171]
35, 3, 3.17, [1212, 1141, 1509]
35, 4, 3.16, [1407, 1509, 1827]
35, 5, 3.16, [1168, 1509, 1350]
35, 6, 3.06, [140, 1403, 576]
35, 7, 3.06, [521, 1224, 576]
35, 8, 3.05, [521, 1497, 1401]
35, 9, 3.03, [521, 1225, 571]
36, 0, 3.34, [1407, 1509, 576]
36, 1, 3.31, [521, 1509, 576]
36, 2, 3.25, [1407, 1509, 1125]
36, 3, 3.18, [1407, 1509, 1107]
36, 4, 3.17, [1695, 1509, 1223]
36, 5, 3.16, [1328, 1509, 1141]
36, 6, 3.15, [521, 1509, 571]
36, 7, 3.15, [1407, 1509, 717]
36, 8, 3.14, [1906, 1509, 1225]
36, 9, 3.13, [521, 1509, 571]
37, 0, 3.34, [1407, 1509, 576]
37, 1, 3.31, [521, 1509, 576]
37, 2, 3.23, [1328, 1509, 1430]
37, 3, 3.21, [1287, 1509, 788]
37, 4, 3.18, [1407, 1509, 1091]
37, 5, 3.08, [1407, 1425, 1497]
37, 6, 3.07, [1407, 1401, 1480]
37, 7, 3.06, [1328, 1424, 576]
37, 8, 3.06, [326, 5684, 576]
37, 9, 3.02, [1407, 1695, 576]
38, 0, 3.34, [1407, 1509, 576]
38, 1, 3.33, [576, 1509, 1091]
38, 2, 3.31, [521, 1509, 576]
38, 3, 3.21, [1328, 1509, 1430]
38, 4, 3.14, [1695, 1509, 1223]
38, 5, 3.11, [521, 1328, 576]
38, 6, 3.1, [1020, 1509, 1028]
38, 7, 3.1, [1287, 1417, 576]
38, 8, 3.08, [1328, 1990, 576]
38, 9, 3.06, [1407, 1351, 1695]
39, 0, 3.34, [1407, 1509, 576]
39, 1, 3.33, [576, 1509, 1091]
39, 2, 3.2, [521, 1509, 1025]
39, 3, 3.1, [1401, 1351, 576]
39, 4, 3.07, [1407, 1430, 576]
39, 5, 3.06, [1328, 1480, 576]
39, 6, 3.05, [1407, 2377, 1480]
39, 7, 3.04, [576, 1497, 2171]
39, 8, 3.01, [576, 1212, 787]
39, 9, 3.01, [1407, 717, 571]
40, 0, 3.34, [1407, 1509, 576]
40, 1, 3.33, [576, 1509, 1091]
40, 2, 3.25, [1407, 1611, 1509]
40, 3, 3.19, [421, 1509, 697]
40, 4, 3.18, [576, 1509, 1078]
40, 5, 3.17, [1368, 1509, 1168]
40, 6, 3.12, [576, 1509, 1078]
40, 7, 3.04, [1407, 1146, 1091]
40, 8, 3.03, [695, 1059, 1767]
40, 9, 3.01, [1407, 1040, 1028]
41, 0, 3.34, [1407, 1509, 576]
41, 1, 3.33, [576, 1509, 1091]
41, 2, 3.17, [1328, 1091, 1509]
41, 3, 3.16, [1230, 1509, 645]
41, 4, 3.16, [576, 1509, 2989]
41, 5, 3.13, [576, 1509, 1287]
41, 6, 3.13, [905, 1509, 1611]
41, 7, 3.08, [1328, 1401, 576]
41, 8, 3.07, [1695, 576, 1403]
41, 9, 3.04, [140, 421, 576]
42, 0, 3.34, [1407, 1509, 576]
42, 1, 3.33, [576, 1509, 1091]
42, 2, 3.24, [1279, 576, 1509]
42, 3, 3.24, [1407, 1509, 5684]
42, 4, 3.21, [2171, 1509, 1480]
42, 5, 3.2, [1407, 1509, 1442]
42, 6, 3.17, [1328, 1509, 1091]
42, 7, 3.14, [2320, 576, 1509]
42, 8, 3.12, [970, 645, 1509]
42, 9, 3.11, [1230, 1509, 1078]
43, 0, 3.34, [1407, 1509, 576]
43, 1, 3.33, [576, 1509, 1091]
43, 2, 3.19, [1407, 1509, 1059]
43, 3, 3.11, [1328, 1509, 831]
43, 4, 3.07, [1332, 1328, 576]
43, 5, 3.06, [576, 1091, 1827]
43, 6, 3.06, [1407, 1417, 576]
43, 7, 3.02, [1279, 2171, 576]
43, 8, 3.02, [1146, 2989, 717]
43, 9, 3.01, [1407, 320, 1401]
44, 0, 3.34, [1407, 1509, 576]
44, 1, 3.33, [576, 1509, 1091]
44, 2, 3.29, [1328, 1509, 576]
44, 3, 3.25, [1328, 1509, 576]
44, 4, 3.21, [1407, 1509, 1332]
44, 5, 3.19, [1279, 1509, 576]
44, 6, 3.13, [1078, 1509, 2171]
44, 7, 3.13, [1328, 1509, 831]
44, 8, 3.03, [576, 1695, 1040]
44, 9, 3.03, [1407, 1328, 1497]
45, 0, 3.34, [1407, 1509, 576]
45, 1, 3.33, [576, 1509, 1091]
45, 2, 3.25, [1328, 1509, 1091]
45, 3, 3.21, [1328, 1509, 645]
45, 4, 3.21, [3124, 1509, 1224]
45, 5, 3.15, [2989, 1509, 1201]
45, 6, 3.07, [1224, 1040, 576]
45, 7, 3.06, [1328, 1091, 576]
45, 8, 3.05, [1146, 1059, 1091]
45, 9, 3.04, [1425, 1225, 1424]
46, 0, 3.34, [1407, 1509, 576]
46, 1, 3.33, [576, 1509, 1091]
46, 2, 3.2, [1028, 1509, 1091]
46, 3, 3.19, [1480, 1509, 576]
46, 4, 3.17, [1328, 1509, 1091]
46, 5, 3.17, [645, 2320, 1509]
46, 6, 3.13, [1407, 1509, 1518]
46, 7, 3.09, [576, 1225, 1328]
46, 8, 3.07, [1141, 1518, 1223]
46, 9, 3.06, [1767, 1442, 576]
47, 0, 3.34, [1407, 1509, 576]
47, 1, 3.33, [576, 1509, 1091]
47, 2, 3.25, [1407, 1509, 3124]
47, 3, 3.18, [1407, 1509, 320]
47, 4, 3.14, [1351, 1509, 1025]
47, 5, 3.09, [787, 1351, 1224]
47, 6, 3.07, [1028, 1509, 975]
47, 7, 3.06, [2171, 1091, 576]
47, 8, 3.04, [1407, 1040, 576]
47, 9, 3.04, [576, 2989, 2332]
48, 0, 3.34, [1407, 1509, 576]
48, 1, 3.33, [576, 1509, 1091]
48, 2, 3.22, [1767, 1509, 1430]
48, 3, 3.22, [1401, 1509, 314]
48, 4, 3.21, [1328, 1509, 1091]
48, 5, 3.18, [5684, 1509, 576]
48, 6, 3.14, [1078, 1509, 1157]
48, 7, 3.12, [585, 1509, 1201]
48, 8, 3.05, [2171, 1509, 3124]
48, 9, 3.03, [1407, 421, 787]
49, 0, 3.34, [1407, 1509, 576]
49, 1, 3.33, [576, 1509, 1091]
49, 2, 3.23, [1407, 1509, 576]
49, 3, 3.2, [1827, 1509, 314]
49, 4, 3.2, [1401, 1509, 1230]
49, 5, 3.15, [1328, 1509, 314]
49, 6, 3.05, [1401, 1518, 1091]
49, 7, 3.03, [788, 1020, 1767]
49, 8, 3.03, [1225, 1025, 1767]
49, 9, 3.03, [576, 1028, 1430]
50, 0, 3.34, [1407, 1509, 576]
50, 1, 3.33, [576, 1509, 1091]
50, 2, 3.21, [1328, 1509, 831]
50, 3, 3.2, [1328, 1509, 1091]
50, 4, 3.17, [1407, 1509, 2171]
50, 5, 3.17, [1040, 1509, 787]
50, 6, 3.08, [1146, 1025, 576]
50, 7, 3.07, [576, 1695, 1442]
50, 8, 3.06, [1401, 2377, 576]
50, 9, 3.04, [1401, 1212, 576]
