generation number, individual number, fitness, candidate
0, 0, 19.6, [1811, 2514, 277]
0, 1, 13.31, [77, 1080, 1082]
0, 2, 11.68, [2595, 256, 2762]
0, 3, 10.05, [244, 2597, 2515]
0, 4, 10.0, [191, 2525, 274]
0, 5, 9.05, [265, 275, 2513]
0, 6, 8.45, [154, 2712, 301]
0, 7, 8.36, [265, 280, 4849]
0, 8, 7.19, [4602, 2156, 1080]
0, 9, 6.2, [1087, 104, 102]
1, 0, 25.37, [1811, 295, 1082]
1, 1, 19.6, [1811, 2514, 277]
1, 2, 18.53, [77, 260, 277]
1, 3, 16.49, [265, 1080, 277]
1, 4, 16.24, [3716, 2514, 277]
1, 5, 15.21, [1811, 2512, 274]
1, 6, 13.31, [77, 1080, 1082]
1, 7, 13.04, [1811, 2527, 1082]
1, 8, 12.13, [77, 2514, 273]
1, 9, 10.13, [159, 1080, 1082]
2, 0, 25.37, [1811, 295, 1082]
2, 1, 24.6, [1811, 295, 303]
2, 2, 24.3, [265, 295, 277]
2, 3, 23.37, [269, 1080, 277]
2, 4, 22.69, [288, 295, 277]
2, 5, 19.6, [1811, 2514, 277]
2, 6, 17.42, [1811, 283, 277]
2, 7, 13.19, [1811, 2514, 1080]
2, 8, 12.53, [1811, 2527, 1082]
2, 9, 9.01, [3334, 2530, 1080]
3, 0, 26.83, [98, 295, 277]
3, 1, 25.37, [1811, 295, 1082]
3, 2, 24.6, [1811, 295, 303]
3, 3, 21.31, [1086, 295, 1082]
3, 4, 20.71, [1069, 295, 1082]
3, 5, 13.78, [1811, 193, 2525]
3, 6, 11.24, [1811, 316, 1082]
3, 7, 10.02, [1087, 2711, 1080]
3, 8, 8.12, [266, 2514, 149]
3, 9, 8.1, [303, 104, 2712]
4, 0, 27.9, [2711, 295, 277]
4, 1, 26.89, [226, 295, 277]
4, 2, 26.83, [98, 295, 277]
4, 3, 25.37, [1811, 295, 1082]
4, 4, 24.44, [91, 295, 1082]
4, 5, 23.89, [1811, 295, 261]
4, 6, 23.31, [1069, 295, 277]
4, 7, 21.63, [274, 295, 1082]
4, 8, 14.08, [1080, 2711, 250]
4, 9, 12.56, [98, 283, 1082]
5, 0, 27.9, [2711, 295, 277]
5, 1, 26.89, [226, 295, 277]
5, 2, 26.71, [91, 295, 277]
5, 3, 25.32, [2574, 295, 277]
5, 4, 23.19, [220, 295, 2065]
5, 5, 22.59, [2712, 295, 2595]
5, 6, 21.3, [278, 295, 193]
5, 7, 18.1, [615, 2515, 277]
5, 8, 16.17, [2711, 2530, 77]
5, 9, 10.27, [2767, 2514, 2574]
6, 0, 27.9, [2711, 295, 277]
6, 1, 26.89, [226, 295, 277]
6, 2, 26.16, [2527, 295, 269]
6, 3, 22.13, [226, 295, 303]
6, 4, 20.54, [2711, 2513, 277]
6, 5, 20.37, [301, 2512, 295]
6, 6, 19.74, [2599, 295, 273]
6, 7, 19.39, [266, 295, 1069]
6, 8, 18.3, [1811, 876, 277]
6, 9, 13.72, [3135, 3716, 277]
7, 0, 27.9, [2711, 295, 277]
7, 1, 26.89, [226, 295, 277]
7, 2, 25.24, [226, 295, 77]
7, 3, 24.39, [159, 295, 277]
7, 4, 23.64, [301, 77, 295]
7, 5, 22.41, [2065, 295, 2512]
7, 6, 19.7, [226, 2595, 269]
7, 7, 19.09, [2711, 2514, 277]
7, 8, 16.72, [2527, 295, 273]
7, 9, 12.22, [2711, 2530, 303]
8, 0, 27.9, [2711, 295, 277]
8, 1, 26.89, [226, 295, 277]
8, 2, 26.56, [2711, 295, 77]
8, 3, 26.26, [2711, 295, 77]
8, 4, 20.92, [303, 295, 2515]
8, 5, 20.79, [4849, 295, 2599]
8, 6, 15.51, [2711, 250, 2597]
8, 7, 12.65, [2512, 316, 103]
8, 8, 11.92, [1080, 2712, 2597]
8, 9, 10.68, [1811, 335, 2764]
9, 0, 27.9, [2711, 295, 277]
9, 1, 26.89, [226, 295, 277]
9, 2, 23.47, [2711, 295, 2593]
9, 3, 23.23, [2711, 295, 303]
9, 4, 17.09, [534, 250, 277]
9, 5, 16.23, [226, 2514, 77]
9, 6, 15.54, [274, 2599, 277]
9, 7, 14.12, [266, 269, 265]
9, 8, 13.62, [2711, 2515, 220]
9, 9, 12.0, [2711, 297, 226]
10, 0, 27.9, [2711, 295, 277]
10, 1, 26.89, [226, 295, 277]
10, 2, 20.72, [226, 295, 273]
10, 3, 20.31, [2770, 295, 541]
10, 4, 17.79, [1088, 335, 277]
10, 5, 16.37, [2770, 2597, 277]
10, 6, 14.48, [2711, 273, 277]
10, 7, 13.6, [541, 149, 277]
10, 8, 10.8, [2711, 2950, 91]
10, 9, 10.48, [244, 2513, 226]
11, 0, 27.9, [2711, 295, 277]
11, 1, 26.89, [226, 295, 277]
11, 2, 26.67, [1088, 295, 1811]
11, 3, 23.61, [1088, 295, 303]
11, 4, 20.73, [2711, 295, 76]
11, 5, 19.75, [266, 295, 273]
11, 6, 19.36, [558, 295, 2513]
11, 7, 19.21, [2764, 295, 263]
11, 8, 17.45, [226, 876, 277]
11, 9, 16.55, [3135, 335, 277]
12, 0, 27.9, [2711, 295, 277]
12, 1, 27.28, [2711, 295, 259]
12, 2, 27.16, [98, 295, 277]
12, 3, 26.89, [226, 295, 277]
12, 4, 25.84, [226, 295, 259]
12, 5, 25.17, [558, 295, 277]
12, 6, 24.12, [2711, 295, 226]
12, 7, 20.02, [2065, 295, 2762]
12, 8, 19.69, [2574, 295, 301]
12, 9, 19.18, [191, 295, 250]
13, 0, 27.9, [2711, 295, 277]
13, 1, 27.28, [2711, 295, 259]
13, 2, 25.28, [335, 295, 277]
13, 3, 21.3, [102, 295, 193]
13, 4, 21.03, [2711, 295, 616]
13, 5, 15.56, [2711, 316, 277]
13, 6, 15.55, [149, 1086, 269]
13, 7, 13.07, [2711, 226, 91]
13, 8, 10.7, [2711, 2513, 240]
13, 9, 9.09, [2764, 2530, 291]
14, 0, 27.9, [2711, 295, 277]
14, 1, 27.28, [2711, 295, 259]
14, 2, 26.57, [2711, 295, 77]
14, 3, 24.74, [2065, 295, 77]
14, 4, 23.54, [2514, 295, 277]
14, 5, 19.67, [273, 295, 2593]
14, 6, 19.4, [297, 295, 1087]
14, 7, 17.55, [2065, 1080, 277]
14, 8, 15.36, [3135, 2514, 277]
14, 9, 14.17, [300, 250, 280]
15, 0, 27.9, [2711, 295, 277]
15, 1, 27.28, [2711, 295, 259]
15, 2, 26.3, [2512, 295, 277]
15, 3, 25.08, [2065, 295, 259]
15, 4, 21.87, [2950, 295, 2593]
15, 5, 20.97, [303, 295, 191]
15, 6, 19.75, [2711, 1080, 277]
15, 7, 19.38, [260, 295, 76]
15, 8, 15.99, [2764, 2530, 277]
15, 9, 14.53, [316, 2525, 277]
16, 0, 27.9, [2711, 295, 277]
16, 1, 27.28, [2711, 295, 259]
16, 2, 26.15, [191, 295, 277]
16, 3, 19.42, [2711, 2514, 277]
16, 4, 19.3, [2711, 269, 302]
16, 5, 13.63, [104, 316, 277]
16, 6, 13.45, [2514, 275, 277]
16, 7, 11.7, [1069, 274, 300]
16, 8, 11.69, [2512, 2950, 283]
16, 9, 10.66, [2711, 2767, 278]
17, 0, 27.9, [2711, 295, 277]
17, 1, 27.28, [2711, 295, 259]
17, 2, 26.29, [2711, 295, 77]
17, 3, 23.2, [2711, 295, 303]
17, 4, 22.62, [2065, 295, 302]
17, 5, 21.87, [2711, 295, 541]
17, 6, 19.28, [2711, 250, 277]
17, 7, 17.91, [296, 269, 259]
17, 8, 15.47, [2711, 283, 77]
17, 9, 15.23, [2711, 300, 266]
18, 0, 27.9, [2711, 295, 277]
18, 1, 27.28, [2711, 295, 259]
18, 2, 25.29, [3135, 295, 277]
18, 3, 24.55, [622, 295, 259]
18, 4, 24.06, [2711, 295, 81]
18, 5, 21.57, [2512, 295, 265]
18, 6, 18.6, [2514, 295, 263]
18, 7, 14.57, [275, 279, 259]
18, 8, 14.34, [876, 291, 277]
18, 9, 10.37, [616, 266, 259]
19, 0, 27.9, [2711, 295, 277]
19, 1, 27.67, [1811, 295, 259]
19, 2, 27.28, [2711, 295, 259]
19, 3, 22.97, [2156, 295, 259]
19, 4, 22.06, [278, 295, 259]
19, 5, 21.38, [275, 295, 1811]
19, 6, 19.82, [2065, 295, 541]
19, 7, 16.12, [541, 209, 277]
19, 8, 13.33, [2512, 2514, 874]
19, 9, 10.01, [616, 2512, 2514]
20, 0, 27.9, [2711, 295, 277]
20, 1, 27.67, [1811, 295, 259]
20, 2, 27.43, [226, 295, 277]
20, 3, 24.5, [3135, 295, 259]
20, 4, 23.32, [209, 295, 159]
20, 5, 21.77, [1811, 295, 273]
20, 6, 20.79, [285, 295, 280]
20, 7, 20.1, [1811, 2711, 277]
20, 8, 15.73, [2711, 256, 259]
20, 9, 13.81, [2711, 537, 259]
21, 0, 27.9, [2711, 295, 277]
21, 1, 27.67, [1811, 295, 259]
21, 2, 27.01, [1811, 295, 77]
21, 3, 24.66, [2712, 295, 277]
21, 4, 24.55, [1082, 295, 2597]
21, 5, 23.98, [3135, 295, 259]
21, 6, 23.05, [2711, 295, 159]
21, 7, 19.01, [226, 2513, 277]
21, 8, 14.84, [2712, 2527, 277]
21, 9, 13.22, [77, 876, 1086]
22, 0, 28.11, [2711, 295, 277]
22, 1, 27.9, [2711, 295, 277]
22, 2, 27.67, [1811, 295, 259]
22, 3, 26.16, [1811, 295, 300]
22, 4, 23.35, [2711, 295, 260]
22, 5, 22.21, [1811, 295, 273]
22, 6, 20.89, [2593, 295, 291]
22, 7, 20.2, [1087, 295, 291]
22, 8, 16.99, [2711, 250, 259]
22, 9, 16.32, [2711, 615, 259]
23, 0, 28.11, [2711, 295, 277]
23, 1, 27.9, [2711, 295, 277]
23, 2, 24.18, [3135, 295, 259]
23, 3, 21.2, [1811, 2513, 277]
23, 4, 20.06, [2711, 77, 259]
23, 5, 19.61, [3135, 295, 2765]
23, 6, 18.84, [1811, 876, 277]
23, 7, 17.82, [2762, 295, 2532]
23, 8, 17.68, [316, 259, 277]
23, 9, 13.47, [3135, 300, 1080]
24, 0, 28.11, [2711, 295, 277]
24, 1, 27.9, [2711, 295, 277]
24, 2, 26.74, [77, 295, 277]
24, 3, 23.98, [2711, 295, 81]
24, 4, 23.61, [2525, 295, 259]
24, 5, 22.92, [295, 616, 277]
24, 6, 22.39, [1811, 295, 2156]
24, 7, 21.28, [2065, 295, 534]
24, 8, 17.77, [2711, 2530, 277]
24, 9, 16.8, [2711, 77, 303]
25, 0, 28.11, [2711, 295, 277]
25, 1, 27.9, [2711, 295, 277]
25, 2, 27.89, [2711, 295, 277]
25, 3, 20.73, [2574, 295, 265]
25, 4, 19.27, [3716, 295, 2525]
25, 5, 18.72, [2764, 295, 264]
25, 6, 15.96, [2711, 2514, 259]
25, 7, 15.24, [2065, 2532, 277]
25, 8, 14.52, [259, 264, 2595]
25, 9, 13.52, [2525, 2532, 277]
26, 0, 30.15, [279, 295, 277]
26, 1, 28.11, [2711, 295, 277]
26, 2, 27.9, [2711, 295, 277]
26, 3, 25.32, [295, 2764, 277]
26, 4, 24.49, [259, 269, 277]
26, 5, 21.94, [2711, 295, 609]
26, 6, 17.58, [3135, 250, 277]
26, 7, 15.3, [2574, 283, 277]
26, 8, 12.98, [2574, 76, 277]
26, 9, 12.91, [876, 288, 277]
27, 0, 30.15, [279, 295, 277]
27, 1, 28.11, [2711, 295, 277]
27, 2, 25.61, [279, 295, 1095]
27, 3, 24.01, [244, 295, 277]
27, 4, 22.96, [259, 295, 273]
27, 5, 21.99, [1082, 295, 265]
27, 6, 21.63, [876, 295, 277]
27, 7, 21.38, [2711, 269, 300]
27, 8, 18.96, [2711, 269, 1095]
27, 9, 16.73, [226, 283, 277]
28, 0, 30.15, [279, 295, 277]
28, 1, 28.11, [2711, 295, 277]
28, 2, 28.08, [279, 295, 300]
28, 3, 24.48, [263, 295, 277]
28, 4, 23.02, [273, 295, 277]
28, 5, 22.85, [279, 295, 273]
28, 6, 21.48, [1087, 2065, 295]
28, 7, 18.09, [2527, 295, 280]
28, 8, 14.77, [244, 266, 277]
28, 9, 12.29, [2711, 283, 1095]
29, 0, 30.15, [279, 295, 277]
29, 1, 28.11, [2711, 295, 277]
29, 2, 26.07, [2065, 295, 277]
29, 3, 24.35, [302, 295, 226]
29, 4, 22.8, [279, 295, 273]
29, 5, 18.96, [296, 295, 244]
29, 6, 18.29, [2711, 876, 277]
29, 7, 17.36, [103, 2765, 277]
29, 8, 15.83, [219, 193, 277]
29, 9, 11.12, [622, 297, 2597]
30, 0, 30.15, [279, 295, 277]
30, 1, 28.11, [2711, 295, 277]
30, 2, 27.77, [296, 295, 269]
30, 3, 25.41, [279, 295, 2767]
30, 4, 24.53, [2711, 295, 1086]
30, 5, 20.81, [302, 295, 303]
30, 6, 18.47, [3135, 295, 273]
30, 7, 17.46, [316, 295, 558]
30, 8, 17.17, [1086, 81, 277]
30, 9, 12.62, [279, 316, 1088]
31, 0, 30.15, [279, 295, 277]
31, 1, 28.11, [2711, 295, 277]
31, 2, 25.41, [259, 295, 2767]
31, 3, 24.09, [279, 295, 3716]
31, 4, 24.08, [279, 1811, 277]
31, 5, 24.08, [279, 295, 291]
31, 6, 23.87, [2156, 295, 277]
31, 7, 23.61, [1082, 295, 159]
31, 8, 16.92, [3135, 226, 277]
31, 9, 14.33, [244, 615, 277]
32, 0, 30.15, [279, 295, 277]
32, 1, 28.11, [2711, 295, 277]
32, 2, 22.53, [260, 295, 874]
32, 3, 22.26, [2065, 295, 1082]
32, 4, 21.24, [269, 2515, 277]
32, 5, 18.92, [279, 220, 269]
32, 6, 18.36, [279, 1087, 277]
32, 7, 18.05, [537, 295, 2527]
32, 8, 11.47, [260, 2513, 609]
32, 9, 11.43, [265, 1811, 222]
33, 0, 30.15, [279, 295, 277]
33, 1, 28.11, [2711, 295, 277]
33, 2, 26.54, [2065, 295, 277]
33, 3, 25.53, [266, 295, 277]
33, 4, 23.21, [244, 295, 277]
33, 5, 20.7, [302, 295, 303]
33, 6, 19.16, [285, 295, 283]
33, 7, 15.88, [279, 250, 874]
33, 8, 14.12, [149, 277, 261]
33, 9, 11.44, [2711, 154, 537]
34, 0, 30.15, [279, 295, 277]
34, 1, 28.11, [2711, 295, 277]
34, 2, 27.8, [220, 295, 277]
34, 3, 26.43, [1811, 300, 295]
34, 4, 24.62, [277, 295, 2599]
34, 5, 21.42, [558, 295, 1095]
34, 6, 19.63, [279, 2770, 277]
34, 7, 17.96, [102, 295, 534]
34, 8, 12.58, [616, 2712, 277]
34, 9, 12.3, [2762, 316, 277]
35, 0, 30.15, [279, 295, 277]
35, 1, 28.11, [2711, 295, 277]
35, 2, 27.17, [1086, 295, 277]
35, 3, 22.15, [3135, 295, 615]
35, 4, 21.53, [2574, 295, 2593]
35, 5, 19.84, [279, 191, 277]
35, 6, 18.65, [2512, 2514, 277]
35, 7, 18.31, [81, 2513, 277]
35, 8, 17.28, [149, 295, 76]
35, 9, 17.21, [279, 266, 277]
36, 0, 30.15, [279, 295, 277]
36, 1, 28.11, [2711, 295, 277]
36, 2, 25.1, [335, 295, 277]
36, 3, 22.97, [244, 295, 277]
36, 4, 22.58, [2762, 295, 300]
36, 5, 22.19, [3135, 295, 615]
36, 6, 20.24, [244, 295, 615]
36, 7, 18.88, [244, 295, 3135]
36, 8, 18.38, [3135, 295, 273]
36, 9, 18.35, [1082, 266, 277]
37, 0, 30.15, [279, 295, 277]
37, 1, 28.11, [2711, 295, 277]
37, 2, 26.78, [380, 295, 277]
37, 3, 26.15, [259, 295, 874]
37, 4, 24.62, [2711, 295, 2597]
37, 5, 22.74, [102, 295, 277]
37, 6, 16.69, [264, 295, 876]
37, 7, 14.84, [2767, 244, 277]
37, 8, 12.47, [380, 209, 288]
37, 9, 10.84, [279, 615, 2527]
38, 0, 30.15, [279, 295, 277]
38, 1, 28.11, [2711, 295, 277]
38, 2, 24.88, [2065, 295, 277]
38, 3, 24.1, [1086, 295, 193]
38, 4, 22.57, [316, 295, 277]
38, 5, 21.5, [380, 295, 280]
38, 6, 20.05, [2513, 295, 303]
38, 7, 19.83, [2711, 103, 277]
38, 8, 17.47, [302, 209, 277]
38, 9, 9.62, [2596, 264, 2597]
39, 0, 30.15, [279, 295, 277]
39, 1, 29.09, [2512, 295, 269]
39, 2, 28.11, [2711, 295, 277]
39, 3, 27.98, [303, 295, 269]
39, 4, 23.42, [244, 295, 277]
39, 5, 17.89, [2527, 295, 541]
39, 6, 17.88, [279, 280, 77]
39, 7, 17.25, [260, 2596, 277]
39, 8, 16.58, [2711, 2513, 300]
39, 9, 16.42, [2950, 335, 277]
40, 0, 30.15, [279, 295, 277]
40, 1, 29.09, [2512, 295, 269]
40, 2, 24.68, [534, 295, 277]
40, 3, 24.25, [279, 295, 2513]
40, 4, 20.8, [2065, 295, 2762]
40, 5, 19.53, [2156, 295, 2950]
40, 6, 16.25, [4849, 2514, 277]
40, 7, 15.49, [279, 2530, 874]
40, 8, 13.55, [303, 283, 277]
40, 9, 12.48, [263, 609, 77]
41, 0, 30.15, [279, 295, 277]
41, 1, 29.09, [2512, 295, 269]
41, 2, 25.52, [226, 295, 77]
41, 3, 24.69, [279, 295, 537]
41, 4, 24.31, [2512, 295, 300]
41, 5, 23.11, [77, 220, 269]
41, 6, 22.03, [1080, 2515, 295]
41, 7, 20.69, [2593, 295, 2513]
41, 8, 20.27, [2512, 250, 277]
41, 9, 18.34, [534, 295, 3334]
42, 0, 30.15, [279, 295, 277]
42, 1, 29.09, [2512, 295, 269]
42, 2, 26.02, [1088, 295, 77]
42, 3, 23.65, [244, 295, 277]
42, 4, 23.08, [226, 269, 277]
42, 5, 21.91, [279, 295, 2530]
42, 6, 19.83, [2512, 295, 273]
42, 7, 18.04, [226, 191, 277]
42, 8, 17.78, [279, 283, 77]
42, 9, 16.19, [226, 283, 277]
43, 0, 30.15, [279, 295, 277]
43, 1, 29.09, [2512, 295, 269]
43, 2, 23.46, [279, 622, 295]
43, 3, 18.89, [279, 2513, 269]
43, 4, 17.1, [244, 295, 273]
43, 5, 16.59, [2512, 316, 277]
43, 6, 16.43, [226, 2527, 269]
43, 7, 14.7, [303, 2514, 277]
43, 8, 11.66, [259, 2530, 301]
43, 9, 11.54, [279, 335, 537]
44, 0, 30.15, [279, 295, 277]
44, 1, 29.09, [2512, 295, 269]
44, 2, 24.75, [2762, 295, 277]
44, 3, 24.32, [279, 295, 288]
44, 4, 23.24, [2512, 295, 615]
44, 5, 22.97, [2532, 295, 277]
44, 6, 22.64, [279, 295, 2156]
44, 7, 22.2, [279, 240, 295]
44, 8, 18.93, [2512, 250, 277]
44, 9, 13.66, [244, 265, 277]
45, 0, 30.15, [279, 295, 277]
45, 1, 29.09, [2512, 295, 269]
45, 2, 27.86, [2764, 295, 269]
45, 3, 24.2, [2512, 295, 300]
45, 4, 22.76, [380, 295, 266]
45, 5, 22.44, [534, 295, 615]
45, 6, 18.11, [279, 876, 277]
45, 7, 17.84, [154, 2599, 277]
45, 8, 16.46, [2762, 2514, 277]
45, 9, 16.38, [2950, 98, 77]
46, 0, 30.15, [279, 295, 277]
46, 1, 29.09, [2512, 295, 269]
46, 2, 24.59, [191, 295, 277]
46, 3, 23.84, [2512, 295, 300]
46, 4, 21.65, [2512, 295, 3716]
46, 5, 20.41, [2764, 295, 537]
46, 6, 18.97, [279, 250, 269]
46, 7, 18.73, [380, 1088, 269]
46, 8, 17.75, [2950, 220, 277]
46, 9, 12.12, [77, 260, 273]
47, 0, 30.15, [279, 295, 277]
47, 1, 29.23, [380, 295, 269]
47, 2, 29.09, [2512, 295, 269]
47, 3, 24.66, [279, 295, 303]
47, 4, 24.14, [2513, 295, 277]
47, 5, 22.11, [240, 295, 277]
47, 6, 20.85, [191, 295, 3716]
47, 7, 19.51, [2512, 209, 277]
47, 8, 19.0, [2512, 295, 343]
47, 9, 18.91, [2512, 2530, 277]
48, 0, 30.15, [279, 295, 277]
48, 1, 29.23, [380, 295, 269]
48, 2, 26.46, [154, 295, 277]
48, 3, 24.91, [279, 295, 288]
48, 4, 23.92, [279, 295, 537]
48, 5, 21.78, [3135, 1080, 295]
48, 6, 17.2, [380, 2599, 277]
48, 7, 16.87, [193, 159, 277]
48, 8, 16.4, [279, 2712, 269]
48, 9, 16.2, [380, 283, 277]
49, 0, 30.15, [279, 295, 277]
49, 1, 29.23, [380, 295, 269]
49, 2, 28.1, [2593, 295, 269]
49, 3, 25.11, [380, 295, 77]
49, 4, 22.34, [380, 295, 2712]
49, 5, 20.76, [2532, 295, 2595]
49, 6, 20.49, [154, 295, 273]
49, 7, 20.02, [154, 295, 2156]
49, 8, 15.98, [2574, 2530, 277]
49, 9, 13.74, [222, 98, 300]
50, 0, 30.15, [279, 295, 277]
50, 1, 29.23, [380, 295, 269]
50, 2, 24.65, [380, 295, 2597]
50, 3, 23.24, [279, 295, 264]
50, 4, 22.84, [2596, 295, 380]
50, 5, 21.43, [2593, 295, 285]
50, 6, 18.51, [2532, 295, 265]
50, 7, 18.46, [380, 2513, 277]
50, 8, 17.81, [279, 283, 77]
50, 9, 15.19, [380, 4602, 277]
