num_genrations,diversity,improvement,best_fitness
1,0.8583333333333334,0.0,311.33
0,1.0,0,311.33
2,0.4265151515151515,0.09507596441075394,340.93
0,1.0,0,311.33
1,0.8583333333333334,0.0,311.33
3,0.022727272727272707,0.0,340.93
2,0.4265151515151515,0.09507596441075394,340.93
4,0.03409090909090917,0.0,340.93
1,0.8583333333333334,0.0,311.33
3,0.022727272727272707,0.0,340.93
5,0.011363636363636465,0.018889508110169238,347.37
4,0.03409090909090917,0.0,340.93
6,0.011363636363636243,0.0,347.37
2,0.4265151515151515,0.09507596441075394,340.93
5,0.011363636363636465,0.018889508110169238,347.37
7,0.011363636363636243,0.0,347.37
6,0.011363636363636243,0.0,347.37
8,0.011363636363636243,0.0,347.37
3,0.022727272727272707,0.0,340.93
7,0.011363636363636243,0.0,347.37
9,0.011363636363636465,0.0,347.37
8,0.011363636363636243,0.0,347.37
4,0.03409090909090917,0.0,340.93
10,0.0,0.0,347.37
9,0.011363636363636465,0.0,347.37
5,0.011363636363636465,0.018889508110169238,347.37
10,0.0,0.0,347.37
6,0.011363636363636243,0.0,347.37
7,0.011363636363636243,0.0,347.37
8,0.011363636363636243,0.0,347.37
9,0.011363636363636465,0.0,347.37
10,0.0,0.0,347.37
