generation number, individual number, fitness, candidate
0, 0, 3.19, [66167, 87, 33297]
0, 1, 3.15, [11926, 281, 56237]
0, 2, 3.14, [150653, 127089, 1063]
0, 3, 3.11, [70638, 66166, 118602]
0, 4, 3.09, [150015, 80450, 71858]
0, 5, 3.09, [283, 11935, 12067]
0, 6, 3.08, [1060, 12067, 77358]
0, 7, 3.07, [56237, 80661, 89]
0, 8, 3.03, [98062, 134361, 67332]
0, 9, 3.0, [95674, 113172, 73700]
1, 0, 3.2, [150653, 56239, 118602]
1, 1, 3.19, [66167, 87, 33297]
1, 2, 3.15, [11926, 281, 56237]
1, 3, 3.13, [286, 87, 156909]
1, 4, 3.11, [284, 281, 56237]
1, 5, 3.1, [14223, 87, 144434]
1, 6, 3.1, [144434, 87, 33297]
1, 7, 3.1, [70638, 80662, 1063]
1, 8, 3.09, [11926, 87, 113171]
1, 9, 3.04, [113171, 87, 33297]
2, 0, 3.2, [150653, 56239, 118602]
2, 1, 3.19, [66167, 87, 33297]
2, 2, 3.18, [66167, 150655, 118602]
2, 3, 3.16, [285, 56239, 286]
2, 4, 3.15, [150653, 56239, 11925]
2, 5, 3.12, [90, 33298, 821]
2, 6, 3.1, [150653, 150652, 56237]
2, 7, 3.09, [118606, 87, 33297]
2, 8, 3.07, [150653, 56239, 1927]
2, 9, 3.07, [118606, 87, 118602]
3, 0, 3.2, [150653, 56239, 118602]
3, 1, 3.19, [66167, 87, 33297]
3, 2, 3.14, [89, 90, 65901]
3, 3, 3.14, [150015, 150655, 33297]
3, 4, 3.13, [156909, 56239, 118602]
3, 5, 3.12, [65901, 56239, 118602]
3, 6, 3.1, [11388, 87, 118602]
3, 7, 3.09, [150653, 113173, 118602]
3, 8, 3.09, [150652, 150655, 118602]
3, 9, 3.07, [150653, 148118, 286]
4, 0, 3.2, [150653, 56239, 118602]
4, 1, 3.19, [66167, 87, 33297]
4, 2, 3.17, [89, 56239, 113171]
4, 3, 3.14, [285, 11388, 98062]
4, 4, 3.14, [66167, 56239, 11925]
4, 5, 3.12, [150652, 11925, 134362]
4, 6, 3.11, [66167, 91276, 118602]
4, 7, 3.09, [150653, 65901, 33297]
4, 8, 3.08, [150653, 56241, 33297]
4, 9, 3.06, [150653, 156909, 11926]
5, 0, 3.22, [66167, 1061, 87]
5, 1, 3.2, [150653, 56239, 118602]
5, 2, 3.19, [66167, 87, 33297]
5, 3, 3.18, [86, 11388, 98062]
5, 4, 3.15, [66167, 88, 113171]
5, 5, 3.14, [150653, 56239, 56241]
5, 6, 3.12, [150655, 56239, 118602]
5, 7, 3.11, [66167, 1062, 118602]
5, 8, 3.1, [100140, 87, 33297]
5, 9, 3.06, [89, 56239, 134365]
6, 0, 3.22, [66167, 1061, 87]
6, 1, 3.2, [66167, 1061, 148118]
6, 2, 3.2, [150653, 56239, 118602]
6, 3, 3.14, [66167, 87, 113171]
6, 4, 3.13, [66059, 100140, 150015]
6, 5, 3.1, [86, 279, 66167]
6, 6, 3.1, [66167, 100141, 87]
6, 7, 3.09, [80656, 91277, 87]
6, 8, 3.07, [150653, 87893, 134362]
6, 9, 3.07, [66167, 10375, 279]
7, 0, 3.24, [150653, 65897, 87]
7, 1, 3.22, [66167, 1061, 87]
7, 2, 3.2, [66167, 1061, 148118]
7, 3, 3.14, [66167, 280, 118602]
7, 4, 3.14, [150653, 113173, 87]
7, 5, 3.12, [282, 283, 11387]
7, 6, 3.09, [150653, 10375, 148118]
7, 7, 3.09, [56240, 100140, 150015]
7, 8, 3.08, [66059, 1061, 11926]
7, 9, 3.07, [66167, 65901, 67331]
8, 0, 3.24, [150653, 65897, 87]
8, 1, 3.22, [66167, 1061, 87]
8, 2, 3.16, [123523, 80449, 1061]
8, 3, 3.15, [66167, 1062, 156909]
8, 4, 3.15, [156909, 65897, 88]
8, 5, 3.13, [80449, 134361, 283]
8, 6, 3.12, [150653, 150655, 87]
8, 7, 3.1, [150653, 123524, 33296]
8, 8, 3.09, [278, 65897, 11935]
8, 9, 3.08, [150653, 70638, 80656]
9, 0, 3.24, [150653, 65897, 87]
9, 1, 3.22, [66167, 1061, 87]
9, 2, 3.16, [150653, 98063, 87]
9, 3, 3.12, [73703, 87, 33297]
9, 4, 3.12, [71858, 1061, 66166]
9, 5, 3.11, [150653, 65897, 134362]
9, 6, 3.1, [283, 98062, 221360]
9, 7, 3.09, [67332, 149059, 87]
9, 8, 3.08, [123523, 65897, 87]
9, 9, 3.08, [71858, 80449, 87]
10, 0, 3.24, [150653, 65897, 87]
10, 1, 3.22, [66167, 1061, 87]
10, 2, 3.18, [80449, 87, 1061]
10, 3, 3.17, [66167, 221360, 87]
10, 4, 3.14, [150652, 33297, 87]
10, 5, 3.13, [66167, 6376, 87]
10, 6, 3.12, [66167, 70640, 87]
10, 7, 3.12, [65901, 87, 65897]
10, 8, 3.11, [150653, 56239, 87]
10, 9, 3.11, [66167, 113173, 87]
