n_nodes,influence,n0,n1,n2,n3,n4
5,10.7000,114142,2691,228272,84926,123456
5,10.7000,114142,2691,228272,84926,123456
5,10.7000,114142,2691,228272,84926,123456
5,10.7000,114142,2691,228272,84926,123456
5,10.7000,114142,2691,228272,84926,123456
5,10.7000,114142,2691,228272,84926,123456
5,10.7000,114142,2691,228272,84926,123456
5,10.7000,114142,2691,228272,84926,123456
5,10.7000,114142,2691,228272,84926,123456
5,10.7000,114142,2691,228272,84926,123456
5,10.7000,114142,2691,228272,84926,123456
5,10.7000,114142,2691,228272,84926,123456
5,10.4400,114142,2691,228272,84926,123456
5,10.4400,114142,2691,228272,84926,123456
5,10.4400,114142,2691,228272,84926,123456
5,10.4400,114142,2691,228272,84926,123456
