generation number, individual number, fitness, candidate
0, 0, 2.18, [3742, 3744]
0, 1, 2.15, [3758, 3756]
0, 2, 2.13, [689, 1987]
0, 3, 2.1, [689, 4108]
0, 4, 2.1, [3100, 3750]
0, 5, 2.09, [3752, 2598]
0, 6, 2.06, [1828, 1825]
0, 7, 2.05, [3753, 3756]
0, 8, 2.04, [2260, 275]
0, 9, 2.04, [275, 287]
1, 0, 2.18, [3742, 3744]
1, 1, 2.16, [3750, 3744]
1, 2, 2.15, [3758, 3756]
1, 3, 2.1, [287, 3736]
1, 4, 2.1, [3755, 3747]
1, 5, 2.08, [3758, 4131]
1, 6, 2.08, [3742, 1831]
1, 7, 2.07, [1829, 3744]
1, 8, 2.07, [1686, 3744]
1, 9, 2.06, [3742, 1829]
2, 0, 2.18, [3742, 3744]
2, 1, 2.16, [3750, 3744]
2, 2, 2.15, [3100, 3744]
2, 3, 2.14, [3743, 3756]
2, 4, 2.11, [3750, 3743]
2, 5, 2.11, [3755, 229]
2, 6, 2.11, [3752, 3744]
2, 7, 2.1, [77, 3756]
2, 8, 2.08, [3743, 3777]
2, 9, 2.05, [3758, 2598]
3, 0, 2.21, [3754, 3749]
3, 1, 2.18, [3100, 3750]
3, 2, 2.18, [3742, 3744]
3, 3, 2.16, [3750, 3744]
3, 4, 2.14, [3100, 3744]
3, 5, 2.1, [3760, 3756]
3, 6, 2.1, [3100, 3760]
3, 7, 2.1, [3742, 1040]
3, 8, 2.05, [3755, 77]
3, 9, 2.05, [1834, 3749]
4, 0, 2.21, [3754, 3749]
4, 1, 2.18, [3100, 3750]
4, 2, 2.17, [689, 4129]
4, 3, 2.1, [3752, 4108]
4, 4, 2.1, [1541, 3750]
4, 5, 2.08, [3741, 77]
4, 6, 2.08, [284, 3744]
4, 7, 2.07, [3739, 2260]
4, 8, 2.07, [4131, 3741]
4, 9, 2.06, [2490, 1829]
5, 0, 2.21, [3754, 3749]
5, 1, 2.19, [689, 3755]
5, 2, 2.18, [3100, 3750]
5, 3, 2.17, [3754, 3759]
5, 4, 2.07, [3752, 359]
5, 5, 2.05, [3756, 3755]
5, 6, 2.03, [284, 293]
5, 7, 2.03, [3752, 1834]
5, 8, 2.02, [1686, 3758]
5, 9, 2.01, [359, 4184]
6, 0, 2.21, [3754, 3749]
6, 1, 2.19, [689, 3755]
6, 2, 2.16, [689, 3739]
6, 3, 2.16, [689, 3760]
6, 4, 2.14, [689, 3755]
6, 5, 2.12, [3105, 3749]
6, 6, 2.11, [3754, 1987]
6, 7, 2.07, [3100, 229]
6, 8, 2.05, [1831, 3750]
6, 9, 2.05, [3754, 2598]
7, 0, 2.21, [3754, 3749]
7, 1, 2.19, [689, 3755]
7, 2, 2.14, [2229, 3750]
7, 3, 2.13, [3739, 3749]
7, 4, 2.13, [3744, 4128]
7, 5, 2.12, [3754, 1321]
7, 6, 2.11, [3754, 3756]
7, 7, 2.1, [1322, 3749]
7, 8, 2.1, [3754, 1686]
7, 9, 2.09, [2598, 3755]
8, 0, 2.24, [689, 3744]
8, 1, 2.22, [689, 3746]
8, 2, 2.21, [3754, 3749]
8, 3, 2.19, [689, 3755]
8, 4, 2.16, [689, 3100]
8, 5, 2.16, [3739, 3760]
8, 6, 2.11, [689, 293]
8, 7, 2.1, [1825, 3749]
8, 8, 2.09, [3754, 3760]
8, 9, 2.09, [3759, 3755]
9, 0, 2.24, [689, 3744]
9, 1, 2.22, [689, 3746]
9, 2, 2.2, [3742, 3749]
9, 3, 2.14, [3756, 3746]
9, 4, 2.12, [689, 1321]
9, 5, 2.1, [3754, 3742]
9, 6, 2.09, [3754, 3746]
9, 7, 2.09, [1825, 3749]
9, 8, 2.08, [996, 3749]
9, 9, 2.07, [2490, 3749]
10, 0, 2.24, [689, 3744]
10, 1, 2.22, [689, 3746]
10, 2, 2.18, [3742, 2598]
10, 3, 2.16, [689, 2229]
10, 4, 2.12, [2229, 3749]
10, 5, 2.11, [689, 1828]
10, 6, 2.09, [689, 229]
10, 7, 2.08, [3743, 3759]
10, 8, 2.07, [689, 2598]
10, 9, 2.04, [3105, 3760]
