n_nodes,influence,n0,n1,n2,n3,n4
5,481.7600,7076,2285,7184,38516,1847
5,478.3600,7076,2285,66767,7184,1847
5,326.0300,7076,2285,7184,38516,12427
5,326.0300,7076,2285,7184,38516,12427
5,326.0300,7076,2285,7184,38516,12427
5,322.6200,7076,2285,66767,7184,12427
5,322.6200,7076,2285,66767,7184,12427
5,322.6200,7076,2285,66767,7184,12427
5,322.6200,7076,2285,66767,7184,12427
5,322.6200,7076,2285,66767,7184,12427
5,322.6200,7076,2285,66767,7184,12427
5,322.6200,7076,2285,66767,7184,12427
5,322.6200,7076,2285,66767,7184,12427
5,322.6200,7076,2285,66767,7184,12427
5,322.6200,7076,2285,66767,7184,12427
5,322.6200,7076,2285,66767,7184,12427
