num_genrations,diversity,improvement,best_fitness
0,1.0,0,10330.71
1,0.7066666666666667,0.0,10330.71
2,0.345,0.0,10330.71
3,0.0,0.000393970985537444,10334.78
4,0.0,-0.00039381583352538976,10330.71
5,0.02499999999999991,9.679876794739452e-07,10330.72
6,0.02499999999999991,0.0,10330.72
7,0.046666666666666634,0.0,10330.72
8,0.07999999999999996,0.0,10330.72
9,0.1316666666666666,0.0003794508030418086,10334.64
10,0.1299999999999999,0.0,10334.64
11,0.12499999999999989,0.0,10334.64
12,0.08499999999999996,0.0,10334.64
13,0.11666666666666647,0.0,10334.64
14,0.04999999999999993,0.0,10334.64
15,0.0,0.00046445739764530664,10339.44
16,0.02499999999999991,0.0005464512584820489,10345.09
17,0.046666666666666634,-0.00027452636951444073,10342.25
18,0.02499999999999991,0.0,10342.25
19,0.0,0.0,10342.25
20,0.0,0.0,10342.25
