num_genrations,diversity,improvement,best_fitness
6,0.10362903225806464,0.0,17.83
0,0.9997983870967742,0,17.65
7,0.018750000000000044,0.014582164890633853,18.09
8,0.0,-0.014372581536760728,17.83
1,0.8935483870967742,0.010198300283286103,17.83
9,0.0,0.004486819966348954,17.91
2,0.7939516129032258,0.0,17.83
10,0.0,0.0,17.91
3,0.7431451612903226,0.0,17.83
4,0.5481854838709678,0.0,17.83
5,0.40927419354838723,0.0,17.83
6,0.10362903225806464,0.0,17.83
7,0.018750000000000044,0.014582164890633853,18.09
8,0.0,-0.014372581536760728,17.83
9,0.0,0.004486819966348954,17.91
10,0.0,0.0,17.91
