n_nodes,influence,n0,n1,n2,n3,n4
5,16.3400,861,620,345,825,266
5,16.3400,861,620,345,825,266
5,16.3400,861,620,345,825,266
5,16.3400,861,620,345,825,266
5,16.3400,861,620,345,825,266
5,16.3400,861,620,345,825,266
5,16.3400,861,620,345,825,266
5,16.1700,490,157,345,687,397
5,16.1300,266,620,825,345,632
5,16.0900,490,157,345,687,397
5,16.0800,490,157,345,687,397
5,16.0800,490,157,345,687,397
5,16.0800,490,157,345,687,397
5,16.0800,490,157,345,687,397
5,16.0800,490,157,345,687,397
5,16.0800,490,157,345,687,397
