n_nodes,influence,n0,n1,n2,n3,n4,n5,n6,n7,n8,n9,n10,n11,n12,n13,n14
15,55.0500,32,421,743,840,903,8,956,77,176,500,213,66,700,349,638
15,54.7500,32,421,743,840,903,8,956,77,176,500,213,375,700,349,16
15,53.9800,32,421,743,840,903,8,298,77,176,147,500,375,700,349,285
15,52.6700,32,421,903,840,743,8,77,176,147,500,298,375,700,349,638
15,52.0400,32,421,743,840,903,8,147,77,176,500,213,375,700,349,638
15,52.0400,32,421,743,840,903,8,147,77,176,500,213,375,700,349,638
15,52.0400,32,421,743,840,903,8,147,77,176,500,213,375,700,349,638
15,52.0400,32,421,743,840,903,8,147,77,176,500,213,375,700,349,638
15,52.0400,32,421,743,840,903,8,147,77,176,500,213,375,700,349,638
15,52.0400,32,421,743,840,903,8,147,77,176,500,213,375,700,349,638
15,52.0400,32,421,743,840,903,8,147,77,176,500,213,375,700,349,638
15,51.6500,32,421,743,840,903,8,147,77,176,500,213,375,956,349,638
15,51.4500,32,700,421,743,840,903,8,77,176,500,213,375,956,349,638
15,51.4500,32,700,421,743,840,903,8,77,176,500,213,375,956,349,638
15,51.4500,32,700,421,743,840,903,8,77,176,500,213,375,956,349,638
15,51.4500,32,700,421,743,840,903,8,77,176,500,213,375,956,349,638
