generation number, pop_size, worst, best, median, avg, std, diversity, improvement, number_of_selections
0, 10, 3.0, 3.06, 3.035, 3.033, 0.018999999999999986,0.9555555555555556,0,[1.e-300]
1, 10, 3.04, 3.08, 3.0549999999999997, 3.0549999999999997, 0.011180339887498988,0.8740740740740741,0.006535947712418306,[1.e-300]
2, 10, 3.05, 3.1, 3.07, 3.0700000000000003, 0.014142135623731025,0.8222222222222222,0.006493506493506499,[1.e-300]
3, 10, 3.04, 3.1, 3.06, 3.0669999999999997, 0.020518284528683175,0.8222222222222222,0.0,[1.e-300]
4, 10, 3.05, 3.13, 3.0949999999999998, 3.093, 0.025317977802344308,0.7703703703703704,0.009677419354838646,[1.e-300]
5, 10, 3.02, 3.13, 3.085, 3.0829999999999997, 0.037161808352124064,0.6962962962962964,0.0,[1.e-300]
6, 10, 3.05, 3.15, 3.0949999999999998, 3.094, 0.03611094017053557,0.7555555555555555,0.006389776357827482,[1.e-300]
7, 10, 3.04, 3.15, 3.075, 3.0869999999999997, 0.03318132004607412,0.762962962962963,0.0,[1.e-300]
8, 10, 3.03, 3.15, 3.075, 3.0780000000000003, 0.035721142198983535,0.8222222222222222,0.0,[1.e-300]
9, 10, 3.04, 3.15, 3.075, 3.084, 0.032924155266308645,0.7333333333333334,0.0,[1.e-300]
10, 10, 3.06, 3.15, 3.08, 3.0879999999999996, 0.029257477676655548,0.7777777777777778,0.0,[1.e-300]
