generation number, individual number, fitness, candidate
0, 0, 3.06, [244, 2599, 2595]
0, 1, 3.05, [264, 266, 2515]
0, 2, 3.05, [102, 103, 622]
0, 3, 3.05, [98, 2515, 261]
0, 4, 3.04, [220, 104, 209]
0, 5, 3.03, [98, 343, 2599]
0, 6, 3.02, [2596, 275, 3334]
0, 7, 3.02, [296, 240, 2762]
0, 8, 3.01, [2599, 76, 343]
0, 9, 3.0, [2065, 273, 263]
1, 0, 3.08, [303, 103, 2595]
1, 1, 3.06, [2762, 2597, 2595]
1, 2, 3.06, [220, 558, 2595]
1, 3, 3.06, [244, 2515, 269]
1, 4, 3.06, [244, 2599, 2595]
1, 5, 3.05, [98, 300, 622]
1, 6, 3.05, [102, 2515, 269]
1, 7, 3.05, [264, 266, 2515]
1, 8, 3.04, [2512, 2595, 209]
1, 9, 3.04, [1088, 2599, 209]
2, 0, 3.1, [303, 103, 2595]
2, 1, 3.08, [2593, 103, 2596]
2, 2, 3.08, [303, 103, 2595]
2, 3, 3.07, [3155, 103, 154]
2, 4, 3.07, [259, 103, 2593]
2, 5, 3.07, [2514, 1088, 2595]
2, 6, 3.07, [259, 2515, 269]
2, 7, 3.06, [2762, 2597, 2595]
2, 8, 3.05, [302, 300, 280]
2, 9, 3.05, [2765, 103, 2574]
3, 0, 3.1, [303, 103, 2595]
3, 1, 3.09, [2593, 77, 2596]
3, 2, 3.09, [2593, 537, 2595]
3, 3, 3.08, [2593, 103, 2596]
3, 4, 3.06, [380, 159, 301]
3, 5, 3.06, [303, 103, 2597]
3, 6, 3.06, [2532, 159, 266]
3, 7, 3.05, [622, 103, 2512]
3, 8, 3.04, [303, 260, 159]
3, 9, 3.04, [159, 103, 278]
4, 0, 3.13, [259, 77, 2596]
4, 1, 3.13, [303, 77, 2595]
4, 2, 3.11, [380, 103, 2595]
4, 3, 3.1, [380, 103, 2595]
4, 4, 3.1, [303, 103, 2595]
4, 5, 3.09, [2593, 77, 2596]
4, 6, 3.08, [615, 250, 609]
4, 7, 3.08, [259, 103, 2596]
4, 8, 3.06, [2593, 537, 2595]
4, 9, 3.05, [1082, 2764, 2595]
5, 0, 3.13, [259, 77, 2596]
5, 1, 3.13, [303, 77, 2595]
5, 2, 3.12, [259, 103, 2595]
5, 3, 3.1, [259, 103, 2599]
5, 4, 3.09, [622, 77, 2596]
5, 5, 3.08, [2574, 77, 2595]
5, 6, 3.08, [380, 77, 2595]
5, 7, 3.04, [303, 77, 2599]
5, 8, 3.04, [380, 77, 2599]
5, 9, 3.02, [380, 537, 2596]
6, 0, 3.15, [303, 77, 2595]
6, 1, 3.13, [259, 77, 2596]
6, 2, 3.13, [303, 77, 2595]
6, 3, 3.12, [3155, 77, 2596]
6, 4, 3.11, [259, 226, 2595]
6, 5, 3.08, [259, 77, 2597]
6, 6, 3.06, [259, 300, 2596]
6, 7, 3.06, [250, 103, 2765]
6, 8, 3.05, [3334, 77, 2599]
6, 9, 3.05, [259, 274, 2599]
7, 0, 3.15, [303, 77, 2595]
7, 1, 3.13, [259, 77, 2596]
7, 2, 3.11, [259, 279, 2595]
7, 3, 3.1, [278, 77, 2595]
7, 4, 3.08, [259, 77, 209]
7, 5, 3.07, [295, 1095, 244]
7, 6, 3.07, [259, 2764, 2595]
7, 7, 3.07, [259, 77, 2596]
7, 8, 3.05, [260, 191, 2595]
7, 9, 3.04, [303, 302, 615]
8, 0, 3.15, [303, 77, 2595]
8, 1, 3.13, [259, 77, 2596]
8, 2, 3.09, [303, 1811, 3135]
8, 3, 3.08, [2767, 264, 2595]
8, 4, 3.08, [226, 1080, 2595]
8, 5, 3.07, [263, 269, 265]
8, 6, 3.05, [1087, 2764, 2595]
8, 7, 3.05, [259, 274, 2762]
8, 8, 3.05, [303, 274, 2595]
8, 9, 3.03, [303, 297, 2595]
9, 0, 3.15, [303, 77, 2595]
9, 1, 3.13, [259, 77, 2596]
9, 2, 3.1, [81, 264, 2595]
9, 3, 3.09, [303, 77, 154]
9, 4, 3.08, [303, 1811, 2512]
9, 5, 3.07, [303, 77, 2711]
9, 6, 3.07, [259, 77, 2596]
9, 7, 3.06, [259, 77, 2599]
9, 8, 3.05, [81, 77, 2595]
9, 9, 3.04, [534, 264, 1080]
10, 0, 3.15, [303, 77, 2595]
10, 1, 3.13, [259, 77, 2596]
10, 2, 3.1, [259, 77, 2597]
10, 3, 3.09, [303, 76, 2512]
10, 4, 3.08, [303, 1811, 2597]
10, 5, 3.08, [303, 226, 154]
10, 6, 3.07, [81, 264, 2595]
10, 7, 3.06, [303, 77, 154]
10, 8, 3.06, [303, 2712, 2574]
10, 9, 3.06, [219, 77, 2596]
