n_nodes,influence,n0,n1,n2,n3,n4
5,115.9100,4,5165,31,118,22
5,115.9100,4,5165,31,118,22
5,113.6700,4,5165,31,118,22
5,107.3000,1120,4,38,22,2655
5,104.0500,9098,4,38,22,2655
5,103.4200,1120,4,38,22,1979
5,103.4200,1120,4,38,22,1979
5,103.4200,1120,4,38,22,1979
5,103.4200,1120,4,38,22,1979
5,102.8000,4,740,22,215,1979
5,102.8000,4,740,22,215,1979
5,102.8000,4,740,22,215,1979
5,102.8000,4,740,22,215,1979
5,102.4800,4,6323,118,22,5370
5,101.4500,4,7788,3942,118,22
5,101.4400,4,22,9452,215,1979
5,101.3400,4,3288,22,215,1979
5,101.1600,4,6208,118,22,2974
5,101.0700,4,9452,22,215,2582
5,101.0700,4,9452,22,215,2582
5,100.8900,4,7788,3942,118,22
5,100.8900,4,7788,3942,118,22
5,100.8900,4,7788,3942,118,22
5,100.8500,4,3942,2404,118,22
5,100.8500,4,3942,2404,118,22
5,100.8500,4,3942,2404,118,22
5,100.8500,4,3942,2404,118,22
5,100.8500,4,3942,2404,118,22
5,100.8500,4,3942,2404,118,22
5,100.8500,4,3942,2404,118,22
5,100.5600,4,9452,5576,118,22
5,100.5600,4,9452,5576,118,22
5,100.5600,4,9452,5576,118,22
5,100.5500,4,7788,4072,118,22
5,100.4800,4,1562,22,215,1979
5,100.4800,4,1562,22,215,1979
5,100.4800,4,1562,22,215,1979
5,100.4800,4,1562,22,215,1979
5,100.4800,4,1562,22,215,1979
5,100.4800,4,1562,22,215,1979
5,100.4800,4,1562,22,215,1979
5,100.4800,4,1562,22,215,1979
5,100.4800,4,1562,22,215,1979
5,100.4800,4,1562,22,215,1979
5,100.4800,4,1562,22,215,1979
5,100.4800,4,1562,22,215,1979
5,100.4800,4,1562,22,215,1979
5,100.4800,4,1562,22,215,1979
5,100.4700,4,3942,7375,118,22
5,100.1000,4,575,22,118,2974
5,99.6300,4,22,9452,215,1979
5,99.6300,4,22,9452,215,1979
5,99.6300,4,22,9452,215,1979
5,99.5000,4,9452,22,215,624
5,99.4600,4,5370,3942,118,22
5,99.4600,4,5370,3942,118,22
5,99.4600,4,5370,3942,118,22
5,99.4600,4,5370,3942,118,22
5,99.4600,4,5370,3942,118,22
5,99.4600,4,5370,3942,118,22
5,99.4600,4,5370,3942,118,22
5,99.4600,4,5370,3942,118,22
5,99.4600,4,5370,3942,118,22
5,99.4400,4,9452,22,215,4668
5,99.4400,4,9452,22,215,4668
5,99.4400,4,9452,22,215,4668
5,99.4200,4,22,9452,215,1979
5,99.4200,4,22,9452,215,1979
5,99.4200,4,22,9452,215,1979
5,99.4200,4,22,9452,215,1979
5,99.4200,4,22,9452,215,1979
5,99.4200,4,22,9452,215,1979
5,99.3700,4,22,215,8455,1979
5,99.3600,4,22,9452,215,1979
5,99.3000,4,22,9452,215,2041
5,99.3000,4,22,9452,215,2041
5,99.3000,4,22,9452,215,2041
5,99.2700,4,3508,22,215,1979
5,99.2700,4,3508,22,215,1979
5,99.2700,4,3508,22,215,1979
5,99.2400,4,22,9452,215,1979
5,99.2400,4,22,9452,215,1979
5,99.2000,4,22,9452,215,1979
5,99.2000,4,22,9452,215,1979
5,99.2000,4,22,9452,215,1979
5,99.2000,4,22,9452,215,1979
5,99.2000,4,22,9452,215,1979
5,99.2000,4,22,9452,215,1979
5,99.2000,4,22,9452,215,1979
5,99.2000,4,22,9452,215,1979
5,99.2000,4,22,9452,215,1979
5,99.2000,4,22,9452,215,1979
5,99.2000,4,22,9452,215,1979
5,99.2000,4,22,9452,215,1979
5,99.2000,4,22,9452,215,1979
5,99.2000,4,22,9452,215,1979
5,99.2000,4,22,9452,215,1979
5,99.2000,4,22,9452,215,1979
5,99.2000,4,22,9452,215,1979
5,99.0300,4,7788,3942,118,22
5,99.0300,4,7788,3942,118,22
5,99.0300,4,7788,3942,118,22
5,99.0300,4,7788,3942,118,22
5,99.0300,4,7788,3942,118,22
5,99.0300,4,7788,3942,118,22
5,99.0300,4,7788,3942,118,22
5,99.0300,4,7788,3942,118,22
5,99.0300,4,7788,3942,118,22
5,99.0300,4,7788,3942,118,22
5,99.0200,4,3942,4072,118,22
5,99.0200,4,3942,4072,118,22
5,99.0200,4,3942,4072,118,22
5,99.0200,4,3942,4072,118,22
5,99.0200,4,3942,4072,118,22
5,98.9400,4,1562,22,215,1979
5,98.8700,4,7788,3942,118,22
5,98.8000,4,740,22,215,7226
5,98.8000,4,22,9452,215,1979
5,98.6900,4,22,9452,215,2655
5,98.6900,4,22,9452,215,7226
5,98.6900,4,22,9452,215,7226
5,98.6000,4,3942,2404,118,22
5,98.6000,4,5165,3374,118,22
5,98.6000,4,5165,3374,118,22
5,98.6000,4,5165,3374,118,22
5,98.6000,4,5165,3374,118,22
5,98.5300,4,9452,22,215,4941
5,98.5300,4,22,9452,215,1979
