n_nodes,influence,n0,n1,n2,n3,n4,n5,n6,n7,n8,n9
10,228.5600,1473,3621,6,3110,8,5773,14,337,375,954
10,227.5700,3835,6,1473,3621,8,14,3110,337,5773,375
10,227.5700,3835,6,1473,3621,8,14,3110,337,5773,375
10,227.5700,3835,6,1473,3621,8,14,3110,337,5773,375
10,226.2400,3835,6,1473,3621,8,14,3110,337,5773,375
10,226.1000,3835,6,1473,3621,8,14,3110,337,5773,375
10,226.1000,3835,6,1473,3621,8,14,3110,337,5773,375
10,226.1000,3835,6,1473,3621,8,14,3110,337,5773,375
10,226.1000,3835,6,1473,3621,8,14,3110,337,5773,375
10,226.1000,3835,6,1473,3621,8,14,3110,337,5773,375
10,226.1000,3835,6,1473,3621,8,14,3110,337,5773,375
10,225.9600,3835,6,1473,3621,8,14,3110,337,5773,375
10,225.9600,3835,6,1473,3621,8,14,3110,337,5773,375
10,225.8300,3835,6,1473,3621,8,14,3110,337,5773,375
10,225.3300,3835,6,1473,3621,8,14,3110,337,5773,375
10,225.2400,3835,6,1473,3621,8,14,3110,337,5773,375
10,225.2400,3835,6,1473,3621,8,14,3110,337,5773,375
10,225.2400,3835,6,1473,3621,8,14,3110,337,5773,375
10,224.8100,3835,6,1473,3621,8,14,3110,337,1060,5427
10,224.7500,3835,6,1473,3621,8,14,3110,337,5773,375
10,224.7500,3835,6,1473,3621,8,14,3110,337,5773,375
10,224.1800,1473,3621,6,3110,8,8193,14,337,375,3835
10,224.0400,3835,6,1473,3621,8,14,3110,337,5773,375
10,224.0200,3835,6,1473,3621,8,14,3110,337,5773,375
10,224.0200,3835,6,1473,3621,8,14,3110,337,5773,375
10,224.0200,3835,6,1473,3621,8,14,3110,337,5773,375
10,224.0200,3835,6,1473,3621,8,14,3110,337,5773,375
10,224.0200,3835,6,1473,3621,8,14,3110,337,5773,375
10,224.0200,3835,6,1473,3621,8,14,3110,337,5773,375
10,224.0200,3835,6,1473,3621,8,14,3110,337,5773,375
10,224.0200,3835,6,1473,3621,8,14,3110,337,5773,375
10,224.0200,3835,6,1473,3621,8,14,3110,337,5773,375
