n_nodes,influence,n0,n1,n2,n3,n4
5,9.2900,241013,105789,160702,246219,231362
5,9.2900,241013,105789,160702,246219,231362
5,9.2900,241013,105789,160702,246219,231362
5,9.2900,241013,105789,160702,246219,231362
5,9.2900,241013,105789,160702,246219,231362
5,9.2900,241013,105789,160702,246219,231362
5,9.2900,241013,105789,160702,246219,231362
5,9.2500,241013,105789,160702,94367,132320
5,9.2500,241013,105789,160702,94367,132320
5,9.2500,241013,105789,160702,94367,132320
5,9.2500,241013,105789,160702,94367,132320
5,9.2500,241013,105789,160702,94367,132320
5,9.2200,241013,105789,160702,246219,231362
5,9.2200,241013,105789,160702,246219,231362
5,9.2200,241013,105789,160702,246219,231362
5,9.2200,241013,105789,160702,246219,231362
5,9.2200,241013,105789,160702,246219,231362
5,9.2200,241013,105789,160702,246219,231362
5,9.2200,241013,105789,160702,246219,231362
5,9.2200,241013,105789,160702,246219,231362
5,9.2200,241013,105789,160702,246219,231362
5,9.2200,241013,105789,160702,246219,231362
5,9.2200,241013,105789,160702,246219,231362
5,9.2200,241013,105789,160702,246219,231362
5,9.2200,241013,105789,160702,246219,231362
5,9.2200,241013,105789,160702,246219,231362
5,9.2200,241013,105789,160702,246219,231362
5,9.2200,241013,105789,160702,246219,231362
5,9.2200,241013,105789,160702,246219,231362
5,9.2200,241013,105789,160702,246219,231362
5,9.2200,241013,105789,160702,246219,231362
5,9.2200,241013,105789,160702,246219,231362
5,9.2200,241013,105789,160702,246219,231362
5,9.2200,241013,105789,160702,246219,231362
5,9.2200,241013,105789,160702,246219,231362
5,9.2200,241013,105789,160702,246219,231362
5,9.2200,241013,105789,160702,246219,231362
5,9.2200,241013,105789,160702,246219,231362
5,9.2200,241013,105789,160702,246219,231362
5,9.2200,241013,105789,160702,246219,231362
5,9.2200,241013,105789,160702,246219,231362
5,9.2200,241013,105789,160702,246219,231362
5,9.2200,241013,105789,160702,246219,231362
5,9.2200,241013,105789,160702,246219,231362
5,9.2200,241013,105789,160702,246219,231362
5,9.2200,241013,105789,160702,246219,231362
5,9.2200,241013,105789,160702,246219,231362
5,9.2200,241013,105789,160702,246219,231362
5,9.2200,241013,105789,160702,246219,231362
5,9.2200,241013,105789,160702,246219,231362
5,9.2200,241013,105789,160702,246219,231362
5,9.2200,241013,105789,160702,246219,231362
5,9.2200,241013,105789,160702,246219,231362
5,9.2200,241013,105789,160702,246219,231362
5,9.2200,241013,105789,160702,246219,231362
5,9.2200,241013,105789,160702,246219,231362
5,9.2200,241013,105789,160702,246219,231362
5,9.2200,241013,105789,160702,246219,231362
5,9.2200,241013,105789,160702,246219,231362
5,9.2200,241013,105789,160702,246219,231362
5,9.2200,241013,105789,160702,246219,231362
5,9.2200,241013,105789,160702,246219,231362
5,9.2200,241013,105789,160702,246219,231362
5,9.2200,241013,105789,160702,246219,231362
5,9.2200,241013,105789,160702,246219,231362
5,9.2200,241013,105789,160702,246219,231362
5,9.2200,241013,105789,160702,246219,231362
5,9.2200,241013,105789,160702,246219,231362
5,9.2200,241013,105789,160702,246219,231362
5,9.2200,241013,105789,160702,246219,231362
5,9.2200,241013,105789,160702,246219,231362
5,9.2200,241013,105789,160702,246219,231362
5,9.2200,241013,105789,160702,246219,231362
5,9.2200,241013,105789,160702,246219,231362
5,9.2200,241013,105789,160702,246219,231362
5,9.2200,241013,105789,160702,246219,231362
5,9.2200,241013,105789,160702,246219,231362
5,9.2200,241013,105789,160702,246219,231362
5,9.2200,241013,105789,160702,246219,231362
5,9.2200,241013,105789,160702,246219,231362
5,9.2200,241013,105789,160702,246219,231362
5,9.2200,241013,105789,160702,246219,231362
5,9.2200,241013,105789,160702,246219,231362
5,9.2200,241013,105789,160702,246219,231362
5,9.2200,241013,105789,160702,246219,231362
5,9.2200,241013,105789,160702,246219,231362
5,9.2200,241013,105789,160702,246219,231362
5,9.2200,241013,105789,160702,246219,231362
5,9.2200,241013,105789,160702,246219,231362
5,9.2200,241013,105789,160702,246219,231362
5,9.2200,241013,105789,160702,246219,231362
5,9.2200,241013,105789,160702,246219,231362
5,9.2200,241013,105789,160702,246219,231362
5,9.2200,241013,105789,160702,246219,231362
5,9.2200,241013,105789,160702,246219,231362
5,9.2200,241013,105789,160702,246219,231362
5,9.2200,241013,105789,160702,246219,231362
5,9.2200,241013,105789,160702,246219,231362
5,9.2200,241013,105789,160702,246219,231362
5,9.2200,241013,105789,160702,246219,231362
5,9.2200,241013,105789,160702,246219,231362
5,9.2200,241013,105789,160702,246219,231362
5,9.2200,241013,105789,160702,246219,231362
5,9.2200,241013,105789,160702,246219,231362
5,9.2200,241013,105789,160702,246219,231362
5,9.2200,241013,105789,160702,246219,231362
5,9.2200,241013,105789,160702,246219,231362
5,9.2200,241013,105789,160702,246219,231362
5,9.2200,241013,105789,160702,246219,231362
5,9.2200,241013,105789,160702,246219,231362
5,9.2200,241013,105789,160702,246219,231362
5,9.2200,241013,105789,160702,246219,231362
5,9.2200,241013,105789,160702,246219,231362
5,9.2200,241013,105789,160702,246219,231362
5,9.2200,241013,105789,160702,246219,231362
5,9.2200,241013,105789,160702,246219,231362
5,9.2200,241013,105789,160702,246219,231362
5,9.2200,241013,105789,160702,246219,231362
5,9.2200,241013,105789,160702,246219,231362
5,9.2200,241013,105789,160702,246219,231362
5,9.2200,241013,105789,160702,246219,231362
5,9.2200,241013,105789,160702,246219,231362
5,9.2200,241013,105789,160702,246219,231362
5,9.2200,241013,105789,160702,246219,231362
5,9.2200,241013,105789,160702,246219,231362
5,9.2200,241013,105789,160702,246219,231362
5,9.2200,241013,105789,160702,246219,231362
5,9.2200,241013,105789,160702,246219,231362
