num_genrations,diversity,improvement,best_fitness
0,0.9991071428571429,0,332.23
1,0.9529761904761904,0.1533275140715769,383.17
2,0.8547619047619048,0.06349662029908391,407.5
3,0.7692460317460318,0.05904294478527608,431.56
4,0.7360119047619048,0.05466215589952724,455.15
5,0.5176587301587302,0.03451609359551804,470.86
6,0.5488095238095239,0.002782143312237188,472.17
7,0.5626984126984127,0.26160069466505714,595.69
8,0.37936507936507946,0.0,595.69
9,0.377281746031746,0.0,595.69
10,0.2713293650793652,0.0,595.69
