generation number, pop_size, worst, best, median, avg, std, diversity, improvement, number_of_selections
0, 10, 3.04, 3.13, 3.075, 3.085, 0.02872281323269012,0.9111111111111111,0,[1.e-300]
1, 10, 3.06, 3.22, 3.12, 3.127, 0.04050925820105822,0.8814814814814815,0.028753993610223738,[10.]
2, 10, 3.08, 3.22, 3.12, 3.129, 0.04678675026115837,0.7703703703703704,0.0,[20.]
3, 10, 3.08, 3.22, 3.1, 3.1189999999999998, 0.04346262762420152,0.7037037037037037,0.0,[30.]
4, 10, 3.09, 3.22, 3.0949999999999998, 3.121, 0.043231932642434676,0.6444444444444444,0.0,[40.]
5, 10, 3.07, 3.22, 3.115, 3.121, 0.0463573079459971,0.7481481481481481,0.0,[50.]
6, 10, 3.06, 3.22, 3.105, 3.117, 0.04920365840057023,0.7481481481481481,0.0,[60.]
7, 10, 3.05, 3.22, 3.135, 3.13, 0.06340346993658952,0.711111111111111,0.0,[70.]
8, 10, 3.06, 3.22, 3.1100000000000003, 3.1249999999999996, 0.05277309920783511,0.7777777777777778,0.0,[80.]
9, 10, 3.07, 3.22, 3.11, 3.126, 0.04543126676640229,0.7925925925925926,0.0,[90.]
10, 10, 3.04, 3.22, 3.11, 3.1109999999999998, 0.058386642307980095,0.762962962962963,0.0,[100.]
