num_genrations,diversity,improvement,best_fitness
0,0.995398622047244,0,16.15480943370424
1,0.9735482283464567,-0.008485124678826986,16.01773386149657
2,0.9358267716535433,0.00631155417923158,16.118830656591918
3,0.8863681102362204,0.019732142774421424,16.43688972446451
4,0.8385334645669291,0.007934992988718262,16.56731632918447
5,0.7696850393700787,0.009784156300033656,16.729413541621312
6,0.6323818897637795,0.001669310500366618,16.757340127311316
7,0.46414862204724405,0.01506605199228523,17.009807084921796
8,0.5024114173228347,0.0,17.009807084921796
9,0.44249507874015737,0.005015743638337107,17.095123916597334
10,0.33764763779527596,0.0021808952609763906,17.132406591332845
