n_nodes,influence,n0,n1,n2,n3,n4
5,17.1324,261,105,401,789,157
5,17.0951,261,789,206,731,157
5,17.0951,261,789,206,731,157
5,17.0951,261,789,206,731,157
5,17.0951,261,789,206,731,157
5,17.0951,261,789,206,731,157
5,17.0951,261,789,206,731,157
5,17.0098,165,261,789,777,157
5,17.0098,165,261,789,777,157
5,17.0098,165,261,789,777,157
5,17.0098,165,261,789,777,157
5,17.0098,165,261,789,777,157
5,17.0098,165,261,789,777,157
5,17.0098,165,261,789,777,157
5,16.9458,261,789,206,946,157
5,16.9458,261,789,206,946,157
5,16.9458,261,789,206,946,157
5,16.9458,261,789,206,946,157
5,16.9458,261,789,206,946,157
5,16.9458,261,789,206,946,157
5,16.9458,261,789,206,946,157
5,16.9458,261,789,206,946,157
5,16.9458,261,789,206,946,157
5,16.9458,261,789,206,946,157
5,16.9266,231,789,206,946,157
5,16.9266,231,789,206,946,157
5,16.9266,231,789,206,946,157
5,16.8882,261,789,105,731,157
5,16.8882,261,789,105,731,157
5,16.8882,261,789,105,731,157
5,16.8882,261,789,105,731,157
5,16.8882,261,789,105,731,157
5,16.8882,261,789,105,731,157
5,16.8882,261,789,105,731,157
5,16.8882,261,789,105,731,157
5,16.8882,261,789,105,731,157
5,16.8882,261,789,105,731,157
5,16.8882,261,789,105,731,157
5,16.8882,261,789,105,731,157
5,16.8882,261,789,105,731,157
5,16.8882,261,789,105,731,157
5,16.8882,261,789,105,731,157
5,16.8882,261,789,105,731,157
5,16.8882,261,789,105,731,157
5,16.8882,261,789,105,731,157
5,16.8882,261,789,105,731,157
5,16.8882,261,789,105,731,157
5,16.8882,261,789,105,731,157
5,16.8882,261,789,105,731,157
5,16.8882,261,789,105,731,157
5,16.8882,261,789,105,731,157
5,16.8882,261,789,105,731,157
5,16.8882,261,789,105,731,157
5,16.8882,261,789,105,731,157
5,16.8882,261,789,105,731,157
5,16.8882,261,789,105,731,157
5,16.8882,261,789,105,731,157
5,16.8882,261,789,105,731,157
5,16.8882,261,789,105,731,157
5,16.8882,261,789,105,731,157
5,16.8882,261,789,105,731,157
5,16.8882,261,789,105,731,157
5,16.8882,261,789,105,731,157
5,16.8882,261,789,105,731,157
5,16.8882,261,789,105,731,157
5,16.8882,261,789,105,731,157
5,16.8882,261,789,105,731,157
5,16.8882,261,789,105,731,157
5,16.8882,261,789,105,731,157
5,16.8415,261,789,206,370,157
5,16.8415,261,789,206,370,157
5,16.8415,261,789,206,370,157
5,16.8415,261,789,206,370,157
5,16.8415,261,789,206,370,157
5,16.8415,261,789,206,370,157
5,16.8415,261,789,206,370,157
5,16.8415,261,789,206,370,157
5,16.8415,261,789,206,370,157
5,16.8415,261,789,206,370,157
5,16.8415,261,789,206,370,157
5,16.8415,261,789,206,370,157
5,16.8389,261,504,241,890,157
5,16.8389,261,504,241,890,157
5,16.8366,611,261,46,789,157
5,16.8366,611,261,46,789,157
5,16.8366,611,261,46,789,157
5,16.8171,261,789,105,777,157
5,16.8059,261,206,789,731,473
5,16.8054,241,261,370,731,157
5,16.8054,241,261,370,731,157
5,16.8010,231,789,206,370,157
5,16.7739,261,789,206,731,894
5,16.7739,261,789,206,731,894
5,16.7739,261,789,206,731,894
5,16.7739,261,789,206,731,894
5,16.7739,261,789,206,731,894
5,16.7739,261,789,206,731,894
5,16.7739,261,789,206,731,894
5,16.7739,261,789,206,731,894
5,16.7739,261,789,206,731,894
5,16.7739,261,789,206,731,894
5,16.7739,261,789,206,731,894
5,16.7739,261,789,206,731,894
5,16.7739,261,789,206,731,894
5,16.7739,261,789,206,731,894
5,16.7614,261,789,105,20,157
5,16.7614,261,789,105,20,157
5,16.7614,261,789,105,20,157
5,16.7614,261,789,105,20,157
5,16.7614,261,789,105,20,157
5,16.7614,261,789,105,20,157
5,16.7614,261,789,105,20,157
5,16.7614,261,789,105,20,157
5,16.7614,261,789,105,20,157
5,16.7614,261,789,105,20,157
5,16.7614,261,789,105,20,157
5,16.7614,261,789,105,20,157
5,16.7614,261,789,105,20,157
5,16.7614,261,789,105,20,157
5,16.7573,261,789,427,890,157
5,16.7573,261,789,427,890,157
5,16.7573,261,789,427,890,157
5,16.7573,261,789,427,890,157
5,16.7573,261,789,427,890,157
5,16.7573,261,789,427,890,157
5,16.7573,261,789,427,890,157
5,16.7573,261,789,427,890,157
5,16.7573,261,789,427,890,157
