n_nodes,influence,n0,n1,n2,n3,n4,n5,n6,n7,n8,n9,n10,n11,n12
13,49.8200,162,9,586,45,173,5,465,339,372,373,310,562,984
13,49.8200,162,9,586,45,173,5,465,339,372,373,310,562,984
13,43.0400,9,586,45,117,241,465,179,339,372,373,310,562,984
13,43.0400,9,586,45,117,241,465,179,339,372,373,310,562,984
13,42.6000,162,9,586,45,173,241,465,339,372,373,310,139,984
13,42.4400,241,9,586,45,173,179,465,339,372,373,310,562,984
13,42.4400,241,9,586,45,173,179,465,339,372,373,310,562,984
13,42.4400,241,9,586,45,173,179,465,339,372,373,310,562,984
13,42.4400,241,9,586,45,173,179,465,339,372,373,310,562,984
13,42.4400,241,9,586,45,173,179,465,339,372,373,310,562,984
13,42.4400,241,9,586,45,173,179,465,339,372,373,310,562,984
13,42.4400,241,9,586,45,173,179,465,339,372,373,310,562,984
13,42.4400,241,9,586,45,173,179,465,339,372,373,310,562,984
13,42.2500,162,9,142,45,173,179,465,339,372,373,310,562,984
13,42.1400,162,9,142,45,173,241,465,339,372,373,310,562,984
13,42.0800,162,9,586,939,45,173,241,465,339,372,373,310,212
