n_nodes,influence,n0,n1,n2,n3,n4,n5,n6,n7,n8
9,46.0700,5697,7942,7276,6671,3642,4926,729,4666,3454
9,45.2400,5697,7942,7276,6671,3642,4760,729,5754,3454
9,44.9600,5697,7942,7276,6671,4666,4760,729,3642,3454
9,44.6300,5697,7942,7276,6671,3642,4760,265,4666,3454
9,44.4900,5697,1547,7276,6671,4666,4760,729,3642,3454
9,44.4900,5697,1547,7276,6671,4666,4760,729,3642,3454
9,44.3300,5697,7942,7276,6671,4666,4760,729,3642,3454
9,43.4500,5697,7942,7276,6671,4666,4760,729,3642,3454
9,43.4500,5697,7942,7276,6671,4666,4760,729,3642,3454
9,43.4500,5697,7942,7276,6671,4666,4760,729,3642,3454
9,43.4500,5697,7942,7276,6671,4666,4760,729,3642,3454
9,43.4500,5697,7942,7276,6671,4666,4760,729,3642,3454
9,43.4500,5697,7942,7276,6671,4666,4760,729,3642,3454
9,43.4500,5697,7942,7276,6671,4666,4760,729,3642,3454
9,43.4500,5697,7942,7276,6671,4666,4760,729,3642,3454
9,43.4500,5697,7942,7276,6671,4666,4760,729,3642,3454
