num_genrations,diversity,improvement,best_fitness
0,0.9891838383838384,0,90.15
1,0.9222141414141414,0.018080976150859625,91.78
2,0.44002020202020187,0.10775768141207236,101.67
3,0.45322828282828287,0.06403068751844207,108.18
4,0.517729292929293,0.013773340728415556,109.67
5,0.33558383838383843,0.054709583295340564,115.67
6,0.41506262626262613,0.07158295149995678,123.95
7,0.3222222222222223,0.03743444937474789,128.59
8,0.26212525252525254,0.0,128.59
9,0.250440404040404,0.04611556108562102,134.52
10,0.19277171717171737,0.01442164733868568,136.46
11,0.09631515151515158,0.025135570863256473,139.89
12,0.11302626262626247,0.028093502037315084,143.82
13,0.0831595959595961,0.001321095814212194,144.01
14,0.056278787878787706,0.024651065898201593,147.56
15,0.06278787878787839,0.0,147.56
16,0.04886060606060605,0.004811602060178964,148.27
17,0.02068686868686853,0.0006744452687664012,148.37
18,0.026105050505050298,0.007953090247354633,149.55
19,0.01383030303030297,0.005416248746238731,150.36
20,0.017543434343434416,0.0,150.36
21,0.016896969696969633,0.018422452779994557,153.13
22,0.011963636363636176,0.0,153.13
23,0.023927272727272575,0.0074446548684125565,154.27
24,0.015329292929293414,0.0,154.27
25,0.013098989898989832,0.0,154.27
26,0.00715555555555536,0.0033058922668048932,154.78
27,0.0023919191919190563,0.0,154.78
28,0.002395959595959618,0.0,154.78
29,0.00039999999999995595,0.0,154.78
30,0.0019999999999995577,0.0,154.78
31,0.003991919191919102,0.004910195115647957,155.54
32,0.0028000000000002467,0.0,155.54
33,0.0031999999999999806,0.0,155.54
34,0.0031919191919190792,0.0,155.54
35,0.0039878787878788735,0.0,155.54
36,0.0023999999999999577,0.0,155.54
37,0.0031515151515152384,0.0,155.54
38,0.0028000000000001357,0.0,155.54
39,0.0027919191919191233,0.0,155.54
40,0.0028000000000001357,0.0,155.54
41,0.0023757575757575866,0.0,155.54
42,0.003595959595959486,0.0,155.54
43,0.0023999999999999577,0.0,155.54
44,0.003583838383838245,0.0,155.54
45,0.004387878787878496,0.001414427157001407,155.76
46,0.0027919191919193453,0.0,155.76
47,0.0019999999999997797,0.0,155.76
48,0.0011999999999996458,0.0,155.76
49,0.0024000000000000687,0.0,155.76
50,0.0011999999999998678,0.0,155.76
51,0.0031919191919190792,0.0,155.76
52,0.0019919191919187673,0.0,155.76
53,0.0023999999999999577,0.0,155.76
54,0.0031999999999999806,0.0,155.76
55,0.0019999999999997797,0.0,155.76
56,0.004791919191918903,0.0,155.76
57,0.0011999999999996458,0.0,155.76
58,0.0032000000000000917,0.0,155.76
59,0.001600000000000379,0.0,155.76
60,0.0024000000000000687,0.0,155.76
61,0.001600000000000379,0.0,155.76
62,0.00439595959595962,0.0,155.76
63,0.0024000000000000687,0.0,155.76
64,0.001195959595959084,0.0,155.76
65,0.0019999999999995577,0.0,155.76
66,0.003995959595959331,0.0,155.76
67,0.0019999999999995577,0.0,155.76
68,0.0019999999999997797,0.0,155.76
69,0.0031999999999996476,0.004044684129429863,156.39
70,0.0015959595959600392,-0.004028390562056369,155.76
71,0.003983838383838201,0.0,155.76
72,0.0015959595959600392,0.010593220338983089,157.41
73,0.0024000000000001798,0.0,157.41
74,0.0028000000000000247,0.0,157.41
75,0.0023999999999999577,0.0,157.41
76,0.004391919191918947,0.0,157.41
77,0.003567676767676775,0.0,157.41
78,0.004674747474747054,0.0,157.41
79,0.0011999999999998678,0.0,157.41
80,0.001600000000000379,0.0,157.41
81,0.002395959595959618,0.0,157.41
82,0.0036000000000001586,0.0,157.41
83,0.0028000000000001357,0.0,157.41
84,0.0023878787878787167,0.0,157.41
85,0.0019919191919188783,0.0,157.41
86,0.0011999999999998678,0.0,157.41
87,0.00039999999999995595,0.0,157.41
88,0.003991919191919102,0.0,157.41
89,0.0019999999999995577,0.0,157.41
90,0.0023919191919190563,0.0,157.41
91,0.001995959595959218,0.0,157.41
92,0.0007999999999998009,0.0,157.41
93,0.0039999999999997815,0.0,157.41
94,0.0039878787878787625,0.0,157.41
95,0.002395959595959618,0.0,157.41
96,0.0031757575757570544,0.0,157.41
97,0.004323232323231951,0.0,157.41
98,0.002795959595959796,0.0,157.41
99,0.0019999999999997797,0.0,157.41
100,0.0027999999999996916,0.0,157.41
