generation number, individual number, fitness, candidate
0, 0, 67.62, [576, 1509]
0, 1, 14.02, [140, 1350]
0, 2, 12.0, [1480, 576]
0, 3, 11.0, [1025, 140]
0, 4, 9.0, [2171, 320]
0, 5, 8.0, [320, 1401]
0, 6, 8.0, [2171, 1247]
0, 7, 7.0, [2171, 831]
0, 8, 6.0, [1827, 1078]
0, 9, 3.0, [1201, 975]
1, 0, 67.62, [576, 1509]
1, 1, 61.25, [2989, 1509]
1, 2, 17.0, [140, 1091]
1, 3, 14.02, [140, 1350]
1, 4, 14.0, [576, 1401]
1, 5, 12.94, [1430, 1350]
1, 6, 9.04, [645, 1350]
1, 7, 7.0, [140, 1201]
1, 8, 3.42, [788, 1201]
1, 9, 3.0, [1287, 1424]
2, 0, 67.62, [576, 1509]
2, 1, 63.42, [1480, 1509]
2, 2, 61.25, [2989, 1509]
2, 3, 10.68, [788, 1350]
2, 4, 10.47, [1224, 1028]
2, 5, 10.0, [1351, 1141]
2, 6, 8.0, [576, 1287]
2, 7, 8.0, [140, 1652]
2, 8, 7.0, [576, 1767]
2, 9, 5.0, [1190, 421]
3, 0, 67.62, [576, 1509]
3, 1, 65.28, [1827, 1509]
3, 2, 64.1, [1417, 1509]
3, 3, 63.42, [1480, 1509]
3, 4, 63.34, [1480, 1509]
3, 5, 63.34, [1480, 1509]
3, 6, 63.27, [1401, 1509]
3, 7, 17.54, [1425, 1224]
3, 8, 9.49, [1480, 1328]
3, 9, 9.0, [1040, 1425]
4, 0, 67.62, [576, 1509]
4, 1, 65.61, [1827, 1509]
4, 2, 65.28, [1827, 1509]
4, 3, 9.0, [576, 320]
4, 4, 8.0, [2171, 1078]
4, 5, 7.0, [1480, 1424]
4, 6, 7.0, [576, 1437]
4, 7, 6.0, [421, 717]
4, 8, 6.0, [1827, 1287]
4, 9, 3.0, [717, 1028]
5, 0, 67.62, [576, 1509]
5, 1, 65.61, [1827, 1509]
5, 2, 62.43, [3124, 1509]
5, 3, 13.53, [1223, 1350]
5, 4, 10.0, [1417, 2171]
5, 5, 8.0, [576, 717]
5, 6, 8.0, [1247, 1480]
5, 7, 7.0, [1107, 2171]
5, 8, 5.0, [1827, 1695]
5, 9, 4.52, [717, 788]
6, 0, 67.62, [576, 1509]
6, 1, 65.61, [1827, 1509]
6, 2, 64.74, [1509, 1328]
6, 3, 14.0, [576, 1425]
6, 4, 9.0, [1425, 1107]
6, 5, 8.0, [775, 576]
6, 6, 8.0, [1141, 421]
6, 7, 7.0, [576, 831]
6, 8, 7.0, [1430, 1247]
6, 9, 5.0, [1827, 1201]
7, 0, 67.62, [576, 1509]
7, 1, 65.61, [1827, 1509]
7, 2, 65.19, [1025, 1509]
7, 3, 61.23, [1652, 1509]
7, 4, 11.8, [1350, 1827]
7, 5, 9.0, [1059, 1425]
7, 6, 8.58, [2171, 788]
7, 7, 8.0, [576, 1146]
7, 8, 7.0, [1351, 2989]
7, 9, 5.0, [320, 1652]
8, 0, 67.62, [576, 1509]
8, 1, 65.61, [1827, 1509]
8, 2, 61.4, [775, 1509]
8, 3, 10.0, [576, 1417]
8, 4, 8.0, [576, 717]
8, 5, 7.0, [1332, 1146]
8, 6, 7.0, [1190, 2320]
8, 7, 6.47, [1223, 2989]
8, 8, 5.51, [1328, 775]
8, 9, 5.0, [1040, 1417]
9, 0, 67.62, [576, 1509]
9, 1, 65.61, [1827, 1509]
9, 2, 64.57, [1417, 1509]
9, 3, 61.95, [1028, 1509]
9, 4, 8.0, [576, 775]
9, 5, 7.0, [1480, 1107]
9, 6, 7.0, [576, 1695]
9, 7, 7.0, [645, 1351]
9, 8, 6.45, [1223, 1767]
9, 9, 6.0, [1417, 717]
10, 0, 67.62, [576, 1509]
10, 1, 65.61, [1827, 1509]
10, 2, 64.96, [1328, 1509]
10, 3, 61.22, [1040, 1509]
10, 4, 12.0, [576, 1351]
10, 5, 7.0, [576, 3124]
10, 6, 7.0, [1827, 320]
10, 7, 6.0, [1417, 717]
10, 8, 5.0, [1827, 1368]
10, 9, 4.55, [788, 717]
