n_nodes,influence,n0,n1,n2,n3,n4,n5,n6,n7,n8,n9,n10,n11,n12,n13,n14
15,53.9400,9437,241095,59479,180535,49020,247226,91489,214208,192001,219518,56613,201904,66949,250650,231362
15,53.8400,9437,241095,59479,180535,49020,247226,91489,214208,192001,219518,56613,201904,66949,250650,98303
15,53.8400,9437,241095,59479,180535,49020,247226,91489,214208,192001,219518,56613,201904,66949,250650,98303
15,53.8400,9437,241095,59479,180535,49020,247226,91489,214208,192001,219518,56613,201904,66949,250650,98303
15,53.8400,9437,241095,59479,180535,49020,247226,91489,214208,192001,219518,56613,201904,66949,250650,98303
15,53.8400,9437,241095,59479,180535,49020,247226,91489,214208,192001,219518,56613,201904,66949,250650,98303
15,53.8400,9437,241095,59479,180535,49020,247226,91489,214208,192001,219518,56613,201904,66949,250650,98303
15,53.8400,9437,241095,59479,180535,49020,247226,91489,214208,192001,219518,56613,201904,66949,250650,98303
15,53.8100,214208,91489,192001,231362,214644,66949,241095,246219,201904,59479,180535,247226,49020,9437,219518
15,53.8100,214208,91489,192001,231362,214644,66949,241095,246219,201904,59479,180535,247226,49020,9437,219518
15,53.8100,214208,91489,192001,231362,214644,66949,241095,246219,201904,59479,180535,247226,49020,9437,219518
15,53.8100,214208,91489,192001,231362,214644,66949,241095,246219,201904,59479,180535,247226,49020,9437,219518
15,53.8100,214208,91489,192001,231362,214644,66949,241095,246219,201904,59479,180535,247226,49020,9437,219518
15,53.8100,214208,91489,192001,231362,214644,66949,241095,246219,201904,59479,180535,247226,49020,9437,219518
15,53.8100,214208,91489,192001,231362,214644,66949,241095,246219,201904,59479,180535,247226,49020,9437,219518
15,53.8100,214208,91489,192001,231362,214644,66949,241095,246219,201904,59479,180535,247226,49020,9437,219518
15,53.7900,9437,241095,59479,180535,49020,247226,91489,214208,192001,219518,56613,201904,66949,250650,98303
15,53.6900,214208,208670,192001,231362,56613,66949,241095,246219,201904,59479,180535,247226,49020,9437,219518
15,53.6500,9437,241095,59479,180535,49020,247226,91489,214208,192001,219518,56613,201904,66949,246219,231362
15,53.6500,9437,241095,59479,180535,49020,247226,91489,214208,192001,219518,56613,201904,66949,246219,231362
15,53.6500,9437,241095,59479,180535,49020,247226,91489,214208,192001,219518,56613,201904,66949,246219,231362
15,53.6500,9437,241095,59479,180535,49020,247226,91489,214208,192001,219518,56613,201904,66949,246219,231362
15,53.6500,9437,241095,59479,180535,49020,247226,91489,214208,192001,219518,56613,201904,66949,246219,231362
15,53.6500,9437,241095,59479,180535,49020,247226,91489,214208,192001,219518,56613,201904,66949,246219,231362
15,53.6500,9437,241095,59479,180535,49020,247226,91489,214208,192001,219518,56613,201904,66949,246219,231362
15,53.6500,9437,241095,59479,180535,49020,247226,91489,214208,192001,219518,56613,201904,66949,246219,231362
15,53.6500,9437,241095,59479,180535,49020,247226,91489,214208,192001,219518,56613,201904,66949,246219,231362
15,53.6500,9437,241095,59479,180535,49020,247226,91489,214208,192001,219518,56613,201904,66949,246219,231362
15,53.6500,9437,241095,59479,180535,49020,247226,91489,214208,192001,219518,56613,201904,66949,246219,231362
15,53.5800,9437,241095,59479,180535,49020,247226,91489,214208,192001,219518,56613,201904,66949,92444,5246
15,53.5800,9437,241095,59479,180535,49020,247226,91489,214208,192001,219518,56613,201904,66949,92444,5246
15,53.5800,9437,241095,59479,180535,49020,247226,91489,214208,192001,219518,56613,201904,66949,92444,5246
