generation number, individual number, fitness, candidate
0, 0, 2.04, [320, 970]
0, 1, 2.02, [1332, 1028]
0, 2, 2.02, [1652, 1403]
0, 3, 2.02, [749, 1157]
0, 4, 2.02, [1230, 2171]
0, 5, 2.01, [970, 1224]
0, 6, 2.01, [1025, 1401]
0, 7, 2.0, [2110, 645]
0, 8, 2.0, [1368, 1131]
0, 9, 2.0, [521, 1091]
1, 0, 2.05, [1480, 970]
1, 1, 2.04, [585, 576]
1, 2, 2.04, [320, 970]
1, 3, 2.03, [1425, 314]
1, 4, 2.02, [1827, 1226]
1, 5, 2.02, [1224, 1695]
1, 6, 2.02, [1332, 1028]
1, 7, 2.0, [320, 1424]
1, 8, 2.0, [975, 970]
1, 9, 2.0, [751, 2332]
2, 0, 2.05, [1480, 970]
2, 1, 2.04, [1332, 970]
2, 2, 2.04, [585, 576]
2, 3, 2.03, [1425, 314]
2, 4, 2.03, [1442, 1201]
2, 5, 2.01, [320, 1906]
2, 6, 2.01, [1368, 717]
2, 7, 2.01, [5684, 1611]
2, 8, 2.0, [1347, 697]
2, 9, 2.0, [1378, 4227]
3, 0, 2.05, [1480, 970]
3, 1, 2.04, [576, 970]
3, 2, 2.04, [1332, 970]
3, 3, 2.02, [1480, 571]
3, 4, 2.02, [1157, 970]
3, 5, 2.01, [1058, 970]
3, 6, 2.01, [1107, 1141]
3, 7, 2.01, [1715, 975]
3, 8, 2.0, [787, 1078]
3, 9, 2.0, [1149, 970]
4, 0, 2.05, [576, 1223]
4, 1, 2.05, [1480, 970]
4, 2, 2.04, [576, 970]
4, 3, 2.03, [1480, 1580]
4, 4, 2.02, [831, 326]
4, 5, 2.02, [421, 1990]
4, 6, 2.0, [1190, 1580]
4, 7, 2.0, [1168, 749]
4, 8, 2.0, [1497, 970]
4, 9, 2.0, [1190, 785]
5, 0, 2.05, [571, 970]
5, 1, 2.05, [576, 1518]
5, 2, 2.05, [576, 1223]
5, 3, 2.05, [1480, 970]
5, 4, 2.04, [717, 2094]
5, 5, 2.03, [905, 1223]
5, 6, 2.03, [1442, 1497]
5, 7, 2.03, [571, 970]
5, 8, 2.03, [1480, 1407]
5, 9, 2.02, [1059, 1407]
6, 0, 2.1, [1480, 1407]
6, 1, 2.05, [571, 970]
6, 2, 2.05, [576, 1518]
6, 3, 2.04, [571, 1407]
6, 4, 2.04, [576, 1351]
6, 5, 2.02, [421, 1437]
6, 6, 2.01, [571, 970]
6, 7, 2.01, [1417, 1223]
6, 8, 2.01, [571, 2094]
6, 9, 2.0, [1168, 970]
7, 0, 2.1, [1480, 1407]
7, 1, 2.08, [576, 1328]
7, 2, 2.06, [571, 1328]
7, 3, 2.05, [571, 970]
7, 4, 2.04, [571, 1328]
7, 5, 2.03, [1247, 1407]
7, 6, 2.02, [1480, 1430]
7, 7, 2.02, [571, 1990]
7, 8, 2.01, [140, 970]
7, 9, 2.0, [1347, 970]
8, 0, 2.1, [1480, 1407]
8, 1, 2.08, [576, 1328]
8, 2, 2.05, [571, 1328]
8, 3, 2.04, [2110, 1328]
8, 4, 2.03, [1347, 1328]
8, 5, 2.03, [1332, 717]
8, 6, 2.02, [1480, 1279]
8, 7, 2.02, [314, 1328]
8, 8, 2.01, [905, 140]
8, 9, 2.01, [2989, 1442]
9, 0, 2.1, [1480, 1407]
9, 1, 2.08, [576, 1328]
9, 2, 2.04, [1141, 645]
9, 3, 2.03, [645, 1328]
9, 4, 2.02, [1068, 1201]
9, 5, 2.02, [1347, 521]
9, 6, 2.01, [1403, 1347]
9, 7, 2.01, [1417, 1715]
9, 8, 2.0, [1212, 521]
9, 9, 2.0, [1040, 2094]
10, 0, 2.1, [1480, 1407]
10, 1, 2.08, [576, 1328]
10, 2, 2.08, [576, 1328]
10, 3, 2.06, [1347, 1328]
10, 4, 2.06, [1347, 1328]
10, 5, 2.05, [576, 1328]
10, 6, 2.05, [645, 1328]
10, 7, 2.03, [576, 1695]
10, 8, 2.03, [1480, 1279]
10, 9, 2.03, [1201, 1328]
11, 0, 2.1, [1480, 1407]
11, 1, 2.08, [576, 1328]
11, 2, 2.07, [576, 1328]
11, 3, 2.04, [576, 775]
11, 4, 2.04, [1480, 970]
11, 5, 2.03, [1064, 1402]
11, 6, 2.03, [576, 1328]
11, 7, 2.02, [1347, 1328]
11, 8, 2.02, [1368, 1328]
11, 9, 2.01, [3662, 695]
12, 0, 2.1, [576, 1328]
12, 1, 2.1, [1480, 1407]
12, 2, 2.09, [576, 1091]
12, 3, 2.08, [576, 1328]
12, 4, 2.05, [576, 717]
12, 5, 2.03, [1480, 1028]
12, 6, 2.03, [1480, 320]
12, 7, 2.03, [1480, 2171]
12, 8, 2.01, [314, 1078]
12, 9, 2.01, [571, 1407]
13, 0, 2.1, [576, 1328]
13, 1, 2.1, [1480, 1407]
13, 2, 2.08, [785, 1091]
13, 3, 2.04, [1068, 1328]
13, 4, 2.03, [314, 1407]
13, 5, 2.02, [1480, 1311]
13, 6, 2.02, [326, 1407]
13, 7, 2.02, [576, 6917]
13, 8, 2.01, [1347, 1328]
13, 9, 2.01, [645, 1407]
14, 0, 2.1, [576, 1328]
14, 1, 2.1, [1480, 1407]
14, 2, 2.06, [1350, 1407]
14, 3, 2.05, [1497, 1328]
14, 4, 2.04, [576, 749]
14, 5, 2.04, [1480, 1279]
14, 6, 2.04, [1619, 749]
14, 7, 2.03, [571, 1407]
14, 8, 2.02, [1611, 1068]
14, 9, 2.01, [576, 1430]
15, 0, 2.16, [1509, 1518]
15, 1, 2.1, [576, 1328]
15, 2, 2.1, [1480, 1407]
15, 3, 2.07, [1990, 1475]
15, 4, 2.05, [1497, 1328]
15, 5, 2.05, [1480, 1212]
15, 6, 2.04, [1497, 1328]
15, 7, 2.03, [1078, 905]
15, 8, 2.02, [1497, 1328]
15, 9, 2.02, [1497, 1328]
16, 0, 2.25, [1509, 1328]
16, 1, 2.16, [1509, 1518]
16, 2, 2.14, [1509, 1225]
16, 3, 2.1, [576, 1328]
16, 4, 2.01, [1403, 1518]
16, 5, 2.01, [326, 1935]
16, 6, 2.01, [1407, 1518]
16, 7, 2.01, [1480, 1028]
16, 8, 2.01, [314, 1407]
16, 9, 2.0, [2110, 1518]
17, 0, 2.25, [1509, 1328]
17, 1, 2.18, [1509, 970]
17, 2, 2.16, [1509, 1518]
17, 3, 2.15, [1509, 1090]
17, 4, 2.13, [1509, 1028]
17, 5, 2.08, [1350, 1328]
17, 6, 2.03, [314, 1425]
17, 7, 2.02, [1131, 1402]
17, 8, 2.01, [1287, 1401]
17, 9, 2.0, [1497, 717]
18, 0, 2.25, [1509, 1328]
18, 1, 2.2, [1509, 970]
18, 2, 2.18, [1509, 970]
18, 3, 2.07, [1480, 697]
18, 4, 2.03, [2110, 1328]
18, 5, 2.01, [749, 1518]
18, 6, 2.0, [571, 1040]
18, 7, 2.0, [3124, 1279]
18, 8, 2.0, [5684, 1424]
18, 9, 2.0, [1279, 1497]
19, 0, 2.25, [1509, 1328]
19, 1, 2.2, [1509, 970]
19, 2, 2.14, [1509, 1028]
19, 3, 2.11, [1509, 1028]
19, 4, 2.05, [1425, 697]
19, 5, 2.03, [1403, 585]
19, 6, 2.02, [1480, 1028]
19, 7, 2.01, [1279, 1078]
19, 8, 2.0, [787, 970]
19, 9, 2.0, [1168, 970]
20, 0, 2.25, [1509, 1328]
20, 1, 2.2, [1509, 970]
20, 2, 2.18, [1509, 2094]
20, 3, 2.16, [1509, 1279]
20, 4, 2.08, [1311, 1480]
20, 5, 2.05, [2377, 585]
20, 6, 2.03, [1247, 1328]
20, 7, 2.02, [785, 1212]
20, 8, 2.02, [1157, 905]
20, 9, 2.0, [1190, 1028]
21, 0, 2.25, [1509, 1328]
21, 1, 2.2, [1509, 970]
21, 2, 2.16, [1509, 3124]
21, 3, 2.14, [1509, 1442]
21, 4, 2.08, [1425, 787]
21, 5, 2.03, [717, 2094]
21, 6, 2.01, [3124, 326]
21, 7, 2.0, [421, 970]
21, 8, 2.0, [1028, 2320]
21, 9, 2.0, [4227, 3662]
22, 0, 2.25, [1509, 1328]
22, 1, 2.2, [1509, 970]
22, 2, 2.07, [1509, 1827]
22, 3, 2.04, [1827, 1328]
22, 4, 2.03, [1906, 1480]
22, 5, 2.03, [697, 1368]
22, 6, 2.02, [140, 1064]
22, 7, 2.02, [314, 1247]
22, 8, 2.01, [1058, 749]
22, 9, 2.01, [3124, 1407]
23, 0, 2.25, [1509, 1328]
23, 1, 2.22, [1509, 1620]
23, 2, 2.2, [1509, 970]
23, 3, 2.17, [1509, 2377]
23, 4, 2.16, [1509, 1225]
23, 5, 2.07, [1509, 1279]
23, 6, 2.03, [2320, 1279]
23, 7, 2.02, [1223, 3124]
23, 8, 2.01, [585, 970]
23, 9, 2.0, [1715, 970]
24, 0, 2.25, [1509, 1328]
24, 1, 2.22, [1509, 1620]
24, 2, 2.11, [1509, 970]
24, 3, 2.06, [1990, 1475]
24, 4, 2.01, [1287, 2989]
24, 5, 2.01, [1437, 1287]
24, 6, 2.01, [2320, 1287]
24, 7, 2.0, [1064, 421]
24, 8, 2.0, [970, 1437]
24, 9, 2.0, [1417, 1225]
25, 0, 2.25, [1509, 1328]
25, 1, 2.22, [1509, 1620]
25, 2, 2.11, [1509, 1225]
25, 3, 2.09, [1509, 1225]
25, 4, 2.07, [1332, 1328]
25, 5, 2.06, [1332, 1328]
25, 6, 2.05, [3662, 1328]
25, 7, 2.04, [2320, 1279]
25, 8, 2.03, [1695, 1328]
25, 9, 2.02, [1695, 1287]
26, 0, 2.25, [1509, 1328]
26, 1, 2.22, [1509, 1620]
26, 2, 2.16, [1509, 695]
26, 3, 2.16, [1509, 970]
26, 4, 2.11, [1509, 695]
26, 5, 2.11, [1509, 1347]
26, 6, 2.03, [2989, 1287]
26, 7, 2.01, [1287, 1226]
26, 8, 2.0, [314, 1402]
26, 9, 2.0, [1518, 1131]
27, 0, 2.25, [1509, 1328]
27, 1, 2.22, [1509, 1620]
27, 2, 2.11, [4227, 1509]
27, 3, 2.07, [1417, 1332]
27, 4, 2.04, [1351, 1328]
27, 5, 2.03, [1068, 1620]
27, 6, 2.02, [695, 1620]
27, 7, 2.01, [1157, 695]
27, 8, 2.01, [1149, 695]
27, 9, 2.0, [831, 1580]
28, 0, 2.25, [1509, 1328]
28, 1, 2.22, [1509, 1620]
28, 2, 2.17, [1509, 1230]
28, 3, 2.16, [1378, 1509]
28, 4, 2.15, [1509, 2094]
28, 5, 2.12, [1619, 1509]
28, 6, 2.04, [1020, 1328]
28, 7, 2.02, [1141, 1328]
28, 8, 2.01, [1611, 787]
28, 9, 2.0, [1715, 1619]
29, 0, 2.25, [1509, 1328]
29, 1, 2.22, [1509, 1620]
29, 2, 2.14, [1425, 1028]
29, 3, 2.05, [1230, 1125]
29, 4, 2.05, [1247, 1058]
29, 5, 2.03, [1091, 1611]
29, 6, 2.03, [2171, 1620]
29, 7, 2.02, [1827, 1230]
29, 8, 2.02, [788, 775]
29, 9, 2.02, [1652, 1407]
30, 0, 2.25, [1509, 1328]
30, 1, 2.22, [1509, 1620]
30, 2, 2.2, [1509, 1475]
30, 3, 2.18, [1509, 1328]
30, 4, 2.06, [1332, 1328]
30, 5, 2.04, [1125, 1279]
30, 6, 2.03, [1425, 970]
30, 7, 2.01, [1497, 1417]
30, 8, 2.0, [1225, 1475]
30, 9, 2.0, [2989, 1028]
31, 0, 2.25, [1509, 1328]
31, 1, 2.22, [1509, 1620]
31, 2, 2.08, [1990, 1328]
31, 3, 2.06, [1518, 1328]
31, 4, 2.05, [1351, 1090]
31, 5, 2.05, [2332, 1620]
31, 6, 2.04, [1351, 140]
31, 7, 2.04, [1157, 1620]
31, 8, 2.02, [1827, 1125]
31, 9, 2.01, [2171, 1157]
32, 0, 2.25, [1509, 1328]
32, 1, 2.22, [1509, 970]
32, 2, 2.22, [1509, 1620]
32, 3, 2.18, [1509, 1311]
32, 4, 2.03, [1990, 1475]
32, 5, 2.03, [1311, 1328]
32, 6, 2.03, [1518, 1475]
32, 7, 2.02, [775, 1328]
32, 8, 2.02, [788, 1620]
32, 9, 2.01, [1497, 1475]
33, 0, 2.25, [1509, 1328]
33, 1, 2.22, [1509, 970]
33, 2, 2.2, [1509, 1157]
33, 3, 2.16, [1509, 1475]
33, 4, 2.13, [1509, 697]
33, 5, 2.06, [717, 1350]
33, 6, 2.03, [1351, 1328]
33, 7, 2.03, [140, 1058]
33, 8, 2.0, [1190, 717]
33, 9, 2.0, [140, 1279]
34, 0, 2.25, [1509, 1328]
34, 1, 2.22, [1509, 970]
34, 2, 2.05, [585, 1328]
34, 3, 2.05, [1078, 1025]
34, 4, 2.03, [1040, 421]
34, 5, 2.02, [975, 1935]
34, 6, 2.01, [1518, 1328]
34, 7, 2.01, [1475, 787]
34, 8, 2.01, [1230, 576]
34, 9, 2.0, [1715, 3124]
35, 0, 2.25, [1509, 1328]
35, 1, 2.22, [1509, 970]
35, 2, 2.15, [1509, 1068]
35, 3, 2.14, [1509, 1279]
35, 4, 2.09, [1509, 1146]
35, 5, 2.07, [717, 6917]
35, 6, 2.03, [1580, 1328]
35, 7, 2.02, [3124, 1328]
35, 8, 2.02, [1407, 1168]
35, 9, 2.0, [1424, 1090]
36, 0, 2.25, [1509, 1328]
36, 1, 2.22, [1509, 970]
36, 2, 2.19, [1509, 320]
36, 3, 2.05, [1351, 1328]
36, 4, 2.04, [1368, 1401]
36, 5, 2.04, [1168, 576]
36, 6, 2.0, [2989, 1279]
36, 7, 2.0, [1715, 1935]
36, 8, 2.0, [1068, 1230]
36, 9, 2.0, [3124, 970]
37, 0, 2.25, [1509, 1328]
37, 1, 2.22, [1509, 970]
37, 2, 2.16, [1509, 585]
37, 3, 2.13, [1509, 1619]
37, 4, 2.08, [831, 1328]
37, 5, 2.06, [2377, 1328]
37, 6, 2.05, [975, 326]
37, 7, 2.02, [1146, 320]
37, 8, 2.02, [1403, 1620]
37, 9, 2.02, [1475, 1090]
38, 0, 2.25, [1509, 1328]
38, 1, 2.22, [1509, 970]
38, 2, 2.09, [1509, 1168]
38, 3, 2.07, [1157, 1401]
38, 4, 2.05, [1350, 749]
38, 5, 2.05, [1402, 1328]
38, 6, 2.02, [1827, 1247]
38, 7, 2.02, [717, 905]
38, 8, 2.02, [571, 1223]
38, 9, 2.01, [697, 1580]
39, 0, 2.25, [1509, 1328]
39, 1, 2.22, [1509, 970]
39, 2, 2.21, [1509, 1064]
39, 3, 2.04, [749, 1407]
39, 4, 2.04, [1028, 1328]
39, 5, 2.03, [320, 1417]
39, 6, 2.01, [5684, 1328]
39, 7, 2.01, [1146, 831]
39, 8, 2.0, [717, 1168]
39, 9, 2.0, [2110, 1311]
40, 0, 2.25, [1509, 1328]
40, 1, 2.22, [1509, 970]
40, 2, 2.14, [1509, 1328]
40, 3, 2.09, [1401, 1328]
40, 4, 2.06, [1224, 1328]
40, 5, 2.04, [1990, 1906]
40, 6, 2.03, [1328, 1064]
40, 7, 2.01, [1906, 521]
40, 8, 2.01, [1350, 1311]
40, 9, 2.0, [576, 1580]
41, 0, 2.25, [1509, 1328]
41, 1, 2.22, [1509, 970]
41, 2, 2.2, [1509, 970]
41, 3, 2.18, [1131, 1509]
41, 4, 2.16, [1509, 1279]
41, 5, 2.15, [831, 1509]
41, 6, 2.05, [1350, 970]
41, 7, 2.05, [717, 1403]
41, 8, 2.02, [1368, 1328]
41, 9, 2.01, [576, 1347]
42, 0, 2.25, [1509, 1328]
42, 1, 2.22, [1509, 970]
42, 2, 2.19, [1509, 831]
42, 3, 2.04, [1328, 1518]
42, 4, 2.03, [1068, 1328]
42, 5, 2.02, [1407, 1287]
42, 6, 2.01, [1226, 1025]
42, 7, 2.0, [1417, 970]
42, 8, 2.0, [1226, 326]
42, 9, 2.0, [1131, 1437]
43, 0, 2.25, [1509, 1328]
43, 1, 2.22, [1509, 970]
43, 2, 2.19, [1509, 1040]
43, 3, 2.17, [1509, 1225]
43, 4, 2.04, [975, 1328]
43, 5, 2.01, [2320, 970]
43, 6, 2.01, [975, 1518]
43, 7, 2.0, [2989, 787]
43, 8, 2.0, [1368, 326]
43, 9, 2.0, [1279, 970]
44, 0, 2.25, [1509, 1328]
44, 1, 2.22, [1509, 970]
44, 2, 2.07, [1990, 1328]
44, 3, 2.03, [1407, 1351]
44, 4, 2.02, [645, 697]
44, 5, 2.02, [5684, 1990]
44, 6, 2.02, [1611, 1230]
44, 7, 2.02, [1906, 1068]
44, 8, 2.0, [1040, 3124]
44, 9, 2.0, [585, 1279]
45, 0, 2.25, [1509, 1328]
45, 1, 2.22, [1509, 970]
45, 2, 2.17, [1509, 970]
45, 3, 2.16, [1509, 1190]
45, 4, 2.08, [1146, 1328]
45, 5, 2.04, [1351, 697]
45, 6, 2.03, [1403, 1328]
45, 7, 2.02, [1407, 1328]
45, 8, 2.01, [1407, 1028]
45, 9, 2.01, [1068, 1225]
46, 0, 2.25, [1509, 1328]
46, 1, 2.22, [1509, 970]
46, 2, 2.07, [585, 1328]
46, 3, 2.06, [2377, 1328]
46, 4, 2.05, [2332, 1407]
46, 5, 2.05, [1827, 1328]
46, 6, 2.04, [1475, 571]
46, 7, 2.04, [571, 975]
46, 8, 2.03, [1068, 1028]
46, 9, 2.01, [1417, 1028]
47, 0, 2.25, [1509, 1328]
47, 1, 2.22, [1509, 970]
47, 2, 2.15, [1509, 1279]
47, 3, 2.13, [1509, 1279]
47, 4, 2.05, [1090, 1328]
47, 5, 2.05, [975, 6917]
47, 6, 2.02, [1378, 1935]
47, 7, 2.02, [1131, 1351]
47, 8, 2.0, [2377, 1028]
47, 9, 2.0, [788, 1695]
48, 0, 2.25, [1509, 1328]
48, 1, 2.22, [1509, 970]
48, 2, 2.2, [1509, 970]
48, 3, 2.15, [1509, 1518]
48, 4, 2.06, [1351, 1332]
48, 5, 2.04, [421, 1149]
48, 6, 2.03, [1107, 1417]
48, 7, 2.01, [1401, 4227]
48, 8, 2.01, [2332, 1125]
48, 9, 2.01, [1125, 970]
49, 0, 2.25, [1509, 1328]
49, 1, 2.22, [1509, 970]
49, 2, 2.02, [1906, 1058]
49, 3, 2.02, [1131, 1068]
49, 4, 2.01, [421, 140]
49, 5, 2.01, [1695, 1328]
49, 6, 2.0, [1935, 1149]
49, 7, 2.0, [1518, 1028]
49, 8, 2.0, [1368, 970]
49, 9, 2.0, [1131, 1580]
50, 0, 2.25, [1509, 1328]
50, 1, 2.22, [1509, 970]
50, 2, 2.15, [1509, 831]
50, 3, 2.05, [1425, 1068]
50, 4, 2.04, [1990, 6917]
50, 5, 2.02, [2332, 1068]
50, 6, 2.01, [1131, 1475]
50, 7, 2.0, [1064, 1497]
50, 8, 2.0, [1131, 1028]
50, 9, 2.0, [1767, 1058]
