num_genrations,diversity,improvement,best_fitness
0,0.9913181818181818,0,68.16
1,0.914070707070707,0.1137030516431925,75.91
2,0.7419949494949496,0.15715979449347922,87.84
3,0.6187626262626262,0.09870218579234974,96.51
4,0.3427525252525253,0.0,96.51
5,0.30407575757575755,0.05367319448761779,101.69
6,0.2992929292929293,0.0548726521781886,107.27
7,0.3168434343434343,0.05444206208632426,113.11
8,0.30120707070707065,0.02174874016444164,115.57
9,0.23216161616161612,0.04127368694297837,120.34
10,0.23712121212121207,0.0005816852251952233,120.41
11,0.21032323232323236,0.02607756830828005,123.55
12,0.2122222222222221,0.008660461351679543,124.62
13,0.14461616161616153,0.009067565398812353,125.75
14,0.0856262626262625,0.0,125.75
15,0.03877777777777791,0.0,125.75
16,0.03661616161616199,0.007634194831013867,126.71
17,0.01302525252525244,0.002446531449767203,127.02
18,0.020919191919191782,0.006849315068493187,127.89
19,0.013656565656565478,0.007193682070529375,128.81
20,0.013873737373737538,0.0,128.81
21,0.01417171717171739,0.010635820200295043,130.18
22,0.009939393939394248,0.0,130.18
23,0.008479797979798143,0.0,130.18
24,0.002989898989899209,0.0,130.18
25,0.004499999999999615,0.0,130.18
26,0.005398989898990347,0.0,130.18
27,0.003989898989899099,0.0,130.18
28,0.0014999999999999458,0.0,130.18
29,0.0014999999999997238,0.01313565831925011,131.89
30,0.0030000000000001137,0.0,131.89
31,0.0014999999999997238,0.0,131.89
32,0.004000000000000226,0.0,131.89
33,0.004489898989899044,0.0,131.89
34,0.0030000000000001137,0.0,131.89
35,0.0049595959595956085,0.0,131.89
36,0.0030000000000001137,0.0,131.89
37,0.0034949494949494397,0.0,131.89
38,0.005489898989899267,0.0,131.89
39,0.0025000000000001688,0.0,131.89
40,0.003989898989898988,0.0,131.89
41,0.0014999999999997238,0.0,131.89
42,0.0025000000000002798,0.0,131.89
43,0.0014999999999997238,0.0,131.89
44,0.0025000000000002798,0.0,131.89
45,0.002489898989899042,0.0,131.89
46,0.0034949494949495508,0.0,131.89
47,0.003419191919191933,0.0,131.89
48,0.002994949494949717,0.005838198498749035,132.66
49,0.011595959595959937,0.005879692446856635,133.44
50,0.012136363636363945,0.019184652278177474,136.0
51,0.0030000000000001137,0.0,136.0
52,0.0034949494949495508,0.006029411764705832,136.82
53,0.005797979797979913,0.0,136.82
54,0.013606060606060733,0.016518052916240457,139.08
55,0.004898989898989625,0.008484325568018251,140.26
56,0.012949494949495155,0.0017824041066590618,140.51
57,0.015893939393939682,0.0,140.51
58,0.014186868686868581,0.0033449576542594756,140.98
59,0.012101010101010612,0.0,140.98
60,0.01260606060606051,0.0,140.98
61,0.004398989898989791,0.009008369981557742,142.25
62,0.0014999999999997238,0.0,142.25
63,0.0040000000000000036,0.0,142.25
64,0.004994949494949719,0.0,142.25
65,0.003989898989899099,0.0,142.25
66,0.000500000000000167,0.0,142.25
67,0.004479797979797695,0.0,142.25
68,0.004984848484848259,0.0,142.25
69,0.004489898989898822,0.0,142.25
70,0.002994949494949717,0.0,142.25
71,0.004489898989898822,0.00295254833040413,142.67
72,0.009712121212121505,0.0,142.67
73,0.013272727272727547,0.0007009182028458874,142.77
74,0.011898989898989742,0.0,142.77
75,0.0030000000000001137,0.0007704699866917785,142.88
76,0.006833333333333358,0.0,142.88
77,0.012015151515151645,0.007068868980962983,143.89
78,0.011398989898990353,0.0,143.89
79,0.012717171717171682,0.0006949753283760008,143.99
80,0.010727272727272807,0.0,143.99
81,0.010954545454545439,0.0027085214250988704,144.38
82,0.012015151515151978,0.0,144.38
83,0.008126262626262926,0.0,144.38
84,0.012621212121212255,0.0,144.38
85,0.004439393939393632,0.0,144.38
86,0.003489898989898821,0.0,144.38
87,0.0029696969696970665,0.0,144.38
88,0.0014999999999997238,0.0,144.38
89,0.0049949494949491635,0.0,144.38
90,0.0029797979797980823,0.0,144.38
91,0.003489898989899043,0.0,144.38
92,0.0034949494949495508,0.0,144.38
93,0.003484848484848424,0.0,144.38
94,0.004434343434343235,0.0,144.38
95,0.003994949494949607,0.0,144.38
96,0.00249494949494955,0.0,144.38
97,0.0040000000000000036,0.0,144.38
98,0.003489898989899043,0.004709793600221685,145.06
99,0.00199494949494905,0.0,145.06
100,0.0014999999999997238,0.0,145.06
