generation number, individual number, fitness, candidate
0, 0, 10.34, [287, 282]
0, 1, 7.5, [1092, 3397]
0, 2, 7.24, [702, 693]
0, 3, 7.04, [2598, 1315]
0, 4, 7.02, [291, 702]
0, 5, 5.42, [1006, 101]
0, 6, 3.05, [1588, 3102]
0, 7, 3.03, [1040, 2400]
0, 8, 2.0, [1006, 3735]
0, 9, 2.0, [263, 1006]
1, 0, 10.58, [1322, 282]
1, 1, 10.34, [287, 282]
1, 2, 9.46, [3760, 3752]
1, 3, 9.0, [1040, 282]
1, 4, 8.47, [287, 229]
1, 5, 8.3, [702, 2260]
1, 6, 8.0, [1032, 3397]
1, 7, 7.7, [1032, 3749]
1, 8, 7.67, [1040, 693]
1, 9, 7.5, [1092, 3397]
2, 0, 10.92, [3733, 77]
2, 1, 10.64, [3754, 282]
2, 2, 10.58, [1322, 282]
2, 3, 10.34, [287, 282]
2, 4, 9.21, [3105, 1032]
2, 5, 9.18, [1032, 2156]
2, 6, 8.94, [1829, 3750]
2, 7, 8.72, [284, 77]
2, 8, 6.99, [1833, 3741]
2, 9, 6.5, [1830, 119]
3, 0, 13.23, [2229, 3100]
3, 1, 10.92, [3733, 77]
3, 2, 10.64, [3754, 282]
3, 3, 10.35, [1321, 77]
3, 4, 9.65, [3737, 282]
3, 5, 9.28, [3733, 159]
3, 6, 9.02, [1831, 3740]
3, 7, 8.81, [4129, 3742]
3, 8, 8.76, [1040, 689]
3, 9, 8.48, [3397, 229]
4, 0, 13.96, [2229, 77]
4, 1, 13.23, [2229, 3100]
4, 2, 11.68, [2229, 159]
4, 3, 11.61, [3739, 77]
4, 4, 11.39, [3733, 77]
4, 5, 11.34, [3733, 77]
4, 6, 10.92, [3733, 77]
4, 7, 10.11, [2156, 159]
4, 8, 8.62, [3739, 3100]
4, 9, 7.21, [3735, 3100]
5, 0, 13.96, [2229, 77]
5, 1, 13.28, [1829, 77]
5, 2, 13.23, [2229, 3100]
5, 3, 11.22, [2229, 3739]
5, 4, 9.52, [284, 279]
5, 5, 7.94, [996, 689]
5, 6, 7.49, [702, 2261]
5, 7, 6.19, [2464, 159]
5, 8, 5.95, [3749, 3755]
5, 9, 5.0, [1315, 263]
6, 0, 15.08, [1831, 77]
6, 1, 14.68, [1831, 77]
6, 2, 13.96, [2229, 77]
6, 3, 13.28, [1829, 77]
6, 4, 11.47, [3736, 229]
6, 5, 11.17, [2156, 3100]
6, 6, 10.96, [4130, 77]
6, 7, 9.66, [295, 2229]
6, 8, 8.31, [287, 3754]
6, 9, 6.24, [2463, 269]
7, 0, 15.08, [1831, 77]
7, 1, 14.68, [1831, 77]
7, 2, 11.89, [1830, 77]
7, 3, 11.81, [4128, 77]
7, 4, 10.29, [2261, 77]
7, 5, 10.12, [3100, 1322]
7, 6, 9.68, [3105, 3746]
7, 7, 7.56, [1830, 1322]
7, 8, 6.96, [1315, 2261]
7, 9, 6.42, [1829, 3748]
8, 0, 15.08, [1831, 77]
8, 1, 14.68, [1831, 77]
8, 2, 11.43, [3736, 702]
8, 3, 11.38, [1830, 77]
8, 4, 11.24, [1831, 3733]
8, 5, 11.01, [3749, 77]
8, 6, 10.81, [1825, 1322]
8, 7, 10.37, [3100, 275]
8, 8, 8.76, [3105, 3755]
8, 9, 7.28, [4131, 3733]
9, 0, 15.08, [1831, 77]
9, 1, 14.68, [1831, 77]
9, 2, 11.6, [3733, 77]
9, 3, 10.89, [3758, 77]
9, 4, 10.52, [1831, 1825]
9, 5, 10.44, [1831, 1322]
9, 6, 8.85, [1829, 702]
9, 7, 7.98, [1541, 3733]
9, 8, 6.11, [295, 1987]
9, 9, 5.77, [2463, 293]
10, 0, 15.08, [1831, 77]
10, 1, 14.68, [1831, 77]
10, 2, 12.07, [1830, 77]
10, 3, 11.66, [3744, 77]
10, 4, 11.2, [3737, 77]
10, 5, 8.86, [1826, 77]
10, 6, 8.58, [270, 284]
10, 7, 8.08, [1322, 1032]
10, 8, 7.96, [4128, 3754]
10, 9, 6.47, [3741, 4794]
