generation number, individual number, fitness, candidate
0, 0, 2.15, [1060, 285]
0, 1, 2.11, [221360, 87893]
0, 2, 2.08, [123524, 46]
0, 3, 2.05, [123524, 1062]
0, 4, 2.04, [71858, 149059]
0, 5, 2.04, [1927, 285]
0, 6, 2.02, [33296, 134361]
0, 7, 2.01, [281, 11926]
0, 8, 2.0, [77358, 67331]
0, 9, 2.0, [11926, 113171]
1, 0, 2.15, [1060, 285]
1, 1, 2.12, [1060, 286]
1, 2, 2.11, [221360, 87893]
1, 3, 2.1, [221360, 282]
1, 4, 2.09, [1060, 67332]
1, 5, 2.09, [221360, 282]
1, 6, 2.07, [90, 123523]
1, 7, 2.06, [148118, 65901]
1, 8, 2.05, [282, 285]
1, 9, 2.05, [123524, 283]
2, 0, 2.15, [1060, 285]
2, 1, 2.13, [88, 87]
2, 2, 2.12, [46, 286]
2, 3, 2.12, [221360, 283]
2, 4, 2.12, [1060, 285]
2, 5, 2.12, [1060, 286]
2, 6, 2.11, [98063, 65899]
2, 7, 2.06, [56237, 285]
2, 8, 2.03, [80661, 33298]
2, 9, 2.02, [127089, 77358]
3, 0, 2.18, [88, 283]
3, 1, 2.15, [1060, 285]
3, 2, 2.14, [88, 282]
3, 3, 2.13, [1060, 284]
3, 4, 2.13, [88, 87]
3, 5, 2.1, [283, 87]
3, 6, 2.09, [221360, 1062]
3, 7, 2.09, [283, 285]
3, 8, 2.09, [46, 87]
3, 9, 2.06, [46, 87]
4, 0, 2.18, [88, 283]
4, 1, 2.15, [1060, 285]
4, 2, 2.09, [283, 11926]
4, 3, 2.09, [90, 11926]
4, 4, 2.07, [1060, 87893]
4, 5, 2.06, [90, 144436]
4, 6, 2.05, [86, 278]
4, 7, 2.03, [88, 100807]
4, 8, 2.03, [77358, 284]
4, 9, 2.02, [123523, 98063]
5, 0, 2.18, [88, 283]
5, 1, 2.15, [1060, 285]
5, 2, 2.14, [90, 283]
5, 3, 2.13, [86, 285]
5, 4, 2.13, [90, 283]
5, 5, 2.11, [87893, 150653]
5, 6, 2.08, [279, 285]
5, 7, 2.08, [286, 283]
5, 8, 2.07, [65897, 286]
5, 9, 2.04, [278, 11926]
6, 0, 2.18, [88, 283]
6, 1, 2.15, [1060, 285]
6, 2, 2.12, [88, 1062]
6, 3, 2.11, [150654, 283]
6, 4, 2.11, [1060, 283]
6, 5, 2.08, [46, 283]
6, 6, 2.07, [821, 1061]
6, 7, 2.06, [88, 283]
6, 8, 2.06, [98065, 14223]
6, 9, 2.05, [127089, 98063]
7, 0, 2.18, [88, 283]
7, 1, 2.15, [1060, 285]
7, 2, 2.13, [46, 283]
7, 3, 2.11, [282, 283]
7, 4, 2.1, [284, 285]
7, 5, 2.09, [278, 283]
7, 6, 2.07, [80656, 282]
7, 7, 2.06, [33297, 11388]
7, 8, 2.05, [90, 285]
7, 9, 2.05, [90, 283]
8, 0, 2.18, [88, 283]
8, 1, 2.15, [1060, 285]
8, 2, 2.14, [46, 90]
8, 3, 2.11, [46, 1061]
8, 4, 2.09, [1060, 65901]
8, 5, 2.09, [86, 123524]
8, 6, 2.07, [1060, 1061]
8, 7, 2.07, [65897, 33297]
8, 8, 2.06, [88, 90]
8, 9, 2.06, [86, 80662]
9, 0, 2.18, [88, 283]
9, 1, 2.15, [1060, 285]
9, 2, 2.11, [86, 285]
9, 3, 2.11, [88, 66167]
9, 4, 2.09, [88, 282]
9, 5, 2.09, [1060, 282]
9, 6, 2.08, [46, 284]
9, 7, 2.08, [88, 284]
9, 8, 2.06, [821, 87]
9, 9, 2.06, [6376, 11388]
10, 0, 2.18, [88, 283]
10, 1, 2.15, [1060, 285]
10, 2, 2.13, [88, 1061]
10, 3, 2.12, [88, 86]
10, 4, 2.11, [86, 88]
10, 5, 2.1, [284, 283]
10, 6, 2.09, [89, 66167]
10, 7, 2.07, [86, 284]
10, 8, 2.06, [88, 90]
10, 9, 2.05, [1063, 11387]
11, 0, 2.19, [46, 285]
11, 1, 2.18, [88, 283]
11, 2, 2.15, [1060, 285]
11, 3, 2.13, [46, 285]
11, 4, 2.12, [46, 283]
11, 5, 2.12, [46, 1061]
11, 6, 2.08, [1060, 278]
11, 7, 2.07, [100141, 86]
11, 8, 2.05, [88, 1062]
11, 9, 2.05, [91276, 62858]
12, 0, 2.19, [46, 285]
12, 1, 2.18, [88, 283]
12, 2, 2.1, [46, 98062]
12, 3, 2.09, [46, 285]
12, 4, 2.09, [88, 86]
12, 5, 2.08, [87, 283]
12, 6, 2.07, [88, 283]
12, 7, 2.06, [279, 285]
12, 8, 2.06, [46, 88]
12, 9, 2.05, [46, 73703]
13, 0, 2.19, [46, 285]
13, 1, 2.18, [88, 283]
13, 2, 2.16, [46, 1062]
13, 3, 2.15, [46, 1061]
13, 4, 2.12, [46, 1061]
13, 5, 2.12, [90, 86]
13, 6, 2.1, [33297, 90]
13, 7, 2.07, [90, 98062]
13, 8, 2.07, [88, 86]
13, 9, 2.07, [90, 285]
14, 0, 2.19, [46, 285]
14, 1, 2.18, [88, 283]
14, 2, 2.13, [1061, 285]
14, 3, 2.11, [127089, 80449]
14, 4, 2.1, [89, 283]
14, 5, 2.09, [11935, 56239]
14, 6, 2.09, [286, 285]
14, 7, 2.08, [33297, 285]
14, 8, 2.07, [73700, 1061]
14, 9, 2.06, [88, 286]
15, 0, 2.19, [46, 285]
15, 1, 2.18, [88, 283]
15, 2, 2.1, [278, 285]
15, 3, 2.08, [46, 80450]
15, 4, 2.06, [88, 86]
15, 5, 2.06, [86, 283]
15, 6, 2.06, [46, 144436]
15, 7, 2.06, [46, 88]
15, 8, 2.06, [88, 6376]
15, 9, 2.03, [127089, 12067]
16, 0, 2.19, [46, 285]
16, 1, 2.18, [88, 283]
16, 2, 2.11, [46, 90]
16, 3, 2.09, [148118, 279]
16, 4, 2.09, [88, 98063]
16, 5, 2.06, [98065, 1061]
16, 6, 2.04, [65901, 285]
16, 7, 2.03, [46, 284]
16, 8, 2.03, [33297, 134365]
16, 9, 2.02, [283, 66059]
17, 0, 2.19, [46, 285]
17, 1, 2.18, [88, 283]
17, 2, 2.15, [46, 285]
17, 3, 2.14, [46, 88]
17, 4, 2.11, [278, 90]
17, 5, 2.1, [87, 283]
17, 6, 2.09, [46, 284]
17, 7, 2.08, [150654, 91276]
17, 8, 2.06, [46, 150654]
17, 9, 2.04, [88, 283]
18, 0, 2.19, [46, 285]
18, 1, 2.18, [88, 283]
18, 2, 2.17, [46, 62858]
18, 3, 2.14, [88, 86]
18, 4, 2.12, [89, 283]
18, 5, 2.1, [87, 33297]
18, 6, 2.1, [282, 98063]
18, 7, 2.1, [88, 283]
18, 8, 2.06, [86, 285]
18, 9, 2.05, [46, 6376]
19, 0, 2.19, [46, 285]
19, 1, 2.18, [88, 283]
19, 2, 2.14, [88, 283]
19, 3, 2.13, [89, 283]
19, 4, 2.1, [279, 285]
19, 5, 2.1, [88, 282]
19, 6, 2.1, [144434, 80450]
19, 7, 2.1, [279, 285]
19, 8, 2.09, [150655, 11388]
19, 9, 2.08, [65899, 123523]
20, 0, 2.19, [46, 285]
20, 1, 2.18, [88, 283]
20, 2, 2.13, [65899, 90]
20, 3, 2.12, [1061, 286]
20, 4, 2.09, [150652, 14223]
20, 5, 2.08, [65901, 821]
20, 6, 2.04, [134365, 80450]
20, 7, 2.03, [56240, 65900]
20, 8, 2.02, [1927, 11387]
20, 9, 2.02, [87893, 70638]
21, 0, 2.19, [46, 285]
21, 1, 2.18, [88, 283]
21, 2, 2.13, [88, 283]
21, 3, 2.13, [150652, 285]
21, 4, 2.11, [283, 90]
21, 5, 2.1, [278, 285]
21, 6, 2.09, [33297, 286]
21, 7, 2.09, [86, 87]
21, 8, 2.06, [150652, 283]
21, 9, 2.06, [148118, 285]
22, 0, 2.19, [46, 285]
22, 1, 2.18, [88, 283]
22, 2, 2.16, [31634, 285]
22, 3, 2.11, [150652, 88]
22, 4, 2.1, [88, 1062]
22, 5, 2.1, [33298, 283]
22, 6, 2.08, [90, 283]
22, 7, 2.07, [66170, 148118]
22, 8, 2.07, [88, 283]
22, 9, 2.07, [90, 285]
23, 0, 2.19, [46, 285]
23, 1, 2.18, [88, 283]
23, 2, 2.13, [56240, 283]
23, 3, 2.09, [88, 90]
23, 4, 2.09, [33298, 283]
23, 5, 2.08, [823, 70638]
23, 6, 2.06, [31634, 11387]
23, 7, 2.06, [89, 283]
23, 8, 2.05, [100141, 286]
23, 9, 2.05, [31634, 1061]
24, 0, 2.2, [46, 284]
24, 1, 2.19, [88, 282]
24, 2, 2.19, [46, 285]
24, 3, 2.18, [88, 283]
24, 4, 2.11, [278, 285]
24, 5, 2.09, [118606, 278]
24, 6, 2.08, [88, 282]
24, 7, 2.06, [31634, 285]
24, 8, 2.05, [33297, 66171]
24, 9, 2.04, [134361, 100141]
25, 0, 2.2, [46, 284]
25, 1, 2.19, [88, 282]
25, 2, 2.13, [46, 282]
25, 3, 2.11, [56240, 90]
25, 4, 2.11, [279, 284]
25, 5, 2.09, [46, 1060]
25, 6, 2.07, [88, 113172]
25, 7, 2.05, [46, 90]
25, 8, 2.05, [46, 113173]
25, 9, 2.04, [113173, 150654]
26, 0, 2.2, [46, 284]
26, 1, 2.19, [88, 282]
26, 2, 2.13, [88, 282]
26, 3, 2.13, [46, 150655]
26, 4, 2.1, [46, 1060]
26, 5, 2.09, [88, 90]
26, 6, 2.08, [88, 90]
26, 7, 2.07, [283, 98062]
26, 8, 2.06, [118606, 66166]
26, 9, 2.04, [123524, 285]
27, 0, 2.2, [46, 284]
27, 1, 2.19, [88, 282]
27, 2, 2.11, [88, 282]
27, 3, 2.11, [89, 282]
27, 4, 2.11, [88, 282]
27, 5, 2.1, [46, 286]
27, 6, 2.1, [89, 282]
27, 7, 2.09, [88, 90]
27, 8, 2.09, [86, 150655]
27, 9, 2.08, [46, 11388]
28, 0, 2.2, [46, 284]
28, 1, 2.19, [88, 282]
28, 2, 2.17, [88, 282]
28, 3, 2.15, [46, 56237]
28, 4, 2.15, [46, 283]
28, 5, 2.13, [46, 90]
28, 6, 2.09, [46, 284]
28, 7, 2.08, [46, 284]
28, 8, 2.07, [89, 282]
28, 9, 2.06, [88, 90]
29, 0, 2.2, [46, 284]
29, 1, 2.19, [88, 282]
29, 2, 2.16, [86, 282]
29, 3, 2.14, [88, 282]
29, 4, 2.12, [46, 98065]
29, 5, 2.09, [87, 282]
29, 6, 2.07, [90, 284]
29, 7, 2.06, [144434, 284]
29, 8, 2.05, [65901, 33300]
29, 9, 2.04, [113172, 283]
30, 0, 2.2, [46, 284]
30, 1, 2.19, [88, 282]
30, 2, 2.17, [86, 282]
30, 3, 2.14, [89, 284]
30, 4, 2.09, [88, 283]
30, 5, 2.08, [98062, 65897]
30, 6, 2.08, [86, 283]
30, 7, 2.08, [46, 1060]
30, 8, 2.05, [46, 1060]
30, 9, 2.05, [87, 80661]
31, 0, 2.2, [46, 284]
31, 1, 2.19, [88, 282]
31, 2, 2.18, [279, 284]
31, 3, 2.12, [88, 284]
31, 4, 2.09, [62858, 46]
31, 5, 2.07, [70640, 150652]
31, 6, 2.06, [11926, 282]
31, 7, 2.04, [46, 66059]
31, 8, 2.03, [90, 150655]
31, 9, 2.03, [127088, 11387]
32, 0, 2.2, [46, 284]
32, 1, 2.19, [88, 282]
32, 2, 2.09, [46, 90]
32, 3, 2.08, [280, 62858]
32, 4, 2.08, [148118, 95674]
32, 5, 2.07, [88, 284]
32, 6, 2.07, [65901, 282]
32, 7, 2.07, [46, 282]
32, 8, 2.07, [56237, 56240]
32, 9, 2.06, [90, 113172]
33, 0, 2.2, [46, 284]
33, 1, 2.19, [88, 282]
33, 2, 2.16, [279, 284]
33, 3, 2.1, [88, 1061]
33, 4, 2.1, [134361, 56239]
33, 5, 2.1, [90, 282]
33, 6, 2.06, [88, 1061]
33, 7, 2.06, [46, 283]
33, 8, 2.05, [46, 1060]
33, 9, 2.03, [46, 150652]
34, 0, 2.2, [46, 284]
34, 1, 2.19, [88, 282]
34, 2, 2.13, [88, 1061]
34, 3, 2.1, [279, 286]
34, 4, 2.09, [33298, 66171]
34, 5, 2.09, [1061, 73703]
34, 6, 2.09, [46, 282]
34, 7, 2.06, [46, 90]
34, 8, 2.06, [80449, 286]
34, 9, 2.06, [11388, 11387]
35, 0, 2.2, [46, 284]
35, 1, 2.19, [88, 282]
35, 2, 2.1, [144436, 282]
35, 3, 2.09, [46, 73700]
35, 4, 2.09, [87, 284]
35, 5, 2.09, [86, 282]
35, 6, 2.09, [88, 1061]
35, 7, 2.07, [150653, 284]
35, 8, 2.06, [66171, 11925]
35, 9, 2.05, [278, 56239]
36, 0, 2.2, [46, 284]
36, 1, 2.19, [88, 282]
36, 2, 2.11, [87, 282]
36, 3, 2.09, [46, 284]
36, 4, 2.09, [90, 284]
36, 5, 2.08, [88, 1061]
36, 6, 2.08, [1060, 282]
36, 7, 2.07, [46, 1060]
36, 8, 2.06, [89, 282]
36, 9, 2.06, [86, 1061]
37, 0, 2.2, [46, 284]
37, 1, 2.19, [88, 282]
37, 2, 2.13, [150653, 150655]
37, 3, 2.11, [90, 46]
37, 4, 2.1, [46, 100807]
37, 5, 2.09, [65900, 282]
37, 6, 2.07, [156909, 90]
37, 7, 2.06, [46, 286]
37, 8, 2.04, [88, 286]
37, 9, 2.04, [86, 123524]
38, 0, 2.2, [46, 284]
38, 1, 2.19, [88, 282]
38, 2, 2.14, [86, 282]
38, 3, 2.13, [88, 286]
38, 4, 2.11, [87, 282]
38, 5, 2.09, [286, 150655]
38, 6, 2.09, [156909, 284]
38, 7, 2.08, [46, 284]
38, 8, 2.08, [88, 283]
38, 9, 2.08, [87, 282]
39, 0, 2.2, [46, 284]
39, 1, 2.19, [88, 282]
39, 2, 2.15, [56241, 1060]
39, 3, 2.1, [46, 284]
39, 4, 2.09, [88, 286]
39, 5, 2.09, [46, 284]
39, 6, 2.08, [279, 284]
39, 7, 2.07, [98065, 127089]
39, 8, 2.07, [56237, 100141]
39, 9, 2.05, [80656, 1061]
40, 0, 2.2, [46, 284]
40, 1, 2.19, [88, 282]
40, 2, 2.12, [90, 1060]
40, 3, 2.09, [148118, 80656]
40, 4, 2.07, [80656, 282]
40, 5, 2.07, [278, 286]
40, 6, 2.06, [66171, 282]
40, 7, 2.06, [66166, 100141]
40, 8, 2.04, [11935, 56240]
40, 9, 2.03, [89, 87893]
41, 0, 2.2, [46, 284]
41, 1, 2.19, [88, 282]
41, 2, 2.12, [148118, 282]
41, 3, 2.11, [86, 282]
41, 4, 2.11, [90, 1060]
41, 5, 2.1, [90, 46]
41, 6, 2.1, [90, 282]
41, 7, 2.06, [90, 284]
41, 8, 2.05, [46, 80661]
41, 9, 2.04, [88, 283]
42, 0, 2.2, [46, 284]
42, 1, 2.19, [88, 282]
42, 2, 2.13, [88, 282]
42, 3, 2.13, [46, 283]
42, 4, 2.1, [156909, 284]
42, 5, 2.09, [86, 282]
42, 6, 2.08, [148118, 282]
42, 7, 2.08, [150654, 90]
42, 8, 2.07, [148118, 283]
42, 9, 2.06, [11926, 118602]
43, 0, 2.2, [46, 284]
43, 1, 2.19, [88, 282]
43, 2, 2.08, [88, 282]
43, 3, 2.08, [279, 284]
43, 4, 2.08, [90, 70640]
43, 5, 2.07, [90, 91276]
43, 6, 2.06, [67332, 1060]
43, 7, 2.05, [62858, 100140]
43, 8, 2.05, [88, 33296]
43, 9, 2.04, [86, 66059]
44, 0, 2.2, [46, 284]
44, 1, 2.19, [88, 282]
44, 2, 2.13, [46, 284]
44, 3, 2.12, [87, 282]
44, 4, 2.1, [144434, 284]
44, 5, 2.09, [56237, 280]
44, 6, 2.09, [88, 282]
44, 7, 2.09, [46, 284]
44, 8, 2.08, [46, 90]
44, 9, 2.08, [88, 282]
45, 0, 2.22, [46, 283]
45, 1, 2.2, [46, 284]
45, 2, 2.19, [88, 282]
45, 3, 2.13, [62858, 90]
45, 4, 2.13, [46, 284]
45, 5, 2.1, [46, 279]
45, 6, 2.09, [46, 1061]
45, 7, 2.07, [278, 284]
45, 8, 2.04, [1060, 80661]
45, 9, 2.04, [65900, 284]
46, 0, 2.22, [46, 283]
46, 1, 2.2, [46, 284]
46, 2, 2.12, [285, 90]
46, 3, 2.09, [88, 283]
46, 4, 2.09, [280, 284]
46, 5, 2.08, [46, 118602]
46, 6, 2.07, [100141, 284]
46, 7, 2.06, [98063, 11925]
46, 8, 2.06, [66059, 65897]
46, 9, 2.04, [80450, 73703]
47, 0, 2.22, [46, 283]
47, 1, 2.2, [46, 284]
47, 2, 2.13, [80450, 283]
47, 3, 2.1, [56240, 65897]
47, 4, 2.08, [86, 33298]
47, 5, 2.06, [80449, 33297]
47, 6, 2.05, [283, 113172]
47, 7, 2.05, [87, 282]
47, 8, 2.04, [89, 10375]
47, 9, 2.03, [80450, 70640]
48, 0, 2.22, [46, 283]
48, 1, 2.2, [46, 284]
48, 2, 2.12, [46, 70638]
48, 3, 2.1, [148118, 283]
48, 4, 2.09, [46, 821]
48, 5, 2.07, [67332, 283]
48, 6, 2.05, [65900, 86]
48, 7, 2.05, [46, 33300]
48, 8, 2.04, [80661, 98063]
48, 9, 2.02, [56237, 134362]
49, 0, 2.22, [46, 283]
49, 1, 2.2, [46, 284]
49, 2, 2.15, [46, 286]
49, 3, 2.09, [823, 282]
49, 4, 2.08, [88, 284]
49, 5, 2.08, [88, 6376]
49, 6, 2.06, [280, 65897]
49, 7, 2.05, [1063, 98062]
49, 8, 2.05, [89, 100141]
49, 9, 2.03, [67331, 65899]
50, 0, 2.22, [46, 283]
50, 1, 2.2, [46, 284]
50, 2, 2.11, [46, 284]
50, 3, 2.09, [73703, 98062]
50, 4, 2.09, [91276, 56240]
50, 5, 2.07, [12067, 283]
50, 6, 2.06, [821, 284]
50, 7, 2.06, [98063, 65899]
50, 8, 2.05, [14223, 1061]
50, 9, 2.04, [77358, 284]
