generation number, pop_size, worst, best, median, avg, std, diversity, improvement, number_of_selections
0, 10, 2.93, 24.8, 7.725, 9.365, 6.305333060195949,0.9555555555555556,0,[1.e-300]
1, 10, 5.14, 24.8, 9.59, 11.308, 6.159895778339111,0.9444444444444444,0.0,[1.e-300]
2, 10, 3.08, 24.8, 13.425, 13.489, 7.509539866063699,0.9111111111111111,0.0,[1.e-300]
3, 10, 4.0, 24.8, 9.959999999999999, 12.77, 7.491027966841401,0.9444444444444444,0.0,[1.e-300]
4, 10, 5.47, 24.8, 13.945, 13.956999999999999, 6.370978025389823,0.9111111111111111,0.0,[1.e-300]
5, 10, 6.26, 24.8, 10.395, 13.353, 6.784268641497033,0.9222222222222223,0.0,[1.e-300]
6, 10, 5.77, 24.8, 13.370000000000001, 14.757, 6.566397870979187,0.9222222222222223,0.0,[1.e-300]
7, 10, 4.24, 24.8, 8.435, 12.450999999999999, 7.295035914921873,0.9555555555555556,0.0,[1.e-300]
8, 10, 4.91, 24.8, 13.495000000000001, 13.647, 6.574884105442468,0.9,0.0,[1.e-300]
9, 10, 4.65, 24.8, 17.96, 16.222, 6.679602982213838,0.8111111111111111,0.0,[1.e-300]
10, 10, 5.33, 24.8, 7.87, 11.471999999999998, 6.849240541841118,0.9444444444444444,0.0,[1.e-300]
