generation number, pop_size, worst, best, median, avg, std, diversity, improvement, number_of_selections
0, 10, 6.46, 19.91, 10.16, 11.274999999999999, 4.207127880157674,0.9851851851851852,0,[1.e-300]
1, 10, 9.28, 25.77, 18.495, 17.295, 5.803185763009831,0.8444444444444444,0.2943244600703164,[1.e-300]
2, 10, 13.15, 25.89, 23.060000000000002, 21.808, 4.050873486052113,0.6592592592592593,0.004656577415599573,[1.e-300]
3, 10, 10.86, 25.89, 13.815000000000001, 16.261000000000003, 5.743856631219132,0.8148148148148149,0.0,[1.e-300]
4, 10, 9.06, 25.89, 14.305, 17.380000000000003, 6.60244651625441,0.7925925925925926,0.0,[1.e-300]
5, 10, 13.21, 25.89, 21.21, 20.804000000000002, 4.0067173596349415,0.6148148148148149,0.0,[1.e-300]
6, 10, 10.68, 25.89, 12.16, 15.283999999999997, 5.882013600800324,0.874074074074074,0.0,[1.e-300]
7, 10, 10.75, 28.15, 22.5, 22.294999999999998, 4.99588480651826,0.6666666666666667,0.08729239088451131,[1.e-300]
8, 10, 15.96, 28.15, 22.455, 22.776000000000003, 4.431810465261347,0.7259259259259259,0.0,[1.e-300]
9, 10, 13.53, 28.15, 21.259999999999998, 21.438, 5.066181599587602,0.6814814814814815,0.0,[1.e-300]
10, 10, 16.82, 28.15, 20.28, 22.253999999999998, 4.551086024236413,0.6666666666666667,0.0,[1.e-300]
