generation number, pop_size, worst, best, median, avg, std, diversity, improvement, number_of_selections
0, 10, 2.52, 8.79, 6.135, 5.819999999999999, 2.018410265530772,0.9777777777777777,0,[1.e-300]
1, 10, 6.0, 10.29, 8.59, 8.551999999999998, 1.3342098785423526,0.8333333333333333,0.17064846416382254,[1.e-300]
2, 10, 6.63, 10.29, 8.105, 8.357, 1.323518416947796,0.9333333333333333,0.0,[1.e-300]
3, 10, 6.1, 11.49, 8.120000000000001, 8.754, 1.7336562519715375,0.9111111111111111,0.11661807580174939,[1.e-300]
4, 10, 6.76, 11.5, 10.265, 9.917, 1.4905639872209446,0.788888888888889,0.0008703220191470659,[1.e-300]
5, 10, 6.62, 11.84, 9.745000000000001, 9.540000000000001, 1.8749613329346286,0.8333333333333333,0.029565217391304334,[1.e-300]
6, 10, 5.83, 11.84, 8.870000000000001, 9.002999999999998, 1.85291688966343,0.8666666666666667,0.0,[1.e-300]
7, 10, 5.87, 11.84, 7.949999999999999, 8.478, 2.1715100736584203,0.9111111111111111,0.0,[1.e-300]
8, 10, 7.66, 11.84, 8.76, 9.501, 1.67115199787452,0.9333333333333333,0.0,[1.e-300]
9, 10, 7.65, 11.99, 10.68, 10.391000000000002, 1.306571467620505,0.8222222222222222,0.012668918918918949,[1.e-300]
10, 10, 5.8, 11.99, 9.45, 9.450999999999999, 1.9054366953535875,0.8555555555555556,0.0,[1.e-300]
