generation number, individual number, fitness, candidate
0, 0, 2.09, [520, 716]
0, 1, 2.06, [850, 990]
0, 2, 2.05, [809, 990]
0, 3, 2.03, [710, 841]
0, 4, 2.02, [922, 809]
0, 5, 2.01, [934, 2667]
0, 6, 2.01, [710, 841]
0, 7, 2.0, [974, 922]
0, 8, 2.0, [487, 841]
0, 9, 2.0, [1394, 735]
1, 0, 2.16, [520, 339]
1, 1, 2.11, [520, 1381]
1, 2, 2.1, [520, 1381]
1, 3, 2.09, [520, 1028]
1, 4, 2.09, [1540, 990]
1, 5, 2.09, [520, 716]
1, 6, 2.06, [850, 990]
1, 7, 2.05, [1394, 716]
1, 8, 2.03, [710, 785]
1, 9, 2.03, [850, 716]
2, 0, 2.16, [520, 339]
2, 1, 2.12, [520, 439]
2, 2, 2.11, [520, 1381]
2, 3, 2.05, [690, 716]
2, 4, 2.05, [934, 990]
2, 5, 2.04, [2490, 1381]
2, 6, 2.02, [850, 990]
2, 7, 2.02, [841, 798]
2, 8, 2.02, [990, 1394]
2, 9, 2.0, [1569, 483]
3, 0, 2.16, [520, 339]
3, 1, 2.12, [520, 439]
3, 2, 2.1, [520, 1569]
3, 3, 2.05, [850, 922]
3, 4, 2.04, [487, 339]
3, 5, 2.03, [487, 339]
3, 6, 2.01, [922, 785]
3, 7, 2.0, [483, 609]
3, 8, 2.0, [1394, 731]
3, 9, 2.0, [990, 483]
4, 0, 2.16, [520, 339]
4, 1, 2.14, [520, 934]
4, 2, 2.14, [520, 731]
4, 3, 2.12, [520, 609]
4, 4, 2.12, [520, 439]
4, 5, 2.07, [439, 716]
4, 6, 2.06, [609, 934]
4, 7, 2.04, [841, 990]
4, 8, 2.03, [785, 1569]
4, 9, 2.0, [697, 1569]
5, 0, 2.16, [520, 339]
5, 1, 2.14, [520, 934]
5, 2, 2.05, [731, 934]
5, 3, 2.03, [716, 1569]
5, 4, 2.02, [1509, 850]
5, 5, 2.01, [850, 731]
5, 6, 2.0, [1509, 731]
5, 7, 2.0, [2667, 339]
5, 8, 2.0, [710, 339]
5, 9, 2.0, [1509, 731]
6, 0, 2.16, [520, 339]
6, 1, 2.14, [520, 934]
6, 2, 2.07, [1138, 934]
6, 3, 2.06, [934, 339]
6, 4, 2.04, [1381, 710]
6, 5, 2.03, [850, 1569]
6, 6, 2.02, [483, 785]
6, 7, 2.01, [487, 339]
6, 8, 2.0, [1569, 483]
6, 9, 2.0, [1394, 850]
7, 0, 2.16, [520, 339]
7, 1, 2.14, [520, 934]
7, 2, 2.09, [520, 1381]
7, 3, 2.03, [2667, 934]
7, 4, 2.02, [487, 735]
7, 5, 2.02, [487, 1394]
7, 6, 2.02, [1028, 809]
7, 7, 2.02, [850, 609]
7, 8, 2.01, [2667, 487]
7, 9, 2.0, [1569, 731]
8, 0, 2.16, [520, 339]
8, 1, 2.14, [520, 934]
8, 2, 2.12, [520, 735]
8, 3, 2.06, [934, 716]
8, 4, 2.04, [1540, 339]
8, 5, 2.03, [716, 1381]
8, 6, 2.02, [487, 798]
8, 7, 2.02, [809, 487]
8, 8, 2.02, [697, 850]
8, 9, 2.0, [1509, 735]
9, 0, 2.16, [520, 339]
9, 1, 2.15, [520, 785]
9, 2, 2.14, [520, 934]
9, 3, 2.13, [520, 2667]
9, 4, 2.07, [850, 934]
9, 5, 2.05, [990, 697]
9, 6, 2.03, [785, 487]
9, 7, 2.02, [662, 716]
9, 8, 2.02, [850, 716]
9, 9, 2.01, [710, 1827]
10, 0, 2.16, [520, 339]
10, 1, 2.15, [520, 785]
10, 2, 2.1, [990, 850]
10, 3, 2.05, [483, 841]
10, 4, 2.05, [1569, 841]
10, 5, 2.04, [785, 1569]
10, 6, 2.04, [990, 487]
10, 7, 2.03, [922, 934]
10, 8, 2.01, [2490, 934]
10, 9, 2.01, [247, 339]
