generation number, pop_size, worst, best, median, avg, std, diversity, improvement, number_of_selections
0, 10, 3.0, 62.33, 9.76, 17.931000000000004, 19.456493234907466,0.9703703703703703,0,[1.e-300]
1, 10, 12.54, 64.94, 47.120000000000005, 43.576, 20.33047918766304,0.7333333333333333,0.04187389699983956,[1.e-300]
2, 10, 9.02, 64.94, 14.504999999999999, 32.278999999999996, 25.29866852227603,0.8148148148148149,0.0,[1.e-300]
3, 10, 21.51, 64.94, 62.86, 59.06999999999999, 12.560322448090254,0.6370370370370371,0.0,[1.e-300]
4, 10, 5.46, 66.59, 63.245, 41.715999999999994, 28.28646149662414,0.8,0.025408068986757095,[1.e-300]
5, 10, 5.48, 70.64, 64.96000000000001, 44.233000000000004, 28.27359476614178,0.7777777777777778,0.06081994293437448,[1.e-300]
6, 10, 12.02, 70.64, 69.80000000000001, 58.376, 22.482451022964554,0.5851851851851853,0.0,[1.e-300]
7, 10, 7.44, 70.64, 11.745000000000001, 27.887999999999998, 27.236945056301742,0.7481481481481482,0.0,[1.e-300]
8, 10, 7.0, 70.64, 62.96, 43.721, 27.60924535368542,0.762962962962963,0.0,[1.e-300]
9, 10, 10.45, 70.64, 62.87, 44.407, 26.993723363033858,0.7851851851851852,0.0,[1.e-300]
10, 10, 7.0, 71.09, 13.05, 34.113, 28.70953989530309,0.8,0.006370328425821105,[1.e-300]
