generation number, individual number, fitness, candidate
0, 0, 3.06, [1351, 2332, 2989]
0, 1, 3.05, [140, 1125, 326]
0, 2, 3.04, [1332, 1028, 1518]
0, 3, 3.04, [1168, 1935, 1652]
0, 4, 3.04, [1028, 1827, 1332]
0, 5, 3.03, [1906, 1068, 1518]
0, 6, 3.03, [2171, 1475, 1715]
0, 7, 3.03, [1040, 1518, 1091]
0, 8, 3.02, [3662, 1620, 1223]
0, 9, 3.01, [1247, 2094, 1201]
1, 0, 3.1, [140, 1125, 1230]
1, 1, 3.06, [1350, 1827, 5684]
1, 2, 3.06, [1028, 785, 326]
1, 3, 3.06, [1351, 2332, 2989]
1, 4, 3.05, [1091, 5684, 2989]
1, 5, 3.05, [140, 905, 1332]
1, 6, 3.05, [140, 1125, 326]
1, 7, 3.04, [1332, 2332, 521]
1, 8, 3.04, [1935, 2320, 1378]
1, 9, 3.02, [1028, 905, 1935]
2, 0, 3.1, [1350, 1827, 1402]
2, 1, 3.1, [140, 1125, 1230]
2, 2, 3.07, [576, 1125, 5684]
2, 3, 3.07, [1350, 905, 1230]
2, 4, 3.06, [140, 1125, 1091]
2, 5, 3.06, [576, 1125, 1225]
2, 6, 3.06, [1350, 1827, 5684]
2, 7, 3.05, [2377, 1125, 2989]
2, 8, 3.03, [1351, 2320, 1230]
2, 9, 3.01, [140, 1125, 1059]
3, 0, 3.1, [1350, 1827, 1402]
3, 1, 3.1, [140, 1125, 1230]
3, 2, 3.05, [571, 1125, 1230]
3, 3, 3.04, [1403, 1125, 1230]
3, 4, 3.04, [140, 1827, 788]
3, 5, 3.03, [576, 905, 1402]
3, 6, 3.03, [140, 1480, 5684]
3, 7, 3.03, [1068, 1028, 645]
3, 8, 3.03, [1378, 1827, 1402]
3, 9, 3.01, [1028, 1125, 1475]
4, 0, 3.1, [1350, 1827, 1402]
4, 1, 3.1, [140, 1125, 1230]
4, 2, 3.05, [576, 1827, 1230]
4, 3, 3.04, [140, 785, 1402]
4, 4, 3.04, [571, 1279, 1025]
4, 5, 3.03, [1403, 1827, 1230]
4, 6, 3.03, [571, 1125, 697]
4, 7, 3.03, [1226, 1125, 1230]
4, 8, 3.03, [571, 905, 1402]
4, 9, 3.02, [2094, 1068, 2377]
5, 0, 3.12, [1350, 1125, 1332]
5, 1, 3.1, [1350, 1827, 1402]
5, 2, 3.1, [140, 1125, 1230]
5, 3, 3.06, [1350, 4227, 1425]
5, 4, 3.05, [140, 1224, 905]
5, 5, 3.04, [576, 1827, 1402]
5, 6, 3.04, [1350, 751, 1025]
5, 7, 3.03, [1131, 1401, 1580]
5, 8, 3.03, [140, 585, 1230]
5, 9, 3.03, [1480, 1058, 1230]
6, 0, 3.15, [576, 1125, 1332]
6, 1, 3.12, [1350, 1125, 1332]
6, 2, 3.1, [1350, 1125, 1332]
6, 3, 3.1, [1350, 1827, 1402]
6, 4, 3.09, [1350, 905, 1332]
6, 5, 3.08, [1350, 905, 1332]
6, 6, 3.08, [1350, 1125, 2110]
6, 7, 3.06, [1350, 1125, 788]
6, 8, 3.06, [1350, 1368, 1402]
6, 9, 3.06, [1350, 4227, 1715]
7, 0, 3.15, [576, 1125, 1332]
7, 1, 3.12, [1350, 1125, 1332]
7, 2, 3.08, [1350, 1368, 1332]
7, 3, 3.08, [1350, 1125, 1131]
7, 4, 3.08, [576, 1906, 1332]
7, 5, 3.06, [1226, 1125, 1332]
7, 6, 3.05, [1247, 785, 6917]
7, 7, 3.05, [1226, 1020, 1332]
7, 8, 3.02, [576, 1518, 1402]
7, 9, 3.02, [645, 1125, 1497]
8, 0, 3.15, [576, 1125, 1332]
8, 1, 3.12, [1350, 1125, 1332]
8, 2, 3.08, [1350, 1906, 1157]
8, 3, 3.08, [1350, 1125, 905]
8, 4, 3.04, [576, 749, 2171]
8, 5, 3.03, [571, 1247, 1407]
8, 6, 3.03, [1518, 1695, 1332]
8, 7, 3.03, [831, 1990, 697]
8, 8, 3.02, [576, 1368, 1378]
8, 9, 3.01, [2989, 1125, 2094]
9, 0, 3.16, [1509, 1125, 1328]
9, 1, 3.15, [576, 1125, 1332]
9, 2, 3.12, [1350, 1125, 1332]
9, 3, 3.08, [1350, 1368, 1332]
9, 4, 3.05, [1040, 785, 1332]
9, 5, 3.04, [2989, 1368, 1224]
9, 6, 3.03, [1078, 1168, 1332]
9, 7, 3.02, [645, 1125, 905]
9, 8, 3.02, [3124, 1125, 1715]
9, 9, 3.0, [576, 1424, 1715]
10, 0, 3.22, [1509, 785, 1332]
10, 1, 3.16, [1509, 1125, 1328]
10, 2, 3.15, [576, 1125, 1332]
10, 3, 3.14, [788, 1125, 1328]
10, 4, 3.13, [1509, 1368, 1230]
10, 5, 3.09, [1040, 1125, 1332]
10, 6, 3.08, [1350, 1125, 970]
10, 7, 3.08, [1350, 785, 1328]
10, 8, 3.06, [1090, 1068, 1328]
10, 9, 3.06, [576, 831, 1332]
