generation number, individual number, fitness, candidate
0, 0, 12.62, [1825, 284]
0, 1, 8.93, [3777, 3752]
0, 2, 8.86, [77, 4184]
0, 3, 7.99, [3760, 1541]
0, 4, 7.1, [3754, 1987]
0, 5, 6.86, [3756, 3744]
0, 6, 6.65, [1322, 359]
0, 7, 6.61, [3743, 2261]
0, 8, 5.65, [2490, 3743]
0, 9, 4.88, [295, 2490]
1, 0, 12.62, [1825, 284]
1, 1, 11.87, [284, 3752]
1, 2, 11.87, [284, 3752]
1, 3, 10.95, [1825, 287]
1, 4, 10.13, [3742, 3752]
1, 5, 8.93, [3777, 3752]
1, 6, 7.85, [3777, 3105]
1, 7, 7.71, [3777, 3746]
1, 8, 7.68, [3777, 101]
1, 9, 6.76, [3735, 3752]
2, 0, 12.62, [1825, 284]
2, 1, 11.87, [284, 3752]
2, 2, 11.13, [1825, 275]
2, 3, 9.35, [2260, 3100]
2, 4, 8.91, [1322, 1829]
2, 5, 8.54, [3752, 3755]
2, 6, 8.5, [3758, 3752]
2, 7, 8.35, [1834, 3752]
2, 8, 7.43, [4108, 229]
2, 9, 6.83, [1834, 3750]
3, 0, 12.62, [1825, 284]
3, 1, 11.87, [284, 3752]
3, 2, 9.82, [996, 77]
3, 3, 9.71, [1987, 3736]
3, 4, 9.09, [159, 3741]
3, 5, 8.43, [2261, 3100]
3, 6, 7.65, [1541, 4129]
3, 7, 7.09, [1987, 3749]
3, 8, 6.85, [3777, 3754]
3, 9, 6.49, [3760, 2490]
4, 0, 12.62, [1825, 284]
4, 1, 11.87, [284, 3752]
4, 2, 10.73, [3755, 77]
4, 3, 10.73, [3755, 77]
4, 4, 10.04, [1825, 359]
4, 5, 9.79, [2229, 3756]
4, 6, 9.77, [295, 77]
4, 7, 9.13, [3743, 284]
4, 8, 8.5, [3777, 284]
4, 9, 6.82, [1686, 3752]
5, 0, 14.02, [1825, 3736]
5, 1, 12.62, [1825, 284]
5, 2, 12.36, [2229, 1831]
5, 3, 12.28, [1829, 77]
5, 4, 11.87, [284, 3752]
5, 5, 11.27, [3750, 77]
5, 6, 11.14, [3100, 693]
5, 7, 10.88, [1834, 77]
5, 8, 10.85, [3105, 3752]
5, 9, 10.15, [229, 3752]
6, 0, 14.02, [1825, 3736]
6, 1, 13.57, [3752, 77]
6, 2, 13.14, [1825, 3100]
6, 3, 12.62, [1825, 284]
6, 4, 11.89, [2229, 3744]
6, 5, 11.25, [1825, 3741]
6, 6, 9.75, [1040, 1831]
6, 7, 9.54, [3744, 284]
6, 8, 9.43, [3777, 3736]
6, 9, 9.37, [3744, 3736]
7, 0, 14.02, [1825, 3736]
7, 1, 13.57, [3752, 77]
7, 2, 12.92, [1831, 3100]
7, 3, 10.87, [1834, 3736]
7, 4, 10.82, [1825, 3741]
7, 5, 10.62, [4129, 3736]
7, 6, 10.59, [4108, 77]
7, 7, 9.41, [2490, 77]
7, 8, 7.72, [3752, 996]
7, 9, 7.67, [4129, 3741]
8, 0, 14.73, [1831, 77]
8, 1, 14.02, [1825, 3736]
8, 2, 13.57, [3752, 77]
8, 3, 12.16, [1831, 2229]
8, 4, 10.4, [1825, 4131]
8, 5, 9.85, [1834, 3736]
8, 6, 9.62, [3777, 3736]
8, 7, 9.33, [3744, 3100]
8, 8, 9.12, [3755, 3736]
8, 9, 8.83, [295, 3100]
9, 0, 14.73, [1831, 77]
9, 1, 14.02, [1825, 3736]
9, 2, 13.23, [1825, 3736]
9, 3, 12.43, [693, 3736]
9, 4, 10.73, [1825, 3744]
9, 5, 10.63, [1825, 2260]
9, 6, 10.57, [689, 3736]
9, 7, 10.38, [1825, 4128]
9, 8, 10.18, [3747, 3736]
9, 9, 9.68, [1831, 4108]
10, 0, 14.73, [1831, 77]
10, 1, 14.02, [1825, 3736]
10, 2, 13.24, [689, 77]
10, 3, 11.97, [1829, 3736]
10, 4, 11.6, [2260, 77]
10, 5, 11.52, [1831, 3747]
10, 6, 10.73, [3750, 77]
10, 7, 10.27, [1831, 2261]
10, 8, 8.73, [1828, 77]
10, 9, 8.73, [1828, 77]
