num_genrations,diversity,improvement,best_fitness
0,1.0,0,38.43376808436587
1,0.785,-0.4945370560732745,19.4268455621206
2,0.7566666666666666,0.06263718668738734,20.64368851434219
3,0.42333333333333334,0.08307978093943108,22.35876163389559
4,0.33999999999999997,-0.05990407312953626,21.01938074189284
5,0.3833333333333333,0.0,21.01938074189284
6,0.11666666666666647,0.08528706426863175,22.812062018113494
7,0.1466666666666666,0.0,22.812062018113494
8,0.1333333333333333,0.0,22.812062018113494
9,0.02499999999999991,0.04485856442429391,23.835378371804026
10,0.02499999999999991,0.09838452479035775,26.180410746112337
