n_nodes,influence,n0,n1,n2,n3,n4,n5,n6,n7,n8,n9,n10,n11,n12,n13,n14,n15,n16,n17,n18
19,32.8600,5250,164614,59272,8206,251407,113553,184595,31673,47656,108848,23487,203715,211278,238159,78071,257904,192119,63608,96377
19,32.8600,5250,164614,59272,8206,251407,113553,184595,31673,47656,108848,23487,203715,211278,238159,78071,97639,257904,192119,96377
19,32.8600,5250,164614,59272,8206,251407,113553,184595,31673,47656,108848,23487,203715,211278,238159,78071,97639,257904,192119,96377
19,32.8600,5250,164614,59272,8206,251407,113553,184595,31673,47656,108848,23487,203715,211278,238159,78071,97639,257904,192119,96377
19,32.8500,5250,164614,59272,8206,251407,113553,184595,47656,108848,31673,128052,203715,211278,238159,78071,97639,257904,192119,96377
19,32.8500,5250,164614,59272,8206,251407,184595,233245,47656,108848,200886,203715,211278,238159,128848,97639,257904,192119,63608,96377
19,32.8400,5250,164614,59272,8206,251407,150295,233245,47656,108848,200886,240106,211278,238159,128848,97639,257904,192119,63608,96377
19,32.8400,5250,164614,59272,8206,251407,150295,233245,47656,108848,200886,203715,211278,238159,128848,97639,257904,192119,63608,96377
19,32.8400,5250,164614,59272,8206,251407,184595,233245,47656,108848,23487,203715,211278,238159,78071,97639,257904,192119,63608,56743
19,32.8400,5250,164614,59272,8206,251407,113553,184595,31673,47656,108848,23487,203715,211278,238159,78071,97639,257904,63608,96377
19,32.8400,5250,164614,59272,8206,251407,150295,233245,47656,108848,200886,203715,211278,238159,128848,97639,257904,192119,63608,96377
19,32.8400,5250,164614,59272,8206,251407,150295,233245,47656,108848,200886,203715,211278,238159,128848,97639,257904,192119,63608,96377
19,32.8400,5250,164614,59272,8206,251407,184595,78071,233245,47656,108848,23487,203715,211278,238159,97639,257904,192119,63608,56743
19,32.8400,5250,164614,59272,8206,251407,150295,233245,47656,108848,200886,203715,211278,238159,128848,97639,257904,192119,63608,96377
19,32.8400,5250,164614,59272,8206,251407,184595,233245,47656,108848,23487,203715,211278,238159,78071,97639,257904,192119,63608,56743
19,32.8400,5250,164614,59272,8206,251407,184595,233245,47656,108848,23487,203715,211278,238159,78071,97639,257904,192119,63608,56743
