generation number, individual number, fitness, candidate
0, 0, 11.02, [77, 1833]
0, 1, 10.22, [77, 3748]
0, 2, 10.13, [3105, 693]
0, 3, 8.22, [287, 3746]
0, 4, 7.52, [270, 3750]
0, 5, 7.15, [1834, 4128]
0, 6, 7.03, [229, 4108]
0, 7, 6.63, [2463, 4131]
0, 8, 5.07, [996, 3753]
0, 9, 2.97, [1826, 2490]
1, 0, 12.21, [77, 72]
1, 1, 11.02, [77, 1833]
1, 2, 10.22, [77, 3748]
1, 3, 10.19, [3739, 181]
1, 4, 9.67, [77, 996]
1, 5, 8.2, [24, 3739]
1, 6, 7.79, [3748, 693]
1, 7, 7.77, [72, 1833]
1, 8, 6.19, [2598, 3748]
1, 9, 5.87, [275, 2490]
2, 0, 12.21, [77, 72]
2, 1, 11.02, [77, 1833]
2, 2, 10.46, [284, 72]
2, 3, 10.14, [77, 2598]
2, 4, 8.56, [3777, 72]
2, 5, 8.42, [693, 269]
2, 6, 8.0, [275, 1315]
2, 7, 7.91, [101, 3750]
2, 8, 6.14, [3734, 72]
2, 9, 6.12, [1826, 72]
3, 0, 12.21, [77, 72]
3, 1, 11.08, [3742, 72]
3, 2, 11.02, [77, 1833]
3, 3, 8.52, [3105, 546]
3, 4, 7.64, [3749, 2260]
3, 5, 7.5, [1092, 3397]
3, 6, 7.3, [4129, 3756]
3, 7, 6.37, [24, 3761]
3, 8, 6.08, [2463, 1833]
3, 9, 5.92, [1828, 72]
4, 0, 12.51, [77, 72]
4, 1, 12.21, [77, 72]
4, 2, 11.08, [3742, 72]
4, 3, 10.61, [1825, 269]
4, 4, 8.19, [101, 3756]
4, 5, 8.0, [72, 119]
4, 6, 7.76, [285, 3105]
4, 7, 7.31, [546, 3743]
4, 8, 6.0, [996, 2260]
4, 9, 3.94, [4130, 263]
5, 0, 12.51, [77, 72]
5, 1, 12.49, [77, 3105]
5, 2, 12.21, [77, 72]
5, 3, 10.43, [1825, 2260]
5, 4, 9.4, [284, 2260]
5, 5, 9.1, [24, 72]
5, 6, 8.88, [1829, 1831]
5, 7, 8.32, [2260, 3749]
5, 8, 6.2, [3733, 3740]
5, 9, 5.46, [1006, 229]
6, 0, 12.51, [77, 72]
6, 1, 12.49, [77, 3105]
6, 2, 11.58, [77, 2260]
6, 3, 9.66, [77, 3102]
6, 4, 9.61, [77, 2490]
6, 5, 9.54, [77, 4184]
6, 6, 9.0, [693, 3397]
6, 7, 8.02, [1541, 72]
6, 8, 7.15, [1896, 3105]
6, 9, 5.93, [3100, 4794]
7, 0, 12.51, [77, 72]
7, 1, 12.49, [77, 3105]
7, 2, 9.91, [2261, 1831]
7, 3, 9.81, [77, 270]
7, 4, 9.46, [3736, 3750]
7, 5, 9.28, [181, 3741]
7, 6, 7.53, [270, 287]
7, 7, 6.26, [2598, 270]
7, 8, 6.18, [3753, 359]
7, 9, 4.85, [3755, 2490]
8, 0, 12.51, [77, 72]
8, 1, 12.49, [77, 3105]
8, 2, 11.74, [77, 3754]
8, 3, 11.03, [3742, 3105]
8, 4, 10.21, [1831, 3750]
8, 5, 9.84, [3761, 1831]
8, 6, 8.52, [1831, 1830]
8, 7, 8.36, [77, 3735]
8, 8, 7.07, [269, 4131]
8, 9, 6.9, [3754, 3745]
9, 0, 12.51, [77, 72]
9, 1, 12.49, [77, 3105]
9, 2, 10.63, [181, 3105]
9, 3, 9.39, [2229, 3753]
9, 4, 7.52, [1092, 3749]
9, 5, 7.02, [3760, 2261]
9, 6, 7.0, [269, 279]
9, 7, 6.06, [1826, 72]
9, 8, 5.99, [4130, 3755]
9, 9, 5.93, [1686, 3105]
10, 0, 12.51, [77, 72]
10, 1, 12.49, [77, 3105]
10, 2, 10.47, [3742, 72]
10, 3, 9.22, [77, 4794]
10, 4, 7.94, [546, 181]
10, 5, 7.53, [2260, 181]
10, 6, 7.12, [3777, 1541]
10, 7, 6.28, [1833, 291]
10, 8, 6.0, [3756, 1321]
10, 9, 5.89, [1830, 996]
