n_nodes,influence,n0,n1,n2,n3,n4,n5,n6,n7,n8,n9,n10,n11,n12,n13,n14,n15,n16,n17,n18,n19,n20,n21,n22,n23,n24,n25,n26,n27,n28,n29
30,104.1600,204675,93704,199952,147345,248725,94359,162848,36771,228520,70185,153771,61742,31919,109744,68272,47342,29111,209464,212543,200771,14787,152006,15309,154573,4439,36442,156644,161897,242297,148987
30,101.9500,194350,93704,199952,248725,94359,162848,36771,228520,70185,153771,61742,31919,109744,68272,33842,29111,209464,212543,200771,14787,152006,15309,154573,4439,13402,36442,156644,161897,242297,148987
30,101.9500,194350,93704,199952,248725,94359,162848,36771,228520,70185,153771,61742,31919,109744,68272,33842,29111,209464,212543,200771,14787,152006,15309,154573,4439,13402,36442,156644,161897,242297,148987
30,101.7900,204675,93704,199952,248725,94359,162848,36771,228520,70185,153771,209464,61742,31919,109744,68272,33842,29111,212543,200771,14787,152006,15309,154573,4439,13402,36442,156644,161897,242297,148987
30,101.7900,204675,93704,199952,248725,94359,162848,36771,228520,70185,153771,209464,61742,31919,109744,68272,33842,29111,212543,200771,14787,152006,15309,154573,4439,13402,36442,156644,161897,242297,148987
30,101.7900,204675,93704,199952,248725,94359,162848,36771,228520,70185,153771,209464,61742,31919,109744,68272,33842,29111,212543,200771,14787,152006,15309,154573,4439,13402,36442,156644,161897,242297,148987
30,101.7900,204675,93704,199952,248725,94359,162848,36771,228520,70185,153771,209464,61742,31919,109744,68272,33842,29111,212543,200771,14787,152006,15309,154573,4439,13402,36442,156644,161897,242297,148987
30,101.7600,204675,93704,199952,248725,94359,162848,36771,228520,70185,153771,61742,31919,109744,68272,33842,29111,209464,212543,200771,14787,152006,15309,154573,4439,13402,36442,156644,161897,242297,148987
30,101.6800,204675,93704,199952,248725,94359,162848,36771,228520,70185,153771,209464,61742,31919,109744,68272,33842,29111,212543,200771,14787,152006,15309,154573,4439,13402,36442,156644,161897,242297,148987
30,101.4600,204675,93704,199952,248725,94359,162848,36771,228520,70185,153771,61742,31919,109744,68272,33842,29111,209464,212543,200771,14787,152006,15309,154573,4439,147345,36442,156644,161897,242297,148987
30,101.4600,204675,93704,199952,248725,94359,162848,36771,228520,70185,153771,61742,31919,109744,68272,33842,29111,209464,212543,200771,14787,152006,15309,154573,4439,147345,36442,156644,161897,242297,148987
30,101.3300,204675,93704,199952,248725,94359,162848,36771,228520,70185,153771,61742,31919,109744,68272,33842,29111,209464,212543,200771,14787,152006,15309,154573,4439,13402,36442,156644,161897,242297,148987
30,101.2300,194350,93704,199952,248725,94359,162848,36771,228520,70185,153771,61742,31919,109744,68272,33842,29111,209464,212543,200771,14787,152006,15309,154573,4439,13402,36442,156644,161897,242297,148987
30,101.2000,204675,93704,199952,248725,94359,162848,36771,228520,70185,153771,61742,31919,109744,68272,33842,29111,209464,212543,200771,241290,152006,15309,154573,4439,13402,36442,156644,161897,242297,148987
30,101.2000,204675,93704,199952,248725,94359,162848,36771,228520,70185,153771,61742,31919,109744,68272,33842,29111,209464,212543,200771,241290,152006,15309,154573,4439,13402,36442,156644,161897,242297,148987
30,101.2000,204675,93704,199952,248725,94359,162848,36771,228520,70185,153771,61742,31919,109744,68272,33842,29111,209464,212543,200771,241290,152006,15309,154573,4439,13402,36442,156644,161897,242297,148987
30,101.2000,204675,93704,199952,248725,94359,162848,36771,228520,70185,153771,61742,31919,109744,68272,33842,29111,209464,212543,200771,241290,152006,15309,154573,4439,13402,36442,156644,161897,242297,148987
30,101.2000,204675,93704,199952,248725,94359,162848,36771,228520,70185,153771,61742,31919,109744,68272,33842,29111,209464,212543,200771,241290,152006,15309,154573,4439,13402,36442,156644,161897,242297,148987
30,101.2000,204675,93704,199952,248725,94359,162848,36771,228520,70185,153771,61742,31919,109744,68272,33842,29111,209464,212543,200771,241290,152006,15309,154573,4439,13402,36442,156644,161897,242297,148987
30,101.2000,204675,93704,199952,248725,94359,162848,36771,228520,70185,153771,61742,31919,109744,68272,33842,29111,209464,212543,200771,241290,152006,15309,154573,4439,13402,36442,156644,161897,242297,148987
30,101.1900,204675,93704,145183,248725,94359,162848,36771,228520,70185,153771,209464,61742,31919,109744,68272,33842,29111,212543,200771,14787,152006,15309,154573,4439,13402,36442,156644,161897,242297,148987
30,101.1900,194350,93704,199952,248725,94359,162848,36771,228520,70185,153771,61742,31919,109744,68272,33842,29111,209464,212543,200771,14787,152006,15309,154573,4439,13402,36442,156644,161897,242297,148987
30,101.1900,194350,93704,199952,248725,94359,162848,36771,228520,70185,153771,61742,31919,109744,68272,33842,29111,209464,212543,200771,14787,152006,15309,154573,4439,13402,36442,156644,161897,242297,148987
30,101.1900,204675,93704,145183,248725,94359,162848,36771,228520,70185,153771,209464,61742,31919,109744,68272,33842,29111,212543,200771,14787,152006,15309,154573,4439,13402,36442,156644,161897,242297,148987
30,101.1900,194350,93704,199952,248725,94359,162848,36771,228520,70185,153771,61742,31919,109744,68272,33842,29111,209464,212543,200771,14787,152006,15309,154573,4439,13402,36442,156644,161897,242297,148987
30,101.1900,194350,93704,199952,248725,94359,162848,36771,228520,70185,153771,61742,31919,109744,68272,33842,29111,209464,212543,200771,14787,152006,15309,154573,4439,13402,36442,156644,161897,242297,148987
30,101.1200,204675,93704,199952,248725,94359,162848,36771,228520,70185,153771,61742,31919,109744,68272,33842,29111,209464,212543,200771,177292,152006,15309,154573,4439,13402,36442,156644,161897,242297,148987
30,101.0100,204675,93704,145183,248725,94359,162848,36771,228520,70185,153771,209464,61742,31919,109744,68272,33842,29111,212543,200771,14787,152006,15309,154573,4439,13402,36442,156644,161897,242297,148987
30,101.0000,204675,93704,199952,248725,94359,162848,36771,228520,70185,153771,209464,61742,31919,109744,68272,33842,29111,212543,200771,14787,152006,15309,154573,4439,13402,36442,156644,161897,242297,148987
30,100.9400,204675,93704,199952,248725,94359,162848,36771,228520,70185,153771,61742,31919,109744,68272,33842,29111,209464,212543,200771,14787,152006,15309,154573,4439,147345,36442,156644,161897,242297,148987
30,100.8400,93704,102534,248725,94359,162848,36771,228520,70185,153771,194350,61742,31919,109744,68272,33842,29111,209464,212543,200771,14787,152006,15309,154573,4439,13402,36442,156644,161897,242297,148987
30,100.7600,204675,93704,199952,248725,94359,162848,36771,228520,70185,153771,209464,61742,31919,109744,68272,33842,29111,212543,200771,14787,152006,15309,154573,4439,13402,36442,156644,161897,242297,148987
