generation number, pop_size, worst, best, median, avg, std, diversity, improvement, number_of_selections
0, 10, 3.01, 3.18, 3.09, 3.095, 0.05123475382979809,0.9555555555555556,0,[1.e-300]
1, 10, 3.07, 3.18, 3.11, 3.119, 0.031128764832546865,0.8592592592592593,0.0,[10.]
2, 10, 3.05, 3.19, 3.1100000000000003, 3.121, 0.046786750261158395,0.8222222222222222,0.0031446540880502474,[20.]
3, 10, 3.07, 3.19, 3.105, 3.119, 0.04276680956068625,0.837037037037037,0.0,[30.]
4, 10, 3.09, 3.2, 3.17, 3.15, 0.04266145801540314,0.762962962962963,0.0031347962382445864,[40.]
5, 10, 3.07, 3.2, 3.125, 3.133, 0.04980963762164916,0.8518518518518519,0.0,[50.]
6, 10, 3.1, 3.23, 3.145, 3.156, 0.040792156108742296,0.888888888888889,0.009374999999999939,[60.]
7, 10, 3.09, 3.23, 3.115, 3.1399999999999997, 0.05621387729022084,0.762962962962963,0.0,[70.]
8, 10, 3.08, 3.26, 3.13, 3.161, 0.0664003012041361,0.6962962962962963,0.009287925696594366,[80.]
9, 10, 3.08, 3.26, 3.125, 3.15, 0.06148170459575759,0.7851851851851852,0.0,[90.]
10, 10, 3.07, 3.26, 3.145, 3.146, 0.06606057825965504,0.9111111111111111,0.0,[100.]
