generation number, pop_size, worst, best, median, avg, std, diversity, improvement, number_of_selections
0, 10, 4.44, 33.93, 8.059999999999999, 11.648, 8.37645485870962,0.9481481481481482,0,[1.e-300]
1, 10, 7.0, 41.26, 24.415, 24.008999999999997, 11.568593216117506,0.7777777777777778,0.21603300913645737,[10.]
2, 10, 10.0, 41.26, 36.215, 27.523000000000003, 13.435256640645164,0.6888888888888889,0.0,[20.]
3, 10, 8.0, 41.39, 22.244999999999997, 23.861, 15.477041997746207,0.7925925925925926,0.0031507513330102416,[30.]
4, 10, 9.0, 43.86, 32.795, 27.907, 14.24832976176506,0.8,0.05967625030200529,[40.]
5, 10, 11.0, 43.86, 37.345, 28.772, 13.527604222477828,0.7333333333333334,0.0,[50.]
6, 10, 12.0, 43.86, 24.965, 26.923000000000002, 13.580275439032892,0.8518518518518519,0.0,[60.]
7, 10, 17.7, 62.81, 38.095, 37.181, 11.903315882559784,0.7777777777777778,0.4320565435476517,[70.]
8, 10, 9.0, 67.8, 41.775, 43.582, 16.759305355533087,0.7037037037037037,0.07944594809743663,[80.]
9, 10, 30.01, 67.8, 39.150000000000006, 46.739999999999995, 14.508716690321029,0.6296296296296297,0.0,[90.]
10, 10, 15.55, 68.01, 51.295, 49.241, 17.9875175885946,0.6518518518518518,0.0030973451327434803,[100.]
