generation number, individual number, fitness, candidate
0, 0, 9.0, [1437, 1125, 2320]
0, 1, 8.0, [2171, 1225, 645]
0, 2, 8.0, [1247, 1201, 1125]
0, 3, 7.0, [1125, 1225, 1311]
0, 4, 7.0, [645, 1332, 831]
0, 5, 5.0, [749, 1107, 1378]
0, 6, 4.0, [1580, 1064, 1935]
0, 7, 4.0, [1131, 775, 1279]
0, 8, 4.0, [1247, 1311, 1226]
0, 9, 3.0, [1090, 1149, 2989]
1, 0, 64.1, [1437, 1509, 2320]
1, 1, 12.57, [140, 1223, 1619]
1, 2, 9.0, [2171, 1225, 717]
1, 3, 9.0, [1437, 1125, 2320]
1, 4, 8.0, [1580, 2320, 1497]
1, 5, 8.0, [1652, 1125, 1212]
1, 6, 8.0, [2171, 1225, 645]
1, 7, 7.0, [1058, 1141, 717]
1, 8, 7.0, [2171, 1125, 1619]
1, 9, 7.0, [1430, 1225, 645]
2, 0, 64.41, [1437, 1509, 571]
2, 1, 64.1, [1437, 1509, 2320]
2, 2, 61.35, [1437, 1509, 3662]
2, 3, 12.57, [140, 1223, 1619]
2, 4, 11.0, [2171, 1225, 326]
2, 5, 9.0, [1247, 1767, 2320]
2, 6, 9.0, [585, 1580, 2320]
2, 7, 8.0, [2171, 1225, 5684]
2, 8, 8.0, [576, 1168, 1619]
2, 9, 7.0, [1437, 1125, 1378]
3, 0, 65.82, [1497, 1509, 2171]
3, 1, 65.04, [1620, 1509, 788]
3, 2, 64.41, [1437, 1509, 571]
3, 3, 64.1, [1437, 1509, 2320]
3, 4, 18.0, [1437, 1091, 2320]
3, 5, 14.42, [1068, 140, 1402]
3, 6, 8.0, [1437, 2171, 1201]
3, 7, 8.0, [1437, 1107, 2320]
3, 8, 7.0, [1332, 1990, 1230]
3, 9, 6.0, [1437, 1028, 905]
4, 0, 68.32, [749, 1509, 2171]
4, 1, 66.37, [1497, 1509, 2171]
4, 2, 65.82, [1497, 1509, 2171]
4, 3, 65.04, [1620, 1509, 788]
4, 4, 63.38, [1497, 1509, 1442]
4, 5, 63.31, [1247, 1509, 1935]
4, 6, 60.8, [1497, 1509, 1226]
4, 7, 15.0, [1497, 1091, 571]
4, 8, 9.96, [1497, 1350, 1437]
4, 9, 8.0, [1437, 1311, 2171]
5, 0, 68.32, [749, 1509, 2171]
5, 1, 66.67, [1311, 1509, 1125]
5, 2, 66.37, [1497, 1509, 2171]
5, 3, 66.18, [1078, 1509, 2171]
5, 4, 66.04, [1619, 1509, 1125]
5, 5, 63.03, [751, 1509, 1059]
5, 6, 62.11, [1107, 1509, 1403]
5, 7, 15.0, [749, 1351, 2171]
5, 8, 11.0, [521, 1497, 2171]
5, 9, 10.0, [749, 1695, 2171]
6, 0, 68.32, [749, 1509, 2171]
6, 1, 68.27, [749, 1509, 1125]
6, 2, 68.25, [749, 1509, 1125]
6, 3, 68.18, [975, 1509, 1125]
6, 4, 66.67, [1311, 1509, 1125]
6, 5, 61.45, [2377, 1509, 1351]
6, 6, 13.0, [1311, 695, 2171]
6, 7, 9.0, [749, 831, 1125]
6, 8, 8.35, [749, 314, 1990]
6, 9, 7.51, [1328, 1190, 749]
7, 0, 68.32, [749, 1509, 2171]
7, 1, 68.27, [749, 1509, 1125]
7, 2, 65.82, [1403, 1509, 905]
7, 3, 64.97, [1695, 1509, 1328]
7, 4, 64.01, [326, 1509, 5684]
7, 5, 62.66, [1168, 1509, 1652]
7, 6, 61.36, [1107, 1509, 1287]
7, 7, 14.28, [1350, 1190, 1125]
7, 8, 14.0, [1168, 1401, 1125]
7, 9, 10.44, [975, 1402, 1125]
8, 0, 68.32, [749, 1509, 2171]
8, 1, 68.27, [749, 1509, 1125]
8, 2, 66.56, [2094, 1509, 2171]
8, 3, 63.77, [749, 1509, 1368]
8, 4, 16.57, [749, 1224, 2171]
8, 5, 15.0, [749, 1425, 905]
8, 6, 12.0, [749, 1141, 1442]
8, 7, 10.0, [749, 1351, 1131]
8, 8, 9.0, [749, 1580, 1125]
8, 9, 8.0, [2320, 3124, 1906]
9, 0, 68.32, [749, 1509, 2171]
9, 1, 68.27, [749, 1509, 1125]
9, 2, 64.52, [1225, 1509, 975]
9, 3, 63.54, [749, 1509, 1906]
9, 4, 63.23, [1201, 1509, 521]
9, 5, 20.0, [749, 1091, 576]
9, 6, 16.0, [975, 1425, 2171]
9, 7, 11.35, [1212, 2320, 1990]
9, 8, 10.0, [1442, 1107, 421]
9, 9, 9.0, [749, 1347, 1125]
10, 0, 68.48, [975, 1509, 1125]
10, 1, 68.36, [749, 1509, 1125]
10, 2, 68.32, [749, 1509, 2171]
10, 3, 68.27, [749, 1509, 1125]
10, 4, 13.0, [749, 1442, 1125]
10, 5, 9.0, [1475, 3124, 2171]
10, 6, 9.0, [975, 1225, 2171]
10, 7, 8.42, [1407, 1442, 1347]
10, 8, 8.0, [749, 326, 1020]
10, 9, 8.0, [975, 1064, 576]
11, 0, 69.66, [1402, 1509, 1125]
11, 1, 68.48, [975, 1509, 1125]
11, 2, 68.36, [749, 1509, 1125]
11, 3, 67.89, [975, 1509, 1125]
11, 4, 65.13, [1064, 1509, 1332]
11, 5, 63.26, [749, 1509, 2377]
11, 6, 61.85, [1090, 1509, 1403]
11, 7, 12.0, [1351, 2110, 1125]
11, 8, 11.0, [1430, 1437, 1125]
11, 9, 10.0, [3662, 421, 1125]
12, 0, 69.66, [1402, 1509, 1125]
12, 1, 68.48, [975, 1509, 1125]
12, 2, 66.45, [1695, 1509, 1125]
12, 3, 66.13, [975, 1509, 1332]
12, 4, 65.02, [1402, 1509, 1906]
12, 5, 63.7, [788, 1509, 1906]
12, 6, 14.0, [749, 1351, 1125]
12, 7, 9.0, [1279, 1351, 1652]
12, 8, 8.0, [1378, 1403, 1125]
12, 9, 7.0, [1168, 1064, 1125]
13, 0, 69.66, [1402, 1509, 1125]
13, 1, 68.48, [975, 1509, 1125]
13, 2, 67.11, [1168, 1509, 1125]
13, 3, 65.91, [1580, 1509, 1125]
13, 4, 64.96, [1168, 1509, 1332]
13, 5, 16.62, [1402, 1350, 1332]
13, 6, 14.02, [1695, 1224, 1328]
13, 7, 14.0, [975, 576, 1351]
13, 8, 8.0, [975, 1767, 1125]
13, 9, 8.0, [1695, 1990, 1332]
14, 0, 69.66, [1402, 1509, 1125]
14, 1, 68.53, [788, 1509, 1125]
14, 2, 68.48, [975, 1509, 1125]
14, 3, 65.96, [1168, 1509, 905]
14, 4, 64.36, [1580, 1509, 785]
14, 5, 63.83, [1230, 1509, 1225]
14, 6, 63.82, [788, 1509, 1350]
14, 7, 61.24, [1619, 1509, 1287]
14, 8, 23.84, [1091, 1350, 1125]
14, 9, 9.0, [1058, 1059, 1125]
15, 0, 69.66, [1402, 1509, 1125]
15, 1, 68.53, [788, 1509, 1125]
15, 2, 67.1, [1168, 1509, 1125]
15, 3, 65.02, [1402, 1509, 2377]
15, 4, 64.73, [1402, 1509, 1611]
15, 5, 64.16, [975, 1509, 3124]
15, 6, 62.18, [1906, 1509, 1368]
15, 7, 14.0, [1332, 905, 1125]
15, 8, 10.06, [314, 1350, 1149]
15, 9, 7.54, [1497, 1223, 1149]
16, 0, 69.66, [1402, 1509, 1125]
16, 1, 68.53, [788, 1509, 1125]
16, 2, 67.67, [697, 1509, 1125]
16, 3, 13.52, [1402, 1480, 1125]
16, 4, 10.0, [1168, 2332, 1125]
16, 5, 8.49, [788, 1090, 1125]
16, 6, 8.47, [1402, 905, 1378]
16, 7, 8.0, [1311, 1247, 1125]
16, 8, 6.56, [697, 1368, 1125]
16, 9, 6.0, [785, 1378, 1125]
17, 0, 69.66, [1402, 1509, 1125]
17, 1, 68.53, [788, 1509, 1125]
17, 2, 67.07, [3124, 1509, 1125]
17, 3, 65.67, [1402, 1509, 1131]
17, 4, 62.49, [1146, 1509, 970]
17, 5, 12.0, [576, 1437, 1125]
17, 6, 11.97, [788, 1990, 1125]
17, 7, 10.0, [1028, 421, 1125]
17, 8, 9.98, [1064, 1212, 1350]
17, 9, 9.56, [1402, 1767, 1125]
18, 0, 69.66, [1402, 1509, 1125]
18, 1, 68.9, [1407, 1509, 785]
18, 2, 68.53, [788, 1509, 1125]
18, 3, 66.55, [421, 1509, 1225]
18, 4, 66.11, [1402, 6917, 1509]
18, 5, 24.04, [1091, 1350, 1125]
18, 6, 19.56, [521, 2320, 1224]
18, 7, 10.0, [571, 1935, 1125]
18, 8, 9.59, [788, 1351, 1437]
18, 9, 9.53, [788, 521, 785]
19, 0, 69.66, [1402, 1509, 1125]
19, 1, 68.9, [1407, 1509, 785]
19, 2, 68.72, [1407, 1509, 1332]
19, 3, 66.22, [1125, 785, 1509]
19, 4, 46.99, [1407, 2989, 6917]
19, 5, 17.5, [1407, 1425, 1125]
19, 6, 16.51, [788, 1091, 785]
19, 7, 13.47, [788, 1351, 1125]
19, 8, 11.44, [788, 1620, 1480]
19, 9, 11.0, [421, 1146, 1125]
20, 0, 69.66, [1402, 1509, 1125]
20, 1, 69.42, [1827, 1509, 1141]
20, 2, 68.9, [1407, 1509, 785]
20, 3, 47.76, [1407, 314, 6917]
20, 4, 16.0, [975, 1091, 785]
20, 5, 11.47, [1407, 3124, 140]
20, 6, 10.53, [1407, 1619, 1332]
20, 7, 10.48, [1328, 775, 1125]
20, 8, 8.0, [1287, 1620, 785]
20, 9, 7.46, [1402, 785, 1695]
21, 0, 70.04, [1328, 1509, 1125]
21, 1, 69.98, [905, 1509, 1125]
21, 2, 69.66, [1402, 1509, 1125]
21, 3, 69.46, [326, 1509, 1125]
21, 4, 69.42, [1827, 1509, 1141]
21, 5, 65.47, [1402, 1509, 1424]
21, 6, 65.18, [1827, 1509, 1020]
21, 7, 12.46, [1402, 1351, 785]
21, 8, 9.56, [1402, 1068, 1141]
21, 9, 7.0, [1131, 585, 1125]
22, 0, 70.14, [1407, 1509, 421]
22, 1, 70.04, [1328, 1509, 1125]
22, 2, 69.98, [905, 1509, 1125]
22, 3, 68.47, [1827, 1509, 785]
22, 4, 66.11, [1827, 1509, 1168]
22, 5, 47.34, [1351, 6917, 1058]
22, 6, 16.47, [1402, 1401, 1125]
22, 7, 16.02, [326, 1350, 1141]
22, 8, 12.51, [1328, 2332, 1141]
22, 9, 9.5, [905, 1990, 970]
23, 0, 70.36, [1827, 1509, 695]
23, 1, 70.14, [1407, 1509, 421]
23, 2, 70.04, [1328, 1509, 1125]
23, 3, 69.28, [1332, 1509, 1125]
23, 4, 68.31, [1401, 1509, 1125]
23, 5, 67.33, [1224, 1509, 421]
23, 6, 66.53, [1407, 1509, 787]
23, 7, 65.56, [905, 1509, 1906]
23, 8, 63.44, [1168, 1509, 314]
23, 9, 63.1, [751, 1509, 1212]
24, 0, 70.51, [1827, 1509, 695]
24, 1, 70.36, [1827, 1509, 695]
24, 2, 70.14, [1407, 1509, 421]
24, 3, 67.56, [1247, 1509, 421]
24, 4, 66.49, [1311, 1509, 1125]
24, 5, 65.88, [1475, 1509, 421]
24, 6, 17.51, [1407, 1425, 1125]
24, 7, 15.59, [1407, 1332, 695]
24, 8, 13.51, [1328, 521, 695]
24, 9, 11.57, [1407, 1157, 1125]
25, 0, 70.51, [1827, 1509, 695]
25, 1, 70.36, [1827, 1509, 695]
25, 2, 70.17, [1827, 1509, 695]
25, 3, 62.24, [1020, 1509, 3124]
25, 4, 48.72, [576, 1518, 6917]
25, 5, 13.57, [1407, 2377, 695]
25, 6, 13.4, [1827, 1990, 1025]
25, 7, 11.0, [1827, 1146, 1025]
25, 8, 10.0, [1827, 970, 695]
25, 9, 8.45, [697, 695, 1580]
26, 0, 70.51, [1827, 1509, 695]
26, 1, 70.36, [1827, 1509, 695]
26, 2, 68.82, [1827, 1509, 1430]
26, 3, 65.74, [1157, 1509, 2320]
26, 4, 13.49, [1827, 1402, 140]
26, 5, 12.0, [1442, 2094, 695]
26, 6, 11.44, [1424, 1224, 314]
26, 7, 11.0, [1827, 717, 695]
26, 8, 10.0, [1827, 3662, 695]
26, 9, 9.0, [1475, 1518, 695]
27, 0, 71.32, [1827, 1509, 140]
27, 1, 70.51, [1827, 1509, 695]
27, 2, 70.36, [1827, 1509, 695]
27, 3, 68.44, [1424, 1509, 695]
27, 4, 68.07, [905, 1509, 2320]
27, 5, 66.33, [717, 1509, 1430]
27, 6, 62.6, [1437, 1509, 1157]
27, 7, 13.0, [2171, 1226, 695]
27, 8, 8.0, [1827, 1611, 1247]
27, 9, 8.0, [1149, 1347, 695]
28, 0, 71.32, [1827, 1509, 140]
28, 1, 70.51, [1827, 1509, 695]
28, 2, 69.24, [421, 1509, 140]
28, 3, 67.72, [1230, 1509, 1223]
28, 4, 67.58, [1518, 1509, 140]
28, 5, 65.28, [1827, 1509, 1580]
28, 6, 65.0, [1827, 1509, 1619]
28, 7, 64.95, [1827, 1509, 1619]
28, 8, 64.24, [1480, 1279, 1509]
28, 9, 64.07, [1201, 1509, 326]
29, 0, 71.72, [1223, 1509, 140]
29, 1, 71.32, [1827, 1509, 140]
29, 2, 70.51, [1827, 1509, 695]
29, 3, 70.27, [1332, 1509, 140]
29, 4, 69.85, [905, 1509, 1223]
29, 5, 68.48, [326, 1509, 1223]
29, 6, 68.17, [1425, 1509, 140]
29, 7, 65.1, [1827, 1509, 1935]
29, 8, 16.44, [421, 1224, 695]
29, 9, 14.84, [1230, 1351, 140]
30, 0, 71.72, [1223, 1509, 140]
30, 1, 71.43, [1407, 1509, 140]
30, 2, 71.32, [1827, 1509, 140]
30, 3, 66.7, [1223, 1509, 585]
30, 4, 15.55, [1223, 1990, 140]
30, 5, 15.1, [1149, 1350, 140]
30, 6, 11.0, [1058, 1611, 576]
30, 7, 11.0, [1025, 831, 576]
30, 8, 8.0, [2110, 1378, 140]
30, 9, 5.56, [1611, 1580, 788]
31, 0, 72.12, [1407, 1509, 140]
31, 1, 71.91, [1223, 1509, 576]
31, 2, 71.72, [1223, 1509, 140]
31, 3, 71.43, [1407, 1509, 140]
31, 4, 70.77, [1328, 1509, 140]
31, 5, 67.54, [1201, 1509, 576]
31, 6, 66.06, [1025, 1509, 1131]
31, 7, 62.54, [787, 1509, 1212]
31, 8, 62.15, [1168, 1509, 2110]
31, 9, 16.0, [1157, 1425, 576]
32, 0, 72.12, [1407, 1509, 140]
32, 1, 71.91, [1223, 1509, 576]
32, 2, 71.79, [1407, 1509, 140]
32, 3, 62.12, [1131, 1509, 1350]
32, 4, 16.45, [787, 1224, 140]
32, 5, 12.49, [1223, 1767, 140]
32, 6, 12.0, [1025, 1058, 576]
32, 7, 11.51, [1407, 1518, 140]
32, 8, 11.51, [1279, 1223, 140]
32, 9, 11.49, [1407, 2094, 576]
33, 0, 72.12, [1407, 1509, 140]
33, 1, 71.91, [1223, 1509, 576]
33, 2, 67.18, [1107, 1509, 576]
33, 3, 20.51, [1407, 1091, 576]
33, 4, 16.46, [1223, 2332, 140]
33, 5, 15.48, [1407, 2332, 140]
33, 6, 13.73, [1407, 695, 1402]
33, 7, 13.54, [1223, 1403, 140]
33, 8, 13.53, [1223, 1475, 140]
33, 9, 11.56, [1407, 1695, 576]
34, 0, 72.12, [1407, 1509, 140]
34, 1, 71.91, [1223, 1509, 576]
34, 2, 70.66, [1328, 1509, 140]
34, 3, 20.51, [1407, 1091, 576]
34, 4, 18.49, [1407, 1425, 576]
34, 5, 17.53, [1223, 1351, 140]
34, 6, 16.55, [1407, 2320, 140]
34, 7, 11.48, [1328, 1125, 2320]
34, 8, 11.48, [1407, 1190, 576]
34, 9, 10.0, [717, 1935, 576]
35, 0, 72.12, [1407, 1509, 140]
35, 1, 71.91, [1223, 1509, 576]
35, 2, 71.86, [1223, 1509, 576]
35, 3, 69.42, [751, 1509, 140]
35, 4, 68.4, [970, 1509, 576]
35, 5, 68.25, [970, 1509, 576]
35, 6, 67.7, [1328, 1509, 571]
35, 7, 20.52, [1407, 1091, 576]
35, 8, 18.0, [1424, 1091, 140]
35, 9, 12.51, [1328, 749, 140]
36, 0, 72.12, [1407, 1509, 140]
36, 1, 71.91, [1223, 1509, 576]
36, 2, 68.92, [421, 1509, 140]
36, 3, 67.54, [1068, 1509, 1475]
36, 4, 21.01, [1223, 1224, 140]
36, 5, 20.55, [1407, 1091, 576]
36, 6, 15.0, [421, 1480, 576]
36, 7, 14.51, [1223, 749, 140]
36, 8, 13.22, [1407, 1230, 576]
36, 9, 11.5, [1407, 1107, 576]
37, 0, 72.12, [1407, 1509, 140]
37, 1, 71.91, [1223, 1509, 576]
37, 2, 71.56, [1407, 1509, 140]
37, 3, 68.25, [1064, 1509, 140]
37, 4, 65.94, [1407, 1509, 1223]
37, 5, 65.24, [421, 1509, 2110]
37, 6, 65.18, [1695, 1509, 421]
37, 7, 63.64, [1224, 1509, 1311]
37, 8, 12.0, [751, 2320, 1935]
37, 9, 12.0, [421, 2377, 576]
38, 0, 72.12, [1407, 1509, 140]
38, 1, 71.91, [1223, 1509, 576]
38, 2, 71.74, [1223, 1509, 576]
38, 3, 67.82, [1518, 1509, 140]
38, 4, 65.97, [1407, 1509, 5684]
38, 5, 65.64, [1407, 1509, 1611]
38, 6, 61.7, [1131, 1509, 1767]
38, 7, 20.62, [1407, 1091, 576]
38, 8, 12.0, [1058, 2332, 1141]
38, 9, 8.43, [1157, 1378, 1223]
39, 0, 72.12, [1407, 1509, 140]
39, 1, 71.91, [1223, 1509, 576]
39, 2, 71.65, [1223, 1509, 576]
39, 3, 71.44, [1407, 1509, 140]
39, 4, 70.95, [1328, 1509, 576]
39, 5, 70.76, [1328, 1509, 576]
39, 6, 70.67, [1328, 1509, 576]
39, 7, 68.78, [1407, 1509, 571]
39, 8, 13.5, [1223, 1403, 140]
39, 9, 12.38, [1223, 1518, 140]
40, 0, 72.12, [1407, 1509, 140]
40, 1, 71.91, [1223, 1509, 576]
40, 2, 68.51, [1407, 1509, 1417]
40, 3, 62.82, [1715, 1509, 1425]
40, 4, 20.53, [1223, 1091, 140]
40, 5, 16.48, [1407, 1351, 576]
40, 6, 13.5, [1223, 1146, 140]
40, 7, 12.43, [1223, 1695, 2320]
40, 8, 11.54, [1407, 1518, 576]
40, 9, 8.76, [1223, 585, 697]
41, 0, 72.12, [1407, 1509, 140]
41, 1, 71.91, [1223, 1509, 576]
41, 2, 71.52, [1407, 1509, 576]
41, 3, 68.85, [1407, 1509, 326]
41, 4, 67.64, [1407, 1509, 1230]
41, 5, 67.2, [1223, 1509, 1224]
41, 6, 66.87, [1407, 1509, 645]
41, 7, 14.81, [1407, 1350, 788]
41, 8, 10.76, [1223, 788, 1417]
41, 9, 9.51, [1223, 1368, 571]
42, 0, 72.12, [1407, 1509, 140]
42, 1, 71.97, [1223, 1509, 576]
42, 2, 71.91, [1223, 1509, 576]
42, 3, 70.68, [1328, 1509, 576]
42, 4, 68.75, [1223, 1509, 571]
42, 5, 67.26, [1351, 1509, 576]
42, 6, 66.72, [1407, 1509, 1403]
42, 7, 65.12, [326, 1509, 1401]
42, 8, 64.67, [788, 1509, 3124]
42, 9, 8.48, [1407, 2377, 1619]
43, 0, 72.12, [1407, 1509, 140]
43, 1, 71.97, [1223, 1509, 576]
43, 2, 71.71, [1407, 1509, 140]
43, 3, 71.08, [1328, 1509, 576]
43, 4, 70.27, [1328, 1509, 576]
43, 5, 67.28, [1078, 1509, 140]
43, 6, 66.48, [1407, 1509, 314]
43, 7, 20.53, [1407, 1091, 576]
43, 8, 16.53, [1223, 2332, 140]
43, 9, 13.42, [1223, 1403, 140]
44, 0, 72.12, [1407, 1509, 140]
44, 1, 71.97, [1223, 1509, 576]
44, 2, 71.93, [1407, 1509, 140]
44, 3, 68.59, [1157, 1509, 140]
44, 4, 66.54, [1407, 1509, 645]
44, 5, 53.07, [1407, 6917, 576]
44, 6, 19.55, [1223, 1425, 140]
44, 7, 18.47, [1407, 1401, 576]
44, 8, 14.52, [1328, 1125, 140]
44, 9, 10.58, [1407, 717, 1025]
45, 0, 72.12, [1407, 1509, 140]
45, 1, 71.97, [1223, 1509, 576]
45, 2, 71.77, [1407, 1509, 576]
45, 3, 71.75, [1223, 1509, 576]
45, 4, 69.4, [1223, 1509, 1827]
45, 5, 68.02, [1225, 1509, 576]
45, 6, 67.33, [1020, 1509, 576]
45, 7, 49.53, [831, 6917, 576]
45, 8, 13.56, [1407, 2377, 576]
45, 9, 13.46, [1223, 717, 140]
46, 0, 72.12, [1407, 1509, 140]
46, 1, 71.97, [1223, 1509, 576]
46, 2, 66.46, [1141, 1509, 645]
46, 3, 64.81, [1328, 1509, 1347]
46, 4, 19.52, [1223, 1350, 576]
46, 5, 10.91, [1223, 1990, 645]
46, 6, 10.45, [1430, 1407, 2094]
46, 7, 8.0, [1090, 1906, 576]
46, 8, 7.48, [1407, 1078, 1090]
46, 9, 6.0, [1212, 749, 1078]
47, 0, 72.12, [1407, 1509, 140]
47, 1, 71.97, [1223, 1509, 576]
47, 2, 71.81, [1407, 1509, 140]
47, 3, 68.58, [1407, 1509, 571]
47, 4, 65.46, [1328, 1509, 645]
47, 5, 64.43, [1402, 1509, 1347]
47, 6, 64.23, [3662, 1509, 326]
47, 7, 52.47, [1141, 6917, 140]
47, 8, 11.43, [1407, 576, 140]
47, 9, 11.0, [1827, 1201, 140]
48, 0, 72.12, [1407, 1509, 140]
48, 1, 71.97, [1223, 1509, 576]
48, 2, 71.92, [1407, 1509, 140]
48, 3, 70.67, [1328, 1509, 576]
48, 4, 68.66, [1407, 1509, 785]
48, 5, 67.6, [1407, 1509, 1247]
48, 6, 66.92, [1407, 1509, 314]
48, 7, 64.19, [749, 1509, 1368]
48, 8, 14.52, [1223, 2377, 140]
48, 9, 8.0, [1437, 1424, 576]
49, 0, 72.13, [1223, 1509, 576]
49, 1, 72.12, [1407, 1509, 140]
49, 2, 71.97, [1223, 1509, 576]
49, 3, 69.58, [1480, 1509, 576]
49, 4, 68.47, [1407, 1509, 571]
49, 5, 67.94, [1223, 1509, 975]
49, 6, 64.35, [1328, 1509, 1149]
49, 7, 20.92, [1223, 1224, 140]
49, 8, 15.46, [1407, 1091, 1040]
49, 9, 12.36, [1407, 1157, 576]
50, 0, 72.13, [1223, 1509, 576]
50, 1, 72.12, [1407, 1509, 140]
50, 2, 71.62, [1223, 1509, 576]
50, 3, 71.56, [1407, 1509, 140]
50, 4, 70.56, [1328, 1509, 576]
50, 5, 68.88, [1407, 1509, 571]
50, 6, 67.53, [314, 1509, 576]
50, 7, 12.6, [1407, 1403, 576]
50, 8, 12.41, [1223, 1695, 140]
50, 9, 7.54, [1223, 1212, 1225]
