n_nodes,influence,n0,n1,n2,n3,n4,n5,n6,n7,n8,n9,n10,n11,n12
13,48.5001,7203,5093,3992,267,1195,109,749,6332,2326,2231,5051,4604,311
13,48.4595,7203,5093,7912,5801,1195,109,749,4604,2326,2231,5051,6332,311
13,48.4595,7203,5093,7912,5801,1195,109,749,4604,2326,2231,5051,6332,311
13,48.4309,7203,6862,7912,267,1195,109,749,6332,2326,2231,5051,4604,311
13,48.4309,7203,6862,7912,267,1195,109,749,6332,2326,2231,5051,4604,311
13,48.4213,7203,5093,7912,267,1195,109,749,4604,2326,2231,5051,6332,311
13,48.4213,7203,5093,7912,267,1195,109,749,4604,2326,2231,5051,6332,311
13,48.4213,7203,5093,7912,267,1195,109,749,4604,2326,2231,5051,6332,311
13,48.4213,7203,5093,7912,267,1195,109,749,4604,2326,2231,5051,6332,311
13,48.4213,7203,5093,7912,267,1195,109,749,4604,2326,2231,5051,6332,311
13,48.4213,7203,5093,7912,267,1195,109,749,4604,2326,2231,5051,6332,311
13,48.4213,7203,5093,7912,267,1195,109,749,4604,2326,2231,5051,6332,311
13,48.4213,7203,5093,7912,267,1195,109,749,4604,2326,2231,5051,6332,311
13,48.4213,7203,5093,7912,267,1195,109,749,4604,2326,2231,5051,6332,311
13,48.4213,7203,5093,7912,267,1195,109,749,4604,2326,2231,5051,6332,311
13,48.4213,7203,5093,7912,267,1195,109,749,4604,2326,2231,5051,6332,311
