num_genrations,diversity,improvement,best_fitness
0,1.0,0,21.93
1,0.8366666666666667,0.004559963520291903,22.03
2,0.78,0.020880617339990797,22.49
3,0.5666666666666667,0.0,22.49
4,0.5833333333333333,0.0182303245887061,22.9
5,0.5216666666666666,0.0,22.9
6,0.5516666666666666,0.0,22.9
7,0.5566666666666666,0.0,22.9
8,0.4,0.0,22.9
9,0.0,0.0,22.9
10,0.0,0.0,22.9
11,0.0,0.0,22.9
12,0.0,0.0,22.9
13,0.0,0.0,22.9
14,0.0,0.0,22.9
15,0.0,0.0,22.9
16,0.0,0.0,22.9
17,0.0,0.0,22.9
18,0.0,0.0,22.9
19,0.02499999999999991,0.010043668122270762,23.13
20,0.046666666666666634,0.0,23.13
21,0.07999999999999985,0.0,23.13
22,0.02499999999999991,0.0,23.13
23,0.0,0.0,23.13
24,0.0,0.0,23.13
25,0.0,0.0,23.13
26,0.0,0.0,23.13
27,0.0,0.0,23.13
28,0.0,0.0,23.13
29,0.0,0.0,23.13
30,0.0,0.0,23.13
