num_genrations,diversity,improvement,best_fitness
0,1.0,0,2139.81
1,0.71,3.73864969319366e-05,2139.89
2,0.33166666666666667,0.0010654753281711677,2142.17
3,0.23333333333333317,0.0,2142.17
4,0.28500000000000003,0.0,2142.17
5,0.33166666666666655,0.0,2142.17
6,0.2250000000000001,0.0,2142.17
7,0.13000000000000012,0.0,2142.17
8,0.0,0.0,2142.17
9,0.0,0.0,2142.17
10,0.0,0.0,2142.17
11,0.0,0.0,2142.17
12,0.0,0.0,2142.17
13,0.0,0.0,2142.17
14,0.0,0.0,2142.17
15,0.0,0.0,2142.17
16,0.0,0.0,2142.17
17,0.0,0.0,2142.17
18,0.0,0.0,2142.17
19,0.0,0.0,2142.17
20,0.0,0.0,2142.17
21,0.0,0.0,2142.17
22,0.0,0.0,2142.17
23,0.0,0.0,2142.17
24,0.02499999999999991,0.00018672654364503794,2142.57
25,0.06499999999999995,0.0,2142.57
26,0.09166666666666656,0.0,2142.57
27,0.10666666666666647,0.0,2142.57
28,0.07999999999999985,0.0,2142.57
29,0.02499999999999991,0.0,2142.57
30,0.0,0.0,2142.57
