generation number, pop_size, worst, best, median, avg, std, diversity, improvement, number_of_selections
0, 10, 4.0, 15.0, 9.219999999999999, 8.894, 3.5683503191250714,0.9851851851851852,0,[1.e-300]
1, 10, 7.0, 15.0, 8.5, 9.844, 3.0898258850621336,0.8962962962962963,0.0,[1.e-300]
2, 10, 8.0, 22.0, 11.5, 12.774, 3.631154637302025,0.8888888888888888,0.4666666666666667,[1.e-300]
3, 10, 11.0, 22.0, 15.0, 15.544999999999998, 3.2315979019673846,0.7111111111111111,0.0,[1.e-300]
4, 10, 13.0, 22.0, 18.0, 17.459, 2.5274748267786964,0.5925925925925927,0.0,[1.e-300]
5, 10, 9.0, 22.0, 17.0, 16.514, 3.814415289398888,0.711111111111111,0.0,[1.e-300]
6, 10, 15.0, 22.0, 18.0, 18.224, 2.0063060584068424,0.674074074074074,0.0,[1.e-300]
7, 10, 12.0, 22.0, 18.384999999999998, 17.564999999999998, 3.0938495438530946,0.7333333333333334,0.0,[1.e-300]
8, 10, 10.0, 25.0, 17.0, 17.4, 4.363484845854286,0.7185185185185186,0.13636363636363635,[1.e-300]
9, 10, 10.0, 70.56, 20.83, 24.426, 15.855850781336208,0.6592592592592593,1.8224,[1.e-300]
10, 10, 9.0, 70.56, 15.24, 25.211000000000006, 21.59118174162776,0.8666666666666667,0.0,[1.e-300]
