num_genrations,diversity,improvement,best_fitness
0,0.9971774193548387,0,16.000303731824154
1,0.9145161290322581,0.2948625552036972,20.718194174225076
2,0.8193548387096774,0.0,20.718194174225076
3,0.6778225806451612,0.24045053497750996,25.699895047185425
4,0.4741935483870967,0.013131331794440877,26.037368896132325
5,0.2584677419354837,0.1419027840434013,29.732144031658564
6,0.18629032258064493,0.0017355147748932894,29.783744606914762
7,0.14395161290322567,0.0,29.783744606914762
8,0.2383064516129031,0.08959178315111249,32.452123395165586
9,0.26653225806451597,0.03827891418178623,33.694355441625866
10,0.26209677419354827,0.20318830017399786,40.54065424926832
