num_genrations,diversity,improvement,best_fitness
0,0.9967948717948718,0,27.039387761631225
1,0.8282051282051281,0.0,27.039387761631225
2,0.6961538461538461,0.08563534357799595,29.354915022737174
3,0.5769230769230769,0.1858696860143319,34.81110386099073
4,0.24615384615384617,0.08423247979663494,37.74332946366019
5,0.16217948717948727,0.0,37.74332946366019
6,0.1596153846153846,0.05563455497921215,39.84316280180471
7,0.05897435897435899,0.2871098319750124,51.28252657918392
8,0.12564102564102542,0.0030528123883760533,51.43908251163208
9,0.05192307692307696,0.0365020150398214,53.31671267510629
10,0.11602564102564084,0.0008575860324791207,53.36243634319416
