n_nodes,influence,n0,n1,n2,n3,n4
5,385.4600,1510,3506,2739,71387,3390
5,385.4600,1510,3506,2739,71387,3390
5,385.4600,1510,3506,2739,71387,3390
5,385.4600,1510,3506,2739,71387,3390
5,385.4600,1510,3506,2739,71387,3390
5,385.4600,1510,3506,2739,71387,3390
5,385.4600,1510,3506,2739,71387,3390
5,385.4600,1510,3506,2739,71387,3390
5,385.4600,1510,3506,2739,71387,3390
5,385.4600,1510,3506,2739,71387,3390
5,385.4600,1510,3506,2739,71387,3390
5,382.5400,1510,3506,2739,71387,3390
5,381.8400,1510,3506,2739,71387,3390
5,378.1100,1510,3506,2739,71387,3390
5,376.4400,1510,3506,2739,71387,3390
5,375.3700,1510,3506,2739,71387,3390
