generation number, individual number, fitness, candidate
0, 0, 3.18, [3741, 3102, 689]
0, 1, 3.15, [3756, 996, 3758]
0, 2, 3.12, [3747, 72, 2229]
0, 3, 3.12, [702, 3754, 1040]
0, 4, 3.12, [3100, 2261, 4128]
0, 5, 3.08, [3748, 1322, 287]
0, 6, 3.07, [275, 702, 4128]
0, 7, 3.02, [1588, 72, 693]
0, 8, 3.02, [1321, 1833, 1092]
0, 9, 3.02, [3761, 284, 293]
1, 0, 3.18, [3741, 3102, 3105]
1, 1, 3.18, [3741, 3102, 689]
1, 2, 3.15, [3756, 1006, 689]
1, 3, 3.15, [3756, 996, 3758]
1, 4, 3.14, [1830, 3102, 689]
1, 5, 3.12, [3756, 3739, 1040]
1, 6, 3.1, [3754, 3102, 3758]
1, 7, 3.1, [3746, 3102, 1829]
1, 8, 3.09, [3100, 2261, 3742]
1, 9, 3.09, [295, 279, 689]
2, 0, 3.28, [3756, 3100, 689]
2, 1, 3.2, [3742, 3102, 3105]
2, 2, 3.18, [3741, 1829, 689]
2, 3, 3.18, [3742, 996, 689]
2, 4, 3.18, [3741, 3102, 3105]
2, 5, 3.18, [3741, 3102, 689]
2, 6, 3.14, [3741, 3100, 3758]
2, 7, 3.13, [72, 3741, 3105]
2, 8, 3.13, [3759, 1006, 3758]
2, 9, 3.09, [3756, 996, 4128]
3, 0, 3.28, [3756, 3100, 689]
3, 1, 3.23, [3742, 3102, 3749]
3, 2, 3.21, [3742, 3100, 689]
3, 3, 3.21, [3756, 3100, 4128]
3, 4, 3.2, [3742, 996, 4129]
3, 5, 3.2, [3742, 3102, 3105]
3, 6, 3.19, [3742, 3102, 3758]
3, 7, 3.18, [3742, 1826, 689]
3, 8, 3.18, [1825, 3100, 3750]
3, 9, 3.17, [3105, 3760, 689]
4, 0, 3.28, [3756, 3100, 689]
4, 1, 3.23, [3742, 3102, 3749]
4, 2, 3.2, [3742, 3747, 689]
4, 3, 3.15, [1605, 3736, 699]
4, 4, 3.15, [3743, 3100, 3749]
4, 5, 3.13, [3756, 3100, 4184]
4, 6, 3.13, [1315, 3749, 159]
4, 7, 3.12, [3756, 3741, 3749]
4, 8, 3.08, [72, 3743, 3760]
4, 9, 3.07, [3742, 3102, 3734]
5, 0, 3.28, [3756, 3100, 689]
5, 1, 3.26, [3742, 3747, 3744]
5, 2, 3.23, [3742, 3102, 3749]
5, 3, 3.22, [4128, 3742, 2229]
5, 4, 3.22, [4128, 3100, 689]
5, 5, 3.21, [3756, 1321, 689]
5, 6, 3.18, [3756, 3100, 282]
5, 7, 3.18, [3742, 1831, 689]
5, 8, 3.17, [3739, 3102, 689]
5, 9, 3.14, [352, 4108, 689]
6, 0, 3.36, [3742, 3100, 3749]
6, 1, 3.28, [3756, 3761, 689]
6, 2, 3.28, [3756, 3100, 689]
6, 3, 3.26, [3742, 3747, 3744]
6, 4, 3.18, [3756, 3747, 3736]
6, 5, 3.17, [699, 3102, 689]
6, 6, 3.16, [3756, 1826, 3736]
6, 7, 3.16, [3756, 3740, 689]
6, 8, 3.14, [3742, 3102, 2463]
6, 9, 3.12, [4128, 4301, 3749]
7, 0, 3.36, [3742, 3100, 3749]
7, 1, 3.3, [3742, 4128, 689]
7, 2, 3.28, [3756, 3761, 689]
7, 3, 3.22, [3742, 3100, 3755]
7, 4, 3.17, [3748, 3100, 689]
7, 5, 3.15, [3756, 3100, 3744]
7, 6, 3.14, [3756, 3748, 3749]
7, 7, 3.14, [3742, 3100, 33]
7, 8, 3.12, [159, 4301, 3749]
7, 9, 3.1, [3756, 3100, 263]
8, 0, 3.36, [3742, 3100, 3749]
8, 1, 3.3, [3742, 4128, 689]
8, 2, 3.23, [3756, 3761, 3744]
8, 3, 3.22, [3743, 3100, 689]
8, 4, 3.22, [3742, 3755, 3740]
8, 5, 3.21, [3748, 3100, 3744]
8, 6, 3.2, [4129, 3761, 689]
8, 7, 3.19, [3760, 3100, 181]
8, 8, 3.18, [3742, 1315, 689]
8, 9, 3.17, [3742, 2400, 689]
9, 0, 3.36, [3742, 3100, 3749]
9, 1, 3.3, [3742, 4128, 689]
9, 2, 3.29, [3756, 3754, 3749]
9, 3, 3.27, [3742, 3100, 3748]
9, 4, 3.23, [3742, 4128, 3736]
9, 5, 3.21, [3743, 3755, 689]
9, 6, 3.2, [3740, 3100, 3749]
9, 7, 3.18, [3756, 3742, 3749]
9, 8, 3.17, [3742, 1825, 291]
9, 9, 3.17, [3736, 4128, 3749]
10, 0, 3.36, [3742, 3100, 3749]
10, 1, 3.3, [3742, 4128, 689]
10, 2, 3.29, [3742, 3754, 3752]
10, 3, 3.26, [3742, 3754, 689]
10, 4, 3.19, [3742, 3100, 3743]
10, 5, 3.18, [3742, 3733, 689]
10, 6, 3.18, [3742, 4128, 3752]
10, 7, 3.14, [287, 4128, 3749]
10, 8, 3.14, [1321, 4128, 1825]
10, 9, 3.09, [3759, 3100, 3749]
