generation number, individual number, fitness, candidate
0, 0, 3.22, [1328, 1509, 1437]
0, 1, 3.08, [1350, 717, 1401]
0, 2, 3.07, [785, 3124, 3662]
0, 3, 3.06, [1146, 576, 1223]
0, 4, 3.05, [1619, 1652, 788]
0, 5, 3.04, [1131, 1425, 3662]
0, 6, 3.03, [1580, 1247, 1223]
0, 7, 3.01, [1131, 1223, 1619]
0, 8, 3.01, [1279, 1078, 2989]
0, 9, 3.0, [1025, 645, 2989]
1, 0, 3.22, [1328, 1509, 1437]
1, 1, 3.21, [1028, 1509, 788]
1, 2, 3.17, [521, 1509, 1437]
1, 3, 3.15, [326, 1509, 1437]
1, 4, 3.14, [1125, 1509, 1906]
1, 5, 3.08, [1350, 717, 1401]
1, 6, 3.07, [1125, 3124, 1401]
1, 7, 3.06, [1328, 1378, 1401]
1, 8, 3.06, [1328, 576, 1407]
1, 9, 3.05, [1328, 2989, 1040]
2, 0, 3.22, [1328, 1509, 1437]
2, 1, 3.21, [1028, 1509, 788]
2, 2, 3.19, [1328, 1509, 697]
2, 3, 3.11, [1279, 1509, 1580]
2, 4, 3.05, [1328, 775, 1437]
2, 5, 3.05, [1328, 1190, 1437]
2, 6, 3.04, [831, 1224, 905]
2, 7, 3.03, [5684, 751, 1767]
2, 8, 3.01, [1028, 1025, 645]
2, 9, 3.01, [1025, 788, 1347]
3, 0, 3.24, [1328, 1509, 1437]
3, 1, 3.22, [1328, 1509, 1437]
3, 2, 3.21, [1028, 1509, 788]
3, 3, 3.2, [1279, 1509, 788]
3, 4, 3.18, [1028, 1509, 1225]
3, 5, 3.17, [1328, 1509, 697]
3, 6, 3.08, [1328, 1091, 788]
3, 7, 3.05, [1028, 1350, 1437]
3, 8, 3.03, [1328, 1518, 788]
3, 9, 3.02, [970, 775, 3124]
4, 0, 3.24, [1328, 1509, 1437]
4, 1, 3.23, [1328, 1509, 697]
4, 2, 3.22, [1328, 1509, 1437]
4, 3, 3.2, [1442, 1509, 1437]
4, 4, 3.17, [1040, 1509, 3662]
4, 5, 3.16, [1328, 1509, 697]
4, 6, 3.15, [695, 1509, 1437]
4, 7, 3.05, [1715, 576, 1652]
4, 8, 3.05, [1328, 1695, 1437]
4, 9, 3.04, [1131, 326, 1430]
5, 0, 3.24, [1328, 1509, 1437]
5, 1, 3.23, [1328, 1509, 697]
5, 2, 3.21, [970, 1509, 1437]
5, 3, 3.21, [1401, 1509, 1157]
5, 4, 3.2, [1091, 1509, 1437]
5, 5, 3.16, [1328, 1509, 1078]
5, 6, 3.14, [1328, 1509, 1223]
5, 7, 3.05, [1442, 1767, 1437]
5, 8, 3.03, [1328, 1107, 697]
5, 9, 3.01, [1424, 788, 1190]
6, 0, 3.24, [1328, 1509, 1437]
6, 1, 3.23, [1328, 1509, 697]
6, 2, 3.2, [1028, 1509, 1378]
6, 3, 3.19, [1442, 1509, 1652]
6, 4, 3.12, [1028, 1509, 1430]
6, 5, 3.06, [1328, 521, 1157]
6, 6, 3.04, [1328, 1695, 1247]
6, 7, 3.03, [1401, 1652, 1157]
6, 8, 3.02, [1715, 788, 1078]
6, 9, 3.0, [1107, 5684, 1168]
7, 0, 3.24, [1328, 1509, 1437]
7, 1, 3.23, [1328, 1509, 697]
7, 2, 3.21, [831, 1509, 1378]
7, 3, 3.18, [1328, 1509, 1611]
7, 4, 3.09, [1091, 1351, 1225]
7, 5, 3.06, [1328, 1224, 905]
7, 6, 3.06, [1328, 1425, 1201]
7, 7, 3.04, [1328, 2332, 697]
7, 8, 3.02, [970, 3662, 1125]
7, 9, 3.02, [905, 975, 695]
8, 0, 3.24, [1328, 1509, 1437]
8, 1, 3.23, [1328, 1509, 697]
8, 2, 3.18, [1580, 1509, 1437]
8, 3, 3.15, [1695, 1509, 1028]
8, 4, 3.14, [1425, 1509, 1402]
8, 5, 3.06, [576, 831, 1437]
8, 6, 3.06, [320, 1509, 1040]
8, 7, 3.04, [1328, 1652, 1437]
8, 8, 3.02, [905, 1715, 1225]
8, 9, 3.02, [1287, 975, 697]
9, 0, 3.24, [1328, 1509, 1437]
9, 1, 3.23, [1328, 1509, 697]
9, 2, 3.22, [751, 1509, 1480]
9, 3, 3.17, [1125, 1509, 1212]
9, 4, 3.15, [697, 1509, 1437]
9, 5, 3.14, [1652, 1509, 1107]
9, 6, 3.11, [1328, 1509, 785]
9, 7, 3.08, [1020, 1401, 785]
9, 8, 3.04, [3124, 1990, 1437]
9, 9, 3.04, [1580, 1350, 697]
10, 0, 3.24, [1328, 1509, 1437]
10, 1, 3.23, [1328, 1509, 697]
10, 2, 3.19, [1028, 1509, 1480]
10, 3, 3.17, [1078, 1509, 697]
10, 4, 3.16, [1125, 1509, 1497]
10, 5, 3.13, [1091, 1509, 1223]
10, 6, 3.05, [1328, 1141, 1437]
10, 7, 3.05, [1020, 1224, 1225]
10, 8, 3.04, [1328, 1223, 645]
10, 9, 3.02, [1328, 2377, 697]
11, 0, 3.24, [1328, 1509, 1028]
11, 1, 3.24, [1328, 1509, 1437]
11, 2, 3.23, [1328, 1509, 697]
11, 3, 3.16, [1279, 1509, 697]
11, 4, 3.14, [970, 1509, 1480]
11, 5, 3.14, [1223, 1509, 1437]
11, 6, 3.13, [645, 1509, 571]
11, 7, 3.12, [1141, 1509, 1131]
11, 8, 3.07, [1328, 1125, 1580]
11, 9, 3.03, [1328, 1518, 1141]
12, 0, 3.24, [1328, 1509, 1028]
12, 1, 3.24, [1328, 1509, 1437]
12, 2, 3.18, [1279, 1509, 1028]
12, 3, 3.17, [1328, 1509, 1028]
12, 4, 3.15, [1247, 1509, 1437]
12, 5, 3.13, [645, 1509, 1437]
12, 6, 3.09, [1328, 1425, 697]
12, 7, 3.05, [1328, 695, 5684]
12, 8, 3.03, [1279, 1403, 1437]
12, 9, 3.01, [1279, 788, 1028]
13, 0, 3.24, [1328, 1509, 1028]
13, 1, 3.24, [1328, 1509, 1437]
13, 2, 3.21, [576, 1509, 697]
13, 3, 3.19, [1279, 1509, 1437]
13, 4, 3.14, [1141, 1509, 1028]
13, 5, 3.14, [1279, 1509, 2989]
13, 6, 3.13, [717, 1509, 1040]
13, 7, 3.1, [1328, 1509, 1125]
13, 8, 3.07, [1028, 1509, 1437]
13, 9, 3.03, [1287, 1141, 788]
14, 0, 3.24, [1328, 1509, 1028]
14, 1, 3.24, [1328, 1509, 1437]
14, 2, 3.15, [3124, 1509, 326]
14, 3, 3.13, [1025, 1509, 775]
14, 4, 3.11, [140, 1509, 3662]
14, 5, 3.07, [1328, 1247, 695]
14, 6, 3.06, [1328, 695, 3124]
14, 7, 3.05, [1328, 1403, 1028]
14, 8, 3.02, [1201, 1025, 1401]
14, 9, 3.01, [1328, 521, 1437]
15, 0, 3.24, [1328, 1509, 1906]
15, 1, 3.24, [1328, 1509, 1028]
15, 2, 3.24, [1328, 1509, 1437]
15, 3, 3.18, [1279, 1509, 1437]
15, 4, 3.14, [1401, 1509, 1437]
15, 5, 3.14, [1328, 1509, 1906]
15, 6, 3.11, [1580, 1509, 1437]
15, 7, 3.1, [2989, 1509, 3662]
15, 8, 3.07, [1350, 1131, 1020]
15, 9, 3.02, [1328, 1190, 1028]
16, 0, 3.24, [1328, 1509, 1906]
16, 1, 3.24, [1328, 1509, 1028]
16, 2, 3.21, [1131, 1509, 1141]
16, 3, 3.18, [2989, 1509, 1028]
16, 4, 3.16, [1078, 1509, 645]
16, 5, 3.15, [1020, 1509, 521]
16, 6, 3.1, [1028, 1223, 1425]
16, 7, 3.09, [1328, 1141, 1125]
16, 8, 3.02, [1091, 1580, 1619]
16, 9, 3.01, [1028, 1157, 1437]
17, 0, 3.24, [1328, 1509, 1906]
17, 1, 3.24, [1328, 1509, 1028]
17, 2, 3.22, [785, 1509, 1906]
17, 3, 3.2, [3662, 1509, 1906]
17, 4, 3.18, [1328, 1509, 1402]
17, 5, 3.17, [1328, 1509, 1402]
17, 6, 3.11, [1225, 1509, 1028]
17, 7, 3.1, [1437, 1509, 1767]
17, 8, 3.07, [1328, 1125, 1906]
17, 9, 3.05, [1328, 1091, 1141]
18, 0, 3.24, [1328, 1509, 1906]
18, 1, 3.24, [1328, 1509, 1906]
18, 2, 3.24, [1328, 1509, 1028]
18, 3, 3.2, [1131, 1509, 1028]
18, 4, 3.17, [1328, 1509, 695]
18, 5, 3.15, [787, 1509, 1028]
18, 6, 3.13, [695, 1509, 1028]
18, 7, 3.12, [1131, 1509, 1906]
18, 8, 3.1, [521, 1509, 3662]
18, 9, 3.07, [1328, 1403, 1906]
19, 0, 3.28, [1328, 1509, 1064]
19, 1, 3.24, [1328, 1509, 1906]
19, 2, 3.24, [1328, 1509, 1906]
19, 3, 3.2, [1131, 1509, 1350]
19, 4, 3.17, [695, 1509, 1906]
19, 5, 3.16, [1146, 1509, 1107]
19, 6, 3.16, [576, 1509, 1028]
19, 7, 3.07, [645, 1509, 1078]
19, 8, 3.07, [1401, 1107, 1068]
19, 9, 3.06, [1328, 751, 1906]
20, 0, 3.28, [1328, 1509, 1064]
20, 1, 3.24, [1328, 1509, 1401]
20, 2, 3.24, [1328, 1509, 1906]
20, 3, 3.23, [749, 1509, 1064]
20, 4, 3.23, [5684, 1509, 1350]
20, 5, 3.03, [1611, 1107, 1906]
20, 6, 3.02, [1141, 905, 521]
20, 7, 3.02, [1287, 1695, 1906]
20, 8, 3.01, [1619, 2377, 1906]
20, 9, 3.0, [1028, 1580, 1767]
21, 0, 3.28, [1328, 1509, 1064]
21, 1, 3.24, [1328, 1509, 1401]
21, 2, 3.22, [1078, 1509, 1226]
21, 3, 3.12, [3124, 1509, 1378]
21, 4, 3.11, [1279, 1509, 1401]
21, 5, 3.08, [1091, 421, 1064]
21, 6, 3.06, [1279, 1224, 1906]
21, 7, 3.03, [1125, 1424, 1064]
21, 8, 3.03, [1328, 326, 2989]
21, 9, 3.02, [1619, 326, 1401]
22, 0, 3.28, [1328, 1509, 1064]
22, 1, 3.24, [1328, 1509, 1401]
22, 2, 3.16, [1287, 1509, 1064]
22, 3, 3.1, [1328, 1224, 1401]
22, 4, 3.1, [831, 1107, 1350]
22, 5, 3.08, [1078, 1425, 1064]
22, 6, 3.05, [975, 1350, 1190]
22, 7, 3.05, [1223, 1146, 1224]
22, 8, 3.04, [1328, 1402, 775]
22, 9, 3.04, [1279, 5684, 1401]
23, 0, 3.29, [1328, 1509, 1401]
23, 1, 3.28, [1328, 1509, 1064]
23, 2, 3.24, [1328, 1509, 1401]
23, 3, 3.2, [1279, 1509, 1401]
23, 4, 3.16, [1201, 1509, 326]
23, 5, 3.16, [1287, 1509, 1401]
23, 6, 3.09, [905, 1224, 1695]
23, 7, 3.04, [1328, 1347, 831]
23, 8, 3.04, [1652, 521, 1201]
23, 9, 3.01, [1328, 1620, 1141]
24, 0, 3.29, [1328, 1509, 1401]
24, 1, 3.28, [1328, 1509, 1064]
24, 2, 3.17, [1279, 1509, 1401]
24, 3, 3.13, [1328, 1509, 1059]
24, 4, 3.07, [1328, 1201, 421]
24, 5, 3.06, [1715, 576, 1518]
24, 6, 3.04, [1328, 1247, 320]
24, 7, 3.04, [1328, 695, 1201]
24, 8, 3.03, [1328, 1767, 1223]
24, 9, 3.03, [1328, 1287, 1064]
25, 0, 3.29, [1328, 1509, 1401]
25, 1, 3.28, [1328, 1509, 1064]
25, 2, 3.15, [1141, 1509, 1430]
25, 3, 3.13, [1247, 1509, 1401]
25, 4, 3.13, [1580, 1509, 1064]
25, 5, 3.09, [1328, 1695, 1401]
25, 6, 3.07, [1328, 1201, 521]
25, 7, 3.05, [1328, 1437, 1064]
25, 8, 3.04, [1328, 5684, 1906]
25, 9, 3.03, [831, 1990, 1401]
26, 0, 3.29, [1328, 1509, 1401]
26, 1, 3.28, [1328, 1509, 1064]
26, 2, 3.18, [1028, 1509, 1279]
26, 3, 3.16, [1328, 1091, 1401]
26, 4, 3.14, [3662, 1509, 326]
26, 5, 3.06, [1328, 1141, 1287]
26, 6, 3.05, [1328, 1125, 645]
26, 7, 3.04, [1580, 1401, 1347]
26, 8, 3.04, [1020, 1403, 1247]
26, 9, 3.04, [1328, 1351, 1401]
27, 0, 3.29, [1328, 1509, 1401]
27, 1, 3.28, [1328, 1509, 1064]
27, 2, 3.18, [1328, 1509, 1091]
27, 3, 3.17, [970, 1509, 326]
27, 4, 3.1, [1028, 1509, 320]
27, 5, 3.07, [1328, 905, 1279]
27, 6, 3.04, [1350, 1146, 1059]
27, 7, 3.04, [1078, 1695, 1401]
27, 8, 3.02, [788, 1226, 775]
27, 9, 3.0, [1040, 1168, 1287]
28, 0, 3.29, [1328, 1509, 1401]
28, 1, 3.28, [1328, 1509, 1064]
28, 2, 3.14, [1328, 1509, 1040]
28, 3, 3.11, [697, 1025, 1401]
28, 4, 3.05, [1328, 905, 320]
28, 5, 3.05, [1201, 1025, 1652]
28, 6, 3.04, [326, 1091, 1059]
28, 7, 3.04, [1437, 1107, 576]
28, 8, 3.03, [1078, 1767, 1401]
28, 9, 3.03, [1279, 1425, 1287]
29, 0, 3.29, [1328, 1509, 1401]
29, 1, 3.28, [1328, 1509, 1064]
29, 2, 3.19, [1028, 1509, 1401]
29, 3, 3.16, [421, 1509, 1401]
29, 4, 3.16, [905, 1509, 1064]
29, 5, 3.06, [1279, 1224, 1091]
29, 6, 3.04, [788, 1125, 1064]
29, 7, 3.03, [1328, 1025, 1059]
29, 8, 3.02, [1287, 2377, 1040]
29, 9, 3.02, [1401, 1403, 1040]
30, 0, 3.29, [1328, 1509, 1401]
30, 1, 3.28, [1328, 1509, 1064]
30, 2, 3.23, [421, 1509, 320]
30, 3, 3.18, [695, 1509, 1064]
30, 4, 3.15, [5684, 1509, 645]
30, 5, 3.09, [1328, 1767, 1401]
30, 6, 3.08, [905, 1403, 1401]
30, 7, 3.05, [1328, 1518, 1064]
30, 8, 3.05, [1328, 576, 1020]
30, 9, 3.04, [1328, 697, 1064]
31, 0, 3.29, [1328, 1509, 1401]
31, 1, 3.28, [1328, 1509, 1064]
31, 2, 3.2, [695, 1509, 1401]
31, 3, 3.17, [1328, 1509, 1437]
31, 4, 3.08, [1328, 1091, 1279]
31, 5, 3.06, [1328, 1401, 320]
31, 6, 3.06, [1328, 1091, 1064]
31, 7, 3.06, [1328, 1350, 1040]
31, 8, 3.04, [1328, 1827, 1064]
31, 9, 3.03, [1068, 1350, 831]
32, 0, 3.29, [1328, 1509, 1401]
32, 1, 3.28, [1328, 1509, 1064]
32, 2, 3.18, [775, 1509, 1425]
32, 3, 3.16, [1424, 1509, 1401]
32, 4, 3.15, [1028, 1509, 1225]
32, 5, 3.1, [140, 1509, 1401]
32, 6, 3.08, [1328, 1040, 1091]
32, 7, 3.04, [1328, 1131, 1767]
32, 8, 3.04, [576, 788, 1437]
32, 9, 3.03, [645, 1201, 320]
33, 0, 3.3, [1287, 1509, 576]
33, 1, 3.29, [1328, 1509, 1401]
33, 2, 3.28, [1328, 1509, 1064]
33, 3, 3.26, [1328, 1509, 521]
33, 4, 3.15, [1328, 1509, 905]
33, 5, 3.13, [645, 1509, 1064]
33, 6, 3.12, [1020, 1509, 1401]
33, 7, 3.03, [1328, 1212, 1695]
33, 8, 3.02, [1028, 975, 1025]
33, 9, 3.01, [1225, 1131, 1401]
34, 0, 3.3, [1287, 1509, 576]
34, 1, 3.29, [1328, 1509, 1401]
34, 2, 3.28, [1328, 1509, 314]
34, 3, 3.25, [1279, 1509, 576]
34, 4, 3.21, [1287, 1509, 521]
34, 5, 3.19, [1279, 1509, 576]
34, 6, 3.17, [1028, 1509, 1064]
34, 7, 3.12, [1212, 1509, 1064]
34, 8, 3.12, [1652, 1509, 1401]
34, 9, 3.1, [1028, 1509, 576]
35, 0, 3.3, [1287, 1509, 576]
35, 1, 3.29, [1328, 1509, 1401]
35, 2, 3.21, [1401, 1509, 1580]
35, 3, 3.18, [1212, 1509, 1401]
35, 4, 3.17, [1328, 1509, 571]
35, 5, 3.1, [1328, 1351, 775]
35, 6, 3.08, [421, 1425, 326]
35, 7, 3.06, [576, 2989, 905]
35, 8, 3.04, [1287, 1078, 521]
35, 9, 3.03, [1287, 421, 576]
36, 0, 3.3, [1287, 1509, 576]
36, 1, 3.29, [1328, 1509, 1401]
36, 2, 3.24, [1401, 1509, 314]
36, 3, 3.21, [1328, 1509, 571]
36, 4, 3.16, [1328, 1509, 314]
36, 5, 3.15, [1287, 1350, 1401]
36, 6, 3.15, [1328, 1509, 645]
36, 7, 3.14, [1212, 1509, 1401]
36, 8, 3.11, [1212, 1509, 1580]
36, 9, 3.1, [1287, 1350, 1401]
37, 0, 3.3, [1287, 1509, 576]
37, 1, 3.29, [1328, 1509, 1401]
37, 2, 3.18, [1028, 1509, 576]
37, 3, 3.17, [1287, 1509, 1247]
37, 4, 3.16, [1028, 1509, 576]
37, 5, 3.16, [1425, 1509, 1401]
37, 6, 3.15, [1328, 1509, 1078]
37, 7, 3.12, [1401, 1425, 1025]
37, 8, 3.04, [1287, 1328, 1619]
37, 9, 3.03, [1287, 1437, 1401]
38, 0, 3.3, [1287, 1509, 576]
38, 1, 3.29, [1328, 1509, 1401]
38, 2, 3.2, [1107, 1509, 1328]
38, 3, 3.19, [1328, 1509, 571]
38, 4, 3.17, [1078, 1509, 717]
38, 5, 3.17, [1212, 1509, 576]
38, 6, 3.14, [1287, 1509, 521]
38, 7, 3.13, [1328, 1425, 576]
38, 8, 3.05, [1287, 975, 1401]
38, 9, 3.05, [1107, 1146, 576]
39, 0, 3.3, [1287, 1509, 576]
39, 1, 3.29, [1328, 1509, 1401]
39, 2, 3.19, [1328, 1509, 1619]
39, 3, 3.16, [1040, 1509, 576]
39, 4, 3.15, [3124, 1509, 3662]
39, 5, 3.08, [1287, 1146, 1401]
39, 6, 3.06, [1287, 1518, 1401]
39, 7, 3.04, [576, 1695, 1401]
39, 8, 3.04, [1328, 1767, 1347]
39, 9, 3.03, [1328, 1025, 645]
40, 0, 3.3, [1287, 1509, 576]
40, 1, 3.29, [1328, 1509, 1401]
40, 2, 3.27, [1328, 1509, 314]
40, 3, 3.24, [970, 1509, 1401]
40, 4, 3.22, [1212, 1509, 1401]
40, 5, 3.21, [1328, 1509, 571]
40, 6, 3.1, [1328, 1403, 576]
40, 7, 3.04, [3124, 695, 1125]
40, 8, 3.01, [1287, 1028, 314]
40, 9, 3.01, [1287, 1767, 1619]
41, 0, 3.3, [1287, 1509, 576]
41, 1, 3.29, [1328, 1509, 1401]
41, 2, 3.2, [1328, 1509, 571]
41, 3, 3.15, [1350, 326, 1401]
41, 4, 3.15, [1212, 1509, 1401]
41, 5, 3.15, [1287, 1509, 1059]
41, 6, 3.13, [1328, 1091, 1425]
41, 7, 3.12, [1279, 1509, 576]
41, 8, 3.09, [1212, 1509, 314]
41, 9, 3.05, [1212, 1091, 576]
42, 0, 3.3, [1287, 1509, 576]
42, 1, 3.29, [1328, 1509, 1401]
42, 2, 3.26, [970, 1509, 576]
42, 3, 3.25, [1212, 1509, 1401]
42, 4, 3.22, [521, 1509, 576]
42, 5, 3.2, [1328, 1509, 571]
42, 6, 3.2, [1287, 1509, 1059]
42, 7, 3.18, [1368, 1509, 1091]
42, 8, 3.15, [1141, 1509, 571]
42, 9, 3.13, [5684, 1509, 1827]
43, 0, 3.3, [1287, 1509, 576]
43, 1, 3.29, [1328, 1509, 1401]
43, 2, 3.17, [1020, 1509, 1401]
43, 3, 3.17, [1287, 1509, 1107]
43, 4, 3.16, [1328, 1509, 314]
43, 5, 3.16, [1020, 1509, 1347]
43, 6, 3.05, [1287, 695, 717]
43, 7, 3.04, [1328, 1040, 576]
43, 8, 3.03, [1212, 1025, 1157]
43, 9, 3.02, [1287, 2377, 576]
44, 0, 3.3, [1287, 1509, 576]
44, 1, 3.29, [1328, 1509, 1401]
44, 2, 3.23, [1212, 1509, 1401]
44, 3, 3.2, [1401, 1509, 1157]
44, 4, 3.14, [1328, 1509, 571]
44, 5, 3.13, [1580, 1509, 576]
44, 6, 3.09, [1287, 1425, 1401]
44, 7, 3.07, [1028, 1328, 576]
44, 8, 3.06, [1347, 2989, 576]
44, 9, 3.04, [1020, 2989, 576]
45, 0, 3.3, [1287, 1509, 576]
45, 1, 3.29, [1328, 1509, 1401]
45, 2, 3.22, [521, 1509, 1287]
45, 3, 3.21, [1425, 1509, 1401]
45, 4, 3.19, [1028, 1509, 576]
45, 5, 3.16, [1078, 1509, 1157]
45, 6, 3.16, [1287, 1509, 521]
45, 7, 3.14, [1157, 1509, 1078]
45, 8, 3.08, [1328, 1146, 1401]
45, 9, 3.07, [717, 1091, 1125]
46, 0, 3.3, [1287, 1509, 576]
46, 1, 3.29, [1328, 1509, 1401]
46, 2, 3.27, [1425, 1509, 314]
46, 3, 3.25, [1107, 1509, 1401]
46, 4, 3.18, [521, 1509, 1020]
46, 5, 3.18, [1279, 1509, 576]
46, 6, 3.1, [521, 1509, 1401]
46, 7, 3.1, [1328, 1425, 1401]
46, 8, 3.04, [521, 1767, 1401]
46, 9, 3.04, [1328, 1767, 1287]
47, 0, 3.3, [1287, 1509, 576]
47, 1, 3.29, [1328, 1509, 1401]
47, 2, 3.22, [1287, 1509, 320]
47, 3, 3.19, [1328, 1509, 1401]
47, 4, 3.19, [1028, 1509, 576]
47, 5, 3.18, [1028, 1509, 314]
47, 6, 3.17, [1201, 1509, 1401]
47, 7, 3.16, [1437, 1509, 1401]
47, 8, 3.08, [1425, 1247, 1401]
47, 9, 3.05, [1287, 1351, 1401]
48, 0, 3.3, [1287, 1509, 576]
48, 1, 3.29, [1328, 1509, 1401]
48, 2, 3.24, [1328, 1509, 645]
48, 3, 3.18, [1287, 1509, 1350]
48, 4, 3.15, [1287, 1509, 521]
48, 5, 3.1, [1224, 1020, 1328]
48, 6, 3.09, [1287, 1509, 2989]
48, 7, 3.06, [1212, 1157, 576]
48, 8, 3.05, [1091, 1827, 1107]
48, 9, 3.04, [1328, 1403, 576]
49, 0, 3.3, [1287, 1509, 576]
49, 1, 3.29, [1328, 1509, 1401]
49, 2, 3.19, [1131, 1509, 3124]
49, 3, 3.19, [1125, 1509, 521]
49, 4, 3.16, [1279, 1509, 576]
49, 5, 3.15, [1212, 1509, 645]
49, 6, 3.15, [1347, 1509, 571]
49, 7, 3.1, [326, 1351, 1350]
49, 8, 3.09, [1328, 1403, 576]
49, 9, 3.07, [1287, 1146, 1401]
50, 0, 3.3, [1287, 1509, 576]
50, 1, 3.29, [1328, 1509, 1401]
50, 2, 3.17, [645, 1509, 717]
50, 3, 3.15, [785, 1509, 1401]
50, 4, 3.13, [1212, 1509, 1040]
50, 5, 3.07, [1328, 1351, 521]
50, 6, 3.06, [1201, 1715, 1401]
50, 7, 3.06, [1287, 1091, 576]
50, 8, 3.06, [1212, 1091, 695]
50, 9, 3.05, [1212, 1146, 695]
