n_nodes,influence,n0,n1,n2,n3,n4,n5,n6,n7,n8,n9,n10,n11,n12,n13,n14,n15,n16,n17,n18,n19,n20,n21,n22,n23,n24,n25,n26,n27,n28,n29
30,224.0800,1284,772,8,9289,527,4376,2713,2460,157,33,8482,4532,4917,1722,2626,66,199,7624,3020,3023,212,469,5213,95,353,9570,99,1252,999,122
30,224.0800,1284,772,8,9289,527,4376,2713,2460,157,33,8482,4532,4917,1722,2626,66,199,7624,3020,3023,212,469,5213,95,353,9570,99,1252,999,122
30,224.0800,1284,772,8,9289,527,4376,2713,2460,157,33,8482,4532,4917,1722,2626,66,199,7624,3020,3023,212,469,5213,95,353,9570,99,1252,999,122
30,221.6900,1284,772,8,4360,527,4376,2713,2460,33,4917,1722,2626,66,199,7624,3023,212,7637,469,5213,95,353,9570,99,1252,999,1004,367,246,122
30,221.6900,1284,772,8,4360,527,4376,2713,2460,33,4917,1722,2626,66,199,7624,3023,212,7637,469,5213,95,353,9570,99,1252,999,1004,367,246,122
30,221.6900,1284,772,8,4360,527,4376,2713,2460,33,4917,1722,2626,66,199,7624,3023,212,7637,469,5213,95,353,9570,99,1252,999,1004,367,246,122
30,221.1500,1284,772,8,4360,527,4376,2713,2460,33,4812,1722,2626,66,199,7624,3023,212,7637,469,5213,95,353,9570,99,1252,999,1004,367,246,122
30,220.6400,1284,772,8,4360,527,4376,2713,2460,157,33,8482,4789,4917,1722,2626,66,199,7624,3020,3023,212,469,5213,95,353,9570,99,1252,999,122
30,218.4300,1284,772,8,9289,527,4376,2713,2460,33,8482,4532,4917,1722,2626,66,199,7624,3020,3023,212,157,469,5213,95,353,9570,99,1252,999,9855
30,215.7100,1284,772,8,4360,527,4376,2713,2460,157,33,8482,4789,4917,1722,2626,66,199,7624,3020,3023,212,469,5213,95,353,9570,99,1252,999,9855
30,215.7100,1284,772,8,4360,527,4376,2713,2460,157,33,8482,4789,4917,1722,2626,66,199,7624,3020,3023,212,469,5213,95,353,9570,99,1252,999,9855
30,215.7100,1284,772,8,4360,527,4376,2713,2460,157,33,8482,4789,4917,1722,2626,66,199,7624,3020,3023,212,469,5213,95,353,9570,99,1252,999,9855
30,215.7100,1284,772,8,4360,527,4376,2713,2460,157,33,8482,4789,4917,1722,2626,66,199,7624,3020,3023,212,469,5213,95,353,9570,99,1252,999,9855
30,215.7100,1284,772,8,4360,527,4376,2713,2460,157,33,8482,4789,4917,1722,2626,66,199,7624,3020,3023,212,469,5213,95,353,9570,99,1252,999,9855
30,214.1400,1284,772,8,9289,527,4376,2713,2460,157,33,8482,4532,4917,1722,2626,66,199,7624,3020,3023,212,469,5213,95,353,9570,99,1252,999,9855
30,214.1400,1284,772,8,9289,527,4376,2713,2460,157,33,8482,4532,4917,1722,2626,66,199,7624,3020,3023,212,469,5213,95,353,9570,99,1252,999,9855
30,214.1400,1284,772,8,9289,527,4376,2713,2460,157,33,8482,4532,4917,1722,2626,66,199,7624,3020,3023,212,469,5213,95,353,9570,99,1252,999,9855
30,213.1600,9570,1284,4917,99,2626,66,7624,199,2713,999,5213,527,95,3023,1252,353,4532,7637,469,4376,8,772,8482,1722,2460,212,1004,367,246,122
30,213.1600,9570,1284,4917,99,2626,66,7624,199,2713,999,5213,527,95,3023,1252,353,4532,7637,469,4376,8,772,8482,1722,2460,212,1004,367,246,122
30,213.1600,9570,1284,4917,99,2626,66,7624,199,2713,999,5213,527,95,3023,1252,353,4532,7637,469,4376,8,772,8482,1722,2460,212,1004,367,246,122
30,213.1600,9570,1284,4917,99,2626,66,7624,199,2713,999,5213,527,95,3023,1252,353,4532,7637,469,4376,8,772,8482,1722,2460,212,1004,367,246,122
30,213.1600,9570,1284,4917,99,2626,66,7624,199,2713,999,5213,527,95,3023,1252,353,4532,7637,469,4376,8,772,8482,1722,2460,212,1004,367,246,122
30,213.1600,9570,1284,4917,99,2626,66,7624,199,2713,999,5213,527,95,3023,1252,353,4532,7637,469,4376,8,772,8482,1722,2460,212,1004,367,246,122
30,212.3300,1284,772,8,4360,527,4376,2713,1442,157,33,8482,4532,4917,1722,2626,66,199,7624,3020,3023,212,469,5213,95,353,9570,99,1252,999,9855
30,211.9300,1284,772,8,4360,527,4376,2713,1442,33,8482,4532,4917,1722,2626,66,199,7624,3020,3023,212,157,469,5213,95,353,9570,99,1252,999,9855
30,211.9300,1284,772,8,4360,527,4376,2713,1442,33,8482,4532,4917,1722,2626,66,199,7624,3020,3023,212,157,469,5213,95,353,9570,99,1252,999,9855
30,211.9300,1284,772,8,4360,527,4376,2713,1442,33,8482,4532,4917,1722,2626,66,199,7624,3020,3023,212,157,469,5213,95,353,9570,99,1252,999,9855
30,211.9300,1284,772,8,4360,527,4376,2713,1442,33,8482,4532,4917,1722,2626,66,199,7624,3020,3023,212,157,469,5213,95,353,9570,99,1252,999,9855
30,211.5400,1284,772,8,527,4376,2713,2460,445,33,8482,4532,4917,1722,2626,66,199,7624,9289,3020,3023,212,469,5213,95,353,9570,99,1252,999,9855
30,210.7400,9570,1284,4917,99,2626,66,7624,199,2713,999,5213,527,95,3023,1252,353,4532,7637,469,4376,8,772,8482,1722,2460,212,1004,367,246,122
30,210.4300,9570,1284,4917,99,2626,66,7624,199,2713,999,5213,527,95,3023,1252,353,4532,7637,469,4376,8,772,8482,1722,2460,212,1004,367,246,122
30,210.3400,9570,1284,4917,99,2626,66,7624,199,2713,999,5213,527,95,3023,1252,353,4532,7637,469,4376,8,772,8482,1722,2460,212,1004,367,246,122
