generation number, individual number, fitness, candidate
0, 0, 11.02, [33296, 134361, 123524]
0, 1, 10.82, [70638, 6376, 150655]
0, 2, 9.97, [71858, 149059, 127089]
0, 3, 9.52, [285, 77358, 6376]
0, 4, 8.51, [70638, 10375, 144436]
0, 5, 8.28, [123524, 46, 11926]
0, 6, 7.56, [1927, 285, 286]
0, 7, 6.54, [67332, 95674, 66059]
0, 8, 6.26, [80662, 66170, 87893]
0, 9, 6.14, [1062, 281, 11926]
1, 0, 13.01, [150654, 33298, 118602]
1, 1, 12.27, [33297, 134361, 80662]
1, 2, 11.87, [70638, 134361, 118602]
1, 3, 11.64, [33296, 6376, 148118]
1, 4, 11.09, [65897, 100807, 87]
1, 5, 11.02, [33296, 134361, 123524]
1, 6, 10.86, [33296, 134362, 150654]
1, 7, 10.82, [70638, 6376, 150655]
1, 8, 10.08, [282, 285, 123524]
1, 9, 9.61, [33296, 134361, 113172]
2, 0, 16.6, [86, 65899, 118602]
2, 1, 14.48, [46, 33298, 118602]
2, 2, 14.05, [70638, 33298, 123523]
2, 3, 13.01, [150654, 33298, 118602]
2, 4, 12.82, [127089, 280, 118602]
2, 5, 12.82, [33297, 284, 100807]
2, 6, 12.6, [33299, 33298, 118602]
2, 7, 12.27, [33297, 134361, 80662]
2, 8, 11.85, [33297, 95674, 56237]
2, 9, 10.26, [150654, 134362, 118602]
3, 0, 16.6, [86, 65899, 118602]
3, 1, 14.48, [46, 33298, 118602]
3, 2, 12.68, [46, 65899, 113172]
3, 3, 11.99, [65900, 56240, 118602]
3, 4, 11.92, [46, 118606, 118602]
3, 5, 11.68, [65901, 33298, 558]
3, 6, 11.47, [33297, 70639, 118602]
3, 7, 11.35, [282, 70640, 31634]
3, 8, 10.42, [86, 33298, 113172]
3, 9, 9.71, [86, 118606, 282]
4, 0, 16.6, [86, 65899, 118602]
4, 1, 16.4, [86, 65899, 118602]
4, 2, 14.48, [46, 33298, 118602]
4, 3, 14.14, [46, 65899, 123524]
4, 4, 13.71, [46, 65899, 134362]
4, 5, 13.54, [86, 100141, 118602]
4, 6, 13.49, [150654, 33298, 118602]
4, 7, 13.27, [86, 66169, 118602]
4, 8, 12.84, [100141, 280, 56240]
4, 9, 12.57, [86, 113173, 118602]
5, 0, 17.78, [89, 65899, 118602]
5, 1, 17.07, [86, 65899, 118602]
5, 2, 16.73, [86, 65899, 118602]
5, 3, 16.6, [86, 65899, 118602]
5, 4, 16.58, [46, 65899, 118602]
5, 5, 16.4, [86, 65899, 118602]
5, 6, 14.8, [46, 65899, 12067]
5, 7, 14.54, [86, 11387, 118602]
5, 8, 14.07, [87, 33298, 118602]
5, 9, 13.64, [46, 65899, 144436]
6, 0, 17.78, [89, 65899, 118602]
6, 1, 17.07, [86, 65899, 118602]
6, 2, 15.5, [89, 65899, 123523]
6, 3, 12.76, [86, 65899, 113172]
6, 4, 12.74, [33299, 65899, 123523]
6, 5, 12.51, [150015, 65899, 6376]
6, 6, 12.48, [86, 31634, 56241]
6, 7, 11.78, [73703, 100807, 118602]
6, 8, 11.33, [86, 150652, 279]
6, 9, 8.5, [100140, 56237, 113172]
7, 0, 17.78, [89, 65899, 118602]
7, 1, 17.36, [89, 65899, 70638]
7, 2, 17.07, [86, 65899, 118602]
7, 3, 14.75, [86, 65899, 90]
7, 4, 14.29, [281, 65899, 118602]
7, 5, 13.84, [150015, 65899, 123523]
7, 6, 13.14, [90, 65899, 6376]
7, 7, 12.84, [89, 65900, 118602]
7, 8, 12.09, [118602, 33299, 80661]
7, 9, 10.77, [86, 62858, 1063]
8, 0, 17.78, [89, 65899, 118602]
8, 1, 17.36, [89, 65899, 70638]
8, 2, 15.74, [86, 65899, 62858]
8, 3, 15.39, [46, 65899, 148118]
8, 4, 14.72, [86, 65899, 100807]
8, 5, 13.39, [66166, 65899, 150015]
8, 6, 11.84, [86, 33300, 118602]
8, 7, 11.54, [148118, 821, 118602]
8, 8, 11.14, [89, 278, 150653]
8, 9, 11.09, [89, 123523, 91276]
9, 0, 18.25, [89, 65899, 56240]
9, 1, 17.78, [89, 65899, 118602]
9, 2, 17.36, [89, 65899, 70638]
9, 3, 16.87, [89, 65899, 150652]
9, 4, 15.57, [89, 118602, 70638]
9, 5, 15.38, [90, 65899, 148118]
9, 6, 13.93, [89, 65899, 113172]
9, 7, 12.85, [46, 65899, 95674]
9, 8, 11.74, [89, 12067, 123524]
9, 9, 10.51, [86, 281, 118602]
10, 0, 18.25, [89, 65899, 56240]
10, 1, 17.78, [89, 65899, 118602]
10, 2, 14.7, [89, 98063, 56240]
10, 3, 14.39, [89, 65899, 33300]
10, 4, 14.26, [56237, 65899, 286]
10, 5, 14.16, [89, 73703, 31634]
10, 6, 14.06, [89, 56239, 73703]
10, 7, 13.31, [89, 113171, 80656]
10, 8, 12.35, [118602, 65899, 70639]
10, 9, 11.43, [86, 66169, 98065]
