num_genrations,diversity,improvement,best_fitness
0,0.9959005376344086,0,78.97
1,0.8473118279569892,0.0,78.97
2,0.593481182795699,0.11789287071039638,88.28
3,0.38393817204301084,0.005210693248753894,88.74
4,0.46176075268817207,0.013071895424836723,89.9
5,0.16223118279569904,0.043047830923247946,93.77
6,0.3023521505376343,-0.01610323131065363,92.26
7,0.22479838709677424,0.00639497073487957,92.85
8,0.28333333333333355,0.0,92.85
9,0.27318548387096786,0.0,92.85
10,0.2261424731182794,0.05341949380721603,97.81
