n_nodes,influence,n0,n1,n2,n3,n4
5,22532.6980,26116,37566,3145,17786,60027
5,22532.6980,26116,37566,3145,17786,60027
5,22532.6980,26116,37566,3145,17786,60027
5,22532.6980,26116,37566,3145,17786,60027
5,22532.6980,26116,37566,3145,17786,60027
5,22532.6980,26116,37566,3145,17786,60027
5,22532.6980,26116,37566,3145,17786,60027
5,22532.6980,26116,37566,3145,17786,60027
5,22532.6980,26116,37566,3145,17786,60027
5,22532.6980,26116,37566,3145,17786,60027
5,22532.6980,26116,37566,3145,17786,60027
5,22532.6980,26116,37566,3145,17786,60027
5,22532.6980,26116,37566,3145,17786,60027
5,22532.6980,26116,37566,3145,17786,60027
5,22532.6980,26116,37566,3145,17786,60027
5,22532.6980,26116,37566,3145,17786,60027
