n_nodes,influence,n0,n1,n2,n3,n4,n5,n6,n7,n8,n9,n10,n11,n12,n13,n14,n15,n16,n17,n18,n19,n20
21,22562.9800,38369,30710,62748,30681,35327,57880,39558,2912,54161,70769,74947,5352,31593,16627,64614,28311,38639,37886,74166,52274,57439
21,22562.9800,38369,30710,62748,30681,35327,57880,39558,2912,54161,70769,74947,5352,31593,16627,64614,28311,38639,37886,74166,52274,57439
21,22562.9800,38369,30710,62748,30681,35327,57880,39558,2912,54161,70769,74947,5352,31593,16627,64614,28311,38639,37886,74166,52274,57439
21,22562.9800,38369,30710,62748,30681,35327,57880,39558,2912,54161,70769,74947,5352,31593,16627,64614,28311,38639,37886,74166,52274,57439
21,22562.9800,38369,30710,62748,30681,35327,57880,39558,2912,54161,70769,74947,5352,31593,16627,64614,28311,38639,37886,74166,52274,57439
21,22562.9800,38369,30710,62748,30681,35327,57880,39558,2912,54161,70769,74947,5352,31593,16627,64614,28311,38639,37886,74166,52274,57439
21,22562.9800,38369,30710,62748,30681,35327,57880,39558,2912,54161,70769,74947,5352,31593,16627,64614,28311,38639,37886,74166,52274,57439
21,22562.9800,38369,30710,62748,30681,35327,57880,39558,2912,54161,70769,74947,5352,31593,16627,64614,28311,38639,37886,74166,52274,57439
21,22562.9800,38369,30710,62748,30681,35327,57880,39558,2912,54161,70769,74947,5352,31593,16627,64614,28311,38639,37886,74166,52274,57439
21,22562.9800,38369,30710,62748,30681,35327,57880,39558,2912,54161,70769,74947,5352,31593,16627,64614,28311,38639,37886,74166,52274,57439
21,22562.9800,38369,30710,62748,30681,35327,57880,39558,2912,54161,70769,74947,5352,31593,16627,64614,28311,38639,37886,74166,52274,57439
21,22562.9800,38369,30710,62748,30681,35327,57880,39558,2912,54161,70769,74947,5352,31593,16627,64614,28311,38639,37886,74166,52274,57439
21,22562.9800,38369,30710,62748,30681,35327,57880,39558,2912,54161,70769,74947,5352,31593,16627,64614,28311,38639,37886,74166,52274,57439
21,22562.9800,38369,30710,62748,30681,35327,57880,39558,2912,54161,70769,74947,5352,31593,16627,64614,28311,38639,37886,74166,52274,57439
21,22562.9800,38369,30710,62748,30681,35327,57880,39558,2912,54161,70769,74947,5352,31593,16627,64614,28311,38639,37886,74166,52274,57439
21,22562.9800,38369,30710,62748,30681,35327,57880,39558,2912,54161,70769,74947,5352,31593,16627,64614,28311,38639,37886,74166,52274,57439
