num_genrations,diversity,improvement,best_fitness
0,0.9940476190476191,0,28.319999999999993
1,0.9560515873015873,0.0,28.319999999999993
2,0.8793650793650793,0.0,28.319999999999993
3,0.7969246031746031,0.0,28.319999999999993
4,0.7821428571428573,0.049081920903954836,29.709999999999994
5,0.6589285714285714,0.17098619993268233,34.789999999999985
6,0.49355158730158744,0.0,34.789999999999985
7,0.5406746031746033,0.0,34.789999999999985
8,0.5102182539682539,0.04828973843058351,36.469999999999985
9,0.299702380952381,0.0,36.469999999999985
10,0.11448412698412702,0.0,36.469999999999985
