n_nodes,influence,n0,n1,n2,n3,n4
5,1000.0000,165,967,533,407,170
5,1000.0000,967,297,623,560,888
5,1000.0000,165,819,357,339,93
5,1000.0000,165,967,623,465,982
5,1000.0000,165,104,297,811,348
5,1000.0000,165,462,304,819,93
5,1000.0000,967,376,44,560,470
5,1000.0000,678,297,170,533,407
5,1000.0000,357,305,339,819,93
5,1000.0000,357,305,339,819,93
5,1000.0000,706,297,533,982,957
5,1000.0000,165,297,819,887,957
5,1000.0000,357,462,811,174,470
5,1000.0000,571,837,165,174,470
5,1000.0000,98,837,860,279,295
5,1000.0000,357,501,819,887,957
5,1000.0000,165,462,819,470,957
5,1000.0000,357,462,819,887,13
5,1000.0000,165,837,773,93,339
5,1000.0000,462,819,967,174,470
5,1000.0000,357,462,339,819,986
5,1000.0000,967,297,533,407,170
5,1000.0000,165,967,623,560,888
5,1000.0000,462,819,357,339,93
5,1000.0000,165,462,819,470,982
5,1000.0000,165,967,623,465,470
5,1000.0000,198,168,749,470,982
5,1000.0000,165,297,811,348,860
5,1000.0000,462,819,967,93,339
5,1000.0000,967,462,304,819,93
5,1000.0000,165,376,44,560,470
5,1000.0000,967,297,533,407,170
