num_genrations,diversity,improvement,best_fitness
0,0.9991935483870967,0,510.56
1,0.9076612903225807,-0.4646466624882482,273.33
2,0.6358870967741935,0.35769948414005065,371.1
3,0.3574596774193549,0.0045001347345727805,372.77
4,0.13124999999999998,0.012527832175336042,377.44
5,0.1201612903225806,0.0,377.44
6,0.07782258064516134,0.010465239508266184,381.39
7,0.06995967741935483,0.0033823645087706035,382.68
8,0.035685483870967705,0.003161910734817549,383.89
9,0.03508064516129028,0.0009117195029826845,384.24
10,0.03508064516129039,0.0,384.24
