n_nodes,influence,n0,n1,n2,n3,n4
5,964.6700,2565,1549,766,11,1166
5,956.7600,2565,1549,766,11,1166
5,956.7600,2565,1549,766,11,1166
5,956.7600,2565,1549,766,11,1166
5,956.7600,2565,1549,766,11,1166
5,956.7600,2565,1549,766,11,1166
5,956.7600,2565,1549,766,11,1166
5,956.7600,2565,1549,766,11,1166
5,956.7600,2565,1549,766,11,1166
5,956.7600,2565,1549,766,11,1166
5,956.7600,2565,1549,766,11,1166
5,956.7600,2565,1549,766,11,1166
5,956.7600,2565,1549,766,11,1166
5,956.7600,2565,1549,766,11,1166
5,956.7600,2565,1549,766,11,1166
5,956.1300,2565,1549,766,11,1166
