n_nodes,influence,n0,n1,n2,n3,n4,n5,n6,n7,n8,n9,n10,n11,n12,n13,n14,n15,n16,n17,n18,n19,n20,n21,n22,n23,n24,n25,n26,n27,n28,n29,n30,n31,n32,n33,n34,n35,n36,n37,n38,n39
40,147.5700,2688,2565,5254,2660,1549,722,11,1166,784,3084,6798,2576,2326,3352,3354,29,5051,2237,3614,173,2605,3276,4273,946,4786,5818,3902,580,1221,454,1098,1236,4310,6781,3453,737,5866,8048,2038,1659
40,147.5700,2688,2565,5254,2660,1549,722,11,1166,784,3084,6798,2576,2326,3352,3354,29,5051,2237,3614,173,2605,3276,4273,946,4786,5818,3902,580,1221,454,1098,1236,4310,6781,3453,737,5866,8048,2038,1659
40,147.5700,2688,2565,5254,2660,1549,722,11,1166,784,3084,6798,2576,2326,3352,3354,29,5051,2237,3614,173,2605,3276,4273,946,4786,5818,3902,580,1221,454,1098,1236,4310,6781,3453,737,5866,8048,2038,1659
40,147.5700,2688,2565,5254,2660,1549,722,11,1166,784,3084,6798,2576,2326,3352,3354,29,5051,2237,3614,173,2605,3276,4273,946,4786,5818,3902,580,1221,454,1098,1236,4310,6781,3453,737,5866,8048,2038,1659
40,147.5700,2688,2565,5254,2660,1549,722,11,1166,784,3084,6798,2576,2326,3352,3354,29,5051,2237,3614,173,2605,3276,4273,946,4786,5818,3902,580,1221,454,1098,1236,4310,6781,3453,737,5866,8048,2038,1659
40,147.5700,2688,2565,5254,2660,1549,722,11,1166,784,3084,6798,2576,2326,3352,3354,29,5051,2237,3614,173,2605,3276,4273,946,4786,5818,3902,580,1221,454,1098,1236,4310,6781,3453,737,5866,8048,2038,1659
40,147.5700,2688,2565,5254,2660,1549,722,11,1166,784,3084,6798,2576,2326,3352,3354,29,5051,2237,3614,173,2605,3276,4273,946,4786,5818,3902,580,1221,454,1098,1236,4310,6781,3453,737,5866,8048,2038,1659
40,147.5700,2688,2565,5254,2660,1549,722,11,1166,784,3084,6798,2576,2326,3352,3354,29,5051,2237,3614,173,2605,3276,4273,946,4786,5818,3902,580,1221,454,1098,1236,4310,6781,3453,737,5866,8048,2038,1659
40,147.5700,2688,2565,5254,2660,1549,722,11,1166,784,3084,6798,2576,2326,3352,3354,29,5051,2237,3614,173,2605,3276,4273,946,4786,5818,3902,580,1221,454,1098,1236,4310,6781,3453,737,5866,8048,2038,1659
40,147.2400,2688,2565,5254,2660,1549,722,11,1166,784,3084,6798,2576,2326,3352,3354,29,5051,2237,3614,173,2605,3276,4273,946,4786,5818,3902,580,1221,454,1098,1236,4310,6781,3453,737,5866,8048,2038,1659
40,147.2400,2688,2565,5254,2660,1549,722,11,1166,784,3084,6798,2576,2326,3352,3354,29,5051,2237,3614,173,2605,3276,4273,946,4786,5818,3902,580,1221,454,1098,1236,4310,6781,3453,737,5866,8048,2038,1659
40,147.2400,2688,2565,5254,2660,1549,722,11,1166,784,3084,6798,2576,2326,3352,3354,29,5051,2237,3614,173,2605,3276,4273,946,4786,5818,3902,580,1221,454,1098,1236,4310,6781,3453,737,5866,8048,2038,1659
40,147.2400,2688,2565,5254,2660,1549,722,11,1166,784,3084,6798,2576,2326,3352,3354,29,5051,2237,3614,173,2605,3276,4273,946,4786,5818,3902,580,1221,454,1098,1236,4310,6781,3453,737,5866,8048,2038,1659
40,147.2400,2688,2565,5254,2660,1549,722,11,1166,784,3084,6798,2576,2326,3352,3354,29,5051,2237,3614,173,2605,3276,4273,946,4786,5818,3902,580,1221,454,1098,1236,4310,6781,3453,737,5866,8048,2038,1659
40,147.2400,2688,2565,5254,2660,1549,722,11,1166,784,3084,6798,2576,2326,3352,3354,29,5051,2237,3614,173,2605,3276,4273,946,4786,5818,3902,580,1221,454,1098,1236,4310,6781,3453,737,5866,8048,2038,1659
40,147.2400,2688,2565,5254,2660,1549,722,11,1166,784,3084,6798,2576,2326,3352,3354,29,5051,2237,3614,173,2605,3276,4273,946,4786,5818,3902,580,1221,454,1098,1236,4310,6781,3453,737,5866,8048,2038,1659
40,147.2400,2688,2565,5254,2660,1549,722,11,1166,784,3084,6798,2576,2326,3352,3354,29,5051,2237,3614,173,2605,3276,4273,946,4786,5818,3902,580,1221,454,1098,1236,4310,6781,3453,737,5866,8048,2038,1659
40,147.2400,2688,2565,5254,2660,1549,722,11,1166,784,3084,6798,2576,2326,3352,3354,29,5051,2237,3614,173,2605,3276,4273,946,4786,5818,3902,580,1221,454,1098,1236,4310,6781,3453,737,5866,8048,2038,1659
40,147.2400,2688,2565,5254,2660,1549,722,11,1166,784,3084,6798,2576,2326,3352,3354,29,5051,2237,3614,173,2605,3276,4273,946,4786,5818,3902,580,1221,454,1098,1236,4310,6781,3453,737,5866,8048,2038,1659
40,147.2400,2688,2565,5254,2660,1549,722,11,1166,784,3084,6798,2576,2326,3352,3354,29,5051,2237,3614,173,2605,3276,4273,946,4786,5818,3902,580,1221,454,1098,1236,4310,6781,3453,737,5866,8048,2038,1659
40,147.2400,2688,2565,5254,2660,1549,722,11,1166,784,3084,6798,2576,2326,3352,3354,29,5051,2237,3614,173,2605,3276,4273,946,4786,5818,3902,580,1221,454,1098,1236,4310,6781,3453,737,5866,8048,2038,1659
40,147.2400,2688,2565,5254,2660,1549,722,11,1166,784,3084,6798,2576,2326,3352,3354,29,5051,2237,3614,173,2605,3276,4273,946,4786,5818,3902,580,1221,454,1098,1236,4310,6781,3453,737,5866,8048,2038,1659
40,147.2400,2688,2565,5254,2660,1549,722,11,1166,784,3084,6798,2576,2326,3352,3354,29,5051,2237,3614,173,2605,3276,4273,946,4786,5818,3902,580,1221,454,1098,1236,4310,6781,3453,737,5866,8048,2038,1659
40,147.2400,2688,2565,5254,2660,1549,722,11,1166,784,3084,6798,2576,2326,3352,3354,29,5051,2237,3614,173,2605,3276,4273,946,4786,5818,3902,580,1221,454,1098,1236,4310,6781,3453,737,5866,8048,2038,1659
40,147.2400,2688,2565,5254,2660,1549,722,11,1166,784,3084,6798,2576,2326,3352,3354,29,5051,2237,3614,173,2605,3276,4273,946,4786,5818,3902,580,1221,454,1098,1236,4310,6781,3453,737,5866,8048,2038,1659
40,147.2400,2688,2565,5254,2660,1549,722,11,1166,784,3084,6798,2576,2326,3352,3354,29,5051,2237,3614,173,2605,3276,4273,946,4786,5818,3902,580,1221,454,1098,1236,4310,6781,3453,737,5866,8048,2038,1659
40,147.2400,2688,2565,5254,2660,1549,722,11,1166,784,3084,6798,2576,2326,3352,3354,29,5051,2237,3614,173,2605,3276,4273,946,4786,5818,3902,580,1221,454,1098,1236,4310,6781,3453,737,5866,8048,2038,1659
40,147.2400,2688,2565,5254,2660,1549,722,11,1166,784,3084,6798,2576,2326,3352,3354,29,5051,2237,3614,173,2605,3276,4273,946,4786,5818,3902,580,1221,454,1098,1236,4310,6781,3453,737,5866,8048,2038,1659
40,147.2400,2688,2565,5254,2660,1549,722,11,1166,784,3084,6798,2576,2326,3352,3354,29,5051,2237,3614,173,2605,3276,4273,946,4786,5818,3902,580,1221,454,1098,1236,4310,6781,3453,737,5866,8048,2038,1659
40,147.2400,2688,2565,5254,2660,1549,722,11,1166,784,3084,6798,2576,2326,3352,3354,29,5051,2237,3614,173,2605,3276,4273,946,4786,5818,3902,580,1221,454,1098,1236,4310,6781,3453,737,5866,8048,2038,1659
40,147.2400,2688,2565,5254,2660,1549,722,11,1166,784,3084,6798,2576,2326,3352,3354,29,5051,2237,3614,173,2605,3276,4273,946,4786,5818,3902,580,1221,454,1098,1236,4310,6781,3453,737,5866,8048,2038,1659
40,147.2400,2688,2565,5254,2660,1549,722,11,1166,784,3084,6798,2576,2326,3352,3354,29,5051,2237,3614,173,2605,3276,4273,946,4786,5818,3902,580,1221,454,1098,1236,4310,6781,3453,737,5866,8048,2038,1659
40,147.2400,2688,2565,5254,2660,1549,722,11,1166,784,3084,6798,2576,2326,3352,3354,29,5051,2237,3614,173,2605,3276,4273,946,4786,5818,3902,580,1221,454,1098,1236,4310,6781,3453,737,5866,8048,2038,1659
40,147.2400,2688,2565,5254,2660,1549,722,11,1166,784,3084,6798,2576,2326,3352,3354,29,5051,2237,3614,173,2605,3276,4273,946,4786,5818,3902,580,1221,454,1098,1236,4310,6781,3453,737,5866,8048,2038,1659
40,147.2400,2688,2565,5254,2660,1549,722,11,1166,784,3084,6798,2576,2326,3352,3354,29,5051,2237,3614,173,2605,3276,4273,946,4786,5818,3902,580,1221,454,1098,1236,4310,6781,3453,737,5866,8048,2038,1659
40,147.2400,2688,2565,5254,2660,1549,722,11,1166,784,3084,6798,2576,2326,3352,3354,29,5051,2237,3614,173,2605,3276,4273,946,4786,5818,3902,580,1221,454,1098,1236,4310,6781,3453,737,5866,8048,2038,1659
40,147.2400,2688,2565,5254,2660,1549,722,11,1166,784,3084,6798,2576,2326,3352,3354,29,5051,2237,3614,173,2605,3276,4273,946,4786,5818,3902,580,1221,454,1098,1236,4310,6781,3453,737,5866,8048,2038,1659
40,147.2400,2688,2565,5254,2660,1549,722,11,1166,784,3084,6798,2576,2326,3352,3354,29,5051,2237,3614,173,2605,3276,4273,946,4786,5818,3902,580,1221,454,1098,1236,4310,6781,3453,737,5866,8048,2038,1659
40,147.2400,2688,2565,5254,2660,1549,722,11,1166,784,3084,6798,2576,2326,3352,3354,29,5051,2237,3614,173,2605,3276,4273,946,4786,5818,3902,580,1221,454,1098,1236,4310,6781,3453,737,5866,8048,2038,1659
40,147.2400,2688,2565,5254,2660,1549,722,11,1166,784,3084,6798,2576,2326,3352,3354,29,5051,2237,3614,173,2605,3276,4273,946,4786,5818,3902,580,1221,454,1098,1236,4310,6781,3453,737,5866,8048,2038,1659
40,147.2400,2688,2565,5254,2660,1549,722,11,1166,784,3084,6798,2576,2326,3352,3354,29,5051,2237,3614,173,2605,3276,4273,946,4786,5818,3902,580,1221,454,1098,1236,4310,6781,3453,737,5866,8048,2038,1659
40,147.2400,2688,2565,5254,2660,1549,722,11,1166,784,3084,6798,2576,2326,3352,3354,29,5051,2237,3614,173,2605,3276,4273,946,4786,5818,3902,580,1221,454,1098,1236,4310,6781,3453,737,5866,8048,2038,1659
40,147.2400,2688,2565,5254,2660,1549,722,11,1166,784,3084,6798,2576,2326,3352,3354,29,5051,2237,3614,173,2605,3276,4273,946,4786,5818,3902,580,1221,454,1098,1236,4310,6781,3453,737,5866,8048,2038,1659
40,147.2400,2688,2565,5254,2660,1549,722,11,1166,784,3084,6798,2576,2326,3352,3354,29,5051,2237,3614,173,2605,3276,4273,946,4786,5818,3902,580,1221,454,1098,1236,4310,6781,3453,737,5866,8048,2038,1659
40,147.2400,2688,2565,5254,2660,1549,722,11,1166,784,3084,6798,2576,2326,3352,3354,29,5051,2237,3614,173,2605,3276,4273,946,4786,5818,3902,580,1221,454,1098,1236,4310,6781,3453,737,5866,8048,2038,1659
40,147.2400,2688,2565,5254,2660,1549,722,11,1166,784,3084,6798,2576,2326,3352,3354,29,5051,2237,3614,173,2605,3276,4273,946,4786,5818,3902,580,1221,454,1098,1236,4310,6781,3453,737,5866,8048,2038,1659
40,147.2400,2688,2565,5254,2660,1549,722,11,1166,784,3084,6798,2576,2326,3352,3354,29,5051,2237,3614,173,2605,3276,4273,946,4786,5818,3902,580,1221,454,1098,1236,4310,6781,3453,737,5866,8048,2038,1659
40,147.2400,2688,2565,5254,2660,1549,722,11,1166,784,3084,6798,2576,2326,3352,3354,29,5051,2237,3614,173,2605,3276,4273,946,4786,5818,3902,580,1221,454,1098,1236,4310,6781,3453,737,5866,8048,2038,1659
40,147.2400,2688,2565,5254,2660,1549,722,11,1166,784,3084,6798,2576,2326,3352,3354,29,5051,2237,3614,173,2605,3276,4273,946,4786,5818,3902,580,1221,454,1098,1236,4310,6781,3453,737,5866,8048,2038,1659
40,147.2400,2688,2565,5254,2660,1549,722,11,1166,784,3084,6798,2576,2326,3352,3354,29,5051,2237,3614,173,2605,3276,4273,946,4786,5818,3902,580,1221,454,1098,1236,4310,6781,3453,737,5866,8048,2038,1659
40,144.8700,2688,2565,5254,2660,1549,722,11,1166,784,3084,6798,2576,2326,3352,3354,29,5051,2237,3614,173,2605,3276,4273,946,4786,5818,3902,580,1221,454,1098,1236,4310,6781,3453,737,5866,8048,2038,1659
40,144.6600,2688,2565,5254,2660,1549,722,11,1166,784,3084,6798,2576,2326,3352,3354,29,5051,2237,3614,173,2605,3276,4273,946,4786,5818,3902,580,1221,454,1098,1236,4310,6781,3453,737,5866,8048,2038,1659
40,144.6300,2688,2565,5254,2660,1549,722,11,1166,784,3084,6798,2576,2326,3352,3354,29,5051,2237,3614,173,2605,3276,4273,946,4786,5818,3902,580,1221,454,1098,1236,4310,6781,3453,737,5866,8048,2038,1659
40,144.5900,2688,2565,5254,2660,1549,722,11,1166,784,3084,6798,2576,2326,3352,3354,29,5051,2237,3614,173,2605,3276,4273,946,4786,5818,3902,580,1221,454,1098,1236,4310,6781,3453,737,5866,8048,2038,1659
40,144.3900,2688,2565,5254,2660,1549,722,11,1166,784,3084,6798,2576,2326,3352,3354,29,5051,2237,3614,173,2605,3276,4273,946,4786,5818,3902,580,1221,454,1098,1236,4310,6781,3453,737,5866,8048,2038,1659
40,144.3600,2688,2565,5254,2660,1549,722,11,1166,784,3084,6798,2576,2326,3352,3354,29,5051,2237,3614,173,2605,3276,4273,946,4786,5818,3902,580,1221,454,1098,1236,4310,6781,3453,737,5866,8048,2038,1659
40,144.2300,2688,2565,5254,11,3084,1549,1166,6798,784,2576,2326,3352,3354,29,3614,173,2605,4273,946,4786,5818,5051,2237,3902,580,1221,454,1098,3276,722,1236,4310,3453,737,2660,5866,1067,2038,1659,6781
40,144.0400,2688,2565,5254,2660,1549,722,11,1166,784,3084,6798,2576,2326,3352,3354,29,5051,2237,3614,173,2605,3276,4273,946,4786,5818,3902,580,1221,454,1098,1236,4310,6781,3453,737,5866,8048,2038,1659
40,144.0200,2688,2565,5254,2660,1549,722,11,1166,784,3084,6798,2576,2326,3352,3354,29,5051,2237,3614,173,2605,3276,4273,946,4786,5818,3902,580,1221,454,1098,1236,4310,6781,3453,737,5866,8048,2038,1659
40,144.0200,2688,2565,5254,2660,1549,722,11,1166,784,3084,6798,2576,2326,3352,3354,29,5051,2237,3614,173,2605,3276,4273,946,4786,5818,3902,580,1221,454,1098,1236,4310,6781,3453,737,5866,8048,2038,1659
40,143.9200,2688,2565,5254,2660,1549,722,11,1166,784,3084,6798,2576,2326,3352,3354,29,5051,2237,3614,173,2605,3276,4273,946,4786,5818,3902,580,1221,454,1098,1236,4310,6781,3453,737,5866,8048,2038,1659
40,143.8500,2688,2565,5254,2660,1549,722,11,1166,784,3084,6798,2576,2326,3352,3354,29,5051,2237,3614,173,2605,3276,4273,946,4786,5818,3902,580,1221,454,1098,1236,4310,6781,3453,737,5866,8048,2038,1659
40,143.7900,2688,2565,5254,2660,1549,722,11,1166,784,3084,6798,2576,2326,3352,3354,29,5051,2237,3614,173,2605,3276,4273,946,4786,5818,3902,580,1221,454,1098,1236,4310,6781,3453,737,5866,8048,2038,1659
40,143.6700,2688,2565,5254,2660,1549,722,11,1166,784,3084,6798,2576,2326,3352,3354,29,5051,2237,3614,173,2605,3276,4273,946,4786,5818,3902,580,1221,454,1098,1236,4310,6781,3453,737,5866,8048,2038,1659
40,143.4800,2688,2565,5254,11,3084,1549,1166,6798,784,2576,2326,3352,3354,29,3614,173,2605,4273,946,4786,5818,5051,2237,3902,580,1221,6030,1098,3276,722,1236,4310,3453,737,2660,5866,8048,2038,1659,6781
40,143.4200,2688,2565,2057,11,3084,1549,1166,6798,784,2576,2326,3352,3354,29,3614,173,2605,4273,946,4786,5818,5051,2237,3902,580,1221,454,1098,3276,722,1236,4310,3453,737,2660,5866,8048,2038,1659,6781
40,143.4000,2688,2565,5254,2660,1549,722,11,1166,784,3084,6798,2576,2326,3352,3354,29,5051,2237,3614,173,2605,3276,4273,946,4786,5818,3902,580,1221,454,1098,1236,4310,6781,3453,737,5866,8048,2038,1659
40,143.3800,2688,2565,5254,2660,1549,722,11,1166,784,3084,6798,2576,2326,3352,3354,29,5051,2237,3614,173,2605,3276,4273,946,4786,5818,3902,580,1221,454,1098,1236,4310,6781,3453,737,5866,8048,2038,1659
40,143.3600,2688,2565,5254,2660,1549,722,11,1166,784,3084,6798,2576,2326,3352,3354,29,5051,2237,3614,173,2605,3276,4273,946,4786,5818,3902,580,1221,454,1098,1236,4310,6781,3453,737,5866,8048,2038,1659
40,143.3200,2688,2565,5254,2660,1549,722,11,1166,784,3084,6798,2576,2326,3352,3354,29,5051,2237,3614,173,2605,3276,4273,946,4786,5818,3902,580,1221,454,1098,1236,4310,6781,3453,737,5866,8048,2038,1659
40,143.2800,2688,2565,5254,2660,1549,722,11,1166,784,3084,6798,2576,2326,3352,3354,29,5051,2237,3614,173,2605,3276,4273,946,4786,5818,3902,580,1221,454,1098,1236,4310,6781,3453,737,5866,8048,2038,1659
40,143.2200,2688,2565,5254,2660,1549,722,11,1166,784,3084,6798,2576,2326,3352,3354,29,5051,2237,3614,173,2605,3276,4273,946,4786,5818,3902,580,1221,454,1098,1236,4310,6781,3453,737,5866,8048,2038,1659
40,143.0100,2688,2565,5254,2660,1549,722,11,1166,784,3084,6798,2576,2326,3352,3354,29,5051,2237,3614,173,2605,3276,4273,946,4786,5818,3902,580,1221,454,1098,1236,4310,6781,3453,737,5866,8048,2038,1659
40,143.0000,2688,2565,5254,2660,1549,722,11,1166,784,3084,6798,2576,2326,3352,3354,29,5051,2237,3614,173,2605,3276,4273,946,4786,5818,3902,580,1221,454,1098,1236,4310,6781,3453,737,5866,8048,2038,1659
40,142.8800,2688,2565,5254,2660,1549,722,11,1166,784,3084,6798,2576,2326,3352,3354,29,5051,2237,3614,173,2605,3276,4273,946,4786,5818,3902,580,1221,454,1098,1236,4310,6781,3453,737,5866,8048,2038,1659
40,142.8300,2688,2565,5254,2660,1549,722,11,1166,784,3084,6798,2576,2326,3352,3354,29,5051,2237,3614,173,2605,3276,4273,946,4786,5818,3902,580,1221,454,1098,1236,4310,6781,3453,737,5866,8048,2038,1659
40,142.7500,2688,2565,5254,2660,1549,722,11,1166,784,3084,6798,2576,2326,3352,3354,29,5051,2237,3614,173,2605,3276,4273,946,4786,5818,3902,580,1221,454,1098,1236,4310,6781,3453,737,5866,8048,2038,1659
40,142.5600,2688,2565,5254,2660,1549,722,11,1166,784,3084,6798,2576,2326,3352,3354,29,5051,2237,3614,173,2605,3276,4273,946,4786,5818,3902,580,1221,454,1098,1236,4310,6781,3453,737,5866,8048,2038,1659
40,142.5300,2688,2565,5254,2660,1549,722,11,1166,784,3084,6798,2576,2326,3352,3354,29,5051,2237,3614,173,2605,3276,4273,946,4786,5818,3902,580,1221,454,1098,1236,4310,6781,3453,737,5866,8048,2038,1659
40,142.4800,2688,2565,5254,2660,1549,722,11,1166,784,3084,6798,2576,2326,3352,3354,29,5051,2237,3614,173,2605,3276,4273,946,4786,5818,3902,580,1221,454,1098,1236,4310,6781,3453,737,5866,8048,2038,1659
40,142.4100,2688,2565,5254,2660,1549,722,11,1166,784,3084,6798,2576,2326,3352,3354,29,5051,2237,3614,173,2605,3276,4273,946,4786,5818,3902,580,1221,454,1098,1236,4310,6781,3453,737,5866,8048,2038,1659
40,142.3800,2688,2565,5254,2660,1549,722,11,1166,784,3084,6798,2576,2326,3352,3354,29,5051,2237,3614,173,2605,3276,4273,946,4786,5818,3902,580,1221,454,1098,1236,4310,6781,3453,737,5866,8048,2038,1659
40,142.3800,2688,2565,5254,2660,1549,722,11,1166,784,3084,6798,2576,2326,3352,3354,29,5051,2237,3614,173,2605,3276,4273,946,4786,5818,3902,580,1221,454,1098,1236,4310,6781,3453,737,5866,8048,2038,1659
40,141.9800,2688,2565,5254,2660,1549,722,11,1166,784,3084,6798,2576,2326,3352,3354,29,5051,2237,3614,173,2605,3276,4273,946,4786,5818,3902,580,1221,454,1098,1236,4310,6781,3453,737,5866,8048,2038,1659
40,141.9800,2688,2565,5254,2660,1549,722,11,1166,784,3084,6798,2576,2326,3352,3354,29,5051,2237,3614,173,2605,3276,4273,946,4786,5818,3902,580,1221,454,1098,1236,4310,6781,3453,737,5866,8048,2038,1659
40,141.9500,2688,2565,5254,2660,1549,722,11,1166,784,3084,6798,2576,2326,3352,3354,29,5051,2237,3614,173,2605,3276,4273,946,4786,5818,3902,580,1221,454,1098,1236,4310,6781,3453,737,5866,8048,2038,1659
40,141.9500,2688,2565,5254,11,3084,1549,1166,6798,784,2576,2326,3352,3354,29,3614,173,2605,4273,946,4786,5818,5051,2237,3902,580,1221,454,1098,3276,722,48,4310,3453,737,2660,5866,8048,2038,1659,6781
40,141.8800,2688,2565,5254,2660,1549,722,11,1166,784,3084,6798,2576,2326,3352,3354,29,5051,2237,3614,173,2605,3276,4273,946,4786,5818,3902,580,1221,454,1098,1236,4310,6781,3453,737,5866,8048,2038,1659
40,141.7200,2688,2565,5254,2660,1549,722,11,1166,784,3084,6798,2576,2326,3352,3354,29,5051,2237,3614,173,2605,3276,4273,946,4786,5818,3902,580,1221,454,1098,1236,4310,6781,3453,737,5866,8048,2038,1659
40,141.6600,2688,2565,5254,2660,1549,722,11,1166,784,3084,6798,2576,2326,3352,3354,29,5051,2237,3614,173,2605,3276,4273,946,4786,5818,3902,580,1221,454,1098,1236,4310,6781,3453,737,5866,8048,2038,1659
40,141.5300,2688,2565,5254,2660,1549,722,11,1166,784,3084,6798,2576,2326,3352,3354,29,5051,2237,3614,173,2605,3276,4273,946,4786,5818,3902,580,1221,454,1098,1236,4310,6781,3453,737,5866,8048,2038,1659
40,141.5200,2688,2565,5254,2660,1549,722,11,1166,784,3084,6798,2576,2326,3352,3354,29,5051,2237,3614,173,2605,3276,4273,946,4786,5818,3902,580,1221,454,1098,1236,4310,6781,3453,737,5866,8048,2038,1659
40,141.3200,2688,2565,5254,2660,1549,722,11,1166,784,3084,6798,2576,2326,3352,3354,29,5051,2237,3614,173,2605,3276,4273,946,4786,5818,3902,580,1221,454,1098,1236,4310,6781,3453,737,5866,8048,2038,1659
40,141.2300,2688,2565,5254,2660,1549,722,11,1166,784,3084,6798,2576,2326,3352,3354,29,5051,2237,3614,173,2605,3276,4273,946,4786,5818,3902,580,1221,454,1098,1236,4310,6781,3453,737,5866,8048,2038,1659
40,140.9800,2688,2565,5254,2660,1549,722,11,1166,784,3084,6798,2576,2326,3352,3354,29,5051,2237,3614,173,2605,3276,4273,946,4786,5818,3902,580,1221,454,1098,1236,4310,6781,3453,737,5866,8048,2038,1659
40,140.9400,2688,2565,5254,2660,1549,722,11,1166,784,3084,6798,2576,2326,3352,3354,29,5051,2237,3614,173,2605,3276,4273,946,4786,5818,3902,580,1221,454,1098,1236,4310,6781,3453,737,5866,8048,2038,1659
40,140.9000,2688,2565,5254,2660,1549,722,11,1166,784,3084,6798,2576,2326,3352,3354,29,5051,2237,3614,173,2605,3276,4273,946,4786,5818,3902,580,1221,454,1098,1236,4310,6781,3453,737,5866,8048,2038,1659
40,140.8100,2688,2565,5254,11,3084,1549,1166,6798,784,2576,2326,3352,3354,29,3614,173,2605,4273,946,4786,5818,5051,313,3902,580,1221,454,1098,3276,722,1236,4310,3453,737,2660,5866,8048,2038,1659,6781
40,140.6700,2688,2565,5254,2660,1549,722,11,1166,784,3084,6798,2576,2326,3352,3354,29,5051,2237,3614,173,2605,3276,4273,946,4786,5818,3902,580,1221,454,1098,1236,4310,6781,3453,737,5866,8048,2038,1659
40,140.6200,2688,2565,5254,2660,1549,722,11,1166,784,3084,6798,2576,2326,3352,3354,29,5051,2237,3614,173,2605,3276,4273,946,4786,5818,3902,580,1221,454,1098,1236,4310,6781,3453,737,5866,8048,2038,1659
