generation number, pop_size, worst, best, median, avg, std, diversity, improvement, number_of_selections
0, 10, 2.0, 62.49, 6.5, 11.904, 17.398133348149734,0.9888888888888889,0,[1.e-300]
1, 10, 9.0, 67.55, 39.93, 39.004000000000005, 26.420088644817227,0.7666666666666666,0.08097295567290759,[1.e-300]
2, 10, 4.0, 67.55, 9.24, 29.991999999999997, 29.365415304401875,0.9222222222222223,0.0,[1.e-300]
3, 10, 3.0, 67.55, 5.0, 23.011000000000003, 28.226075338239994,0.9222222222222223,0.0,[1.e-300]
4, 10, 3.0, 67.55, 6.255, 23.31, 27.942267624514656,0.9444444444444444,0.0,[1.e-300]
5, 10, 2.0, 67.55, 8.059999999999999, 24.398999999999997, 27.187008827747125,0.9444444444444444,0.0,[1.e-300]
6, 10, 3.0, 67.55, 9.5, 25.219, 27.097019190309474,0.9333333333333333,0.0,[1.e-300]
7, 10, 3.0, 67.55, 9.25, 20.159, 23.845442520532096,0.9,0.0,[1.e-300]
8, 10, 4.0, 67.63, 34.754999999999995, 35.649, 30.30149615118039,0.8444444444444444,0.0011843079200591902,[1.e-300]
9, 10, 4.0, 67.63, 7.5, 24.225, 27.466594346587637,0.9444444444444444,0.0,[1.e-300]
10, 10, 2.0, 67.63, 6.29, 18.032, 24.95640030132551,0.9555555555555556,0.0,[1.e-300]
