n_nodes,influence,n0,n1,n2,n3,n4,n5,n6,n7,n8,n9,n10,n11,n12,n13,n14,n15,n16,n17,n18,n19,n20,n21,n22,n23,n24,n25,n26,n27,n28,n29
30,388.7700,2565,1549,766,11,1166,457,2688,1374,1151,5524,3352,2485,2328,4037,3456,737,2871,5079,2651,1608,5802,2237,993,15,4310,2972,2398,1133,789,3453
30,388.7700,2565,1549,766,11,1166,457,2688,1374,1151,5524,3352,2485,2328,4037,3456,737,2871,5079,2651,1608,5802,2237,993,15,4310,2972,2398,1133,789,3453
30,388.7700,2565,1549,766,11,1166,457,2688,1374,1151,5524,3352,2485,2328,4037,3456,737,2871,5079,2651,1608,5802,2237,993,15,4310,2972,2398,1133,789,3453
30,388.7700,2565,1549,766,11,1166,457,2688,1374,1151,5524,3352,2485,2328,4037,3456,737,2871,5079,2651,1608,5802,2237,993,15,4310,2972,2398,1133,789,3453
30,384.1200,2565,1549,766,11,1166,457,2688,1374,1151,5524,3352,2485,2328,4037,3456,737,2871,5079,2651,1608,5802,2237,993,15,4310,2972,2398,1133,789,3453
30,383.0200,2565,1549,766,11,1166,457,2688,1374,1151,5524,3352,2485,2328,4037,3456,737,2871,5079,2651,1608,5802,2237,993,15,4310,2972,2398,1133,789,3453
30,383.0200,2565,1549,766,11,1166,457,2688,1374,1151,5524,3352,2485,2328,4037,3456,737,2871,5079,2651,1608,5802,2237,993,15,4310,2972,2398,1133,789,3453
30,383.0200,2565,1549,766,11,1166,457,2688,1374,1151,5524,3352,2485,2328,4037,3456,737,2871,5079,2651,1608,5802,2237,993,15,4310,2972,2398,1133,789,3453
30,383.0200,2565,1549,766,11,1166,457,2688,1374,1151,5524,3352,2485,2328,4037,3456,737,2871,5079,2651,1608,5802,2237,993,15,4310,2972,2398,1133,789,3453
30,383.0200,2565,1549,766,11,1166,457,2688,1374,1151,5524,3352,2485,2328,4037,3456,737,2871,5079,2651,1608,5802,2237,993,15,4310,2972,2398,1133,789,3453
30,383.0200,2565,1549,766,11,1166,457,2688,1374,1151,5524,3352,2485,2328,4037,3456,737,2871,5079,2651,1608,5802,2237,993,15,4310,2972,2398,1133,789,3453
30,382.5800,2565,1549,766,11,1166,457,2688,1374,1151,5524,3352,2485,2328,4037,3456,737,2871,5079,2651,1608,5802,2237,993,15,4310,2972,2398,1133,789,3453
30,382.5800,2565,1549,766,11,1166,457,2688,1374,1151,5524,3352,2485,2328,4037,3456,737,2871,5079,2651,1608,5802,2237,993,15,4310,2972,2398,1133,789,3453
30,382.5800,2565,1549,766,11,1166,457,2688,1374,1151,5524,3352,2485,2328,4037,3456,737,2871,5079,2651,1608,5802,2237,993,15,4310,2972,2398,1133,789,3453
30,382.5800,2565,1549,766,11,1166,457,2688,1374,1151,5524,3352,2485,2328,4037,3456,737,2871,5079,2651,1608,5802,2237,993,15,4310,2972,2398,1133,789,3453
30,382.5800,2565,1549,766,11,1166,457,2688,1374,1151,5524,3352,2485,2328,4037,3456,737,2871,5079,2651,1608,5802,2237,993,15,4310,2972,2398,1133,789,3453
30,382.5800,2565,1549,766,11,1166,457,2688,1374,1151,5524,3352,2485,2328,4037,3456,737,2871,5079,2651,1608,5802,2237,993,15,4310,2972,2398,1133,789,3453
30,382.5800,2565,1549,766,11,1166,457,2688,1374,1151,5524,3352,2485,2328,4037,3456,737,2871,5079,2651,1608,5802,2237,993,15,4310,2972,2398,1133,789,3453
30,382.5800,2565,1549,766,11,1166,457,2688,1374,1151,5524,3352,2485,2328,4037,3456,737,2871,5079,2651,1608,5802,2237,993,15,4310,2972,2398,1133,789,3453
30,382.5800,2565,1549,766,11,1166,457,2688,1374,1151,5524,3352,2485,2328,4037,3456,737,2871,5079,2651,1608,5802,2237,993,15,4310,2972,2398,1133,789,3453
30,382.5800,2565,1549,766,11,1166,457,2688,1374,1151,5524,3352,2485,2328,4037,3456,737,2871,5079,2651,1608,5802,2237,993,15,4310,2972,2398,1133,789,3453
30,382.5800,2565,1549,766,11,1166,457,2688,1374,1151,5524,3352,2485,2328,4037,3456,737,2871,5079,2651,1608,5802,2237,993,15,4310,2972,2398,1133,789,3453
30,382.5800,2565,1549,766,11,1166,457,2688,1374,1151,5524,3352,2485,2328,4037,3456,737,2871,5079,2651,1608,5802,2237,993,15,4310,2972,2398,1133,789,3453
30,382.5800,2565,1549,766,11,1166,457,2688,1374,1151,5524,3352,2485,2328,4037,3456,737,2871,5079,2651,1608,5802,2237,993,15,4310,2972,2398,1133,789,3453
30,382.5800,2565,1549,766,11,1166,457,2688,1374,1151,5524,3352,2485,2328,4037,3456,737,2871,5079,2651,1608,5802,2237,993,15,4310,2972,2398,1133,789,3453
30,382.2100,2565,1549,766,11,1166,457,2688,1374,1151,5524,3352,2485,2328,4037,3456,737,2871,5079,2651,1608,5802,2237,993,15,4310,2972,2398,1133,789,3453
30,382.2100,2565,1549,766,11,1166,457,2688,1374,1151,5524,3352,2485,2328,4037,3456,737,2871,5079,2651,1608,5802,2237,993,15,4310,2972,2398,1133,789,3453
30,381.2500,2565,1549,766,11,1166,457,2688,1374,1151,5524,3352,2485,2328,4037,3456,737,2871,5079,2651,1608,5802,2237,993,15,4310,2972,2398,1133,789,3453
30,381.2500,2565,1549,766,11,1166,457,2688,1374,1151,5524,3352,2485,2328,4037,3456,737,2871,5079,2651,1608,5802,2237,993,15,4310,2972,2398,1133,789,3453
30,381.1000,2565,1549,766,11,1166,457,2688,1374,1151,5524,3352,2485,2328,4037,3456,737,2871,5079,2651,1608,5802,2237,993,15,4310,2972,2398,1133,789,3453
30,381.1000,2565,1549,766,11,1166,457,2688,1374,1151,5524,3352,2485,2328,4037,3456,737,2871,5079,2651,1608,5802,2237,993,15,4310,2972,2398,1133,789,3453
30,381.1000,2565,1549,766,11,1166,457,2688,1374,1151,5524,3352,2485,2328,4037,3456,737,2871,5079,2651,1608,5802,2237,993,15,4310,2972,2398,1133,789,3453
