n_nodes,influence,n0,n1,n2,n3,n4,n5,n6,n7,n8
9,18.0600,138732,94051,158070,214842,10876,109339,50594,188689,216430
9,18.0600,138732,94051,158070,214842,10876,109339,50594,188689,216430
9,18.0600,138732,94051,158070,214842,10876,109339,50594,188689,216430
9,18.0600,138732,94051,158070,214842,10876,109339,50594,188689,216430
9,17.5400,138732,94051,158070,214842,10876,109339,50594,188689,216430
9,17.5400,138732,94051,158070,214842,10876,109339,50594,188689,216430
9,17.5400,138732,94051,158070,214842,10876,109339,50594,188689,216430
9,17.5400,138732,94051,158070,214842,10876,109339,50594,188689,216430
9,17.5400,138732,94051,158070,214842,10876,109339,50594,188689,216430
9,17.5400,138732,94051,158070,214842,10876,109339,50594,188689,216430
9,17.5400,138732,94051,158070,214842,10876,109339,50594,188689,216430
9,17.5400,138732,94051,158070,214842,10876,109339,50594,188689,216430
9,17.5400,138732,94051,158070,214842,10876,109339,50594,188689,216430
9,17.5400,138732,94051,158070,214842,10876,109339,50594,188689,216430
9,17.5400,138732,94051,158070,214842,10876,109339,50594,188689,216430
9,17.5400,138732,94051,158070,214842,10876,109339,50594,188689,216430
