n_nodes,influence,n0,n1,n2,n3,n4,n5,n6,n7,n8,n9,n10,n11,n12,n13,n14,n15,n16,n17,n18,n19,n20,n21,n22,n23,n24,n25,n26,n27,n28,n29
30,171.9900,260,1669,1672,658,5784,9752,795,2972,8,8861,1438,6303,2977,6696,2475,8621,9141,2625,324,325,581,8389,4040,79,4829,1634,4838,8809,3946,9716
30,171.9900,260,1669,1672,658,5784,9752,795,2972,8,8861,1438,6303,2977,6696,2475,8621,9141,2625,324,325,581,8389,4040,79,4829,1634,4838,8809,3946,9716
30,171.5600,260,1669,6672,8,658,9752,5784,795,2972,8861,1438,6303,2977,6696,2475,8621,9141,2625,324,325,581,8389,4040,79,4829,1634,4838,8809,3946,9716
30,171.1300,260,1669,1672,8,658,9752,5784,795,2972,8861,1438,6303,2977,6696,8206,8621,9141,2625,324,325,581,8389,4040,79,4829,1634,4838,8809,3946,9716
30,170.9400,260,1669,1672,8,658,9752,5784,795,2972,8861,1438,6303,2977,6696,2475,8621,9141,2625,324,325,581,8389,4040,79,4829,1634,4838,8809,1091,9716
30,170.9400,260,1669,1672,8,658,9752,5784,795,2972,8861,1438,6303,2977,6696,2475,8621,9141,2625,324,325,581,8389,4040,79,4829,1634,4838,8809,1091,9716
30,170.9400,260,1669,1672,8,658,9752,5784,795,2972,8861,1438,6303,2977,6696,2475,8621,9141,2625,324,325,581,8389,4040,79,4829,1634,4838,8809,1091,9716
30,170.8400,260,1669,1672,8,658,9752,5784,795,2972,8861,1438,6303,2977,6696,2475,8621,9141,2625,324,325,581,8389,4040,79,4829,1634,4838,8809,3946,9716
30,170.8100,260,1669,1672,8,658,9752,5784,795,2972,8861,1438,6303,2977,6696,2475,8621,9141,2625,324,325,581,8389,4040,79,4829,1634,4838,2914,3946,9716
30,170.5100,260,1669,1672,8,658,9752,5784,795,2972,8861,1438,6303,2977,6696,2475,8621,9141,2625,324,325,581,8389,4040,79,4829,1634,4838,8809,3946,9716
30,170.1600,260,1669,1672,658,5784,9752,795,2972,8,8861,1438,6303,2977,6696,2475,8621,9141,2625,324,325,581,8389,4040,79,4829,1634,4838,286,3946,9716
30,169.8100,260,1669,1672,658,5784,9752,795,2972,8,8861,1438,6303,2977,6696,2475,8621,9141,2625,324,325,581,8389,4040,79,4829,1634,4838,8809,3946,9716
30,169.4500,260,1669,1672,8,658,9752,5784,795,2972,8861,1438,6303,2977,6696,8206,8621,9141,2625,324,325,581,8389,4040,79,4829,1634,4838,8809,3946,9716
30,169.4500,260,1669,1672,8,658,9752,5784,795,2972,8861,1438,6303,2977,6696,8206,8621,9141,2625,324,325,581,8389,4040,79,4829,1634,4838,8809,3946,9716
30,169.3500,260,1669,1672,658,5784,9752,795,2972,8,8861,1438,6303,2977,6696,2475,8621,9141,2625,324,325,581,8389,4040,79,4829,1634,4838,8809,3946,9716
30,169.2400,260,1669,1672,658,5784,9752,795,2972,8,8861,1438,6303,2977,6696,2475,8621,9141,2625,324,325,581,8389,4040,79,4829,1634,4838,8809,3946,9716
30,169.2400,260,1669,1672,658,5784,9752,795,2972,8,8861,1438,6303,2977,6696,2475,8621,9141,2625,324,325,581,8389,4040,79,4829,1634,4838,8809,3946,9716
30,169.2400,260,1669,1672,658,5784,9752,795,2972,8,8861,1438,6303,2977,6696,2475,8621,9141,2625,324,325,581,8389,4040,79,4829,1634,4838,8809,3946,9716
30,169.1500,260,1669,1672,8,658,5784,4709,795,2972,8861,1438,6303,2977,6696,2475,8621,9141,2625,1091,324,325,581,8389,4040,79,4829,1634,4838,8809,9716
30,169.1500,260,1669,1672,8,658,5784,4709,795,2972,8861,1438,6303,2977,6696,2475,8621,9141,2625,1091,324,325,581,8389,4040,79,4829,1634,4838,8809,9716
30,168.8600,260,1669,1672,8,658,9752,5784,795,2972,8861,1438,6303,2977,6696,2475,8621,9141,2625,324,325,581,8389,4040,79,4829,1634,4838,8809,3946,9716
30,168.6400,260,1669,1672,658,5784,9752,795,2972,8,8861,1438,6303,2977,6696,2475,8621,9141,2625,324,325,581,8389,4040,79,4829,1634,4838,8809,3946,9716
30,168.6300,260,1669,1672,8,658,9752,5784,795,2972,8861,1438,6303,2977,6696,2475,8621,9141,2625,324,325,581,8389,4040,79,4829,1634,4838,8809,3946,9716
30,168.5800,260,1669,1672,8,658,9752,5784,795,2972,8861,1438,6303,2977,6696,2475,8621,9141,2625,324,325,581,8389,4040,79,4829,1634,4838,286,3946,9716
30,168.5800,260,1669,1672,8,658,9752,5784,795,2972,8861,1438,6303,2977,6696,2475,8621,9141,2625,324,325,581,8389,4040,79,4829,1634,4838,286,3946,9716
30,168.5700,260,1669,1672,658,5784,9752,795,2972,8,8861,1438,6303,2977,6696,2475,8621,9141,2625,324,325,581,8389,4040,79,4829,1634,4838,8809,3946,9716
30,168.5700,260,1669,1672,658,5784,9752,795,2972,8,8861,1438,6303,2977,6696,2475,8621,9141,2625,324,325,581,8389,4040,79,4829,1634,4838,8809,3946,9716
30,168.2000,260,1669,1672,8,658,9752,5784,795,2972,8861,1438,6303,2977,6696,2475,8621,9141,2625,324,325,581,8389,6994,79,4829,1634,4838,8809,3946,9716
30,168.1400,260,1669,1672,8,658,9752,5784,795,2972,8861,1438,6303,2977,6696,8206,8621,9141,2625,324,325,581,8389,4040,79,4829,1634,4838,8809,1091,9716
30,168.1300,260,1669,1672,8,658,9752,5784,795,2972,8861,1438,6303,2977,6696,2475,8621,9141,2625,324,325,581,8389,4040,79,4829,1634,4838,8809,3946,9716
30,167.4400,260,1669,1672,658,5784,9752,795,2972,8,8861,1438,6303,2977,6696,2475,8621,9141,2625,324,325,581,8389,4040,79,4829,1634,4838,8809,3946,9716
30,167.0400,260,1669,1672,8,658,9752,5784,795,2972,8861,1438,6303,2977,6696,2475,8621,9141,2625,324,325,581,8389,4040,79,4829,1634,4838,8809,3946,9716
