n_nodes,influence,n0,n1,n2,n3,n4,n5,n6,n7,n8,n9,n10,n11,n12,n13,n14,n15,n16,n17,n18,n19,n20,n21,n22,n23,n24,n25,n26,n27,n28,n29
30,31.9800,112714,108509,179405,169856,21892,68394,189925,52231,200436,10618,96922,6156,144527,35344,181398,126822,83022,233367,166038,203317,133861,109859,50035,225736,194610,220988,253385,116309,172900,214901
30,31.9800,112714,108509,179405,169856,21892,68394,189925,52231,200436,10618,96922,6156,144527,35344,181398,126822,83022,233367,166038,203317,133861,109859,50035,225736,194610,220988,253385,116309,172900,214901
30,31.9800,112714,108509,179405,169856,21892,68394,189925,52231,200436,10618,96922,6156,144527,35344,181398,126822,83022,233367,166038,203317,133861,109859,50035,225736,194610,220988,253385,116309,172900,214901
30,31.9800,112714,108509,179405,169856,21892,68394,189925,52231,200436,10618,96922,6156,144527,35344,181398,126822,83022,233367,166038,203317,133861,109859,50035,225736,194610,220988,253385,116309,172900,214901
30,31.9800,112714,108509,179405,169856,21892,68394,189925,52231,200436,10618,96922,6156,144527,35344,181398,126822,83022,233367,166038,203317,133861,109859,50035,225736,194610,220988,253385,116309,172900,214901
30,31.9800,112714,108509,179405,169856,21892,68394,189925,52231,200436,10618,96922,6156,144527,35344,181398,126822,83022,233367,166038,203317,133861,109859,50035,225736,194610,220988,253385,116309,172900,214901
30,31.9800,112714,108509,179405,169856,21892,68394,189925,52231,200436,10618,96922,6156,144527,35344,181398,126822,83022,233367,166038,203317,133861,109859,50035,225736,194610,220988,253385,116309,172900,214901
30,31.9800,112714,108509,179405,169856,21892,68394,189925,52231,200436,10618,96922,6156,144527,35344,181398,126822,83022,233367,166038,203317,133861,109859,50035,225736,194610,220988,253385,116309,172900,214901
30,31.9800,112714,108509,179405,169856,21892,68394,189925,52231,200436,10618,96922,6156,144527,35344,181398,126822,83022,233367,166038,203317,133861,109859,50035,225736,194610,220988,253385,116309,172900,214901
30,31.9800,112714,108509,179405,169856,21892,68394,189925,52231,200436,10618,96922,6156,144527,35344,181398,126822,83022,233367,166038,203317,133861,109859,50035,225736,194610,220988,253385,116309,172900,214901
30,31.9800,112714,108509,179405,169856,21892,68394,189925,52231,200436,10618,96922,6156,144527,35344,181398,126822,83022,233367,166038,203317,133861,109859,50035,225736,194610,220988,253385,116309,172900,214901
30,31.9800,112714,108509,179405,169856,21892,68394,189925,52231,200436,10618,96922,6156,144527,35344,181398,126822,83022,233367,166038,203317,133861,109859,50035,225736,194610,220988,253385,116309,172900,214901
30,31.9800,112714,108509,179405,169856,21892,68394,189925,52231,200436,10618,96922,6156,144527,35344,181398,126822,83022,233367,166038,203317,133861,109859,50035,225736,194610,220988,253385,116309,172900,214901
30,31.9800,112714,108509,179405,169856,21892,68394,189925,52231,200436,10618,96922,6156,144527,35344,181398,126822,83022,233367,166038,203317,133861,109859,50035,225736,194610,220988,253385,116309,172900,214901
30,31.9800,112714,108509,179405,169856,21892,68394,189925,52231,200436,10618,96922,6156,144527,35344,181398,126822,83022,233367,166038,203317,133861,109859,50035,225736,194610,220988,253385,116309,172900,214901
30,31.9800,112714,108509,179405,169856,21892,68394,189925,52231,200436,10618,96922,6156,144527,35344,181398,126822,83022,233367,166038,203317,133861,109859,50035,225736,194610,220988,253385,116309,172900,214901
30,31.9800,112714,108509,179405,169856,21892,68394,189925,52231,200436,10618,96922,6156,144527,35344,181398,126822,83022,233367,166038,203317,133861,109859,50035,225736,194610,220988,253385,116309,172900,214901
30,31.9800,112714,108509,179405,169856,21892,68394,189925,52231,200436,10618,96922,6156,144527,35344,181398,126822,83022,233367,166038,203317,133861,109859,50035,225736,194610,220988,253385,116309,172900,214901
30,31.9800,112714,108509,179405,169856,21892,68394,189925,52231,200436,10618,96922,6156,144527,35344,181398,126822,83022,233367,166038,203317,133861,109859,50035,225736,194610,220988,253385,116309,172900,214901
30,31.9800,112714,108509,179405,169856,21892,68394,189925,52231,200436,10618,96922,6156,144527,35344,181398,126822,83022,233367,166038,203317,133861,109859,50035,225736,194610,220988,253385,116309,172900,214901
30,31.9800,112714,108509,179405,169856,21892,68394,189925,52231,200436,10618,96922,6156,144527,35344,181398,126822,83022,233367,166038,203317,133861,109859,50035,225736,194610,220988,253385,116309,172900,214901
30,31.9800,112714,108509,179405,169856,21892,68394,189925,52231,200436,10618,96922,6156,144527,35344,181398,126822,83022,233367,166038,203317,133861,109859,50035,225736,194610,220988,253385,116309,172900,214901
30,31.9800,112714,108509,179405,169856,21892,68394,189925,52231,200436,10618,96922,6156,144527,35344,181398,126822,83022,233367,166038,203317,133861,109859,50035,225736,194610,220988,253385,116309,172900,214901
30,31.9800,112714,108509,179405,169856,21892,68394,189925,52231,200436,10618,96922,6156,144527,35344,181398,126822,83022,233367,166038,203317,133861,109859,50035,225736,194610,220988,253385,116309,172900,214901
30,31.9800,112714,108509,179405,169856,21892,68394,189925,52231,200436,10618,96922,6156,144527,35344,181398,126822,83022,233367,166038,203317,133861,109859,50035,225736,194610,220988,253385,116309,172900,214901
30,31.9800,112714,108509,179405,169856,21892,68394,189925,52231,200436,10618,96922,6156,144527,35344,181398,126822,83022,233367,166038,203317,133861,109859,50035,225736,194610,220988,253385,116309,172900,214901
30,31.9800,112714,108509,179405,169856,21892,68394,189925,52231,200436,10618,96922,6156,144527,35344,181398,126822,83022,233367,166038,203317,133861,109859,50035,225736,194610,220988,253385,116309,172900,214901
30,31.9800,112714,108509,179405,169856,21892,68394,189925,52231,200436,10618,96922,6156,144527,35344,181398,126822,83022,233367,166038,203317,133861,109859,50035,225736,194610,220988,253385,116309,172900,214901
30,31.9800,112714,108509,179405,169856,21892,68394,189925,52231,200436,10618,96922,6156,144527,35344,181398,126822,83022,233367,166038,203317,133861,109859,50035,225736,194610,220988,253385,116309,172900,214901
30,31.9800,112714,108509,179405,169856,21892,68394,189925,52231,200436,10618,96922,6156,144527,35344,181398,126822,83022,233367,166038,203317,133861,109859,50035,225736,194610,220988,253385,116309,172900,214901
30,31.9800,112714,108509,179405,169856,21892,68394,189925,52231,200436,10618,96922,6156,144527,35344,181398,126822,83022,233367,166038,203317,133861,109859,50035,225736,194610,220988,253385,116309,172900,214901
30,31.9800,112714,108509,179405,169856,21892,68394,189925,52231,200436,10618,96922,6156,144527,35344,181398,126822,83022,233367,166038,203317,133861,109859,50035,225736,194610,220988,253385,116309,172900,214901
30,31.9800,112714,108509,179405,169856,21892,68394,189925,52231,200436,10618,96922,6156,144527,35344,181398,126822,83022,233367,166038,203317,133861,109859,50035,225736,194610,220988,253385,116309,172900,214901
30,31.9800,112714,108509,179405,169856,21892,68394,189925,52231,200436,10618,96922,6156,144527,35344,181398,126822,83022,233367,166038,203317,133861,109859,50035,225736,194610,220988,253385,116309,172900,214901
30,31.9800,112714,108509,179405,169856,21892,68394,189925,52231,200436,10618,96922,6156,144527,35344,181398,126822,83022,233367,166038,203317,133861,109859,50035,225736,194610,220988,253385,116309,172900,214901
30,31.9800,112714,108509,179405,169856,21892,68394,189925,52231,200436,10618,96922,6156,144527,35344,181398,126822,83022,233367,166038,203317,133861,109859,50035,225736,194610,220988,253385,116309,172900,214901
30,31.9800,112714,108509,179405,169856,21892,68394,189925,52231,200436,10618,96922,6156,144527,35344,181398,126822,83022,233367,166038,203317,133861,109859,50035,225736,194610,220988,253385,116309,172900,214901
30,31.9800,112714,108509,179405,169856,21892,68394,189925,52231,200436,10618,96922,6156,144527,35344,181398,126822,83022,233367,166038,203317,133861,109859,50035,225736,194610,220988,253385,116309,172900,214901
30,31.9800,112714,108509,179405,169856,21892,68394,189925,52231,200436,10618,96922,6156,144527,35344,181398,126822,83022,233367,166038,203317,133861,109859,50035,225736,194610,220988,253385,116309,172900,214901
30,31.9800,112714,108509,179405,169856,21892,68394,189925,52231,200436,10618,96922,6156,144527,35344,181398,126822,83022,233367,166038,203317,133861,109859,50035,225736,194610,220988,253385,116309,172900,214901
30,31.9800,112714,108509,179405,169856,21892,68394,189925,52231,200436,10618,96922,6156,144527,35344,181398,126822,83022,233367,166038,203317,133861,109859,50035,225736,194610,220988,253385,116309,172900,214901
30,31.9800,112714,108509,179405,169856,21892,68394,189925,52231,200436,10618,96922,6156,144527,35344,181398,126822,83022,233367,166038,203317,133861,109859,50035,225736,194610,220988,253385,116309,172900,214901
30,31.9800,112714,108509,179405,169856,21892,68394,189925,52231,200436,10618,96922,6156,144527,35344,181398,126822,83022,233367,166038,203317,133861,109859,50035,225736,194610,220988,253385,116309,172900,214901
30,31.9800,112714,108509,179405,169856,21892,68394,189925,52231,200436,10618,96922,6156,144527,35344,181398,126822,83022,233367,166038,203317,133861,109859,50035,225736,194610,220988,253385,116309,172900,214901
30,31.9800,112714,108509,179405,169856,21892,68394,189925,52231,200436,10618,96922,6156,144527,35344,181398,126822,83022,233367,166038,203317,133861,109859,50035,225736,194610,220988,253385,116309,172900,214901
30,31.9800,112714,108509,179405,169856,21892,68394,189925,52231,200436,10618,96922,6156,144527,35344,181398,126822,83022,233367,166038,203317,133861,109859,50035,225736,194610,220988,253385,116309,172900,214901
30,31.9800,112714,108509,179405,169856,21892,68394,189925,52231,200436,10618,96922,6156,144527,35344,181398,126822,83022,233367,166038,203317,133861,109859,50035,225736,194610,220988,253385,116309,172900,214901
30,31.9800,112714,108509,179405,169856,21892,68394,189925,52231,200436,10618,96922,6156,144527,35344,181398,126822,83022,233367,166038,203317,133861,109859,50035,225736,194610,220988,253385,116309,172900,214901
30,31.9800,112714,108509,179405,169856,21892,68394,189925,52231,200436,10618,96922,6156,144527,35344,181398,126822,83022,233367,166038,203317,133861,109859,50035,225736,194610,220988,253385,116309,172900,214901
30,31.8300,112714,108509,179405,169856,21892,68394,189925,52231,200436,10618,96922,6156,144527,35344,181398,126822,83022,233367,166038,203317,133861,109859,50035,225736,194610,220988,253385,116309,172900,214901
30,31.8200,112714,108509,179405,169856,21892,68394,189925,52231,200436,10618,96922,6156,144527,35344,181398,126822,83022,233367,166038,203317,133861,109859,50035,225736,194610,220988,253385,116309,172900,214901
30,31.7700,112714,108509,179405,169856,21892,68394,189925,52231,200436,10618,96922,6156,144527,35344,181398,126822,83022,233367,166038,203317,133861,109859,50035,225736,194610,220988,253385,116309,172900,214901
30,31.7000,112714,108509,179405,169856,21892,68394,189925,52231,200436,10618,96922,6156,144527,35344,181398,126822,83022,233367,166038,203317,133861,109859,50035,225736,194610,220988,253385,116309,172900,214901
30,31.6900,169856,21892,52231,6156,144527,35344,181398,233367,166038,96922,109859,222939,194610,203317,220988,225736,253385,112714,179405,83022,116309,108509,172900,189925,126822,133861,50035,200436,214901,10618
30,31.6800,169856,21892,52231,6156,144527,35344,181398,233367,166038,96922,109859,68394,194610,203317,220988,225736,259375,112714,179405,83022,116309,108509,172900,189925,126822,133861,50035,200436,214901,10618
30,31.6700,112714,108509,179405,169856,21892,68394,189925,52231,200436,10618,96922,6156,144527,35344,181398,126822,83022,233367,166038,203317,133861,109859,50035,225736,194610,220988,253385,116309,172900,214901
30,31.6700,112714,108509,179405,169856,21892,68394,189925,52231,200436,10618,96922,6156,144527,35344,181398,126822,83022,233367,166038,203317,133861,109859,50035,225736,194610,220988,253385,116309,172900,214901
30,31.6700,112714,108509,179405,169856,21892,68394,189925,52231,200436,10618,96922,6156,144527,35344,181398,126822,83022,233367,166038,203317,133861,109859,50035,225736,194610,220988,253385,116309,172900,214901
30,31.6600,169856,21892,52231,6156,144527,35344,181398,17641,166038,96922,109859,68394,194610,203317,220988,225736,253385,112714,179405,83022,116309,108509,172900,189925,126822,133861,50035,200436,214901,10618
30,31.6600,112714,108509,179405,169856,21892,68394,189925,52231,200436,10618,96922,6156,144527,35344,181398,126822,83022,233367,166038,203317,133861,109859,50035,225736,194610,220988,253385,116309,172900,214901
30,31.6300,112714,108509,179405,169856,21892,68394,189925,52231,200436,10618,96922,6156,144527,35344,181398,126822,83022,233367,166038,203317,133861,109859,50035,225736,194610,220988,253385,116309,172900,214901
30,31.6300,112714,108509,179405,169856,21892,68394,189925,52231,200436,10618,96922,6156,144527,35344,181398,126822,83022,233367,166038,203317,133861,109859,50035,225736,194610,220988,253385,116309,172900,214901
30,31.6200,112714,108509,179405,169856,21892,68394,189925,52231,200436,10618,96922,6156,144527,35344,181398,126822,83022,233367,166038,203317,133861,109859,50035,225736,194610,220988,253385,116309,172900,214901
30,31.6100,112714,108509,179405,169856,21892,68394,189925,52231,200436,10618,96922,6156,144527,35344,181398,126822,83022,233367,166038,203317,133861,109859,50035,225736,194610,220988,253385,116309,172900,214901
30,31.6000,112714,108509,179405,169856,21892,68394,189925,52231,200436,10618,96922,6156,144527,35344,181398,126822,83022,233367,166038,203317,133861,109859,50035,225736,194610,220988,253385,116309,172900,214901
30,31.6000,169856,21892,52231,6156,144527,35344,181398,233367,166038,190618,109859,68394,194610,203317,220988,225736,253385,112714,179405,83022,116309,108509,172900,189925,126822,133861,50035,200436,214901,10618
30,31.6000,112714,108509,179405,169856,21892,68394,189925,52231,200436,10618,96922,6156,144527,35344,181398,126822,83022,233367,166038,203317,133861,109859,50035,225736,194610,220988,253385,116309,172900,214901
30,31.5900,169856,21892,52231,6156,144527,35344,181398,233367,166038,96922,109859,68394,194610,203317,220988,11110,253385,112714,179405,83022,116309,108509,172900,189925,126822,133861,50035,200436,214901,10618
30,31.5900,112714,108509,179405,169856,21892,68394,189925,52231,200436,10618,96922,6156,144527,35344,181398,126822,83022,233367,166038,203317,133861,109859,50035,225736,194610,220988,253385,116309,172900,214901
30,31.5800,112714,108509,179405,169856,21892,68394,189925,52231,200436,10618,96922,6156,144527,35344,181398,126822,83022,233367,166038,203317,133861,109859,50035,225736,194610,220988,253385,116309,172900,214901
30,31.5700,112714,108509,179405,169856,21892,68394,189925,52231,200436,10618,96922,6156,144527,35344,181398,126822,83022,233367,166038,203317,133861,109859,50035,225736,194610,220988,253385,116309,172900,214901
30,31.5700,112714,108509,179405,169856,21892,68394,189925,52231,200436,10618,96922,6156,144527,35344,181398,126822,83022,233367,166038,203317,133861,109859,50035,225736,194610,220988,253385,116309,172900,214901
30,31.5700,112714,108509,179405,169856,21892,68394,189925,52231,200436,10618,96922,6156,144527,35344,181398,126822,83022,233367,166038,203317,133861,109859,50035,225736,194610,220988,253385,116309,172900,214901
30,31.5600,112714,108509,179405,169856,21892,68394,189925,52231,200436,10618,96922,6156,144527,35344,181398,126822,83022,233367,166038,203317,133861,109859,50035,225736,194610,220988,253385,116309,172900,214901
30,31.5500,112714,108509,179405,169856,21892,68394,189925,52231,200436,10618,96922,6156,144527,35344,181398,126822,83022,233367,166038,203317,133861,109859,50035,225736,194610,220988,253385,116309,172900,214901
30,31.5400,112714,108509,179405,169856,21892,68394,189925,52231,200436,10618,96922,6156,144527,35344,181398,126822,83022,233367,166038,203317,133861,109859,50035,225736,194610,220988,253385,116309,172900,214901
30,31.5400,169856,21892,52231,6156,144527,35344,181398,233367,166038,96922,109859,68394,194610,203317,220988,225736,253385,112714,179405,83022,116309,108509,172900,189925,126822,133861,255068,200436,214901,10618
30,31.5400,112714,108509,179405,169856,21892,68394,189925,52231,200436,10618,96922,6156,144527,35344,181398,126822,83022,233367,166038,203317,133861,109859,50035,225736,194610,220988,253385,116309,172900,214901
30,31.5400,112714,108509,179405,169856,21892,68394,189925,52231,200436,10618,96922,6156,144527,35344,181398,126822,83022,233367,166038,203317,133861,109859,50035,225736,194610,220988,253385,116309,172900,214901
30,31.5400,112714,108509,179405,169856,21892,68394,189925,52231,200436,10618,96922,6156,144527,35344,181398,126822,83022,233367,166038,203317,133861,109859,50035,225736,194610,220988,253385,116309,172900,214901
30,31.5400,112714,108509,179405,169856,21892,68394,189925,52231,200436,10618,96922,6156,144527,35344,181398,126822,83022,233367,166038,203317,133861,109859,50035,225736,194610,220988,253385,116309,172900,214901
30,31.5300,169856,21892,52231,6156,144527,35344,181398,233367,166038,162349,109859,68394,194610,203317,220988,225736,253385,112714,179405,83022,116309,108509,172900,189925,126822,133861,50035,200436,214901,10618
30,31.5300,112714,108509,179405,169856,21892,68394,189925,52231,200436,10618,96922,6156,144527,35344,181398,126822,83022,233367,166038,203317,133861,109859,50035,225736,194610,220988,253385,116309,172900,214901
30,31.5200,112714,108509,179405,169856,21892,68394,189925,52231,200436,10618,96922,6156,144527,35344,181398,126822,83022,233367,166038,203317,133861,109859,50035,225736,194610,220988,253385,116309,172900,214901
30,31.5200,112714,108509,179405,169856,21892,68394,189925,52231,200436,10618,96922,6156,144527,35344,181398,126822,83022,233367,166038,203317,133861,109859,50035,225736,194610,220988,253385,116309,172900,214901
30,31.4900,112714,108509,179405,169856,21892,68394,189925,52231,200436,10618,96922,6156,144527,35344,181398,126822,83022,233367,166038,203317,133861,109859,50035,225736,194610,220988,253385,116309,172900,214901
30,31.4900,112714,108509,179405,169856,21892,68394,189925,52231,200436,10618,96922,6156,144527,35344,181398,126822,83022,233367,166038,203317,133861,109859,50035,225736,194610,220988,253385,116309,172900,214901
30,31.4700,112714,108509,179405,169856,21892,68394,189925,52231,200436,10618,96922,6156,144527,35344,181398,126822,83022,233367,166038,203317,133861,109859,50035,225736,194610,220988,253385,116309,172900,214901
30,31.4700,112714,108509,179405,169856,21892,68394,189925,52231,200436,10618,96922,6156,144527,35344,181398,126822,83022,233367,166038,203317,133861,109859,50035,225736,194610,220988,253385,116309,172900,214901
30,31.4700,169856,21892,52231,6156,144527,35344,181398,233367,166038,96922,109859,68394,194610,203317,220988,225736,253385,112714,179405,83022,116309,108509,172900,189925,126822,133861,50035,200436,213608,10618
30,31.4700,112714,108509,179405,169856,21892,68394,189925,52231,200436,10618,96922,6156,144527,35344,181398,126822,83022,233367,166038,203317,133861,109859,50035,225736,194610,220988,253385,116309,172900,214901
30,31.4700,112714,108509,179405,169856,21892,68394,189925,52231,200436,10618,96922,6156,144527,35344,181398,126822,83022,233367,166038,203317,133861,109859,50035,225736,194610,220988,253385,116309,172900,214901
30,31.4500,112714,108509,179405,169856,21892,68394,189925,52231,200436,10618,96922,6156,144527,35344,181398,126822,83022,233367,166038,203317,133861,109859,50035,225736,194610,220988,253385,116309,172900,214901
30,31.4500,112714,108509,179405,169856,21892,68394,189925,52231,200436,10618,96922,6156,144527,35344,181398,126822,83022,233367,166038,203317,133861,109859,50035,225736,194610,220988,253385,116309,172900,214901
30,31.4400,112714,108509,179405,169856,21892,68394,189925,52231,200436,10618,96922,6156,144527,35344,181398,126822,83022,233367,166038,203317,133861,109859,50035,225736,194610,220988,253385,116309,172900,214901
30,31.4400,112714,108509,179405,169856,21892,68394,189925,52231,200436,10618,96922,6156,144527,35344,181398,126822,83022,233367,166038,203317,133861,109859,50035,225736,194610,220988,253385,116309,172900,214901
30,31.4400,112714,108509,259375,179405,169856,21892,189925,52231,200436,10618,6156,68394,144527,35344,181398,233367,166038,126822,96922,109859,194610,83022,133861,203317,50035,220988,225736,116309,172900,214901
30,31.4200,169856,21892,52231,6156,144527,35344,181398,233367,166038,96922,109859,68394,37889,203317,220988,225736,253385,112714,179405,83022,116309,108509,172900,189925,126822,133861,50035,200436,214901,10618
30,31.4200,112714,108509,179405,169856,21892,68394,189925,52231,200436,10618,96922,6156,144527,35344,181398,126822,83022,233367,166038,203317,133861,109859,50035,225736,194610,220988,253385,116309,172900,214901
30,31.4200,169856,21892,52231,6156,144527,35344,181398,233367,166038,96922,151317,68394,194610,203317,220988,225736,253385,112714,179405,83022,116309,108509,172900,189925,126822,133861,50035,200436,214901,10618
