n_nodes,influence,n0,n1,n2,n3,n4,n5,n6,n7,n8,n9
10,17.7900,159266,250660,128848,252747,2445,118677,4375,96377,76988,233245
10,17.7900,159266,250660,128848,252747,2445,118677,4375,96377,76988,233245
10,17.6900,197877,250660,163877,252747,2445,118677,4375,96377,76988,233245
10,17.6900,197877,250660,163877,252747,2445,118677,4375,96377,76988,233245
10,17.6900,197877,250660,163877,252747,2445,118677,4375,96377,76988,233245
10,17.6900,197877,250660,163877,252747,2445,118677,4375,96377,76988,233245
10,17.6900,197877,250660,163877,252747,2445,118677,4375,96377,76988,233245
10,17.6900,197877,250660,163877,252747,2445,118677,4375,96377,76988,233245
10,17.6600,4375,159266,118677,2445,250660,233245,96377,163877,76988,252747
10,17.6600,4375,159266,118677,2445,250660,233245,96377,163877,76988,252747
10,17.6600,4375,159266,118677,2445,250660,233245,96377,163877,76988,252747
10,17.6600,4375,159266,118677,2445,250660,233245,96377,163877,76988,252747
10,17.6600,4375,159266,118677,2445,250660,233245,96377,163877,76988,252747
10,17.6600,4375,159266,118677,2445,250660,233245,96377,163877,76988,252747
10,17.6600,4375,159266,118677,2445,250660,233245,96377,163877,76988,252747
10,17.6600,4375,159266,118677,2445,250660,233245,96377,163877,76988,252747
