num_genrations,diversity,improvement,best_fitness
0,0.9998655913978495,0,26.22
1,0.8869623655913978,0.0,26.22
0,0.9998655913978495,0,26.22
2,0.8958333333333334,0.01754385964912284,26.68
1,0.8869623655913978,0.0,26.22
3,0.8405913978494624,0.0,26.68
2,0.8958333333333334,0.01754385964912284,26.68
4,0.8185483870967742,0.0,26.68
3,0.8405913978494624,0.0,26.68
5,0.7376344086021506,0.0,26.68
6,0.5388440860215054,0.0,26.68
4,0.8185483870967742,0.0,26.68
5,0.7376344086021506,0.0,26.68
7,0.22580645161290325,0.0,26.68
6,0.5388440860215054,0.0,26.68
8,0.0,0.0,26.68
9,0.0,0.0,26.68
7,0.22580645161290325,0.0,26.68
10,0.0,0.0,26.68
8,0.0,0.0,26.68
9,0.0,0.0,26.68
10,0.0,0.0,26.68
