n_nodes,influence,n0,n1,n2,n3,n4,n5,n6,n7,n8,n9,n10,n11,n12,n13,n14
15,26.6800,29891,93962,148618,11532,45452,119086,162031,168209,227090,251253,95573,110687,178299,224221,60190
15,26.6800,29891,93962,148618,11532,45452,119086,162031,168209,227090,251253,95573,110687,178299,224221,60190
15,26.6800,29891,93962,148618,11532,45452,119086,162031,168209,227090,251253,95573,110687,178299,224221,60190
15,26.6800,29891,93962,148618,11532,45452,119086,162031,168209,227090,251253,95573,110687,178299,224221,60190
15,26.6800,29891,93962,148618,11532,45452,119086,162031,168209,227090,251253,95573,110687,178299,224221,60190
15,26.6800,29891,93962,148618,11532,45452,119086,162031,168209,227090,251253,95573,110687,178299,224221,60190
15,26.6800,29891,93962,148618,11532,45452,119086,162031,168209,227090,251253,95573,110687,178299,224221,60190
15,26.6800,29891,93962,148618,11532,45452,119086,162031,168209,227090,251253,95573,110687,178299,224221,60190
15,26.6800,29891,93962,148618,11532,45452,119086,162031,168209,227090,251253,95573,110687,178299,224221,60190
15,26.6800,29891,93962,148618,11532,45452,119086,162031,168209,227090,251253,95573,110687,178299,224221,60190
15,26.6800,29891,93962,148618,11532,45452,119086,162031,168209,227090,251253,95573,110687,178299,224221,60190
15,26.6800,29891,93962,148618,11532,45452,119086,162031,168209,227090,251253,95573,110687,178299,224221,60190
15,26.6800,29891,93962,148618,11532,45452,119086,162031,168209,227090,251253,95573,110687,178299,224221,60190
15,26.6800,29891,93962,148618,11532,45452,119086,162031,168209,227090,251253,95573,110687,178299,224221,60190
15,26.6800,29891,93962,148618,11532,45452,119086,162031,168209,227090,251253,95573,110687,178299,224221,60190
15,26.6800,29891,93962,148618,11532,45452,119086,162031,168209,227090,251253,95573,110687,178299,224221,60190
15,26.6800,29891,93962,148618,11532,45452,119086,162031,168209,227090,251253,95573,110687,178299,224221,60190
15,26.6800,29891,93962,148618,11532,45452,119086,162031,168209,227090,251253,95573,110687,178299,224221,60190
15,26.6800,29891,93962,148618,11532,45452,119086,162031,168209,227090,251253,95573,110687,178299,224221,60190
15,26.6800,29891,93962,148618,11532,45452,119086,162031,168209,227090,251253,95573,110687,178299,224221,60190
15,26.6800,29891,93962,148618,11532,45452,119086,162031,168209,227090,251253,95573,110687,178299,224221,60190
15,26.6800,29891,93962,148618,11532,45452,119086,162031,168209,227090,251253,95573,110687,178299,224221,60190
15,26.6800,29891,93962,148618,11532,45452,119086,162031,168209,227090,251253,95573,110687,178299,224221,60190
15,26.6800,29891,93962,148618,11532,45452,119086,162031,168209,227090,251253,95573,110687,178299,224221,60190
15,26.6800,29891,93962,148618,11532,45452,119086,162031,168209,227090,251253,95573,110687,178299,224221,60190
15,26.6800,29891,93962,148618,11532,45452,119086,162031,168209,227090,251253,95573,110687,178299,224221,60190
15,26.6800,29891,93962,148618,11532,45452,119086,162031,168209,227090,251253,95573,110687,178299,224221,60190
15,26.6800,29891,93962,148618,11532,45452,119086,162031,168209,227090,251253,95573,110687,178299,224221,60190
15,26.6800,29891,93962,148618,11532,45452,119086,162031,168209,227090,251253,95573,110687,178299,224221,60190
15,26.6800,29891,93962,148618,11532,45452,119086,162031,168209,227090,251253,95573,110687,178299,224221,60190
15,26.6800,29891,93962,148618,11532,45452,119086,162031,168209,227090,251253,95573,110687,178299,224221,60190
15,26.6800,29891,93962,148618,11532,45452,119086,162031,168209,227090,251253,95573,110687,178299,224221,60190
