generation number, individual number, fitness, candidate
0, 0, 10.38, [256, 259]
0, 1, 8.89, [300, 876]
0, 2, 7.43, [91, 2596]
0, 3, 6.88, [226, 1811]
0, 4, 6.45, [303, 2593]
0, 5, 6.02, [2515, 3135]
0, 6, 5.89, [2765, 2514]
0, 7, 5.66, [266, 285]
0, 8, 5.24, [3135, 303]
0, 9, 4.6, [2065, 240]
1, 0, 13.86, [256, 269]
1, 1, 13.39, [2515, 277]
1, 2, 10.38, [264, 259]
1, 3, 10.38, [256, 259]
1, 4, 9.72, [300, 2514]
1, 5, 8.89, [300, 876]
1, 6, 8.88, [256, 2595]
1, 7, 7.67, [874, 260]
1, 8, 7.38, [91, 280]
1, 9, 7.0, [256, 2764]
2, 0, 14.31, [335, 277]
2, 1, 13.86, [256, 269]
2, 2, 13.39, [2515, 277]
2, 3, 13.13, [2525, 269]
2, 4, 12.85, [302, 277]
2, 5, 8.06, [343, 259]
2, 6, 6.94, [1086, 1095]
2, 7, 6.28, [264, 191]
2, 8, 6.17, [2525, 263]
2, 9, 5.64, [2515, 2527]
3, 0, 19.3, [269, 277]
3, 1, 16.25, [256, 295]
3, 2, 14.74, [1080, 269]
3, 3, 14.52, [226, 269]
3, 4, 14.31, [335, 277]
3, 5, 14.14, [226, 269]
3, 6, 13.86, [256, 269]
3, 7, 12.96, [2525, 269]
3, 8, 10.49, [256, 300]
3, 9, 10.29, [256, 300]
4, 0, 19.3, [269, 277]
4, 1, 19.23, [1086, 295]
4, 2, 16.25, [256, 295]
4, 3, 14.77, [269, 302]
4, 4, 13.69, [269, 2514]
4, 5, 11.15, [343, 269]
4, 6, 7.31, [874, 222]
4, 7, 6.0, [256, 303]
4, 8, 5.72, [2156, 615]
4, 9, 5.17, [226, 2156]
5, 0, 19.3, [269, 277]
5, 1, 19.23, [1086, 295]
5, 2, 8.45, [2512, 534]
5, 3, 8.3, [103, 2765]
5, 4, 7.58, [2599, 2593]
5, 5, 7.56, [1088, 303]
5, 6, 7.44, [1086, 2514]
5, 7, 4.43, [283, 343]
5, 8, 2.95, [102, 301]
5, 9, 2.0, [76, 343]
6, 0, 19.3, [269, 277]
6, 1, 19.23, [1086, 295]
6, 2, 14.35, [269, 103]
6, 3, 13.82, [269, 103]
6, 4, 13.66, [2512, 77]
6, 5, 10.95, [2532, 277]
6, 6, 8.44, [2512, 2770]
6, 7, 8.04, [220, 265]
6, 8, 7.9, [301, 2595]
6, 9, 7.22, [380, 285]
7, 0, 19.3, [269, 277]
7, 1, 19.23, [1086, 295]
7, 2, 17.42, [288, 295]
7, 3, 15.41, [269, 2595]
7, 4, 14.93, [380, 277]
7, 5, 14.3, [1086, 269]
7, 6, 13.8, [2596, 277]
7, 7, 9.0, [103, 263]
7, 8, 8.66, [154, 874]
7, 9, 4.29, [2950, 240]
8, 0, 19.3, [269, 277]
8, 1, 19.23, [1086, 295]
8, 2, 18.11, [285, 295]
8, 3, 14.97, [2513, 269]
8, 4, 13.33, [269, 283]
8, 5, 13.27, [2514, 277]
8, 6, 12.57, [269, 283]
8, 7, 11.68, [1086, 77]
8, 8, 11.57, [541, 277]
8, 9, 8.95, [3155, 2599]
9, 0, 19.3, [269, 277]
9, 1, 19.23, [1086, 295]
9, 2, 18.61, [2512, 295]
9, 3, 18.61, [2512, 295]
9, 4, 14.93, [269, 250]
9, 5, 14.83, [3155, 269]
9, 6, 11.14, [1087, 277]
9, 7, 6.99, [285, 615]
9, 8, 6.76, [1088, 4602]
9, 9, 5.59, [288, 343]
10, 0, 20.19, [2711, 295]
10, 1, 19.3, [269, 277]
10, 2, 19.23, [1086, 295]
10, 3, 18.66, [2512, 295]
10, 4, 15.18, [269, 250]
10, 5, 15.07, [269, 2513]
10, 6, 14.38, [1088, 277]
10, 7, 12.65, [2513, 77]
10, 8, 12.59, [2512, 77]
10, 9, 10.73, [269, 316]
11, 0, 20.19, [2711, 295]
11, 1, 19.3, [269, 277]
11, 2, 17.98, [2770, 295]
11, 3, 17.13, [1087, 295]
11, 4, 13.35, [269, 2530]
11, 5, 8.49, [104, 103]
11, 6, 8.29, [2711, 283]
11, 7, 7.28, [3135, 874]
11, 8, 6.85, [534, 91]
11, 9, 6.11, [1086, 278]
12, 0, 20.19, [2711, 295]
12, 1, 19.3, [269, 277]
12, 2, 16.31, [335, 295]
12, 3, 13.68, [285, 277]
12, 4, 12.32, [269, 283]
12, 5, 9.95, [103, 226]
12, 6, 8.63, [1811, 283]
12, 7, 8.53, [154, 874]
12, 8, 8.38, [2595, 159]
12, 9, 5.98, [4849, 256]
13, 0, 20.19, [2711, 295]
13, 1, 19.3, [269, 277]
13, 2, 18.81, [2065, 295]
13, 3, 17.42, [2712, 295]
13, 4, 16.07, [2156, 295]
13, 5, 14.72, [226, 277]
13, 6, 13.54, [104, 277]
13, 7, 9.34, [279, 154]
13, 8, 7.62, [285, 103]
13, 9, 7.6, [2712, 159]
14, 0, 20.24, [2711, 295]
14, 1, 20.19, [2711, 295]
14, 2, 19.3, [269, 277]
14, 3, 18.76, [2950, 295]
14, 4, 17.86, [3716, 295]
14, 5, 17.71, [285, 295]
14, 6, 8.62, [874, 91]
14, 7, 7.94, [2711, 291]
14, 8, 7.32, [1811, 616]
14, 9, 7.03, [2065, 303]
15, 0, 20.24, [2711, 295]
15, 1, 20.19, [2711, 295]
15, 2, 15.16, [269, 2513]
15, 3, 14.56, [269, 2514]
15, 4, 12.93, [2065, 277]
15, 5, 11.7, [3135, 277]
15, 6, 7.55, [380, 283]
15, 7, 7.45, [2711, 876]
15, 8, 6.76, [2711, 191]
15, 9, 5.88, [876, 256]
16, 0, 20.24, [2711, 295]
16, 1, 20.19, [2711, 295]
16, 2, 18.71, [2065, 295]
16, 3, 17.75, [3135, 295]
16, 4, 10.34, [2711, 2513]
16, 5, 9.32, [264, 279]
16, 6, 6.12, [240, 2513]
16, 7, 4.73, [541, 4849]
16, 8, 4.2, [2950, 149]
16, 9, 3.63, [76, 261]
17, 0, 20.24, [2711, 295]
17, 1, 20.19, [2711, 295]
17, 2, 20.04, [2711, 295]
17, 3, 16.47, [256, 295]
17, 4, 9.92, [1095, 1811]
17, 5, 8.15, [1088, 2525]
17, 6, 7.36, [541, 250]
17, 7, 6.73, [103, 616]
17, 8, 5.9, [1811, 2712]
17, 9, 4.72, [256, 616]
18, 0, 20.24, [2711, 295]
18, 1, 20.19, [2711, 295]
18, 2, 16.11, [149, 295]
18, 3, 10.08, [81, 2513]
18, 4, 9.68, [77, 4602]
18, 5, 8.41, [2711, 226]
18, 6, 7.11, [3135, 380]
18, 7, 6.22, [2593, 558]
18, 8, 6.06, [278, 1086]
18, 9, 5.63, [2065, 2765]
19, 0, 20.24, [2711, 295]
19, 1, 20.19, [2711, 295]
19, 2, 17.53, [541, 295]
19, 3, 17.46, [541, 295]
19, 4, 17.34, [3135, 295]
19, 5, 13.69, [2593, 277]
19, 6, 10.47, [2711, 2512]
19, 7, 8.37, [91, 209]
19, 8, 6.72, [149, 2595]
19, 9, 6.5, [149, 2512]
20, 0, 20.24, [2711, 295]
20, 1, 20.19, [2711, 295]
20, 2, 11.99, [2711, 103]
20, 3, 11.34, [277, 1069]
20, 4, 9.35, [91, 250]
20, 5, 8.01, [2514, 2593]
20, 6, 7.77, [1811, 278]
20, 7, 7.04, [256, 303]
20, 8, 6.99, [209, 283]
20, 9, 6.62, [209, 876]
21, 0, 21.45, [77, 295]
21, 1, 20.24, [2711, 295]
21, 2, 20.19, [2711, 295]
21, 3, 19.17, [295, 154]
21, 4, 17.88, [3135, 295]
21, 5, 17.54, [2764, 295]
21, 6, 16.51, [102, 295]
21, 7, 10.05, [2711, 250]
21, 8, 8.33, [2574, 103]
21, 9, 7.62, [3135, 250]
22, 0, 21.45, [77, 295]
22, 1, 20.28, [295, 159]
22, 2, 20.24, [2711, 295]
22, 3, 18.6, [2065, 295]
22, 4, 17.6, [263, 295]
22, 5, 15.74, [616, 295]
22, 6, 11.91, [77, 209]
22, 7, 10.01, [154, 259]
22, 8, 7.9, [2711, 280]
22, 9, 7.49, [2711, 876]
23, 0, 21.45, [77, 295]
23, 1, 20.28, [295, 159]
23, 2, 19.34, [295, 91]
23, 3, 18.57, [295, 209]
23, 4, 17.37, [295, 622]
23, 5, 10.78, [77, 283]
23, 6, 9.34, [297, 1811]
23, 7, 9.08, [159, 98]
23, 8, 9.04, [193, 81]
23, 9, 6.61, [2950, 558]
24, 0, 24.85, [269, 295]
24, 1, 21.45, [77, 295]
24, 2, 20.28, [295, 159]
24, 3, 17.08, [274, 295]
24, 4, 16.01, [76, 295]
24, 5, 12.05, [264, 277]
24, 6, 10.36, [269, 273]
24, 7, 7.78, [2513, 256]
24, 8, 5.31, [76, 2514]
24, 9, 5.13, [265, 537]
25, 0, 24.85, [269, 295]
25, 1, 21.45, [77, 295]
25, 2, 17.87, [2764, 295]
25, 3, 14.79, [295, 316]
25, 4, 8.62, [98, 2767]
25, 5, 8.56, [297, 1088]
25, 6, 6.4, [4602, 1080]
25, 7, 6.23, [534, 2599]
25, 8, 6.04, [3716, 222]
25, 9, 6.0, [102, 193]
26, 0, 24.85, [269, 295]
26, 1, 21.45, [77, 295]
26, 2, 17.64, [295, 541]
26, 3, 17.52, [541, 295]
26, 4, 17.0, [77, 269]
26, 5, 13.62, [269, 103]
26, 6, 10.15, [1088, 2513]
26, 7, 10.01, [91, 1811]
26, 8, 8.71, [1080, 159]
26, 9, 7.81, [279, 316]
27, 0, 24.85, [269, 295]
27, 1, 21.45, [77, 295]
27, 2, 20.98, [295, 2595]
27, 3, 16.99, [295, 622]
27, 4, 14.62, [269, 250]
27, 5, 12.96, [269, 609]
27, 6, 10.95, [2597, 2512]
27, 7, 8.69, [159, 226]
27, 8, 8.09, [91, 2514]
27, 9, 5.73, [285, 264]
28, 0, 24.85, [269, 295]
28, 1, 21.45, [77, 295]
28, 2, 18.53, [266, 295]
28, 3, 17.54, [2764, 295]
28, 4, 15.96, [76, 295]
28, 5, 11.13, [77, 283]
28, 6, 9.93, [279, 2596]
28, 7, 9.85, [279, 285]
28, 8, 7.41, [303, 874]
28, 9, 4.83, [2767, 273]
29, 0, 24.85, [269, 295]
29, 1, 21.45, [77, 295]
29, 2, 18.7, [291, 295]
29, 3, 17.4, [301, 295]
29, 4, 10.81, [874, 1811]
29, 5, 9.21, [3135, 103]
29, 6, 8.24, [77, 316]
29, 7, 6.99, [193, 2527]
29, 8, 6.0, [240, 220]
29, 9, 5.29, [266, 876]
30, 0, 24.85, [269, 295]
30, 1, 21.45, [77, 295]
30, 2, 18.16, [265, 295]
30, 3, 17.48, [622, 295]
30, 4, 10.54, [279, 209]
30, 5, 10.48, [2595, 250]
30, 6, 7.99, [280, 2597]
30, 7, 7.34, [541, 250]
30, 8, 6.99, [288, 274]
30, 9, 6.9, [297, 266]
31, 0, 24.85, [269, 295]
31, 1, 21.45, [77, 295]
31, 2, 18.73, [2593, 295]
31, 3, 17.43, [2525, 295]
31, 4, 14.35, [269, 2514]
31, 5, 11.19, [77, 2593]
31, 6, 7.39, [285, 302]
31, 7, 7.38, [265, 2595]
31, 8, 7.05, [159, 1087]
31, 9, 6.36, [2513, 2525]
32, 0, 24.85, [269, 295]
32, 1, 21.45, [77, 295]
32, 2, 19.91, [295, 91]
32, 3, 17.51, [265, 295]
32, 4, 15.9, [244, 295]
32, 5, 14.23, [77, 1811]
32, 6, 14.13, [269, 279]
32, 7, 11.02, [269, 3334]
32, 8, 8.71, [103, 278]
32, 9, 6.47, [264, 2515]
33, 0, 24.85, [269, 295]
33, 1, 21.45, [77, 295]
33, 2, 17.81, [265, 295]
33, 3, 9.98, [302, 2512]
33, 4, 8.44, [2764, 2597]
33, 5, 8.42, [279, 2762]
33, 6, 7.18, [2514, 2515]
33, 7, 6.54, [343, 2595]
33, 8, 5.74, [288, 609]
33, 9, 5.57, [2596, 622]
34, 0, 24.85, [269, 295]
34, 1, 21.45, [77, 295]
34, 2, 14.54, [269, 874]
34, 3, 12.58, [77, 615]
34, 4, 11.69, [269, 4602]
34, 5, 10.17, [1082, 2512]
34, 6, 6.83, [259, 616]
34, 7, 6.7, [4849, 874]
34, 8, 5.96, [191, 291]
34, 9, 5.43, [265, 1087]
35, 0, 24.85, [269, 295]
35, 1, 21.45, [77, 295]
35, 2, 17.14, [274, 295]
35, 3, 15.38, [269, 2513]
35, 4, 13.85, [269, 279]
35, 5, 12.71, [269, 283]
35, 6, 11.71, [269, 622]
35, 7, 10.98, [77, 2767]
35, 8, 10.94, [77, 2767]
35, 9, 8.49, [77, 316]
36, 0, 24.85, [269, 295]
36, 1, 21.45, [77, 295]
36, 2, 19.96, [2711, 295]
36, 3, 18.9, [269, 277]
36, 4, 11.32, [274, 259]
36, 5, 10.21, [77, 1087]
36, 6, 9.19, [279, 296]
36, 7, 7.53, [1095, 2065]
36, 8, 7.23, [1088, 278]
36, 9, 6.6, [622, 159]
37, 0, 24.85, [269, 295]
37, 1, 21.45, [77, 295]
37, 2, 19.82, [159, 295]
37, 3, 18.03, [288, 295]
37, 4, 12.87, [77, 2711]
37, 5, 10.87, [77, 534]
37, 6, 10.51, [269, 343]
37, 7, 10.05, [266, 259]
37, 8, 8.91, [288, 1811]
37, 9, 8.82, [2711, 81]
38, 0, 24.85, [269, 295]
38, 1, 21.45, [77, 295]
38, 2, 18.21, [222, 295]
38, 3, 17.66, [265, 295]
38, 4, 17.24, [274, 295]
38, 5, 11.63, [269, 622]
38, 6, 10.28, [2597, 220]
38, 7, 9.91, [1811, 2599]
38, 8, 6.5, [274, 297]
38, 9, 5.33, [1080, 316]
39, 0, 24.85, [269, 295]
39, 1, 21.45, [77, 295]
39, 2, 18.48, [295, 2599]
39, 3, 15.96, [219, 295]
39, 4, 10.12, [279, 2767]
39, 5, 7.66, [259, 541]
39, 6, 6.97, [240, 103]
39, 7, 6.8, [264, 280]
39, 8, 6.4, [222, 296]
39, 9, 5.84, [222, 622]
40, 0, 24.85, [269, 295]
40, 1, 21.45, [77, 295]
40, 2, 16.48, [295, 1069]
40, 3, 13.86, [77, 103]
40, 4, 10.69, [2593, 259]
40, 5, 8.17, [285, 2513]
40, 6, 7.77, [302, 2950]
40, 7, 7.39, [2764, 263]
40, 8, 7.09, [2711, 2527]
40, 9, 6.39, [2156, 2597]
41, 0, 24.85, [269, 295]
41, 1, 21.79, [279, 295]
41, 2, 21.45, [77, 295]
41, 3, 18.55, [2767, 295]
41, 4, 17.75, [2764, 295]
41, 5, 11.36, [103, 1088]
41, 6, 8.51, [279, 301]
41, 7, 7.77, [154, 2764]
41, 8, 6.25, [303, 2764]
41, 9, 6.14, [274, 283]
42, 0, 24.85, [269, 295]
42, 1, 21.79, [279, 295]
42, 2, 14.36, [269, 302]
42, 3, 13.33, [259, 103]
42, 4, 8.78, [2595, 280]
42, 5, 7.9, [259, 102]
42, 6, 7.41, [303, 226]
42, 7, 7.22, [260, 1095]
42, 8, 6.0, [191, 222]
42, 9, 5.05, [273, 226]
43, 0, 24.85, [269, 295]
43, 1, 21.79, [279, 295]
43, 2, 18.13, [296, 295]
43, 3, 17.2, [269, 259]
43, 4, 15.44, [269, 250]
43, 5, 12.91, [2156, 277]
43, 6, 9.47, [278, 103]
43, 7, 8.62, [279, 301]
43, 8, 7.85, [2950, 91]
43, 9, 7.44, [622, 193]
44, 0, 24.85, [269, 295]
44, 1, 21.79, [279, 295]
44, 2, 17.73, [3716, 295]
44, 3, 10.1, [259, 222]
44, 4, 10.07, [260, 259]
44, 5, 7.4, [265, 1082]
44, 6, 6.88, [288, 222]
44, 7, 6.14, [104, 2514]
44, 8, 6.0, [240, 2711]
44, 9, 5.94, [296, 2525]
45, 0, 24.85, [269, 295]
45, 1, 21.79, [279, 295]
45, 2, 19.61, [380, 295]
45, 3, 18.28, [285, 295]
45, 4, 17.1, [269, 77]
45, 5, 11.16, [269, 261]
45, 6, 10.11, [2596, 300]
45, 7, 9.65, [77, 541]
45, 8, 7.81, [285, 3155]
45, 9, 7.1, [380, 280]
46, 0, 24.85, [269, 295]
46, 1, 21.79, [279, 295]
46, 2, 19.6, [154, 295]
46, 3, 18.66, [285, 295]
46, 4, 13.11, [2525, 269]
46, 5, 10.18, [256, 103]
46, 6, 9.42, [259, 302]
46, 7, 8.51, [283, 2513]
46, 8, 6.75, [274, 265]
46, 9, 4.0, [222, 1069]
47, 0, 24.85, [269, 295]
47, 1, 21.79, [279, 295]
47, 2, 14.92, [1082, 269]
47, 3, 13.59, [269, 2770]
47, 4, 8.39, [98, 291]
47, 5, 7.58, [296, 91]
47, 6, 6.8, [609, 874]
47, 7, 5.4, [2156, 2513]
47, 8, 5.16, [81, 316]
47, 9, 4.16, [616, 283]
48, 0, 24.85, [269, 295]
48, 1, 21.79, [279, 295]
48, 2, 18.79, [2512, 295]
48, 3, 18.3, [260, 295]
48, 4, 16.19, [244, 295]
48, 5, 11.1, [1069, 269]
48, 6, 9.56, [1811, 263]
48, 7, 8.98, [260, 1811]
48, 8, 7.46, [103, 149]
48, 9, 6.0, [193, 343]
49, 0, 24.85, [269, 295]
49, 1, 21.79, [279, 295]
49, 2, 18.41, [266, 295]
49, 3, 16.65, [2156, 295]
49, 4, 8.48, [263, 103]
49, 5, 8.46, [2595, 264]
49, 6, 7.55, [263, 91]
49, 7, 7.38, [2512, 2513]
49, 8, 5.64, [264, 335]
49, 9, 4.92, [2532, 2514]
50, 0, 24.85, [269, 295]
50, 1, 21.79, [279, 295]
50, 2, 19.68, [1082, 295]
50, 3, 12.76, [104, 269]
50, 4, 11.45, [279, 2597]
50, 5, 11.28, [261, 269]
50, 6, 9.33, [279, 876]
50, 7, 8.47, [159, 1086]
50, 8, 6.47, [876, 2514]
50, 9, 6.31, [91, 301]
