n_nodes,influence,n0,n1,n2,n3,n4,n5,n6,n7,n8,n9,n10,n11,n12,n13,n14,n15,n16,n17,n18,n19,n20,n21,n22,n23,n24,n25,n26,n27,n28,n29
30,182.5100,66587,29530,202339,52990,229383,245127,200971,232716,68878,88606,242193,47377,22166,89880,241695,181964,88927,198905,31960,205232,96829,175556,35783,48457,33614,156029,73558,45663,35807,225762
30,182.5100,66587,29530,202339,52990,229383,245127,200971,232716,68878,88606,242193,47377,22166,89880,241695,181964,88927,198905,31960,205232,96829,175556,35783,48457,33614,156029,73558,45663,35807,225762
30,182.5100,66587,29530,202339,52990,229383,245127,200971,232716,68878,88606,242193,47377,22166,89880,241695,181964,88927,198905,31960,205232,96829,175556,35783,48457,33614,156029,73558,45663,35807,225762
30,182.5100,66587,29530,202339,52990,229383,245127,200971,232716,68878,88606,242193,47377,22166,89880,241695,181964,88927,198905,31960,205232,96829,175556,35783,48457,33614,156029,73558,45663,35807,225762
30,182.5100,66587,29530,202339,52990,229383,245127,200971,232716,68878,88606,242193,47377,22166,89880,241695,181964,88927,198905,31960,205232,96829,175556,35783,48457,33614,156029,73558,45663,35807,225762
30,182.5100,66587,29530,202339,52990,229383,245127,200971,232716,68878,88606,242193,47377,22166,89880,241695,181964,88927,198905,31960,205232,96829,175556,35783,48457,33614,156029,73558,45663,35807,225762
30,182.5100,66587,29530,202339,52990,229383,245127,200971,232716,68878,88606,242193,47377,22166,89880,241695,181964,88927,198905,31960,205232,96829,175556,35783,48457,33614,156029,73558,45663,35807,225762
30,182.5100,66587,29530,202339,52990,229383,245127,200971,232716,68878,88606,242193,47377,22166,89880,241695,181964,88927,198905,31960,205232,96829,175556,35783,48457,33614,156029,73558,45663,35807,225762
30,182.5100,66587,29530,202339,52990,229383,245127,200971,232716,68878,88606,242193,47377,22166,89880,241695,181964,88927,198905,31960,205232,96829,175556,35783,48457,33614,156029,73558,45663,35807,225762
30,182.5100,66587,29530,202339,52990,229383,245127,200971,232716,68878,88606,242193,47377,22166,89880,241695,181964,88927,198905,31960,205232,96829,175556,35783,48457,33614,156029,73558,45663,35807,225762
30,182.5100,66587,29530,202339,52990,229383,245127,200971,232716,68878,88606,242193,47377,22166,89880,241695,181964,88927,198905,31960,205232,96829,175556,35783,48457,33614,156029,73558,45663,35807,225762
30,182.5100,66587,29530,202339,52990,229383,245127,200971,232716,68878,88606,242193,47377,22166,89880,241695,181964,88927,198905,31960,205232,96829,175556,35783,48457,33614,156029,73558,45663,35807,225762
30,182.5100,66587,29530,202339,52990,229383,245127,200971,232716,68878,88606,242193,47377,22166,89880,241695,181964,88927,198905,31960,205232,96829,175556,35783,48457,33614,156029,73558,45663,35807,225762
30,182.5100,66587,29530,202339,52990,229383,245127,200971,232716,68878,88606,242193,47377,22166,89880,241695,181964,88927,198905,31960,205232,96829,175556,35783,48457,33614,156029,73558,45663,35807,225762
30,182.5100,66587,29530,202339,52990,229383,245127,200971,232716,68878,88606,242193,47377,22166,89880,241695,181964,88927,198905,31960,205232,96829,175556,35783,48457,33614,156029,73558,45663,35807,225762
30,182.5100,66587,29530,202339,52990,229383,245127,200971,232716,68878,88606,242193,47377,22166,89880,241695,181964,88927,198905,31960,205232,96829,175556,35783,48457,33614,156029,73558,45663,35807,225762
30,182.5100,66587,29530,202339,52990,229383,245127,200971,232716,68878,88606,242193,47377,22166,89880,241695,181964,88927,198905,31960,205232,96829,175556,35783,48457,33614,156029,73558,45663,35807,225762
30,182.5100,66587,29530,202339,52990,229383,245127,200971,232716,68878,88606,242193,47377,22166,89880,241695,181964,88927,198905,31960,205232,96829,175556,35783,48457,33614,156029,73558,45663,35807,225762
30,182.5100,66587,29530,202339,52990,229383,245127,200971,232716,68878,88606,242193,47377,22166,89880,241695,181964,88927,198905,31960,205232,96829,175556,35783,48457,33614,156029,73558,45663,35807,225762
30,182.5100,66587,29530,202339,52990,229383,245127,200971,232716,68878,88606,242193,47377,22166,89880,241695,181964,88927,198905,31960,205232,96829,175556,35783,48457,33614,156029,73558,45663,35807,225762
30,182.5100,66587,29530,202339,52990,229383,245127,200971,232716,68878,88606,242193,47377,22166,89880,241695,181964,88927,198905,31960,205232,96829,175556,35783,48457,33614,156029,73558,45663,35807,225762
30,182.5100,66587,29530,202339,52990,229383,245127,200971,232716,68878,88606,242193,47377,22166,89880,241695,181964,88927,198905,31960,205232,96829,175556,35783,48457,33614,156029,73558,45663,35807,225762
30,182.5100,66587,29530,202339,52990,229383,245127,200971,232716,68878,88606,242193,47377,22166,89880,241695,181964,88927,198905,31960,205232,96829,175556,35783,48457,33614,156029,73558,45663,35807,225762
30,182.5100,66587,29530,202339,52990,229383,245127,200971,232716,68878,88606,242193,47377,22166,89880,241695,181964,88927,198905,31960,205232,96829,175556,35783,48457,33614,156029,73558,45663,35807,225762
30,182.5100,66587,29530,202339,52990,229383,245127,200971,232716,68878,88606,242193,47377,22166,89880,241695,181964,88927,198905,31960,205232,96829,175556,35783,48457,33614,156029,73558,45663,35807,225762
30,182.5100,66587,29530,202339,52990,229383,245127,200971,232716,68878,88606,242193,47377,22166,89880,241695,181964,88927,198905,31960,205232,96829,175556,35783,48457,33614,156029,73558,45663,35807,225762
30,182.5100,66587,29530,202339,52990,229383,245127,200971,232716,68878,88606,242193,47377,22166,89880,241695,181964,88927,198905,31960,205232,96829,175556,35783,48457,33614,156029,73558,45663,35807,225762
30,182.5100,66587,29530,202339,52990,229383,245127,200971,232716,68878,88606,242193,47377,22166,89880,241695,181964,88927,198905,31960,205232,96829,175556,35783,48457,33614,156029,73558,45663,35807,225762
30,182.5100,66587,29530,202339,52990,229383,245127,200971,232716,68878,88606,242193,47377,22166,89880,241695,181964,88927,198905,31960,205232,96829,175556,35783,48457,33614,156029,73558,45663,35807,225762
30,182.5100,66587,29530,202339,52990,229383,245127,200971,232716,68878,88606,242193,47377,22166,89880,241695,181964,88927,198905,31960,205232,96829,175556,35783,48457,33614,156029,73558,45663,35807,225762
30,182.5100,66587,29530,202339,52990,229383,245127,200971,232716,68878,88606,242193,47377,22166,89880,241695,181964,88927,198905,31960,205232,96829,175556,35783,48457,33614,156029,73558,45663,35807,225762
30,182.5100,66587,29530,202339,52990,229383,245127,200971,232716,68878,88606,242193,47377,22166,89880,241695,181964,88927,198905,31960,205232,96829,175556,35783,48457,33614,156029,73558,45663,35807,225762
30,182.5100,66587,29530,202339,52990,229383,245127,200971,232716,68878,88606,242193,47377,22166,89880,241695,181964,88927,198905,31960,205232,96829,175556,35783,48457,33614,156029,73558,45663,35807,225762
30,182.5100,66587,29530,202339,52990,229383,245127,200971,232716,68878,88606,242193,47377,22166,89880,241695,181964,88927,198905,31960,205232,96829,175556,35783,48457,33614,156029,73558,45663,35807,225762
30,182.5100,66587,29530,202339,52990,229383,245127,200971,232716,68878,88606,242193,47377,22166,89880,241695,181964,88927,198905,31960,205232,96829,175556,35783,48457,33614,156029,73558,45663,35807,225762
30,182.5100,66587,29530,202339,52990,229383,245127,200971,232716,68878,88606,242193,47377,22166,89880,241695,181964,88927,198905,31960,205232,96829,175556,35783,48457,33614,156029,73558,45663,35807,225762
30,182.5100,66587,29530,202339,52990,229383,245127,200971,232716,68878,88606,242193,47377,22166,89880,241695,181964,88927,198905,31960,205232,96829,175556,35783,48457,33614,156029,73558,45663,35807,225762
30,182.5100,66587,29530,202339,52990,229383,245127,200971,232716,68878,88606,242193,47377,22166,89880,241695,181964,88927,198905,31960,205232,96829,175556,35783,48457,33614,156029,73558,45663,35807,225762
30,182.5100,66587,29530,202339,52990,229383,245127,200971,232716,68878,88606,242193,47377,22166,89880,241695,181964,88927,198905,31960,205232,96829,175556,35783,48457,33614,156029,73558,45663,35807,225762
30,182.5100,66587,29530,202339,52990,229383,245127,200971,232716,68878,88606,242193,47377,22166,89880,241695,181964,88927,198905,31960,205232,96829,175556,35783,48457,33614,156029,73558,45663,35807,225762
30,182.5100,66587,29530,202339,52990,229383,245127,200971,232716,68878,88606,242193,47377,22166,89880,241695,181964,88927,198905,31960,205232,96829,175556,35783,48457,33614,156029,73558,45663,35807,225762
30,182.5100,66587,29530,202339,52990,229383,245127,200971,232716,68878,88606,242193,47377,22166,89880,241695,181964,88927,198905,31960,205232,96829,175556,35783,48457,33614,156029,73558,45663,35807,225762
30,182.5100,66587,29530,202339,52990,229383,245127,200971,232716,68878,88606,242193,47377,22166,89880,241695,181964,88927,198905,31960,205232,96829,175556,35783,48457,33614,156029,73558,45663,35807,225762
30,182.5100,66587,29530,202339,52990,229383,245127,200971,232716,68878,88606,242193,47377,22166,89880,241695,181964,88927,198905,31960,205232,96829,175556,35783,48457,33614,156029,73558,45663,35807,225762
30,182.5100,66587,29530,202339,52990,229383,245127,200971,232716,68878,88606,242193,47377,22166,89880,241695,181964,88927,198905,31960,205232,96829,175556,35783,48457,33614,156029,73558,45663,35807,225762
30,182.5100,66587,29530,202339,52990,229383,245127,200971,232716,68878,88606,242193,47377,22166,89880,241695,181964,88927,198905,31960,205232,96829,175556,35783,48457,33614,156029,73558,45663,35807,225762
30,182.5100,66587,29530,202339,52990,229383,245127,200971,232716,68878,88606,242193,47377,22166,89880,241695,181964,88927,198905,31960,205232,96829,175556,35783,48457,33614,156029,73558,45663,35807,225762
30,182.5100,66587,29530,202339,52990,229383,245127,200971,232716,68878,88606,242193,47377,22166,89880,241695,181964,88927,198905,31960,205232,96829,175556,35783,48457,33614,156029,73558,45663,35807,225762
30,182.5100,66587,29530,202339,52990,229383,245127,200971,232716,68878,88606,242193,47377,22166,89880,241695,181964,88927,198905,31960,205232,96829,175556,35783,48457,33614,156029,73558,45663,35807,225762
30,182.0700,66587,101621,202339,52990,245127,229383,200971,232716,68878,242193,47377,88606,22166,89880,241695,205232,96829,181964,198905,88927,175556,35783,31960,48457,33614,73558,156029,45663,35807,225762
30,182.0100,66587,29530,202339,52990,229383,245127,200971,232716,68878,88606,242193,47377,22166,89880,241695,181964,88927,198905,31960,205232,96829,175556,35783,48457,33614,156029,73558,45663,35807,225762
30,181.6100,229383,245127,200971,232716,68878,242193,47377,22166,89880,66587,88606,241695,205232,96829,175556,35783,48457,181964,33614,73558,31960,249193,88927,45663,35807,225762,202339,198905,156029,52990
30,180.8700,229383,245127,200971,232716,68878,242193,47377,22166,89880,66587,88606,241695,205232,96829,175556,35783,48457,181964,33614,73558,31960,101621,88927,45663,35807,225762,202339,198905,156029,52990
30,180.7700,66587,29530,202339,52990,229383,245127,200971,232716,68878,88606,242193,47377,22166,89880,241695,181964,88927,198905,31960,205232,96829,175556,35783,48457,33614,156029,73558,45663,35807,225762
30,180.3200,66587,29530,202339,52990,229383,245127,200971,232716,68878,88606,242193,47377,22166,89880,241695,181964,88927,198905,31960,205232,96829,175556,35783,48457,33614,156029,73558,45663,35807,225762
30,179.9300,66587,29530,202339,52990,229383,245127,200971,232716,68878,88606,242193,47377,22166,89880,241695,181964,88927,198905,31960,205232,96829,175556,35783,48457,33614,156029,73558,45663,35807,225762
30,179.3700,66587,29530,202339,52990,229383,245127,200971,232716,68878,88606,242193,47377,22166,89880,241695,181964,88927,198905,31960,205232,96829,175556,35783,48457,33614,156029,73558,45663,35807,225762
30,179.3400,66587,249193,202339,52990,245127,229383,200971,232716,68878,242193,47377,88606,22166,89880,241695,205232,96829,181964,198905,88927,175556,35783,31960,48457,33614,73558,156029,45663,35807,225762
30,179.3200,66587,29530,202339,52990,229383,245127,200971,232716,68878,88606,242193,47377,22166,89880,241695,181964,88927,198905,31960,205232,96829,175556,35783,48457,33614,156029,73558,45663,35807,225762
30,179.2900,66587,29530,202339,52990,229383,245127,200971,232716,68878,88606,242193,47377,22166,89880,241695,181964,88927,198905,31960,205232,96829,175556,35783,48457,33614,156029,73558,45663,35807,225762
30,179.1400,66587,29530,202339,52990,229383,245127,200971,232716,68878,88606,242193,47377,22166,89880,241695,181964,88927,198905,31960,205232,96829,175556,35783,48457,33614,156029,73558,45663,35807,225762
30,178.9300,66587,29530,202339,52990,229383,245127,200971,232716,68878,88606,242193,47377,22166,89880,241695,181964,88927,198905,31960,205232,96829,175556,35783,48457,33614,156029,73558,45663,35807,225762
30,178.6200,66587,29530,202339,52990,229383,245127,200971,232716,68878,88606,242193,47377,22166,89880,241695,181964,88927,198905,31960,205232,96829,175556,35783,48457,33614,156029,73558,45663,35807,225762
30,178.5900,66587,29530,202339,52990,229383,245127,200971,232716,68878,88606,242193,47377,22166,89880,241695,181964,88927,198905,31960,205232,96829,175556,35783,48457,33614,156029,73558,45663,35807,225762
30,178.5500,229383,245127,200971,232716,68878,242193,47377,22166,89880,66587,88606,241695,205232,96829,175556,35783,48457,181964,33614,73558,31960,29530,88927,164610,35807,225762,202339,198905,156029,52990
30,178.5000,66587,29530,202339,52990,229383,245127,200971,232716,68878,88606,242193,47377,22166,89880,241695,181964,88927,198905,31960,205232,96829,175556,35783,48457,33614,156029,73558,45663,35807,225762
30,178.4800,66587,29530,202339,52990,229383,245127,200971,232716,68878,88606,242193,47377,22166,89880,241695,181964,88927,198905,31960,205232,96829,175556,35783,48457,33614,156029,73558,45663,35807,225762
30,178.3300,66587,29530,202339,52990,229383,245127,200971,232716,68878,88606,242193,47377,22166,89880,241695,181964,88927,198905,31960,205232,96829,175556,35783,48457,33614,156029,73558,45663,35807,225762
30,178.3000,66587,29530,202339,52990,229383,245127,200971,232716,68878,88606,242193,47377,22166,89880,241695,181964,88927,198905,31960,205232,96829,175556,35783,48457,33614,156029,73558,45663,35807,225762
30,178.1100,66587,29530,202339,52990,229383,245127,200971,232716,68878,88606,242193,47377,22166,89880,241695,181964,88927,198905,31960,205232,96829,175556,35783,48457,33614,156029,73558,45663,35807,225762
30,178.1000,66587,29530,202339,52990,229383,245127,200971,232716,68878,88606,242193,47377,22166,89880,241695,181964,88927,198905,31960,205232,96829,175556,35783,48457,33614,156029,73558,45663,35807,225762
30,178.0100,66587,29530,202339,52990,229383,245127,200971,232716,68878,88606,242193,47377,22166,89880,241695,181964,88927,198905,31960,205232,96829,175556,35783,48457,33614,156029,73558,45663,35807,225762
30,177.9500,66587,29530,202339,52990,229383,245127,200971,232716,68878,88606,242193,47377,22166,89880,241695,181964,88927,198905,31960,205232,96829,175556,35783,48457,33614,156029,73558,45663,35807,225762
30,177.9200,66587,29530,202339,52990,229383,245127,200971,232716,68878,88606,242193,47377,22166,89880,241695,181964,88927,198905,31960,205232,96829,175556,35783,48457,33614,156029,73558,45663,35807,225762
30,177.8700,66587,29530,202339,52990,229383,245127,200971,232716,68878,88606,242193,47377,22166,89880,241695,181964,88927,198905,31960,205232,96829,175556,35783,48457,33614,156029,73558,45663,35807,225762
30,177.8700,66587,29530,202339,52990,229383,245127,200971,232716,68878,88606,242193,47377,22166,89880,241695,181964,88927,198905,31960,205232,96829,175556,35783,48457,33614,156029,73558,45663,35807,225762
30,177.4700,66587,29530,202339,52990,229383,245127,200971,232716,68878,88606,242193,47377,22166,89880,241695,181964,88927,198905,31960,205232,96829,175556,35783,48457,33614,156029,73558,45663,35807,225762
30,177.2200,66587,29530,202339,52990,229383,245127,200971,232716,68878,88606,242193,47377,22166,89880,241695,181964,88927,198905,31960,205232,96829,175556,35783,48457,33614,156029,73558,45663,35807,225762
30,177.2100,66587,29530,202339,52990,229383,245127,200971,232716,68878,88606,242193,47377,22166,89880,241695,181964,88927,198905,31960,205232,96829,175556,35783,48457,33614,156029,73558,45663,35807,225762
30,177.0100,66587,29530,202339,52990,229383,245127,200971,232716,68878,88606,242193,47377,22166,89880,241695,181964,88927,198905,31960,205232,96829,175556,35783,48457,33614,156029,73558,45663,35807,225762
30,176.6900,66587,29530,202339,52990,229383,245127,200971,232716,68878,88606,242193,47377,22166,89880,241695,181964,88927,198905,31960,205232,96829,175556,35783,48457,33614,156029,73558,45663,35807,225762
30,176.6500,66587,29530,202339,52990,229383,245127,200971,232716,68878,88606,242193,47377,22166,89880,241695,181964,88927,198905,31960,205232,96829,175556,35783,48457,33614,156029,73558,45663,35807,225762
30,176.6500,66587,29530,202339,52990,229383,245127,200971,232716,68878,88606,242193,47377,22166,89880,241695,181964,88927,198905,31960,205232,96829,175556,35783,48457,33614,156029,73558,45663,35807,225762
30,176.5800,66587,29530,202339,52990,229383,245127,200971,232716,68878,88606,242193,47377,22166,89880,241695,181964,88927,198905,31960,205232,96829,175556,35783,48457,33614,156029,73558,45663,35807,225762
30,176.5800,66587,29530,202339,52990,229383,245127,200971,232716,68878,88606,242193,47377,22166,89880,241695,181964,88927,198905,31960,205232,96829,175556,35783,48457,33614,156029,73558,45663,35807,225762
30,176.4300,66587,29530,202339,52990,229383,245127,200971,232716,68878,88606,242193,47377,22166,89880,241695,181964,88927,198905,31960,205232,96829,175556,35783,48457,33614,156029,73558,45663,35807,225762
30,176.3500,66587,29530,202339,52990,229383,245127,200971,232716,68878,88606,242193,47377,22166,89880,241695,181964,88927,198905,31960,205232,96829,175556,35783,48457,33614,156029,73558,45663,35807,225762
30,176.3000,245127,229383,200971,165401,68878,242193,47377,22166,89880,66587,88606,241695,205232,96829,175556,35783,48457,181964,33614,73558,31960,88927,45663,35807,225762,202339,249193,198905,156029,52990
30,176.2600,66587,29530,202339,52990,229383,245127,200971,232716,68878,88606,242193,47377,22166,89880,241695,181964,88927,198905,31960,205232,96829,175556,35783,48457,33614,156029,73558,45663,35807,225762
30,176.2100,66587,29530,202339,52990,229383,245127,200971,232716,68878,88606,242193,47377,22166,89880,241695,181964,88927,198905,31960,205232,96829,175556,35783,48457,33614,156029,73558,45663,35807,225762
30,176.2000,66587,29530,202339,52990,229383,245127,200971,232716,68878,88606,242193,47377,22166,89880,241695,181964,88927,198905,31960,205232,96829,175556,35783,48457,33614,156029,73558,45663,35807,225762
30,176.1900,66587,29530,202339,52990,229383,245127,200971,232716,68878,88606,242193,47377,22166,89880,241695,181964,88927,198905,31960,205232,96829,175556,35783,48457,33614,156029,73558,45663,35807,225762
30,176.1900,229383,29530,200971,232716,68878,242193,47377,22166,89880,66587,88606,241695,205232,96829,175556,35783,48457,181964,33614,73558,31960,245127,88927,45663,35807,225762,202339,198905,156029,52990
30,176.1800,66587,29530,202339,52990,229383,245127,200971,232716,68878,88606,242193,47377,22166,89880,241695,181964,88927,198905,31960,205232,96829,175556,35783,48457,33614,156029,73558,45663,35807,225762
30,175.9700,66587,29530,202339,52990,229383,245127,200971,232716,68878,88606,242193,47377,22166,89880,241695,181964,88927,198905,31960,205232,96829,175556,35783,48457,33614,156029,73558,45663,35807,225762
30,175.8500,229383,245127,200971,232716,68878,242193,47377,22166,89880,66587,88606,241695,205232,96829,175556,35783,48457,181964,33614,73558,31960,29530,88927,45663,35807,225762,202339,198905,156029,85652
30,175.8000,66587,29530,202339,52990,229383,245127,200971,232716,68878,88606,242193,47377,22166,89880,241695,181964,88927,198905,31960,205232,96829,175556,35783,48457,33614,156029,73558,45663,35807,225762
30,175.7400,66587,29530,202339,52990,229383,245127,200971,232716,68878,88606,242193,47377,22166,89880,241695,181964,88927,198905,31960,205232,96829,175556,35783,48457,33614,156029,73558,45663,35807,225762
30,175.6200,66587,29530,202339,52990,229383,245127,200971,232716,68878,88606,242193,47377,22166,89880,241695,181964,88927,198905,31960,205232,96829,175556,35783,48457,33614,156029,73558,45663,35807,225762
30,175.5900,66587,29530,202339,52990,229383,245127,200971,232716,68878,88606,242193,47377,22166,89880,241695,181964,88927,198905,31960,205232,96829,175556,35783,48457,33614,156029,73558,45663,35807,225762
