num_genrations,diversity,improvement,best_fitness
0,0.999753937007874,0,509.13
1,0.975861220472441,-0.053463751890479784,481.91
2,0.9271161417322835,0.3932892033782242,671.44
3,0.7090305118110236,0.008891338019778258,677.41
4,0.6575541338582676,0.35705112118214966,919.28
5,0.5599409448818896,0.0,919.28
6,0.43161909448818925,0.0,919.28
7,0.5565206692913386,0.0002937081193977698,919.55
8,0.5065206692913385,0.005111195693545806,924.25
9,0.24148622047244062,0.011890722207195033,935.24
10,0.05558562992126026,0.0,935.24
