n_nodes,influence,n0,n1,n2,n3,n4
5,389.3800,0,3,7,8,9
5,389.3800,0,3,7,8,9
5,389.3800,0,3,7,8,9
5,389.3800,0,3,7,8,9
5,389.3800,0,3,7,8,9
5,389.3800,0,3,7,8,9
5,389.3800,0,3,7,8,9
5,389.3800,0,3,7,8,9
5,389.3800,0,3,7,8,9
5,389.3800,0,3,7,8,9
5,389.3800,0,3,7,8,9
5,389.3800,0,3,7,8,9
5,389.3800,0,3,7,8,9
5,389.3800,0,3,7,8,9
5,389.3800,0,3,7,8,9
5,389.3800,0,3,7,8,9
5,389.3800,0,3,7,8,9
5,389.3800,0,3,7,8,9
5,389.3800,0,3,7,8,9
5,389.3800,0,3,7,8,9
5,387.1800,0,3,7,8,9
5,387.1800,0,3,7,8,9
5,387.1800,0,3,7,8,9
5,387.1800,0,3,7,8,9
5,387.1800,0,3,7,8,9
5,387.1800,0,3,7,8,9
5,387.1800,0,3,7,8,9
5,387.1800,0,3,7,8,9
5,387.1800,0,3,7,8,9
5,387.1800,0,3,7,8,9
5,387.1800,0,3,7,8,9
5,387.1800,0,3,7,8,9
5,387.1800,0,3,7,8,9
5,387.1800,0,3,7,8,9
5,387.1800,0,3,7,8,9
5,387.1800,0,3,7,8,9
5,387.1800,0,3,7,8,9
5,387.1800,0,3,7,8,9
5,387.1800,0,3,7,8,9
5,387.1800,0,3,7,8,9
5,387.1800,0,3,7,8,9
5,387.1800,0,3,7,8,9
5,387.1800,0,3,7,8,9
5,387.1800,0,3,7,8,9
5,387.1800,0,3,7,8,9
5,387.1800,0,3,7,8,9
5,387.1800,0,3,7,8,9
5,387.1800,0,3,7,8,9
5,387.1800,0,3,7,8,9
5,387.1800,0,3,7,8,9
5,387.1800,0,3,7,8,9
5,387.1800,0,3,7,8,9
5,387.1800,0,3,7,8,9
5,387.1800,0,3,7,8,9
5,387.1800,0,3,7,8,9
5,387.1800,0,3,7,8,9
5,387.1800,0,3,7,8,9
5,387.1800,0,3,7,8,9
5,387.1800,0,3,7,8,9
5,387.1800,0,3,7,8,9
5,387.1800,0,3,7,8,9
5,387.1800,0,3,7,8,9
5,386.9000,0,3,7,8,9
5,385.9600,8,3,7,0,9
