n_nodes,influence,n0,n1,n2,n3,n4,n5,n6,n7,n8,n9,n10,n11,n12,n13,n14,n15,n16,n17,n18,n19,n20,n21,n22,n23,n24,n25,n26,n27,n28,n29
30,41.6500,25089,25346,773,4102,15244,24718,21012,12053,23066,24474,15006,10656,4513,6179,20391,3372,1711,6456,15933,2621,25758,10056,20562,2774,20953,13276,17379,9715,17911,5825
30,41.6500,25089,25346,773,4102,15244,24718,21012,12053,23066,24474,15006,10656,4513,6179,20391,3372,1711,6456,15933,2621,25758,10056,20562,2774,20953,13276,17379,9715,17911,5825
30,41.6500,25089,25346,773,4102,15244,24718,21012,12053,23066,24474,15006,10656,4513,6179,20391,3372,1711,6456,15933,2621,25758,10056,20562,2774,20953,13276,17379,9715,17911,5825
30,41.6500,25089,25346,773,4102,15244,24718,21012,12053,23066,24474,15006,10656,4513,6179,20391,3372,1711,6456,15933,2621,25758,10056,20562,2774,20953,13276,17379,9715,17911,5825
30,41.6500,25089,25346,773,4102,15244,24718,21012,12053,23066,24474,15006,10656,4513,6179,20391,3372,1711,6456,15933,2621,25758,10056,20562,2774,20953,13276,17379,9715,17911,5825
30,41.6500,25089,25346,773,4102,15244,24718,21012,12053,23066,24474,15006,10656,4513,6179,20391,3372,1711,6456,15933,2621,25758,10056,20562,2774,20953,13276,17379,9715,17911,5825
30,41.6500,25089,25346,773,4102,15244,24718,21012,12053,23066,24474,15006,10656,4513,6179,20391,3372,1711,6456,15933,2621,25758,10056,20562,2774,20953,13276,17379,9715,17911,5825
30,41.6500,25089,25346,773,4102,15244,24718,21012,12053,23066,24474,15006,10656,4513,6179,20391,3372,1711,6456,15933,2621,25758,10056,20562,2774,20953,13276,17379,9715,17911,5825
30,41.6500,25089,25346,773,4102,15244,24718,21012,12053,23066,24474,15006,10656,4513,6179,20391,3372,1711,6456,15933,2621,25758,10056,20562,2774,20953,13276,17379,9715,17911,5825
30,41.6500,25089,25346,773,4102,15244,24718,21012,12053,23066,24474,15006,10656,4513,6179,20391,3372,1711,6456,15933,2621,25758,10056,20562,2774,20953,13276,17379,9715,17911,5825
30,41.6500,25089,25346,773,4102,15244,24718,21012,12053,23066,24474,15006,10656,4513,6179,20391,3372,1711,6456,15933,2621,25758,10056,20562,2774,20953,13276,17379,9715,17911,5825
30,41.6500,25089,25346,773,4102,15244,24718,21012,12053,23066,24474,15006,10656,4513,6179,20391,3372,1711,6456,15933,2621,25758,10056,20562,2774,20953,13276,17379,9715,17911,5825
30,41.6500,25089,25346,773,4102,15244,24718,21012,12053,23066,24474,15006,10656,4513,6179,20391,3372,1711,6456,15933,2621,25758,10056,20562,2774,20953,13276,17379,9715,17911,5825
30,41.6500,25089,25346,773,4102,15244,24718,21012,12053,23066,24474,15006,10656,4513,6179,20391,3372,1711,6456,15933,2621,25758,10056,20562,2774,20953,13276,17379,9715,17911,5825
30,41.6500,25089,25346,773,4102,15244,24718,21012,12053,23066,24474,15006,10656,4513,6179,20391,3372,1711,6456,15933,2621,25758,10056,20562,2774,20953,13276,17379,9715,17911,5825
30,41.6500,25089,25346,773,4102,15244,24718,21012,12053,23066,24474,15006,10656,4513,6179,20391,3372,1711,6456,15933,2621,25758,10056,20562,2774,20953,13276,17379,9715,17911,5825
30,41.6500,25089,25346,773,4102,15244,24718,21012,12053,23066,24474,15006,10656,4513,6179,20391,3372,1711,6456,15933,2621,25758,10056,20562,2774,20953,13276,17379,9715,17911,5825
30,41.6500,25089,25346,773,4102,15244,24718,21012,12053,23066,24474,15006,10656,4513,6179,20391,3372,1711,6456,15933,2621,25758,10056,20562,2774,20953,13276,17379,9715,17911,5825
30,41.6500,25089,25346,773,4102,15244,24718,21012,12053,23066,24474,15006,10656,4513,6179,20391,3372,1711,6456,15933,2621,25758,10056,20562,2774,20953,13276,17379,9715,17911,5825
30,41.6500,25089,25346,773,4102,15244,24718,21012,12053,23066,24474,15006,10656,4513,6179,20391,3372,1711,6456,15933,2621,25758,10056,20562,2774,20953,13276,17379,9715,17911,5825
30,41.6500,25089,25346,773,4102,15244,24718,21012,12053,23066,24474,15006,10656,4513,6179,20391,3372,1711,6456,15933,2621,25758,10056,20562,2774,20953,13276,17379,9715,17911,5825
30,41.6500,25089,25346,773,4102,15244,24718,21012,12053,23066,24474,15006,10656,4513,6179,20391,3372,1711,6456,15933,2621,25758,10056,20562,2774,20953,13276,17379,9715,17911,5825
30,41.6500,25089,25346,773,4102,15244,24718,21012,12053,23066,24474,15006,10656,4513,6179,20391,3372,1711,6456,15933,2621,25758,10056,20562,2774,20953,13276,17379,9715,17911,5825
30,41.6500,25089,25346,773,4102,15244,24718,21012,12053,23066,24474,15006,10656,4513,6179,20391,3372,1711,6456,15933,2621,25758,10056,20562,2774,20953,13276,17379,9715,17911,5825
30,41.6500,25089,25346,773,4102,15244,24718,21012,12053,23066,24474,15006,10656,4513,6179,20391,3372,1711,6456,15933,2621,25758,10056,20562,2774,20953,13276,17379,9715,17911,5825
30,41.6500,25089,25346,773,4102,15244,24718,21012,12053,23066,24474,15006,10656,4513,6179,20391,3372,1711,6456,15933,2621,25758,10056,20562,2774,20953,13276,17379,9715,17911,5825
30,41.6500,25089,25346,773,4102,15244,24718,21012,12053,23066,24474,15006,10656,4513,6179,20391,3372,1711,6456,15933,2621,25758,10056,20562,2774,20953,13276,17379,9715,17911,5825
30,41.6500,25089,25346,773,4102,15244,24718,21012,12053,23066,24474,15006,10656,4513,6179,20391,3372,1711,6456,15933,2621,25758,10056,20562,2774,20953,13276,17379,9715,17911,5825
30,41.6500,25089,25346,773,4102,15244,24718,21012,12053,23066,24474,15006,10656,4513,6179,20391,3372,1711,6456,15933,2621,25758,10056,20562,2774,20953,13276,17379,9715,17911,5825
30,41.6500,25089,25346,773,4102,15244,24718,21012,12053,23066,24474,15006,10656,4513,6179,20391,3372,1711,6456,15933,2621,25758,10056,20562,2774,20953,13276,17379,9715,17911,5825
30,41.6500,25089,25346,773,4102,15244,24718,21012,12053,23066,24474,15006,10656,4513,6179,20391,3372,1711,6456,15933,2621,25758,10056,20562,2774,20953,13276,17379,9715,17911,5825
30,41.6500,25089,25346,773,4102,15244,24718,21012,12053,23066,24474,15006,10656,4513,6179,20391,3372,1711,6456,15933,2621,25758,10056,20562,2774,20953,13276,17379,9715,17911,5825
30,41.6500,25089,25346,773,4102,15244,24718,21012,12053,23066,24474,15006,10656,4513,6179,20391,3372,1711,6456,15933,2621,25758,10056,20562,2774,20953,13276,17379,9715,17911,5825
30,41.6500,25089,25346,773,4102,15244,24718,21012,12053,23066,24474,15006,10656,4513,6179,20391,3372,1711,6456,15933,2621,25758,10056,20562,2774,20953,13276,17379,9715,17911,5825
30,41.6500,25089,25346,773,4102,15244,24718,21012,12053,23066,24474,15006,10656,4513,6179,20391,3372,1711,6456,15933,2621,25758,10056,20562,2774,20953,13276,17379,9715,17911,5825
30,41.6500,25089,25346,773,4102,15244,24718,21012,12053,23066,24474,15006,10656,4513,6179,20391,3372,1711,6456,15933,2621,25758,10056,20562,2774,20953,13276,17379,9715,17911,5825
30,41.6500,25089,25346,773,4102,15244,24718,21012,12053,23066,24474,15006,10656,4513,6179,20391,3372,1711,6456,15933,2621,25758,10056,20562,2774,20953,13276,17379,9715,17911,5825
30,41.6500,25089,25346,773,4102,15244,24718,21012,12053,23066,24474,15006,10656,4513,6179,20391,3372,1711,6456,15933,2621,25758,10056,20562,2774,20953,13276,17379,9715,17911,5825
30,41.6500,25089,25346,773,4102,15244,24718,21012,12053,23066,24474,15006,10656,4513,6179,20391,3372,1711,6456,15933,2621,25758,10056,20562,2774,20953,13276,17379,9715,17911,5825
30,41.6500,25089,25346,773,4102,15244,24718,21012,12053,23066,24474,15006,10656,4513,6179,20391,3372,1711,6456,15933,2621,25758,10056,20562,2774,20953,13276,17379,9715,17911,5825
30,41.6500,25089,25346,773,4102,15244,24718,21012,12053,23066,24474,15006,10656,4513,6179,20391,3372,1711,6456,15933,2621,25758,10056,20562,2774,20953,13276,17379,9715,17911,5825
30,41.6500,25089,25346,773,4102,15244,24718,21012,12053,23066,24474,15006,10656,4513,6179,20391,3372,1711,6456,15933,2621,25758,10056,20562,2774,20953,13276,17379,9715,17911,5825
30,41.6500,25089,25346,773,4102,15244,24718,21012,12053,23066,24474,15006,10656,4513,6179,20391,3372,1711,6456,15933,2621,25758,10056,20562,2774,20953,13276,17379,9715,17911,5825
30,41.6500,25089,25346,773,4102,15244,24718,21012,12053,23066,24474,15006,10656,4513,6179,20391,3372,1711,6456,15933,2621,25758,10056,20562,2774,20953,13276,17379,9715,17911,5825
30,41.6500,25089,25346,773,4102,15244,24718,21012,12053,23066,24474,15006,10656,4513,6179,20391,3372,1711,6456,15933,2621,25758,10056,20562,2774,20953,13276,17379,9715,17911,5825
30,41.6500,25089,25346,773,4102,15244,24718,21012,12053,23066,24474,15006,10656,4513,6179,20391,3372,1711,6456,15933,2621,25758,10056,20562,2774,20953,13276,17379,9715,17911,5825
30,41.6500,25089,25346,773,4102,15244,24718,21012,12053,23066,24474,15006,10656,4513,6179,20391,3372,1711,6456,15933,2621,25758,10056,20562,2774,20953,13276,17379,9715,17911,5825
30,41.6500,25089,25346,773,4102,15244,24718,21012,12053,23066,24474,15006,10656,4513,6179,20391,3372,1711,6456,15933,2621,25758,10056,20562,2774,20953,13276,17379,9715,17911,5825
30,40.9700,25089,25346,773,4102,15244,24718,21012,12053,23066,24474,15006,10656,4513,6179,20391,3372,1711,6456,15933,2621,25758,10056,20562,2774,20953,13276,17379,9715,17911,5825
30,40.9100,25089,25346,773,4102,15244,24718,21012,12053,23066,24474,15006,10656,4513,6179,20391,3372,1711,6456,15933,2621,25758,10056,20562,2774,20953,13276,17379,9715,17911,5825
30,40.9100,25089,25346,773,4102,15244,24718,21012,12053,23066,24474,15006,10656,4513,6179,20391,3372,1711,6456,15933,2621,25758,10056,20562,2774,20953,13276,17379,9715,17911,5825
30,40.8900,25089,25346,773,4102,15244,24718,21012,12053,23066,24474,15006,10656,4513,6179,20391,3372,1711,6456,15933,2621,25758,10056,20562,2774,20953,13276,17379,9715,17911,5825
30,40.8400,25089,25346,773,4102,15244,24718,21012,12053,23066,24474,15006,10656,4513,6179,20391,3372,1711,6456,15933,2621,25758,10056,20562,2774,20953,13276,17379,9715,17911,5825
30,40.8200,25089,25346,773,4102,15244,24718,21012,12053,23066,24474,15006,10656,4513,6179,20391,3372,1711,6456,15933,2621,25758,10056,20562,2774,20953,13276,17379,9715,17911,5825
30,40.8000,25089,25346,773,4102,15244,24718,21012,12053,23066,24474,15006,10656,4513,6179,20391,3372,1711,6456,15933,2621,25758,10056,20562,2774,20953,13276,17379,9715,17911,5825
30,40.7500,25089,25346,773,4102,15244,24718,21012,12053,23066,24474,15006,10656,4513,6179,20391,3372,1711,6456,15933,2621,25758,10056,20562,2774,20953,13276,17379,9715,17911,5825
30,40.7000,25089,25346,773,4102,15244,24718,21012,12053,23066,24474,15006,10656,4513,6179,20391,3372,1711,6456,15933,2621,25758,10056,20562,2774,20953,13276,17379,9715,17911,5825
30,40.5100,25089,25346,773,4102,15244,24718,21012,12053,23066,24474,15006,10656,4513,6179,20391,3372,1711,6456,15933,2621,25758,10056,20562,2774,20953,13276,17379,9715,17911,5825
30,40.4600,25089,25346,773,4102,15244,24718,21012,12053,23066,24474,15006,10656,4513,6179,20391,3372,1711,6456,15933,2621,25758,10056,20562,2774,20953,13276,17379,9715,17911,5825
30,40.4500,25089,25346,773,4102,15244,24718,21012,12053,23066,24474,15006,10656,4513,6179,20391,3372,1711,6456,15933,2621,25758,10056,20562,2774,20953,13276,17379,9715,17911,5825
30,40.4300,25089,25346,773,4102,15244,24718,21012,12053,23066,24474,15006,25758,10656,4513,6179,20391,3372,1711,6456,15933,2621,5825,10056,20562,2774,20953,13276,17379,12722,17911
30,40.4100,25089,25346,773,4102,15244,24718,21012,12053,23066,24474,15006,10656,4513,6179,20391,3372,1711,6456,15933,2621,25758,10056,20562,2774,20953,13276,17379,9715,17911,5825
30,40.4000,25089,25346,773,4102,15244,24718,21012,12053,23066,24474,15006,10656,4513,6179,20391,3372,1711,6456,15933,2621,25758,10056,20562,2774,20953,13276,17379,9715,17911,5825
30,40.3700,25089,25346,773,4102,15244,24718,21012,12053,23066,24474,15006,10656,4513,6179,20391,3372,1711,6456,15933,2621,25758,10056,20562,2774,20953,13276,17379,9715,17911,5825
30,40.3300,25089,25346,773,4102,15244,24718,21012,12053,23066,24474,15006,10656,4513,6179,20391,3372,1711,6456,15933,2621,25758,10056,20562,2774,20953,13276,17379,9715,17911,5825
30,40.3200,25089,25346,773,4102,15244,24718,21012,12053,23066,24474,15006,10656,4513,6179,20391,3372,1711,6456,15933,2621,25758,10056,20562,2774,20953,13276,17379,9715,17911,5825
30,40.2700,25089,25346,773,4102,15244,24718,21012,12053,23066,24474,15006,10656,4513,6179,20391,3372,1711,6456,15933,2621,25758,10056,20562,2774,20953,13276,17379,9715,17911,5825
30,40.2600,25089,25346,773,4102,15244,24718,21012,12053,23066,24474,15006,10656,4513,6179,20391,3372,1711,6456,15933,2621,25758,10056,20562,2774,20953,13276,17379,9715,17911,5825
30,40.2600,25089,25346,773,4102,15244,24718,21012,12053,23066,24474,15006,10656,4513,6179,20391,3372,1711,6456,15933,2621,25758,10056,20562,2774,20953,13276,17379,9715,17911,5825
30,40.2500,25089,25346,773,4102,15244,24718,21012,12053,23066,24474,15006,10656,4513,6179,20391,3372,1711,6456,15933,2621,25758,10056,20562,2774,20953,13276,17379,9715,17911,5825
30,40.2500,25089,25346,773,4102,15244,24718,21012,12053,23066,24474,15006,10656,4513,6179,20391,3372,1711,6456,15933,2621,25758,10056,20562,2774,20953,13276,17379,9715,17911,5825
30,40.1900,25089,25346,773,4102,15244,24718,21012,12053,23066,24474,15006,10656,4513,6179,20391,3372,1711,6456,15933,2621,25758,10056,20562,2774,20953,13276,17379,9715,17911,5825
30,40.1800,25089,25346,773,4102,15244,24718,21012,12053,23066,24474,15006,10656,4513,6179,20391,3372,1711,6456,15933,2621,25758,10056,20562,2774,20953,13276,17379,9715,17911,5825
30,40.1800,25089,25346,773,4102,15244,24718,21012,12053,23066,24474,15006,10656,4513,6179,20391,3372,1711,6456,15933,2621,25758,10056,20562,2774,20953,13276,17379,9715,17911,5825
30,40.1600,25089,25346,773,4102,15244,24718,21012,12053,23066,24474,15006,10656,4513,6179,20391,3372,1711,6456,15933,2621,25758,10056,20562,2774,20953,13276,17379,9715,17911,5825
30,40.1400,25089,25346,773,4102,15244,24718,21012,12053,23066,24474,15006,10656,4513,6179,20391,3372,1711,6456,15933,2621,25758,10056,20562,2774,20953,13276,17379,9715,17911,5825
30,40.1400,25089,25346,773,4102,15244,24718,21012,12053,23066,24474,15006,10656,4513,6179,20391,3372,1711,6456,15933,2621,25758,10056,20562,2774,20953,13276,17379,9715,17911,5825
30,40.1400,25089,25346,773,4102,15244,24718,21012,12053,23066,24474,15006,10656,4513,6179,20391,3372,1711,6456,15933,2621,25758,10056,20562,2774,20953,13276,17379,9715,17911,5825
30,40.1200,25089,25346,773,4102,15244,24718,21012,12053,23066,24474,15006,10656,4513,6179,20391,3372,1711,6456,15933,2621,25758,10056,20562,2774,20953,13276,17379,9715,17911,5825
30,40.0900,25089,25346,773,4102,15244,24718,21012,12053,23066,24474,15006,10656,4513,6179,20391,3372,1711,6456,15933,2621,25758,10056,20562,2774,20953,13276,17379,9715,17911,5825
30,40.0800,25089,25346,773,4102,15244,24718,21012,12053,23066,24474,15006,10656,4513,6179,20391,3372,1711,6456,15933,2621,25758,10056,20562,2774,20953,13276,17379,9715,17911,5825
30,40.0700,25089,25346,773,4102,15244,24718,21012,12053,23066,24474,15006,25758,10656,4513,6179,20391,3372,1711,6456,15933,2621,5825,10056,20562,2774,20953,194,17379,9715,17911
30,40.0300,25089,25346,773,4102,15244,24718,21012,12053,23066,24474,15006,10656,4513,6179,20391,3372,1711,6456,15933,2621,25758,10056,20562,2774,20953,13276,17379,9715,17911,5825
30,40.0300,25089,25346,773,4102,15244,24718,21012,12053,23066,24474,15006,10656,4513,6179,20391,3372,1711,6456,15933,2621,25758,10056,20562,2774,20953,13276,17379,9715,17911,5825
30,40.0100,25089,25346,773,4102,15244,24718,21012,12053,23066,24474,15006,25758,10656,4513,6179,17878,3372,1711,6456,15933,2621,5825,10056,20562,2774,20953,13276,17379,9715,17911
30,40.0000,25089,25346,773,4102,15244,24718,21012,12053,23066,24474,15006,10656,4513,6179,20391,3372,1711,6456,15933,2621,25758,10056,20562,2774,20953,13276,17379,9715,17911,5825
30,39.9700,25089,25346,773,4102,15244,24718,21012,12053,23066,24474,15006,10656,4513,6179,20391,3372,1711,6456,15933,2621,25758,10056,20562,2774,20953,13276,17379,9715,17911,5825
30,39.9500,25089,25346,773,4102,15244,24718,21012,12053,23066,24474,15006,10656,4513,6179,20391,3372,1711,6456,15933,2621,25758,10056,20562,2774,20953,13276,17379,9715,17911,5825
30,39.8500,25089,25346,773,4102,15244,24718,21012,12053,23066,24474,15006,10656,4513,6179,20391,3372,1711,6456,15933,2621,25758,10056,20562,2774,20953,13276,17379,9715,17911,5825
30,39.8400,25089,25346,11712,4102,15244,24718,21012,12053,23066,24474,15006,25758,10656,4513,6179,20391,3372,1711,6456,15933,2621,5825,10056,20562,2774,20953,13276,17379,9715,17911
30,39.8300,25089,25346,773,4102,15244,24718,21012,12053,23066,24474,15006,10656,4513,6179,20391,3372,1711,6456,15933,2621,25758,10056,20562,2774,20953,13276,17379,9715,17911,5825
30,39.8300,25089,25346,773,4102,15244,24718,21012,12053,23066,24474,15006,25758,10656,4513,4380,20391,3372,1711,6456,15933,2621,5825,10056,20562,2774,20953,13276,17379,9715,17911
30,39.7800,25089,25346,773,4102,15244,24718,21012,12053,23066,24474,15006,10656,4513,6179,20391,3372,1711,6456,15933,2621,25758,10056,20562,2774,20953,13276,17379,9715,17911,5825
30,39.7500,25089,25346,773,4102,15244,24718,21012,12053,23066,24474,15006,10656,4513,6179,20391,3372,1711,6456,15933,2621,25758,10056,20562,2774,20953,13276,17379,9715,17911,5825
30,39.7400,25089,25346,773,4102,15244,24718,21012,12053,23066,24474,15006,10656,4513,6179,20391,3372,1711,6456,15933,2621,25758,10056,20562,2774,20953,13276,17379,9715,17911,5825
30,39.6700,25089,25346,773,4102,15244,24718,21012,12053,23066,24474,15006,10656,4513,6179,20391,3372,1711,6456,15933,2621,25758,10056,20562,2774,20953,13276,17379,9715,17911,5825
30,39.6400,25089,25346,773,4102,15244,24718,21012,12053,23066,24474,15006,10656,4513,6179,20391,3372,1711,6456,15933,2621,25758,10056,20562,2774,20953,13276,17379,9715,17911,5825
30,39.6400,25089,25346,773,4102,15244,24718,21012,12053,23066,24474,15006,10656,4513,6179,20391,3372,1711,6456,15933,2621,25758,10056,20562,2774,20953,13276,17379,9715,17911,5825
30,39.6100,25089,25346,773,4102,15244,24718,21012,12053,23066,24474,15006,10656,4513,6179,20391,3372,1711,6456,15933,2621,25758,10056,20562,2774,20953,13276,17379,9715,17911,5825
30,39.5500,25089,25346,773,4102,15244,24718,21012,12053,23066,24474,15006,10656,4513,6179,20391,3372,1711,6456,15933,2621,25758,10056,20562,2774,20953,13276,17379,9715,17911,5825
