generation number, individual number, fitness, candidate
0, 0, 2.2, [1509, 1425]
0, 1, 2.11, [1224, 1425]
0, 2, 2.04, [1351, 831]
0, 3, 2.03, [4227, 2332]
0, 4, 2.03, [1424, 576]
0, 5, 2.02, [2377, 1028]
0, 6, 2.01, [905, 695]
0, 7, 2.0, [717, 1190]
0, 8, 2.0, [1715, 1059]
0, 9, 2.0, [1090, 970]
1, 0, 2.2, [1509, 1425]
1, 1, 2.14, [1509, 1201]
1, 2, 2.11, [1224, 1425]
1, 3, 2.04, [1224, 1090]
1, 4, 2.04, [751, 576]
1, 5, 2.04, [326, 1328]
1, 6, 2.03, [1425, 1311]
1, 7, 2.02, [1212, 1935]
1, 8, 2.01, [1351, 1212]
1, 9, 2.01, [2332, 1201]
2, 0, 2.2, [1509, 1425]
2, 1, 2.14, [1509, 1201]
2, 2, 2.08, [1351, 1328]
2, 3, 2.03, [975, 1402]
2, 4, 2.03, [1990, 4227]
2, 5, 2.01, [1226, 1403]
2, 6, 2.01, [326, 5684]
2, 7, 2.0, [326, 2094]
2, 8, 2.0, [1437, 1190]
2, 9, 2.0, [1695, 1378]
3, 0, 2.2, [1509, 1425]
3, 1, 2.14, [1509, 1201]
3, 2, 2.13, [1509, 788]
3, 3, 2.11, [1509, 1028]
3, 4, 2.04, [1695, 1425]
3, 5, 2.03, [1351, 1619]
3, 6, 2.02, [2320, 3662]
3, 7, 2.02, [970, 2377]
3, 8, 2.01, [1351, 5684]
3, 9, 2.01, [1475, 320]
4, 0, 2.2, [1509, 1425]
4, 1, 2.14, [1509, 1201]
4, 2, 2.04, [1125, 788]
4, 3, 2.03, [1425, 2332]
4, 4, 2.03, [1403, 1430]
4, 5, 2.02, [1332, 1201]
4, 6, 2.02, [576, 1935]
4, 7, 2.01, [975, 1378]
4, 8, 2.01, [1224, 1201]
4, 9, 2.01, [1906, 576]
5, 0, 2.2, [1509, 1425]
5, 1, 2.16, [1509, 697]
5, 2, 2.14, [1509, 1201]
5, 3, 2.05, [1480, 1201]
5, 4, 2.03, [905, 1212]
5, 5, 2.02, [785, 1201]
5, 6, 2.02, [1475, 905]
5, 7, 2.02, [1906, 1141]
5, 8, 2.0, [787, 1201]
5, 9, 2.0, [1715, 645]
6, 0, 2.2, [1509, 1425]
6, 1, 2.19, [1509, 1402]
6, 2, 2.16, [1509, 1437]
6, 3, 2.16, [1509, 697]
6, 4, 2.13, [1509, 1620]
6, 5, 2.12, [1509, 4227]
6, 6, 2.06, [1091, 1201]
6, 7, 2.06, [1480, 1028]
6, 8, 2.03, [140, 1230]
6, 9, 2.02, [831, 1430]
7, 0, 2.2, [1509, 1425]
7, 1, 2.19, [1509, 1402]
7, 2, 2.12, [1509, 1225]
7, 3, 2.04, [1351, 1125]
7, 4, 2.04, [1287, 1402]
7, 5, 2.03, [1990, 1620]
7, 6, 2.03, [585, 1225]
7, 7, 2.03, [1059, 1425]
7, 8, 2.01, [1141, 1695]
7, 9, 2.01, [1424, 1620]
8, 0, 2.2, [1509, 1425]
8, 1, 2.19, [1509, 1402]
8, 2, 2.04, [975, 1247]
8, 3, 2.02, [1402, 1190]
8, 4, 2.02, [1497, 1417]
8, 5, 2.01, [1020, 1141]
8, 6, 2.01, [717, 1424]
8, 7, 2.0, [1619, 2989]
8, 8, 2.0, [1212, 1437]
8, 9, 2.0, [1279, 1028]
9, 0, 2.22, [1509, 1064]
9, 1, 2.2, [1509, 1425]
9, 2, 2.19, [1509, 1402]
9, 3, 2.18, [1509, 585]
9, 4, 2.12, [1509, 1064]
9, 5, 2.11, [1509, 4227]
9, 6, 2.05, [1168, 1425]
9, 7, 2.03, [788, 571]
9, 8, 2.02, [1168, 1402]
9, 9, 2.02, [1168, 1425]
10, 0, 2.22, [1509, 1064]
10, 1, 2.2, [1509, 1425]
10, 2, 2.15, [1509, 320]
10, 3, 2.03, [1224, 585]
10, 4, 2.02, [1028, 1287]
10, 5, 2.02, [1407, 2110]
10, 6, 2.01, [521, 421]
10, 7, 2.01, [788, 1279]
10, 8, 2.01, [1025, 1247]
10, 9, 2.01, [1351, 787]
