generation number, individual number, fitness, candidate
0, 0, 2.14, [14198, 66076]
0, 1, 2.11, [86, 88]
0, 2, 2.1, [70364, 88]
0, 3, 2.08, [284, 66076]
0, 4, 2.08, [283, 96148]
0, 5, 2.08, [821, 284]
0, 6, 2.04, [14201, 282]
0, 7, 2.04, [73932, 14198]
0, 8, 2.01, [148118, 823]
0, 9, 2.01, [47500, 821]
1, 0, 2.14, [14198, 66076]
1, 1, 2.11, [283, 14198]
1, 2, 2.11, [13042, 88]
1, 3, 2.11, [86, 88]
1, 4, 2.09, [66167, 66076]
1, 5, 2.08, [89, 66076]
1, 6, 2.07, [280, 66076]
1, 7, 2.05, [13042, 88]
1, 8, 2.04, [70364, 66079]
1, 9, 2.03, [144434, 56237]
2, 0, 2.14, [14198, 66076]
2, 1, 2.12, [70364, 66076]
2, 2, 2.11, [14197, 88]
2, 3, 2.11, [14198, 66076]
2, 4, 2.11, [283, 14198]
2, 5, 2.1, [14200, 66076]
2, 6, 2.09, [13042, 88]
2, 7, 2.08, [76776, 66076]
2, 8, 2.08, [13042, 88]
2, 9, 2.07, [80450, 11387]
3, 0, 2.17, [66076, 14197]
3, 1, 2.14, [14198, 70196]
3, 2, 2.14, [14198, 66076]
3, 3, 2.12, [70364, 66076]
3, 4, 2.07, [93408, 66076]
3, 5, 2.07, [286, 221360]
3, 6, 2.03, [823, 70195]
3, 7, 2.03, [73931, 40787]
3, 8, 2.02, [47392, 85838]
3, 9, 2.01, [93406, 127088]
4, 0, 2.17, [66076, 14197]
4, 1, 2.14, [14198, 70196]
4, 2, 2.12, [14197, 70196]
4, 3, 2.1, [70193, 1062]
4, 4, 2.09, [282, 14199]
4, 5, 2.09, [13042, 56239]
4, 6, 2.06, [823, 93407]
4, 7, 2.05, [70196, 14197]
4, 8, 2.05, [11387, 70194]
4, 9, 2.04, [127089, 14198]
5, 0, 2.17, [66076, 14197]
5, 1, 2.14, [14198, 70196]
5, 2, 2.11, [70194, 70196]
5, 3, 2.11, [66076, 98062]
5, 4, 2.11, [14197, 1062]
5, 5, 2.1, [70193, 77088]
5, 6, 2.09, [14198, 56237]
5, 7, 2.09, [70193, 113477]
5, 8, 2.07, [70193, 14199]
5, 9, 2.05, [285, 86543]
6, 0, 2.17, [66076, 14197]
6, 1, 2.14, [14198, 70196]
6, 2, 2.12, [70196, 14197]
6, 3, 2.09, [1060, 286]
6, 4, 2.09, [70193, 70196]
6, 5, 2.09, [14198, 14201]
6, 6, 2.07, [94015, 14198]
6, 7, 2.03, [66076, 113477]
6, 8, 2.02, [56237, 98062]
6, 9, 2.02, [80450, 40786]
7, 0, 2.17, [66076, 14197]
7, 1, 2.14, [14198, 70196]
7, 2, 2.13, [70193, 14197]
7, 3, 2.12, [14198, 14201]
7, 4, 2.11, [46, 14197]
7, 5, 2.08, [90, 13042]
7, 6, 2.07, [87, 91978]
7, 7, 2.06, [86, 85838]
7, 8, 2.06, [1063, 280]
7, 9, 2.05, [558, 14201]
8, 0, 2.18, [66076, 62858]
8, 1, 2.17, [66076, 14197]
8, 2, 2.14, [14198, 70196]
8, 3, 2.11, [46, 56240]
8, 4, 2.1, [14201, 87]
8, 5, 2.08, [86, 91978]
8, 6, 2.07, [1063, 56241]
8, 7, 2.05, [14198, 13042]
8, 8, 2.05, [148118, 66076]
8, 9, 2.03, [90, 11387]
9, 0, 2.18, [66076, 62858]
9, 1, 2.17, [66076, 14197]
9, 2, 2.11, [1061, 14199]
9, 3, 2.1, [66076, 14201]
9, 4, 2.08, [127088, 89]
9, 5, 2.06, [130282, 56240]
9, 6, 2.05, [98062, 62858]
9, 7, 2.04, [56239, 6376]
9, 8, 2.04, [93408, 56241]
9, 9, 2.03, [66078, 56240]
10, 0, 2.18, [66076, 62858]
10, 1, 2.17, [66076, 14197]
10, 2, 2.14, [66076, 13042]
10, 3, 2.11, [282, 62858]
10, 4, 2.09, [66076, 14198]
10, 5, 2.09, [66076, 14201]
10, 6, 2.08, [85838, 285]
10, 7, 2.08, [1061, 47392]
10, 8, 2.06, [127088, 62858]
10, 9, 2.05, [85838, 56240]
11, 0, 2.18, [66076, 62858]
11, 1, 2.17, [66076, 14197]
11, 2, 2.09, [66076, 90]
11, 3, 2.08, [66076, 85839]
11, 4, 2.08, [100807, 70193]
11, 5, 2.07, [96648, 87]
11, 6, 2.07, [66079, 14197]
11, 7, 2.06, [14223, 14197]
11, 8, 2.06, [70194, 96148]
11, 9, 2.05, [80450, 66167]
12, 0, 2.18, [66076, 62858]
12, 1, 2.17, [66076, 14197]
12, 2, 2.13, [14223, 89]
12, 3, 2.12, [56239, 1061]
12, 4, 2.12, [70193, 282]
12, 5, 2.11, [558, 285]
12, 6, 2.1, [66076, 56240]
12, 7, 2.06, [282, 94015]
12, 8, 2.06, [66079, 221360]
12, 9, 2.04, [11387, 80450]
13, 0, 2.18, [66076, 62858]
13, 1, 2.17, [66076, 14197]
13, 2, 2.12, [90, 14197]
13, 3, 2.11, [66079, 89]
13, 4, 2.09, [90, 62858]
13, 5, 2.08, [66076, 100807]
13, 6, 2.08, [14198, 96648]
13, 7, 2.08, [70194, 89]
13, 8, 2.05, [1927, 89]
13, 9, 2.03, [66170, 46]
14, 0, 2.18, [66076, 62858]
14, 1, 2.17, [66076, 14197]
14, 2, 2.16, [66076, 278]
14, 3, 2.13, [76776, 90]
14, 4, 2.1, [11388, 66076]
14, 5, 2.1, [66076, 90]
14, 6, 2.08, [70195, 62858]
14, 7, 2.05, [70193, 96144]
14, 8, 2.04, [90, 100807]
14, 9, 2.03, [59751, 66076]
15, 0, 2.18, [66076, 62858]
15, 1, 2.17, [66076, 14197]
15, 2, 2.13, [283, 62858]
15, 3, 2.07, [40788, 286]
15, 4, 2.07, [66076, 76776]
15, 5, 2.06, [144434, 56237]
15, 6, 2.04, [70196, 98063]
15, 7, 2.03, [91978, 127088]
15, 8, 2.02, [126458, 94016]
15, 9, 2.02, [11388, 85839]
16, 0, 2.18, [66076, 62858]
16, 1, 2.17, [66076, 14197]
16, 2, 2.14, [70196, 62858]
16, 3, 2.11, [40788, 46]
16, 4, 2.11, [40787, 86]
16, 5, 2.11, [66076, 14200]
16, 6, 2.08, [40788, 70196]
16, 7, 2.07, [66076, 1063]
16, 8, 2.07, [14198, 56237]
16, 9, 2.06, [88, 14197]
17, 0, 2.18, [66076, 62858]
17, 1, 2.17, [66076, 14197]
17, 2, 2.16, [1061, 13042]
17, 3, 2.16, [70194, 62858]
17, 4, 2.12, [90, 62858]
17, 5, 2.09, [70195, 94016]
17, 6, 2.07, [88, 14197]
17, 7, 2.05, [70196, 62858]
17, 8, 2.05, [144434, 86]
17, 9, 2.05, [70196, 14198]
18, 0, 2.18, [66076, 62858]
18, 1, 2.17, [66076, 14197]
18, 2, 2.13, [59751, 14197]
18, 3, 2.1, [14198, 13042]
18, 4, 2.1, [56239, 40788]
18, 5, 2.09, [90, 62858]
18, 6, 2.06, [283, 62858]
18, 7, 2.05, [96144, 86]
18, 8, 2.04, [80449, 56239]
18, 9, 2.04, [66076, 98063]
19, 0, 2.18, [66076, 62858]
19, 1, 2.17, [66076, 14197]
19, 2, 2.13, [282, 88]
19, 3, 2.12, [66076, 286]
19, 4, 2.11, [47392, 62858]
19, 5, 2.1, [86, 46]
19, 6, 2.1, [14198, 66167]
19, 7, 2.08, [70195, 56240]
19, 8, 2.06, [66076, 144434]
19, 9, 2.03, [66078, 1062]
20, 0, 2.18, [66076, 62858]
20, 1, 2.17, [66076, 14197]
20, 2, 2.13, [46, 14197]
20, 3, 2.11, [66076, 278]
20, 4, 2.09, [56239, 80449]
20, 5, 2.09, [282, 56240]
20, 6, 2.07, [66076, 279]
20, 7, 2.06, [86, 62858]
20, 8, 2.05, [1061, 11387]
20, 9, 2.04, [59751, 86543]
21, 0, 2.18, [66076, 62858]
21, 1, 2.17, [66076, 14197]
21, 2, 2.07, [11387, 14201]
21, 3, 2.07, [66079, 14197]
21, 4, 2.06, [93408, 56239]
21, 5, 2.06, [66076, 66167]
21, 6, 2.05, [56240, 14197]
21, 7, 2.04, [66076, 80450]
21, 8, 2.03, [281, 66078]
21, 9, 2.02, [85838, 121382]
22, 0, 2.18, [66076, 62858]
22, 1, 2.17, [66076, 14197]
22, 2, 2.14, [66076, 62858]
22, 3, 2.09, [70195, 14197]
22, 4, 2.08, [66076, 14198]
22, 5, 2.08, [285, 70195]
22, 6, 2.07, [66079, 13042]
22, 7, 2.07, [56240, 56241]
22, 8, 2.03, [91978, 77088]
22, 9, 2.02, [96147, 124712]
23, 0, 2.18, [66076, 62858]
23, 1, 2.17, [66076, 14197]
23, 2, 2.15, [14200, 56240]
23, 3, 2.1, [56240, 284]
23, 4, 2.1, [66076, 66169]
23, 5, 2.09, [14199, 56241]
23, 6, 2.08, [66076, 14198]
23, 7, 2.06, [144434, 90]
23, 8, 2.05, [66076, 62858]
23, 9, 2.05, [279, 59751]
24, 0, 2.18, [66076, 62858]
24, 1, 2.17, [66076, 14197]
24, 2, 2.13, [279, 1060]
24, 3, 2.11, [88, 14199]
24, 4, 2.07, [1060, 284]
24, 5, 2.07, [56240, 66169]
24, 6, 2.07, [66076, 66169]
24, 7, 2.05, [558, 285]
24, 8, 2.04, [278, 85839]
24, 9, 2.02, [85838, 279]
25, 0, 2.18, [66076, 62858]
25, 1, 2.17, [66076, 14197]
25, 2, 2.11, [221360, 66076]
25, 3, 2.07, [66079, 1060]
25, 4, 2.07, [14199, 89]
25, 5, 2.07, [70193, 62858]
25, 6, 2.06, [66076, 14200]
25, 7, 2.06, [558, 14197]
25, 8, 2.05, [66076, 66167]
25, 9, 2.04, [89, 77088]
26, 0, 2.18, [66076, 62858]
26, 1, 2.17, [66076, 14197]
26, 2, 2.13, [70196, 1060]
26, 3, 2.09, [59751, 11388]
26, 4, 2.09, [98062, 14197]
26, 5, 2.08, [56241, 62858]
26, 6, 2.06, [66076, 40786]
26, 7, 2.04, [66079, 56240]
26, 8, 2.04, [56241, 6376]
26, 9, 2.03, [221360, 93406]
27, 0, 2.18, [66076, 62858]
27, 1, 2.17, [66076, 14197]
27, 2, 2.13, [70194, 1060]
27, 3, 2.11, [70196, 14201]
27, 4, 2.11, [70196, 14197]
27, 5, 2.09, [70196, 1060]
27, 6, 2.09, [70193, 62858]
27, 7, 2.06, [98062, 56240]
27, 8, 2.04, [66078, 66167]
27, 9, 2.02, [80450, 11925]
28, 0, 2.18, [66076, 62858]
28, 1, 2.17, [66076, 14197]
28, 2, 2.14, [70196, 14198]
28, 3, 2.12, [66076, 14198]
28, 4, 2.11, [66076, 46]
28, 5, 2.11, [70193, 14201]
28, 6, 2.1, [66076, 284]
28, 7, 2.08, [70196, 14201]
28, 8, 2.07, [113478, 14197]
28, 9, 2.04, [70194, 66167]
29, 0, 2.18, [66076, 62858]
29, 1, 2.17, [66076, 14197]
29, 2, 2.12, [70196, 62858]
29, 3, 2.12, [66079, 14198]
29, 4, 2.08, [14198, 14200]
29, 5, 2.07, [1062, 66169]
29, 6, 2.07, [70196, 66167]
29, 7, 2.06, [70194, 1062]
29, 8, 2.05, [73932, 56241]
29, 9, 2.04, [76776, 42918]
30, 0, 2.18, [66076, 62858]
30, 1, 2.17, [66076, 14197]
30, 2, 2.11, [70196, 100807]
30, 3, 2.08, [66076, 90]
30, 4, 2.08, [70193, 14197]
30, 5, 2.06, [66076, 821]
30, 6, 2.05, [70195, 144434]
30, 7, 2.05, [66076, 66169]
30, 8, 2.04, [40787, 127089]
30, 9, 2.03, [127088, 66171]
31, 0, 2.18, [66076, 62858]
31, 1, 2.17, [66076, 14197]
31, 2, 2.09, [66076, 66169]
31, 3, 2.09, [286, 821]
31, 4, 2.07, [70193, 14199]
31, 5, 2.07, [66076, 127088]
31, 6, 2.06, [113478, 62858]
31, 7, 2.06, [126458, 14201]
31, 8, 2.05, [113478, 14197]
31, 9, 2.04, [66167, 56239]
32, 0, 2.18, [66076, 62858]
32, 1, 2.17, [66076, 14197]
32, 2, 2.13, [66076, 13042]
32, 3, 2.08, [14199, 278]
32, 4, 2.06, [121382, 70194]
32, 5, 2.05, [66170, 14201]
32, 6, 2.04, [66076, 40786]
32, 7, 2.04, [823, 47500]
32, 8, 2.03, [94016, 1927]
32, 9, 2.03, [285, 94015]
33, 0, 2.18, [66076, 62858]
33, 1, 2.17, [66076, 56240]
33, 2, 2.17, [66076, 14197]
33, 3, 2.12, [14200, 144434]
33, 4, 2.11, [66076, 86]
33, 5, 2.08, [70193, 93407]
33, 6, 2.07, [66076, 66169]
33, 7, 2.07, [14201, 130282]
33, 8, 2.06, [70195, 76776]
33, 9, 2.04, [14199, 94017]
34, 0, 2.18, [66076, 62858]
34, 1, 2.17, [66076, 14201]
34, 2, 2.17, [66076, 56240]
34, 3, 2.1, [66076, 62858]
34, 4, 2.09, [66076, 278]
34, 5, 2.06, [62858, 59751]
34, 6, 2.05, [821, 96648]
34, 7, 2.05, [66169, 86]
34, 8, 2.04, [73932, 90]
34, 9, 2.03, [11388, 66171]
35, 0, 2.18, [66076, 62858]
35, 1, 2.17, [66076, 14201]
35, 2, 2.1, [14200, 14198]
35, 3, 2.1, [14198, 46]
35, 4, 2.09, [70196, 14201]
35, 5, 2.08, [66076, 285]
35, 6, 2.07, [282, 98062]
35, 7, 2.06, [70194, 62858]
35, 8, 2.05, [70196, 62858]
35, 9, 2.03, [47392, 80449]
36, 0, 2.18, [66076, 62858]
36, 1, 2.17, [66076, 14201]
36, 2, 2.13, [70194, 14198]
36, 3, 2.13, [66076, 14199]
36, 4, 2.12, [14200, 56240]
36, 5, 2.11, [70194, 62858]
36, 6, 2.1, [70193, 62858]
36, 7, 2.09, [62858, 89]
36, 8, 2.06, [76776, 124712]
36, 9, 2.06, [70193, 91978]
37, 0, 2.18, [66076, 62858]
37, 1, 2.17, [66076, 14201]
37, 2, 2.15, [66076, 14199]
37, 3, 2.14, [66079, 14198]
37, 4, 2.13, [66076, 14201]
37, 5, 2.1, [66076, 1063]
37, 6, 2.08, [86, 279]
37, 7, 2.07, [66076, 144434]
37, 8, 2.06, [47392, 66167]
37, 9, 2.03, [66076, 62858]
38, 0, 2.18, [66076, 62858]
38, 1, 2.17, [66076, 14201]
38, 2, 2.1, [66076, 14200]
38, 3, 2.09, [70195, 62858]
38, 4, 2.07, [66076, 66167]
38, 5, 2.06, [70195, 70193]
38, 6, 2.06, [66079, 14201]
38, 7, 2.05, [127089, 66169]
38, 8, 2.03, [93407, 81178]
38, 9, 2.03, [70197, 98062]
39, 0, 2.18, [66076, 62858]
39, 1, 2.17, [66076, 14201]
39, 2, 2.07, [66079, 14200]
39, 3, 2.07, [73932, 56239]
39, 4, 2.07, [66076, 66167]
39, 5, 2.06, [66079, 66167]
39, 6, 2.06, [13042, 126458]
39, 7, 2.06, [285, 56240]
39, 8, 2.03, [96144, 85839]
39, 9, 2.03, [558, 150655]
40, 0, 2.18, [66076, 62858]
40, 1, 2.17, [66076, 14201]
40, 2, 2.08, [46, 14200]
40, 3, 2.08, [85839, 14201]
40, 4, 2.07, [66079, 56241]
40, 5, 2.07, [66076, 56240]
40, 6, 2.06, [66076, 40787]
40, 7, 2.06, [56239, 66170]
40, 8, 2.05, [66079, 14200]
40, 9, 2.04, [42918, 56239]
41, 0, 2.18, [66076, 62858]
41, 1, 2.17, [66076, 14201]
41, 2, 2.12, [66076, 14197]
41, 3, 2.12, [1063, 80450]
41, 4, 2.1, [66076, 70198]
41, 5, 2.1, [66076, 14200]
41, 6, 2.08, [46, 66169]
41, 7, 2.05, [85839, 66167]
41, 8, 2.05, [46, 62858]
41, 9, 2.05, [70198, 821]
42, 0, 2.18, [66076, 62858]
42, 1, 2.17, [66076, 14201]
42, 2, 2.13, [285, 14201]
42, 3, 2.12, [283, 70199]
42, 4, 2.12, [70193, 14201]
42, 5, 2.09, [121382, 89]
42, 6, 2.05, [70196, 80450]
42, 7, 2.04, [113478, 66078]
42, 8, 2.03, [14198, 73931]
42, 9, 2.02, [73931, 1063]
43, 0, 2.18, [66076, 62858]
43, 1, 2.17, [66076, 14201]
43, 2, 2.14, [66079, 14201]
43, 3, 2.14, [56237, 87]
43, 4, 2.11, [66076, 14197]
43, 5, 2.11, [66076, 14197]
43, 6, 2.09, [62858, 11388]
43, 7, 2.08, [1062, 62858]
43, 8, 2.07, [70193, 66169]
43, 9, 2.03, [80450, 70365]
44, 0, 2.18, [66076, 62858]
44, 1, 2.17, [66076, 14201]
44, 2, 2.11, [14201, 90]
44, 3, 2.08, [66078, 62858]
44, 4, 2.07, [66076, 66169]
44, 5, 2.07, [66076, 144434]
44, 6, 2.05, [70196, 14201]
44, 7, 2.05, [42918, 62858]
44, 8, 2.04, [66076, 70198]
44, 9, 2.03, [13042, 113478]
45, 0, 2.18, [66076, 62858]
45, 1, 2.17, [1061, 14201]
45, 2, 2.17, [66076, 14201]
45, 3, 2.14, [70193, 90]
45, 4, 2.1, [70194, 14201]
45, 5, 2.1, [14201, 66167]
45, 6, 2.06, [66079, 62858]
45, 7, 2.05, [66076, 66169]
45, 8, 2.04, [89, 47392]
45, 9, 2.01, [130282, 113478]
46, 0, 2.18, [66076, 62858]
46, 1, 2.17, [1061, 14201]
46, 2, 2.13, [1061, 56240]
46, 3, 2.12, [66076, 94016]
46, 4, 2.07, [284, 144434]
46, 5, 2.06, [13042, 98063]
46, 6, 2.06, [66076, 70194]
46, 7, 2.05, [66076, 40787]
46, 8, 2.04, [281, 62858]
46, 9, 2.03, [96144, 150655]
47, 0, 2.18, [66076, 62858]
47, 1, 2.17, [1061, 14201]
47, 2, 2.16, [46, 62858]
47, 3, 2.14, [70193, 56240]
47, 4, 2.1, [66076, 56237]
47, 5, 2.1, [66169, 62858]
47, 6, 2.1, [284, 66167]
47, 7, 2.09, [1061, 56240]
47, 8, 2.08, [284, 62858]
47, 9, 2.05, [70194, 56240]
48, 0, 2.18, [70364, 14201]
48, 1, 2.18, [66076, 62858]
48, 2, 2.17, [1061, 14201]
48, 3, 2.1, [1061, 66167]
48, 4, 2.09, [46, 14198]
48, 5, 2.07, [66079, 14201]
48, 6, 2.07, [90, 62858]
48, 7, 2.06, [90, 56240]
48, 8, 2.05, [66076, 40788]
48, 9, 2.03, [70195, 66167]
49, 0, 2.18, [70364, 14201]
49, 1, 2.18, [66076, 62858]
49, 2, 2.17, [1061, 14198]
49, 3, 2.11, [62858, 70193]
49, 4, 2.09, [286, 62858]
49, 5, 2.09, [66079, 14201]
49, 6, 2.08, [90, 62858]
49, 7, 2.08, [1061, 56240]
49, 8, 2.07, [66079, 14201]
49, 9, 2.06, [70195, 14201]
50, 0, 2.18, [70364, 14201]
50, 1, 2.18, [66076, 62858]
50, 2, 2.12, [66076, 13042]
50, 3, 2.1, [1060, 66079]
50, 4, 2.09, [70196, 14201]
50, 5, 2.09, [70364, 56241]
50, 6, 2.08, [90, 62858]
50, 7, 2.06, [66079, 62858]
50, 8, 2.06, [66076, 40787]
50, 9, 2.05, [56239, 96648]
