generation number, individual number, fitness, candidate
0, 0, 2.1, [1425, 1224]
0, 1, 2.06, [1287, 576]
0, 2, 2.04, [421, 1351]
0, 3, 2.04, [576, 571]
0, 4, 2.04, [1351, 421]
0, 5, 2.04, [785, 1141]
0, 6, 2.03, [1157, 2320]
0, 7, 2.01, [314, 1480]
0, 8, 2.01, [1347, 788]
0, 9, 2.01, [1475, 1146]
1, 0, 2.1, [1425, 1224]
1, 1, 2.06, [1425, 695]
1, 2, 2.06, [1425, 1226]
1, 3, 2.06, [1287, 576]
1, 4, 2.04, [1212, 1224]
1, 5, 2.03, [1620, 576]
1, 6, 2.03, [1935, 1224]
1, 7, 2.03, [576, 695]
1, 8, 2.02, [576, 831]
1, 9, 2.02, [1078, 1437]
2, 0, 2.1, [1425, 1224]
2, 1, 2.06, [1425, 695]
2, 2, 2.03, [4227, 1620]
2, 3, 2.02, [1424, 749]
2, 4, 2.02, [140, 785]
2, 5, 2.02, [970, 1224]
2, 6, 2.02, [1068, 1437]
2, 7, 2.01, [3662, 1025]
2, 8, 2.01, [1201, 1224]
2, 9, 2.0, [1201, 1226]
3, 0, 2.1, [1425, 1224]
3, 1, 2.06, [1425, 695]
3, 2, 2.05, [775, 788]
3, 3, 2.05, [1425, 1475]
3, 4, 2.03, [140, 751]
3, 5, 2.03, [1620, 1224]
3, 6, 2.02, [717, 1402]
3, 7, 2.02, [1425, 140]
3, 8, 2.01, [2110, 785]
3, 9, 2.01, [326, 421]
4, 0, 2.1, [1425, 1224]
4, 1, 2.06, [1068, 1378]
4, 2, 2.06, [1620, 1224]
4, 3, 2.06, [1425, 695]
4, 4, 2.05, [1425, 140]
4, 5, 2.03, [1425, 751]
4, 6, 2.03, [1695, 1480]
4, 7, 2.03, [1247, 751]
4, 8, 2.03, [1442, 140]
4, 9, 2.01, [1906, 1430]
5, 0, 2.14, [1425, 140]
5, 1, 2.1, [1425, 1224]
5, 2, 2.08, [421, 1224]
5, 3, 2.07, [576, 785]
5, 4, 2.06, [1068, 1378]
5, 5, 2.04, [1068, 140]
5, 6, 2.03, [4227, 695]
5, 7, 2.02, [1287, 1990]
5, 8, 2.02, [1247, 1378]
5, 9, 2.02, [1190, 1332]
6, 0, 2.14, [1425, 140]
6, 1, 2.1, [1425, 1224]
6, 2, 2.06, [1990, 1417]
6, 3, 2.06, [5684, 1224]
6, 4, 2.05, [1425, 1480]
6, 5, 2.05, [585, 1224]
6, 6, 2.05, [1425, 576]
6, 7, 2.04, [1518, 1480]
6, 8, 2.04, [751, 1430]
6, 9, 2.02, [421, 576]
7, 0, 2.14, [1425, 140]
7, 1, 2.1, [1425, 1224]
7, 2, 2.09, [1425, 1442]
7, 3, 2.07, [1091, 140]
7, 4, 2.07, [1425, 1149]
7, 5, 2.06, [2171, 576]
7, 6, 2.05, [1332, 140]
7, 7, 2.03, [2989, 1328]
7, 8, 2.0, [1518, 717]
7, 9, 2.0, [645, 1168]
8, 0, 2.14, [1425, 140]
8, 1, 2.1, [1425, 1224]
8, 2, 2.06, [1425, 576]
8, 3, 2.05, [1425, 1125]
8, 4, 2.03, [5684, 1224]
8, 5, 2.03, [1225, 1403]
8, 6, 2.02, [326, 1068]
8, 7, 2.02, [1425, 1223]
8, 8, 2.02, [775, 4227]
8, 9, 2.01, [1620, 1190]
9, 0, 2.14, [1425, 140]
9, 1, 2.11, [1425, 1480]
9, 2, 2.1, [1425, 1224]
9, 3, 2.08, [1425, 576]
9, 4, 2.07, [1425, 576]
9, 5, 2.06, [1425, 576]
9, 6, 2.03, [4227, 576]
9, 7, 2.03, [320, 1906]
9, 8, 2.01, [1580, 1146]
9, 9, 2.01, [4227, 1407]
10, 0, 2.14, [1425, 140]
10, 1, 2.11, [1425, 1480]
10, 2, 2.07, [1417, 1425]
10, 3, 2.06, [1190, 1401]
10, 4, 2.05, [2094, 1224]
10, 5, 2.04, [1350, 140]
10, 6, 2.04, [1425, 1190]
10, 7, 2.03, [1424, 576]
10, 8, 2.01, [1620, 1168]
10, 9, 2.01, [1827, 585]
11, 0, 2.16, [1509, 1827]
11, 1, 2.14, [1425, 140]
11, 2, 2.11, [1425, 1480]
11, 3, 2.06, [1442, 140]
11, 4, 2.05, [1425, 1279]
11, 5, 2.05, [1020, 576]
11, 6, 2.04, [1350, 314]
11, 7, 2.03, [1417, 1332]
11, 8, 2.02, [751, 1146]
11, 9, 2.0, [4227, 831]
12, 0, 2.21, [1509, 576]
12, 1, 2.16, [1509, 1827]
12, 2, 2.14, [1425, 140]
12, 3, 2.07, [1425, 905]
12, 4, 2.07, [1224, 1480]
12, 5, 2.05, [1425, 905]
12, 6, 2.04, [1425, 1497]
12, 7, 2.03, [1351, 140]
12, 8, 2.03, [1141, 1401]
12, 9, 2.01, [749, 1168]
13, 0, 2.21, [1509, 576]
13, 1, 2.21, [1509, 576]
13, 2, 2.18, [1509, 1190]
13, 3, 2.16, [1509, 1827]
13, 4, 2.11, [1425, 905]
13, 5, 2.07, [1401, 576]
13, 6, 2.07, [3124, 576]
13, 7, 2.04, [1403, 1827]
13, 8, 2.04, [1091, 785]
13, 9, 2.03, [1225, 1224]
14, 0, 2.21, [1509, 576]
14, 1, 2.21, [1509, 576]
14, 2, 2.16, [1509, 1619]
14, 3, 2.16, [1509, 314]
14, 4, 2.04, [2989, 576]
14, 5, 2.02, [1351, 571]
14, 6, 2.02, [2377, 1827]
14, 7, 2.02, [1442, 1107]
14, 8, 2.01, [1190, 717]
14, 9, 2.01, [831, 2377]
15, 0, 2.22, [1509, 3124]
15, 1, 2.21, [1509, 576]
15, 2, 2.21, [1509, 576]
15, 3, 2.11, [1509, 645]
15, 4, 2.06, [1347, 576]
15, 5, 2.04, [1125, 1619]
15, 6, 2.02, [1401, 3662]
15, 7, 2.01, [975, 1906]
15, 8, 2.01, [1040, 1068]
15, 9, 2.01, [1068, 1279]
16, 0, 2.22, [1509, 3124]
16, 1, 2.21, [1509, 576]
16, 2, 2.17, [749, 1509]
16, 3, 2.17, [1509, 1223]
16, 4, 2.13, [1509, 314]
16, 5, 2.05, [1827, 576]
16, 6, 2.03, [1402, 1368]
16, 7, 2.03, [1425, 1906]
16, 8, 2.03, [1125, 1580]
16, 9, 2.02, [1990, 2989]
17, 0, 2.22, [1509, 3124]
17, 1, 2.21, [1509, 576]
17, 2, 2.16, [1437, 1509]
17, 3, 2.13, [1509, 571]
17, 4, 2.05, [749, 585]
17, 5, 2.03, [1402, 6917]
17, 6, 2.02, [1990, 1827]
17, 7, 2.02, [571, 1230]
17, 8, 2.01, [1332, 1695]
17, 9, 2.01, [975, 314]
18, 0, 2.22, [1509, 3124]
18, 1, 2.21, [1509, 576]
18, 2, 2.12, [1509, 3124]
18, 3, 2.02, [749, 785]
18, 4, 2.02, [1090, 2171]
18, 5, 2.01, [749, 645]
18, 6, 2.01, [1767, 421]
18, 7, 2.0, [3124, 1767]
18, 8, 2.0, [1146, 749]
18, 9, 2.0, [1212, 3124]
19, 0, 2.22, [1509, 3124]
19, 1, 2.21, [1509, 576]
19, 2, 2.03, [788, 1442]
19, 3, 2.02, [1141, 1090]
19, 4, 2.02, [1990, 576]
19, 5, 2.02, [5684, 320]
19, 6, 2.02, [1403, 1059]
19, 7, 2.02, [1990, 2171]
19, 8, 2.0, [1020, 1040]
19, 9, 2.0, [1695, 314]
20, 0, 2.22, [1509, 3124]
20, 1, 2.21, [1509, 1620]
20, 2, 2.21, [1509, 576]
20, 3, 2.2, [1509, 585]
20, 4, 2.13, [1509, 1225]
20, 5, 2.03, [1407, 1475]
20, 6, 2.03, [5684, 1401]
20, 7, 2.03, [1078, 1141]
20, 8, 2.02, [775, 4227]
20, 9, 2.01, [1620, 1518]
21, 0, 2.22, [1509, 3124]
21, 1, 2.21, [1509, 1620]
21, 2, 2.04, [1125, 1025]
21, 3, 2.03, [970, 1328]
21, 4, 2.02, [1347, 1827]
21, 5, 2.02, [1368, 1480]
21, 6, 2.01, [1378, 1442]
21, 7, 2.01, [1146, 697]
21, 8, 2.01, [1518, 576]
21, 9, 2.0, [1611, 3124]
22, 0, 2.31, [1509, 1351]
22, 1, 2.22, [1509, 3124]
22, 2, 2.21, [1509, 1620]
22, 3, 2.07, [1442, 751]
22, 4, 2.05, [1224, 1025]
22, 5, 2.04, [1767, 1328]
22, 6, 2.02, [1223, 1935]
22, 7, 2.02, [2171, 3124]
22, 8, 2.01, [1020, 2320]
22, 9, 2.0, [1058, 5684]
23, 0, 2.31, [1509, 1351]
23, 1, 2.22, [1509, 3124]
23, 2, 2.2, [1509, 1068]
23, 3, 2.06, [1224, 1475]
23, 4, 2.03, [1990, 970]
23, 5, 2.03, [1351, 1020]
23, 6, 2.01, [2377, 1403]
23, 7, 2.0, [1620, 1906]
23, 8, 2.0, [1020, 695]
23, 9, 2.0, [1695, 2094]
24, 0, 2.31, [1509, 1351]
24, 1, 2.22, [1509, 3124]
24, 2, 2.14, [1509, 1935]
24, 3, 2.07, [645, 1351]
24, 4, 2.06, [1157, 1480]
24, 5, 2.04, [1125, 421]
24, 6, 2.03, [326, 320]
24, 7, 2.02, [1580, 1287]
24, 8, 2.02, [1125, 3124]
24, 9, 2.02, [3662, 1247]
25, 0, 2.31, [1509, 1351]
25, 1, 2.22, [1509, 3124]
25, 2, 2.17, [1509, 1287]
25, 3, 2.07, [1328, 1247]
25, 4, 2.05, [1580, 1425]
25, 5, 2.04, [2320, 1351]
25, 6, 2.03, [1131, 2320]
25, 7, 2.03, [2332, 1935]
25, 8, 2.03, [1442, 1351]
25, 9, 2.02, [1332, 905]
26, 0, 2.31, [1509, 1351]
26, 1, 2.22, [1509, 3124]
26, 2, 2.11, [1509, 1190]
26, 3, 2.05, [1767, 326]
26, 4, 2.04, [1351, 3124]
26, 5, 2.04, [1091, 1368]
26, 6, 2.03, [788, 1401]
26, 7, 2.03, [975, 1990]
26, 8, 2.02, [1190, 6917]
26, 9, 2.01, [1091, 831]
27, 0, 2.31, [1509, 1351]
27, 1, 2.22, [1509, 3124]
27, 2, 2.19, [1509, 1827]
27, 3, 2.16, [1509, 1827]
27, 4, 2.02, [975, 1146]
27, 5, 2.02, [1767, 1935]
27, 6, 2.02, [1201, 1351]
27, 7, 2.01, [1368, 2320]
27, 8, 2.0, [1518, 3124]
27, 9, 2.0, [1695, 1311]
28, 0, 2.31, [1509, 1351]
28, 1, 2.22, [1509, 3124]
28, 2, 2.18, [1509, 1131]
28, 3, 2.06, [1224, 1351]
28, 4, 2.04, [1168, 1620]
28, 5, 2.04, [1224, 1401]
28, 6, 2.02, [2110, 1224]
28, 7, 2.0, [645, 1475]
28, 8, 2.0, [1190, 1028]
28, 9, 2.0, [1619, 749]
29, 0, 2.31, [1509, 1351]
29, 1, 2.22, [1509, 3124]
29, 2, 2.18, [1509, 1311]
29, 3, 2.06, [1020, 1091]
29, 4, 2.06, [1827, 1350]
29, 5, 2.06, [970, 576]
29, 6, 2.03, [571, 1131]
29, 7, 2.02, [717, 1652]
29, 8, 2.0, [1518, 3124]
29, 9, 2.0, [1279, 2094]
30, 0, 2.31, [1509, 1351]
30, 1, 2.22, [1509, 3124]
30, 2, 2.13, [1509, 571]
30, 3, 2.07, [2320, 1058]
30, 4, 2.06, [1091, 1695]
30, 5, 2.02, [970, 1611]
30, 6, 2.01, [905, 3124]
30, 7, 2.0, [970, 1190]
30, 8, 2.0, [2989, 1226]
30, 9, 2.0, [749, 787]
31, 0, 2.33, [1509, 717]
31, 1, 2.31, [1509, 1351]
31, 2, 2.22, [1509, 3124]
31, 3, 2.13, [1509, 1190]
31, 4, 2.07, [1328, 2320]
31, 5, 2.06, [1767, 1351]
31, 6, 2.03, [2332, 1058]
31, 7, 2.02, [1935, 1225]
31, 8, 2.01, [1990, 571]
31, 9, 2.0, [1619, 3124]
32, 0, 2.33, [1509, 717]
32, 1, 2.31, [1509, 1351]
32, 2, 2.12, [1509, 1619]
32, 3, 2.04, [2320, 1287]
32, 4, 2.03, [1168, 1351]
32, 5, 2.02, [1028, 1351]
32, 6, 2.02, [1497, 785]
32, 7, 2.0, [645, 1378]
32, 8, 2.0, [1424, 1279]
32, 9, 2.0, [1287, 1437]
33, 0, 2.33, [1509, 717]
33, 1, 2.31, [1509, 1351]
33, 2, 2.11, [1509, 717]
33, 3, 2.04, [2094, 1351]
33, 4, 2.03, [1332, 1025]
33, 5, 2.02, [1990, 1619]
33, 6, 2.02, [1695, 717]
33, 7, 2.01, [1230, 571]
33, 8, 2.01, [1028, 571]
33, 9, 2.0, [1040, 3662]
34, 0, 2.33, [1509, 717]
34, 1, 2.31, [1509, 1351]
34, 2, 2.06, [326, 140]
34, 3, 2.05, [1827, 1223]
34, 4, 2.04, [1224, 1935]
34, 5, 2.04, [1767, 717]
34, 6, 2.02, [1619, 717]
34, 7, 2.01, [1378, 775]
34, 8, 2.01, [787, 1475]
34, 9, 2.01, [645, 1442]
35, 0, 2.33, [1509, 717]
35, 1, 2.31, [1509, 1351]
35, 2, 2.19, [1509, 576]
35, 3, 2.19, [1509, 1378]
35, 4, 2.05, [1827, 1351]
35, 5, 2.03, [1403, 1351]
35, 6, 2.03, [749, 1328]
35, 7, 2.02, [1407, 1025]
35, 8, 2.01, [2989, 717]
35, 9, 2.0, [1715, 1403]
36, 0, 2.33, [1509, 717]
36, 1, 2.31, [1509, 1351]
36, 2, 2.22, [1509, 1378]
36, 3, 2.13, [1509, 1058]
36, 4, 2.03, [788, 314]
36, 5, 2.02, [645, 695]
36, 6, 2.01, [905, 970]
36, 7, 2.0, [1201, 1190]
36, 8, 2.0, [1059, 314]
36, 9, 2.0, [1168, 1107]
37, 0, 2.33, [1509, 717]
37, 1, 2.31, [1509, 1351]
37, 2, 2.09, [1509, 1378]
37, 3, 2.03, [1425, 717]
37, 4, 2.03, [1425, 717]
37, 5, 2.02, [1347, 1332]
37, 6, 2.01, [1425, 1226]
37, 7, 2.01, [1403, 1480]
37, 8, 2.0, [1025, 1437]
37, 9, 2.0, [970, 1028]
38, 0, 2.33, [1509, 717]
38, 1, 2.31, [1509, 1351]
38, 2, 2.16, [1509, 1378]
38, 3, 2.14, [1475, 1509]
38, 4, 2.04, [1025, 1091]
38, 5, 2.04, [1518, 1351]
38, 6, 2.02, [1091, 421]
38, 7, 2.01, [1025, 1580]
38, 8, 2.01, [585, 717]
38, 9, 2.01, [787, 1247]
39, 0, 2.33, [1509, 717]
39, 1, 2.31, [1509, 1351]
39, 2, 2.11, [1509, 1767]
39, 3, 2.06, [1091, 1351]
39, 4, 2.03, [1475, 1378]
39, 5, 2.02, [1107, 788]
39, 6, 2.02, [1378, 2377]
39, 7, 2.01, [1225, 2332]
39, 8, 2.0, [1020, 571]
39, 9, 2.0, [645, 1518]
40, 0, 2.33, [1509, 717]
40, 1, 2.31, [1509, 1351]
40, 2, 2.18, [1509, 697]
40, 3, 2.16, [1509, 831]
40, 4, 2.13, [1509, 2094]
40, 5, 2.05, [717, 1351]
40, 6, 2.02, [1279, 1058]
40, 7, 2.01, [1351, 1767]
40, 8, 2.01, [1475, 1168]
40, 9, 2.0, [1311, 1279]
41, 0, 2.33, [1509, 717]
41, 1, 2.31, [1509, 1351]
41, 2, 2.16, [1058, 1509]
41, 3, 2.13, [1509, 1028]
41, 4, 2.11, [1509, 2377]
41, 5, 2.11, [1509, 785]
41, 6, 2.08, [585, 1350]
41, 7, 2.05, [831, 1401]
41, 8, 2.03, [1695, 1332]
41, 9, 2.01, [645, 2171]
42, 0, 2.33, [1509, 717]
42, 1, 2.31, [1509, 1351]
42, 2, 2.15, [1509, 1935]
42, 3, 2.04, [1401, 717]
42, 4, 2.02, [1025, 1580]
42, 5, 2.02, [1402, 1935]
42, 6, 2.02, [2377, 788]
42, 7, 2.01, [1078, 1201]
42, 8, 2.01, [1580, 1402]
42, 9, 2.0, [1168, 1058]
43, 0, 2.33, [1509, 717]
43, 1, 2.31, [1509, 1351]
43, 2, 2.08, [1351, 1401]
43, 3, 2.06, [1442, 717]
43, 4, 2.06, [1442, 1350]
43, 5, 2.03, [1417, 749]
43, 6, 2.03, [521, 2377]
43, 7, 2.03, [421, 697]
43, 8, 2.03, [1091, 1351]
43, 9, 2.02, [585, 1351]
44, 0, 2.33, [1509, 717]
44, 1, 2.31, [1509, 1351]
44, 2, 2.17, [1509, 1190]
44, 3, 2.16, [1509, 1059]
44, 4, 2.11, [1509, 1212]
44, 5, 2.05, [326, 1332]
44, 6, 2.01, [1212, 717]
44, 7, 2.01, [1146, 645]
44, 8, 2.01, [749, 1475]
44, 9, 2.0, [585, 1378]
45, 0, 2.33, [1509, 717]
45, 1, 2.31, [1509, 1351]
45, 2, 2.14, [1509, 1378]
45, 3, 2.05, [1480, 3124]
45, 4, 2.04, [1287, 975]
45, 5, 2.03, [1695, 1351]
45, 6, 2.02, [1131, 1146]
45, 7, 2.01, [2110, 717]
45, 8, 2.01, [1141, 1025]
45, 9, 2.01, [1368, 749]
46, 0, 2.33, [1509, 717]
46, 1, 2.31, [1509, 1351]
46, 2, 2.21, [1509, 140]
46, 3, 2.2, [1509, 1378]
46, 4, 2.11, [1509, 1131]
46, 5, 2.09, [1509, 1990]
46, 6, 2.06, [1149, 1350]
46, 7, 2.05, [1125, 1068]
46, 8, 2.03, [1497, 1351]
46, 9, 2.03, [1368, 695]
47, 0, 2.33, [1509, 717]
47, 1, 2.31, [1509, 1351]
47, 2, 2.19, [1509, 585]
47, 3, 2.16, [1509, 1028]
47, 4, 2.09, [1509, 1378]
47, 5, 2.03, [1611, 1407]
47, 6, 2.0, [1212, 585]
47, 7, 2.0, [1619, 3124]
47, 8, 2.0, [1518, 970]
47, 9, 2.0, [695, 1497]
48, 0, 2.33, [1509, 717]
48, 1, 2.31, [1509, 1351]
48, 2, 2.17, [1509, 2332]
48, 3, 2.07, [1068, 1332]
48, 4, 2.04, [2320, 1403]
48, 5, 2.04, [1402, 1068]
48, 6, 2.03, [1224, 717]
48, 7, 2.03, [1125, 1225]
48, 8, 2.02, [1351, 717]
48, 9, 2.0, [1090, 1378]
49, 0, 2.33, [1509, 717]
49, 1, 2.31, [1509, 1351]
49, 2, 2.21, [1509, 1935]
49, 3, 2.17, [1509, 1064]
49, 4, 2.02, [697, 1141]
49, 5, 2.02, [905, 787]
49, 6, 2.02, [421, 717]
49, 7, 2.01, [6917, 2320]
49, 8, 2.01, [3662, 2171]
49, 9, 2.01, [421, 788]
50, 0, 2.33, [1509, 717]
50, 1, 2.31, [1509, 1351]
50, 2, 2.26, [1509, 1935]
50, 3, 2.15, [1509, 2094]
50, 4, 2.05, [1332, 2989]
50, 5, 2.04, [1125, 1715]
50, 6, 2.02, [788, 1020]
50, 7, 2.0, [831, 717]
50, 8, 2.0, [1068, 1378]
50, 9, 2.0, [2094, 1351]
