n_nodes,influence,n0,n1,n2,n3,n4
5,139.1700,7394,2647,4601,8158,3082
5,128.1800,4601,2647,7394,8158,67007
5,128.1800,4601,2647,7394,8158,67007
5,128.1800,4601,2647,7394,8158,67007
5,128.1800,4601,2647,7394,8158,67007
5,128.1100,4601,2647,7394,8158,67007
5,127.9800,4601,2647,7394,8158,67007
5,127.2100,4601,2647,7394,8158,34671
5,126.9400,7394,2647,4601,8158,67007
5,126.9400,7394,2647,4601,8158,67007
5,126.9400,7394,2647,4601,8158,67007
5,126.2900,7394,34671,2647,4601,50672
5,126.1400,7394,2647,4601,8158,70499
5,126.1400,7394,2647,4601,8158,19058
5,126.1400,7394,2647,4601,8158,19058
5,126.0000,4601,2647,7394,8158,67007
5,126.0000,4601,2647,7394,8158,67007
5,126.0000,4601,2647,7394,8158,67007
5,126.0000,4601,2647,7394,8158,67007
5,126.0000,4601,2647,7394,8158,67007
5,126.0000,4601,2647,7394,8158,67007
5,125.9800,4601,2647,7394,8158,67007
5,125.9800,4601,2647,7394,8158,67007
5,125.9800,4601,2647,7394,8158,67007
5,125.9800,4601,2647,7394,8158,67007
5,125.9800,4601,2647,7394,8158,67007
5,125.9800,4601,2647,7394,8158,67007
5,125.6900,7394,51447,2647,4601,8158
5,125.4600,7394,6913,2647,4601,8158
5,125.3800,7394,2647,4601,8158,34671
5,125.3800,7394,2647,4601,8158,34671
5,125.3800,7394,2647,4601,8158,34671
