n_nodes,influence,n0,n1,n2,n3,n4
5,245.5100,8,3,7,0,9
5,245.5100,8,3,7,0,9
5,245.5100,8,3,7,0,9
5,245.5100,8,3,7,0,9
5,245.5100,8,3,7,0,9
5,245.5100,8,3,7,0,9
5,245.5100,8,3,7,0,9
5,245.5100,8,3,7,0,9
5,245.5100,8,3,7,0,9
5,245.5100,8,3,7,0,9
5,245.5100,8,3,7,0,9
5,245.5100,8,3,7,0,9
5,245.5100,8,3,7,0,9
5,245.5100,8,3,7,0,9
5,245.5100,8,3,7,0,9
5,245.5100,8,3,7,0,9
5,245.5100,8,3,7,0,9
5,245.5100,8,3,7,0,9
5,245.5100,8,3,7,0,9
5,245.5100,8,3,7,0,9
5,245.5100,8,3,7,0,9
5,245.5100,8,3,7,0,9
5,245.5100,8,3,7,0,9
5,245.5100,8,3,7,0,9
5,243.7300,8,3,7,0,9
5,243.7300,8,3,7,0,9
5,242.7400,8,3,7,0,9
5,242.7400,8,3,7,0,9
5,241.9000,8,3,7,0,9
5,241.9000,8,3,7,0,9
5,241.9000,8,3,7,0,9
5,241.0300,8,3,7,0,9
