n_nodes,influence,n0,n1,n2,n3,n4
5,2142.5600,3201,2452,4624,6767,1354
5,2142.5600,3201,2452,4624,6767,1354
5,2142.5600,3201,2452,4624,6767,1354
5,2142.5600,3201,2452,4624,6767,1354
5,2142.5600,3201,2452,4624,6767,1354
5,2142.5600,3201,2452,4624,6767,1354
5,2142.5600,3201,2452,4624,6767,1354
5,2142.5600,3201,2452,4624,6767,1354
5,2142.5600,3201,2452,4624,6767,1354
5,2142.5600,3201,2452,4624,6767,1354
5,2142.5600,3201,2452,4624,6767,1354
5,2142.5600,3201,2452,4624,6767,1354
5,2142.5600,3201,2452,4624,6767,1354
5,2142.5600,3201,2452,4624,6767,1354
5,2142.5600,3201,2452,4624,6767,1354
5,2142.5600,3201,2452,4624,6767,1354
