generation number, individual number, fitness, candidate
0, 0, 3.15, [295, 269, 874]
0, 1, 3.12, [81, 103, 295]
0, 2, 3.09, [191, 2762, 2512]
0, 3, 3.04, [259, 104, 98]
0, 4, 3.04, [2530, 222, 1087]
0, 5, 3.02, [3716, 615, 260]
0, 6, 3.02, [265, 273, 149]
0, 7, 3.01, [285, 316, 103]
0, 8, 3.01, [1095, 2770, 380]
0, 9, 3.01, [2156, 1082, 335]
1, 0, 3.15, [295, 269, 874]
1, 1, 3.12, [295, 279, 103]
1, 2, 3.12, [81, 103, 295]
1, 3, 3.11, [295, 269, 2532]
1, 4, 3.1, [295, 259, 1087]
1, 5, 3.09, [193, 2762, 295]
1, 6, 3.08, [2514, 2156, 874]
1, 7, 3.07, [616, 103, 2512]
1, 8, 3.06, [81, 2762, 295]
1, 9, 3.03, [265, 2764, 98]
2, 0, 3.15, [295, 269, 874]
2, 1, 3.14, [295, 159, 874]
2, 2, 3.12, [295, 260, 874]
2, 3, 3.12, [295, 279, 103]
2, 4, 3.1, [81, 269, 193]
2, 5, 3.09, [295, 2156, 103]
2, 6, 3.09, [295, 288, 103]
2, 7, 3.09, [295, 2767, 2762]
2, 8, 3.08, [81, 2770, 295]
2, 9, 3.08, [316, 269, 103]
3, 0, 3.17, [295, 159, 2767]
3, 1, 3.15, [295, 269, 874]
3, 2, 3.14, [295, 159, 874]
3, 3, 3.1, [876, 269, 874]
3, 4, 3.1, [295, 2156, 103]
3, 5, 3.09, [2513, 534, 874]
3, 6, 3.08, [295, 343, 874]
3, 7, 3.07, [2765, 283, 874]
3, 8, 3.05, [259, 279, 2595]
3, 9, 3.03, [81, 3716, 102]
4, 0, 3.17, [295, 159, 2767]
4, 1, 3.15, [295, 269, 874]
4, 2, 3.13, [295, 277, 1086]
4, 3, 3.06, [98, 77, 2767]
4, 4, 3.06, [2712, 269, 2593]
4, 5, 3.06, [615, 609, 874]
4, 6, 3.05, [283, 285, 2597]
4, 7, 3.05, [558, 1811, 1087]
4, 8, 3.04, [261, 159, 2767]
4, 9, 3.03, [244, 159, 3155]
5, 0, 3.19, [295, 159, 2770]
5, 1, 3.18, [295, 269, 2596]
5, 2, 3.17, [295, 159, 2767]
5, 3, 3.15, [295, 159, 2596]
5, 4, 3.15, [295, 269, 874]
5, 5, 3.14, [295, 277, 291]
5, 6, 3.11, [295, 159, 2596]
5, 7, 3.08, [380, 4602, 2596]
5, 8, 3.06, [1082, 277, 303]
5, 9, 3.06, [2770, 300, 622]
6, 0, 3.19, [295, 159, 2770]
6, 1, 3.18, [295, 269, 2596]
6, 2, 3.17, [295, 277, 220]
6, 3, 3.11, [103, 269, 2770]
6, 4, 3.1, [277, 209, 261]
6, 5, 3.08, [295, 263, 2596]
6, 6, 3.08, [295, 2156, 2770]
6, 7, 3.08, [295, 159, 2595]
6, 8, 3.04, [259, 159, 2596]
6, 9, 3.03, [219, 159, 193]
7, 0, 3.19, [295, 269, 209]
7, 1, 3.19, [295, 159, 2770]
7, 2, 3.18, [295, 269, 2596]
7, 3, 3.14, [295, 77, 2770]
7, 4, 3.13, [295, 77, 2596]
7, 5, 3.12, [295, 279, 2770]
7, 6, 3.11, [295, 288, 2770]
7, 7, 3.09, [295, 159, 222]
7, 8, 3.08, [295, 159, 335]
7, 9, 3.08, [103, 2530, 220]
8, 0, 3.19, [295, 269, 209]
8, 1, 3.19, [295, 159, 2770]
8, 2, 3.13, [295, 297, 3155]
8, 3, 3.12, [295, 261, 2770]
8, 4, 3.11, [295, 1087, 81]
8, 5, 3.11, [295, 300, 2596]
8, 6, 3.11, [295, 2596, 1086]
8, 7, 3.09, [2515, 2512, 209]
8, 8, 3.06, [295, 2156, 2770]
8, 9, 3.05, [2514, 159, 209]
9, 0, 3.19, [295, 269, 209]
9, 1, 3.19, [295, 159, 2770]
9, 2, 3.12, [295, 2596, 2770]
9, 3, 3.12, [295, 301, 2512]
9, 4, 3.1, [250, 269, 2770]
9, 5, 3.09, [295, 2596, 209]
9, 6, 3.08, [876, 297, 2770]
9, 7, 3.07, [2764, 159, 3155]
9, 8, 3.07, [250, 2762, 209]
9, 9, 3.03, [154, 104, 2765]
10, 0, 3.19, [295, 269, 209]
10, 1, 3.19, [295, 159, 2770]
10, 2, 3.17, [295, 269, 2765]
10, 3, 3.16, [295, 2596, 222]
10, 4, 3.13, [250, 269, 2512]
10, 5, 3.13, [295, 1080, 537]
10, 6, 3.13, [295, 269, 2765]
10, 7, 3.13, [295, 302, 2512]
10, 8, 3.13, [295, 277, 209]
10, 9, 3.12, [295, 303, 209]
