generation number, individual number, fitness, candidate
0, 0, 16.2, [282, 24, 3742]
0, 1, 14.98, [2595, 1825, 3754]
0, 2, 13.16, [2595, 689, 702]
0, 3, 12.2, [4128, 1322, 3754]
0, 4, 11.68, [546, 3742, 1040]
0, 5, 11.14, [1825, 269, 3735]
0, 6, 11.1, [1830, 3749, 3746]
0, 7, 10.16, [4128, 3746, 3740]
0, 8, 9.64, [4128, 3761, 3755]
0, 9, 9.41, [4128, 1833, 3740]
1, 0, 18.07, [282, 693, 3742]
1, 1, 16.2, [282, 24, 3742]
1, 2, 15.24, [282, 3777, 2156]
1, 3, 14.98, [2595, 1825, 3754]
1, 4, 14.59, [3747, 1825, 702]
1, 5, 14.04, [282, 546, 3754]
1, 6, 13.73, [282, 1833, 3754]
1, 7, 13.06, [352, 24, 72]
1, 8, 12.67, [2598, 24, 3742]
1, 9, 12.39, [295, 24, 181]
2, 0, 18.07, [282, 693, 3742]
2, 1, 17.28, [282, 181, 3742]
2, 2, 16.34, [3747, 1825, 2156]
2, 3, 16.26, [282, 229, 2156]
2, 4, 16.2, [282, 24, 3742]
2, 5, 15.78, [77, 3777, 3742]
2, 6, 15.07, [282, 693, 4129]
2, 7, 14.88, [77, 3777, 3754]
2, 8, 13.95, [282, 287, 269]
2, 9, 13.03, [282, 24, 2261]
3, 0, 18.07, [282, 693, 3742]
3, 1, 17.83, [282, 229, 3742]
3, 2, 17.28, [282, 181, 3742]
3, 3, 17.02, [282, 1825, 269]
3, 4, 16.04, [282, 181, 3750]
3, 5, 14.71, [546, 693, 3742]
3, 6, 14.56, [3747, 693, 3736]
3, 7, 14.25, [282, 3739, 1830]
3, 8, 12.69, [282, 1826, 2156]
3, 9, 11.83, [3747, 4108, 3742]
4, 0, 18.07, [282, 693, 3742]
4, 1, 17.97, [282, 229, 3736]
4, 2, 17.83, [282, 229, 3742]
4, 3, 16.53, [77, 1541, 3742]
4, 4, 15.08, [3739, 1825, 3742]
4, 5, 14.54, [282, 119, 693]
4, 6, 14.32, [282, 229, 291]
4, 7, 13.93, [282, 77, 3742]
4, 8, 12.02, [3755, 693, 269]
4, 9, 11.08, [3740, 693, 1987]
5, 0, 18.07, [282, 693, 3742]
5, 1, 17.97, [282, 229, 3736]
5, 2, 17.59, [284, 693, 3736]
5, 3, 16.94, [77, 229, 3742]
5, 4, 16.5, [77, 693, 3743]
5, 5, 16.05, [282, 702, 3742]
5, 6, 15.14, [2229, 693, 3755]
5, 7, 14.85, [282, 3739, 269]
5, 8, 13.99, [3736, 702, 359]
5, 9, 13.74, [282, 1541, 546]
6, 0, 18.07, [282, 693, 3742]
6, 1, 17.97, [282, 229, 3736]
6, 2, 17.77, [282, 229, 3736]
6, 3, 17.42, [284, 693, 3736]
6, 4, 17.21, [282, 229, 3736]
6, 5, 16.48, [77, 229, 3746]
6, 6, 16.26, [282, 229, 3752]
6, 7, 15.96, [282, 702, 3742]
6, 8, 15.58, [77, 229, 3749]
6, 9, 14.3, [282, 693, 3758]
7, 0, 18.32, [282, 693, 2229]
7, 1, 18.2, [77, 229, 3742]
7, 2, 18.07, [282, 693, 3742]
7, 3, 17.97, [282, 229, 3736]
7, 4, 17.8, [77, 229, 3742]
7, 5, 17.04, [282, 24, 3736]
7, 6, 16.48, [282, 229, 689]
7, 7, 16.22, [282, 229, 2156]
7, 8, 15.02, [282, 101, 352]
7, 9, 14.1, [282, 1826, 3736]
8, 0, 18.39, [282, 229, 3736]
8, 1, 18.32, [282, 693, 2229]
8, 2, 18.2, [77, 229, 3742]
8, 3, 17.89, [3752, 693, 2229]
8, 4, 17.65, [282, 3105, 3742]
8, 5, 16.13, [282, 2260, 3742]
8, 6, 16.04, [282, 693, 4128]
8, 7, 15.84, [282, 693, 3744]
8, 8, 14.92, [282, 229, 3745]
8, 9, 13.77, [181, 693, 2598]
9, 0, 19.67, [77, 693, 3736]
9, 1, 18.86, [77, 693, 2229]
9, 2, 18.43, [77, 229, 2229]
9, 3, 18.39, [282, 229, 3736]
9, 4, 18.32, [282, 693, 2229]
9, 5, 17.77, [282, 24, 3736]
9, 6, 16.07, [1032, 229, 3736]
9, 7, 14.77, [282, 229, 4128]
9, 8, 13.88, [1834, 693, 2229]
9, 9, 11.06, [159, 2463, 1833]
10, 0, 20.42, [77, 693, 3736]
10, 1, 19.67, [77, 693, 3736]
10, 2, 18.91, [77, 702, 3736]
10, 3, 18.86, [77, 693, 2229]
10, 4, 18.06, [77, 702, 2229]
10, 5, 16.33, [159, 693, 2229]
10, 6, 16.21, [77, 1040, 2229]
10, 7, 16.02, [159, 229, 3736]
10, 8, 14.53, [181, 693, 275]
10, 9, 14.4, [1987, 693, 3736]
11, 0, 20.42, [77, 693, 3736]
11, 1, 19.67, [77, 693, 3736]
11, 2, 19.09, [77, 1322, 3736]
11, 3, 17.98, [77, 24, 3736]
11, 4, 16.74, [77, 693, 3744]
11, 5, 15.39, [77, 693, 3748]
11, 6, 14.85, [181, 293, 3736]
11, 7, 14.68, [119, 693, 3100]
11, 8, 12.38, [3102, 291, 3736]
11, 9, 12.21, [269, 282, 3102]
12, 0, 20.42, [77, 693, 3736]
12, 1, 20.05, [77, 229, 3736]
12, 2, 19.67, [77, 693, 3736]
12, 3, 16.22, [77, 279, 3741]
12, 4, 15.67, [275, 693, 3736]
12, 5, 14.31, [229, 3743, 3736]
12, 6, 14.15, [77, 24, 3759]
12, 7, 13.47, [3739, 295, 3736]
12, 8, 13.44, [77, 295, 3733]
12, 9, 13.33, [275, 693, 4128]
13, 0, 20.42, [77, 693, 3736]
13, 1, 20.05, [77, 229, 3736]
13, 2, 18.27, [77, 24, 3736]
13, 3, 17.59, [77, 3742, 3736]
13, 4, 17.14, [159, 229, 3736]
13, 5, 17.06, [2156, 693, 3736]
13, 6, 14.19, [689, 693, 3747]
13, 7, 12.05, [77, 4130, 4129]
13, 8, 11.93, [77, 3735, 4130]
13, 9, 10.24, [2598, 3739, 3750]
14, 0, 20.42, [77, 693, 3736]
14, 1, 20.05, [77, 229, 3736]
14, 2, 16.23, [77, 693, 3744]
14, 3, 15.87, [77, 229, 279]
14, 4, 15.0, [77, 3739, 3733]
14, 5, 13.16, [77, 2400, 1896]
14, 6, 12.87, [263, 693, 3736]
14, 7, 12.7, [3733, 1032, 3736]
14, 8, 12.04, [1321, 229, 3736]
14, 9, 10.96, [3102, 3743, 3736]
15, 0, 20.42, [77, 693, 3736]
15, 1, 20.05, [77, 229, 3736]
15, 2, 17.25, [3100, 72, 3736]
15, 3, 16.03, [77, 1315, 3744]
15, 4, 15.68, [77, 693, 3758]
15, 5, 15.09, [275, 229, 3736]
15, 6, 14.76, [119, 229, 3736]
15, 7, 14.61, [77, 229, 3748]
15, 8, 12.73, [275, 693, 3733]
15, 9, 12.71, [1829, 693, 4129]
16, 0, 20.42, [77, 693, 3736]
16, 1, 20.05, [77, 229, 3736]
16, 2, 16.52, [282, 1825, 4129]
16, 3, 15.81, [275, 693, 3736]
16, 4, 15.66, [3100, 2595, 3736]
16, 5, 15.35, [275, 72, 3736]
16, 6, 12.88, [3100, 229, 2261]
16, 7, 11.98, [119, 693, 3754]
16, 8, 11.65, [263, 1315, 3736]
16, 9, 10.73, [4130, 229, 3755]
17, 0, 20.42, [77, 693, 3736]
17, 1, 20.05, [77, 229, 3736]
17, 2, 19.15, [77, 229, 3736]
17, 3, 18.46, [181, 282, 3736]
17, 4, 17.37, [282, 229, 3736]
17, 5, 16.66, [77, 693, 3737]
17, 6, 16.61, [77, 3743, 3736]
17, 7, 16.0, [159, 3742, 693]
17, 8, 12.83, [275, 693, 3737]
17, 9, 12.4, [181, 1032, 2261]
18, 0, 20.42, [77, 693, 3736]
18, 1, 20.05, [77, 229, 3736]
18, 2, 17.07, [282, 269, 3736]
18, 3, 16.94, [77, 693, 3744]
18, 4, 16.53, [77, 693, 3754]
18, 5, 15.85, [3758, 282, 3736]
18, 6, 14.69, [77, 101, 3761]
18, 7, 14.56, [285, 229, 3736]
18, 8, 12.78, [3743, 229, 1541]
18, 9, 10.52, [1322, 4130, 3733]
19, 0, 20.42, [77, 693, 3736]
19, 1, 20.05, [77, 229, 3736]
19, 2, 19.2, [77, 229, 3736]
19, 3, 17.52, [77, 359, 3736]
19, 4, 16.77, [77, 291, 3736]
19, 5, 14.56, [282, 229, 3733]
19, 6, 12.4, [546, 3740, 3736]
19, 7, 12.33, [2490, 693, 284]
19, 8, 11.62, [3752, 229, 3735]
19, 9, 11.53, [3739, 693, 1040]
20, 0, 20.42, [77, 693, 3736]
20, 1, 20.05, [77, 229, 3736]
20, 2, 18.37, [77, 702, 3736]
20, 3, 17.7, [77, 2229, 279]
20, 4, 16.32, [159, 1315, 3736]
20, 5, 16.26, [77, 693, 3743]
20, 6, 14.62, [77, 229, 33]
20, 7, 14.49, [3744, 3742, 3736]
20, 8, 12.5, [77, 1826, 1541]
20, 9, 11.53, [77, 546, 1826]
21, 0, 20.42, [77, 693, 3736]
21, 1, 20.05, [77, 229, 3736]
21, 2, 16.66, [1825, 229, 181]
21, 3, 14.4, [284, 693, 3733]
21, 4, 13.42, [3740, 229, 3736]
21, 5, 13.23, [4794, 229, 3736]
21, 6, 12.08, [3105, 702, 293]
21, 7, 11.94, [1321, 3744, 3736]
21, 8, 11.05, [3759, 101, 1322]
21, 9, 11.02, [1987, 702, 4128]
22, 0, 20.42, [77, 693, 3736]
22, 1, 20.05, [77, 229, 3736]
22, 2, 19.49, [77, 702, 3736]
22, 3, 18.26, [282, 229, 3736]
22, 4, 17.98, [77, 693, 689]
22, 5, 16.29, [77, 3737, 3736]
22, 6, 15.78, [77, 693, 3743]
22, 7, 15.16, [1825, 3758, 3736]
22, 8, 12.93, [77, 1896, 1315]
22, 9, 12.41, [263, 229, 3736]
23, 0, 20.42, [77, 693, 3736]
23, 1, 20.05, [77, 229, 3736]
23, 2, 16.87, [77, 1896, 3736]
23, 3, 16.36, [3742, 693, 3736]
23, 4, 14.66, [181, 229, 3746]
23, 5, 13.44, [3100, 229, 3754]
23, 6, 13.42, [77, 3777, 291]
23, 7, 13.02, [279, 291, 3736]
23, 8, 12.46, [1829, 702, 359]
23, 9, 9.8, [3735, 693, 2595]
24, 0, 20.42, [77, 693, 3736]
24, 1, 20.05, [77, 229, 3736]
24, 2, 16.82, [3736, 693, 3105]
24, 3, 16.39, [159, 229, 3736]
24, 4, 14.3, [77, 1896, 3733]
24, 5, 14.02, [3745, 229, 3736]
24, 6, 13.87, [77, 287, 1605]
24, 7, 13.43, [77, 1896, 3737]
24, 8, 13.31, [3742, 271, 3736]
24, 9, 12.26, [4129, 693, 275]
25, 0, 20.42, [77, 693, 3736]
25, 1, 20.05, [77, 229, 3736]
25, 2, 15.23, [77, 284, 3736]
25, 3, 14.99, [1825, 693, 1987]
25, 4, 14.28, [271, 24, 3736]
25, 5, 13.68, [2400, 24, 3736]
25, 6, 13.63, [1315, 702, 3736]
25, 7, 13.27, [3736, 1322, 4129]
25, 8, 12.81, [287, 693, 3754]
25, 9, 11.74, [293, 33, 3736]
26, 0, 20.42, [77, 693, 3736]
26, 1, 20.05, [77, 229, 3736]
26, 2, 19.28, [77, 2260, 3736]
26, 3, 18.36, [77, 702, 3736]
26, 4, 17.97, [77, 702, 3736]
26, 5, 15.07, [77, 1826, 3736]
26, 6, 14.63, [77, 284, 3100]
26, 7, 12.0, [2260, 693, 119]
26, 8, 11.21, [33, 284, 3758]
26, 9, 10.0, [1006, 693, 275]
27, 0, 20.42, [77, 693, 3736]
27, 1, 20.05, [77, 229, 3736]
27, 2, 16.13, [3105, 702, 3736]
27, 3, 16.04, [77, 1686, 3736]
27, 4, 14.15, [159, 2261, 3742]
27, 5, 13.33, [702, 3753, 3736]
27, 6, 13.07, [159, 693, 1322]
27, 7, 12.51, [2598, 293, 3736]
27, 8, 11.9, [2598, 229, 3746]
27, 9, 10.97, [3754, 3740, 3736]
28, 0, 20.42, [77, 693, 3736]
28, 1, 20.05, [77, 229, 3736]
28, 2, 18.41, [77, 1322, 3736]
28, 3, 16.29, [77, 702, 3754]
28, 4, 14.18, [77, 2400, 3744]
28, 5, 14.08, [689, 3741, 3736]
28, 6, 14.05, [4129, 229, 3736]
28, 7, 13.88, [3105, 693, 3746]
28, 8, 13.68, [3746, 4129, 3736]
28, 9, 13.45, [77, 279, 3740]
29, 0, 20.42, [77, 693, 3736]
29, 1, 20.05, [77, 229, 3736]
29, 2, 19.34, [1831, 693, 3736]
29, 3, 17.39, [77, 1040, 3736]
29, 4, 15.46, [77, 1322, 287]
29, 5, 15.3, [119, 2156, 3736]
29, 6, 15.25, [77, 693, 3759]
29, 7, 14.2, [77, 3100, 3735]
29, 8, 12.48, [77, 284, 3743]
29, 9, 10.92, [119, 3750, 3397]
30, 0, 20.42, [77, 693, 3736]
30, 1, 20.05, [77, 229, 3736]
30, 2, 19.09, [77, 24, 3736]
30, 3, 16.78, [77, 352, 3744]
30, 4, 16.13, [3105, 1829, 3736]
30, 5, 15.16, [77, 229, 3755]
30, 6, 13.29, [4108, 282, 1322]
30, 7, 12.04, [275, 693, 291]
30, 8, 11.91, [77, 1321, 285]
30, 9, 11.69, [4794, 229, 689]
31, 0, 20.42, [77, 693, 3736]
31, 1, 20.05, [77, 229, 3736]
31, 2, 19.43, [3397, 77, 3736]
31, 3, 16.28, [77, 279, 3744]
31, 4, 16.19, [282, 1896, 3736]
31, 5, 15.85, [77, 229, 3733]
31, 6, 15.77, [77, 352, 3733]
31, 7, 13.62, [77, 2598, 3754]
31, 8, 12.89, [33, 2598, 3736]
31, 9, 11.52, [3737, 693, 3758]
32, 0, 20.42, [77, 693, 3736]
32, 1, 20.05, [77, 229, 3736]
32, 2, 19.13, [77, 1315, 3736]
32, 3, 18.92, [77, 4131, 3736]
32, 4, 14.5, [4128, 546, 3736]
32, 5, 13.7, [3752, 285, 3736]
32, 6, 13.1, [101, 287, 3736]
32, 7, 13.0, [1541, 693, 3397]
32, 8, 12.95, [159, 229, 4129]
32, 9, 12.18, [3741, 693, 3749]
33, 0, 20.42, [77, 693, 3736]
33, 1, 20.05, [77, 229, 3736]
33, 2, 17.63, [77, 359, 3736]
33, 3, 17.61, [77, 3760, 1825]
33, 4, 16.75, [77, 3740, 3736]
33, 5, 16.33, [77, 693, 3743]
33, 6, 15.09, [77, 1315, 3737]
33, 7, 14.59, [2229, 3740, 3736]
33, 8, 14.01, [3777, 229, 3736]
33, 9, 12.35, [77, 3750, 4794]
34, 0, 20.42, [77, 693, 3736]
34, 1, 20.05, [77, 229, 3736]
34, 2, 16.11, [275, 693, 1825]
34, 3, 15.6, [2463, 229, 77]
34, 4, 15.38, [77, 229, 4131]
34, 5, 14.84, [3753, 1829, 3736]
34, 6, 14.72, [77, 1896, 229]
34, 7, 14.52, [689, 229, 2260]
34, 8, 12.76, [77, 3760, 1826]
34, 9, 12.4, [77, 284, 1322]
35, 0, 20.42, [77, 693, 3736]
35, 1, 20.05, [77, 229, 3736]
35, 2, 16.95, [159, 3105, 3736]
35, 3, 16.28, [77, 693, 3744]
35, 4, 15.98, [3752, 229, 3736]
35, 5, 15.22, [77, 291, 229]
35, 6, 14.95, [3397, 3752, 159]
35, 7, 14.0, [275, 693, 284]
35, 8, 13.81, [159, 229, 1541]
35, 9, 13.12, [263, 693, 3736]
36, 0, 20.42, [77, 693, 3736]
36, 1, 20.05, [77, 229, 3736]
36, 2, 18.56, [159, 3105, 3736]
36, 3, 18.48, [77, 702, 3736]
36, 4, 16.66, [159, 229, 3736]
36, 5, 16.3, [77, 693, 3749]
36, 6, 15.02, [159, 3777, 3736]
36, 7, 14.59, [77, 702, 119]
36, 8, 14.5, [77, 270, 3744]
36, 9, 14.27, [77, 693, 285]
37, 0, 20.42, [77, 693, 3736]
37, 1, 20.05, [77, 229, 3736]
37, 2, 17.76, [1032, 1831, 3736]
37, 3, 17.05, [284, 693, 3736]
37, 4, 16.06, [77, 693, 3744]
37, 5, 15.94, [275, 3105, 3736]
37, 6, 15.62, [77, 229, 3756]
37, 7, 15.4, [77, 3747, 1092]
37, 8, 13.97, [77, 24, 2490]
37, 9, 13.41, [159, 229, 3744]
38, 0, 20.42, [77, 693, 3736]
38, 1, 20.05, [77, 229, 3736]
38, 2, 17.3, [77, 1831, 3737]
38, 3, 16.62, [159, 24, 3736]
38, 4, 16.58, [77, 693, 3744]
38, 5, 16.52, [77, 2490, 3736]
38, 6, 15.62, [77, 693, 3753]
38, 7, 15.47, [1032, 229, 3736]
38, 8, 15.26, [282, 1896, 2229]
38, 9, 14.45, [1831, 693, 271]
39, 0, 20.42, [77, 693, 3736]
39, 1, 20.05, [77, 229, 3736]
39, 2, 17.0, [3100, 693, 3736]
39, 3, 16.91, [77, 693, 3749]
39, 4, 16.42, [77, 693, 3743]
39, 5, 15.95, [77, 1588, 3736]
39, 6, 13.65, [77, 2261, 3755]
39, 7, 12.01, [275, 229, 3737]
39, 8, 11.69, [2260, 229, 4129]
39, 9, 11.18, [352, 3747, 3750]
40, 0, 20.42, [77, 693, 3736]
40, 1, 20.05, [77, 229, 3736]
40, 2, 16.58, [77, 3105, 3749]
40, 3, 16.15, [77, 229, 3733]
40, 4, 15.25, [77, 3747, 3733]
40, 5, 13.91, [229, 3737, 2229]
40, 6, 13.88, [77, 3744, 3755]
40, 7, 13.18, [77, 693, 159]
40, 8, 10.67, [291, 693, 3743]
40, 9, 10.35, [285, 693, 4131]
41, 0, 20.42, [77, 693, 3736]
41, 1, 20.05, [77, 229, 3736]
41, 2, 17.67, [77, 4131, 3736]
41, 3, 16.99, [77, 24, 1829]
41, 4, 16.09, [77, 229, 352]
41, 5, 15.71, [77, 229, 3733]
41, 6, 15.12, [77, 4131, 3749]
41, 7, 14.89, [77, 3754, 3737]
41, 8, 13.95, [159, 3742, 269]
41, 9, 13.1, [263, 229, 3736]
42, 0, 20.42, [77, 693, 3736]
42, 1, 20.05, [77, 229, 3736]
42, 2, 18.57, [77, 1831, 287]
42, 3, 18.39, [77, 702, 3736]
42, 4, 16.93, [77, 229, 3746]
42, 5, 16.7, [77, 693, 279]
42, 6, 14.23, [159, 269, 181]
42, 7, 13.62, [77, 693, 3735]
42, 8, 13.49, [1040, 3744, 2229]
42, 9, 12.86, [159, 693, 285]
43, 0, 20.42, [77, 693, 3736]
43, 1, 20.05, [77, 229, 3736]
43, 2, 18.68, [77, 3742, 3736]
43, 3, 18.62, [1831, 181, 3736]
43, 4, 16.93, [77, 693, 3754]
43, 5, 16.37, [77, 689, 546]
43, 6, 14.3, [77, 3748, 3754]
43, 7, 13.23, [77, 4108, 3745]
43, 8, 12.95, [3758, 3105, 159]
43, 9, 12.89, [263, 693, 3736]
44, 0, 20.42, [77, 693, 3736]
44, 1, 20.05, [77, 229, 3736]
44, 2, 18.73, [77, 229, 3736]
44, 3, 17.02, [77, 693, 3733]
44, 4, 16.4, [159, 229, 3736]
44, 5, 15.01, [77, 229, 119]
44, 6, 12.91, [359, 271, 3736]
44, 7, 12.63, [275, 693, 3737]
44, 8, 11.74, [77, 282, 3754]
44, 9, 11.2, [4131, 229, 3741]
45, 0, 20.42, [77, 693, 3736]
45, 1, 20.05, [77, 229, 3736]
45, 2, 17.04, [77, 693, 3744]
45, 3, 17.01, [284, 693, 3736]
45, 4, 16.76, [77, 693, 3733]
45, 5, 16.32, [77, 702, 3739]
45, 6, 15.93, [77, 229, 3737]
45, 7, 14.69, [77, 3746, 1896]
45, 8, 14.07, [77, 295, 3746]
45, 9, 13.65, [3102, 693, 3736]
46, 0, 20.42, [77, 693, 3736]
46, 1, 20.05, [77, 229, 3736]
46, 2, 18.87, [77, 229, 3736]
46, 3, 15.77, [77, 693, 3758]
46, 4, 14.48, [159, 3748, 3736]
46, 5, 13.96, [159, 229, 3744]
46, 6, 13.61, [3748, 693, 3736]
46, 7, 12.63, [275, 229, 3744]
46, 8, 12.5, [263, 693, 3736]
46, 9, 12.07, [3745, 693, 352]
47, 0, 20.42, [77, 693, 3736]
47, 1, 20.05, [77, 229, 3736]
47, 2, 19.03, [77, 3742, 3736]
47, 3, 16.86, [159, 693, 3736]
47, 4, 16.85, [77, 693, 3754]
47, 5, 16.09, [77, 693, 3737]
47, 6, 15.69, [2595, 693, 3736]
47, 7, 12.57, [159, 229, 3758]
47, 8, 12.31, [77, 3761, 2400]
47, 9, 11.69, [1040, 693, 275]
48, 0, 20.42, [77, 693, 3736]
48, 1, 20.05, [77, 229, 3736]
48, 2, 18.46, [77, 229, 3736]
48, 3, 15.68, [77, 1686, 3736]
48, 4, 15.32, [77, 229, 1830]
48, 5, 14.02, [77, 2595, 3105]
48, 6, 13.71, [77, 24, 1605]
48, 7, 13.7, [3755, 24, 3736]
48, 8, 13.14, [101, 229, 3754]
48, 9, 12.85, [77, 4108, 2261]
49, 0, 20.42, [77, 693, 3736]
49, 1, 20.05, [77, 229, 3736]
49, 2, 19.24, [1825, 693, 3736]
49, 3, 18.44, [77, 702, 3736]
49, 4, 15.88, [77, 693, 3737]
49, 5, 15.16, [77, 359, 3744]
49, 6, 13.82, [229, 3741, 3736]
49, 7, 10.69, [2595, 693, 3761]
49, 8, 9.72, [3747, 3756, 3737]
49, 9, 8.55, [3735, 229, 3777]
50, 0, 20.42, [77, 693, 3736]
50, 1, 20.05, [77, 229, 3736]
50, 2, 18.44, [77, 1541, 3736]
50, 3, 16.03, [77, 693, 3777]
50, 4, 15.28, [1825, 4128, 3397]
50, 5, 15.04, [1830, 229, 3736]
50, 6, 14.24, [271, 229, 3736]
50, 7, 14.13, [77, 229, 24]
50, 8, 13.48, [3759, 693, 3736]
50, 9, 13.32, [159, 702, 3744]
