generation number, individual number, fitness, candidate
0, 0, 2.14, [3736, 3744]
0, 1, 2.1, [2598, 3752]
0, 2, 2.1, [181, 3746]
0, 3, 2.08, [3743, 1605]
0, 4, 2.08, [3761, 2595]
0, 5, 2.04, [1322, 3734]
0, 6, 2.03, [2260, 275]
0, 7, 2.03, [2463, 4301]
0, 8, 2.02, [285, 1032]
0, 9, 2.0, [1830, 4301]
1, 0, 2.19, [3756, 3752]
1, 1, 2.14, [3749, 3752]
1, 2, 2.14, [3736, 3744]
1, 3, 2.11, [3736, 3749]
1, 4, 2.11, [2156, 3744]
1, 5, 2.1, [3736, 3740]
1, 6, 2.1, [3744, 1825]
1, 7, 2.1, [2598, 3752]
1, 8, 2.09, [2598, 3748]
1, 9, 2.09, [2598, 3736]
2, 0, 2.19, [3756, 3752]
2, 1, 2.15, [3736, 3741]
2, 2, 2.14, [3744, 3752]
2, 3, 2.14, [3749, 3752]
2, 4, 2.13, [3749, 3753]
2, 5, 2.13, [3756, 3747]
2, 6, 2.12, [689, 3744]
2, 7, 2.12, [3749, 4128]
2, 8, 2.08, [1987, 3750]
2, 9, 2.07, [702, 1831]
3, 0, 2.21, [3756, 3742]
3, 1, 2.19, [3736, 3756]
3, 2, 2.19, [3756, 3752]
3, 3, 2.18, [3758, 3752]
3, 4, 2.15, [3736, 3741]
3, 5, 2.13, [3748, 3741]
3, 6, 2.13, [3736, 3756]
3, 7, 2.12, [3756, 3760]
3, 8, 2.12, [3760, 3741]
3, 9, 2.08, [3736, 3753]
4, 0, 2.21, [3756, 3742]
4, 1, 2.19, [3736, 3756]
4, 2, 2.1, [3756, 1830]
4, 3, 2.1, [3743, 3750]
4, 4, 2.09, [3759, 24]
4, 5, 2.07, [3736, 279]
4, 6, 2.06, [996, 3743]
4, 7, 2.06, [3754, 3759]
4, 8, 2.05, [2595, 4794]
4, 9, 2.03, [1032, 3756]
5, 0, 2.21, [3756, 3742]
5, 1, 2.19, [3736, 3756]
5, 2, 2.11, [1825, 4129]
5, 3, 2.1, [3736, 4129]
5, 4, 2.08, [3750, 1830]
5, 5, 2.08, [4128, 1825]
5, 6, 2.07, [3759, 3750]
5, 7, 2.07, [3756, 1040]
5, 8, 2.04, [33, 3743]
5, 9, 2.02, [269, 3759]
6, 0, 2.21, [3756, 3742]
6, 1, 2.19, [3736, 3756]
6, 2, 2.08, [159, 3756]
6, 3, 2.07, [3756, 2229]
6, 4, 2.07, [1833, 3105]
6, 5, 2.07, [3102, 3736]
6, 6, 2.06, [3754, 270]
6, 7, 2.06, [2260, 3756]
6, 8, 2.02, [3753, 3761]
6, 9, 2.0, [996, 1826]
7, 0, 2.21, [3756, 3742]
7, 1, 2.19, [3736, 3756]
7, 2, 2.16, [3733, 3742]
7, 3, 2.15, [2595, 3742]
7, 4, 2.11, [3733, 3742]
7, 5, 2.11, [546, 3742]
7, 6, 2.1, [3756, 1833]
7, 7, 2.1, [285, 3100]
7, 8, 2.04, [3100, 269]
7, 9, 2.04, [159, 4128]
8, 0, 2.22, [3736, 3752]
8, 1, 2.21, [3756, 3742]
8, 2, 2.19, [3736, 3756]
8, 3, 2.15, [275, 3742]
8, 4, 2.14, [3736, 1006]
8, 5, 2.13, [3733, 3741]
8, 6, 2.1, [3756, 1006]
8, 7, 2.06, [3733, 77]
8, 8, 2.05, [3755, 3102]
8, 9, 2.04, [279, 77]
9, 0, 2.27, [3736, 3752]
9, 1, 2.25, [3741, 3752]
9, 2, 2.22, [3736, 3752]
9, 3, 2.21, [3756, 3742]
9, 4, 2.2, [3749, 3742]
9, 5, 2.18, [3737, 3742]
9, 6, 2.16, [3756, 3739]
9, 7, 2.12, [3736, 3745]
9, 8, 2.1, [3756, 2229]
9, 9, 2.07, [3736, 3743]
10, 0, 2.27, [3736, 3752]
10, 1, 2.25, [3741, 3752]
10, 2, 2.19, [3749, 3741]
10, 3, 2.18, [2229, 3742]
10, 4, 2.12, [3736, 271]
10, 5, 2.11, [3736, 2464]
10, 6, 2.1, [1092, 3754]
10, 7, 2.1, [3743, 546]
10, 8, 2.06, [1605, 3752]
10, 9, 2.06, [3741, 4108]
11, 0, 2.27, [3736, 3752]
11, 1, 2.25, [3741, 3752]
11, 2, 2.23, [3736, 3742]
11, 3, 2.16, [3736, 3750]
11, 4, 2.13, [689, 1686]
11, 5, 2.12, [3736, 3741]
11, 6, 2.12, [2400, 3752]
11, 7, 2.12, [4128, 1830]
11, 8, 2.11, [2229, 3739]
11, 9, 2.1, [3758, 3752]
12, 0, 2.27, [3736, 3752]
12, 1, 2.25, [3741, 3752]
12, 2, 2.17, [3736, 689]
12, 3, 2.13, [689, 3756]
12, 4, 2.1, [4128, 3740]
12, 5, 2.09, [2464, 3744]
12, 6, 2.05, [101, 3750]
12, 7, 2.05, [285, 3741]
12, 8, 2.04, [3736, 1686]
12, 9, 2.03, [282, 1541]
13, 0, 2.27, [3736, 3752]
13, 1, 2.25, [3741, 3752]
13, 2, 2.09, [4128, 1826]
13, 3, 2.09, [3755, 3752]
13, 4, 2.08, [1006, 3754]
13, 5, 2.07, [279, 3756]
13, 6, 2.06, [2490, 1829]
13, 7, 2.05, [1588, 181]
13, 8, 2.05, [352, 293]
13, 9, 2.03, [3744, 4301]
14, 0, 2.27, [3736, 3752]
14, 1, 2.25, [3741, 3752]
14, 2, 2.19, [3760, 3752]
14, 3, 2.17, [3736, 3756]
14, 4, 2.13, [3742, 1322]
14, 5, 2.12, [3742, 1826]
14, 6, 2.12, [3105, 3733]
14, 7, 2.11, [4184, 3749]
14, 8, 2.1, [4184, 3752]
14, 9, 2.08, [3747, 229]
15, 0, 2.27, [3736, 3752]
15, 1, 2.25, [689, 3752]
15, 2, 2.25, [3741, 3752]
15, 3, 2.17, [3758, 3752]
15, 4, 2.13, [3741, 3102]
15, 5, 2.1, [3755, 3736]
15, 6, 2.09, [1825, 1686]
15, 7, 2.08, [3741, 1321]
15, 8, 2.07, [2260, 3741]
15, 9, 2.07, [3777, 1833]
16, 0, 2.27, [3736, 3752]
16, 1, 2.25, [689, 3752]
16, 2, 2.13, [3736, 352]
16, 3, 2.1, [3736, 3750]
16, 4, 2.1, [3749, 284]
16, 5, 2.09, [689, 295]
16, 6, 2.07, [3744, 159]
16, 7, 2.07, [1032, 3755]
16, 8, 2.07, [3744, 1321]
16, 9, 2.06, [3100, 287]
17, 0, 2.27, [3736, 3752]
17, 1, 2.25, [689, 3752]
17, 2, 2.19, [1825, 3752]
17, 3, 2.18, [3736, 3777]
17, 4, 2.11, [3736, 4131]
17, 5, 2.1, [3759, 3752]
17, 6, 2.1, [1831, 3752]
17, 7, 2.08, [3754, 4129]
17, 8, 2.05, [3733, 1032]
17, 9, 2.01, [1092, 2490]
18, 0, 2.27, [3736, 3752]
18, 1, 2.25, [689, 3752]
18, 2, 2.21, [3759, 3752]
18, 3, 2.21, [3749, 3100]
18, 4, 2.13, [1825, 3105]
18, 5, 2.12, [3740, 3750]
18, 6, 2.11, [3759, 3744]
18, 7, 2.1, [689, 285]
18, 8, 2.08, [159, 3750]
18, 9, 2.08, [1588, 3105]
19, 0, 2.27, [3736, 3752]
19, 1, 2.25, [689, 3752]
19, 2, 2.19, [1825, 3744]
19, 3, 2.12, [689, 3756]
19, 4, 2.09, [3749, 3756]
19, 5, 2.08, [3736, 3760]
19, 6, 2.06, [3760, 3105]
19, 7, 2.06, [4131, 284]
19, 8, 2.03, [3746, 1541]
19, 9, 2.03, [3737, 1831]
20, 0, 2.27, [3736, 3752]
20, 1, 2.26, [3736, 3760]
20, 2, 2.25, [689, 3752]
20, 3, 2.19, [3758, 3744]
20, 4, 2.14, [3736, 4130]
20, 5, 2.12, [1830, 3752]
20, 6, 2.12, [689, 3741]
20, 7, 2.11, [1825, 3741]
20, 8, 2.11, [3736, 285]
20, 9, 2.09, [3748, 1040]
21, 0, 2.27, [3736, 3752]
21, 1, 2.26, [3736, 3760]
21, 2, 2.25, [3736, 3752]
21, 3, 2.2, [3736, 3760]
21, 4, 2.17, [3758, 3736]
21, 5, 2.11, [2156, 3752]
21, 6, 2.11, [3755, 3744]
21, 7, 2.09, [3743, 3760]
21, 8, 2.06, [1826, 3760]
21, 9, 2.06, [3758, 3740]
22, 0, 2.27, [3736, 3752]
22, 1, 2.26, [3736, 3760]
22, 2, 2.13, [4131, 3744]
22, 3, 2.12, [3748, 3760]
22, 4, 2.1, [3748, 3758]
22, 5, 2.07, [279, 3760]
22, 6, 2.03, [4794, 2229]
22, 7, 2.03, [279, 2261]
22, 8, 2.03, [4794, 2261]
22, 9, 2.01, [295, 2261]
23, 0, 2.27, [3736, 3752]
23, 1, 2.26, [3736, 3760]
23, 2, 2.24, [3736, 3752]
23, 3, 2.2, [181, 3752]
23, 4, 2.16, [1315, 3752]
23, 5, 2.09, [3733, 3744]
23, 6, 2.09, [4131, 3750]
23, 7, 2.07, [3733, 3760]
23, 8, 2.05, [3745, 1826]
23, 9, 2.02, [4108, 3760]
24, 0, 2.27, [3736, 3752]
24, 1, 2.26, [3736, 3760]
24, 2, 2.12, [159, 3760]
24, 3, 2.1, [3736, 3741]
24, 4, 2.1, [285, 3752]
24, 5, 2.09, [77, 3739]
24, 6, 2.07, [702, 3756]
24, 7, 2.07, [3760, 293]
24, 8, 2.05, [2261, 3100]
24, 9, 2.01, [181, 3734]
25, 0, 2.27, [3736, 3752]
25, 1, 2.26, [3736, 3760]
25, 2, 2.15, [3754, 3760]
25, 3, 2.14, [3736, 3744]
25, 4, 2.11, [3736, 3760]
25, 5, 2.08, [3744, 3752]
25, 6, 2.07, [3750, 3747]
25, 7, 2.07, [3756, 119]
25, 8, 2.07, [3742, 270]
25, 9, 2.06, [3746, 352]
26, 0, 2.27, [3736, 3752]
26, 1, 2.26, [3736, 3760]
26, 2, 2.2, [3736, 3749]
26, 3, 2.14, [3736, 2598]
26, 4, 2.11, [181, 3740]
26, 5, 2.1, [3100, 2229]
26, 6, 2.09, [1831, 3752]
26, 7, 2.09, [4128, 2400]
26, 8, 2.07, [689, 546]
26, 9, 2.05, [3737, 996]
27, 0, 2.27, [3736, 3752]
27, 1, 2.26, [3736, 3760]
27, 2, 2.18, [3736, 3758]
27, 3, 2.11, [3736, 3756]
27, 4, 2.1, [3736, 2156]
27, 5, 2.08, [3102, 3759]
27, 6, 2.07, [3736, 3739]
27, 7, 2.06, [3742, 119]
27, 8, 2.06, [2490, 284]
27, 9, 2.05, [4129, 2261]
28, 0, 2.27, [3736, 3752]
28, 1, 2.26, [3736, 3760]
28, 2, 2.21, [3736, 4129]
28, 3, 2.19, [3756, 3752]
28, 4, 2.16, [3736, 3753]
28, 5, 2.14, [2260, 3752]
28, 6, 2.14, [546, 3743]
28, 7, 2.11, [3758, 77]
28, 8, 2.1, [3754, 3758]
28, 9, 2.08, [3743, 271]
29, 0, 2.27, [3736, 3752]
29, 1, 2.26, [3736, 3760]
29, 2, 2.19, [3736, 3754]
29, 3, 2.15, [3100, 3754]
29, 4, 2.12, [3736, 3752]
29, 5, 2.08, [3755, 693]
29, 6, 2.06, [3748, 3745]
29, 7, 2.06, [3748, 24]
29, 8, 2.06, [3736, 3740]
29, 9, 2.03, [284, 279]
30, 0, 2.27, [3736, 3752]
30, 1, 2.26, [3736, 3760]
30, 2, 2.17, [3748, 3754]
30, 3, 2.16, [3733, 3754]
30, 4, 2.16, [3100, 3739]
30, 5, 2.15, [3736, 1831]
30, 6, 2.14, [1831, 3746]
30, 7, 2.14, [3749, 3754]
30, 8, 2.08, [2464, 3736]
30, 9, 2.08, [3744, 3760]
31, 0, 2.27, [3736, 3752]
31, 1, 2.26, [3736, 3760]
31, 2, 2.15, [3741, 3754]
31, 3, 2.13, [3736, 3741]
31, 4, 2.12, [3736, 3750]
31, 5, 2.09, [3748, 3736]
31, 6, 2.08, [3748, 3744]
31, 7, 2.04, [3755, 3754]
31, 8, 2.03, [1833, 282]
31, 9, 2.02, [3749, 702]
32, 0, 2.27, [3736, 3752]
32, 1, 2.26, [3736, 3760]
32, 2, 2.23, [3736, 3746]
32, 3, 2.2, [3761, 3760]
32, 4, 2.14, [3733, 3742]
32, 5, 2.12, [3761, 3752]
32, 6, 2.11, [3736, 3741]
32, 7, 2.06, [1987, 3105]
32, 8, 2.04, [3735, 4128]
32, 9, 2.03, [4108, 3740]
33, 0, 2.27, [3736, 3752]
33, 1, 2.26, [3736, 3760]
33, 2, 2.15, [3749, 3747]
33, 3, 2.13, [3746, 3745]
33, 4, 2.12, [3747, 3752]
33, 5, 2.12, [3743, 3760]
33, 6, 2.11, [359, 3760]
33, 7, 2.09, [3747, 3736]
33, 8, 2.07, [3754, 3760]
33, 9, 2.03, [119, 293]
34, 0, 2.27, [3736, 3752]
34, 1, 2.26, [3744, 3747]
34, 2, 2.26, [3736, 3760]
34, 3, 2.21, [3736, 3752]
34, 4, 2.2, [3736, 3742]
34, 5, 2.2, [3743, 3752]
34, 6, 2.16, [3737, 3752]
34, 7, 2.15, [3752, 3760]
34, 8, 2.12, [3749, 3745]
34, 9, 2.1, [3744, 3747]
35, 0, 2.27, [3736, 3752]
35, 1, 2.26, [3744, 3747]
35, 2, 2.22, [3736, 3752]
35, 3, 2.15, [3748, 3752]
35, 4, 2.13, [3744, 3752]
35, 5, 2.09, [159, 3736]
35, 6, 2.09, [77, 3760]
35, 7, 2.04, [1541, 2463]
35, 8, 2.04, [1834, 2595]
35, 9, 2.02, [699, 2260]
36, 0, 2.27, [3736, 3752]
36, 1, 2.26, [3744, 3747]
36, 2, 2.22, [3742, 3105]
36, 3, 2.19, [3744, 3736]
36, 4, 2.15, [3736, 4129]
36, 5, 2.14, [3736, 3748]
36, 6, 2.1, [3744, 3739]
36, 7, 2.1, [3736, 4108]
36, 8, 2.07, [4130, 119]
36, 9, 2.07, [3748, 3752]
37, 0, 2.27, [3736, 3752]
37, 1, 2.26, [3744, 3747]
37, 2, 2.13, [284, 3752]
37, 3, 2.13, [279, 3752]
37, 4, 2.11, [3761, 3744]
37, 5, 2.11, [3744, 3740]
37, 6, 2.1, [3744, 295]
37, 7, 2.1, [3746, 3747]
37, 8, 2.06, [2261, 3747]
37, 9, 2.05, [1588, 3749]
38, 0, 2.27, [3736, 3752]
38, 1, 2.26, [3744, 3747]
38, 2, 2.19, [282, 3752]
38, 3, 2.16, [3744, 3750]
38, 4, 2.13, [3754, 3747]
38, 5, 2.12, [3740, 1831]
38, 6, 2.11, [3744, 3749]
38, 7, 2.1, [284, 3739]
38, 8, 2.08, [3744, 3741]
38, 9, 2.04, [77, 279]
39, 0, 2.27, [3736, 3752]
39, 1, 2.26, [3744, 3747]
39, 2, 2.15, [4129, 1825]
39, 3, 2.12, [77, 3747]
39, 4, 2.11, [3743, 3747]
39, 5, 2.11, [3749, 3752]
39, 6, 2.1, [3744, 4794]
39, 7, 2.1, [77, 3747]
39, 8, 2.09, [352, 3752]
39, 9, 2.09, [3744, 3754]
40, 0, 2.27, [3736, 3752]
40, 1, 2.26, [3744, 3747]
40, 2, 2.18, [3744, 1825]
40, 3, 2.16, [4129, 3736]
40, 4, 2.14, [3760, 4129]
40, 5, 2.11, [4129, 3756]
40, 6, 2.11, [3749, 229]
40, 7, 2.1, [3736, 1833]
40, 8, 2.03, [77, 1830]
40, 9, 2.03, [4129, 3740]
41, 0, 2.27, [3736, 3752]
41, 1, 2.26, [3744, 3747]
41, 2, 2.16, [3744, 3756]
41, 3, 2.16, [282, 3736]
41, 4, 2.13, [3747, 3752]
41, 5, 2.11, [3736, 1826]
41, 6, 2.11, [1831, 3756]
41, 7, 2.09, [3736, 1826]
41, 8, 2.04, [702, 3753]
41, 9, 2.03, [119, 1831]
42, 0, 2.27, [3736, 3752]
42, 1, 2.26, [3744, 3747]
42, 2, 2.21, [3760, 3752]
42, 3, 2.2, [3736, 3742]
42, 4, 2.18, [3760, 3752]
42, 5, 2.14, [3736, 3739]
42, 6, 2.11, [3754, 3747]
42, 7, 2.11, [3744, 3740]
42, 8, 2.1, [3755, 3747]
42, 9, 2.06, [3758, 3105]
43, 0, 2.27, [3736, 3752]
43, 1, 2.26, [3744, 3747]
43, 2, 2.18, [3736, 3755]
43, 3, 2.17, [3748, 3752]
43, 4, 2.16, [3758, 3752]
43, 5, 2.14, [3736, 3105]
43, 6, 2.13, [3749, 3747]
43, 7, 2.09, [3754, 119]
43, 8, 2.05, [269, 2490]
43, 9, 2.01, [72, 270]
44, 0, 2.27, [3736, 3752]
44, 1, 2.26, [3744, 3747]
44, 2, 2.16, [3736, 3752]
44, 3, 2.16, [3747, 3752]
44, 4, 2.14, [3758, 3752]
44, 5, 2.11, [3736, 352]
44, 6, 2.11, [3749, 3747]
44, 7, 2.11, [3747, 3753]
44, 8, 2.1, [3743, 229]
44, 9, 2.06, [3759, 229]
45, 0, 2.27, [3736, 3752]
45, 1, 2.26, [3744, 3747]
45, 2, 2.15, [3736, 3752]
45, 3, 2.14, [3744, 3754]
45, 4, 2.11, [3736, 1541]
45, 5, 2.1, [3736, 3752]
45, 6, 2.09, [3754, 2229]
45, 7, 2.07, [3743, 3747]
45, 8, 2.07, [4108, 1825]
45, 9, 2.06, [77, 1315]
46, 0, 2.27, [3736, 3752]
46, 1, 2.26, [3744, 3747]
46, 2, 2.2, [3736, 3748]
46, 3, 2.14, [3741, 1825]
46, 4, 2.13, [3736, 3105]
46, 5, 2.13, [3752, 229]
46, 6, 2.12, [3761, 3753]
46, 7, 2.1, [3753, 3752]
46, 8, 2.08, [3750, 1896]
46, 9, 2.08, [359, 181]
47, 0, 2.27, [3736, 3752]
47, 1, 2.26, [3744, 3747]
47, 2, 2.2, [3742, 3752]
47, 3, 2.2, [3736, 3748]
47, 4, 2.14, [3102, 3749]
47, 5, 2.14, [3749, 3752]
47, 6, 2.13, [119, 3739]
47, 7, 2.1, [3744, 1825]
47, 8, 2.09, [1987, 3753]
47, 9, 2.04, [1830, 285]
48, 0, 2.27, [3736, 3752]
48, 1, 2.26, [3744, 3747]
48, 2, 2.15, [3747, 3752]
48, 3, 2.13, [3736, 3748]
48, 4, 2.1, [3737, 3752]
48, 5, 2.09, [3744, 295]
48, 6, 2.09, [1833, 1831]
48, 7, 2.08, [3740, 3752]
48, 8, 2.07, [181, 287]
48, 9, 2.06, [1032, 3746]
49, 0, 2.27, [3736, 3752]
49, 1, 2.26, [3744, 3747]
49, 2, 2.25, [3758, 3752]
49, 3, 2.18, [3736, 3755]
49, 4, 2.16, [3736, 4128]
49, 5, 2.14, [3741, 3735]
49, 6, 2.13, [3744, 3740]
49, 7, 2.05, [263, 3740]
49, 8, 2.03, [1588, 181]
49, 9, 2.02, [1830, 3741]
50, 0, 2.27, [3736, 3752]
50, 1, 2.26, [3744, 3747]
50, 2, 2.21, [3743, 3747]
50, 3, 2.2, [3736, 3756]
50, 4, 2.18, [3760, 3752]
50, 5, 2.17, [3736, 693]
50, 6, 2.16, [3736, 3755]
50, 7, 2.16, [3736, 282]
50, 8, 2.15, [2490, 3752]
50, 9, 2.13, [3744, 3753]
