generation number, individual number, fitness, candidate
0, 0, 11.64, [285, 33297]
0, 1, 9.3, [33296, 91277]
0, 2, 9.1, [150652, 118602]
0, 3, 8.83, [282, 80450]
0, 4, 8.7, [65897, 100140]
0, 5, 7.81, [1061, 33296]
0, 6, 6.57, [279, 88]
0, 7, 6.29, [56241, 56237]
0, 8, 5.81, [150654, 80662]
0, 9, 4.74, [66171, 67332]
1, 0, 11.64, [285, 33297]
1, 1, 10.36, [33296, 100141]
1, 2, 10.01, [11387, 62858]
1, 3, 9.32, [46, 73703]
1, 4, 9.3, [33296, 91277]
1, 5, 8.61, [11388, 70639]
1, 6, 8.53, [282, 91277]
1, 7, 7.99, [123523, 70638]
1, 8, 7.8, [33296, 33299]
1, 9, 7.78, [33297, 67332]
2, 0, 11.64, [285, 33297]
2, 1, 10.36, [33296, 100141]
2, 2, 10.01, [11387, 33298]
2, 3, 9.78, [11387, 33298]
2, 4, 9.77, [65897, 33297]
2, 5, 9.07, [33296, 66059]
2, 6, 8.66, [282, 62858]
2, 7, 8.57, [10375, 33297]
2, 8, 8.07, [282, 62858]
2, 9, 8.0, [285, 66169]
3, 0, 11.64, [285, 33297]
3, 1, 11.23, [11388, 33298]
3, 2, 10.55, [65897, 33297]
3, 3, 10.36, [33296, 100141]
3, 4, 9.89, [11387, 33298]
3, 5, 9.29, [90, 33298]
3, 6, 9.18, [87, 11387]
3, 7, 9.01, [10375, 33297]
3, 8, 8.88, [86, 33298]
3, 9, 7.44, [285, 113173]
4, 0, 11.87, [46, 33297]
4, 1, 11.64, [285, 33297]
4, 2, 11.23, [11388, 33298]
4, 3, 10.94, [282, 33297]
4, 4, 10.92, [62858, 33297]
4, 5, 10.35, [285, 11387]
4, 6, 9.51, [33298, 33296]
4, 7, 8.1, [283, 148118]
4, 8, 7.2, [113173, 62858]
4, 9, 6.79, [80449, 90]
5, 0, 14.49, [11388, 65899]
5, 1, 14.32, [11388, 65899]
5, 2, 11.87, [46, 33297]
5, 3, 11.64, [285, 33297]
5, 4, 10.65, [86, 33297]
5, 5, 9.35, [46, 118602]
5, 6, 9.18, [87, 33298]
5, 7, 8.65, [91277, 86]
5, 8, 7.03, [149059, 65897]
5, 9, 6.18, [284, 156909]
6, 0, 14.49, [11388, 65899]
6, 1, 14.32, [11388, 65899]
6, 2, 12.57, [89, 65899]
6, 3, 11.33, [98063, 11388]
6, 4, 10.71, [90, 65899]
6, 5, 10.37, [11388, 33299]
6, 6, 9.69, [118606, 65899]
6, 7, 9.03, [11926, 33297]
6, 8, 8.49, [118606, 33297]
6, 9, 7.06, [282, 150654]
7, 0, 14.49, [11388, 65899]
7, 1, 14.32, [11388, 65899]
7, 2, 11.78, [127089, 65899]
7, 3, 11.18, [80450, 11388]
7, 4, 10.16, [113173, 33297]
7, 5, 9.77, [150653, 65899]
7, 6, 7.98, [148118, 86]
7, 7, 7.1, [12067, 65897]
7, 8, 7.05, [6376, 80661]
7, 9, 6.24, [66166, 90]
8, 0, 14.49, [11388, 65899]
8, 1, 14.32, [11388, 65899]
8, 2, 11.72, [285, 65899]
8, 3, 10.24, [33297, 90]
8, 4, 10.08, [11387, 33298]
8, 5, 7.91, [11387, 77358]
8, 6, 6.94, [11926, 70638]
8, 7, 6.71, [88, 14223]
8, 8, 6.58, [80450, 80662]
8, 9, 6.44, [62858, 65900]
9, 0, 14.49, [11388, 65899]
9, 1, 14.32, [11388, 65899]
9, 2, 11.83, [56240, 33297]
9, 3, 11.12, [11388, 87]
9, 4, 8.63, [65901, 80450]
9, 5, 8.29, [279, 98062]
9, 6, 8.14, [11387, 150653]
9, 7, 6.97, [56240, 80662]
9, 8, 6.0, [11926, 91277]
9, 9, 5.95, [150015, 148118]
10, 0, 14.49, [11388, 65899]
10, 1, 14.32, [11388, 65899]
10, 2, 10.54, [11925, 65899]
10, 3, 10.53, [31634, 65899]
10, 4, 8.71, [118602, 90]
10, 5, 8.58, [12067, 33297]
10, 6, 8.18, [66169, 46]
10, 7, 8.06, [221360, 70640]
10, 8, 8.06, [66169, 98065]
10, 9, 7.51, [56239, 87]
11, 0, 14.49, [11388, 65899]
11, 1, 14.32, [11388, 65899]
11, 2, 11.1, [11388, 98062]
11, 3, 10.28, [11388, 150654]
11, 4, 9.74, [113171, 65899]
11, 5, 9.02, [11388, 149059]
11, 6, 7.79, [86, 283]
11, 7, 6.66, [221360, 65900]
11, 8, 6.28, [31634, 823]
11, 9, 6.12, [11925, 91276]
12, 0, 14.49, [11388, 65899]
12, 1, 14.32, [11388, 65899]
12, 2, 12.59, [11387, 65899]
12, 3, 10.88, [11388, 87]
12, 4, 10.26, [11388, 56241]
12, 5, 10.17, [12067, 65899]
12, 6, 10.09, [100141, 31634]
12, 7, 9.97, [33297, 6376]
12, 8, 9.51, [1060, 11388]
12, 9, 7.39, [11925, 98062]
13, 0, 14.49, [11388, 65899]
13, 1, 14.32, [11388, 65899]
13, 2, 11.32, [11388, 80450]
13, 3, 10.42, [12067, 65899]
13, 4, 10.37, [65901, 33297]
13, 5, 10.08, [11388, 134361]
13, 6, 8.18, [11925, 221360]
13, 7, 6.31, [80662, 90]
13, 8, 6.0, [118602, 134365]
13, 9, 5.9, [65897, 87893]
14, 0, 14.49, [11388, 65899]
14, 1, 14.32, [11388, 65899]
14, 2, 12.88, [11387, 65899]
14, 3, 12.24, [11388, 89]
14, 4, 10.3, [113173, 65899]
14, 5, 9.5, [11387, 80450]
14, 6, 8.97, [98063, 33298]
14, 7, 7.63, [46, 282]
14, 8, 6.11, [1062, 46]
14, 9, 5.04, [11925, 12067]
15, 0, 14.49, [11388, 65899]
15, 1, 14.32, [11388, 65899]
15, 2, 12.21, [56240, 65899]
15, 3, 10.73, [11388, 279]
15, 4, 8.49, [11388, 70639]
15, 5, 8.21, [148118, 221360]
15, 6, 8.06, [285, 148118]
15, 7, 7.58, [134361, 31634]
15, 8, 7.31, [12067, 98065]
15, 9, 6.56, [12067, 150652]
16, 0, 14.49, [11388, 65899]
16, 1, 14.32, [11388, 65899]
16, 2, 10.03, [11388, 113173]
16, 3, 9.32, [11388, 65900]
16, 4, 9.13, [127089, 33298]
16, 5, 9.01, [11388, 134362]
16, 6, 8.36, [87893, 65899]
16, 7, 7.27, [66167, 56240]
16, 8, 7.1, [56240, 821]
16, 9, 7.04, [56239, 90]
17, 0, 14.49, [11388, 65899]
17, 1, 14.32, [11388, 65899]
17, 2, 9.96, [11388, 113173]
17, 3, 9.39, [11388, 65900]
17, 4, 9.25, [11388, 70639]
17, 5, 7.51, [80450, 150015]
17, 6, 7.41, [134361, 46]
17, 7, 6.87, [66166, 221360]
17, 8, 6.59, [279, 150653]
17, 9, 6.32, [11925, 56237]
18, 0, 14.49, [11388, 65899]
18, 1, 14.32, [11388, 65899]
18, 2, 12.32, [11387, 65899]
18, 3, 10.9, [284, 65899]
18, 4, 9.33, [279, 100141]
18, 5, 8.83, [90, 100141]
18, 6, 8.8, [1062, 65899]
18, 7, 8.05, [89, 1063]
18, 8, 7.32, [46, 90]
18, 9, 6.91, [144434, 284]
19, 0, 14.49, [11388, 65899]
19, 1, 14.32, [11388, 65899]
19, 2, 12.95, [11387, 65899]
19, 3, 12.26, [100141, 65899]
19, 4, 12.2, [11387, 65899]
19, 5, 10.49, [11388, 56237]
19, 6, 10.49, [11388, 148118]
19, 7, 9.63, [11387, 90]
19, 8, 7.3, [6376, 127089]
19, 9, 7.04, [56237, 90]
20, 0, 14.49, [11388, 65899]
20, 1, 14.32, [11388, 65899]
20, 2, 10.62, [11388, 279]
20, 3, 10.58, [12067, 65899]
20, 4, 9.61, [11925, 65899]
20, 5, 7.44, [88, 118606]
20, 6, 7.06, [65901, 134361]
20, 7, 6.77, [150652, 127089]
20, 8, 6.57, [118606, 127089]
20, 9, 6.38, [80662, 98062]
21, 0, 14.49, [11388, 65899]
21, 1, 14.32, [11388, 65899]
21, 2, 10.79, [11388, 62858]
21, 3, 9.37, [33298, 127089]
21, 4, 7.51, [150654, 46]
21, 5, 7.47, [46, 90]
21, 6, 7.09, [12067, 98062]
21, 7, 6.87, [11925, 279]
21, 8, 6.52, [113171, 90]
21, 9, 6.28, [11925, 123523]
22, 0, 14.49, [11388, 65899]
22, 1, 14.32, [11388, 65899]
22, 2, 14.06, [11388, 33297]
22, 3, 11.34, [100141, 33297]
22, 4, 10.27, [46, 11387]
22, 5, 8.4, [12067, 56240]
22, 6, 8.3, [221360, 80450]
22, 7, 8.25, [283, 31634]
22, 8, 6.97, [279, 150015]
22, 9, 6.72, [134361, 70638]
23, 0, 14.49, [11388, 65899]
23, 1, 14.32, [11388, 65899]
23, 2, 9.68, [11388, 33299]
23, 3, 8.9, [65897, 62858]
23, 4, 7.73, [56240, 56241]
23, 5, 6.82, [100140, 70640]
23, 6, 6.81, [148118, 123523]
23, 7, 6.76, [33296, 14223]
23, 8, 6.57, [282, 283]
23, 9, 6.14, [66170, 87]
24, 0, 14.49, [11388, 65899]
24, 1, 14.32, [11388, 65899]
24, 2, 10.22, [31634, 65899]
24, 3, 9.71, [65899, 156909]
24, 4, 8.51, [87893, 65899]
24, 5, 7.74, [33298, 33300]
24, 6, 7.04, [12067, 62858]
24, 7, 6.92, [12067, 62858]
24, 8, 6.8, [118602, 70639]
24, 9, 6.31, [65897, 65900]
25, 0, 14.49, [11388, 65899]
25, 1, 14.32, [11388, 65899]
25, 2, 12.48, [118602, 65899]
25, 3, 7.96, [87, 98062]
25, 4, 7.09, [278, 66169]
25, 5, 6.97, [46, 1061]
25, 6, 6.77, [91277, 150653]
25, 7, 6.72, [285, 6376]
25, 8, 6.15, [113173, 70640]
25, 9, 5.7, [150653, 70640]
26, 0, 14.49, [11388, 65899]
26, 1, 14.32, [11388, 65899]
26, 2, 10.05, [11388, 144434]
26, 3, 9.49, [46, 70638]
26, 4, 9.35, [56240, 150652]
26, 5, 9.06, [73703, 65897]
26, 6, 9.04, [80661, 46]
26, 7, 8.88, [11388, 65900]
26, 8, 7.03, [118602, 70639]
26, 9, 6.72, [87, 70640]
27, 0, 14.49, [11388, 65899]
27, 1, 14.32, [11388, 65899]
27, 2, 11.99, [86, 65899]
27, 3, 11.58, [80661, 65899]
27, 4, 11.05, [11388, 73700]
27, 5, 10.95, [56241, 65899]
27, 6, 8.53, [65897, 87]
27, 7, 8.12, [11925, 70638]
27, 8, 7.23, [123523, 80450]
27, 9, 6.75, [100807, 73703]
28, 0, 14.49, [11388, 65899]
28, 1, 14.32, [11388, 65899]
28, 2, 12.44, [11387, 65899]
28, 3, 12.35, [11387, 33297]
28, 4, 8.52, [73700, 65897]
28, 5, 8.38, [98063, 65901]
28, 6, 7.85, [282, 65897]
28, 7, 7.34, [134362, 33296]
28, 8, 6.24, [86, 558]
28, 9, 5.68, [11925, 118606]
29, 0, 14.49, [11388, 65899]
29, 1, 14.32, [11388, 65899]
29, 2, 12.77, [11387, 33297]
29, 3, 11.66, [282, 65899]
29, 4, 10.09, [11925, 65899]
29, 5, 8.91, [1062, 33297]
29, 6, 8.43, [11388, 70639]
29, 7, 8.1, [11926, 33297]
29, 8, 7.09, [80449, 11925]
29, 9, 5.96, [33300, 12067]
30, 0, 14.49, [11388, 65899]
30, 1, 14.32, [11388, 65899]
30, 2, 10.24, [11388, 66167]
30, 3, 10.03, [11388, 70640]
30, 4, 9.52, [11926, 65899]
30, 5, 8.6, [283, 56240]
30, 6, 7.72, [56237, 98063]
30, 7, 6.47, [11387, 134365]
30, 8, 6.16, [56240, 95674]
30, 9, 5.41, [284, 1062]
31, 0, 14.49, [11388, 65899]
31, 1, 14.32, [11388, 65899]
31, 2, 11.42, [11388, 62858]
31, 3, 11.36, [80450, 11388]
31, 4, 10.5, [150015, 65899]
31, 5, 9.38, [98062, 80656]
31, 6, 9.27, [98062, 33296]
31, 7, 8.0, [285, 150652]
31, 8, 7.18, [80449, 283]
31, 9, 5.59, [11925, 80662]
32, 0, 14.49, [11388, 65899]
32, 1, 14.32, [11388, 65899]
32, 2, 13.45, [11388, 33297]
32, 3, 11.9, [86, 65899]
32, 4, 11.42, [80449, 65899]
32, 5, 8.22, [80450, 56241]
32, 6, 7.36, [66171, 80661]
32, 7, 6.08, [150652, 150654]
32, 8, 6.01, [150015, 65900]
32, 9, 5.8, [66169, 558]
33, 0, 14.49, [11388, 65899]
33, 1, 14.32, [11388, 65899]
33, 2, 10.83, [11388, 285]
33, 3, 10.74, [90, 65899]
33, 4, 8.83, [148118, 65901]
33, 5, 8.76, [11388, 11387]
33, 6, 8.44, [98062, 285]
33, 7, 8.39, [150652, 87]
33, 8, 7.77, [150015, 31634]
33, 9, 7.6, [86, 150655]
34, 0, 14.49, [11388, 65899]
34, 1, 14.32, [11388, 65899]
34, 2, 9.66, [88, 65897]
34, 3, 8.52, [46, 65901]
34, 4, 8.47, [65901, 80450]
34, 5, 7.64, [56237, 282]
34, 6, 6.63, [80450, 71858]
34, 7, 6.21, [12067, 144434]
34, 8, 6.02, [279, 821]
34, 9, 5.43, [821, 279]
35, 0, 14.49, [11388, 65899]
35, 1, 14.32, [11388, 65899]
35, 2, 11.82, [11388, 56240]
35, 3, 11.68, [86, 65899]
35, 4, 10.47, [11388, 66169]
35, 5, 9.58, [33298, 221360]
35, 6, 7.65, [11925, 65897]
35, 7, 7.17, [118602, 6376]
35, 8, 6.48, [1062, 148118]
35, 9, 6.28, [11926, 150652]
36, 0, 14.49, [11388, 65899]
36, 1, 14.32, [11388, 65899]
36, 2, 11.72, [80450, 65899]
36, 3, 10.43, [11388, 56237]
36, 4, 10.12, [33297, 65899]
36, 5, 9.73, [89, 31634]
36, 6, 8.41, [86, 66169]
36, 7, 8.15, [62858, 46]
36, 8, 5.78, [11925, 1060]
36, 9, 5.57, [144434, 65900]
37, 0, 14.49, [11388, 65899]
37, 1, 14.32, [11388, 65899]
37, 2, 8.9, [100141, 56239]
37, 3, 8.17, [91277, 62858]
37, 4, 7.9, [66059, 56241]
37, 5, 7.64, [90, 91277]
37, 6, 7.26, [98063, 280]
37, 7, 7.12, [98062, 70640]
37, 8, 6.27, [6376, 283]
37, 9, 5.42, [11926, 56237]
38, 0, 14.49, [11388, 65899]
38, 1, 14.32, [11388, 65899]
38, 2, 11.93, [148118, 65899]
38, 3, 11.29, [148118, 65899]
38, 4, 11.07, [33297, 56241]
38, 5, 10.4, [11388, 66167]
38, 6, 8.65, [11388, 70639]
38, 7, 8.04, [150015, 73703]
38, 8, 7.85, [1063, 11387]
38, 9, 7.57, [100141, 70639]
39, 0, 14.49, [11388, 65899]
39, 1, 14.32, [11388, 65899]
39, 2, 11.27, [11388, 62858]
39, 3, 11.09, [87, 65899]
39, 4, 10.16, [31634, 65899]
39, 5, 10.15, [80450, 33296]
39, 6, 9.77, [33299, 65899]
39, 7, 9.13, [56239, 88]
39, 8, 8.06, [12067, 118602]
39, 9, 7.0, [123523, 98062]
40, 0, 14.49, [11388, 65899]
40, 1, 14.32, [11388, 65899]
40, 2, 13.59, [11388, 33297]
40, 3, 11.38, [284, 65899]
40, 4, 10.81, [11388, 56239]
40, 5, 9.65, [100140, 33298]
40, 6, 9.3, [285, 80656]
40, 7, 8.78, [33298, 65899]
40, 8, 8.6, [33296, 56239]
40, 9, 7.78, [33297, 134365]
41, 0, 14.49, [11388, 65899]
41, 1, 14.32, [11388, 65899]
41, 2, 11.39, [285, 11388]
41, 3, 10.17, [88, 118602]
41, 4, 8.79, [56240, 279]
41, 5, 8.11, [91276, 65897]
41, 6, 8.07, [282, 144434]
41, 7, 7.47, [62858, 11925]
41, 8, 7.22, [98062, 90]
41, 9, 6.37, [86, 558]
42, 0, 14.49, [11388, 65899]
42, 1, 14.32, [11388, 65899]
42, 2, 11.45, [11388, 46]
42, 3, 11.24, [65901, 11388]
42, 4, 11.05, [65897, 65899]
42, 5, 10.43, [65899, 280]
42, 6, 9.64, [65901, 33297]
42, 7, 8.71, [88, 70640]
42, 8, 8.64, [11925, 118602]
42, 9, 8.11, [11925, 56240]
43, 0, 14.49, [11388, 65899]
43, 1, 14.32, [11388, 65899]
43, 2, 12.41, [11387, 65899]
43, 3, 10.7, [91276, 65899]
43, 4, 9.01, [31634, 70638]
43, 5, 8.87, [66169, 33298]
43, 6, 7.86, [11925, 86]
43, 7, 7.37, [66166, 100141]
43, 8, 7.2, [65901, 70640]
43, 9, 5.0, [134365, 285]
44, 0, 14.49, [11388, 65899]
44, 1, 14.32, [11388, 65899]
44, 2, 12.34, [11387, 33297]
44, 3, 11.37, [33297, 62858]
44, 4, 11.11, [62858, 65899]
44, 5, 10.83, [66169, 33297]
44, 6, 9.37, [66166, 65899]
44, 7, 9.01, [11388, 70639]
44, 8, 8.82, [11388, 11387]
44, 9, 7.65, [46, 283]
45, 0, 14.49, [11388, 65899]
45, 1, 14.32, [11388, 65899]
45, 2, 12.2, [11387, 33297]
45, 3, 11.84, [90, 65899]
45, 4, 11.0, [11388, 56237]
45, 5, 9.8, [11925, 33297]
45, 6, 9.52, [33296, 33298]
45, 7, 9.39, [6376, 65899]
45, 8, 9.19, [11926, 33297]
45, 9, 8.58, [65901, 98063]
46, 0, 14.49, [11388, 65899]
46, 1, 14.32, [11388, 65899]
46, 2, 10.13, [6376, 65899]
46, 3, 10.07, [1060, 65899]
46, 4, 9.77, [11388, 33299]
46, 5, 9.62, [56240, 46]
46, 6, 8.14, [11387, 65900]
46, 7, 7.32, [284, 80661]
46, 8, 7.03, [90, 98065]
46, 9, 6.21, [80449, 66166]
47, 0, 14.49, [11388, 65899]
47, 1, 14.32, [11388, 65899]
47, 2, 11.58, [66169, 65899]
47, 3, 9.07, [100141, 90]
47, 4, 8.83, [150653, 100141]
47, 5, 8.64, [65901, 283]
47, 6, 7.87, [118602, 1061]
47, 7, 7.33, [284, 148118]
47, 8, 7.23, [823, 70638]
47, 9, 6.21, [91277, 65900]
48, 0, 14.49, [11388, 65899]
48, 1, 14.32, [11388, 65899]
48, 2, 10.99, [11388, 80661]
48, 3, 10.18, [118602, 56240]
48, 4, 10.1, [12067, 33297]
48, 5, 9.18, [88, 100140]
48, 6, 8.27, [286, 56239]
48, 7, 8.25, [11387, 113173]
48, 8, 7.88, [66169, 80449]
48, 9, 6.95, [150652, 77358]
49, 0, 14.49, [11388, 65899]
49, 1, 14.32, [11388, 65899]
49, 2, 11.78, [118602, 33297]
49, 3, 11.14, [11388, 62858]
49, 4, 10.42, [12067, 65899]
49, 5, 10.07, [12067, 33297]
49, 6, 8.56, [33296, 113173]
49, 7, 7.98, [286, 56241]
49, 8, 7.97, [150655, 286]
49, 9, 5.23, [11925, 821]
50, 0, 14.49, [11388, 65899]
50, 1, 14.32, [11388, 65899]
50, 2, 11.04, [90, 65899]
50, 3, 9.65, [66170, 33297]
50, 4, 9.08, [11926, 33297]
50, 5, 7.82, [284, 80450]
50, 6, 7.55, [90, 66171]
50, 7, 7.01, [118602, 70639]
50, 8, 7.0, [118602, 70639]
50, 9, 6.22, [150654, 1061]
