num_genrations,diversity,improvement,best_fitness
0,1.0,0,367.46999999999923
1,0.9005555555555556,0.0007891800691211914,367.7599999999992
2,0.6733333333333333,0.0,367.7599999999992
3,0.07388888888888878,0.13160757015444893,416.15999999999923
4,0.19111111111111123,0.022443291041907076,425.49999999999926
5,0.24888888888888894,0.0,425.49999999999926
6,0.12388888888888883,0.0,425.49999999999926
7,0.0,0.0,425.49999999999926
8,0.016666666666666607,0.13226792009400734,481.7799999999993
9,0.02499999999999991,0.0,481.7799999999993
10,0.10499999999999987,0.0009963053675952072,482.2599999999993
