n_nodes,influence,n0,n1,n2,n3,n4,n5,n6,n7,n8,n9
10,380.3100,8,3,7,0,9,4,5,6,14,22
10,380.3100,8,3,7,0,9,4,5,6,14,22
10,380.3100,8,3,7,0,9,4,5,6,14,22
10,380.3100,8,3,7,0,9,4,5,6,14,22
10,380.3100,8,3,7,0,9,4,5,6,14,22
10,380.3100,8,3,7,0,9,4,5,6,14,22
10,380.3100,8,3,7,0,9,4,5,6,14,22
10,380.3100,8,3,7,0,9,4,5,6,14,22
10,380.3100,8,3,7,0,9,4,5,6,14,22
10,380.3100,8,3,7,0,9,4,5,6,14,22
10,379.4900,8,3,7,0,9,4,5,6,14,22
10,379.4200,8,3,7,0,9,4,5,6,14,22
10,379.4200,8,3,7,0,9,4,5,6,14,22
10,379.3300,8,3,7,0,9,4,5,6,14,22
10,379.2800,8,3,7,0,9,4,5,6,14,22
10,379.2800,8,3,7,0,9,4,5,6,14,22
10,379.2800,8,3,7,0,9,4,5,6,14,22
10,379.2800,8,3,7,0,9,4,5,6,14,22
10,379.2800,8,3,7,0,9,4,5,6,14,22
10,379.2800,8,3,7,0,9,4,5,6,14,22
10,379.2800,8,3,7,0,9,4,5,6,14,22
10,379.2800,8,3,7,0,9,4,5,6,14,22
10,379.2800,8,3,7,0,9,4,5,6,14,22
10,379.2800,8,3,7,0,9,4,5,6,14,22
10,379.2800,8,3,7,0,9,4,5,6,14,22
10,379.2800,8,3,7,0,9,4,5,6,14,22
10,379.1200,8,3,7,0,9,4,5,6,14,22
10,378.7200,8,3,7,0,9,4,5,6,14,22
10,378.7200,8,3,7,0,9,4,5,6,14,22
10,378.7200,8,3,7,0,9,4,5,6,14,22
10,378.7200,8,3,7,0,9,4,5,6,14,22
10,378.7200,8,3,7,0,9,4,5,6,14,22
