generation number, pop_size, worst, best, median, avg, std, diversity, improvement, number_of_selections
0, 10, 3.0, 3.12, 3.035, 3.041, 0.03389690251335661,0.962962962962963,0,[1.e-300]
1, 10, 3.06, 3.13, 3.0949999999999998, 3.0969999999999995, 0.020518284528683196,0.8222222222222222,0.0032051282051281365,[1.e-300]
2, 10, 3.02, 3.16, 3.105, 3.0919999999999996, 0.05134199061197377,0.7777777777777778,0.009584664536741293,[1.e-300]
3, 10, 3.06, 3.16, 3.105, 3.1099999999999994, 0.03660601043544626,0.711111111111111,0.0,[1.e-300]
4, 10, 3.09, 3.16, 3.125, 3.1290000000000004, 0.025475478405714062,0.725925925925926,0.0,[1.e-300]
5, 10, 3.04, 3.16, 3.1, 3.1069999999999998, 0.04561797891182819,0.7185185185185186,0.0,[1.e-300]
6, 10, 3.03, 3.18, 3.0949999999999998, 3.106, 0.054258639865002255,0.7851851851851852,0.006329113924050638,[1.e-300]
7, 10, 3.03, 3.18, 3.0949999999999998, 3.101, 0.042532340636273536,0.7925925925925926,0.0,[1.e-300]
8, 10, 3.02, 3.18, 3.08, 3.0889999999999995, 0.05008991914547279,0.7481481481481482,0.0,[1.e-300]
9, 10, 3.04, 3.18, 3.11, 3.114, 0.044090815370097236,0.6962962962962963,0.0,[1.e-300]
10, 10, 3.06, 3.18, 3.09, 3.1029999999999998, 0.04050925820105822,0.7925925925925926,0.0,[1.e-300]
