num_genrations,diversity,improvement,best_fitness
0,1.0,0,151.4
1,0.8216666666666667,0.4158520475561427,214.36
2,0.28833333333333333,0.006204515767867065,215.69
3,0.16000000000000014,0.0,215.69
4,0.02499999999999991,0.0,215.69
5,0.02499999999999991,0.05767536742547173,228.13
6,0.02499999999999991,0.0,228.13
7,0.06499999999999995,0.0,228.13
8,0.046666666666666634,0.0,228.13
9,0.0,0.0,228.13
10,0.0,0.0,228.13
11,0.0,0.0,228.13
12,0.0,0.0,228.13
13,0.0,0.0,228.13
14,0.0,0.0,228.13
15,0.02499999999999991,0.43378775259720326,327.09
16,0.02499999999999991,0.0,327.09
17,0.02499999999999991,0.0,327.09
18,0.12166666666666659,0.04995566969335667,343.43
19,0.1499999999999999,0.0,343.43
20,0.16166666666666651,0.0,343.43
