n_nodes,influence,n0,n1,n2,n3,n4
5,25.2500,200771,207654,15309,29111,212543
5,25.1500,200771,207654,15309,29111,212543
5,25.1500,200771,207654,15309,29111,212543
5,25.1500,200771,207654,15309,29111,212543
5,25.1500,200771,207654,15309,29111,212543
5,25.1500,200771,207654,15309,29111,212543
5,25.1500,200771,207654,15309,29111,212543
5,25.1500,200771,207654,15309,29111,212543
5,25.1500,200771,207654,15309,29111,212543
5,25.0900,200771,207654,15309,29111,212543
5,25.0100,200771,207654,15309,29111,212543
5,24.9900,200771,207654,15309,29111,212543
5,24.9300,200771,207654,15309,29111,212543
5,24.8200,200771,207654,15309,29111,212543
5,24.8200,200771,207654,15309,29111,212543
5,24.8200,200771,207654,15309,29111,212543
5,24.6800,200771,207654,15309,29111,212543
5,24.6800,200771,207654,15309,29111,212543
5,24.6800,200771,207654,15309,29111,212543
5,24.6800,200771,207654,15309,29111,212543
5,24.6700,200771,207654,15309,29111,212543
5,24.6400,200771,207654,15309,29111,212543
5,24.6300,200771,207654,15309,29111,212543
5,24.6100,257987,207654,15309,29111,212543
5,24.5400,200771,207654,15309,29111,212543
5,24.5200,200771,207654,15309,29111,212543
5,24.5200,200771,207654,15309,29111,212543
5,24.5000,200771,207654,15309,29111,212543
5,24.4900,93704,207654,15309,29111,212543
5,24.4700,200771,207654,15309,29111,212543
5,24.4700,200771,207654,15309,29111,212543
5,24.4700,200771,207654,15309,29111,212543
5,24.4700,200771,207654,15309,29111,212543
5,24.4700,200771,207654,15309,29111,212543
5,24.4700,200771,207654,15309,29111,212543
5,24.4700,200771,207654,15309,29111,212543
5,24.4700,200771,207654,15309,29111,212543
5,24.4700,200771,207654,15309,29111,212543
5,24.4700,200771,207654,15309,29111,212543
5,24.4700,200771,207654,15309,29111,212543
5,24.4700,200771,207654,15309,29111,212543
5,24.4700,200771,207654,15309,29111,212543
5,24.4700,200771,207654,15309,29111,212543
5,24.4700,200771,207654,15309,29111,212543
5,24.4700,200771,207654,15309,29111,212543
5,24.4700,200771,207654,15309,29111,212543
5,24.4700,200771,207654,15309,29111,212543
5,24.4700,200771,207654,15309,29111,212543
5,24.4700,200771,207654,15309,29111,212543
5,24.4700,200771,207654,15309,29111,212543
5,24.4700,200771,207654,15309,29111,212543
5,24.4700,200771,207654,15309,29111,212543
5,24.4700,200771,207654,15309,29111,212543
5,24.4700,200771,207654,15309,29111,212543
5,24.4700,200771,207654,15309,29111,212543
5,24.4700,200771,207654,15309,29111,212543
5,24.4700,200771,207654,15309,29111,212543
5,24.4700,200771,207654,15309,29111,212543
5,24.4700,200771,207654,15309,29111,212543
5,24.4700,200771,207654,15309,29111,212543
5,24.4700,200771,207654,15309,29111,212543
5,24.4700,200771,207654,15309,29111,212543
5,24.4700,200771,207654,15309,29111,212543
5,24.4700,200771,207654,15309,29111,212543
