n_nodes,influence,n0,n1,n2,n3,n4,n5,n6,n7,n8,n9,n10,n11,n12,n13,n14,n15,n16,n17,n18
19,82.6100,144266,248725,58563,24232,153771,22700,99886,31919,158776,166970,14787,212935,92241,4439,156644,190355,214933,122307,176569
19,82.6100,144266,248725,58563,24232,153771,22700,99886,31919,158776,166970,14787,212935,92241,4439,156644,190355,214933,122307,176569
19,82.6100,144266,248725,58563,24232,153771,22700,99886,31919,158776,166970,14787,212935,92241,4439,156644,190355,214933,122307,176569
19,82.6100,144266,248725,58563,24232,153771,22700,99886,31919,158776,166970,14787,212935,92241,4439,156644,190355,214933,122307,176569
19,82.6100,144266,248725,58563,24232,153771,22700,99886,31919,158776,166970,14787,212935,92241,4439,156644,190355,214933,122307,176569
19,82.6100,144266,248725,58563,24232,153771,22700,99886,31919,158776,166970,14787,212935,92241,4439,156644,190355,214933,122307,176569
19,82.6100,144266,248725,58563,24232,153771,22700,99886,31919,158776,166970,14787,212935,92241,4439,156644,190355,214933,122307,176569
19,82.6100,144266,248725,58563,24232,153771,22700,99886,31919,158776,166970,14787,212935,92241,4439,156644,190355,214933,122307,176569
19,82.6100,144266,248725,58563,24232,153771,22700,99886,31919,158776,166970,14787,212935,92241,4439,156644,190355,214933,122307,176569
19,82.6100,144266,248725,58563,24232,153771,22700,99886,31919,158776,166970,14787,212935,92241,4439,156644,190355,214933,122307,176569
19,82.6100,144266,248725,58563,24232,153771,22700,99886,31919,158776,166970,14787,212935,92241,4439,156644,190355,214933,122307,176569
19,82.6100,144266,248725,58563,24232,153771,22700,99886,31919,158776,166970,14787,212935,92241,4439,156644,190355,214933,122307,176569
19,82.6100,144266,248725,58563,24232,153771,22700,99886,31919,158776,166970,14787,212935,92241,4439,156644,190355,214933,122307,176569
19,82.6100,144266,248725,58563,24232,153771,22700,99886,31919,158776,166970,14787,212935,92241,4439,156644,190355,214933,122307,176569
19,82.6100,144266,248725,58563,24232,153771,22700,99886,31919,158776,166970,14787,212935,92241,4439,156644,190355,214933,122307,176569
19,82.6100,144266,248725,58563,24232,153771,22700,99886,31919,158776,166970,14787,212935,92241,4439,156644,190355,214933,122307,176569
