num_genrations,diversity,improvement,best_fitness
0,0.9987179487179487,0,32.834969684928865
1,0.8102564102564103,0.0,32.834969684928865
2,0.6596153846153846,0.166008801985407,38.28586366555106
3,0.2057692307692307,-0.11654808670738594,33.82371950739126
4,0.08974358974358965,0.003342696674102887,33.936781942094406
5,0.13717948717948691,0.02300607164244193,34.71753397876816
6,0.0641025641025641,0.12322718559268277,38.99567798169009
7,0.1435897435897434,-0.11160141318798206,34.64370521071
8,0.06217948717948696,0.1110397616454255,38.49053397982163
9,0.11410256410256403,0.0,38.49053397982163
10,0.11666666666666647,0.0,38.49053397982163
