n_nodes,influence,n0,n1,n2,n3,n4,n5,n6,n7,n8,n9,n10,n11,n12
13,38.4905,6624,1633,7238,2822,617,4829,6389,2071,4632,7481,5818,7677,922
13,38.4905,6624,1633,7238,2822,617,4829,6389,2071,4632,7481,5818,7677,922
13,38.4905,6624,1633,7238,2822,617,4829,6389,2071,4632,7481,5818,7677,922
13,38.4905,6624,1633,7238,2822,617,4829,6389,2071,4632,7481,5818,7677,922
13,37.5318,6624,1633,7677,7238,5098,617,6389,2071,4632,7481,5818,4829,922
13,35.4564,6624,1633,7238,2822,617,1712,6389,4632,7481,5818,7900,1482,922
13,35.2693,6624,1633,7238,7677,2822,617,1712,6389,7900,4632,7481,5818,922
13,35.2693,6624,1633,7238,7677,2822,617,1712,6389,7900,4632,7481,5818,922
13,35.2693,6624,1633,7238,7677,2822,617,1712,6389,7900,4632,7481,5818,922
13,35.2693,6624,1633,7238,7677,2822,617,1712,6389,7900,4632,7481,5818,922
13,35.2693,6624,1633,7238,7677,2822,617,1712,6389,7900,4632,7481,5818,922
13,35.2693,6624,1633,7238,7677,2822,617,1712,6389,7900,4632,7481,5818,922
13,35.2693,6624,1633,7238,7677,2822,617,1712,6389,7900,4632,7481,5818,922
13,35.2693,6624,1633,7238,7677,2822,617,1712,6389,7900,4632,7481,5818,922
13,34.9689,6624,1633,7238,2822,1030,513,1712,6389,4632,7481,5818,7900,922
13,34.6604,6624,1633,7238,2822,617,1712,6389,4632,7481,5818,7900,7585,922
