n_nodes,influence,n0,n1,n2,n3,n4,n5,n6
7,22.9103,832,245,366,46,913,597,991
7,22.9103,832,245,366,46,913,597,991
7,22.9103,832,245,366,46,913,597,991
7,22.9103,832,245,366,46,913,597,991
7,22.9103,832,245,366,46,913,597,991
7,22.9103,832,245,366,46,913,597,991
7,22.9103,832,245,366,46,913,597,991
7,22.9103,832,245,366,46,913,597,991
7,22.9103,832,245,366,46,913,597,991
7,22.9103,832,245,366,46,913,597,991
7,22.9103,832,245,366,46,913,597,991
7,22.9103,832,245,366,46,913,597,991
7,22.9103,832,245,366,46,913,597,991
7,22.9103,832,245,366,46,913,597,991
7,22.9103,832,245,366,46,913,597,991
7,22.9103,832,245,366,46,913,597,991
