n_nodes,influence,n0,n1,n2,n3,n4,n5,n6,n7,n8,n9,n10,n11,n12,n13,n14,n15,n16,n17,n18,n19
20,69.5700,252677,17544,109071,246034,234676,230069,238138,214842,251069,246223,205267,171995,196986,2279,138732,84078,147335,158070,162166,10876
20,69.5700,252677,17544,109071,246034,234676,230069,238138,214842,251069,246223,205267,171995,196986,2279,138732,84078,147335,158070,162166,10876
20,69.5700,252677,17544,109071,246034,234676,230069,238138,214842,251069,246223,205267,171995,196986,2279,138732,84078,147335,158070,162166,10876
20,69.5700,252677,17544,109071,246034,234676,230069,238138,214842,251069,246223,205267,171995,196986,2279,138732,84078,147335,158070,162166,10876
20,69.5700,252677,17544,109071,246034,234676,230069,238138,214842,251069,246223,205267,171995,196986,2279,138732,84078,147335,158070,162166,10876
20,69.5700,252677,17544,109071,246034,234676,230069,238138,214842,251069,246223,205267,171995,196986,2279,138732,84078,147335,158070,162166,10876
20,68.1000,252677,147335,17544,109071,246034,234676,230069,238138,214842,251069,246223,205267,171995,237377,2279,138732,84078,158070,162166,10876
20,68.1000,252677,147335,17544,109071,246034,234676,230069,238138,214842,251069,246223,205267,171995,237377,2279,138732,84078,158070,162166,10876
20,68.1000,252677,147335,17544,109071,246034,234676,230069,238138,214842,251069,246223,205267,171995,237377,2279,138732,84078,158070,162166,10876
20,68.1000,252677,147335,17544,109071,246034,234676,230069,238138,214842,251069,246223,205267,171995,237377,2279,138732,84078,158070,162166,10876
20,68.1000,252677,147335,17544,109071,246034,234676,230069,238138,214842,251069,246223,205267,171995,237377,2279,138732,84078,158070,162166,10876
20,68.1000,252677,147335,17544,109071,246034,234676,230069,238138,214842,251069,246223,205267,171995,237377,2279,138732,84078,158070,162166,10876
20,68.1000,252677,147335,17544,109071,246034,234676,230069,238138,214842,251069,246223,205267,171995,237377,2279,138732,84078,158070,162166,10876
20,68.0300,252677,17544,109071,246034,234676,230069,238138,214842,251069,246223,205267,171995,196986,2279,138732,84078,147335,158070,162166,10876
20,68.0300,252677,17544,109071,246034,234676,230069,238138,214842,251069,246223,205267,171995,196986,2279,138732,84078,147335,158070,162166,10876
20,67.9600,252677,17544,109071,246034,234676,230069,238138,214842,251069,246223,205267,171995,196986,2279,138732,84078,147335,158070,162166,10876
20,67.7700,252677,206279,17544,109071,246034,234676,230069,238138,214842,251069,246223,205267,171995,94051,2279,138732,84078,158070,162166,10876
20,67.6600,252677,17544,109071,246034,234676,230069,238138,214842,251069,246223,205267,171995,196986,2279,138732,84078,147335,158070,162166,10876
20,67.3800,252677,147335,17544,109071,180483,234676,230069,238138,214842,251069,246223,205267,171995,2279,138732,84078,158070,162166,196986,10876
20,67.3700,252677,17544,109071,246034,234676,230069,238138,214842,251069,246223,205267,171995,196986,2279,138732,84078,65391,158070,162166,10876
20,67.3700,252677,17544,109071,246034,234676,230069,238138,214842,251069,246223,205267,171995,196986,2279,138732,84078,65391,158070,162166,10876
20,67.3700,252677,17544,109071,246034,234676,230069,238138,214842,251069,246223,205267,171995,196986,2279,138732,84078,65391,158070,162166,10876
20,67.2800,252677,147335,17544,109071,246034,234676,194691,238138,214842,251069,246223,205267,171995,94051,2279,138732,84078,158070,162166,10876
20,67.1400,65391,84078,171995,252677,238138,109071,230069,246034,138732,94051,158070,214842,10876,234676,251069,17544,246223,2279,162166,205267
20,66.9500,252677,147335,17544,109071,246034,234676,194691,238138,214842,251069,246223,205267,171995,94051,2279,138732,84078,158070,162166,10876
20,66.9500,252677,147335,17544,109071,246034,234676,194691,238138,214842,251069,246223,205267,171995,94051,2279,138732,84078,158070,162166,10876
20,66.9500,252677,147335,17544,109071,246034,234676,194691,238138,214842,251069,246223,205267,171995,94051,2279,138732,84078,158070,162166,10876
20,66.9500,252677,147335,17544,109071,246034,234676,194691,238138,214842,251069,246223,205267,171995,94051,2279,138732,84078,158070,162166,10876
20,66.9500,252677,147335,17544,109071,246034,234676,194691,238138,214842,251069,246223,205267,171995,94051,2279,138732,84078,158070,162166,10876
20,66.9500,252677,147335,17544,109071,246034,234676,194691,238138,214842,251069,246223,205267,171995,94051,2279,138732,84078,158070,162166,10876
20,66.9500,252677,147335,17544,109071,246034,234676,194691,238138,214842,251069,246223,205267,171995,94051,2279,138732,84078,158070,162166,10876
20,66.9500,252677,147335,17544,109071,246034,234676,194691,238138,214842,251069,246223,205267,171995,94051,2279,138732,84078,158070,162166,10876
