generation number, pop_size, worst, best, median, avg, std, diversity, improvement, number_of_selections
0, 10, 3.03, 3.21, 3.085, 3.1130000000000004, 0.06664082832618456,0.9703703703703703,0,[1.e-300]
1, 10, 3.14, 3.21, 3.165, 3.1700000000000004, 0.023237900077244446,0.8222222222222222,0.0,[10.]
2, 10, 3.08, 3.21, 3.1550000000000002, 3.158, 0.049558046773455426,0.8444444444444444,0.0,[20.]
3, 10, 3.13, 3.3, 3.1950000000000003, 3.1990000000000003, 0.04205948168962615,0.6666666666666666,0.028037383177570048,[30.]
4, 10, 3.09, 3.3, 3.165, 3.178, 0.06225752966509351,0.8148148148148149,0.0,[40.]
5, 10, 3.13, 3.3, 3.185, 3.194, 0.05295280917949486,0.7703703703703704,0.0,[50.]
6, 10, 3.12, 3.3, 3.1799999999999997, 3.193, 0.060340699366182325,0.7333333333333334,0.0,[60.]
7, 10, 3.08, 3.3, 3.125, 3.151, 0.06818357573492313,0.7407407407407408,0.0,[70.]
8, 10, 3.11, 3.3, 3.185, 3.1830000000000003, 0.0571051661410769,0.7777777777777778,0.0,[80.]
9, 10, 3.09, 3.3, 3.165, 3.179, 0.05872818744010409,0.7703703703703704,0.0,[90.]
10, 10, 3.09, 3.3, 3.185, 3.181, 0.057523908073078604,0.7037037037037037,0.0,[100.]
