num_genrations,diversity,improvement,best_fitness
0,0.9973790322580646,0,293.96
1,0.8659274193548387,0.0,293.96
2,0.5956653225806452,0.0,293.96
3,0.2261088709677419,0.007075792624847058,296.04
4,0.021169354838709853,0.001790298608296084,296.57
5,0.0031250000000000444,0.007182115520787657,298.7
6,0.008770161290322487,-0.0027787077335118316,297.87
7,0.008770161290322487,0.013428676939604525,301.87
8,0.0031250000000000444,-0.01000430648954842,298.85
9,0.0,0.001873849757403387,299.41
10,0.0,0.0010353695601349395,299.72
