n_nodes,influence,n0,n1,n2,n3,n4,n5,n6
7,1000.0000,641,860,408,727,844,625,927
7,1000.0000,641,860,408,727,844,625,927
7,1000.0000,641,579,995,392,623,989,671
7,1000.0000,546,579,195,727,333,720,828
7,1000.0000,546,579,408,561,844,625,927
7,1000.0000,641,392,579,995,103,989,446
7,1000.0000,546,392,579,995,103,827,989
7,1000.0000,641,579,647,392,827,989,671
7,1000.0000,741,546,579,103,922,827,927
7,1000.0000,546,579,408,727,844,625,989
7,1000.0000,641,392,579,995,103,827,989
7,1000.0000,546,392,579,995,103,827,989
7,1000.0000,641,579,995,104,392,827,989
7,1000.0000,641,860,408,727,844,625,927
7,1000.0000,641,860,408,727,844,625,927
7,1000.0000,641,579,995,671,392,827,989
