generation number, pop_size, worst, best, median, avg, std, diversity, improvement, number_of_selections
0, 10, 2.02, 2.12, 2.045, 2.054, 0.030724582991474465,1.0,0,[1.e-300]
1, 10, 2.04, 2.13, 2.085, 2.0860000000000003, 0.028354893757515647,0.9222222222222223,0.004716981132075371,[1.e-300]
2, 10, 2.04, 2.13, 2.07, 2.076, 0.02727636339397172,0.9,0.0,[1.e-300]
3, 10, 2.03, 2.15, 2.09, 2.093, 0.03551056180912942,0.8777777777777778,0.009389671361502356,[1.e-300]
4, 10, 2.05, 2.19, 2.09, 2.1019999999999994, 0.04377213725647858,0.8222222222222222,0.018604651162790715,[1.e-300]
5, 10, 2.03, 2.19, 2.065, 2.08, 0.05019960159204453,0.9555555555555556,0.0,[1.e-300]
6, 10, 2.01, 2.19, 2.0549999999999997, 2.0759999999999996, 0.057131427428342825,0.9111111111111111,0.0,[1.e-300]
7, 10, 2.03, 2.19, 2.06, 2.084, 0.047791212581394106,0.9333333333333333,0.0,[1.e-300]
8, 10, 2.03, 2.19, 2.075, 2.088, 0.04935585071701226,0.9111111111111111,0.0,[1.e-300]
9, 10, 2.02, 2.19, 2.0599999999999996, 2.0789999999999997, 0.05127377497317711,0.9444444444444444,0.0,[1.e-300]
10, 10, 2.05, 2.19, 2.075, 2.093, 0.0424381903478459,0.9333333333333333,0.0,[1.e-300]
