n_nodes,influence,n0,n1,n2,n3,n4,n5,n6,n7,n8,n9,n10,n11,n12,n13,n14,n15,n16,n17,n18,n19
20,95.9200,4483,2565,11,312,2688,1538,2845,3761,789,1215,2658,289,4162,5189,72,4073,457,1006,4688,5202
20,95.9200,4483,2565,11,312,2688,1538,2845,3761,789,1215,2658,289,4162,5189,72,4073,457,1006,4688,5202
20,95.9200,4483,2565,11,312,2688,1538,2845,3761,789,1215,2658,289,4162,5189,72,4073,457,1006,4688,5202
20,95.9200,4483,2565,11,312,2688,1538,2845,3761,789,1215,2658,289,4162,5189,72,4073,457,1006,4688,5202
20,95.9200,4483,2565,11,312,2688,1538,2845,3761,789,1215,2658,289,4162,5189,72,4073,457,1006,4688,5202
20,95.9200,4483,2565,11,312,2688,1538,2845,3761,789,1215,2658,289,4162,5189,72,4073,457,1006,4688,5202
20,95.9200,4483,2565,11,312,2688,1538,2845,3761,789,1215,2658,289,4162,5189,72,4073,457,1006,4688,5202
20,95.9200,4483,2565,11,312,2688,1538,2845,3761,789,1215,2658,289,4162,5189,72,4073,457,1006,4688,5202
20,95.9200,4483,2565,11,312,2688,1538,2845,3761,789,1215,2658,289,4162,5189,72,4073,457,1006,4688,5202
20,95.9200,4483,2565,11,312,2688,1538,2845,3761,789,1215,2658,289,4162,5189,72,4073,457,1006,4688,5202
20,95.9200,4483,2565,11,312,2688,1538,2845,3761,789,1215,2658,289,4162,5189,72,4073,457,1006,4688,5202
20,95.9200,4483,2565,11,312,2688,1538,2845,3761,789,1215,2658,289,4162,5189,72,4073,457,1006,4688,5202
20,95.9200,4483,2565,11,312,2688,1538,2845,3761,789,1215,2658,289,4162,5189,72,4073,457,1006,4688,5202
20,95.9200,4483,2565,11,312,2688,1538,2845,3761,789,1215,2658,289,4162,5189,72,4073,457,1006,4688,5202
20,95.9200,4483,2565,11,312,2688,1538,2845,3761,789,1215,2658,289,4162,5189,72,4073,457,1006,4688,5202
20,95.9200,4483,2565,11,312,2688,1538,2845,3761,789,1215,2658,289,4162,5189,72,4073,457,1006,4688,5202
20,95.9200,4483,2565,11,312,2688,1538,2845,3761,789,1215,2658,289,4162,5189,72,4073,457,1006,4688,5202
20,95.9200,4483,2565,11,312,2688,1538,2845,3761,789,1215,2658,289,4162,5189,72,4073,457,1006,4688,5202
20,95.9200,4483,2565,11,312,2688,1538,2845,3761,789,1215,2658,289,4162,5189,72,4073,457,1006,4688,5202
20,95.9200,4483,2565,11,312,2688,1538,2845,3761,789,1215,2658,289,4162,5189,72,4073,457,1006,4688,5202
20,95.9200,4483,2565,11,312,2688,1538,2845,3761,789,1215,2658,289,4162,5189,72,4073,457,1006,4688,5202
20,95.9200,4483,2565,11,312,2688,1538,2845,3761,789,1215,2658,289,4162,5189,72,4073,457,1006,4688,5202
20,95.9200,4483,2565,11,312,2688,1538,2845,3761,789,1215,2658,289,4162,5189,72,4073,457,1006,4688,5202
20,95.9200,4483,2565,11,312,2688,1538,2845,3761,789,1215,2658,289,4162,5189,72,4073,457,1006,4688,5202
20,95.9200,4483,2565,11,312,2688,1538,2845,3761,789,1215,2658,289,4162,5189,72,4073,457,1006,4688,5202
20,95.9200,4483,2565,11,312,2688,1538,2845,3761,789,1215,2658,289,4162,5189,72,4073,457,1006,4688,5202
20,95.9200,4483,2565,11,312,2688,1538,2845,3761,789,1215,2658,289,4162,5189,72,4073,457,1006,4688,5202
20,95.9200,4483,2565,11,312,2688,1538,2845,3761,789,1215,2658,289,4162,5189,72,4073,457,1006,4688,5202
20,95.9200,4483,2565,11,312,2688,1538,2845,3761,789,1215,2658,289,4162,5189,72,4073,457,1006,4688,5202
20,95.9200,4483,2565,11,312,2688,1538,2845,3761,789,1215,2658,289,4162,5189,72,4073,457,1006,4688,5202
20,95.9200,4483,2565,11,312,2688,1538,2845,3761,789,1215,2658,289,4162,5189,72,4073,457,1006,4688,5202
20,95.9200,4483,2565,11,312,2688,1538,2845,3761,789,1215,2658,289,4162,5189,72,4073,457,1006,4688,5202
20,95.9200,4483,2565,11,312,2688,1538,2845,3761,789,1215,2658,289,4162,5189,72,4073,457,1006,4688,5202
20,95.9200,4483,2565,11,312,2688,1538,2845,3761,789,1215,2658,289,4162,5189,72,4073,457,1006,4688,5202
20,95.9200,4483,2565,11,312,2688,1538,2845,3761,789,1215,2658,289,4162,5189,72,4073,457,1006,4688,5202
20,95.9200,4483,2565,11,312,2688,1538,2845,3761,789,1215,2658,289,4162,5189,72,4073,457,1006,4688,5202
20,95.9200,4483,2565,11,312,2688,1538,2845,3761,789,1215,2658,289,4162,5189,72,4073,457,1006,4688,5202
20,95.9200,4483,2565,11,312,2688,1538,2845,3761,789,1215,2658,289,4162,5189,72,4073,457,1006,4688,5202
20,95.9200,4483,2565,11,312,2688,1538,2845,3761,789,1215,2658,289,4162,5189,72,4073,457,1006,4688,5202
20,95.9200,4483,2565,11,312,2688,1538,2845,3761,789,1215,2658,289,4162,5189,72,4073,457,1006,4688,5202
20,95.9200,4483,2565,11,312,2688,1538,2845,3761,789,1215,2658,289,4162,5189,72,4073,457,1006,4688,5202
20,95.9200,4483,2565,11,312,2688,1538,2845,3761,789,1215,2658,289,4162,5189,72,4073,457,1006,4688,5202
20,95.9200,4483,2565,11,312,2688,1538,2845,3761,789,1215,2658,289,4162,5189,72,4073,457,1006,4688,5202
20,95.9200,4483,2565,11,312,2688,1538,2845,3761,789,1215,2658,289,4162,5189,72,4073,457,1006,4688,5202
20,95.9200,4483,2565,11,312,2688,1538,2845,3761,789,1215,2658,289,4162,5189,72,4073,457,1006,4688,5202
20,95.9200,4483,2565,11,312,2688,1538,2845,3761,789,1215,2658,289,4162,5189,72,4073,457,1006,4688,5202
20,95.9200,4483,2565,11,312,2688,1538,2845,3761,789,1215,2658,289,4162,5189,72,4073,457,1006,4688,5202
20,95.9200,4483,2565,11,312,2688,1538,2845,3761,789,1215,2658,289,4162,5189,72,4073,457,1006,4688,5202
20,94.8300,4483,2565,11,312,2688,1538,2845,3761,789,1215,2658,289,4162,5189,72,4073,457,1006,4688,5202
20,94.6900,4483,2565,11,312,2688,1538,2845,3761,789,1215,2658,289,4162,5189,72,4073,457,1006,4688,5202
20,94.3700,4483,2565,11,312,2688,1538,2845,3761,789,1215,2658,289,4162,5189,72,4073,457,1006,4688,5202
20,93.9700,4483,2565,11,312,2688,1538,2845,3761,789,1215,2658,289,4162,5189,72,4073,457,1006,4688,5202
20,93.6600,4483,2565,11,312,2688,1538,2845,3761,789,1215,2658,289,4162,5189,72,4073,457,1006,4688,5202
20,93.1400,2688,1538,4483,2565,11,789,6627,289,3761,312,1215,4162,5189,72,457,4688,5202,2658,4073,1006
20,92.9800,4483,2565,11,312,2688,1538,2845,3761,789,1215,2658,289,4162,5189,72,4073,457,1006,4688,5202
20,92.9100,4483,2565,11,312,2688,1538,2845,3761,789,1215,2658,289,4162,5189,72,4073,457,1006,4688,5202
20,92.8500,4483,2565,11,312,2688,1538,2845,3761,789,1215,2658,289,4162,5189,72,4073,457,1006,4688,5202
20,92.8400,4483,2565,11,312,2688,1538,2845,3761,789,1215,2658,289,4162,5189,72,4073,457,1006,4688,5202
20,92.8000,4483,2565,11,312,2688,1538,2845,3761,789,1215,2658,289,4162,5189,72,4073,457,1006,4688,5202
20,92.7400,4483,2565,11,312,2688,1538,2845,3761,789,1215,2658,289,4162,5189,72,4073,457,1006,4688,5202
20,92.7400,4483,2565,11,312,2688,1538,2845,3761,789,1215,2658,289,4162,5189,72,4073,457,1006,4688,5202
20,92.6600,4483,2565,11,312,2688,1538,2845,3761,789,1215,2658,289,4162,5189,72,4073,457,1006,4688,5202
20,92.4100,2688,1538,4483,2565,11,789,5553,289,3761,312,1215,4162,5189,72,457,4688,5202,2658,4073,1006
20,92.3800,4483,2565,11,312,2688,1538,2845,3761,789,1215,2658,289,4162,5189,72,4073,457,1006,4688,5202
20,92.3500,4483,2565,11,312,2688,1538,2845,3761,789,1215,2658,289,4162,5189,72,4073,457,1006,4688,5202
20,92.2400,2688,1538,4483,2565,11,789,2845,289,3761,312,1215,2233,5189,72,457,4688,5202,2658,4073,1006
20,92.1800,4483,2565,11,312,2688,1538,2845,3761,789,1215,2658,289,4162,5189,72,4073,457,1006,4688,5202
20,92.1300,4483,2565,11,312,2688,1538,2845,3761,789,1215,2658,289,4162,5189,72,4073,457,1006,4688,5202
20,92.0900,4483,2565,11,312,2688,1538,2845,3761,789,1215,2658,289,4162,5189,72,4073,457,1006,4688,5202
20,92.0700,4483,2565,11,312,2688,1538,2845,3761,789,1215,2658,289,4162,5189,72,4073,457,1006,4688,5202
20,92.0600,4483,2565,11,312,2688,1538,2845,3761,789,1215,2658,289,4162,5189,72,4073,457,1006,4688,5202
20,91.8100,2688,1538,4483,2565,11,789,2845,289,3761,312,1215,1970,5189,72,457,4688,5202,2658,4073,1006
20,91.7700,4483,2565,11,312,2688,1538,2845,3761,789,1215,2658,289,4162,5189,72,4073,457,1006,4688,5202
20,91.7300,4483,2565,11,312,2688,1538,2845,3761,789,1215,2658,289,4162,5189,72,4073,457,1006,4688,5202
20,91.6300,4483,2565,11,312,2688,1538,2845,3761,789,1215,2658,289,4162,5189,72,4073,457,1006,4688,5202
20,91.6200,4483,2565,11,312,2688,1538,2845,3761,789,1215,2658,289,4162,5189,72,4073,457,1006,4688,5202
20,91.5800,4483,2565,11,312,2688,1538,2845,3761,789,1215,2658,289,4162,5189,72,4073,457,1006,4688,5202
20,91.4700,4483,2565,11,312,2688,1538,2845,3761,789,1215,2658,289,4162,5189,72,4073,457,1006,4688,5202
20,91.4300,4483,2565,11,312,2688,1538,2845,3761,789,1215,2658,289,4162,5189,72,4073,457,1006,4688,5202
20,91.3900,4483,2565,11,312,2688,1538,2845,3761,789,1215,2658,289,4162,5189,72,4073,457,1006,4688,5202
20,91.3400,4483,2565,11,312,2688,1538,2845,3761,789,1215,2658,289,4162,5189,72,4073,457,1006,4688,5202
20,91.2600,4483,2565,11,312,2688,1538,2845,3761,789,1215,2658,289,4162,5189,72,4073,457,1006,4688,5202
20,91.2400,4483,2565,11,312,2688,1538,2845,3761,789,1215,2658,289,4162,5189,72,4073,457,1006,4688,5202
20,91.2400,4483,2565,11,312,2688,1538,2845,3761,789,1215,2658,289,4162,5189,72,4073,457,1006,4688,5202
20,91.1700,4483,2565,11,312,2688,1538,2845,3761,789,1215,2658,289,4162,5189,72,4073,457,1006,4688,5202
20,90.9600,4483,2565,11,312,2688,1538,2845,3761,789,1215,2658,289,4162,5189,72,4073,457,1006,4688,5202
20,90.9300,4483,2565,11,312,2688,1538,2845,3761,789,1215,2658,289,4162,5189,72,4073,457,1006,4688,5202
20,90.8900,2688,1125,4483,2565,11,789,2845,289,3761,312,1215,4162,5189,72,457,4688,5202,2658,4073,1006
20,90.8600,4483,2565,11,312,2688,1538,2845,3761,789,1215,2658,289,4162,5189,72,4073,457,1006,4688,5202
20,90.8000,2688,6487,4483,2565,11,789,2845,289,3761,312,1215,4162,5189,72,457,4688,5202,2658,4073,1006
20,90.7400,2688,1538,4483,2565,11,789,2858,289,3761,312,1215,4162,5189,72,457,4688,5202,2658,4073,1006
20,90.7300,4483,2565,11,312,2688,1538,2845,3761,789,1215,2658,289,4162,5189,72,4073,457,1006,4688,5202
20,90.6700,4483,2565,11,312,2688,1538,2845,3761,789,1215,2658,289,4162,5189,72,4073,457,1006,4688,5202
20,90.5800,4483,2565,11,312,2688,1538,2845,3761,789,1215,2658,289,4162,5189,72,4073,457,1006,4688,5202
20,90.4800,4483,2565,11,312,2688,1538,2845,3761,789,1215,2658,289,4162,5189,72,4073,457,1006,4688,5202
20,90.3300,4483,2565,11,312,2688,1538,2845,3761,789,1215,2658,289,4162,5189,72,4073,457,1006,4688,5202
20,90.2800,4483,2565,11,312,2688,1538,2845,3761,789,1215,2658,289,4162,5189,72,4073,457,1006,4688,5202
20,90.2100,4483,2565,11,312,2688,1538,2845,3761,789,1215,2658,289,4162,5189,72,4073,457,1006,4688,5202
20,90.2000,4483,2565,11,312,2688,1538,2845,3761,789,1215,2658,289,4162,5189,72,4073,457,1006,4688,5202
20,90.0500,4483,2565,11,312,2688,1538,2845,3761,789,1215,2658,289,4162,5189,72,4073,457,1006,4688,5202
