generation number, pop_size, worst, best, median, avg, std, diversity, improvement, number_of_selections
0, 10, 2.0, 2.18, 2.075, 2.089, 0.06533758489567862,0.9888888888888889,0,[1.e-300]
1, 10, 2.09, 2.2, 2.1550000000000002, 2.1450000000000005, 0.04104875150354762,0.8222222222222222,0.009174311926605512,[1.e-300]
2, 10, 2.06, 2.2, 2.135, 2.1239999999999997, 0.04800000000000002,0.8777777777777778,0.0,[1.e-300]
3, 10, 2.12, 2.2, 2.13, 2.143, 0.027586228448267455,0.8444444444444444,0.0,[1.e-300]
4, 10, 2.09, 2.27, 2.14, 2.149, 0.05485435260760996,0.8444444444444444,0.031818181818181746,[1.e-300]
5, 10, 2.05, 2.27, 2.125, 2.1410000000000005, 0.06394528911499275,0.9,0.0,[1.e-300]
6, 10, 2.08, 2.27, 2.12, 2.143, 0.06827151675479314,0.8444444444444444,0.0,[1.e-300]
7, 10, 2.02, 2.27, 2.0949999999999998, 2.123, 0.07470609078247906,0.8444444444444444,0.0,[1.e-300]
8, 10, 2.04, 2.27, 2.105, 2.128, 0.07345747068882784,0.8888888888888888,0.0,[1.e-300]
9, 10, 2.02, 2.27, 2.0549999999999997, 2.094, 0.08428523002282194,0.9111111111111111,0.0,[1.e-300]
10, 10, 2.05, 2.27, 2.105, 2.1270000000000002, 0.0757693869580585,0.8444444444444444,0.0,[1.e-300]
