n_nodes,influence,n0,n1,n2,n3,n4,n5,n6,n7,n8,n9,n10,n11,n12,n13,n14,n15,n16
17,29.3800,112257,50594,252695,252677,171995,138732,216430,188689,119698,93682,117490,230069,158070,238138,109339,10876,214842
17,29.3700,112257,252677,171995,78444,138732,216430,188689,246034,93682,200886,230069,158070,252695,238138,109339,10876,37309
17,29.3600,112257,252677,171995,78444,138732,216430,188689,246034,93682,200886,230069,158070,252695,238138,109339,10876,214842
17,29.3600,112257,252677,171995,78444,138732,216430,188689,246034,93682,200886,230069,158070,252695,238138,109339,10876,214842
17,29.3600,112257,252677,171995,78444,138732,216430,188689,246034,93682,200886,230069,158070,252695,238138,109339,10876,214842
17,29.3600,112257,252677,171995,78444,138732,216430,188689,246034,93682,200886,230069,158070,252695,238138,109339,10876,214842
17,29.3500,109339,112257,50594,252677,138732,216430,188689,246034,93682,117490,230069,158070,252695,238138,171995,10876,37309
17,29.3500,109339,112257,50594,252677,138732,216430,188689,246034,93682,117490,230069,158070,252695,238138,171995,10876,37309
17,29.3500,109339,112257,50594,252677,138732,216430,188689,246034,93682,117490,230069,158070,252695,238138,171995,10876,37309
17,29.3500,109339,112257,50594,252677,138732,216430,188689,246034,93682,117490,230069,158070,252695,238138,171995,10876,37309
17,29.3500,109339,112257,50594,252677,138732,216430,188689,246034,93682,117490,230069,158070,252695,238138,171995,10876,37309
17,29.3500,109339,112257,50594,252677,138732,216430,188689,246034,93682,117490,230069,158070,252695,238138,171995,10876,37309
17,29.3500,109339,112257,50594,252677,138732,216430,188689,246034,93682,117490,230069,158070,252695,238138,171995,10876,37309
17,29.3500,109339,112257,50594,94051,252677,253538,216430,188689,119698,93682,117490,230069,158070,238138,171995,10876,214842
17,29.3500,112257,50594,94051,252677,171995,138732,216430,188689,119698,93682,117490,230069,158070,238138,109339,10876,214842
17,29.3500,112257,50594,94051,252677,171995,138732,216430,188689,119698,93682,117490,230069,158070,238138,109339,10876,214842
