generation number, individual number, fitness, candidate
0, 0, 3.1, [343, 2065, 269]
0, 1, 3.07, [874, 3716, 2595]
0, 2, 3.07, [874, 2599, 2712]
0, 3, 3.06, [159, 1087, 275]
0, 4, 3.05, [300, 2530, 220]
0, 5, 3.05, [2595, 874, 2513]
0, 6, 3.03, [275, 874, 343]
0, 7, 3.03, [3155, 220, 2712]
0, 8, 3.02, [291, 159, 2599]
0, 9, 3.0, [278, 280, 261]
1, 0, 3.14, [159, 2595, 269]
1, 1, 3.1, [2711, 2599, 2712]
1, 2, 3.1, [343, 2065, 269]
1, 3, 3.07, [874, 3716, 2595]
1, 4, 3.06, [343, 2065, 2712]
1, 5, 3.06, [103, 2762, 3716]
1, 6, 3.05, [380, 2065, 104]
1, 7, 3.04, [280, 2065, 300]
1, 8, 3.04, [343, 1095, 302]
1, 9, 3.04, [874, 2595, 2712]
2, 0, 3.14, [159, 2595, 269]
2, 1, 3.12, [343, 2065, 269]
2, 2, 3.11, [874, 269, 541]
2, 3, 3.1, [2711, 1811, 269]
2, 4, 3.1, [2711, 2599, 2712]
2, 5, 3.08, [81, 2599, 2712]
2, 6, 3.07, [159, 2595, 2514]
2, 7, 3.06, [2711, 2599, 380]
2, 8, 3.05, [2711, 3716, 269]
2, 9, 3.04, [343, 2599, 2525]
3, 0, 3.17, [295, 2595, 269]
3, 1, 3.14, [159, 2595, 269]
3, 2, 3.13, [874, 269, 291]
3, 3, 3.12, [343, 2065, 269]
3, 4, 3.09, [874, 269, 256]
3, 5, 3.07, [2530, 541, 269]
3, 6, 3.05, [159, 2065, 2513]
3, 7, 3.05, [343, 541, 250]
3, 8, 3.05, [2762, 3716, 269]
3, 9, 3.03, [874, 291, 2065]
4, 0, 3.17, [874, 269, 77]
4, 1, 3.17, [295, 2595, 269]
4, 2, 3.15, [295, 2762, 269]
4, 3, 3.14, [159, 2595, 269]
4, 4, 3.11, [154, 2595, 269]
4, 5, 3.11, [295, 2065, 277]
4, 6, 3.07, [2512, 2595, 1811]
4, 7, 3.07, [4602, 77, 261]
4, 8, 3.07, [302, 2530, 2764]
4, 9, 3.05, [1095, 154, 3716]
5, 0, 3.17, [874, 269, 77]
5, 1, 3.17, [295, 2595, 269]
5, 2, 3.16, [295, 2530, 269]
5, 3, 3.16, [295, 2530, 269]
5, 4, 3.1, [2711, 77, 269]
5, 5, 3.07, [291, 2595, 269]
5, 6, 3.07, [2525, 77, 269]
5, 7, 3.07, [874, 222, 2595]
5, 8, 3.06, [1087, 193, 1811]
5, 9, 3.06, [874, 2764, 2595]
6, 0, 3.26, [295, 220, 269]
6, 1, 3.17, [874, 269, 77]
6, 2, 3.17, [295, 2595, 269]
6, 3, 3.14, [154, 77, 269]
6, 4, 3.12, [1811, 269, 2595]
6, 5, 3.11, [2711, 269, 278]
6, 6, 3.08, [91, 283, 277]
6, 7, 3.07, [193, 77, 285]
6, 8, 3.04, [226, 2762, 874]
6, 9, 3.03, [285, 2711, 259]
7, 0, 3.26, [295, 220, 269]
7, 1, 3.17, [874, 269, 77]
7, 2, 3.14, [874, 77, 3155]
7, 3, 3.1, [295, 278, 269]
7, 4, 3.1, [295, 222, 104]
7, 5, 3.09, [191, 269, 77]
7, 6, 3.08, [76, 77, 269]
7, 7, 3.08, [154, 269, 2712]
7, 8, 3.07, [874, 2770, 220]
7, 9, 3.07, [278, 269, 2595]
8, 0, 3.26, [295, 220, 269]
8, 1, 3.17, [874, 269, 77]
8, 2, 3.16, [295, 77, 874]
8, 3, 3.15, [874, 269, 261]
8, 4, 3.13, [278, 269, 77]
8, 5, 3.12, [295, 191, 269]
8, 6, 3.1, [874, 269, 191]
8, 7, 3.09, [295, 77, 2712]
8, 8, 3.08, [874, 269, 291]
8, 9, 3.07, [2595, 277, 149]
9, 0, 3.26, [295, 220, 269]
9, 1, 3.17, [874, 269, 77]
9, 2, 3.12, [295, 2599, 302]
9, 3, 3.1, [874, 222, 220]
9, 4, 3.1, [295, 159, 269]
9, 5, 3.08, [256, 77, 269]
9, 6, 3.06, [2514, 220, 291]
9, 7, 3.05, [1080, 285, 277]
9, 8, 3.05, [256, 220, 226]
9, 9, 3.05, [278, 2597, 2513]
10, 0, 3.26, [295, 220, 269]
10, 1, 3.17, [295, 226, 222]
10, 2, 3.17, [874, 269, 77]
10, 3, 3.12, [2513, 380, 269]
10, 4, 3.11, [874, 269, 277]
10, 5, 3.11, [295, 77, 256]
10, 6, 3.11, [295, 2599, 1080]
10, 7, 3.1, [295, 250, 269]
10, 8, 3.09, [1811, 2599, 2770]
10, 9, 3.07, [874, 154, 220]
