n_nodes,influence,n0,n1,n2,n3,n4,n5,n6,n7,n8,n9,n10,n11,n12,n13,n14,n15,n16,n17,n18,n19,n20,n21,n22,n23,n24,n25,n26,n27,n28,n29,n30,n31,n32,n33,n34,n35,n36,n37,n38,n39,n40,n41,n42,n43,n44,n45,n46,n47,n48,n49
50,252.1500,125441,55821,117646,112376,240054,236220,100374,195994,84124,210846,124064,241570,95266,58919,215208,256809,153642,36266,245932,56748,192441,227258,245051,192828,11071,223424,250690,52036,121540,189383,169803,193230,205145,79480,211381,5072,203986,166237,141536,50534,205159,25831,88041,113005,50415,2159,179824,76784,16761,206066
50,252.1500,125441,55821,117646,112376,240054,236220,100374,195994,84124,210846,124064,241570,95266,58919,215208,256809,153642,36266,245932,56748,192441,227258,245051,192828,11071,223424,250690,52036,121540,189383,169803,193230,205145,79480,211381,5072,203986,166237,141536,50534,205159,25831,88041,113005,50415,2159,179824,76784,16761,206066
50,252.1500,125441,55821,117646,112376,240054,236220,100374,195994,84124,210846,124064,241570,95266,58919,215208,256809,153642,36266,245932,56748,192441,227258,245051,192828,11071,223424,250690,52036,121540,189383,169803,193230,205145,79480,211381,5072,203986,166237,141536,50534,205159,25831,88041,113005,50415,2159,179824,76784,16761,206066
50,252.1500,125441,55821,117646,112376,240054,236220,100374,195994,84124,210846,124064,241570,95266,58919,215208,256809,153642,36266,245932,56748,192441,227258,245051,192828,11071,223424,250690,52036,121540,189383,169803,193230,205145,79480,211381,5072,203986,166237,141536,50534,205159,25831,88041,113005,50415,2159,179824,76784,16761,206066
50,252.1500,125441,55821,117646,112376,240054,236220,100374,195994,84124,210846,124064,241570,95266,58919,215208,256809,153642,36266,245932,56748,192441,227258,245051,192828,11071,223424,250690,52036,121540,189383,169803,193230,205145,79480,211381,5072,203986,166237,141536,50534,205159,25831,88041,113005,50415,2159,179824,76784,16761,206066
50,252.1500,125441,55821,117646,112376,240054,236220,100374,195994,84124,210846,124064,241570,95266,58919,215208,256809,153642,36266,245932,56748,192441,227258,245051,192828,11071,223424,250690,52036,121540,189383,169803,193230,205145,79480,211381,5072,203986,166237,141536,50534,205159,25831,88041,113005,50415,2159,179824,76784,16761,206066
50,252.1500,125441,55821,117646,112376,240054,236220,100374,195994,84124,210846,124064,241570,95266,58919,215208,256809,153642,36266,245932,56748,192441,227258,245051,192828,11071,223424,250690,52036,121540,189383,169803,193230,205145,79480,211381,5072,203986,166237,141536,50534,205159,25831,88041,113005,50415,2159,179824,76784,16761,206066
50,252.1500,125441,55821,117646,112376,240054,236220,100374,195994,84124,210846,124064,241570,95266,58919,215208,256809,153642,36266,245932,56748,192441,227258,245051,192828,11071,223424,250690,52036,121540,189383,169803,193230,205145,79480,211381,5072,203986,166237,141536,50534,205159,25831,88041,113005,50415,2159,179824,76784,16761,206066
50,252.1500,125441,55821,117646,112376,240054,236220,100374,195994,84124,210846,124064,241570,95266,58919,215208,256809,153642,36266,245932,56748,192441,227258,245051,192828,11071,223424,250690,52036,121540,189383,169803,193230,205145,79480,211381,5072,203986,166237,141536,50534,205159,25831,88041,113005,50415,2159,179824,76784,16761,206066
50,252.1500,125441,55821,117646,112376,240054,236220,100374,195994,84124,210846,124064,241570,95266,58919,215208,256809,153642,36266,245932,56748,192441,227258,245051,192828,11071,223424,250690,52036,121540,189383,169803,193230,205145,79480,211381,5072,203986,166237,141536,50534,205159,25831,88041,113005,50415,2159,179824,76784,16761,206066
50,252.1500,125441,55821,117646,112376,240054,236220,100374,195994,84124,210846,124064,241570,95266,58919,215208,256809,153642,36266,245932,56748,192441,227258,245051,192828,11071,223424,250690,52036,121540,189383,169803,193230,205145,79480,211381,5072,203986,166237,141536,50534,205159,25831,88041,113005,50415,2159,179824,76784,16761,206066
50,252.1500,125441,55821,117646,112376,240054,236220,100374,195994,84124,210846,124064,241570,95266,58919,215208,256809,153642,36266,245932,56748,192441,227258,245051,192828,11071,223424,250690,52036,121540,189383,169803,193230,205145,79480,211381,5072,203986,166237,141536,50534,205159,25831,88041,113005,50415,2159,179824,76784,16761,206066
50,252.1500,125441,55821,117646,112376,240054,236220,100374,195994,84124,210846,124064,241570,95266,58919,215208,256809,153642,36266,245932,56748,192441,227258,245051,192828,11071,223424,250690,52036,121540,189383,169803,193230,205145,79480,211381,5072,203986,166237,141536,50534,205159,25831,88041,113005,50415,2159,179824,76784,16761,206066
50,252.1500,125441,55821,117646,112376,240054,236220,100374,195994,84124,210846,124064,241570,95266,58919,215208,256809,153642,36266,245932,56748,192441,227258,245051,192828,11071,223424,250690,52036,121540,189383,169803,193230,205145,79480,211381,5072,203986,166237,141536,50534,205159,25831,88041,113005,50415,2159,179824,76784,16761,206066
50,252.1500,125441,55821,117646,112376,240054,236220,100374,195994,84124,210846,124064,241570,95266,58919,215208,256809,153642,36266,245932,56748,192441,227258,245051,192828,11071,223424,250690,52036,121540,189383,169803,193230,205145,79480,211381,5072,203986,166237,141536,50534,205159,25831,88041,113005,50415,2159,179824,76784,16761,206066
50,252.1500,125441,55821,117646,112376,240054,236220,100374,195994,84124,210846,124064,241570,95266,58919,215208,256809,153642,36266,245932,56748,192441,227258,245051,192828,11071,223424,250690,52036,121540,189383,169803,193230,205145,79480,211381,5072,203986,166237,141536,50534,205159,25831,88041,113005,50415,2159,179824,76784,16761,206066
50,252.1500,125441,55821,117646,112376,240054,236220,100374,195994,84124,210846,124064,241570,95266,58919,215208,256809,153642,36266,245932,56748,192441,227258,245051,192828,11071,223424,250690,52036,121540,189383,169803,193230,205145,79480,211381,5072,203986,166237,141536,50534,205159,25831,88041,113005,50415,2159,179824,76784,16761,206066
50,252.1500,125441,55821,117646,112376,240054,236220,100374,195994,84124,210846,124064,241570,95266,58919,215208,256809,153642,36266,245932,56748,192441,227258,245051,192828,11071,223424,250690,52036,121540,189383,169803,193230,205145,79480,211381,5072,203986,166237,141536,50534,205159,25831,88041,113005,50415,2159,179824,76784,16761,206066
50,252.1500,125441,55821,117646,112376,240054,236220,100374,195994,84124,210846,124064,241570,95266,58919,215208,256809,153642,36266,245932,56748,192441,227258,245051,192828,11071,223424,250690,52036,121540,189383,169803,193230,205145,79480,211381,5072,203986,166237,141536,50534,205159,25831,88041,113005,50415,2159,179824,76784,16761,206066
50,252.1500,125441,55821,117646,112376,240054,236220,100374,195994,84124,210846,124064,241570,95266,58919,215208,256809,153642,36266,245932,56748,192441,227258,245051,192828,11071,223424,250690,52036,121540,189383,169803,193230,205145,79480,211381,5072,203986,166237,141536,50534,205159,25831,88041,113005,50415,2159,179824,76784,16761,206066
50,252.1500,125441,55821,117646,112376,240054,236220,100374,195994,84124,210846,124064,241570,95266,58919,215208,256809,153642,36266,245932,56748,192441,227258,245051,192828,11071,223424,250690,52036,121540,189383,169803,193230,205145,79480,211381,5072,203986,166237,141536,50534,205159,25831,88041,113005,50415,2159,179824,76784,16761,206066
50,252.1500,125441,55821,117646,112376,240054,236220,100374,195994,84124,210846,124064,241570,95266,58919,215208,256809,153642,36266,245932,56748,192441,227258,245051,192828,11071,223424,250690,52036,121540,189383,169803,193230,205145,79480,211381,5072,203986,166237,141536,50534,205159,25831,88041,113005,50415,2159,179824,76784,16761,206066
50,252.1500,125441,55821,117646,112376,240054,236220,100374,195994,84124,210846,124064,241570,95266,58919,215208,256809,153642,36266,245932,56748,192441,227258,245051,192828,11071,223424,250690,52036,121540,189383,169803,193230,205145,79480,211381,5072,203986,166237,141536,50534,205159,25831,88041,113005,50415,2159,179824,76784,16761,206066
50,252.1500,125441,55821,117646,112376,240054,236220,100374,195994,84124,210846,124064,241570,95266,58919,215208,256809,153642,36266,245932,56748,192441,227258,245051,192828,11071,223424,250690,52036,121540,189383,169803,193230,205145,79480,211381,5072,203986,166237,141536,50534,205159,25831,88041,113005,50415,2159,179824,76784,16761,206066
50,252.1500,125441,55821,117646,112376,240054,236220,100374,195994,84124,210846,124064,241570,95266,58919,215208,256809,153642,36266,245932,56748,192441,227258,245051,192828,11071,223424,250690,52036,121540,189383,169803,193230,205145,79480,211381,5072,203986,166237,141536,50534,205159,25831,88041,113005,50415,2159,179824,76784,16761,206066
50,252.1500,125441,55821,117646,112376,240054,236220,100374,195994,84124,210846,124064,241570,95266,58919,215208,256809,153642,36266,245932,56748,192441,227258,245051,192828,11071,223424,250690,52036,121540,189383,169803,193230,205145,79480,211381,5072,203986,166237,141536,50534,205159,25831,88041,113005,50415,2159,179824,76784,16761,206066
50,252.1500,125441,55821,117646,112376,240054,236220,100374,195994,84124,210846,124064,241570,95266,58919,215208,256809,153642,36266,245932,56748,192441,227258,245051,192828,11071,223424,250690,52036,121540,189383,169803,193230,205145,79480,211381,5072,203986,166237,141536,50534,205159,25831,88041,113005,50415,2159,179824,76784,16761,206066
50,252.1500,125441,55821,117646,112376,240054,236220,100374,195994,84124,210846,124064,241570,95266,58919,215208,256809,153642,36266,245932,56748,192441,227258,245051,192828,11071,223424,250690,52036,121540,189383,169803,193230,205145,79480,211381,5072,203986,166237,141536,50534,205159,25831,88041,113005,50415,2159,179824,76784,16761,206066
50,252.1500,125441,55821,117646,112376,240054,236220,100374,195994,84124,210846,124064,241570,95266,58919,215208,256809,153642,36266,245932,56748,192441,227258,245051,192828,11071,223424,250690,52036,121540,189383,169803,193230,205145,79480,211381,5072,203986,166237,141536,50534,205159,25831,88041,113005,50415,2159,179824,76784,16761,206066
50,252.1500,125441,55821,117646,112376,240054,236220,100374,195994,84124,210846,124064,241570,95266,58919,215208,256809,153642,36266,245932,56748,192441,227258,245051,192828,11071,223424,250690,52036,121540,189383,169803,193230,205145,79480,211381,5072,203986,166237,141536,50534,205159,25831,88041,113005,50415,2159,179824,76784,16761,206066
50,252.1500,125441,55821,117646,112376,240054,236220,100374,195994,84124,210846,124064,241570,95266,58919,215208,256809,153642,36266,245932,56748,192441,227258,245051,192828,11071,223424,250690,52036,121540,189383,169803,193230,205145,79480,211381,5072,203986,166237,141536,50534,205159,25831,88041,113005,50415,2159,179824,76784,16761,206066
50,252.1500,125441,55821,117646,112376,240054,236220,100374,195994,84124,210846,124064,241570,95266,58919,215208,256809,153642,36266,245932,56748,192441,227258,245051,192828,11071,223424,250690,52036,121540,189383,169803,193230,205145,79480,211381,5072,203986,166237,141536,50534,205159,25831,88041,113005,50415,2159,179824,76784,16761,206066
50,252.1500,125441,55821,117646,112376,240054,236220,100374,195994,84124,210846,124064,241570,95266,58919,215208,256809,153642,36266,245932,56748,192441,227258,245051,192828,11071,223424,250690,52036,121540,189383,169803,193230,205145,79480,211381,5072,203986,166237,141536,50534,205159,25831,88041,113005,50415,2159,179824,76784,16761,206066
50,252.1500,125441,55821,117646,112376,240054,236220,100374,195994,84124,210846,124064,241570,95266,58919,215208,256809,153642,36266,245932,56748,192441,227258,245051,192828,11071,223424,250690,52036,121540,189383,169803,193230,205145,79480,211381,5072,203986,166237,141536,50534,205159,25831,88041,113005,50415,2159,179824,76784,16761,206066
50,252.1500,125441,55821,117646,112376,240054,236220,100374,195994,84124,210846,124064,241570,95266,58919,215208,256809,153642,36266,245932,56748,192441,227258,245051,192828,11071,223424,250690,52036,121540,189383,169803,193230,205145,79480,211381,5072,203986,166237,141536,50534,205159,25831,88041,113005,50415,2159,179824,76784,16761,206066
50,252.1500,125441,55821,117646,112376,240054,236220,100374,195994,84124,210846,124064,241570,95266,58919,215208,256809,153642,36266,245932,56748,192441,227258,245051,192828,11071,223424,250690,52036,121540,189383,169803,193230,205145,79480,211381,5072,203986,166237,141536,50534,205159,25831,88041,113005,50415,2159,179824,76784,16761,206066
50,252.1500,125441,55821,117646,112376,240054,236220,100374,195994,84124,210846,124064,241570,95266,58919,215208,256809,153642,36266,245932,56748,192441,227258,245051,192828,11071,223424,250690,52036,121540,189383,169803,193230,205145,79480,211381,5072,203986,166237,141536,50534,205159,25831,88041,113005,50415,2159,179824,76784,16761,206066
50,252.1500,125441,55821,117646,112376,240054,236220,100374,195994,84124,210846,124064,241570,95266,58919,215208,256809,153642,36266,245932,56748,192441,227258,245051,192828,11071,223424,250690,52036,121540,189383,169803,193230,205145,79480,211381,5072,203986,166237,141536,50534,205159,25831,88041,113005,50415,2159,179824,76784,16761,206066
50,252.1500,125441,55821,117646,112376,240054,236220,100374,195994,84124,210846,124064,241570,95266,58919,215208,256809,153642,36266,245932,56748,192441,227258,245051,192828,11071,223424,250690,52036,121540,189383,169803,193230,205145,79480,211381,5072,203986,166237,141536,50534,205159,25831,88041,113005,50415,2159,179824,76784,16761,206066
50,252.1500,125441,55821,117646,112376,240054,236220,100374,195994,84124,210846,124064,241570,95266,58919,215208,256809,153642,36266,245932,56748,192441,227258,245051,192828,11071,223424,250690,52036,121540,189383,169803,193230,205145,79480,211381,5072,203986,166237,141536,50534,205159,25831,88041,113005,50415,2159,179824,76784,16761,206066
50,252.1500,125441,55821,117646,112376,240054,236220,100374,195994,84124,210846,124064,241570,95266,58919,215208,256809,153642,36266,245932,56748,192441,227258,245051,192828,11071,223424,250690,52036,121540,189383,169803,193230,205145,79480,211381,5072,203986,166237,141536,50534,205159,25831,88041,113005,50415,2159,179824,76784,16761,206066
50,252.1500,125441,55821,117646,112376,240054,236220,100374,195994,84124,210846,124064,241570,95266,58919,215208,256809,153642,36266,245932,56748,192441,227258,245051,192828,11071,223424,250690,52036,121540,189383,169803,193230,205145,79480,211381,5072,203986,166237,141536,50534,205159,25831,88041,113005,50415,2159,179824,76784,16761,206066
50,252.1500,125441,55821,117646,112376,240054,236220,100374,195994,84124,210846,124064,241570,95266,58919,215208,256809,153642,36266,245932,56748,192441,227258,245051,192828,11071,223424,250690,52036,121540,189383,169803,193230,205145,79480,211381,5072,203986,166237,141536,50534,205159,25831,88041,113005,50415,2159,179824,76784,16761,206066
50,252.1500,125441,55821,117646,112376,240054,236220,100374,195994,84124,210846,124064,241570,95266,58919,215208,256809,153642,36266,245932,56748,192441,227258,245051,192828,11071,223424,250690,52036,121540,189383,169803,193230,205145,79480,211381,5072,203986,166237,141536,50534,205159,25831,88041,113005,50415,2159,179824,76784,16761,206066
50,252.1500,125441,55821,117646,112376,240054,236220,100374,195994,84124,210846,124064,241570,95266,58919,215208,256809,153642,36266,245932,56748,192441,227258,245051,192828,11071,223424,250690,52036,121540,189383,169803,193230,205145,79480,211381,5072,203986,166237,141536,50534,205159,25831,88041,113005,50415,2159,179824,76784,16761,206066
50,252.1500,125441,55821,117646,112376,240054,236220,100374,195994,84124,210846,124064,241570,95266,58919,215208,256809,153642,36266,245932,56748,192441,227258,245051,192828,11071,223424,250690,52036,121540,189383,169803,193230,205145,79480,211381,5072,203986,166237,141536,50534,205159,25831,88041,113005,50415,2159,179824,76784,16761,206066
50,252.1500,125441,55821,117646,112376,240054,236220,100374,195994,84124,210846,124064,241570,95266,58919,215208,256809,153642,36266,245932,56748,192441,227258,245051,192828,11071,223424,250690,52036,121540,189383,169803,193230,205145,79480,211381,5072,203986,166237,141536,50534,205159,25831,88041,113005,50415,2159,179824,76784,16761,206066
50,252.1500,125441,55821,117646,112376,240054,236220,100374,195994,84124,210846,124064,241570,95266,58919,215208,256809,153642,36266,245932,56748,192441,227258,245051,192828,11071,223424,250690,52036,121540,189383,169803,193230,205145,79480,211381,5072,203986,166237,141536,50534,205159,25831,88041,113005,50415,2159,179824,76784,16761,206066
50,252.1500,125441,55821,117646,112376,240054,236220,100374,195994,84124,210846,124064,241570,95266,58919,215208,256809,153642,36266,245932,56748,192441,227258,245051,192828,11071,223424,250690,52036,121540,189383,169803,193230,205145,79480,211381,5072,203986,166237,141536,50534,205159,25831,88041,113005,50415,2159,179824,76784,16761,206066
50,252.1500,125441,55821,117646,112376,240054,236220,100374,195994,84124,210846,124064,241570,95266,58919,215208,256809,153642,36266,245932,56748,192441,227258,245051,192828,11071,223424,250690,52036,121540,189383,169803,193230,205145,79480,211381,5072,203986,166237,141536,50534,205159,25831,88041,113005,50415,2159,179824,76784,16761,206066
50,249.8700,125441,55821,117646,112376,240054,236220,100374,195994,84124,210846,124064,241570,95266,58919,215208,256809,153642,36266,245932,56748,192441,227258,245051,192828,11071,223424,250690,52036,121540,189383,169803,193230,205145,79480,211381,5072,203986,166237,141536,50534,205159,25831,88041,113005,50415,2159,179824,76784,16761,206066
50,249.8300,125441,55821,117646,112376,240054,236220,100374,195994,84124,210846,124064,241570,95266,58919,215208,256809,153642,36266,245932,56748,192441,227258,245051,192828,11071,223424,250690,52036,121540,189383,169803,193230,205145,79480,211381,5072,203986,166237,141536,50534,205159,25831,88041,113005,50415,2159,179824,76784,16761,206066
50,249.7300,125441,79480,55821,117646,100374,195994,84124,210846,124064,241570,48174,58919,215208,256809,153642,36266,245932,56748,211381,240054,192441,227258,245051,236220,192828,11071,223424,250690,52036,121540,189383,169803,193230,5072,203986,205145,166237,141536,50534,205159,25831,88041,113005,50415,2159,179824,76784,206066,112376,16761
50,249.4000,125441,55821,117646,112376,240054,236220,100374,195994,84124,210846,124064,241570,95266,58919,215208,256809,153642,36266,245932,56748,192441,227258,245051,192828,11071,223424,250690,52036,121540,189383,169803,193230,205145,79480,211381,5072,203986,166237,141536,50534,205159,25831,88041,113005,50415,2159,179824,76784,16761,206066
50,249.0900,125441,55821,117646,112376,240054,236220,100374,195994,84124,210846,124064,241570,95266,58919,215208,256809,153642,36266,245932,56748,192441,227258,245051,192828,11071,223424,250690,52036,121540,189383,169803,193230,205145,79480,211381,5072,203986,166237,141536,50534,205159,25831,88041,113005,50415,2159,179824,76784,16761,206066
50,248.9000,125441,55821,117646,112376,240054,236220,100374,195994,84124,210846,124064,241570,95266,58919,215208,256809,153642,36266,245932,56748,192441,227258,245051,192828,11071,223424,250690,52036,121540,189383,169803,193230,205145,79480,211381,5072,203986,166237,141536,50534,205159,25831,88041,113005,50415,2159,179824,76784,16761,206066
50,248.8900,125441,55821,117646,112376,240054,236220,100374,195994,84124,210846,124064,241570,95266,58919,215208,256809,153642,36266,245932,56748,192441,227258,245051,192828,11071,223424,250690,52036,121540,189383,169803,193230,205145,79480,211381,5072,203986,166237,141536,50534,205159,25831,88041,113005,50415,2159,179824,76784,16761,206066
50,248.6000,125441,55821,117646,112376,240054,236220,100374,195994,84124,210846,124064,241570,95266,58919,215208,256809,153642,36266,245932,56748,192441,227258,245051,192828,11071,223424,250690,52036,121540,189383,169803,193230,205145,79480,211381,5072,203986,166237,141536,50534,205159,25831,88041,113005,50415,2159,179824,76784,16761,206066
50,248.3500,125441,55821,117646,112376,240054,236220,100374,195994,84124,210846,124064,241570,95266,58919,215208,256809,153642,36266,245932,56748,192441,227258,245051,192828,11071,223424,250690,52036,121540,189383,169803,193230,205145,79480,211381,5072,203986,166237,141536,50534,205159,25831,88041,113005,50415,2159,179824,76784,16761,206066
50,247.8200,125441,55821,117646,112376,240054,236220,100374,195994,84124,210846,124064,241570,95266,58919,215208,256809,153642,36266,245932,56748,192441,227258,245051,192828,11071,223424,250690,52036,121540,189383,169803,193230,205145,79480,211381,5072,203986,166237,141536,50534,205159,25831,88041,113005,50415,2159,179824,76784,16761,206066
50,247.7000,125441,55821,117646,112376,240054,236220,100374,195994,84124,210846,124064,241570,95266,58919,215208,256809,153642,36266,245932,56748,192441,227258,245051,192828,11071,223424,250690,52036,121540,189383,169803,193230,205145,79480,211381,5072,203986,166237,141536,50534,205159,25831,88041,113005,50415,2159,179824,76784,16761,206066
50,247.6500,125441,55821,117646,112376,240054,236220,100374,195994,84124,210846,124064,241570,95266,58919,215208,256809,153642,36266,245932,56748,192441,227258,245051,192828,11071,223424,250690,52036,121540,189383,169803,193230,205145,79480,211381,5072,203986,166237,141536,50534,205159,25831,88041,113005,50415,2159,179824,76784,16761,206066
50,247.5500,125441,55821,117646,112376,240054,236220,100374,195994,84124,210846,124064,241570,95266,58919,215208,256809,153642,36266,245932,56748,192441,227258,245051,192828,11071,223424,250690,52036,121540,189383,169803,193230,205145,79480,211381,5072,203986,166237,141536,50534,205159,25831,88041,113005,50415,2159,179824,76784,16761,206066
50,247.4900,125441,55821,117646,112376,240054,236220,100374,195994,84124,210846,124064,241570,95266,58919,215208,256809,153642,36266,245932,56748,192441,227258,245051,192828,11071,223424,250690,52036,121540,189383,169803,193230,205145,79480,211381,5072,203986,166237,141536,50534,205159,25831,88041,113005,50415,2159,179824,76784,16761,206066
50,247.4900,125441,55821,117646,112376,240054,236220,100374,195994,84124,210846,124064,241570,95266,58919,215208,256809,153642,36266,245932,56748,192441,227258,245051,192828,11071,223424,250690,52036,121540,189383,169803,193230,205145,79480,211381,5072,203986,166237,141536,50534,205159,25831,88041,113005,50415,2159,179824,76784,16761,206066
50,247.4600,125441,55821,117646,112376,240054,236220,100374,195994,84124,210846,124064,241570,95266,58919,215208,256809,153642,36266,245932,56748,192441,227258,245051,192828,11071,223424,250690,52036,121540,189383,169803,193230,205145,79480,211381,5072,203986,166237,141536,50534,205159,25831,88041,113005,50415,2159,179824,76784,16761,206066
50,247.3600,125441,55821,117646,112376,240054,236220,100374,195994,84124,210846,124064,241570,95266,58919,215208,256809,153642,36266,245932,56748,192441,227258,245051,192828,11071,223424,250690,52036,121540,189383,169803,193230,205145,79480,211381,5072,203986,166237,141536,50534,205159,25831,88041,113005,50415,2159,179824,76784,16761,206066
50,247.3000,125441,55821,117646,112376,240054,236220,100374,195994,84124,210846,124064,241570,95266,58919,215208,256809,153642,36266,245932,56748,192441,227258,245051,192828,11071,223424,250690,52036,121540,189383,169803,193230,205145,79480,211381,5072,203986,166237,141536,50534,205159,25831,88041,113005,50415,2159,179824,76784,16761,206066
50,247.1600,125441,55821,117646,112376,240054,236220,100374,195994,84124,210846,124064,241570,95266,58919,215208,256809,153642,36266,245932,56748,192441,227258,245051,192828,11071,223424,250690,52036,121540,189383,169803,193230,205145,79480,211381,5072,203986,166237,141536,50534,205159,25831,88041,113005,50415,2159,179824,76784,16761,206066
50,246.9600,125441,55821,117646,112376,240054,236220,100374,195994,84124,210846,124064,241570,95266,58919,215208,256809,153642,36266,245932,56748,192441,227258,245051,192828,11071,223424,250690,52036,121540,189383,169803,193230,205145,79480,211381,5072,203986,166237,141536,50534,205159,25831,88041,113005,50415,2159,179824,76784,16761,206066
50,246.6000,125441,55821,117646,112376,240054,236220,100374,195994,84124,210846,124064,241570,95266,58919,215208,256809,153642,36266,245932,56748,192441,227258,245051,192828,11071,223424,250690,52036,121540,189383,169803,193230,205145,79480,211381,5072,203986,166237,141536,50534,205159,25831,88041,113005,50415,2159,179824,76784,16761,206066
50,246.5400,125441,55821,117646,112376,240054,236220,100374,195994,84124,210846,124064,241570,95266,58919,215208,256809,153642,36266,245932,56748,192441,227258,245051,192828,11071,223424,250690,52036,121540,189383,169803,193230,205145,79480,211381,5072,203986,166237,141536,50534,205159,25831,88041,113005,50415,2159,179824,76784,16761,206066
50,246.4600,125441,55821,117646,112376,240054,236220,100374,195994,84124,210846,124064,241570,95266,58919,215208,256809,153642,36266,245932,56748,192441,227258,245051,192828,11071,223424,250690,52036,121540,189383,169803,193230,205145,79480,211381,5072,203986,166237,141536,50534,205159,25831,88041,113005,50415,2159,179824,76784,16761,206066
50,246.3900,125441,55821,117646,112376,240054,236220,100374,195994,84124,210846,124064,241570,95266,58919,215208,256809,153642,36266,245932,56748,192441,227258,245051,192828,11071,223424,250690,52036,121540,189383,169803,193230,205145,79480,211381,5072,203986,166237,141536,50534,205159,25831,88041,113005,50415,2159,179824,76784,16761,206066
50,246.3200,125441,55821,117646,112376,240054,236220,100374,195994,84124,210846,124064,241570,95266,58919,215208,256809,153642,36266,245932,56748,192441,227258,245051,192828,11071,223424,250690,52036,121540,189383,169803,193230,205145,79480,211381,5072,203986,166237,141536,50534,205159,25831,88041,113005,50415,2159,179824,76784,16761,206066
50,246.2900,125441,55821,117646,112376,240054,236220,100374,195994,84124,210846,124064,241570,95266,58919,215208,256809,153642,36266,245932,56748,192441,227258,245051,192828,11071,223424,250690,52036,121540,189383,169803,193230,205145,79480,211381,5072,203986,166237,141536,50534,205159,25831,88041,113005,50415,2159,179824,76784,16761,206066
50,246.2300,125441,55821,117646,112376,240054,236220,100374,195994,84124,210846,124064,241570,95266,58919,215208,256809,153642,36266,245932,56748,192441,227258,245051,192828,11071,223424,250690,52036,121540,189383,169803,193230,205145,79480,211381,5072,203986,166237,141536,50534,205159,25831,88041,113005,50415,2159,179824,76784,16761,206066
50,246.0000,125441,55821,117646,112376,240054,236220,100374,195994,84124,210846,124064,241570,95266,58919,215208,256809,153642,36266,245932,56748,192441,227258,245051,192828,11071,223424,250690,52036,121540,189383,169803,193230,205145,79480,211381,5072,203986,166237,141536,50534,205159,25831,88041,113005,50415,2159,179824,76784,16761,206066
50,245.7300,125441,55821,117646,112376,240054,236220,100374,195994,84124,210846,124064,241570,95266,58919,215208,256809,153642,36266,245932,56748,192441,227258,245051,192828,11071,223424,250690,52036,121540,189383,169803,193230,205145,79480,211381,5072,203986,166237,141536,50534,205159,25831,88041,113005,50415,2159,179824,76784,16761,206066
50,245.5600,125441,55821,117646,112376,240054,236220,100374,195994,84124,210846,124064,241570,95266,58919,215208,256809,153642,36266,245932,56748,192441,227258,245051,192828,11071,223424,250690,52036,121540,189383,169803,193230,205145,79480,211381,5072,203986,166237,141536,50534,205159,25831,88041,113005,50415,2159,179824,76784,16761,206066
50,245.4900,125441,55821,117646,112376,240054,236220,100374,195994,84124,210846,124064,241570,95266,58919,215208,256809,153642,36266,245932,56748,192441,227258,245051,192828,11071,223424,250690,52036,121540,189383,169803,193230,205145,79480,211381,5072,203986,166237,141536,50534,205159,25831,88041,113005,50415,2159,179824,76784,16761,206066
50,245.4600,125441,79480,55821,117646,100374,195994,84124,210846,124064,241570,95266,58919,215208,256809,153642,36266,245932,56748,211381,240054,192441,227258,245051,236220,192828,11071,223424,250690,52036,121540,189383,169803,193230,5072,203986,205145,166237,141536,50534,205159,25831,88041,113005,50415,2159,179824,76784,17583,112376,16761
50,245.4300,125441,55821,117646,112376,240054,236220,100374,195994,84124,210846,124064,241570,95266,58919,215208,256809,153642,36266,245932,56748,192441,227258,245051,192828,11071,223424,250690,52036,121540,189383,169803,193230,205145,79480,211381,5072,203986,166237,141536,50534,205159,25831,88041,113005,50415,2159,179824,76784,16761,206066
50,245.4100,125441,79480,55821,117646,100374,195994,84124,210846,124064,241570,95266,58919,215208,256809,153642,36266,245932,56748,211381,240054,192441,227258,245051,236220,192828,11071,223424,250690,52036,121540,189383,169803,193230,5072,203986,205145,233715,141536,50534,205159,25831,88041,113005,50415,2159,179824,76784,206066,112376,16761
50,245.3700,125441,55821,117646,112376,240054,236220,100374,195994,84124,210846,124064,241570,95266,58919,215208,256809,153642,36266,245932,56748,192441,227258,245051,192828,11071,223424,250690,52036,121540,189383,169803,193230,205145,79480,211381,5072,203986,166237,141536,50534,205159,25831,88041,113005,50415,2159,179824,76784,16761,206066
50,245.3600,125441,55821,117646,112376,240054,236220,100374,195994,84124,210846,124064,241570,95266,58919,215208,256809,153642,36266,245932,56748,192441,227258,245051,192828,11071,223424,250690,52036,121540,189383,169803,193230,205145,79480,211381,5072,203986,166237,141536,50534,205159,25831,88041,113005,50415,2159,179824,76784,16761,206066
50,245.3400,125441,55821,117646,112376,240054,236220,100374,195994,84124,210846,124064,241570,95266,58919,215208,256809,153642,36266,245932,56748,192441,227258,245051,192828,11071,223424,250690,52036,121540,189383,169803,193230,205145,79480,211381,5072,203986,166237,141536,50534,205159,25831,88041,113005,50415,2159,179824,76784,16761,206066
50,245.2600,125441,55821,117646,112376,240054,236220,100374,195994,84124,210846,124064,241570,95266,58919,215208,256809,153642,36266,245932,56748,192441,227258,245051,192828,11071,223424,250690,52036,121540,189383,169803,193230,205145,79480,211381,5072,203986,166237,141536,50534,205159,25831,88041,113005,50415,2159,179824,76784,16761,206066
50,245.2500,125441,55821,117646,112376,240054,236220,100374,195994,84124,210846,124064,241570,95266,58919,215208,256809,153642,36266,245932,56748,192441,227258,245051,192828,11071,223424,250690,52036,121540,189383,169803,193230,205145,79480,211381,5072,203986,166237,141536,50534,205159,25831,88041,113005,50415,2159,179824,76784,16761,206066
50,245.2200,125441,55821,117646,112376,240054,236220,100374,195994,84124,210846,124064,241570,95266,58919,215208,256809,153642,36266,245932,56748,192441,227258,245051,192828,11071,223424,250690,52036,121540,189383,169803,193230,205145,79480,211381,5072,203986,166237,141536,50534,205159,25831,88041,113005,50415,2159,179824,76784,16761,206066
50,245.1900,125441,55821,117646,112376,240054,236220,100374,195994,84124,210846,124064,241570,95266,58919,215208,256809,153642,36266,245932,56748,192441,227258,245051,192828,11071,223424,250690,52036,121540,189383,169803,193230,205145,79480,211381,5072,203986,166237,141536,50534,205159,25831,88041,113005,50415,2159,179824,76784,16761,206066
50,245.1300,125441,55821,117646,112376,240054,236220,100374,195994,84124,210846,124064,241570,95266,58919,215208,256809,153642,36266,245932,56748,192441,227258,245051,192828,11071,223424,250690,52036,121540,189383,169803,193230,205145,79480,211381,5072,203986,166237,141536,50534,205159,25831,88041,113005,50415,2159,179824,76784,16761,206066
50,245.0400,125441,55821,117646,112376,240054,236220,100374,195994,84124,210846,124064,241570,95266,58919,215208,256809,153642,36266,245932,56748,192441,227258,245051,192828,11071,223424,250690,52036,121540,189383,169803,193230,205145,79480,211381,5072,203986,166237,141536,50534,205159,25831,88041,113005,50415,2159,179824,76784,16761,206066
50,245.0000,125441,55821,117646,112376,240054,236220,100374,195994,84124,210846,124064,241570,95266,58919,215208,256809,153642,36266,245932,56748,192441,227258,245051,192828,11071,223424,250690,52036,121540,189383,169803,193230,205145,79480,211381,5072,203986,166237,141536,50534,205159,25831,88041,113005,50415,2159,179824,76784,16761,206066
50,244.8800,125441,55821,117646,112376,240054,236220,100374,195994,84124,210846,124064,241570,95266,58919,215208,256809,153642,36266,245932,56748,192441,227258,245051,192828,11071,223424,250690,52036,121540,189383,169803,193230,205145,79480,211381,5072,203986,166237,141536,50534,205159,25831,88041,113005,50415,2159,179824,76784,16761,206066
50,244.8400,125441,55821,117646,112376,240054,236220,100374,195994,84124,210846,124064,241570,95266,58919,215208,256809,153642,36266,245932,56748,192441,227258,245051,192828,11071,223424,250690,52036,121540,189383,169803,193230,205145,79480,211381,5072,203986,166237,141536,50534,205159,25831,88041,113005,50415,2159,179824,76784,16761,206066
50,244.8100,125441,79480,55821,117646,100374,195994,84124,210846,124064,241570,95266,58919,215208,256809,153642,36266,245932,56748,211381,240054,192441,227258,245051,236220,192828,11071,223424,250690,52036,121540,189383,169803,193230,5072,203986,205145,166237,141536,50534,205159,25831,260569,113005,50415,2159,179824,76784,206066,112376,16761
50,244.7300,125441,55821,117646,112376,240054,236220,100374,195994,84124,210846,124064,241570,95266,58919,215208,256809,153642,36266,245932,56748,192441,227258,245051,192828,11071,223424,250690,52036,121540,189383,169803,193230,205145,79480,211381,5072,203986,166237,141536,50534,205159,25831,88041,113005,50415,2159,179824,76784,16761,206066
50,244.7100,125441,55821,117646,112376,240054,236220,100374,195994,84124,210846,124064,241570,95266,58919,215208,256809,153642,36266,245932,56748,192441,227258,245051,192828,11071,223424,250690,52036,121540,189383,169803,193230,205145,79480,211381,5072,203986,166237,141536,50534,205159,25831,88041,113005,50415,2159,179824,76784,16761,206066
50,244.6100,125441,55821,117646,112376,240054,236220,100374,195994,84124,210846,124064,241570,95266,58919,215208,256809,153642,36266,245932,56748,192441,227258,245051,192828,11071,223424,250690,52036,121540,189383,169803,193230,205145,79480,211381,5072,203986,166237,141536,50534,205159,25831,88041,113005,50415,2159,179824,76784,16761,206066
