generation number, pop_size, worst, best, median, avg, std, diversity, improvement, number_of_selections
0, 10, 8.16, 13.45, 9.92, 10.196, 1.706395030466275,0.9481481481481482,0,[1.e-300]
1, 10, 8.62, 13.45, 11.59, 11.098, 1.4972361203230438,0.8074074074074074,0.0,[1.e-300]
2, 10, 9.1, 15.44, 12.055, 11.808, 1.8662840083974355,0.8518518518518519,0.1479553903345725,[1.e-300]
3, 10, 11.18, 15.48, 13.605, 13.794999999999998, 1.3225524564265871,0.7925925925925926,0.0025906735751295936,[1.e-300]
4, 10, 11.65, 18.66, 13.5, 13.995000000000001, 2.1157989034877582,0.837037037037037,0.20542635658914726,[1.e-300]
5, 10, 9.92, 18.66, 13.95, 13.469999999999999, 2.7747396274245264,0.8814814814814815,0.0,[1.e-300]
6, 10, 12.09, 18.66, 14.64, 14.581, 2.0851160639158675,0.8444444444444444,0.0,[1.e-300]
7, 10, 10.68, 18.66, 15.65, 15.135000000000002, 2.4825843389500384,0.7185185185185186,0.0,[1.e-300]
8, 10, 11.81, 18.66, 14.92, 15.164999999999997, 2.447546730912405,0.7185185185185186,0.0,[1.e-300]
9, 10, 12.41, 18.7, 15.14, 15.526999999999997, 2.3073320090528804,0.7333333333333334,0.002143622722400812,[1.e-300]
10, 10, 11.91, 18.7, 14.795, 15.269, 2.4965834654583454,0.7259259259259259,0.0,[1.e-300]
