generation number, individual number, fitness, candidate
0, 0, 13.45, [70196, 286, 14198]
0, 1, 12.38, [96148, 286, 94016]
0, 2, 11.77, [113477, 47392, 56240]
0, 3, 10.29, [14201, 286, 6376]
0, 4, 10.0, [47392, 85838, 91978]
0, 5, 9.84, [14198, 96147, 70197]
0, 6, 8.93, [6376, 90, 98063]
0, 7, 8.76, [98063, 59751, 66169]
0, 8, 8.38, [86, 148118, 126458]
0, 9, 8.16, [85839, 66170, 81178]
1, 0, 13.45, [70196, 286, 14198]
1, 1, 12.38, [96148, 286, 94016]
1, 2, 12.2, [70196, 1061, 14197]
1, 3, 11.9, [96144, 286, 14198]
1, 4, 11.59, [96144, 286, 14198]
1, 5, 11.59, [14201, 284, 91978]
1, 6, 10.44, [70197, 286, 94016]
1, 7, 9.95, [283, 282, 14198]
1, 8, 8.86, [113478, 286, 94016]
1, 9, 8.62, [150655, 127088, 46]
2, 0, 15.44, [73932, 286, 70193]
2, 1, 13.45, [70196, 286, 14198]
2, 2, 12.83, [70196, 90, 14198]
2, 3, 12.38, [96148, 286, 94016]
2, 4, 12.18, [70364, 6376, 86]
2, 5, 11.93, [96148, 282, 14197]
2, 6, 11.52, [70196, 286, 96648]
2, 7, 10.11, [59751, 286, 86543]
2, 8, 9.14, [113478, 127089, 14198]
2, 9, 9.1, [70196, 1061, 77088]
3, 0, 15.48, [96144, 286, 70193]
3, 1, 15.44, [73932, 286, 70193]
3, 2, 15.09, [70364, 11388, 14198]
3, 3, 14.77, [70196, 286, 89]
3, 4, 13.76, [70196, 90, 70193]
3, 5, 13.45, [70196, 286, 14198]
3, 6, 13.18, [70196, 282, 14198]
3, 7, 12.83, [11388, 148118, 14198]
3, 8, 12.77, [76776, 286, 94016]
3, 9, 11.18, [73932, 90, 80449]
4, 0, 18.66, [66076, 11388, 121382]
4, 1, 15.48, [96144, 286, 70193]
4, 2, 15.44, [73932, 286, 70193]
4, 3, 15.37, [76776, 286, 89]
4, 4, 13.76, [66167, 11388, 14198]
4, 5, 13.24, [96144, 284, 89]
4, 6, 12.34, [70195, 286, 85839]
4, 7, 12.14, [96144, 14198, 100807]
4, 8, 11.87, [70364, 286, 280]
4, 9, 11.65, [96144, 11388, 40787]
5, 0, 18.66, [66076, 11388, 121382]
5, 1, 15.48, [96144, 286, 70193]
5, 2, 15.43, [66076, 12067, 70193]
5, 3, 15.22, [76776, 286, 89]
5, 4, 14.93, [73932, 286, 70193]
5, 5, 12.97, [56240, 11388, 62858]
5, 6, 11.52, [70195, 98062, 121382]
5, 7, 10.42, [96144, 286, 124712]
5, 8, 10.15, [66169, 282, 121382]
5, 9, 9.92, [98063, 14199, 124712]
6, 0, 18.66, [66076, 11388, 121382]
6, 1, 16.63, [70194, 11388, 70193]
6, 2, 16.03, [66076, 286, 70199]
6, 3, 15.48, [96144, 286, 70193]
6, 4, 15.3, [70195, 11388, 70193]
6, 5, 13.98, [66076, 12067, 124712]
6, 6, 12.94, [76776, 286, 66079]
6, 7, 12.38, [70193, 12067, 121382]
6, 8, 12.32, [70196, 12067, 89]
6, 9, 12.09, [96144, 1063, 89]
7, 0, 18.66, [66076, 11388, 121382]
7, 1, 17.84, [66076, 11388, 70364]
7, 2, 16.63, [70194, 11388, 70193]
7, 3, 16.49, [70196, 11388, 70193]
7, 4, 16.01, [66076, 11388, 66079]
7, 5, 15.29, [66076, 1063, 121382]
7, 6, 14.56, [66076, 11387, 70199]
7, 7, 14.0, [70194, 11388, 124712]
7, 8, 11.19, [70194, 11388, 1927]
7, 9, 10.68, [62858, 1061, 121382]
8, 0, 18.66, [66076, 11388, 121382]
8, 1, 18.64, [66076, 11388, 76776]
8, 2, 17.84, [66076, 11388, 70364]
8, 3, 15.9, [66076, 85838, 121382]
8, 4, 15.0, [66076, 558, 14197]
8, 5, 14.84, [66079, 11388, 70193]
8, 6, 14.03, [70193, 279, 121382]
8, 7, 13.04, [66076, 56237, 12067]
8, 8, 11.89, [70198, 11388, 121382]
8, 9, 11.81, [66076, 93407, 40787]
9, 0, 18.7, [66076, 11388, 14199]
9, 1, 18.66, [66076, 11388, 121382]
9, 2, 18.64, [66076, 11388, 76776]
9, 3, 16.16, [66076, 100807, 121382]
9, 4, 15.35, [86, 70193, 124712]
9, 5, 14.93, [66076, 11925, 14198]
9, 6, 13.94, [66076, 558, 124712]
9, 7, 13.54, [66076, 66078, 121382]
9, 8, 12.94, [66076, 73931, 113477]
9, 9, 12.41, [14223, 144434, 76776]
10, 0, 18.7, [66076, 11388, 14199]
10, 1, 18.66, [66076, 11388, 121382]
10, 2, 18.55, [66076, 11388, 14199]
10, 3, 16.21, [66076, 87, 124712]
10, 4, 15.3, [70196, 11388, 14198]
10, 5, 14.29, [70194, 11388, 121382]
10, 6, 13.18, [278, 11388, 13042]
10, 7, 12.95, [70196, 100807, 14199]
10, 8, 12.94, [66079, 11388, 14199]
10, 9, 11.91, [282, 98065, 121382]
