n_nodes,influence,n0,n1,n2,n3,n4
5,3188.2100,1857,2822,988,2707,3642
5,3188.2100,1857,2822,988,2707,3642
5,2027.5100,2407,2822,3482,2707,3642
5,2027.5100,2407,2822,3482,2707,3642
5,2027.5100,2407,2822,3482,2707,3642
5,2027.5100,2407,2822,3482,2707,3642
5,2027.5100,2407,2822,3482,2707,3642
5,1990.4600,2822,2707,3642,3482,1857
5,1990.4600,2822,2707,3642,3482,1857
5,1990.4600,2822,2707,3642,3482,1857
5,1990.4600,2822,2707,3642,3482,1857
5,1990.4600,2822,2707,3642,3482,1857
5,1990.4600,2822,2707,3642,3482,1857
5,1990.4600,2822,2707,3642,3482,1857
5,1990.4600,2822,2707,3642,3482,1857
5,1990.4600,2822,2707,3642,3482,1857
