generation number, pop_size, worst, best, median, avg, std, diversity, improvement, number_of_selections
0, 10, 5.32, 9.43, 6.68, 7.1240000000000006, 1.140878608792364,0.9444444444444444,0,[1.e-300]
1, 10, 6.07, 11.2, 9.17, 9.024000000000001, 1.480190528276681,0.9,0.1876988335100742,[1.e-300]
2, 10, 7.48, 11.2, 9.475, 9.448, 1.1625041935408231,0.8333333333333334,0.0,[1.e-300]
3, 10, 7.33, 11.2, 8.405000000000001, 8.858999999999998, 1.2662736671036003,0.8444444444444444,0.0,[1.e-300]
4, 10, 7.72, 12.01, 9.085, 9.532, 1.4907233143678942,0.9111111111111111,0.07232142857142862,[1.e-300]
5, 10, 5.35, 12.01, 8.370000000000001, 8.524999999999999, 2.0283651052017238,0.9666666666666667,0.0,[1.e-300]
6, 10, 9.55, 12.01, 10.76, 10.672999999999998, 0.8299765056915767,0.7888888888888889,0.0,[1.e-300]
7, 10, 6.72, 12.01, 8.875, 9.239, 1.9366385826994155,0.9,0.0,[1.e-300]
8, 10, 5.43, 12.56, 10.5, 9.572999999999999, 2.5844111515004733,0.8555555555555556,0.04579517069109082,[1.e-300]
9, 10, 5.24, 12.56, 7.0, 8.166, 2.6601548827088997,0.8777777777777778,0.0,[1.e-300]
10, 10, 5.36, 12.56, 8.01, 8.608, 2.3636657970195363,0.9111111111111111,0.0,[1.e-300]
