num_genrations,diversity,improvement,best_fitness
0,0.9967948717948718,0,27.66
1,0.8282051282051281,0.0,27.66
2,0.6974358974358974,0.033261026753434494,28.58
3,0.5461538461538461,0.20048985304408692,34.31
4,0.29038461538461524,0.016613232293791906,34.88
5,0.25576923076923075,0.0,34.88
6,0.06346153846153846,0.061926605504587055,37.04
7,0.10128205128205114,0.4065874730021599,52.1
8,0.1615384615384614,0.003262955854126712,52.27
9,0.044230769230769074,0.020661947579873698,53.35
10,0.05576923076923057,0.009184629803186541,53.84
