n_nodes,influence,n0,n1,n2,n3,n4
5,9.1800,200871,206699,160702,114911,243007
5,9.1800,200871,206699,160702,114911,243007
5,9.1800,200871,206699,160702,114911,243007
5,9.1800,200871,206699,160702,114911,243007
5,9.1800,200871,206699,160702,114911,243007
5,9.1800,200871,206699,160702,114911,243007
5,9.1800,200871,206699,160702,114911,243007
5,9.1800,200871,206699,160702,114911,243007
5,9.1800,200871,206699,160702,114911,243007
5,9.1800,200871,206699,160702,114911,243007
5,9.1800,200871,206699,160702,114911,243007
5,9.1800,200871,206699,160702,114911,243007
5,9.1800,200871,206699,160702,114911,243007
5,9.1800,200871,206699,160702,114911,243007
5,9.1800,200871,206699,160702,114911,243007
5,9.1800,200871,206699,160702,114911,243007
