n_nodes,influence,n0,n1,n2,n3,n4,n5,n6,n7,n8,n9,n10,n11,n12,n13,n14
15,70.7500,1793,963,5019,2838,6984,9434,2059,5263,3826,1939,3475,502,122,7962,2481
15,69.4900,1793,963,5019,6470,6984,9434,2059,5263,3826,1939,3475,502,122,7962,2481
15,69.4900,1793,963,5019,6470,6984,9434,2059,5263,3826,1939,3475,502,122,7962,2481
15,69.4900,1793,963,5019,6470,6984,9434,2059,5263,3826,1939,3475,502,122,7962,2481
15,69.4900,1793,963,5019,6470,6984,9434,2059,5263,3826,1939,3475,502,122,7962,2481
15,69.4300,1793,963,5019,2838,6984,9434,2059,5263,3826,1939,3475,502,122,7962,4892
15,69.4300,1793,963,5019,2838,6984,9434,2059,5263,3826,1939,3475,502,122,7962,4892
15,69.4300,1793,963,5019,2838,6984,9434,2059,5263,3826,1939,3475,502,122,7962,4892
15,69.4300,1793,963,5019,2838,6984,9434,2059,5263,3826,1939,3475,502,122,7962,4892
15,69.3300,1793,963,6470,122,6984,777,1203,5263,7962,3826,3475,502,9434,5019,4892
15,69.3300,1793,963,6470,122,6984,777,1203,5263,7962,3826,3475,502,9434,5019,4892
15,69.2700,1793,963,6470,122,6984,777,2683,5263,7962,3826,3475,502,9434,5019,4892
15,69.2400,1793,963,6470,6984,777,9434,185,5263,4561,3826,3475,502,122,7962,4892
15,68.2200,1793,963,6470,122,6984,777,2059,5263,7962,3826,3475,502,9434,5019,4892
15,68.2200,1793,963,6470,122,6984,777,2059,5263,7962,3826,3475,502,9434,5019,4892
15,68.1900,1793,963,6470,122,6984,1939,2059,5263,7962,3826,3475,502,9434,5019,4892
15,68.0400,1793,963,6470,122,6984,2059,6106,7962,2481,3826,1939,3475,502,9434,5019
15,67.9300,1793,963,6470,122,6984,1939,2059,5263,7962,3826,3475,502,9434,5019,4892
15,67.9100,1793,963,6470,122,6984,777,1203,5263,7962,3826,3475,502,9434,5019,4892
15,67.8800,1793,963,6470,122,6984,1939,2059,5263,7962,3826,3475,502,9434,4561,4892
15,67.7700,1793,963,6470,122,6984,1939,2059,5263,7962,3826,3475,502,9434,5019,4892
15,67.6900,1793,963,3234,122,6984,777,2059,5263,7962,3826,3475,502,9434,5019,4892
15,67.3400,1793,8210,5019,6470,6984,777,9434,5263,7962,3826,3475,502,122,2683,4892
15,67.3000,1793,963,6470,122,6984,777,2059,5263,7962,3826,3475,502,9434,5019,3989
15,67.3000,1793,963,6470,122,6984,777,2059,5263,7962,3826,3475,502,9434,5019,3989
15,67.3000,1793,963,6470,122,6984,777,2059,5263,7962,3826,3475,502,9434,5019,3989
15,67.3000,1793,963,6470,122,6984,777,2059,5263,7962,3826,3475,502,9434,5019,3989
15,67.3000,1793,963,6470,122,6984,777,2059,5263,7962,3826,3475,502,9434,5019,3989
15,67.3000,1793,963,6470,122,6984,777,2059,5263,7962,3826,3475,502,9434,5019,3989
15,67.3000,1793,963,6470,122,6984,777,2059,5263,7962,3826,3475,502,9434,5019,3989
15,67.2600,1793,963,6470,122,6984,777,2059,5263,7962,3826,3475,502,9434,4561,4892
15,67.2600,1793,963,6470,122,6984,777,2059,5263,7962,3826,3475,502,9434,4561,4892
