generation number, pop_size, worst, best, median, avg, std, diversity, improvement, number_of_selections
0, 10, 3.02, 3.2, 3.06, 3.0780000000000003, 0.05362835071116777,0.9777777777777777,0,[1.e-300]
1, 10, 3.11, 3.23, 3.135, 3.1529999999999996, 0.039509492530276885,0.7925925925925925,0.009374999999999939,[1.e-300]
2, 10, 3.12, 3.23, 3.1950000000000003, 3.183, 0.04001249804748515,0.725925925925926,0.0,[1.e-300]
3, 10, 3.12, 3.28, 3.16, 3.181, 0.04908156476723205,0.7111111111111111,0.015479876160990657,[1.e-300]
4, 10, 3.14, 3.28, 3.205, 3.2079999999999997, 0.04044749683231334,0.7037037037037037,0.0,[1.e-300]
5, 10, 3.1, 3.28, 3.125, 3.1670000000000003, 0.07014983962918227,0.8444444444444444,0.0,[1.e-300]
6, 10, 3.11, 3.28, 3.1900000000000004, 3.198, 0.06794115100585203,0.8296296296296296,0.0,[1.e-300]
7, 10, 3.09, 3.28, 3.16, 3.177, 0.06783067152844648,0.7851851851851852,0.0,[1.e-300]
8, 10, 3.09, 3.28, 3.16, 3.175, 0.06545991139621256,0.7555555555555555,0.0,[1.e-300]
9, 10, 3.11, 3.31, 3.22, 3.214, 0.06711184694225009,0.7185185185185186,0.00914634146341471,[1.e-300]
10, 10, 3.11, 3.31, 3.205, 3.2090000000000005, 0.05923681287847957,0.725925925925926,0.0,[1.e-300]
