n_nodes,influence,n0,n1,n2,n3,n4,n5,n6,n7,n8,n9,n10
11,22561.4300,18274,38979,23014,25865,6090,47851,50562,9458,1496,4860,67327
11,22561.4300,18274,38979,23014,25865,6090,47851,50562,9458,1496,4860,67327
11,22561.4300,18274,38979,23014,25865,6090,47851,50562,9458,1496,4860,67327
11,22561.4300,18274,38979,23014,25865,6090,47851,50562,9458,1496,4860,67327
11,22561.4300,18274,38979,23014,25865,6090,47851,50562,9458,1496,4860,67327
11,22561.4300,18274,38979,23014,25865,6090,47851,50562,9458,1496,4860,67327
11,22561.4300,18274,38979,23014,25865,6090,47851,50562,9458,1496,4860,67327
11,22561.4300,18274,38979,23014,25865,6090,47851,50562,9458,1496,4860,67327
11,22561.4300,18274,38979,23014,25865,6090,47851,50562,9458,1496,4860,67327
11,22561.4300,18274,38979,23014,25865,6090,47851,50562,9458,1496,4860,67327
11,22561.4300,18274,38979,23014,25865,6090,47851,50562,9458,1496,4860,67327
11,22561.4300,18274,38979,23014,25865,6090,47851,50562,9458,1496,4860,67327
11,22561.4300,18274,38979,23014,25865,6090,47851,50562,9458,1496,4860,67327
11,22561.4300,18274,38979,23014,25865,6090,47851,50562,9458,1496,4860,67327
11,22561.4300,18274,38979,23014,25865,6090,47851,50562,9458,1496,4860,67327
11,22561.4300,18274,38979,23014,25865,6090,47851,50562,9458,1496,4860,67327
