n_nodes,influence,n0,n1,n2,n3,n4
5,23.2100,114142,2691,228272,84926,190938
5,23.2100,114142,2691,228272,84926,190938
5,23.2100,114142,2691,228272,84926,190938
5,23.2100,114142,2691,228272,84926,190938
5,23.2100,114142,2691,228272,84926,190938
5,23.2100,114142,2691,228272,84926,190938
5,23.2100,114142,2691,10406,228272,222787
5,23.2100,114142,2691,10406,228272,222787
5,23.2100,114142,2691,228272,84926,190938
5,23.2100,114142,2691,228272,84926,190938
5,23.2100,114142,2691,228272,84926,190938
5,23.2100,114142,2691,228272,84926,190938
5,23.2100,114142,2691,228272,84926,190938
5,23.1200,2691,161206,228272,190938,114142
5,23.1200,2691,114142,228272,127427,84926
5,23.1200,114142,2691,10406,228272,190938
