n_nodes,influence,n0,n1,n2,n3,n4,n5,n6,n7,n8,n9,n10,n11,n12,n13,n14,n15,n16,n17,n18,n19,n20,n21,n22,n23,n24,n25,n26,n27,n28,n29,n30,n31,n32,n33,n34,n35,n36,n37,n38,n39
40,327.4100,8448,260,15108,14599,6666,24204,17038,7188,14485,27,11293,21281,2338,3362,6700,24924,13614,25006,11696,17075,16056,5052,23614,18751,4164,12365,23246,1488,4952,15066,12380,2912,9184,16224,13153,22891,11372,6638,244,20478
40,327.4100,8448,260,15108,14599,6666,24204,17038,7188,14485,27,11293,21281,2338,3362,6700,24924,13614,25006,11696,17075,16056,5052,23614,18751,4164,12365,23246,1488,4952,15066,12380,2912,9184,16224,13153,22891,11372,6638,244,20478
40,327.4100,8448,260,15108,14599,6666,24204,17038,7188,14485,27,11293,21281,2338,3362,6700,24924,13614,25006,11696,17075,16056,5052,23614,18751,4164,12365,23246,1488,4952,15066,12380,2912,9184,16224,13153,22891,11372,6638,244,20478
40,327.4100,8448,260,15108,14599,6666,24204,17038,7188,14485,27,11293,21281,2338,3362,6700,24924,13614,25006,11696,17075,16056,5052,23614,18751,4164,12365,23246,1488,4952,15066,12380,2912,9184,16224,13153,22891,11372,6638,244,20478
40,327.4100,8448,260,15108,14599,6666,24204,17038,7188,14485,27,11293,21281,2338,3362,6700,24924,13614,25006,11696,17075,16056,5052,23614,18751,4164,12365,23246,1488,4952,15066,12380,2912,9184,16224,13153,22891,11372,6638,244,20478
40,327.4100,8448,260,15108,14599,6666,24204,17038,7188,14485,27,11293,21281,2338,3362,6700,24924,13614,25006,11696,17075,16056,5052,23614,18751,4164,12365,23246,1488,4952,15066,12380,2912,9184,16224,13153,22891,11372,6638,244,20478
40,327.4100,8448,260,15108,14599,6666,24204,17038,7188,14485,27,11293,21281,2338,3362,6700,24924,13614,25006,11696,17075,16056,5052,23614,18751,4164,12365,23246,1488,4952,15066,12380,2912,9184,16224,13153,22891,11372,6638,244,20478
40,327.4100,8448,260,15108,14599,6666,24204,17038,7188,14485,27,11293,21281,2338,3362,6700,24924,13614,25006,11696,17075,16056,5052,23614,18751,4164,12365,23246,1488,4952,15066,12380,2912,9184,16224,13153,22891,11372,6638,244,20478
40,327.4100,8448,260,15108,14599,6666,24204,17038,7188,14485,27,11293,21281,2338,3362,6700,24924,13614,25006,11696,17075,16056,5052,23614,18751,4164,12365,23246,1488,4952,15066,12380,2912,9184,16224,13153,22891,11372,6638,244,20478
40,327.4100,8448,260,15108,14599,6666,24204,17038,7188,14485,27,11293,21281,2338,3362,6700,24924,13614,25006,11696,17075,16056,5052,23614,18751,4164,12365,23246,1488,4952,15066,12380,2912,9184,16224,13153,22891,11372,6638,244,20478
40,327.4100,8448,260,15108,14599,6666,24204,17038,7188,14485,27,11293,21281,2338,3362,6700,24924,13614,25006,11696,17075,16056,5052,23614,18751,4164,12365,23246,1488,4952,15066,12380,2912,9184,16224,13153,22891,11372,6638,244,20478
40,327.4100,8448,260,15108,14599,6666,24204,17038,7188,14485,27,11293,21281,2338,3362,6700,24924,13614,25006,11696,17075,16056,5052,23614,18751,4164,12365,23246,1488,4952,15066,12380,2912,9184,16224,13153,22891,11372,6638,244,20478
40,327.4100,8448,260,15108,14599,6666,24204,17038,7188,14485,27,11293,21281,2338,3362,6700,24924,13614,25006,11696,17075,16056,5052,23614,18751,4164,12365,23246,1488,4952,15066,12380,2912,9184,16224,13153,22891,11372,6638,244,20478
40,327.4100,8448,260,15108,14599,6666,24204,17038,7188,14485,27,11293,21281,2338,3362,6700,24924,13614,25006,11696,17075,16056,5052,23614,18751,4164,12365,23246,1488,4952,15066,12380,2912,9184,16224,13153,22891,11372,6638,244,20478
40,327.4100,8448,260,15108,14599,6666,24204,17038,7188,14485,27,11293,21281,2338,3362,6700,24924,13614,25006,11696,17075,16056,5052,23614,18751,4164,12365,23246,1488,4952,15066,12380,2912,9184,16224,13153,22891,11372,6638,244,20478
40,327.4100,8448,260,15108,14599,6666,24204,17038,7188,14485,27,11293,21281,2338,3362,6700,24924,13614,25006,11696,17075,16056,5052,23614,18751,4164,12365,23246,1488,4952,15066,12380,2912,9184,16224,13153,22891,11372,6638,244,20478
40,327.4100,8448,260,15108,14599,6666,24204,17038,7188,14485,27,11293,21281,2338,3362,6700,24924,13614,25006,11696,17075,16056,5052,23614,18751,4164,12365,23246,1488,4952,15066,12380,2912,9184,16224,13153,22891,11372,6638,244,20478
40,327.4100,8448,260,15108,14599,6666,24204,17038,7188,14485,27,11293,21281,2338,3362,6700,24924,13614,25006,11696,17075,16056,5052,23614,18751,4164,12365,23246,1488,4952,15066,12380,2912,9184,16224,13153,22891,11372,6638,244,20478
40,327.4100,8448,260,15108,14599,6666,24204,17038,7188,14485,27,11293,21281,2338,3362,6700,24924,13614,25006,11696,17075,16056,5052,23614,18751,4164,12365,23246,1488,4952,15066,12380,2912,9184,16224,13153,22891,11372,6638,244,20478
40,327.4100,8448,260,15108,14599,6666,24204,17038,7188,14485,27,11293,21281,2338,3362,6700,24924,13614,25006,11696,17075,16056,5052,23614,18751,4164,12365,23246,1488,4952,15066,12380,2912,9184,16224,13153,22891,11372,6638,244,20478
40,327.4100,8448,260,15108,14599,6666,24204,17038,7188,14485,27,11293,21281,2338,3362,6700,24924,13614,25006,11696,17075,16056,5052,23614,18751,4164,12365,23246,1488,4952,15066,12380,2912,9184,16224,13153,22891,11372,6638,244,20478
40,327.4100,8448,260,15108,14599,6666,24204,17038,7188,14485,27,11293,21281,2338,3362,6700,24924,13614,25006,11696,17075,16056,5052,23614,18751,4164,12365,23246,1488,4952,15066,12380,2912,9184,16224,13153,22891,11372,6638,244,20478
40,327.4100,8448,260,15108,14599,6666,24204,17038,7188,14485,27,11293,21281,2338,3362,6700,24924,13614,25006,11696,17075,16056,5052,23614,18751,4164,12365,23246,1488,4952,15066,12380,2912,9184,16224,13153,22891,11372,6638,244,20478
40,327.4100,8448,260,15108,14599,6666,24204,17038,7188,14485,27,11293,21281,2338,3362,6700,24924,13614,25006,11696,17075,16056,5052,23614,18751,4164,12365,23246,1488,4952,15066,12380,2912,9184,16224,13153,22891,11372,6638,244,20478
40,327.4100,8448,260,15108,14599,6666,24204,17038,7188,14485,27,11293,21281,2338,3362,6700,24924,13614,25006,11696,17075,16056,5052,23614,18751,4164,12365,23246,1488,4952,15066,12380,2912,9184,16224,13153,22891,11372,6638,244,20478
40,327.4100,8448,260,15108,14599,6666,24204,17038,7188,14485,27,11293,21281,2338,3362,6700,24924,13614,25006,11696,17075,16056,5052,23614,18751,4164,12365,23246,1488,4952,15066,12380,2912,9184,16224,13153,22891,11372,6638,244,20478
40,327.4100,8448,260,15108,14599,6666,24204,17038,7188,14485,27,11293,21281,2338,3362,6700,24924,13614,25006,11696,17075,16056,5052,23614,18751,4164,12365,23246,1488,4952,15066,12380,2912,9184,16224,13153,22891,11372,6638,244,20478
40,327.4100,8448,260,15108,14599,6666,24204,17038,7188,14485,27,11293,21281,2338,3362,6700,24924,13614,25006,11696,17075,16056,5052,23614,18751,4164,12365,23246,1488,4952,15066,12380,2912,9184,16224,13153,22891,11372,6638,244,20478
40,327.4100,8448,260,15108,14599,6666,24204,17038,7188,14485,27,11293,21281,2338,3362,6700,24924,13614,25006,11696,17075,16056,5052,23614,18751,4164,12365,23246,1488,4952,15066,12380,2912,9184,16224,13153,22891,11372,6638,244,20478
40,327.4100,8448,260,15108,14599,6666,24204,17038,7188,14485,27,11293,21281,2338,3362,6700,24924,13614,25006,11696,17075,16056,5052,23614,18751,4164,12365,23246,1488,4952,15066,12380,2912,9184,16224,13153,22891,11372,6638,244,20478
40,327.4100,8448,260,15108,14599,6666,24204,17038,7188,14485,27,11293,21281,2338,3362,6700,24924,13614,25006,11696,17075,16056,5052,23614,18751,4164,12365,23246,1488,4952,15066,12380,2912,9184,16224,13153,22891,11372,6638,244,20478
40,327.4100,8448,260,15108,14599,6666,24204,17038,7188,14485,27,11293,21281,2338,3362,6700,24924,13614,25006,11696,17075,16056,5052,23614,18751,4164,12365,23246,1488,4952,15066,12380,2912,9184,16224,13153,22891,11372,6638,244,20478
40,327.4100,8448,260,15108,14599,6666,24204,17038,7188,14485,27,11293,21281,2338,3362,6700,24924,13614,25006,11696,17075,16056,5052,23614,18751,4164,12365,23246,1488,4952,15066,12380,2912,9184,16224,13153,22891,11372,6638,244,20478
40,327.4100,8448,260,15108,14599,6666,24204,17038,7188,14485,27,11293,21281,2338,3362,6700,24924,13614,25006,11696,17075,16056,5052,23614,18751,4164,12365,23246,1488,4952,15066,12380,2912,9184,16224,13153,22891,11372,6638,244,20478
40,327.4100,8448,260,15108,14599,6666,24204,17038,7188,14485,27,11293,21281,2338,3362,6700,24924,13614,25006,11696,17075,16056,5052,23614,18751,4164,12365,23246,1488,4952,15066,12380,2912,9184,16224,13153,22891,11372,6638,244,20478
40,327.4100,8448,260,15108,14599,6666,24204,17038,7188,14485,27,11293,21281,2338,3362,6700,24924,13614,25006,11696,17075,16056,5052,23614,18751,4164,12365,23246,1488,4952,15066,12380,2912,9184,16224,13153,22891,11372,6638,244,20478
40,327.4100,8448,260,15108,14599,6666,24204,17038,7188,14485,27,11293,21281,2338,3362,6700,24924,13614,25006,11696,17075,16056,5052,23614,18751,4164,12365,23246,1488,4952,15066,12380,2912,9184,16224,13153,22891,11372,6638,244,20478
40,327.4100,8448,260,15108,14599,6666,24204,17038,7188,14485,27,11293,21281,2338,3362,6700,24924,13614,25006,11696,17075,16056,5052,23614,18751,4164,12365,23246,1488,4952,15066,12380,2912,9184,16224,13153,22891,11372,6638,244,20478
40,327.4100,8448,260,15108,14599,6666,24204,17038,7188,14485,27,11293,21281,2338,3362,6700,24924,13614,25006,11696,17075,16056,5052,23614,18751,4164,12365,23246,1488,4952,15066,12380,2912,9184,16224,13153,22891,11372,6638,244,20478
40,327.4100,8448,260,15108,14599,6666,24204,17038,7188,14485,27,11293,21281,2338,3362,6700,24924,13614,25006,11696,17075,16056,5052,23614,18751,4164,12365,23246,1488,4952,15066,12380,2912,9184,16224,13153,22891,11372,6638,244,20478
40,327.4100,8448,260,15108,14599,6666,24204,17038,7188,14485,27,11293,21281,2338,3362,6700,24924,13614,25006,11696,17075,16056,5052,23614,18751,4164,12365,23246,1488,4952,15066,12380,2912,9184,16224,13153,22891,11372,6638,244,20478
40,327.4100,8448,260,15108,14599,6666,24204,17038,7188,14485,27,11293,21281,2338,3362,6700,24924,13614,25006,11696,17075,16056,5052,23614,18751,4164,12365,23246,1488,4952,15066,12380,2912,9184,16224,13153,22891,11372,6638,244,20478
40,327.4100,8448,260,15108,14599,6666,24204,17038,7188,14485,27,11293,21281,2338,3362,6700,24924,13614,25006,11696,17075,16056,5052,23614,18751,4164,12365,23246,1488,4952,15066,12380,2912,9184,16224,13153,22891,11372,6638,244,20478
40,327.4100,8448,260,15108,14599,6666,24204,17038,7188,14485,27,11293,21281,2338,3362,6700,24924,13614,25006,11696,17075,16056,5052,23614,18751,4164,12365,23246,1488,4952,15066,12380,2912,9184,16224,13153,22891,11372,6638,244,20478
40,327.4100,8448,260,15108,14599,6666,24204,17038,7188,14485,27,11293,21281,2338,3362,6700,24924,13614,25006,11696,17075,16056,5052,23614,18751,4164,12365,23246,1488,4952,15066,12380,2912,9184,16224,13153,22891,11372,6638,244,20478
40,327.4100,8448,260,15108,14599,6666,24204,17038,7188,14485,27,11293,21281,2338,3362,6700,24924,13614,25006,11696,17075,16056,5052,23614,18751,4164,12365,23246,1488,4952,15066,12380,2912,9184,16224,13153,22891,11372,6638,244,20478
40,327.4100,8448,260,15108,14599,6666,24204,17038,7188,14485,27,11293,21281,2338,3362,6700,24924,13614,25006,11696,17075,16056,5052,23614,18751,4164,12365,23246,1488,4952,15066,12380,2912,9184,16224,13153,22891,11372,6638,244,20478
40,327.4100,8448,260,15108,14599,6666,24204,17038,7188,14485,27,11293,21281,2338,3362,6700,24924,13614,25006,11696,17075,16056,5052,23614,18751,4164,12365,23246,1488,4952,15066,12380,2912,9184,16224,13153,22891,11372,6638,244,20478
40,324.2000,8448,260,15108,14599,6666,24204,17038,7188,14485,27,11293,21281,2338,3362,6700,24924,13614,25006,11696,17075,16056,5052,23614,18751,4164,12365,23246,1488,4952,15066,12380,2912,9184,16224,13153,22891,11372,6638,244,20478
40,323.5800,8448,260,15108,14599,6666,24204,17038,7188,14485,27,11293,21281,2338,3362,6700,24924,13614,25006,11696,17075,16056,5052,23614,18751,4164,12365,23246,1488,4952,15066,12380,2912,9184,16224,13153,22891,11372,6638,244,20478
40,322.4200,8448,260,15108,14599,6666,24204,17038,7188,14485,27,11293,21281,2338,3362,6700,24924,13614,25006,11696,17075,16056,5052,23614,18751,4164,12365,23246,1488,4952,15066,12380,2912,9184,16224,13153,22891,11372,6638,244,20478
40,322.2000,8448,260,15108,14599,6666,24204,17038,7188,14485,27,11293,21281,2338,3362,6700,24924,13614,25006,11696,17075,16056,5052,23614,18751,4164,12365,23246,1488,4952,15066,12380,2912,9184,16224,13153,22891,11372,6638,244,20478
40,321.9500,8448,260,15108,14599,6666,24204,17038,7188,14485,27,11293,21281,2338,3362,6700,24924,13614,25006,11696,17075,16056,5052,23614,18751,4164,12365,23246,1488,4952,15066,12380,2912,9184,16224,13153,22891,11372,6638,244,20478
40,321.8900,8448,260,15108,14599,6666,24204,17038,7188,14485,27,11293,21281,2338,3362,6700,24924,13614,25006,11696,17075,16056,5052,23614,18751,4164,12365,23246,1488,4952,15066,12380,2912,9184,16224,13153,22891,11372,6638,244,20478
40,321.3700,8448,260,15108,14599,6666,24204,17038,7188,14485,27,11293,21281,2338,3362,6700,24924,13614,25006,11696,17075,16056,5052,23614,18751,4164,12365,23246,1488,4952,15066,12380,2912,9184,16224,13153,22891,11372,6638,244,20478
40,321.3100,8448,260,15108,14599,6666,24204,17038,7188,14485,27,11293,21281,2338,3362,6700,24924,13614,25006,11696,17075,16056,5052,23614,18751,4164,12365,23246,1488,4952,15066,12380,2912,9184,16224,13153,22891,11372,6638,244,20478
40,320.9800,8448,260,15108,14599,6666,24204,17038,7188,14485,27,11293,21281,2338,3362,6700,24924,13614,25006,11696,17075,16056,5052,23614,18751,4164,12365,23246,1488,4952,15066,12380,2912,9184,16224,13153,22891,11372,6638,244,20478
40,320.5700,8448,260,15108,14599,6666,24204,17038,7188,14485,27,11293,21281,2338,3362,6700,24924,13614,25006,11696,17075,16056,5052,23614,18751,4164,12365,23246,1488,4952,15066,12380,2912,9184,16224,13153,22891,11372,6638,244,20478
40,320.4300,8448,260,15108,14599,6666,24204,17038,7188,14485,27,11293,21281,2338,3362,6700,24924,13614,25006,11696,17075,16056,5052,23614,18751,4164,12365,23246,1488,4952,15066,12380,2912,9184,16224,13153,22891,11372,6638,244,20478
40,320.2700,8448,260,15108,14599,6666,24204,17038,7188,14485,27,11293,21281,2338,3362,6700,24924,13614,25006,11696,17075,16056,5052,23614,18751,4164,12365,23246,1488,4952,15066,12380,2912,9184,16224,13153,22891,11372,6638,244,20478
40,319.9200,8448,260,15108,14599,6666,24204,17038,7188,14485,27,11293,21281,2338,3362,6700,13614,25006,11696,17075,16056,5052,23614,16553,4164,12365,23246,1488,4952,15066,24924,12380,2912,9184,16224,13153,22891,11372,6638,244,20478
40,319.5600,8448,260,15108,14599,6666,24204,17038,7188,14485,27,11293,21281,2338,3362,6700,24924,13614,25006,11696,17075,16056,5052,23614,18751,4164,12365,23246,1488,4952,15066,12380,2912,9184,16224,13153,22891,11372,6638,244,20478
40,319.5500,8448,260,15108,14599,6666,24204,17038,7188,14485,27,11293,21281,2338,3362,6700,24924,13614,25006,11696,17075,16056,5052,23614,18751,4164,12365,23246,1488,4952,15066,12380,2912,9184,16224,13153,22891,11372,6638,244,20478
40,319.3700,8448,260,15108,14599,6666,24204,17038,7188,14485,27,11293,21281,2338,3362,6700,24924,13614,25006,11696,17075,16056,5052,23614,18751,4164,12365,23246,1488,4952,15066,12380,2912,9184,16224,13153,22891,11372,6638,244,20478
40,319.2400,8448,260,15108,14599,6666,24204,17038,7188,14485,27,11293,21281,2338,3362,6700,13614,25006,11696,17075,16056,5052,23614,15641,4164,12365,23246,1488,4952,15066,24924,12380,2912,9184,16224,13153,22891,11372,6638,244,20478
40,318.9900,8448,260,15108,14599,6666,24204,17038,7188,14485,27,11293,21281,2338,3362,6700,24924,13614,25006,11696,17075,16056,5052,23614,18751,4164,12365,23246,1488,4952,15066,12380,2912,9184,16224,13153,22891,11372,6638,244,20478
40,318.8100,8448,260,15108,14599,6666,24204,17038,7188,14485,27,11293,21281,2338,3362,6700,24924,13614,25006,11696,17075,16056,5052,23614,18751,4164,12365,23246,1488,4952,15066,12380,2912,9184,16224,13153,22891,11372,6638,244,20478
40,318.6500,8448,260,15108,14599,6666,24204,17038,25729,14485,27,11293,21281,2338,3362,6700,13614,25006,11696,17075,16056,5052,23614,18751,4164,12365,23246,1488,4952,15066,24924,12380,2912,9184,16224,13153,22891,11372,6638,244,20478
40,318.5600,8448,260,15108,14599,6666,24204,17038,7188,14485,27,11293,21281,2338,3362,6700,24924,13614,25006,11696,17075,16056,5052,23614,18751,4164,12365,23246,1488,4952,15066,12380,2912,9184,16224,13153,22891,11372,6638,244,20478
40,318.5400,8448,260,15108,14599,6666,24204,17038,7188,14485,27,11293,21281,2338,3362,6700,24924,13614,25006,11696,17075,16056,5052,23614,18751,4164,12365,23246,1488,4952,15066,12380,2912,9184,16224,13153,22891,11372,6638,244,20478
40,318.3300,8448,260,15108,14599,6666,24204,17038,7188,14485,27,11293,21281,2338,3362,6700,24924,13614,25006,11696,17075,16056,5052,23614,18751,4164,12365,23246,1488,4952,15066,12380,2912,9184,16224,13153,22891,11372,6638,244,20478
40,318.0500,8448,260,15108,14599,6666,24204,17038,7188,14485,23870,11293,21281,2338,3362,6700,13614,25006,11696,17075,16056,5052,23614,18751,4164,12365,23246,1488,4952,15066,24924,12380,2912,9184,16224,13153,22891,11372,6638,244,20478
40,318.0100,8448,260,15108,14599,6666,24204,17038,7188,14485,27,11293,21281,2338,3362,6700,13614,25006,11696,17075,16056,5052,23614,18751,4164,12365,23246,1488,4952,15066,24924,12380,2912,9184,16224,13153,22891,11372,19314,244,20478
40,317.5800,8448,260,15108,14599,6666,24204,17038,7188,14485,27,11293,21281,2338,3362,6700,24924,13614,25006,11696,17075,16056,5052,23614,18751,4164,12365,23246,1488,4952,15066,12380,2912,9184,16224,13153,22891,11372,6638,244,20478
40,317.3500,8448,260,15108,14599,6666,24204,17038,7188,14485,27,11293,21281,2338,3362,6700,24924,13614,25006,11696,17075,16056,5052,23614,18751,4164,12365,23246,1488,4952,15066,12380,2912,9184,16224,13153,22891,11372,6638,244,20478
40,317.2300,8448,260,15108,14599,6666,24204,17038,7188,14485,27,11293,21281,2338,3362,6700,24924,13614,25006,11696,17075,16056,5052,23614,18751,4164,12365,23246,1488,4952,15066,12380,2912,9184,16224,13153,22891,11372,6638,244,20478
40,317.0800,8448,260,15108,14599,6666,24204,17038,7188,14485,27,11293,21281,2338,3362,6700,24924,13614,25006,11696,17075,16056,5052,23614,18751,4164,12365,23246,1488,4952,15066,12380,2912,9184,16224,13153,22891,11372,6638,244,20478
40,316.9500,8448,260,15108,14599,6666,24204,17038,7188,14485,27,11293,21281,2338,3362,6700,24924,13614,25006,11696,17075,16056,5052,23614,18751,4164,12365,23246,1488,4952,15066,12380,2912,9184,16224,13153,22891,11372,6638,244,20478
40,316.8600,8448,260,15108,14599,6666,24204,17038,7188,14485,27,11293,21281,2338,3362,6700,24924,13614,25006,11696,17075,16056,5052,23614,18751,4164,12365,23246,1488,4952,15066,12380,2912,9184,16224,13153,22891,11372,6638,244,20478
40,316.8400,8448,260,15108,14599,6666,24204,17038,7188,14485,27,11293,21281,2338,3362,6700,24924,13614,25006,11696,17075,16056,5052,23614,18751,4164,12365,23246,1488,4952,15066,12380,2912,9184,16224,13153,22891,11372,6638,244,20478
40,316.7400,8448,260,15108,14599,6666,24204,17038,7188,14485,27,11293,21281,2338,3362,6700,24924,13614,25006,11696,17075,16056,5052,23614,18751,4164,12365,23246,1488,4952,15066,12380,2912,9184,16224,13153,22891,11372,6638,244,20478
40,316.6400,8448,260,15108,14599,6666,24204,17038,7188,14485,27,11293,21281,2338,3362,6700,24924,13614,25006,11696,17075,16056,5052,23614,18751,4164,12365,23246,1488,4952,15066,12380,2912,9184,16224,13153,22891,11372,6638,244,20478
40,316.3100,8448,260,15108,14599,6666,24204,17038,7188,14485,27,11293,21281,2338,3362,6700,24924,13614,25006,11696,17075,16056,5052,23614,18751,4164,12365,23246,1488,4952,15066,12380,2912,9184,16224,13153,22891,11372,6638,244,20478
40,316.2400,8448,260,15108,14599,6666,10024,17038,7188,14485,27,11293,21281,2338,3362,6700,13614,25006,11696,17075,16056,5052,23614,18751,4164,12365,23246,1488,4952,15066,24924,12380,2912,9184,16224,13153,22891,11372,6638,244,20478
40,315.9700,8448,260,15108,14599,6666,24204,17038,7188,14485,27,11293,21281,2338,3362,6700,24924,13614,25006,11696,17075,16056,5052,23614,18751,4164,12365,23246,1488,4952,15066,12380,2912,9184,16224,13153,22891,11372,6638,244,20478
40,315.5200,8448,260,15108,14599,6666,24204,17038,7188,14485,27,11293,21281,2338,3362,6700,24924,13614,25006,11696,17075,16056,5052,23614,18751,4164,12365,23246,1488,4952,15066,12380,2912,9184,16224,13153,22891,11372,6638,244,20478
40,315.4000,8448,260,15108,14599,6666,24204,17038,7188,14485,27,11293,21281,2338,3362,6700,24924,13614,25006,11696,17075,16056,5052,23614,18751,4164,12365,23246,1488,4952,15066,12380,2912,9184,16224,13153,22891,11372,6638,244,20478
40,315.2300,8448,260,15108,14599,6666,24204,17038,7188,14485,27,11293,21281,2338,3362,6700,24924,13614,25006,11696,17075,16056,5052,23614,18751,4164,12365,23246,1488,4952,15066,12380,2912,9184,16224,13153,22891,11372,6638,244,20478
40,315.2300,8448,260,15108,14599,6666,24204,17038,7188,14485,27,11293,21281,6628,3362,6700,13614,25006,11696,17075,16056,5052,23614,18751,4164,12365,23246,1488,4952,15066,24924,12380,2912,9184,16224,13153,22891,11372,6638,244,20478
40,315.2100,8448,260,15108,14599,6666,24204,17038,7188,14485,27,11293,21281,2338,3362,6700,24924,13614,25006,11696,17075,16056,5052,23614,18751,4164,12365,23246,1488,4952,15066,12380,2912,9184,16224,13153,22891,11372,6638,244,20478
40,314.7700,8448,260,15108,14599,6666,24204,17038,7188,14485,27,11293,21281,2338,3362,6700,24924,13614,25006,11696,17075,16056,5052,23614,18751,4164,12365,23246,1488,4952,15066,12380,2912,9184,16224,13153,22891,11372,6638,244,20478
40,314.6600,8448,260,15108,14599,6666,24204,17038,7188,14485,27,11293,21281,2338,3362,6700,24924,13614,25006,11696,17075,16056,5052,23614,18751,4164,12365,23246,1488,4952,15066,12380,2912,9184,16224,13153,22891,11372,6638,244,20478
40,314.3600,8448,260,15108,14599,6666,24204,17038,7188,14485,27,11293,21281,2338,3362,6700,24924,13614,25006,11696,17075,16056,5052,23614,18751,4164,12365,23246,1488,4952,15066,12380,2912,9184,16224,13153,22891,11372,6638,244,20478
40,314.2200,8448,260,15108,14599,6666,24204,17038,7188,14485,27,11293,21281,2338,3362,6700,24924,13614,25006,11696,17075,16056,5052,23614,18751,4164,12365,23246,1488,4952,15066,12380,2912,9184,16224,13153,22891,11372,6638,244,20478
40,314.1800,8448,260,15108,14599,6666,24204,17038,7188,14485,27,11293,21281,2338,3362,6700,24924,13614,25006,11696,17075,16056,5052,23614,18751,4164,12365,23246,1488,4952,15066,12380,2912,9184,16224,13153,22891,11372,6638,244,20478
40,313.9800,8448,260,15108,14599,6666,24204,17038,7188,14485,27,11293,21281,2338,3362,6700,24924,13614,25006,11696,17075,16056,5052,23614,18751,4164,12365,23246,1488,4952,15066,12380,2912,9184,16224,13153,22891,11372,6638,244,20478
40,313.8800,8448,260,15108,14599,6666,24204,17038,7188,14485,27,11293,21281,2338,3362,6700,24924,13614,25006,11696,17075,16056,5052,23614,18751,4164,12365,23246,1488,4952,15066,12380,2912,9184,16224,13153,22891,11372,6638,244,20478
40,313.6600,8448,260,15108,14599,6666,24204,17038,7188,14485,27,11293,21281,2338,3362,6700,24924,13614,25006,11696,17075,16056,5052,23614,18751,4164,12365,23246,1488,4952,15066,12380,2912,9184,16224,13153,22891,11372,6638,244,20478
40,313.3800,8448,260,15108,14599,6666,24204,17038,7188,14485,27,11293,21281,2338,3362,6700,24924,13614,25006,11696,17075,16056,5052,23614,18751,4164,12365,23246,1488,4952,15066,12380,2912,9184,16224,13153,22891,11372,6638,244,20478
40,313.0800,8448,260,15108,14599,6666,24204,17038,7188,14485,27,11293,21281,2338,3362,6700,24924,13614,25006,11696,17075,16056,5052,23614,18751,4164,12365,23246,1488,4952,15066,12380,2912,9184,16224,13153,22891,11372,6638,244,20478
