n_nodes,influence,n0,n1,n2,n3,n4
5,1659.3790,5959,1132,4920,3642,7451
5,1658.6210,3642,5959,7451,1132,5942
5,1658.6210,3642,5959,7451,1132,5942
5,1658.6210,3642,5959,7451,1132,5942
5,1658.6210,3642,5959,7451,1132,5942
5,1658.4700,3642,5959,7451,1132,5942
5,1658.4700,3642,5959,7451,1132,5942
5,1658.4700,3642,5959,7451,1132,5942
5,1658.4700,3642,5959,7451,1132,5942
5,1658.4700,3642,5959,7451,1132,5942
5,1658.4700,3642,5959,7451,1132,5942
5,1658.4700,3642,5959,7451,1132,5942
5,1658.4700,3642,5959,7451,1132,5942
5,1658.4700,3642,5959,7451,1132,5942
5,1658.4700,3642,5959,7451,1132,5942
5,1658.4700,3642,5959,7451,1132,5942
