generation number, individual number, fitness, candidate
0, 0, 3.1, [3760, 1588, 1322]
0, 1, 3.08, [3759, 4794, 24]
0, 2, 3.05, [72, 996, 295]
0, 3, 3.05, [2156, 359, 1006]
0, 4, 3.05, [4108, 3755, 1828]
0, 5, 3.04, [229, 352, 3759]
0, 6, 3.04, [72, 3735, 293]
0, 7, 3.03, [1032, 1092, 33]
0, 8, 3.02, [291, 3102, 293]
0, 9, 3.0, [1588, 291, 359]
1, 0, 3.14, [181, 3755, 1322]
1, 1, 3.13, [3760, 3100, 24]
1, 2, 3.11, [3744, 4794, 24]
1, 3, 3.11, [3759, 3753, 1322]
1, 4, 3.1, [3759, 1588, 1321]
1, 5, 3.1, [2156, 359, 1315]
1, 6, 3.1, [3760, 1588, 1322]
1, 7, 3.08, [3759, 4794, 24]
1, 8, 3.05, [3760, 1588, 3747]
1, 9, 3.04, [4131, 4794, 546]
2, 0, 3.24, [3744, 3100, 1322]
2, 1, 3.22, [3748, 3755, 1322]
2, 2, 3.21, [181, 3755, 689]
2, 3, 3.16, [181, 1896, 3736]
2, 4, 3.16, [181, 3746, 24]
2, 5, 3.14, [181, 3755, 1322]
2, 6, 3.13, [4108, 3752, 279]
2, 7, 3.13, [3746, 1321, 1315]
2, 8, 3.13, [3760, 3100, 24]
2, 9, 3.1, [181, 3741, 24]
3, 0, 3.25, [3760, 3100, 3736]
3, 1, 3.24, [3744, 3100, 1322]
3, 2, 3.22, [3748, 3755, 1322]
3, 3, 3.2, [3744, 3742, 1322]
3, 4, 3.18, [3744, 2490, 3736]
3, 5, 3.16, [3744, 3745, 689]
3, 6, 3.16, [4108, 3100, 1322]
3, 7, 3.15, [3744, 3758, 689]
3, 8, 3.14, [3748, 3746, 1322]
3, 9, 3.13, [181, 3755, 1315]
4, 0, 3.25, [3760, 3100, 3736]
4, 1, 3.24, [3744, 3100, 1322]
4, 2, 3.23, [3736, 3100, 1322]
4, 3, 3.2, [689, 3100, 181]
4, 4, 3.19, [3744, 3100, 3743]
4, 5, 3.17, [3744, 3100, 1322]
4, 6, 3.16, [3744, 3755, 1321]
4, 7, 3.14, [3748, 3742, 1315]
4, 8, 3.13, [3744, 3100, 3746]
4, 9, 3.12, [3760, 3758, 1322]
5, 0, 3.25, [3760, 3100, 3736]
5, 1, 3.24, [3744, 3100, 1322]
5, 2, 3.18, [689, 3100, 3733]
5, 3, 3.17, [3760, 1315, 3736]
5, 4, 3.15, [3760, 3100, 3777]
5, 5, 3.15, [3736, 1828, 3754]
5, 6, 3.13, [3736, 2400, 693]
5, 7, 3.12, [3760, 3100, 271]
5, 8, 3.1, [287, 689, 279]
5, 9, 3.1, [3744, 72, 3777]
6, 0, 3.33, [3744, 3100, 1322]
6, 1, 3.25, [3760, 3100, 3736]
6, 2, 3.24, [3744, 3100, 1322]
6, 3, 3.21, [3744, 4794, 3736]
6, 4, 3.21, [689, 3746, 1322]
6, 5, 3.21, [3736, 3100, 3733]
6, 6, 3.2, [689, 3741, 3736]
6, 7, 3.14, [3744, 3100, 2156]
6, 8, 3.14, [3740, 3100, 1322]
6, 9, 3.11, [3744, 4301, 3733]
7, 0, 3.33, [3744, 3100, 1322]
7, 1, 3.25, [3760, 3100, 3736]
7, 2, 3.22, [3744, 3100, 2156]
7, 3, 3.18, [3736, 3760, 699]
7, 4, 3.16, [3743, 3756, 1541]
7, 5, 3.13, [3744, 2156, 1321]
7, 6, 3.13, [3744, 3740, 3736]
7, 7, 3.12, [3760, 3747, 3761]
7, 8, 3.1, [3744, 4794, 270]
7, 9, 3.06, [1896, 3100, 1322]
8, 0, 3.33, [3744, 3100, 1322]
8, 1, 3.28, [3736, 3100, 1315]
8, 2, 3.25, [3760, 3100, 3736]
8, 3, 3.21, [3744, 3100, 3746]
8, 4, 3.2, [3758, 269, 3100]
8, 5, 3.12, [3752, 119, 2156]
8, 6, 3.11, [3744, 3740, 699]
8, 7, 3.1, [3744, 279, 1322]
8, 8, 3.08, [3752, 1006, 2156]
8, 9, 3.08, [3744, 3397, 1321]
9, 0, 3.33, [3744, 3100, 1322]
9, 1, 3.28, [3736, 3100, 1315]
9, 2, 3.18, [3744, 3758, 1315]
9, 3, 3.17, [3737, 3100, 1322]
9, 4, 3.15, [3752, 3100, 1315]
9, 5, 3.14, [270, 3100, 1322]
9, 6, 3.13, [3733, 3100, 1322]
9, 7, 3.12, [119, 3100, 1315]
9, 8, 3.12, [3736, 3760, 1322]
9, 9, 3.11, [3744, 3740, 1315]
10, 0, 3.33, [3744, 3100, 1322]
10, 1, 3.28, [3736, 3100, 1315]
10, 2, 3.24, [3744, 3100, 101]
10, 3, 3.23, [3736, 689, 1322]
10, 4, 3.2, [3736, 3740, 1322]
10, 5, 3.19, [3744, 3759, 1322]
10, 6, 3.13, [3744, 2156, 1315]
10, 7, 3.1, [3758, 3100, 1315]
10, 8, 3.09, [3758, 3100, 1315]
10, 9, 3.07, [3754, 3758, 1315]
