generation number, individual number, fitness, candidate
0, 0, 2.15, [1430, 5117]
0, 1, 2.08, [476, 694]
0, 2, 2.06, [934, 1289]
0, 3, 2.03, [1569, 2070]
0, 4, 2.02, [1574, 741]
0, 5, 2.01, [483, 1289]
0, 6, 2.0, [78, 1378]
0, 7, 2.0, [1580, 1225]
0, 8, 2.0, [450, 974]
0, 9, 2.0, [450, 1378]
1, 0, 2.15, [1430, 5117]
1, 1, 2.13, [798, 5117]
1, 2, 2.1, [1569, 520]
1, 3, 2.1, [934, 905]
1, 4, 2.08, [990, 5117]
1, 5, 2.08, [476, 694]
1, 6, 2.05, [1025, 2070]
1, 7, 2.03, [1025, 2070]
1, 8, 2.03, [1430, 841]
1, 9, 2.02, [1430, 841]
2, 0, 2.15, [1430, 5117]
2, 1, 2.13, [798, 5117]
2, 2, 2.12, [1025, 520]
2, 3, 2.07, [1141, 5117]
2, 4, 2.05, [1289, 934]
2, 5, 2.03, [1430, 1567]
2, 6, 2.03, [1430, 216]
2, 7, 2.02, [1569, 1029]
2, 8, 2.02, [1430, 816]
2, 9, 2.01, [798, 697]
3, 0, 2.15, [1574, 5117]
3, 1, 2.15, [1430, 5117]
3, 2, 2.13, [798, 5117]
3, 3, 2.11, [741, 5117]
3, 4, 2.1, [1289, 5117]
3, 5, 2.1, [1025, 5117]
3, 6, 2.06, [1025, 520]
3, 7, 2.04, [1430, 247]
3, 8, 2.02, [1430, 662]
3, 9, 2.02, [2070, 3147]
4, 0, 2.15, [1574, 5117]
4, 1, 2.15, [1430, 5117]
4, 2, 2.06, [1025, 1414]
4, 3, 2.03, [1543, 873]
4, 4, 2.03, [587, 751]
4, 5, 2.02, [1219, 587]
4, 6, 2.01, [1219, 1569]
4, 7, 2.01, [1430, 1157]
4, 8, 2.01, [1045, 476]
4, 9, 2.0, [1025, 1225]
5, 0, 2.15, [1574, 5117]
5, 1, 2.15, [1430, 5117]
5, 2, 2.05, [1025, 1567]
5, 3, 2.03, [1025, 3]
5, 4, 2.01, [1219, 1414]
5, 5, 2.01, [635, 1157]
5, 6, 2.01, [1289, 656]
5, 7, 2.01, [1430, 1229]
5, 8, 2.01, [1025, 1029]
5, 9, 2.0, [1430, 1229]
6, 0, 2.15, [3147, 520]
6, 1, 2.15, [1574, 5117]
6, 2, 2.15, [1430, 5117]
6, 3, 2.11, [1219, 5117]
6, 4, 2.11, [1219, 5117]
6, 5, 2.06, [1574, 990]
6, 6, 2.02, [635, 1574]
6, 7, 2.02, [1025, 1157]
6, 8, 2.01, [1219, 751]
6, 9, 2.01, [1430, 3639]
7, 0, 2.15, [3147, 520]
7, 1, 2.15, [1574, 5117]
7, 2, 2.13, [5117, 1574]
7, 3, 2.12, [1381, 520]
7, 4, 2.11, [1025, 520]
7, 5, 2.08, [1219, 5117]
7, 6, 2.05, [1141, 1569]
7, 7, 2.03, [476, 1574]
7, 8, 2.02, [3147, 336]
7, 9, 2.01, [3147, 1029]
8, 0, 2.16, [1219, 520]
8, 1, 2.15, [3147, 520]
8, 2, 2.15, [1574, 5117]
8, 3, 2.12, [1289, 5117]
8, 4, 2.12, [1045, 5117]
8, 5, 2.07, [1045, 5117]
8, 6, 2.03, [1574, 2490]
8, 7, 2.01, [3147, 1430]
8, 8, 2.01, [3147, 751]
8, 9, 2.01, [1574, 1540]
9, 0, 2.17, [5117, 1514]
9, 1, 2.16, [1219, 520]
9, 2, 2.15, [3147, 520]
9, 3, 2.12, [3147, 520]
9, 4, 2.08, [1219, 520]
9, 5, 2.04, [731, 2070]
9, 6, 2.03, [1289, 690]
9, 7, 2.02, [1045, 873]
9, 8, 2.02, [1219, 1029]
9, 9, 2.01, [1219, 1574]
10, 0, 2.17, [5117, 1514]
10, 1, 2.16, [1574, 520]
10, 2, 2.16, [1219, 520]
10, 3, 2.15, [1567, 520]
10, 4, 2.12, [2032, 520]
10, 5, 2.05, [1219, 1414]
10, 6, 2.03, [1219, 2340]
10, 7, 2.02, [3147, 339]
10, 8, 2.02, [483, 819]
10, 9, 2.01, [3147, 662]
11, 0, 2.17, [5117, 1514]
11, 1, 2.16, [1574, 520]
11, 2, 2.15, [5117, 2490]
11, 3, 2.13, [970, 520]
11, 4, 2.13, [5117, 495]
11, 5, 2.12, [1574, 520]
11, 6, 2.1, [439, 520]
11, 7, 2.04, [487, 1827]
11, 8, 2.02, [1574, 2340]
11, 9, 2.02, [1219, 1514]
12, 0, 2.17, [5117, 1514]
12, 1, 2.16, [1574, 520]
12, 2, 2.15, [1029, 520]
12, 3, 2.12, [970, 520]
12, 4, 2.11, [905, 520]
12, 5, 2.1, [587, 520]
12, 6, 2.05, [1574, 2340]
12, 7, 2.05, [1219, 1514]
12, 8, 2.04, [1574, 2340]
12, 9, 2.03, [2032, 495]
13, 0, 2.17, [5117, 1514]
13, 1, 2.16, [751, 520]
13, 2, 2.16, [1574, 520]
13, 3, 2.13, [905, 520]
13, 4, 2.1, [5117, 690]
13, 5, 2.03, [78, 831]
13, 6, 2.03, [834, 1430]
13, 7, 2.03, [216, 675]
13, 8, 2.02, [1225, 1514]
13, 9, 2.02, [1225, 1514]
14, 0, 2.17, [5117, 1514]
14, 1, 2.16, [1574, 520]
14, 2, 2.16, [751, 520]
14, 3, 2.09, [5117, 741]
14, 4, 2.06, [5117, 2490]
14, 5, 2.04, [545, 2340]
14, 6, 2.04, [1574, 2340]
14, 7, 2.04, [834, 690]
14, 8, 2.03, [751, 1025]
14, 9, 2.02, [751, 2340]
15, 0, 2.17, [5117, 1514]
15, 1, 2.16, [5117, 731]
15, 2, 2.16, [1574, 520]
15, 3, 2.15, [5117, 2436]
15, 4, 2.09, [1138, 520]
15, 5, 2.08, [5117, 495]
15, 6, 2.07, [5117, 964]
15, 7, 2.03, [1574, 2340]
15, 8, 2.03, [2070, 1219]
15, 9, 2.03, [964, 1509]
16, 0, 2.17, [905, 520]
16, 1, 2.17, [5117, 1514]
16, 2, 2.16, [5117, 731]
16, 3, 2.13, [1567, 520]
16, 4, 2.03, [1414, 2436]
16, 5, 2.03, [439, 1514]
16, 6, 2.02, [1567, 1509]
16, 7, 2.02, [834, 711]
16, 8, 2.01, [1219, 731]
16, 9, 2.0, [735, 2340]
17, 0, 2.17, [905, 520]
17, 1, 2.17, [5117, 1514]
17, 2, 2.14, [1574, 520]
17, 3, 2.13, [5117, 2490]
17, 4, 2.03, [710, 1514]
17, 5, 2.03, [710, 1289]
17, 6, 2.02, [2032, 78]
17, 7, 2.02, [339, 336]
17, 8, 2.01, [2070, 731]
17, 9, 2.01, [785, 731]
18, 0, 2.21, [905, 520]
18, 1, 2.17, [905, 520]
18, 2, 2.17, [5117, 1514]
18, 3, 2.11, [5117, 78]
18, 4, 2.06, [5117, 1540]
18, 5, 2.04, [1219, 1514]
18, 6, 2.03, [751, 690]
18, 7, 2.03, [710, 1514]
18, 8, 2.02, [3639, 1381]
18, 9, 2.02, [1574, 2340]
19, 0, 2.21, [905, 520]
19, 1, 2.17, [905, 520]
19, 2, 2.13, [5117, 690]
19, 3, 2.1, [5117, 741]
19, 4, 2.08, [5117, 2436]
19, 5, 2.06, [5117, 247]
19, 6, 2.04, [476, 1219]
19, 7, 2.03, [905, 2340]
19, 8, 2.02, [710, 1514]
19, 9, 2.01, [905, 2340]
20, 0, 2.21, [905, 520]
20, 1, 2.17, [905, 520]
20, 2, 2.15, [1378, 5117]
20, 3, 2.14, [5117, 1540]
20, 4, 2.09, [5117, 1540]
20, 5, 2.06, [905, 1543]
20, 6, 2.05, [5117, 339]
20, 7, 2.02, [974, 2490]
20, 8, 2.01, [694, 1394]
20, 9, 2.01, [905, 964]
21, 0, 2.21, [905, 520]
21, 1, 2.17, [905, 520]
21, 2, 2.04, [905, 1574]
21, 3, 2.04, [2070, 2340]
21, 4, 2.03, [675, 336]
21, 5, 2.03, [751, 1430]
21, 6, 2.02, [78, 2436]
21, 7, 2.0, [1378, 1225]
21, 8, 2.0, [711, 1048]
21, 9, 2.0, [666, 339]
22, 0, 2.21, [905, 520]
22, 1, 2.17, [905, 520]
22, 2, 2.16, [841, 520]
22, 3, 2.05, [905, 934]
22, 4, 2.02, [905, 2341]
22, 5, 2.02, [545, 934]
22, 6, 2.02, [1157, 1514]
22, 7, 2.01, [2070, 495]
22, 8, 2.01, [587, 1603]
22, 9, 2.0, [439, 339]
23, 0, 2.21, [905, 520]
23, 1, 2.17, [905, 520]
23, 2, 2.12, [780, 520]
23, 3, 2.04, [1543, 964]
23, 4, 2.04, [691, 1381]
23, 5, 2.03, [841, 320]
23, 6, 2.03, [841, 741]
23, 7, 2.02, [841, 2436]
23, 8, 2.02, [694, 1827]
23, 9, 2.01, [905, 1381]
24, 0, 2.21, [905, 520]
24, 1, 2.17, [905, 520]
24, 2, 2.11, [1378, 5117]
24, 3, 2.11, [990, 520]
24, 4, 2.04, [970, 964]
24, 5, 2.02, [1381, 320]
24, 6, 2.01, [710, 850]
24, 7, 2.01, [320, 78]
24, 8, 2.01, [710, 1381]
24, 9, 2.0, [970, 974]
25, 0, 2.21, [905, 520]
25, 1, 2.17, [905, 520]
25, 2, 2.14, [710, 5117]
25, 3, 2.1, [974, 520]
25, 4, 2.03, [1430, 662]
25, 5, 2.02, [873, 2340]
25, 6, 2.02, [905, 1574]
25, 7, 2.02, [339, 495]
25, 8, 2.01, [339, 1381]
25, 9, 2.01, [735, 694]
26, 0, 2.21, [905, 520]
26, 1, 2.17, [905, 520]
26, 2, 2.12, [710, 5117]
26, 3, 2.09, [1509, 520]
26, 4, 2.04, [545, 216]
26, 5, 2.03, [710, 247]
26, 6, 2.02, [735, 476]
26, 7, 2.02, [450, 964]
26, 8, 2.02, [710, 990]
26, 9, 2.02, [905, 831]
27, 0, 2.21, [905, 520]
27, 1, 2.17, [905, 520]
27, 2, 2.13, [819, 520]
27, 3, 2.08, [710, 520]
27, 4, 2.02, [587, 247]
27, 5, 2.02, [545, 974]
27, 6, 2.02, [970, 216]
27, 7, 2.02, [710, 873]
27, 8, 2.01, [902, 1378]
27, 9, 2.01, [15, 1157]
28, 0, 2.21, [905, 520]
28, 1, 2.17, [905, 520]
28, 2, 2.12, [841, 520]
28, 3, 2.08, [545, 520]
28, 4, 2.05, [78, 964]
28, 5, 2.02, [873, 974]
28, 6, 2.02, [697, 873]
28, 7, 2.02, [2070, 336]
28, 8, 2.01, [545, 495]
28, 9, 2.01, [675, 439]
29, 0, 2.21, [905, 520]
29, 1, 2.17, [905, 520]
29, 2, 2.16, [1514, 520]
29, 3, 2.05, [710, 974]
29, 4, 2.04, [710, 450]
29, 5, 2.04, [78, 819]
29, 6, 2.03, [841, 873]
29, 7, 2.03, [905, 2340]
29, 8, 2.02, [495, 1543]
29, 9, 2.02, [902, 970]
30, 0, 2.21, [905, 520]
30, 1, 2.17, [905, 520]
30, 2, 2.13, [1574, 520]
30, 3, 2.12, [710, 520]
30, 4, 2.04, [710, 587]
30, 5, 2.03, [1514, 1225]
30, 6, 2.02, [873, 1025]
30, 7, 2.02, [905, 1048]
30, 8, 2.02, [850, 731]
30, 9, 2.01, [2340, 1574]
31, 0, 2.21, [905, 520]
31, 1, 2.17, [905, 520]
31, 2, 2.11, [429, 520]
31, 3, 2.04, [905, 1540]
31, 4, 2.04, [990, 1138]
31, 5, 2.03, [735, 1430]
31, 6, 2.02, [731, 1381]
31, 7, 2.02, [905, 970]
31, 8, 2.0, [1569, 666]
31, 9, 2.0, [735, 694]
32, 0, 2.21, [905, 520]
32, 1, 2.17, [905, 520]
32, 2, 2.04, [905, 964]
32, 3, 2.03, [990, 690]
32, 4, 2.02, [429, 439]
32, 5, 2.01, [1381, 1025]
32, 6, 2.01, [970, 964]
32, 7, 2.0, [320, 1574]
32, 8, 2.0, [429, 495]
32, 9, 2.0, [831, 1138]
33, 0, 2.21, [905, 520]
33, 1, 2.17, [905, 520]
33, 2, 2.08, [710, 5117]
33, 3, 2.04, [905, 216]
33, 4, 2.03, [78, 3147]
33, 5, 2.02, [1381, 902]
33, 6, 2.02, [964, 1430]
33, 7, 2.02, [1569, 1381]
33, 8, 2.02, [1225, 990]
33, 9, 2.01, [751, 1225]
34, 0, 2.21, [905, 520]
34, 1, 2.17, [905, 520]
34, 2, 2.15, [990, 520]
34, 3, 2.15, [694, 520]
34, 4, 2.1, [1509, 520]
34, 5, 2.04, [1381, 587]
34, 6, 2.02, [710, 2436]
34, 7, 2.01, [3, 691]
34, 8, 2.01, [905, 831]
34, 9, 2.0, [711, 970]
35, 0, 2.21, [905, 520]
35, 1, 2.17, [905, 520]
35, 2, 2.12, [691, 520]
35, 3, 2.03, [990, 339]
35, 4, 2.02, [1580, 785]
35, 5, 2.02, [711, 2070]
35, 6, 2.02, [1229, 495]
35, 7, 2.01, [710, 587]
35, 8, 2.01, [1381, 662]
35, 9, 2.01, [819, 970]
36, 0, 2.21, [905, 520]
36, 1, 2.17, [905, 520]
36, 2, 2.16, [934, 520]
36, 3, 2.06, [1289, 990]
36, 4, 2.05, [902, 934]
36, 5, 2.04, [1540, 1430]
36, 6, 2.04, [710, 216]
36, 7, 2.02, [1514, 990]
36, 8, 2.02, [487, 666]
36, 9, 2.02, [1225, 741]
37, 0, 2.21, [905, 520]
37, 1, 2.19, [841, 520]
37, 2, 2.17, [905, 520]
37, 3, 2.16, [710, 520]
37, 4, 2.03, [1543, 934]
37, 5, 2.02, [905, 690]
37, 6, 2.02, [1048, 1414]
37, 7, 2.02, [635, 1827]
37, 8, 2.01, [905, 1141]
37, 9, 2.01, [1603, 1827]
38, 0, 2.21, [905, 520]
38, 1, 2.19, [841, 520]
38, 2, 2.1, [710, 520]
38, 3, 2.07, [934, 450]
38, 4, 2.05, [710, 520]
38, 5, 2.04, [934, 1045]
38, 6, 2.03, [834, 320]
38, 7, 2.02, [1827, 2436]
38, 8, 2.02, [694, 15]
38, 9, 2.01, [483, 1138]
39, 0, 2.21, [905, 520]
39, 1, 2.19, [841, 520]
39, 2, 2.12, [1827, 520]
39, 3, 2.12, [98, 520]
39, 4, 2.12, [339, 520]
39, 5, 2.07, [850, 964]
39, 6, 2.05, [1219, 439]
39, 7, 2.05, [841, 587]
39, 8, 2.04, [15, 694]
39, 9, 2.03, [1141, 1514]
40, 0, 2.21, [905, 520]
40, 1, 2.19, [841, 520]
40, 2, 2.17, [339, 520]
40, 3, 2.15, [1574, 520]
40, 4, 2.06, [2340, 841]
40, 5, 2.05, [487, 990]
40, 6, 2.04, [2070, 834]
40, 7, 2.03, [1028, 476]
40, 8, 2.02, [15, 873]
40, 9, 2.02, [711, 716]
41, 0, 2.21, [905, 520]
41, 1, 2.19, [841, 520]
41, 2, 2.08, [1543, 439]
41, 3, 2.05, [905, 990]
41, 4, 2.03, [970, 1219]
41, 5, 2.02, [905, 476]
41, 6, 2.02, [841, 3147]
41, 7, 2.02, [1029, 2340]
41, 8, 2.01, [1289, 850]
41, 9, 2.01, [1569, 964]
42, 0, 2.21, [905, 520]
42, 1, 2.19, [841, 520]
42, 2, 2.14, [934, 905]
42, 3, 2.13, [873, 520]
42, 4, 2.07, [429, 520]
42, 5, 2.04, [439, 495]
42, 6, 2.04, [841, 716]
42, 7, 2.02, [483, 1827]
42, 8, 2.02, [905, 731]
42, 9, 2.01, [964, 1229]
43, 0, 2.21, [905, 520]
43, 1, 2.19, [841, 520]
43, 2, 2.09, [934, 339]
43, 3, 2.08, [216, 520]
43, 4, 2.04, [495, 247]
43, 5, 2.02, [905, 834]
43, 6, 2.02, [841, 711]
43, 7, 2.02, [3147, 2341]
43, 8, 2.01, [3147, 905]
43, 9, 2.0, [831, 1225]
44, 0, 2.21, [905, 520]
44, 1, 2.19, [841, 520]
44, 2, 2.12, [2340, 520]
44, 3, 2.08, [798, 520]
44, 4, 2.07, [336, 990]
44, 5, 2.06, [1138, 439]
44, 6, 2.02, [1048, 78]
44, 7, 2.0, [587, 697]
44, 8, 2.0, [710, 339]
44, 9, 2.0, [1580, 1378]
45, 0, 2.21, [905, 520]
45, 1, 2.19, [841, 520]
45, 2, 2.13, [710, 520]
45, 3, 2.11, [1028, 520]
45, 4, 2.05, [1289, 819]
45, 5, 2.02, [3147, 1141]
45, 6, 2.01, [1378, 873]
45, 7, 2.01, [905, 2490]
45, 8, 2.01, [1381, 1025]
45, 9, 2.0, [798, 694]
46, 0, 2.21, [905, 520]
46, 1, 2.19, [841, 520]
46, 2, 2.13, [15, 520]
46, 3, 2.06, [841, 98]
46, 4, 2.03, [990, 495]
46, 5, 2.02, [905, 3147]
46, 6, 2.02, [697, 587]
46, 7, 2.01, [785, 1540]
46, 8, 2.0, [587, 339]
46, 9, 2.0, [2436, 483]
47, 0, 2.21, [905, 520]
47, 1, 2.19, [841, 520]
47, 2, 2.06, [841, 716]
47, 3, 2.03, [905, 247]
47, 4, 2.03, [495, 934]
47, 5, 2.02, [905, 666]
47, 6, 2.02, [905, 780]
47, 7, 2.01, [1580, 1574]
47, 8, 2.01, [450, 711]
47, 9, 2.01, [339, 216]
48, 0, 2.21, [905, 520]
48, 1, 2.19, [841, 520]
48, 2, 2.11, [339, 520]
48, 3, 2.08, [545, 5117]
48, 4, 2.04, [990, 716]
48, 5, 2.03, [2340, 1827]
48, 6, 2.03, [905, 922]
48, 7, 2.02, [545, 964]
48, 8, 2.02, [710, 711]
48, 9, 2.01, [710, 439]
49, 0, 2.21, [905, 520]
49, 1, 2.19, [841, 520]
49, 2, 2.13, [450, 520]
49, 3, 2.04, [1827, 15]
49, 4, 2.03, [1381, 2340]
49, 5, 2.03, [2340, 841]
49, 6, 2.02, [2070, 711]
49, 7, 2.02, [694, 1540]
49, 8, 2.02, [841, 690]
49, 9, 2.01, [587, 970]
50, 0, 2.21, [905, 520]
50, 1, 2.19, [841, 520]
50, 2, 2.06, [520, 741]
50, 3, 2.05, [841, 934]
50, 4, 2.03, [841, 662]
50, 5, 2.02, [1138, 697]
50, 6, 2.02, [905, 2436]
50, 7, 2.01, [905, 675]
50, 8, 2.01, [1028, 2340]
50, 9, 2.0, [2436, 1378]
