generation number, pop_size, worst, best, median, avg, std, diversity, improvement, number_of_selections
0, 10, 2.0, 2.13, 2.085, 2.072, 0.045343136195018535,0.9777777777777777,0,[1.e-300]
1, 10, 2.06, 2.21, 2.12, 2.1189999999999998, 0.04369210454990695,0.9,0.037558685446009425,[1.e-300]
2, 10, 2.04, 2.21, 2.1550000000000002, 2.143, 0.045177427992306084,0.8777777777777778,0.0,[1.e-300]
3, 10, 2.05, 2.21, 2.0999999999999996, 2.1160000000000005, 0.05642694391866359,0.8888888888888888,0.0,[1.e-300]
4, 10, 2.07, 2.21, 2.13, 2.13, 0.041231056256176644,0.9333333333333333,0.0,[1.e-300]
5, 10, 2.1, 2.21, 2.13, 2.1440000000000006, 0.041279534881100546,0.8222222222222222,0.0,[1.e-300]
6, 10, 2.04, 2.21, 2.08, 2.107, 0.06325345840347389,0.9444444444444444,0.0,[1.e-300]
7, 10, 2.02, 2.21, 2.08, 2.1109999999999998, 0.07408778576796586,0.8666666666666667,0.0,[1.e-300]
8, 10, 2.02, 2.21, 2.08, 2.0909999999999997, 0.06594694837519019,0.9555555555555556,0.0,[1.e-300]
9, 10, 2.04, 2.21, 2.085, 2.107, 0.06261788881781306,0.8888888888888888,0.0,[1.e-300]
10, 10, 2.03, 2.21, 2.0949999999999998, 2.105, 0.05903388857258182,0.9111111111111111,0.0,[1.e-300]
