generation number, pop_size, worst, best, median, avg, std, diversity, improvement, number_of_selections
0, 10, 3.0, 3.04, 3.0149999999999997, 3.0149999999999997, 0.012845232578665131,0.962962962962963,0,[1.e-300]
1, 10, 3.02, 3.15, 3.03, 3.042, 0.036551333764994136,0.9333333333333333,0.03618421052631575,[1.e-300]
2, 10, 3.0, 3.19, 3.045, 3.071, 0.0654904573201318,0.8222222222222222,0.01269841269841271,[1.e-300]
3, 10, 3.01, 3.21, 3.16, 3.1189999999999998, 0.07647875521999559,0.7777777777777779,0.006269592476489034,[1.e-300]
4, 10, 3.03, 3.24, 3.1799999999999997, 3.158, 0.06794115100585219,0.725925925925926,0.009345794392523442,[1.e-300]
5, 10, 3.02, 3.24, 3.17, 3.1559999999999997, 0.06843975452907475,0.762962962962963,0.0,[1.e-300]
6, 10, 3.02, 3.24, 3.1550000000000002, 3.1450000000000005, 0.07032069396699672,0.6222222222222222,0.0,[1.e-300]
7, 10, 3.0, 3.24, 3.075, 3.098, 0.08942035562443272,0.837037037037037,0.0,[1.e-300]
8, 10, 3.02, 3.24, 3.1399999999999997, 3.139, 0.0758221603490695,0.674074074074074,0.0,[1.e-300]
9, 10, 3.01, 3.24, 3.0949999999999998, 3.1090000000000004, 0.08251666498350507,0.6888888888888889,0.0,[1.e-300]
10, 10, 3.0, 3.24, 3.035, 3.092, 0.0962081077664456,0.8518518518518519,0.0,[1.e-300]
