generation number, individual number, fitness, candidate
0, 0, 3.16, [694, 520, 336]
0, 1, 3.05, [694, 439, 1219]
0, 2, 3.05, [1603, 990, 339]
0, 3, 3.04, [710, 1289, 1029]
0, 4, 3.04, [1414, 78, 964]
0, 5, 3.04, [2032, 1430, 662]
0, 6, 3.03, [1141, 902, 78]
0, 7, 3.03, [439, 990, 716]
0, 8, 3.03, [662, 785, 98]
0, 9, 3.01, [751, 3147, 1827]
1, 0, 3.16, [694, 520, 336]
1, 1, 3.15, [922, 520, 336]
1, 2, 3.12, [1603, 520, 1347]
1, 3, 3.11, [694, 520, 1603]
1, 4, 3.1, [694, 990, 439]
1, 5, 3.09, [694, 934, 336]
1, 6, 3.08, [819, 520, 339]
1, 7, 3.05, [902, 439, 339]
1, 8, 3.05, [694, 439, 1219]
1, 9, 3.04, [1603, 1414, 1219]
2, 0, 3.18, [1603, 520, 1347]
2, 1, 3.16, [694, 520, 336]
2, 2, 3.15, [785, 520, 336]
2, 3, 3.15, [922, 520, 336]
2, 4, 3.13, [819, 520, 1347]
2, 5, 3.06, [339, 520, 320]
2, 6, 3.05, [934, 1028, 798]
2, 7, 3.04, [694, 741, 1347]
2, 8, 3.02, [1603, 731, 816]
2, 9, 3.01, [964, 809, 691]
3, 0, 3.18, [1603, 520, 1347]
3, 1, 3.16, [694, 520, 336]
3, 2, 3.15, [1603, 520, 1540]
3, 3, 3.12, [922, 520, 675]
3, 4, 3.08, [1603, 520, 320]
3, 5, 3.04, [2340, 974, 1045]
3, 6, 3.04, [990, 2436, 731]
3, 7, 3.04, [922, 873, 731]
3, 8, 3.02, [694, 662, 1347]
3, 9, 3.01, [1603, 922, 675]
4, 0, 3.18, [922, 520, 1555]
4, 1, 3.18, [1603, 520, 1347]
4, 2, 3.16, [694, 520, 336]
4, 3, 3.08, [1603, 520, 1347]
4, 4, 3.03, [666, 662, 741]
4, 5, 3.03, [694, 690, 1540]
4, 6, 3.02, [922, 1025, 1540]
4, 7, 3.02, [1603, 741, 675]
4, 8, 3.01, [1603, 1540, 690]
4, 9, 3.01, [1603, 1555, 320]
5, 0, 3.18, [922, 520, 1555]
5, 1, 3.18, [1603, 520, 1347]
5, 2, 3.14, [1603, 520, 1430]
5, 3, 3.13, [819, 520, 1555]
5, 4, 3.12, [1603, 520, 1381]
5, 5, 3.11, [694, 520, 78]
5, 6, 3.11, [2032, 520, 1347]
5, 7, 3.07, [1603, 520, 1141]
5, 8, 3.06, [922, 964, 336]
5, 9, 3.02, [922, 2490, 1347]
6, 0, 3.18, [922, 520, 1555]
6, 1, 3.18, [1603, 520, 1347]
6, 2, 3.15, [1603, 520, 841]
6, 3, 3.13, [990, 520, 1555]
6, 4, 3.11, [922, 520, 675]
6, 5, 3.07, [922, 1138, 1347]
6, 6, 3.04, [1138, 450, 2436]
6, 7, 3.03, [1569, 1045, 850]
6, 8, 3.03, [1603, 495, 1555]
6, 9, 3.01, [609, 635, 1555]
7, 0, 3.18, [922, 520, 1555]
7, 1, 3.18, [1603, 520, 1347]
7, 2, 3.14, [1603, 520, 841]
7, 3, 3.13, [520, 1003, 731]
7, 4, 3.13, [609, 520, 1347]
7, 5, 3.12, [1603, 520, 841]
7, 6, 3.1, [3147, 520, 1555]
7, 7, 3.05, [609, 520, 1347]
7, 8, 3.04, [922, 964, 1347]
7, 9, 3.04, [1603, 1381, 1347]
8, 0, 3.18, [922, 520, 1555]
8, 1, 3.18, [1603, 520, 1347]
8, 2, 3.16, [1229, 520, 735]
8, 3, 3.16, [675, 520, 1347]
8, 4, 3.13, [1603, 520, 841]
8, 5, 3.09, [2667, 520, 675]
8, 6, 3.05, [922, 964, 98]
8, 7, 3.05, [922, 786, 1580]
8, 8, 3.04, [1603, 98, 1555]
8, 9, 3.04, [922, 716, 1347]
9, 0, 3.18, [922, 520, 1555]
9, 1, 3.18, [1603, 520, 1347]
9, 2, 3.15, [3639, 520, 1555]
9, 3, 3.15, [1430, 520, 1555]
9, 4, 3.13, [1229, 520, 1555]
9, 5, 3.11, [1603, 520, 1029]
9, 6, 3.11, [1229, 520, 1569]
9, 7, 3.07, [922, 1138, 1347]
9, 8, 3.06, [922, 1540, 1347]
9, 9, 3.0, [1603, 247, 1555]
10, 0, 3.18, [922, 520, 1555]
10, 1, 3.18, [1603, 520, 1347]
10, 2, 3.16, [609, 520, 1555]
10, 3, 3.15, [336, 520, 1555]
10, 4, 3.12, [694, 520, 710]
10, 5, 3.09, [1540, 520, 970]
10, 6, 3.06, [780, 1414, 1555]
10, 7, 3.02, [1028, 1025, 662]
10, 8, 3.02, [1574, 690, 990]
10, 9, 3.01, [934, 2341, 15]
11, 0, 3.18, [970, 520, 1555]
11, 1, 3.18, [922, 520, 1555]
11, 2, 3.18, [1603, 520, 1347]
11, 3, 3.17, [1567, 520, 970]
11, 4, 3.07, [922, 520, 675]
11, 5, 3.03, [609, 662, 1347]
11, 6, 3.02, [609, 2667, 1555]
11, 7, 3.02, [1540, 690, 1555]
11, 8, 3.02, [609, 964, 1414]
11, 9, 3.01, [609, 1225, 1555]
12, 0, 3.19, [974, 520, 1555]
12, 1, 3.18, [970, 520, 1555]
12, 2, 3.18, [922, 520, 1555]
12, 3, 3.14, [990, 520, 1347]
12, 4, 3.1, [675, 520, 1603]
12, 5, 3.07, [970, 216, 819]
12, 6, 3.06, [609, 520, 1555]
12, 7, 3.05, [1603, 439, 964]
12, 8, 3.01, [1827, 690, 1347]
12, 9, 3.01, [922, 495, 1555]
13, 0, 3.19, [974, 520, 1555]
13, 1, 3.18, [934, 520, 2436]
13, 2, 3.18, [1569, 520, 1138]
13, 3, 3.18, [970, 520, 1555]
13, 4, 3.13, [922, 520, 690]
13, 5, 3.12, [1045, 520, 1555]
13, 6, 3.12, [609, 520, 1555]
13, 7, 3.1, [785, 520, 1967]
13, 8, 3.06, [15, 520, 1045]
13, 9, 3.02, [922, 2436, 1555]
14, 0, 3.19, [974, 520, 1555]
14, 1, 3.18, [934, 520, 2436]
14, 2, 3.15, [2667, 520, 735]
14, 3, 3.15, [974, 520, 841]
14, 4, 3.14, [1569, 520, 841]
14, 5, 3.12, [974, 1419, 520]
14, 6, 3.06, [78, 520, 635]
14, 7, 3.06, [1569, 716, 1555]
14, 8, 3.05, [990, 1555, 716]
14, 9, 3.05, [974, 690, 1138]
15, 0, 3.19, [974, 520, 1555]
15, 1, 3.18, [934, 520, 2436]
15, 2, 3.15, [697, 520, 735]
15, 3, 3.1, [1025, 520, 841]
15, 4, 3.1, [934, 741, 1555]
15, 5, 3.09, [974, 520, 666]
15, 6, 3.04, [934, 690, 735]
15, 7, 3.04, [841, 831, 1414]
15, 8, 3.04, [2667, 990, 1555]
15, 9, 3.03, [2667, 873, 1555]
16, 0, 3.19, [974, 520, 1555]
16, 1, 3.18, [934, 520, 2436]
16, 2, 3.17, [934, 520, 841]
16, 3, 3.09, [15, 520, 2436]
16, 4, 3.09, [974, 520, 1353]
16, 5, 3.06, [1827, 697, 662]
16, 6, 3.06, [694, 902, 990]
16, 7, 3.03, [934, 1157, 2846]
16, 8, 3.03, [697, 1138, 1353]
16, 9, 3.02, [483, 1381, 1157]
17, 0, 3.2, [1827, 520, 1555]
17, 1, 3.19, [974, 520, 1555]
17, 2, 3.18, [934, 520, 2436]
17, 3, 3.16, [1141, 520, 1414]
17, 4, 3.13, [1509, 520, 1555]
17, 5, 3.12, [2667, 520, 1353]
17, 6, 3.1, [697, 520, 2436]
17, 7, 3.08, [697, 520, 1353]
17, 8, 3.03, [974, 690, 2436]
17, 9, 3.02, [974, 690, 2436]
18, 0, 3.2, [1827, 520, 1555]
18, 1, 3.19, [974, 520, 1555]
18, 2, 3.14, [1003, 520, 1555]
18, 3, 3.11, [902, 520, 1414]
18, 4, 3.11, [587, 520, 834]
18, 5, 3.09, [902, 520, 2436]
18, 6, 3.09, [934, 1381, 990]
18, 7, 3.07, [1378, 520, 1555]
18, 8, 3.03, [1347, 1028, 450]
18, 9, 3.03, [1827, 1540, 1555]
19, 0, 3.2, [1827, 520, 1555]
19, 1, 3.19, [974, 520, 1555]
19, 2, 3.17, [1003, 520, 1225]
19, 3, 3.12, [902, 520, 809]
19, 4, 3.06, [974, 1419, 841]
19, 5, 3.03, [934, 834, 1555]
19, 6, 3.03, [1827, 78, 1029]
19, 7, 3.03, [1289, 690, 1555]
19, 8, 3.03, [1580, 1003, 2846]
19, 9, 3.02, [1003, 2032, 990]
20, 0, 3.2, [1827, 520, 1555]
20, 1, 3.19, [974, 520, 1555]
20, 2, 3.15, [902, 520, 841]
20, 3, 3.12, [487, 520, 15]
20, 4, 3.07, [902, 520, 1555]
20, 5, 3.05, [974, 1219, 1028]
20, 6, 3.03, [656, 690, 1555]
20, 7, 3.02, [697, 780, 1555]
20, 8, 3.02, [834, 690, 2667]
20, 9, 3.01, [974, 1378, 1555]
21, 0, 3.2, [1827, 520, 1555]
21, 1, 3.19, [974, 520, 1555]
21, 2, 3.12, [2846, 520, 1567]
21, 3, 3.11, [902, 520, 450]
21, 4, 3.11, [675, 520, 697]
21, 5, 3.04, [487, 934, 780]
21, 6, 3.03, [1347, 339, 1025]
21, 7, 3.03, [974, 1003, 711]
21, 8, 3.03, [902, 1567, 1574]
21, 9, 3.02, [1827, 964, 1555]
22, 0, 3.2, [1827, 520, 1555]
22, 1, 3.19, [974, 520, 1555]
22, 2, 3.12, [974, 520, 786]
22, 3, 3.06, [974, 2032, 841]
22, 4, 3.04, [2846, 964, 1555]
22, 5, 3.04, [2846, 1219, 1567]
22, 6, 3.03, [974, 780, 1827]
22, 7, 3.02, [1378, 1138, 247]
22, 8, 3.01, [711, 3639, 1555]
22, 9, 3.0, [1003, 450, 873]
23, 0, 3.26, [1827, 520, 841]
23, 1, 3.2, [1827, 520, 1555]
23, 2, 3.19, [974, 520, 1555]
23, 3, 3.15, [974, 520, 819]
23, 4, 3.12, [902, 520, 216]
23, 5, 3.07, [2846, 716, 1555]
23, 6, 3.05, [1289, 495, 1555]
23, 7, 3.04, [974, 873, 1555]
23, 8, 3.04, [841, 1347, 1555]
23, 9, 3.03, [964, 1219, 1567]
24, 0, 3.26, [1827, 520, 841]
24, 1, 3.2, [1827, 520, 1555]
24, 2, 3.15, [1827, 520, 841]
24, 3, 3.14, [697, 520, 841]
24, 4, 3.11, [809, 520, 1028]
24, 5, 3.11, [1580, 520, 785]
24, 6, 3.09, [834, 1574, 841]
24, 7, 3.03, [786, 964, 716]
24, 8, 3.03, [1827, 1540, 819]
24, 9, 3.02, [609, 78, 697]
25, 0, 3.26, [1827, 520, 841]
25, 1, 3.2, [1827, 520, 1555]
25, 2, 3.13, [216, 520, 974]
25, 3, 3.09, [1827, 711, 841]
25, 4, 3.07, [1569, 520, 974]
25, 5, 3.07, [1827, 694, 841]
25, 6, 3.05, [1827, 964, 2340]
25, 7, 3.02, [819, 2846, 841]
25, 8, 3.02, [450, 3147, 1028]
25, 9, 3.01, [1827, 1138, 2667]
26, 0, 3.26, [1827, 520, 841]
26, 1, 3.2, [1827, 520, 1555]
26, 2, 3.14, [902, 520, 841]
26, 3, 3.11, [1827, 520, 1028]
26, 4, 3.08, [439, 520, 1225]
26, 5, 3.08, [902, 2667, 841]
26, 6, 3.08, [1827, 1540, 841]
26, 7, 3.07, [495, 1514, 841]
26, 8, 3.05, [1827, 2340, 1555]
26, 9, 3.03, [1827, 1029, 1430]
27, 0, 3.26, [1827, 520, 841]
27, 1, 3.22, [3639, 520, 1419]
27, 2, 3.2, [1827, 520, 1555]
27, 3, 3.18, [1827, 520, 922]
27, 4, 3.11, [1567, 520, 216]
27, 5, 3.1, [831, 520, 841]
27, 6, 3.08, [1827, 487, 841]
27, 7, 3.04, [902, 690, 1028]
27, 8, 3.02, [3147, 666, 1028]
27, 9, 3.02, [711, 2490, 841]
28, 0, 3.26, [1827, 520, 841]
28, 1, 3.22, [3639, 520, 1419]
28, 2, 3.19, [3639, 520, 841]
28, 3, 3.16, [216, 520, 476]
28, 4, 3.13, [902, 520, 841]
28, 5, 3.12, [1003, 520, 841]
28, 6, 3.12, [1029, 520, 1419]
28, 7, 3.12, [1827, 520, 905]
28, 8, 3.11, [439, 520, 1028]
28, 9, 3.03, [2032, 1138, 711]
29, 0, 3.26, [1827, 520, 841]
29, 1, 3.22, [3639, 520, 1419]
29, 2, 3.17, [1378, 520, 339]
29, 3, 3.13, [970, 5117, 1025]
29, 4, 3.08, [3639, 520, 1229]
29, 5, 3.05, [216, 841, 476]
29, 6, 3.04, [902, 3, 974]
29, 7, 3.02, [1827, 785, 841]
29, 8, 3.02, [1347, 780, 666]
29, 9, 3.01, [1827, 495, 1419]
30, 0, 3.26, [1827, 520, 841]
30, 1, 3.22, [3639, 520, 1419]
30, 2, 3.15, [990, 5117, 841]
30, 3, 3.14, [809, 520, 339]
30, 4, 3.12, [3639, 520, 741]
30, 5, 3.1, [873, 520, 1419]
30, 6, 3.09, [902, 5117, 1025]
30, 7, 3.08, [3639, 520, 662]
30, 8, 3.07, [970, 2032, 1229]
30, 9, 3.04, [970, 716, 841]
31, 0, 3.26, [1827, 520, 841]
31, 1, 3.22, [3639, 520, 1419]
31, 2, 3.16, [1827, 520, 1543]
31, 3, 3.12, [902, 520, 1419]
31, 4, 3.11, [3639, 520, 1045]
31, 5, 3.11, [3639, 520, 690]
31, 6, 3.07, [3639, 520, 1028]
31, 7, 3.06, [666, 520, 841]
31, 8, 3.03, [3639, 1514, 841]
31, 9, 3.02, [1827, 247, 1419]
32, 0, 3.26, [1827, 520, 841]
32, 1, 3.23, [934, 520, 741]
32, 2, 3.22, [3639, 520, 1419]
32, 3, 3.18, [809, 520, 1141]
32, 4, 3.14, [902, 520, 1419]
32, 5, 3.14, [1827, 520, 786]
32, 6, 3.12, [902, 520, 1419]
32, 7, 3.11, [3639, 520, 690]
32, 8, 3.04, [3639, 495, 1543]
32, 9, 3.03, [3639, 690, 841]
33, 0, 3.26, [1827, 520, 841]
33, 1, 3.23, [934, 520, 741]
33, 2, 3.18, [1827, 520, 1543]
33, 3, 3.17, [834, 520, 850]
33, 4, 3.16, [1827, 520, 1419]
33, 5, 3.15, [934, 520, 1028]
33, 6, 3.11, [3639, 520, 1543]
33, 7, 3.08, [934, 247, 1419]
33, 8, 3.06, [1827, 247, 1141]
33, 9, 3.02, [731, 3, 691]
34, 0, 3.26, [1827, 520, 841]
34, 1, 3.23, [934, 520, 741]
34, 2, 3.17, [2667, 520, 841]
34, 3, 3.14, [1827, 520, 1543]
34, 4, 3.14, [902, 520, 741]
34, 5, 3.11, [675, 520, 1414]
34, 6, 3.1, [2667, 520, 841]
34, 7, 3.09, [731, 520, 545]
34, 8, 3.02, [1827, 3639, 339]
34, 9, 3.01, [819, 1540, 902]
35, 0, 3.26, [1827, 520, 841]
35, 1, 3.23, [934, 520, 741]
35, 2, 3.19, [934, 520, 1003]
35, 3, 3.18, [1827, 520, 1025]
35, 4, 3.14, [2667, 520, 841]
35, 5, 3.11, [2667, 520, 735]
35, 6, 3.04, [1225, 1289, 841]
35, 7, 3.04, [1574, 483, 1543]
35, 8, 3.02, [974, 1580, 798]
35, 9, 3.01, [690, 656, 1028]
36, 0, 3.26, [1827, 520, 841]
36, 1, 3.23, [934, 520, 741]
36, 2, 3.17, [934, 520, 1289]
36, 3, 3.14, [934, 520, 1028]
36, 4, 3.12, [798, 520, 841]
36, 5, 3.11, [1827, 520, 1543]
36, 6, 3.1, [439, 520, 741]
36, 7, 3.09, [780, 990, 841]
36, 8, 3.03, [1827, 1138, 841]
36, 9, 3.03, [1580, 964, 741]
37, 0, 3.26, [1827, 520, 841]
37, 1, 3.24, [905, 520, 5117]
37, 2, 3.23, [934, 520, 741]
37, 3, 3.17, [934, 520, 841]
37, 4, 3.16, [934, 520, 339]
37, 5, 3.15, [902, 520, 1028]
37, 6, 3.05, [850, 520, 247]
37, 7, 3.02, [1048, 1540, 336]
37, 8, 3.02, [2032, 2436, 1289]
37, 9, 3.01, [1827, 1580, 1225]
38, 0, 3.26, [1827, 520, 841]
38, 1, 3.24, [905, 520, 5117]
38, 2, 3.22, [934, 520, 98]
38, 3, 3.21, [902, 520, 5117]
38, 4, 3.19, [2667, 520, 841]
38, 5, 3.18, [1347, 902, 5117]
38, 6, 3.14, [905, 520, 1028]
38, 7, 3.11, [2667, 520, 751]
38, 8, 3.08, [902, 520, 1543]
38, 9, 3.07, [1827, 662, 741]
39, 0, 3.26, [1827, 520, 841]
39, 1, 3.24, [905, 520, 5117]
39, 2, 3.17, [710, 520, 841]
39, 3, 3.17, [902, 520, 5117]
39, 4, 3.16, [710, 1289, 5117]
39, 5, 3.12, [1827, 520, 320]
39, 6, 3.11, [656, 520, 1157]
39, 7, 3.09, [1580, 691, 5117]
39, 8, 3.09, [339, 520, 1603]
39, 9, 3.08, [905, 520, 1028]
40, 0, 3.26, [1827, 520, 841]
40, 1, 3.24, [905, 520, 5117]
40, 2, 3.13, [1353, 520, 2490]
40, 3, 3.06, [1827, 990, 841]
40, 4, 3.04, [902, 1967, 841]
40, 5, 3.04, [1827, 666, 1567]
40, 6, 3.04, [1347, 662, 902]
40, 7, 3.02, [1543, 2667, 974]
40, 8, 3.02, [710, 1543, 841]
40, 9, 3.01, [339, 2436, 697]
41, 0, 3.27, [902, 520, 5117]
41, 1, 3.26, [1827, 520, 841]
41, 2, 3.24, [905, 520, 5117]
41, 3, 3.17, [902, 520, 2490]
41, 4, 3.15, [1353, 520, 339]
41, 5, 3.09, [710, 520, 841]
41, 6, 3.09, [1353, 520, 1028]
41, 7, 3.07, [711, 520, 1225]
41, 8, 3.06, [1827, 450, 922]
41, 9, 3.03, [1827, 741, 2490]
42, 0, 3.29, [902, 520, 5117]
42, 1, 3.27, [902, 520, 5117]
42, 2, 3.26, [1827, 520, 841]
42, 3, 3.21, [902, 520, 2070]
42, 4, 3.13, [834, 520, 841]
42, 5, 3.12, [902, 216, 5117]
42, 6, 3.11, [1827, 520, 710]
42, 7, 3.1, [1827, 741, 5117]
42, 8, 3.06, [905, 816, 751]
42, 9, 3.04, [902, 964, 841]
43, 0, 3.29, [902, 520, 5117]
43, 1, 3.27, [902, 520, 5117]
43, 2, 3.17, [3, 520, 5117]
43, 3, 3.15, [902, 520, 1028]
43, 4, 3.15, [1580, 520, 841]
43, 5, 3.13, [1827, 520, 710]
43, 6, 3.13, [1827, 785, 5117]
43, 7, 3.08, [902, 520, 1219]
43, 8, 3.02, [15, 1827, 2070]
43, 9, 3.02, [785, 741, 1225]
44, 0, 3.29, [902, 520, 5117]
44, 1, 3.27, [902, 520, 5117]
44, 2, 3.25, [902, 520, 905]
44, 3, 3.2, [1025, 520, 934]
44, 4, 3.18, [902, 520, 2846]
44, 5, 3.15, [1580, 487, 5117]
44, 6, 3.14, [2341, 520, 656]
44, 7, 3.13, [450, 520, 2340]
44, 8, 3.13, [1229, 476, 5117]
44, 9, 3.07, [902, 339, 5117]
45, 0, 3.29, [902, 520, 5117]
45, 1, 3.27, [902, 520, 5117]
45, 2, 3.14, [1025, 520, 1353]
45, 3, 3.12, [1580, 934, 5117]
45, 4, 3.12, [902, 1543, 5117]
45, 5, 3.09, [429, 841, 5117]
45, 6, 3.08, [902, 690, 934]
45, 7, 3.07, [902, 1414, 1029]
45, 8, 3.04, [834, 1219, 495]
45, 9, 3.04, [902, 1138, 1967]
46, 0, 3.29, [902, 520, 5117]
46, 1, 3.27, [1580, 520, 5117]
46, 2, 3.27, [902, 520, 5117]
46, 3, 3.18, [1580, 520, 5117]
46, 4, 3.14, [1603, 520, 816]
46, 5, 3.06, [731, 2436, 5117]
46, 6, 3.04, [841, 834, 635]
46, 7, 3.04, [656, 831, 1540]
46, 8, 3.02, [902, 2341, 1353]
46, 9, 3.02, [902, 339, 786]
47, 0, 3.29, [902, 520, 5117]
47, 1, 3.27, [1580, 520, 5117]
47, 2, 3.24, [1580, 520, 5117]
47, 3, 3.15, [1580, 1157, 5117]
47, 4, 3.13, [483, 1229, 5117]
47, 5, 3.13, [934, 873, 5117]
47, 6, 3.11, [1967, 495, 5117]
47, 7, 3.1, [970, 520, 711]
47, 8, 3.09, [656, 1555, 5117]
47, 9, 3.05, [1580, 2436, 5117]
48, 0, 3.29, [902, 520, 5117]
48, 1, 3.27, [1580, 520, 5117]
48, 2, 3.19, [1580, 520, 5117]
48, 3, 3.15, [1229, 520, 1567]
48, 4, 3.15, [1580, 520, 1567]
48, 5, 3.12, [1580, 2340, 5117]
48, 6, 3.1, [834, 520, 873]
48, 7, 3.07, [1378, 520, 2436]
48, 8, 3.06, [902, 3147, 15]
48, 9, 3.02, [1580, 873, 666]
49, 0, 3.29, [902, 520, 5117]
49, 1, 3.27, [1580, 520, 5117]
49, 2, 3.17, [1580, 780, 5117]
49, 3, 3.16, [751, 831, 5117]
49, 4, 3.15, [3639, 476, 5117]
49, 5, 3.13, [1580, 2846, 5117]
49, 6, 3.13, [1569, 905, 5117]
49, 7, 3.07, [1580, 690, 5117]
49, 8, 3.06, [247, 662, 1289]
49, 9, 3.03, [1580, 716, 834]
50, 0, 3.29, [902, 520, 5117]
50, 1, 3.27, [1580, 520, 5117]
50, 2, 3.24, [974, 520, 5117]
50, 3, 3.15, [1580, 520, 1381]
50, 4, 3.12, [1028, 780, 5117]
50, 5, 3.11, [1580, 964, 5117]
50, 6, 3.09, [902, 1378, 5117]
50, 7, 3.09, [902, 1378, 5117]
50, 8, 3.08, [1580, 809, 5117]
50, 9, 3.05, [1509, 336, 934]
