num_genrations,diversity,improvement,best_fitness
0,1.0,0,393.38999999999965
1,0.725,0.1294898192633266,444.32999999999964
2,0.7666666666666667,0.2009992573087559,533.6399999999991
3,0.22222222222222232,0.2720935462109286,678.8399999999988
4,0.11388888888888893,0.0,678.8399999999988
5,0.16388888888888897,0.0,678.8399999999988
6,0.21388888888888902,0.0,678.8399999999988
7,0.07777777777777783,0.0,678.8399999999988
8,0.04166666666666674,0.18587590595722242,805.0199999999994
9,0.10833333333333339,0.0,805.0199999999994
10,0.1333333333333333,0.0,805.0199999999994
