generation number, individual number, fitness, candidate
0, 0, 2.15, [656, 520]
0, 1, 2.03, [216, 656]
0, 2, 2.03, [905, 819]
0, 3, 2.03, [1419, 1414]
0, 4, 2.01, [1219, 98]
0, 5, 2.01, [1555, 716]
0, 6, 2.01, [1603, 785]
0, 7, 2.01, [905, 1219]
0, 8, 2.0, [609, 1225]
0, 9, 2.0, [905, 483]
1, 0, 2.15, [656, 520]
1, 1, 2.08, [786, 520]
1, 2, 2.06, [1289, 247]
1, 3, 2.05, [487, 656]
1, 4, 2.03, [816, 834]
1, 5, 2.03, [816, 1414]
1, 6, 2.03, [1138, 819]
1, 7, 2.03, [216, 656]
1, 8, 2.02, [1419, 970]
1, 9, 2.01, [675, 834]
2, 0, 2.15, [656, 520]
2, 1, 2.13, [666, 520]
2, 2, 2.1, [1289, 520]
2, 3, 2.08, [786, 520]
2, 4, 2.06, [247, 964]
2, 5, 2.04, [487, 1138]
2, 6, 2.02, [1141, 741]
2, 7, 2.02, [735, 656]
2, 8, 2.0, [1141, 98]
2, 9, 2.0, [741, 798]
3, 0, 2.15, [656, 520]
3, 1, 2.13, [666, 520]
3, 2, 2.1, [216, 520]
3, 3, 2.04, [711, 741]
3, 4, 2.03, [1509, 247]
3, 5, 2.03, [1540, 1225]
3, 6, 2.03, [1289, 476]
3, 7, 2.02, [656, 2490]
3, 8, 2.02, [662, 545]
3, 9, 2.02, [691, 1157]
4, 0, 2.16, [816, 520]
4, 1, 2.15, [656, 520]
4, 2, 2.13, [666, 520]
4, 3, 2.06, [216, 1543]
4, 4, 2.05, [1029, 1514]
4, 5, 2.03, [656, 1414]
4, 6, 2.03, [711, 990]
4, 7, 2.02, [816, 320]
4, 8, 2.01, [666, 336]
4, 9, 2.01, [873, 697]
5, 0, 2.17, [1569, 520]
5, 1, 2.16, [816, 520]
5, 2, 2.15, [656, 520]
5, 3, 2.06, [656, 841]
5, 4, 2.05, [429, 1347]
5, 5, 2.03, [816, 1353]
5, 6, 2.03, [694, 1430]
5, 7, 2.03, [831, 841]
5, 8, 2.01, [694, 1580]
5, 9, 2.0, [1141, 1229]
6, 0, 2.17, [1569, 520]
6, 1, 2.16, [816, 520]
6, 2, 2.14, [816, 520]
6, 3, 2.12, [1603, 520]
6, 4, 2.05, [694, 841]
6, 5, 2.04, [974, 1414]
6, 6, 2.04, [1967, 675]
6, 7, 2.04, [656, 1138]
6, 8, 2.03, [1138, 1543]
6, 9, 2.02, [656, 1138]
7, 0, 2.17, [694, 520]
7, 1, 2.17, [1569, 520]
7, 2, 2.16, [816, 520]
7, 3, 2.07, [694, 520]
7, 4, 2.05, [710, 1543]
7, 5, 2.02, [816, 1567]
7, 6, 2.02, [809, 609]
7, 7, 2.02, [922, 2667]
7, 8, 2.01, [656, 1514]
7, 9, 2.01, [850, 690]
8, 0, 2.17, [694, 520]
8, 1, 2.17, [1569, 520]
8, 2, 2.13, [819, 520]
8, 3, 2.04, [841, 1157]
8, 4, 2.03, [710, 495]
8, 5, 2.03, [694, 850]
8, 6, 2.03, [819, 1138]
8, 7, 2.02, [819, 1543]
8, 8, 2.0, [1569, 731]
8, 9, 2.0, [1569, 2436]
9, 0, 2.17, [694, 520]
9, 1, 2.17, [1569, 520]
9, 2, 2.06, [786, 716]
9, 3, 2.03, [1569, 694]
9, 4, 2.03, [694, 751]
9, 5, 2.02, [819, 785]
9, 6, 2.02, [809, 1569]
9, 7, 2.0, [1569, 3639]
9, 8, 2.0, [1225, 666]
9, 9, 2.0, [694, 609]
10, 0, 2.17, [694, 520]
10, 1, 2.17, [1569, 520]
10, 2, 2.13, [656, 520]
10, 3, 2.09, [819, 5117]
10, 4, 2.07, [786, 716]
10, 5, 2.06, [1967, 809]
10, 6, 2.04, [819, 716]
10, 7, 2.02, [216, 495]
10, 8, 2.01, [1569, 785]
10, 9, 2.01, [1569, 2340]
11, 0, 2.17, [694, 520]
11, 1, 2.17, [1569, 520]
11, 2, 2.15, [1509, 520]
11, 3, 2.13, [819, 520]
11, 4, 2.1, [1028, 520]
11, 5, 2.04, [1555, 786]
11, 6, 2.04, [1289, 780]
11, 7, 2.03, [1569, 964]
11, 8, 2.03, [656, 690]
11, 9, 2.02, [716, 1580]
12, 0, 2.17, [694, 520]
12, 1, 2.17, [1569, 520]
12, 2, 2.16, [873, 520]
12, 3, 2.14, [1045, 520]
12, 4, 2.03, [819, 964]
12, 5, 2.03, [1514, 731]
12, 6, 2.02, [816, 1347]
12, 7, 2.02, [439, 1225]
12, 8, 2.01, [1509, 785]
12, 9, 2.01, [1569, 1540]
13, 0, 2.17, [694, 520]
13, 1, 2.17, [1569, 520]
13, 2, 2.14, [2340, 520]
13, 3, 2.1, [1394, 520]
13, 4, 2.03, [439, 1048]
13, 5, 2.02, [694, 656]
13, 6, 2.02, [816, 1580]
13, 7, 2.02, [1219, 964]
13, 8, 2.0, [1028, 922]
13, 9, 2.0, [1045, 2436]
14, 0, 2.17, [694, 520]
14, 1, 2.17, [1569, 520]
14, 2, 2.13, [1229, 520]
14, 3, 2.07, [2846, 520]
14, 4, 2.07, [819, 520]
14, 5, 2.04, [841, 2340]
14, 6, 2.03, [439, 1967]
14, 7, 2.02, [1569, 834]
14, 8, 2.02, [2846, 1569]
14, 9, 2.01, [1157, 809]
15, 0, 2.17, [694, 520]
15, 1, 2.17, [1569, 520]
15, 2, 2.04, [2846, 1603]
15, 3, 2.03, [2846, 3147]
15, 4, 2.02, [834, 990]
15, 5, 2.02, [841, 741]
15, 6, 2.02, [1555, 691]
15, 7, 2.02, [694, 964]
15, 8, 2.02, [2340, 905]
15, 9, 2.02, [1569, 964]
16, 0, 2.17, [694, 520]
16, 1, 2.17, [1569, 520]
16, 2, 2.1, [710, 520]
16, 3, 2.09, [716, 520]
16, 4, 2.05, [2846, 716]
16, 5, 2.03, [819, 1603]
16, 6, 2.01, [2846, 2490]
16, 7, 2.01, [735, 247]
16, 8, 2.01, [819, 1569]
16, 9, 2.01, [831, 990]
17, 0, 2.17, [694, 520]
17, 1, 2.17, [1569, 520]
17, 2, 2.15, [819, 520]
17, 3, 2.15, [662, 520]
17, 4, 2.03, [1514, 656]
17, 5, 2.01, [3147, 78]
17, 6, 2.01, [1569, 476]
17, 7, 2.0, [1569, 691]
17, 8, 2.0, [873, 690]
17, 9, 2.0, [15, 439]
18, 0, 2.17, [694, 520]
18, 1, 2.17, [1569, 520]
18, 2, 2.15, [609, 520]
18, 3, 2.13, [1827, 520]
18, 4, 2.04, [694, 716]
18, 5, 2.02, [970, 786]
18, 6, 2.02, [1353, 964]
18, 7, 2.01, [1569, 2846]
18, 8, 2.01, [1430, 2846]
18, 9, 2.0, [483, 1353]
19, 0, 2.17, [694, 520]
19, 1, 2.17, [1569, 520]
19, 2, 2.11, [609, 520]
19, 3, 2.1, [1025, 520]
19, 4, 2.09, [5117, 587]
19, 5, 2.06, [819, 716]
19, 6, 2.03, [905, 786]
19, 7, 2.02, [1603, 1430]
19, 8, 2.02, [450, 1003]
19, 9, 2.02, [1569, 905]
20, 0, 2.17, [694, 520]
20, 1, 2.17, [1569, 520]
20, 2, 2.04, [710, 990]
20, 3, 2.03, [819, 841]
20, 4, 2.03, [1141, 934]
20, 5, 2.02, [1569, 964]
20, 6, 2.02, [905, 545]
20, 7, 2.02, [691, 1540]
20, 8, 2.01, [694, 1378]
20, 9, 2.01, [922, 691]
21, 0, 2.17, [694, 520]
21, 1, 2.17, [1569, 520]
21, 2, 2.11, [1509, 520]
21, 3, 2.05, [751, 247]
21, 4, 2.03, [964, 609]
21, 5, 2.03, [1141, 990]
21, 6, 2.02, [1569, 819]
21, 7, 2.01, [635, 1157]
21, 8, 2.0, [1569, 1003]
21, 9, 2.0, [819, 1603]
22, 0, 2.17, [694, 520]
22, 1, 2.17, [1569, 520]
22, 2, 2.16, [429, 520]
22, 3, 2.11, [336, 520]
22, 4, 2.04, [819, 786]
22, 5, 2.02, [1569, 1138]
22, 6, 2.01, [1394, 3]
22, 7, 2.01, [831, 809]
22, 8, 2.0, [1509, 1029]
22, 9, 2.0, [635, 656]
23, 0, 2.17, [694, 520]
23, 1, 2.17, [1569, 520]
23, 2, 2.07, [1029, 1543]
23, 3, 2.05, [1569, 741]
23, 4, 2.05, [429, 716]
23, 5, 2.04, [1430, 495]
23, 6, 2.03, [1569, 2032]
23, 7, 2.03, [780, 78]
23, 8, 2.02, [2070, 905]
23, 9, 2.01, [1569, 495]
24, 0, 2.17, [694, 520]
24, 1, 2.17, [1569, 520]
24, 2, 2.13, [1225, 520]
24, 3, 2.07, [731, 487]
24, 4, 2.05, [694, 1138]
24, 5, 2.01, [1138, 798]
24, 6, 2.01, [780, 339]
24, 7, 2.01, [1029, 1540]
24, 8, 2.01, [694, 1580]
24, 9, 2.0, [1569, 545]
25, 0, 2.17, [694, 520]
25, 1, 2.17, [1569, 520]
25, 2, 2.14, [841, 520]
25, 3, 2.04, [694, 1540]
25, 4, 2.04, [3, 1543]
25, 5, 2.01, [697, 98]
25, 6, 2.01, [1225, 970]
25, 7, 2.01, [1569, 873]
25, 8, 2.0, [2436, 1394]
25, 9, 2.0, [1048, 609]
26, 0, 2.17, [694, 520]
26, 1, 2.17, [1569, 520]
26, 2, 2.14, [520, 1289]
26, 3, 2.02, [694, 1580]
26, 4, 2.01, [1569, 902]
26, 5, 2.01, [1603, 1574]
26, 6, 2.01, [1219, 2032]
26, 7, 2.01, [735, 78]
26, 8, 2.0, [1048, 98]
26, 9, 2.0, [1569, 2340]
27, 0, 2.17, [694, 520]
27, 1, 2.17, [1569, 520]
27, 2, 2.15, [974, 520]
27, 3, 2.09, [662, 520]
27, 4, 2.07, [2340, 1430]
27, 5, 2.04, [1289, 1141]
27, 6, 2.03, [819, 1289]
27, 7, 2.02, [1543, 1229]
27, 8, 2.01, [15, 1514]
27, 9, 2.01, [1569, 1138]
28, 0, 2.17, [819, 520]
28, 1, 2.17, [694, 520]
28, 2, 2.17, [1569, 520]
28, 3, 2.16, [5117, 1603]
28, 4, 2.14, [1543, 520]
28, 5, 2.12, [819, 520]
28, 6, 2.03, [1219, 545]
28, 7, 2.02, [974, 905]
28, 8, 2.02, [841, 780]
28, 9, 2.01, [635, 2846]
29, 0, 2.17, [819, 520]
29, 1, 2.17, [694, 520]
29, 2, 2.11, [873, 520]
29, 3, 2.08, [5117, 964]
29, 4, 2.03, [716, 1378]
29, 5, 2.01, [819, 697]
29, 6, 2.01, [710, 1003]
29, 7, 2.01, [905, 1141]
29, 8, 2.01, [819, 2436]
29, 9, 2.0, [819, 1430]
30, 0, 2.17, [819, 520]
30, 1, 2.17, [694, 520]
30, 2, 2.14, [5117, 247]
30, 3, 2.05, [476, 716]
30, 4, 2.04, [819, 964]
30, 5, 2.02, [635, 450]
30, 6, 2.02, [320, 1025]
30, 7, 2.02, [666, 809]
30, 8, 2.02, [819, 1827]
30, 9, 2.01, [873, 1229]
31, 0, 2.2, [587, 520]
31, 1, 2.17, [819, 520]
31, 2, 2.17, [694, 520]
31, 3, 2.13, [5117, 1540]
31, 4, 2.12, [1569, 520]
31, 5, 2.1, [905, 520]
31, 6, 2.09, [98, 520]
31, 7, 2.04, [819, 785]
31, 8, 2.03, [873, 716]
31, 9, 2.02, [819, 216]
32, 0, 2.2, [587, 520]
32, 1, 2.17, [819, 520]
32, 2, 2.16, [450, 520]
32, 3, 2.12, [873, 520]
32, 4, 2.04, [1514, 2070]
32, 5, 2.02, [3639, 780]
32, 6, 2.02, [339, 439]
32, 7, 2.01, [819, 1540]
32, 8, 2.01, [697, 731]
32, 9, 2.0, [2341, 834]
33, 0, 2.2, [587, 520]
33, 1, 2.17, [819, 520]
33, 2, 2.1, [970, 520]
33, 3, 2.06, [819, 476]
33, 4, 2.04, [587, 495]
33, 5, 2.02, [1289, 1827]
33, 6, 2.01, [819, 1514]
33, 7, 2.01, [450, 710]
33, 8, 2.01, [2032, 1289]
33, 9, 2.0, [339, 710]
34, 0, 2.2, [587, 520]
34, 1, 2.17, [819, 520]
34, 2, 2.07, [336, 694]
34, 3, 2.06, [873, 336]
34, 4, 2.03, [587, 690]
34, 5, 2.03, [1219, 780]
34, 6, 2.01, [1029, 609]
34, 7, 2.01, [905, 816]
34, 8, 2.01, [970, 716]
34, 9, 2.01, [675, 1219]
35, 0, 2.2, [587, 520]
35, 1, 2.17, [819, 520]
35, 2, 2.13, [320, 520]
35, 3, 2.04, [336, 690]
35, 4, 2.03, [450, 694]
35, 5, 2.03, [780, 609]
35, 6, 2.02, [1827, 850]
35, 7, 2.01, [450, 694]
35, 8, 2.0, [1580, 545]
35, 9, 2.0, [587, 662]
36, 0, 2.2, [587, 520]
36, 1, 2.17, [819, 520]
36, 2, 2.15, [5117, 1141]
36, 3, 2.11, [873, 520]
36, 4, 2.09, [1025, 520]
36, 5, 2.04, [780, 710]
36, 6, 2.02, [78, 1378]
36, 7, 2.02, [1514, 922]
36, 8, 2.01, [785, 2436]
36, 9, 2.01, [587, 1003]
37, 0, 2.2, [587, 520]
37, 1, 2.17, [819, 520]
37, 2, 2.1, [2032, 520]
37, 3, 2.03, [1543, 1141]
37, 4, 2.03, [785, 1289]
37, 5, 2.02, [780, 1580]
37, 6, 2.02, [1225, 816]
37, 7, 2.01, [974, 970]
37, 8, 2.01, [450, 697]
37, 9, 2.01, [798, 850]
38, 0, 2.2, [587, 520]
38, 1, 2.17, [819, 520]
38, 2, 2.09, [873, 520]
38, 3, 2.09, [873, 520]
38, 4, 2.02, [934, 1574]
38, 5, 2.02, [819, 974]
38, 6, 2.01, [786, 216]
38, 7, 2.0, [339, 735]
38, 8, 2.0, [15, 691]
38, 9, 2.0, [710, 495]
39, 0, 2.2, [587, 520]
39, 1, 2.17, [819, 520]
39, 2, 2.16, [1514, 520]
39, 3, 2.16, [819, 520]
39, 4, 2.07, [1514, 520]
39, 5, 2.04, [1347, 922]
39, 6, 2.03, [1141, 1543]
39, 7, 2.02, [2436, 841]
39, 8, 2.01, [1289, 974]
39, 9, 2.0, [1141, 1045]
40, 0, 2.2, [587, 520]
40, 1, 2.17, [819, 520]
40, 2, 2.06, [635, 487]
40, 3, 2.06, [850, 716]
40, 4, 2.04, [2070, 1543]
40, 5, 2.03, [850, 819]
40, 6, 2.03, [587, 741]
40, 7, 2.03, [587, 809]
40, 8, 2.01, [1045, 964]
40, 9, 2.01, [1514, 731]
41, 0, 2.2, [587, 520]
41, 1, 2.17, [819, 520]
41, 2, 2.03, [635, 741]
41, 3, 2.03, [587, 1414]
41, 4, 2.02, [873, 3147]
41, 5, 2.01, [587, 850]
41, 6, 2.01, [450, 1225]
41, 7, 2.01, [1025, 487]
41, 8, 2.01, [587, 1138]
41, 9, 2.0, [694, 1048]
42, 0, 2.2, [587, 520]
42, 1, 2.17, [819, 520]
42, 2, 2.15, [819, 5117]
42, 3, 2.14, [450, 520]
42, 4, 2.03, [990, 666]
42, 5, 2.03, [934, 711]
42, 6, 2.02, [587, 716]
42, 7, 2.01, [587, 635]
42, 8, 2.0, [587, 1225]
42, 9, 2.0, [1580, 339]
43, 0, 2.2, [587, 520]
43, 1, 2.17, [819, 520]
43, 2, 2.05, [336, 841]
43, 3, 2.04, [819, 716]
43, 4, 2.02, [483, 336]
43, 5, 2.01, [78, 1509]
43, 6, 2.01, [873, 2846]
43, 7, 2.01, [587, 902]
43, 8, 2.01, [1381, 3639]
43, 9, 2.0, [1540, 2436]
44, 0, 2.2, [587, 520]
44, 1, 2.17, [819, 520]
44, 2, 2.09, [609, 520]
44, 3, 2.04, [1543, 711]
44, 4, 2.03, [902, 216]
44, 5, 2.02, [339, 336]
44, 6, 2.02, [336, 741]
44, 7, 2.02, [711, 990]
44, 8, 2.01, [819, 2436]
44, 9, 2.0, [710, 690]
45, 0, 2.2, [587, 520]
45, 1, 2.17, [819, 520]
45, 2, 2.11, [1827, 520]
45, 3, 2.1, [1025, 520]
45, 4, 2.03, [1419, 780]
45, 5, 2.02, [450, 1430]
45, 6, 2.02, [873, 1219]
45, 7, 2.02, [450, 710]
45, 8, 2.02, [1967, 816]
45, 9, 2.01, [694, 476]
46, 0, 2.2, [587, 520]
46, 1, 2.17, [819, 520]
46, 2, 2.14, [902, 520]
46, 3, 2.06, [587, 934]
46, 4, 2.03, [662, 850]
46, 5, 2.03, [819, 816]
46, 6, 2.02, [873, 1029]
46, 7, 2.01, [1419, 1289]
46, 8, 2.01, [450, 780]
46, 9, 2.0, [710, 1419]
47, 0, 2.2, [587, 520]
47, 1, 2.17, [819, 520]
47, 2, 2.14, [691, 520]
47, 3, 2.13, [873, 520]
47, 4, 2.03, [850, 2070]
47, 5, 2.02, [834, 716]
47, 6, 2.02, [587, 690]
47, 7, 2.02, [587, 662]
47, 8, 2.02, [1430, 2436]
47, 9, 2.01, [831, 1543]
48, 0, 2.2, [587, 520]
48, 1, 2.17, [819, 520]
48, 2, 2.11, [1567, 520]
48, 3, 2.11, [873, 520]
48, 4, 2.08, [450, 520]
48, 5, 2.04, [1347, 439]
48, 6, 2.04, [450, 710]
48, 7, 2.03, [964, 850]
48, 8, 2.02, [545, 1347]
48, 9, 2.01, [1967, 1603]
49, 0, 2.2, [587, 520]
49, 1, 2.17, [819, 520]
49, 2, 2.14, [691, 520]
49, 3, 2.13, [78, 520]
49, 4, 2.05, [2340, 487]
49, 5, 2.04, [974, 1219]
49, 6, 2.04, [587, 1540]
49, 7, 2.02, [439, 731]
49, 8, 2.02, [3639, 990]
49, 9, 2.01, [990, 1219]
50, 0, 2.2, [587, 520]
50, 1, 2.17, [819, 520]
50, 2, 2.12, [850, 5117]
50, 3, 2.1, [2070, 520]
50, 4, 2.03, [587, 964]
50, 5, 2.02, [339, 1414]
50, 6, 2.02, [587, 690]
50, 7, 2.01, [450, 2436]
50, 8, 2.01, [694, 635]
50, 9, 2.01, [429, 1289]
