generation number, individual number, fitness, candidate
0, 0, 23.72, [277, 295]
0, 1, 14.44, [302, 269]
0, 2, 12.93, [77, 193]
0, 3, 12.18, [193, 300]
0, 4, 12.1, [220, 300]
0, 5, 11.44, [300, 2597]
0, 6, 10.99, [103, 193]
0, 7, 10.73, [2597, 302]
0, 8, 9.6, [98, 302]
0, 9, 9.31, [302, 2711]
1, 0, 23.72, [277, 295]
1, 1, 19.99, [220, 295]
1, 2, 14.9, [277, 220]
1, 3, 14.44, [269, 193]
1, 4, 14.44, [302, 269]
1, 5, 12.92, [77, 615]
1, 6, 12.91, [277, 3135]
1, 7, 12.65, [303, 269]
1, 8, 11.73, [77, 2530]
1, 9, 9.42, [302, 2513]
2, 0, 23.72, [277, 295]
2, 1, 21.71, [279, 295]
2, 2, 21.17, [1811, 295]
2, 3, 19.99, [220, 295]
2, 4, 18.84, [209, 295]
2, 5, 14.69, [302, 269]
2, 6, 14.4, [279, 269]
2, 7, 14.2, [91, 269]
2, 8, 13.46, [209, 269]
2, 9, 12.42, [279, 103]
3, 0, 23.72, [277, 295]
3, 1, 21.71, [279, 295]
3, 2, 19.24, [295, 2595]
3, 3, 18.01, [260, 295]
3, 4, 15.06, [277, 77]
3, 5, 13.07, [279, 300]
3, 6, 11.34, [1811, 2595]
3, 7, 11.0, [279, 91]
3, 8, 10.64, [2597, 98]
3, 9, 10.58, [209, 300]
4, 0, 23.72, [277, 295]
4, 1, 21.71, [279, 295]
4, 2, 16.8, [269, 259]
4, 3, 13.54, [277, 2514]
4, 4, 11.63, [301, 269]
4, 5, 11.61, [277, 283]
4, 6, 10.89, [1811, 2513]
4, 7, 10.73, [98, 2512]
4, 8, 10.73, [103, 2512]
4, 9, 10.16, [2513, 2595]
5, 0, 23.72, [277, 295]
5, 1, 22.16, [279, 295]
5, 2, 21.81, [295, 259]
5, 3, 21.71, [279, 295]
5, 4, 19.43, [226, 295]
5, 5, 16.17, [2156, 295]
5, 6, 12.23, [300, 259]
5, 7, 11.36, [615, 259]
5, 8, 10.62, [103, 615]
5, 9, 9.4, [91, 250]
6, 0, 23.72, [277, 295]
6, 1, 22.16, [279, 295]
6, 2, 19.72, [295, 98]
6, 3, 18.46, [260, 295]
6, 4, 17.89, [303, 295]
6, 5, 12.45, [279, 2597]
6, 6, 10.15, [260, 259]
6, 7, 9.87, [250, 220]
6, 8, 9.48, [380, 250]
6, 9, 9.03, [1088, 2530]
7, 0, 23.72, [277, 295]
7, 1, 22.16, [279, 295]
7, 2, 15.02, [277, 2711]
7, 3, 12.43, [77, 220]
7, 4, 11.98, [259, 193]
7, 5, 11.92, [98, 259]
7, 6, 11.58, [277, 283]
7, 7, 11.47, [300, 98]
7, 8, 9.36, [256, 2512]
7, 9, 8.1, [259, 76]
8, 0, 23.72, [277, 295]
8, 1, 22.16, [279, 295]
8, 2, 21.66, [295, 259]
8, 3, 18.08, [303, 295]
8, 4, 17.95, [4849, 295]
8, 5, 16.31, [264, 295]
8, 6, 12.69, [277, 2530]
8, 7, 11.31, [2513, 103]
8, 8, 11.09, [2513, 2597]
8, 9, 10.01, [98, 250]
9, 0, 23.72, [277, 295]
9, 1, 22.16, [279, 295]
9, 2, 20.14, [220, 295]
9, 3, 15.47, [277, 98]
9, 4, 12.46, [1811, 259]
9, 5, 11.51, [259, 2513]
9, 6, 11.37, [277, 283]
9, 7, 9.6, [615, 2513]
9, 8, 9.28, [259, 876]
9, 9, 9.22, [2597, 260]
10, 0, 23.72, [277, 295]
10, 1, 22.16, [279, 295]
10, 2, 21.44, [77, 295]
10, 3, 16.16, [2514, 295]
10, 4, 15.22, [277, 226]
10, 5, 14.73, [98, 269]
10, 6, 11.61, [98, 300]
10, 7, 11.54, [1088, 300]
10, 8, 11.04, [2595, 2512]
10, 9, 10.9, [300, 91]
11, 0, 23.72, [277, 295]
11, 1, 22.16, [279, 295]
11, 2, 17.18, [2764, 295]
11, 3, 15.71, [244, 295]
11, 4, 12.02, [277, 876]
11, 5, 10.92, [277, 283]
11, 6, 10.29, [98, 2512]
11, 7, 10.29, [2595, 2711]
11, 8, 9.3, [2711, 91]
11, 9, 8.26, [2764, 615]
12, 0, 23.72, [277, 295]
12, 1, 22.16, [279, 295]
12, 2, 20.89, [295, 300]
12, 3, 19.5, [91, 295]
12, 4, 13.46, [277, 260]
12, 5, 12.36, [3135, 277]
12, 6, 11.84, [277, 876]
12, 7, 10.74, [302, 2597]
12, 8, 9.4, [103, 876]
12, 9, 9.16, [260, 2597]
13, 0, 23.72, [277, 295]
13, 1, 22.16, [279, 295]
13, 2, 18.82, [2512, 295]
13, 3, 15.6, [295, 250]
13, 4, 12.41, [283, 277]
13, 5, 12.31, [279, 2512]
13, 6, 10.74, [277, 240]
13, 7, 10.72, [300, 2530]
13, 8, 7.96, [250, 280]
13, 9, 7.85, [2065, 302]
14, 0, 23.72, [277, 295]
14, 1, 22.16, [279, 295]
14, 2, 20.45, [300, 295]
14, 3, 13.87, [269, 209]
14, 4, 13.16, [2512, 77]
14, 5, 13.02, [98, 77]
14, 6, 12.07, [2512, 279]
14, 7, 9.56, [259, 302]
14, 8, 8.85, [2512, 2514]
14, 9, 8.62, [2512, 280]
15, 0, 23.72, [277, 295]
15, 1, 22.16, [279, 295]
15, 2, 16.18, [273, 295]
15, 3, 15.04, [2595, 277]
15, 4, 11.95, [279, 2513]
15, 5, 11.89, [279, 159]
15, 6, 11.8, [279, 250]
15, 7, 10.86, [300, 615]
15, 8, 9.12, [2597, 81]
15, 9, 7.77, [279, 76]
16, 0, 23.72, [277, 295]
16, 1, 22.16, [279, 295]
16, 2, 20.42, [295, 1811]
16, 3, 20.4, [295, 2711]
16, 4, 19.42, [2597, 295]
16, 5, 17.2, [277, 279]
16, 6, 16.36, [2513, 295]
16, 7, 13.57, [2597, 277]
16, 8, 11.86, [279, 98]
16, 9, 10.45, [279, 2764]
17, 0, 23.72, [277, 295]
17, 1, 22.16, [279, 295]
17, 2, 21.7, [259, 295]
17, 3, 15.95, [1811, 277]
17, 4, 13.25, [277, 2514]
17, 5, 12.36, [300, 220]
17, 6, 11.05, [77, 159]
17, 7, 10.6, [1811, 98]
17, 8, 9.61, [91, 2513]
17, 9, 7.74, [2595, 615]
18, 0, 23.72, [277, 295]
18, 1, 22.16, [279, 295]
18, 2, 21.78, [77, 295]
18, 3, 20.21, [2711, 295]
18, 4, 20.06, [220, 295]
18, 5, 18.15, [2764, 295]
18, 6, 11.47, [244, 277]
18, 7, 11.4, [1811, 98]
18, 8, 10.09, [256, 279]
18, 9, 9.76, [2512, 209]
19, 0, 23.72, [277, 295]
19, 1, 22.16, [279, 295]
19, 2, 17.04, [274, 295]
19, 3, 13.36, [77, 1811]
19, 4, 11.78, [209, 77]
19, 5, 11.01, [250, 1811]
19, 6, 10.04, [91, 2597]
19, 7, 9.6, [2512, 380]
19, 8, 9.5, [193, 615]
19, 9, 8.83, [98, 159]
20, 0, 23.72, [277, 295]
20, 1, 22.16, [279, 295]
20, 2, 20.02, [220, 295]
20, 3, 18.54, [2512, 295]
20, 4, 17.35, [274, 295]
20, 5, 15.9, [275, 295]
20, 6, 14.59, [277, 250]
20, 7, 13.36, [2512, 77]
20, 8, 12.74, [302, 277]
20, 9, 11.7, [279, 2711]
21, 0, 23.72, [277, 295]
21, 1, 22.16, [279, 295]
21, 2, 20.75, [300, 295]
21, 3, 20.54, [300, 295]
21, 4, 19.05, [269, 277]
21, 5, 18.06, [260, 295]
21, 6, 13.19, [226, 277]
21, 7, 13.03, [277, 2514]
21, 8, 12.24, [2512, 259]
21, 9, 11.14, [220, 300]
22, 0, 23.72, [277, 295]
22, 1, 22.16, [279, 295]
22, 2, 18.98, [2512, 295]
22, 3, 18.96, [2065, 295]
22, 4, 18.77, [2065, 295]
22, 5, 15.02, [2512, 277]
22, 6, 13.88, [277, 2595]
22, 7, 13.69, [103, 269]
22, 8, 10.39, [259, 2514]
22, 9, 9.54, [279, 285]
23, 0, 23.72, [277, 295]
23, 1, 22.16, [279, 295]
23, 2, 20.61, [300, 295]
23, 3, 20.31, [2595, 295]
23, 4, 19.91, [91, 295]
23, 5, 14.31, [77, 300]
23, 6, 12.41, [615, 77]
23, 7, 12.32, [277, 302]
23, 8, 10.64, [256, 300]
23, 9, 10.07, [98, 250]
24, 0, 23.72, [277, 295]
24, 1, 22.16, [279, 295]
24, 2, 18.97, [2599, 295]
24, 3, 13.81, [279, 300]
24, 4, 13.3, [277, 2514]
24, 5, 11.06, [279, 2514]
24, 6, 10.58, [2595, 250]
24, 7, 10.51, [98, 2513]
24, 8, 10.04, [1088, 2513]
24, 9, 10.0, [193, 2711]
25, 0, 23.72, [277, 295]
25, 1, 22.16, [279, 295]
25, 2, 20.22, [295, 98]
25, 3, 19.72, [380, 295]
25, 4, 16.4, [244, 295]
25, 5, 14.08, [2515, 277]
25, 6, 12.62, [77, 98]
25, 7, 11.95, [279, 2513]
25, 8, 9.55, [1811, 2530]
25, 9, 8.79, [98, 2514]
26, 0, 23.72, [277, 295]
26, 1, 22.16, [279, 295]
26, 2, 21.01, [295, 77]
26, 3, 19.48, [154, 295]
26, 4, 17.23, [2513, 295]
26, 5, 16.52, [277, 259]
26, 6, 15.13, [277, 2595]
26, 7, 11.5, [2512, 2595]
26, 8, 10.81, [103, 615]
26, 9, 9.06, [250, 81]
27, 0, 23.72, [277, 295]
27, 1, 22.16, [279, 295]
27, 2, 20.3, [2597, 295]
27, 3, 17.15, [622, 295]
27, 4, 16.39, [300, 269]
27, 5, 15.59, [269, 193]
27, 6, 11.39, [279, 2513]
27, 7, 11.2, [98, 103]
27, 8, 10.18, [2065, 279]
27, 9, 9.66, [615, 2711]
28, 0, 23.72, [277, 295]
28, 1, 22.16, [279, 295]
28, 2, 20.98, [295, 2595]
28, 3, 19.48, [209, 295]
28, 4, 17.38, [269, 259]
28, 5, 15.69, [264, 295]
28, 6, 12.39, [303, 269]
28, 7, 11.09, [277, 316]
28, 8, 8.21, [260, 2711]
28, 9, 7.74, [2515, 159]
29, 0, 23.72, [277, 295]
29, 1, 22.16, [279, 295]
29, 2, 16.34, [277, 2513]
29, 3, 13.75, [277, 81]
29, 4, 13.39, [277, 2599]
29, 5, 12.35, [279, 2597]
29, 6, 11.26, [2532, 269]
29, 7, 11.16, [279, 91]
29, 8, 10.38, [260, 259]
29, 9, 9.02, [98, 81]
30, 0, 23.72, [277, 295]
30, 1, 22.16, [279, 295]
30, 2, 20.95, [77, 295]
30, 3, 14.4, [277, 250]
30, 4, 10.93, [300, 91]
30, 5, 9.85, [302, 2711]
30, 6, 8.87, [615, 91]
30, 7, 8.76, [2065, 2513]
30, 8, 8.04, [303, 259]
30, 9, 7.62, [303, 1088]
31, 0, 23.72, [277, 295]
31, 1, 22.16, [279, 295]
31, 2, 19.94, [220, 295]
31, 3, 18.1, [265, 295]
31, 4, 17.24, [265, 295]
31, 5, 16.38, [269, 300]
31, 6, 15.72, [2512, 269]
31, 7, 13.61, [269, 615]
31, 8, 10.24, [2597, 2513]
31, 9, 10.09, [277, 2156]
32, 0, 23.72, [277, 295]
32, 1, 22.16, [279, 295]
32, 2, 21.7, [77, 295]
32, 3, 15.76, [277, 2512]
32, 4, 15.19, [220, 269]
32, 5, 14.77, [277, 77]
32, 6, 12.29, [103, 259]
32, 7, 9.07, [259, 622]
32, 8, 8.84, [609, 1811]
32, 9, 8.28, [220, 2514]
33, 0, 23.72, [277, 295]
33, 1, 22.16, [279, 295]
33, 2, 21.3, [77, 295]
33, 3, 19.21, [295, 302]
33, 4, 18.21, [303, 295]
33, 5, 13.4, [259, 279]
33, 6, 12.43, [269, 260]
33, 7, 12.08, [2512, 279]
33, 8, 10.36, [279, 2515]
33, 9, 9.0, [209, 98]
34, 0, 23.72, [277, 295]
34, 1, 22.16, [279, 295]
34, 2, 15.93, [615, 277]
34, 3, 11.71, [279, 2711]
34, 4, 11.64, [279, 220]
34, 5, 10.65, [279, 2764]
34, 6, 9.18, [274, 2512]
34, 7, 9.04, [77, 876]
34, 8, 7.99, [2514, 159]
34, 9, 7.52, [302, 81]
35, 0, 23.72, [277, 295]
35, 1, 22.16, [279, 295]
35, 2, 20.38, [2595, 295]
35, 3, 12.66, [277, 3135]
35, 4, 12.1, [277, 2527]
35, 5, 11.78, [279, 2595]
35, 6, 10.43, [103, 159]
35, 7, 9.2, [302, 226]
35, 8, 8.65, [615, 302]
35, 9, 7.71, [2597, 876]
36, 0, 23.72, [277, 295]
36, 1, 22.16, [279, 295]
36, 2, 20.24, [2595, 295]
36, 3, 18.17, [303, 295]
36, 4, 13.95, [269, 91]
36, 5, 12.3, [300, 2597]
36, 6, 10.75, [279, 81]
36, 7, 9.86, [615, 98]
36, 8, 9.85, [2711, 302]
36, 9, 9.52, [615, 220]
37, 0, 23.72, [277, 295]
37, 1, 22.16, [279, 295]
37, 2, 19.8, [295, 2711]
37, 3, 18.74, [2599, 295]
37, 4, 18.55, [303, 295]
37, 5, 12.4, [269, 876]
37, 6, 11.42, [77, 81]
37, 7, 10.56, [259, 2065]
37, 8, 10.04, [159, 250]
37, 9, 8.0, [1088, 285]
38, 0, 23.72, [277, 295]
38, 1, 22.16, [279, 295]
38, 2, 19.65, [380, 295]
38, 3, 19.65, [380, 295]
38, 4, 17.32, [295, 3135]
38, 5, 13.72, [277, 622]
38, 6, 11.32, [2513, 2597]
38, 7, 11.28, [277, 2156]
38, 8, 9.11, [2512, 2514]
38, 9, 8.21, [1811, 301]
39, 0, 23.72, [277, 295]
39, 1, 22.16, [279, 295]
39, 2, 16.18, [2513, 269]
39, 3, 15.48, [277, 2513]
39, 4, 12.38, [277, 876]
39, 5, 11.67, [269, 622]
39, 6, 11.18, [277, 288]
39, 7, 10.5, [98, 2595]
39, 8, 9.94, [380, 2512]
39, 9, 8.97, [2513, 250]
40, 0, 23.72, [277, 295]
40, 1, 22.16, [279, 295]
40, 2, 21.94, [279, 295]
40, 3, 20.39, [300, 295]
40, 4, 18.13, [77, 269]
40, 5, 14.47, [277, 250]
40, 6, 14.23, [277, 615]
40, 7, 13.91, [300, 277]
40, 8, 11.31, [288, 277]
40, 9, 7.98, [260, 2513]
41, 0, 23.72, [277, 295]
41, 1, 22.16, [279, 295]
41, 2, 21.38, [77, 295]
41, 3, 20.21, [295, 2595]
41, 4, 14.42, [279, 269]
41, 5, 13.79, [259, 279]
41, 6, 11.77, [2595, 77]
41, 7, 11.71, [77, 159]
41, 8, 11.31, [1811, 159]
41, 9, 10.0, [2711, 98]
42, 0, 23.72, [277, 295]
42, 1, 22.16, [279, 295]
42, 2, 11.73, [279, 98]
42, 3, 10.8, [220, 2597]
42, 4, 10.59, [260, 103]
42, 5, 9.79, [615, 250]
42, 6, 9.27, [220, 91]
42, 7, 9.04, [159, 2513]
42, 8, 8.58, [303, 300]
42, 9, 8.52, [98, 2514]
43, 0, 23.72, [277, 295]
43, 1, 22.16, [279, 295]
43, 2, 20.13, [380, 295]
43, 3, 15.6, [277, 98]
43, 4, 14.43, [277, 91]
43, 5, 10.18, [220, 2512]
43, 6, 8.53, [615, 274]
43, 7, 8.2, [250, 283]
43, 8, 7.43, [279, 316]
43, 9, 7.24, [103, 301]
44, 0, 23.72, [277, 295]
44, 1, 22.16, [279, 295]
44, 2, 15.63, [98, 269]
44, 3, 14.33, [277, 2595]
44, 4, 12.24, [259, 2597]
44, 5, 11.82, [279, 250]
44, 6, 11.05, [2513, 279]
44, 7, 10.61, [209, 300]
44, 8, 10.08, [264, 279]
44, 9, 8.96, [279, 876]
45, 0, 23.72, [277, 295]
45, 1, 22.16, [279, 295]
45, 2, 20.18, [2711, 295]
45, 3, 19.5, [91, 295]
45, 4, 13.15, [380, 269]
45, 5, 12.2, [259, 2597]
45, 6, 11.52, [279, 220]
45, 7, 10.69, [2597, 2513]
45, 8, 9.57, [279, 285]
45, 9, 9.0, [209, 98]
46, 0, 23.72, [277, 295]
46, 1, 22.16, [279, 295]
46, 2, 19.42, [380, 295]
46, 3, 18.79, [2065, 295]
46, 4, 14.46, [2595, 277]
46, 5, 12.19, [277, 2530]
46, 6, 10.69, [302, 1811]
46, 7, 10.46, [2712, 77]
46, 8, 10.03, [2513, 98]
46, 9, 8.15, [193, 2514]
47, 0, 23.72, [277, 295]
47, 1, 22.16, [279, 295]
47, 2, 19.95, [2711, 295]
47, 3, 16.46, [273, 295]
47, 4, 16.03, [2527, 295]
47, 5, 11.43, [300, 159]
47, 6, 11.26, [277, 240]
47, 7, 11.1, [300, 2514]
47, 8, 8.83, [256, 2597]
47, 9, 8.81, [2595, 2065]
48, 0, 23.72, [277, 295]
48, 1, 22.16, [279, 295]
48, 2, 18.05, [2065, 295]
48, 3, 15.96, [244, 295]
48, 4, 15.83, [2512, 277]
48, 5, 14.54, [277, 380]
48, 6, 13.35, [277, 2514]
48, 7, 8.9, [159, 302]
48, 8, 7.83, [2712, 1088]
48, 9, 7.39, [537, 98]
49, 0, 23.72, [277, 295]
49, 1, 22.16, [279, 295]
49, 2, 20.27, [220, 295]
49, 3, 19.14, [209, 295]
49, 4, 17.37, [279, 277]
49, 5, 12.65, [279, 300]
49, 6, 11.93, [277, 159]
49, 7, 10.24, [380, 2512]
49, 8, 10.06, [1811, 81]
49, 9, 8.97, [250, 209]
50, 0, 23.72, [277, 295]
50, 1, 22.16, [279, 295]
50, 2, 20.89, [295, 2595]
50, 3, 19.0, [209, 295]
50, 4, 14.27, [300, 77]
50, 5, 11.84, [220, 279]
50, 6, 10.55, [220, 2597]
50, 7, 10.05, [1088, 250]
50, 8, 8.55, [91, 2513]
50, 9, 6.78, [2527, 302]
