generation number, individual number, fitness, candidate
0, 0, 2.1, [285, 14198]
0, 1, 2.07, [96648, 66167]
0, 2, 2.06, [89, 11925]
0, 3, 2.03, [124712, 94017]
0, 4, 2.02, [85838, 56237]
0, 5, 2.01, [150655, 96147]
0, 6, 2.01, [40787, 85838]
0, 7, 2.0, [1063, 14223]
0, 8, 2.0, [77088, 85838]
0, 9, 2.0, [70196, 148118]
1, 0, 2.14, [282, 66167]
1, 1, 2.14, [90, 56240]
1, 2, 2.1, [285, 56240]
1, 3, 2.1, [285, 14198]
1, 4, 2.09, [285, 56240]
1, 5, 2.07, [96648, 14197]
1, 6, 2.07, [96648, 62858]
1, 7, 2.07, [96648, 66167]
1, 8, 2.06, [66079, 279]
1, 9, 2.05, [96648, 13042]
2, 0, 2.15, [90, 14199]
2, 1, 2.14, [282, 66167]
2, 2, 2.14, [90, 56240]
2, 3, 2.12, [90, 56240]
2, 4, 2.11, [90, 66167]
2, 5, 2.1, [56241, 11387]
2, 6, 2.1, [286, 66167]
2, 7, 2.09, [283, 56240]
2, 8, 2.08, [282, 56237]
2, 9, 2.05, [13042, 93408]
2, 10, 2.05, [282, 56239]
3, 0, 2.18, [14199, 282]
3, 1, 2.15, [90, 14199]
3, 2, 2.14, [282, 66167]
3, 3, 2.1, [66171, 62858]
3, 4, 2.1, [285, 286]
3, 5, 2.09, [90, 14198]
3, 6, 2.09, [221360, 56239]
3, 7, 2.08, [1060, 113477]
3, 8, 2.04, [90, 66170]
3, 9, 2.04, [77088, 121382]
3, 10, 2.04, [46, 42918]
4, 0, 2.18, [14199, 282]
4, 1, 2.15, [282, 13042]
4, 2, 2.15, [90, 14199]
4, 3, 2.14, [56240, 285]
4, 4, 2.13, [286, 66167]
4, 5, 2.1, [284, 66169]
4, 6, 2.09, [282, 14201]
4, 7, 2.08, [282, 13042]
4, 8, 2.08, [284, 66167]
4, 9, 2.06, [14199, 821]
4, 10, 2.06, [126458, 13042]
5, 0, 2.18, [14199, 282]
5, 1, 2.15, [282, 13042]
5, 2, 2.13, [56240, 283]
5, 3, 2.13, [14198, 285]
5, 4, 2.11, [821, 90]
5, 5, 2.09, [70365, 89]
5, 6, 2.07, [14197, 13042]
5, 7, 2.07, [94016, 121382]
5, 8, 2.06, [90, 40786]
5, 9, 2.05, [127088, 76776]
5, 10, 2.04, [113478, 94016]
6, 0, 2.18, [14199, 282]
6, 1, 2.15, [282, 13042]
6, 2, 2.1, [13042, 282]
6, 3, 2.09, [14198, 13042]
6, 4, 2.09, [56240, 14197]
6, 5, 2.09, [14199, 1062]
6, 6, 2.08, [46, 283]
6, 7, 2.08, [11387, 56241]
6, 8, 2.07, [56240, 14199]
6, 9, 2.06, [823, 283]
6, 10, 2.06, [282, 90]
7, 0, 2.18, [14199, 282]
7, 1, 2.15, [282, 13042]
7, 2, 2.11, [14199, 46]
7, 3, 2.1, [46, 1062]
7, 4, 2.1, [98065, 282]
7, 5, 2.09, [14200, 282]
7, 6, 2.08, [80449, 13042]
7, 7, 2.07, [56239, 282]
7, 8, 2.07, [94015, 88]
7, 9, 2.06, [91978, 14198]
7, 10, 2.06, [14200, 93408]
7, 11, 2.06, [6376, 66076]
8, 0, 2.18, [14199, 282]
8, 1, 2.15, [14201, 13042]
8, 2, 2.15, [282, 13042]
8, 3, 2.1, [80449, 283]
8, 4, 2.08, [14198, 13042]
8, 5, 2.08, [14199, 14200]
8, 6, 2.08, [14199, 14197]
8, 7, 2.07, [282, 89]
8, 8, 2.07, [14197, 13042]
8, 9, 2.05, [56241, 98063]
8, 10, 2.03, [1060, 46]
8, 11, 2.02, [56237, 73932]
8, 12, 2.02, [100807, 144434]
9, 0, 2.18, [14199, 282]
9, 1, 2.15, [14201, 46]
9, 2, 2.15, [14201, 13042]
9, 3, 2.14, [14201, 284]
9, 4, 2.1, [80449, 284]
9, 5, 2.09, [80449, 283]
9, 6, 2.09, [14199, 14201]
9, 7, 2.08, [14199, 14198]
9, 8, 2.08, [282, 80450]
9, 9, 2.06, [14199, 14198]
9, 10, 2.06, [14200, 66171]
9, 11, 2.04, [14201, 90]
9, 12, 2.04, [42918, 13042]
9, 13, 2.04, [14198, 283]
10, 0, 2.18, [14199, 282]
10, 1, 2.15, [13042, 283]
10, 2, 2.15, [14201, 46]
10, 3, 2.13, [13042, 284]
10, 4, 2.1, [14201, 283]
10, 5, 2.09, [1061, 87]
10, 6, 2.09, [14199, 14198]
10, 7, 2.08, [80449, 46]
10, 8, 2.06, [80450, 46]
10, 9, 2.06, [281, 13042]
10, 10, 2.04, [13042, 282]
10, 11, 2.04, [93407, 148118]
10, 12, 2.03, [80449, 14197]
10, 13, 2.03, [94015, 96648]
10, 14, 2.02, [127089, 14200]
