n_nodes,influence,n0,n1,n2,n3,n4,n5,n6,n7,n8,n9,n10,n11,n12,n13,n14,n15,n16,n17,n18,n19
20,75.9000,219140,245381,11791,59283,54039,120345,165822,225200,80949,133045,1852,139341,103504,738,207844,236393,169844,223220,234101,98041
20,75.9000,219140,245381,11791,59283,54039,120345,165822,225200,80949,133045,1852,139341,103504,738,207844,236393,169844,223220,234101,98041
20,75.9000,219140,245381,11791,59283,54039,120345,165822,225200,80949,133045,1852,139341,103504,738,207844,236393,169844,223220,234101,98041
20,75.9000,219140,245381,11791,59283,54039,120345,165822,225200,80949,133045,1852,139341,103504,738,207844,236393,169844,223220,234101,98041
20,75.9000,219140,245381,11791,59283,54039,120345,165822,225200,80949,133045,1852,139341,103504,738,207844,236393,169844,223220,234101,98041
20,75.9000,219140,245381,11791,59283,54039,120345,165822,225200,80949,133045,1852,139341,103504,738,207844,236393,169844,223220,234101,98041
20,75.2900,219140,245381,120345,11791,59283,54039,45359,225200,80949,133045,1852,139341,103504,738,207844,236393,169844,223220,234101,98041
20,75.2900,219140,245381,120345,11791,59283,54039,45359,225200,80949,133045,1852,139341,103504,738,207844,236393,169844,223220,234101,98041
20,75.2900,219140,245381,120345,11791,59283,54039,45359,225200,80949,133045,1852,139341,103504,738,207844,236393,169844,223220,234101,98041
20,75.2900,219140,245381,120345,11791,59283,54039,45359,225200,80949,133045,1852,139341,103504,738,207844,236393,169844,223220,234101,98041
20,75.2900,219140,245381,120345,11791,59283,54039,45359,225200,80949,133045,1852,139341,103504,738,207844,236393,169844,223220,234101,98041
20,75.2900,219140,245381,120345,11791,59283,54039,45359,225200,80949,133045,1852,139341,103504,738,207844,236393,169844,223220,234101,98041
20,75.0600,45359,11791,139341,54039,80949,59283,133045,225200,98041,738,207844,125195,1852,169844,236393,245381,223220,219140,103504,234101
20,75.0600,45359,11791,139341,54039,80949,59283,133045,225200,98041,738,207844,125195,1852,169844,236393,245381,223220,219140,103504,234101
20,75.0600,45359,11791,139341,54039,80949,59283,133045,225200,98041,738,207844,125195,1852,169844,236393,245381,223220,219140,103504,234101
20,74.8400,45359,11791,139341,54039,80949,59283,133045,225200,98041,738,207844,125195,1852,47804,236393,245381,223220,219140,103504,234101
20,74.7500,219140,245381,45463,11791,59283,54039,45359,225200,80949,133045,1852,139341,103504,738,207844,236393,169844,223220,234101,98041
20,74.7100,219140,245381,11791,244049,54039,120345,45359,225200,80949,133045,1852,139341,103504,738,207844,236393,169844,223220,234101,98041
20,74.7100,219140,245381,11791,244049,54039,120345,45359,225200,80949,133045,1852,139341,103504,738,207844,236393,169844,223220,234101,98041
20,74.7000,45359,11791,139341,54039,80949,59283,133045,225200,98041,738,207844,125195,1852,47804,236393,245381,223220,219140,103504,234101
20,74.6600,45359,11791,139341,54039,80949,59283,133045,225200,98041,738,207844,125195,1852,169844,236393,245381,223220,219140,103504,234101
20,74.6400,45359,11791,139341,54039,80949,59283,133045,225200,98041,738,207844,125195,1852,169844,236393,245381,223220,219140,103504,234101
20,74.6400,45359,11791,139341,54039,80949,59283,133045,225200,98041,738,207844,125195,1852,169844,236393,245381,223220,219140,103504,234101
20,74.6300,219140,245381,11791,113158,54039,120345,45359,225200,80949,133045,1852,139341,103504,738,207844,236393,169844,223220,234101,98041
20,74.5100,45359,11791,139341,54039,80949,59283,133045,225200,98041,738,207844,125195,1852,47804,236393,245381,223220,219140,103504,234101
20,74.5100,45359,11791,139341,54039,80949,59283,133045,225200,98041,738,207844,125195,1852,47804,236393,245381,223220,219140,103504,234101
20,74.5100,45359,11791,139341,54039,80949,59283,133045,225200,98041,738,207844,125195,1852,47804,236393,245381,223220,219140,103504,234101
20,74.5100,45359,11791,139341,54039,80949,59283,133045,225200,98041,738,207844,125195,1852,47804,236393,245381,223220,219140,103504,234101
20,74.5100,45359,11791,139341,54039,80949,59283,133045,225200,98041,738,207844,125195,1852,47804,236393,245381,223220,219140,103504,234101
20,74.5100,45359,11791,139341,54039,80949,59283,133045,225200,98041,738,207844,125195,1852,47804,236393,245381,223220,219140,103504,234101
20,74.5100,45359,11791,139341,54039,80949,59283,133045,225200,98041,738,207844,125195,1852,47804,236393,245381,223220,219140,103504,234101
20,74.5100,45359,11791,139341,54039,80949,59283,133045,225200,98041,738,207844,125195,1852,47804,236393,245381,223220,219140,103504,234101
