n_nodes,influence,n0,n1,n2,n3,n4,n5,n6,n7,n8,n9,n10,n11,n12,n13,n14
15,1266.8000,2565,1549,766,11,1166,457,2688,1374,1151,5524,3352,2485,2328,4037,3456
15,1266.8000,2565,1549,766,11,1166,457,2688,1374,1151,5524,3352,2485,2328,4037,3456
15,1266.8000,2565,1549,766,11,1166,457,2688,1374,1151,5524,3352,2485,2328,4037,3456
15,1266.3300,2688,1374,2328,3456,2565,12,457,11,1549,1166,5524,2485,3352,766,1151
15,1265.7300,2565,1549,766,11,1166,457,2688,1374,1151,5524,3352,2485,2328,4037,3456
15,1265.7300,2565,1549,766,11,1166,457,2688,1374,1151,5524,3352,2485,2328,4037,3456
15,1265.7300,2565,1549,766,11,1166,457,2688,1374,1151,5524,3352,2485,2328,4037,3456
15,1265.1000,2565,1549,766,11,1166,457,2688,1374,1151,5524,3352,2485,2328,4037,3456
15,1265.1000,2565,1549,766,11,1166,457,2688,1374,1151,5524,3352,2485,2328,4037,3456
15,1264.6200,2565,1549,766,11,1166,457,2688,1374,1151,5524,3352,2485,2328,4037,3456
15,1264.6200,2565,1549,766,11,1166,457,2688,1374,1151,5524,3352,2485,2328,4037,3456
15,1264.6200,2565,1549,766,11,1166,457,2688,1374,1151,5524,3352,2485,2328,4037,3456
15,1264.4300,2565,1549,766,11,1166,457,2688,1374,1151,5524,3352,2485,2328,4037,3456
15,1264.4300,2565,1549,766,11,1166,457,2688,1374,1151,5524,3352,2485,2328,4037,3456
15,1264.4300,2565,1549,766,11,1166,457,2688,1374,1151,5524,3352,2485,2328,4037,3456
15,1264.4300,2565,1549,766,11,1166,457,2688,1374,1151,5524,3352,2485,2328,4037,3456
15,1264.4300,2565,1549,766,11,1166,457,2688,1374,1151,5524,3352,2485,2328,4037,3456
15,1264.4300,2565,1549,766,11,1166,457,2688,1374,1151,5524,3352,2485,2328,4037,3456
15,1264.4300,2565,1549,766,11,1166,457,2688,1374,1151,5524,3352,2485,2328,4037,3456
15,1264.4300,2565,1549,766,11,1166,457,2688,1374,1151,5524,3352,2485,2328,4037,3456
15,1264.4300,2565,1549,766,11,1166,457,2688,1374,1151,5524,3352,2485,2328,4037,3456
15,1264.4300,2565,1549,766,11,1166,457,2688,1374,1151,5524,3352,2485,2328,4037,3456
15,1264.4300,2565,1549,766,11,1166,457,2688,1374,1151,5524,3352,2485,2328,4037,3456
15,1264.4300,2565,1549,766,11,1166,457,2688,1374,1151,5524,3352,2485,2328,4037,3456
15,1264.4300,2565,1549,766,11,1166,457,2688,1374,1151,5524,3352,2485,2328,4037,3456
15,1264.4300,2565,1549,766,11,1166,457,2688,1374,1151,5524,3352,2485,2328,4037,3456
15,1264.4300,2565,1549,766,11,1166,457,2688,1374,1151,5524,3352,2485,2328,4037,3456
15,1264.4300,2565,1549,766,11,1166,457,2688,1374,1151,5524,3352,2485,2328,4037,3456
15,1264.4300,2565,1549,766,11,1166,457,2688,1374,1151,5524,3352,2485,2328,4037,3456
15,1264.4300,2565,1549,766,11,1166,457,2688,1374,1151,5524,3352,2485,2328,4037,3456
15,1264.4300,2565,1549,766,11,1166,457,2688,1374,1151,5524,3352,2485,2328,4037,3456
15,1263.5400,2565,1549,766,11,1166,457,2688,1374,1151,5524,3352,2485,2328,4037,3456
