num_genrations,diversity,improvement,best_fitness
0,0.9960526315789474,0,226.0
1,0.7241228070175438,0.2397345132743363,280.18
2,0.4364035087719298,0.012206438717967078,283.6
3,0.4815789473684211,0.025246826516219914,290.76
4,0.1947368421052632,0.012587701196863478,294.42
5,0.15877192982456134,0.022484885537667292,301.04
6,0.15833333333333344,0.004716981132075335,302.46
7,0.16754385964912277,0.01140646697083927,305.91
8,0.09561403508771948,-0.011277826811807543,302.46
9,0.0,0.0,302.46
10,0.006578947368421018,0.2316669972888977,372.53
