num_genrations,diversity,improvement,best_fitness
0,0.9969086021505377,0,33.21
1,0.8987903225806452,-0.003312255344775653,33.1
2,0.6612903225806452,0.3359516616314199,44.22
3,0.6236559139784945,0.021935775667118927,45.19
4,0.585483870967742,0.01925204691303396,46.06
5,0.43763440860215064,0.13742943986105077,52.39
6,0.31370967741935485,0.046955525863714466,54.85
7,0.21559139784946213,0.0,54.85
8,0.211021505376344,0.01731996353691879,55.8
9,0.17594086021505362,0.10681003584229393,61.76
10,0.21317204301075254,-0.0730246113989637,57.25
