n_nodes,influence,n0,n1,n2,n3,n4
5,34.8900,43440,2276,68716,7505,4149
5,34.8900,43440,2276,68716,7505,4149
5,34.8900,43440,2276,68716,7505,4149
5,34.8900,43440,2276,68716,7505,4149
5,34.8900,43440,2276,68716,7505,4149
5,34.8900,43440,2276,68716,7505,4149
5,34.8900,43440,2276,68716,7505,4149
5,34.8900,43440,2276,68716,7505,4149
5,34.8900,43440,2276,68716,7505,4149
5,34.1600,2276,68716,290,4149,7505
5,34.1600,2276,68716,290,4149,7505
5,34.1600,2276,68716,290,4149,7505
5,34.1600,2276,68716,290,4149,7505
5,32.6700,2276,68716,290,4149,7505
5,32.6700,2276,68716,290,4149,7505
5,32.6700,2276,68716,290,4149,7505
