generation number, pop_size, worst, best, median, avg, std, diversity, improvement, number_of_selections
0, 10, 4.08, 17.23, 7.685, 8.452, 3.472972214112863,1.0,0,[1.e-300]
1, 10, 5.61, 19.85, 11.344999999999999, 12.495999999999999, 4.784471130647566,0.8777777777777778,0.1520603598374928,[1.e-300]
2, 10, 7.03, 19.85, 13.565000000000001, 13.474, 5.228076510534252,0.8666666666666667,0.0,[1.e-300]
3, 10, 5.23, 21.08, 7.835, 11.899, 6.693355585952386,0.9222222222222223,0.06196473551637263,[1.e-300]
4, 10, 7.61, 21.08, 14.895, 14.416, 5.198386672805324,0.8777777777777778,0.0,[1.e-300]
5, 10, 6.02, 21.08, 10.809999999999999, 12.645, 5.949111278165841,0.8888888888888888,0.0,[1.e-300]
6, 10, 5.97, 21.08, 9.87, 11.178999999999998, 4.956368529478008,0.9777777777777777,0.0,[1.e-300]
7, 10, 4.55, 21.08, 11.215, 12.038, 6.4235547790923375,0.9,0.0,[1.e-300]
8, 10, 6.17, 21.08, 10.45, 12.042, 4.810388341911701,0.9555555555555556,0.0,[1.e-300]
9, 10, 4.84, 21.08, 8.75, 11.267999999999999, 5.625729819321224,0.9444444444444444,0.0,[1.e-300]
10, 10, 7.45, 21.08, 12.39, 13.229, 5.4329079690346305,0.8666666666666667,0.0,[1.e-300]
