generation number, pop_size, worst, best, median, avg, std, diversity, improvement, number_of_selections
0, 10, 6.73, 22.22, 11.71, 11.946, 4.259636604218721,0.9777777777777777,0,[1.e-300]
1, 10, 11.57, 22.22, 16.31, 16.841, 2.9032411198520864,0.837037037037037,0.0,[10.]
2, 10, 12.0, 22.47, 17.195, 17.294, 3.7399764705142196,0.8148148148148149,0.011251125112511251,[20.]
3, 10, 13.56, 23.5, 18.03, 18.234, 3.373245321645017,0.7259259259259259,0.04583889630618608,[30.]
4, 10, 14.0, 70.18, 20.245, 28.405, 19.702685223085712,0.6962962962962963,1.9863829787234046,[40.]
5, 10, 12.0, 70.68, 40.455, 40.887, 26.917412227032525,0.7703703703703704,0.0071245369051011675,[50.]
6, 10, 12.0, 70.68, 65.53999999999999, 47.015, 25.81191207562896,0.7481481481481482,0.0,[60.]
7, 10, 10.0, 70.68, 16.5, 35.33800000000001, 27.71800238112408,0.7555555555555555,0.0,[70.]
8, 10, 7.0, 70.68, 14.755, 28.871000000000002, 25.611123149912814,0.8074074074074074,0.0,[80.]
9, 10, 13.0, 71.54, 66.805, 48.377, 25.417475110639927,0.7925925925925925,0.012167515563101292,[90.]
10, 10, 11.53, 71.54, 62.42, 46.22, 25.56815245574072,0.7481481481481481,0.0,[100.]
