generation number, individual number, fitness, candidate
0, 0, 18.01, [295, 222]
0, 1, 10.75, [285, 77]
0, 2, 8.85, [3716, 2512]
0, 3, 8.82, [91, 1082]
0, 4, 8.72, [103, 2712]
0, 5, 7.12, [265, 2595]
0, 6, 6.3, [2950, 1087]
0, 7, 6.06, [265, 2525]
0, 8, 6.0, [264, 104]
0, 9, 5.67, [343, 250]
1, 0, 18.01, [295, 222]
1, 1, 12.11, [2593, 77]
1, 2, 10.75, [285, 77]
1, 3, 10.71, [264, 77]
1, 4, 9.52, [250, 1082]
1, 5, 9.48, [1086, 2512]
1, 6, 9.13, [244, 77]
1, 7, 8.85, [285, 2595]
1, 8, 7.74, [275, 103]
1, 9, 6.37, [91, 1087]
2, 0, 18.01, [295, 222]
2, 1, 17.71, [295, 1087]
2, 2, 16.55, [295, 283]
2, 3, 12.11, [2593, 77]
2, 4, 11.72, [874, 77]
2, 5, 10.67, [1082, 300]
2, 6, 7.27, [266, 1086]
2, 7, 6.97, [2765, 159]
2, 8, 6.25, [2762, 91]
2, 9, 5.99, [534, 222]
3, 0, 21.41, [295, 77]
3, 1, 18.56, [295, 2950]
3, 2, 18.01, [295, 222]
3, 3, 17.71, [295, 1087]
3, 4, 10.72, [81, 279]
3, 5, 10.08, [278, 77]
3, 6, 9.92, [266, 1811]
3, 7, 8.41, [2593, 193]
3, 8, 7.96, [266, 159]
3, 9, 6.29, [343, 2595]
4, 0, 21.41, [295, 77]
4, 1, 18.63, [2512, 295]
4, 2, 18.56, [295, 2950]
4, 3, 10.62, [1811, 250]
4, 4, 10.34, [283, 77]
4, 5, 10.19, [2712, 77]
4, 6, 9.44, [541, 77]
4, 7, 8.32, [2712, 2512]
4, 8, 7.54, [91, 264]
4, 9, 7.35, [291, 220]
5, 0, 21.41, [295, 77]
5, 1, 20.73, [295, 1811]
5, 2, 18.63, [2512, 295]
5, 3, 15.6, [2512, 269]
5, 4, 9.48, [77, 2762]
5, 5, 9.1, [149, 77]
5, 6, 8.73, [1082, 874]
5, 7, 8.7, [300, 2765]
5, 8, 8.66, [283, 2595]
5, 9, 6.67, [256, 265]
6, 0, 21.41, [295, 77]
6, 1, 20.73, [295, 1811]
6, 2, 17.92, [295, 3716]
6, 3, 17.76, [295, 2712]
6, 4, 15.32, [250, 277]
6, 5, 12.43, [2525, 269]
6, 6, 9.78, [2599, 1811]
6, 7, 8.46, [2593, 2595]
6, 8, 8.26, [2512, 622]
6, 9, 7.32, [81, 266]
7, 0, 21.41, [295, 77]
7, 1, 20.73, [295, 1811]
7, 2, 17.47, [295, 534]
7, 3, 17.02, [295, 2513]
7, 4, 16.52, [295, 283]
7, 5, 8.95, [874, 81]
7, 6, 8.94, [265, 77]
7, 7, 7.43, [301, 2595]
7, 8, 7.12, [226, 3716]
7, 9, 6.9, [265, 1086]
8, 0, 23.4, [295, 277]
8, 1, 21.41, [295, 77]
8, 2, 20.73, [295, 1811]
8, 3, 15.86, [295, 275]
8, 4, 14.31, [269, 2595]
8, 5, 14.23, [1811, 77]
8, 6, 11.78, [220, 300]
8, 7, 11.33, [104, 77]
8, 8, 7.63, [193, 2712]
8, 9, 7.47, [300, 264]
9, 0, 23.4, [295, 277]
9, 1, 21.41, [295, 77]
9, 2, 16.31, [295, 149]
9, 3, 13.01, [4602, 277]
9, 4, 12.88, [277, 222]
9, 5, 10.98, [76, 277]
9, 6, 9.64, [193, 874]
9, 7, 9.29, [4602, 77]
9, 8, 7.27, [149, 103]
9, 9, 6.83, [264, 2599]
10, 0, 23.4, [295, 277]
10, 1, 21.41, [295, 77]
10, 2, 19.46, [295, 91]
10, 3, 16.06, [295, 264]
10, 4, 11.64, [2512, 300]
10, 5, 10.83, [275, 277]
10, 6, 7.79, [250, 3716]
10, 7, 7.39, [91, 264]
10, 8, 6.58, [2595, 2762]
10, 9, 6.47, [2595, 244]
