generation number, pop_size, worst, best, median, avg, std, diversity, improvement, number_of_selections
0, 10, 8.22, 15.94, 13.2, 13.161000000000001, 2.1098172906676065,0.9481481481481482,0,[1.e-300]
1, 10, 10.72, 17.82, 14.870000000000001, 14.354, 2.2891928708608194,0.8222222222222222,0.11794228356336266,[1.e-300]
2, 10, 13.15, 18.64, 15.780000000000001, 16.175, 1.6167699279736745,0.6518518518518519,0.04601571268237936,[1.e-300]
3, 10, 12.15, 18.64, 15.51, 16.103, 2.0513363936712086,0.6666666666666667,0.0,[1.e-300]
4, 10, 12.35, 18.64, 15.91, 15.905000000000001, 1.7870324563364823,0.6814814814814815,0.0,[1.e-300]
5, 10, 8.78, 18.64, 13.51, 13.764000000000001, 3.374759843307373,0.8074074074074074,0.0,[1.e-300]
6, 10, 13.72, 18.64, 15.399999999999999, 16.112000000000002, 1.8336891775870852,0.674074074074074,0.0,[1.e-300]
7, 10, 12.2, 18.64, 14.545000000000002, 15.116999999999999, 2.5752244562367763,0.8074074074074075,0.0,[1.e-300]
8, 10, 10.48, 18.64, 12.844999999999999, 13.951999999999998, 3.366968369319795,0.8444444444444444,0.0,[1.e-300]
9, 10, 11.48, 18.64, 16.275, 15.723999999999998, 2.288594328403354,0.7481481481481481,0.0,[1.e-300]
10, 10, 12.43, 18.64, 13.684999999999999, 14.632000000000001, 2.1421428523793646,0.7851851851851852,0.0,[1.e-300]
