generation number, individual number, fitness, candidate
0, 0, 3.19, [1509, 5684, 2171]
0, 1, 3.09, [1619, 1350, 1407]
0, 2, 3.08, [320, 1425, 905]
0, 3, 3.08, [1350, 585, 749]
0, 4, 3.06, [1442, 1401, 1402]
0, 5, 3.05, [1767, 775, 1990]
0, 6, 3.03, [905, 1347, 1518]
0, 7, 3.02, [1407, 2110, 1141]
0, 8, 3.02, [1620, 521, 1827]
0, 9, 3.0, [975, 5684, 970]
1, 0, 3.28, [1509, 1402, 1125]
1, 1, 3.2, [1509, 1059, 1402]
1, 2, 3.19, [1509, 5684, 2171]
1, 3, 3.17, [1509, 585, 975]
1, 4, 3.09, [1619, 1350, 1407]
1, 5, 3.08, [1619, 1350, 975]
1, 6, 3.07, [1619, 1350, 421]
1, 7, 3.05, [1226, 5684, 576]
1, 8, 3.04, [585, 1425, 1407]
1, 9, 3.01, [1403, 5684, 2171]
2, 0, 3.28, [1509, 1402, 1125]
2, 1, 3.22, [1509, 788, 2171]
2, 2, 3.2, [1509, 1059, 1402]
2, 3, 3.19, [1509, 5684, 785]
2, 4, 3.17, [1509, 749, 1497]
2, 5, 3.14, [1509, 5684, 785]
2, 6, 3.08, [1990, 1402, 571]
2, 7, 3.06, [1518, 1059, 975]
2, 8, 3.05, [1351, 585, 1402]
2, 9, 3.04, [1351, 1402, 2171]
3, 0, 3.28, [1509, 1402, 1125]
3, 1, 3.27, [1509, 1402, 1125]
3, 2, 3.22, [1509, 788, 1368]
3, 3, 3.22, [1509, 788, 2171]
3, 4, 3.21, [1509, 788, 2171]
3, 5, 3.19, [1509, 1620, 2171]
3, 6, 3.19, [1509, 697, 1125]
3, 7, 3.14, [1509, 1402, 1407]
3, 8, 3.13, [1509, 697, 1125]
3, 9, 3.1, [1518, 788, 1125]
4, 0, 3.28, [1509, 1402, 1125]
4, 1, 3.27, [1509, 1402, 1125]
4, 2, 3.24, [1509, 788, 1125]
4, 3, 3.2, [1509, 1223, 521]
4, 4, 3.2, [1509, 2094, 1090]
4, 5, 3.17, [1509, 788, 1368]
4, 6, 3.17, [1509, 1402, 320]
4, 7, 3.16, [1509, 788, 585]
4, 8, 3.16, [1509, 697, 1125]
4, 9, 3.13, [1509, 717, 1125]
5, 0, 3.28, [1509, 1402, 1125]
5, 1, 3.27, [1509, 1402, 1125]
5, 2, 3.24, [1509, 788, 1168]
5, 3, 3.18, [1509, 1402, 1225]
5, 4, 3.17, [1509, 697, 1125]
5, 5, 3.13, [1509, 1332, 645]
5, 6, 3.11, [1509, 1040, 1518]
5, 7, 3.07, [1068, 1402, 1351]
5, 8, 3.03, [585, 1146, 571]
5, 9, 3.03, [2332, 1402, 1025]
6, 0, 3.28, [1509, 1402, 1125]
6, 1, 3.27, [1509, 1402, 1125]
6, 2, 3.14, [1509, 1157, 1225]
6, 3, 3.12, [1509, 1212, 1125]
6, 4, 3.1, [1509, 785, 1125]
6, 5, 3.07, [1224, 788, 1125]
6, 6, 3.06, [1403, 1402, 1125]
6, 7, 3.05, [326, 1715, 905]
6, 8, 3.05, [1425, 1402, 1168]
6, 9, 3.02, [326, 905, 1225]
7, 0, 3.28, [1509, 1402, 1125]
7, 1, 3.27, [1509, 1402, 1125]
7, 2, 3.24, [1509, 1990, 1125]
7, 3, 3.2, [1509, 788, 1125]
7, 4, 3.19, [1509, 576, 2094]
7, 5, 3.17, [1509, 788, 1225]
7, 6, 3.13, [1509, 831, 1125]
7, 7, 3.09, [1509, 1157, 2171]
7, 8, 3.03, [1226, 1402, 1125]
7, 9, 3.03, [975, 1402, 831]
8, 0, 3.28, [1509, 1402, 1125]
8, 1, 3.27, [1509, 1402, 1125]
8, 2, 3.19, [1509, 831, 521]
8, 3, 3.16, [1509, 1935, 1064]
8, 4, 3.11, [1509, 1990, 1125]
8, 5, 3.06, [1224, 2320, 1125]
8, 6, 3.05, [717, 1402, 1125]
8, 7, 3.05, [2320, 1040, 1827]
8, 8, 3.05, [787, 1378, 1125]
8, 9, 3.02, [975, 1347, 1827]
9, 0, 3.28, [1509, 1402, 1125]
9, 1, 3.27, [1509, 1402, 1125]
9, 2, 3.16, [1509, 831, 2332]
9, 3, 3.15, [1509, 1906, 521]
9, 4, 3.14, [1509, 831, 785]
9, 5, 3.12, [1509, 1225, 1125]
9, 6, 3.11, [1509, 788, 521]
9, 7, 3.04, [576, 1695, 1403]
9, 8, 3.04, [1351, 1402, 521]
9, 9, 3.02, [1619, 1368, 1157]
10, 0, 3.29, [1509, 1068, 1125]
10, 1, 3.28, [1509, 1402, 1125]
10, 2, 3.27, [1509, 1402, 1125]
10, 3, 3.11, [1509, 4227, 1368]
10, 4, 3.06, [1350, 788, 1058]
10, 5, 3.05, [1403, 717, 1125]
10, 6, 3.04, [1401, 788, 1226]
10, 7, 3.04, [1141, 788, 1279]
10, 8, 3.04, [1401, 1131, 1125]
10, 9, 3.03, [1580, 785, 975]
11, 0, 3.29, [1509, 1068, 1125]
11, 1, 3.28, [1509, 1402, 1125]
11, 2, 3.27, [1509, 717, 785]
11, 3, 3.22, [1509, 1827, 2171]
11, 4, 3.2, [1509, 1402, 785]
11, 5, 3.2, [1509, 576, 1125]
11, 6, 3.18, [1509, 788, 421]
11, 7, 3.1, [1091, 2171, 1368]
11, 8, 3.06, [785, 1068, 1378]
11, 9, 3.05, [905, 1407, 1125]
12, 0, 3.29, [1509, 1068, 1125]
12, 1, 3.28, [1509, 1402, 1125]
12, 2, 3.21, [1509, 1827, 421]
12, 3, 3.16, [1509, 1131, 2171]
12, 4, 3.14, [1509, 1068, 1125]
12, 5, 3.07, [1328, 1064, 1125]
12, 6, 3.06, [1403, 1827, 785]
12, 7, 3.03, [1328, 1424, 1125]
12, 8, 3.02, [1028, 1827, 1125]
12, 9, 3.01, [1407, 831, 905]
13, 0, 3.29, [1509, 1068, 1125]
13, 1, 3.28, [1509, 1402, 1125]
13, 2, 3.22, [1028, 1509, 1168]
13, 3, 3.2, [1509, 1068, 1125]
13, 4, 3.13, [1509, 1417, 1125]
13, 5, 3.11, [1509, 1402, 695]
13, 6, 3.1, [1509, 1827, 1368]
13, 7, 3.04, [2989, 1068, 1935]
13, 8, 3.03, [1168, 831, 1125]
13, 9, 3.03, [775, 697, 1125]
14, 0, 3.29, [1509, 1068, 1125]
14, 1, 3.28, [1509, 1402, 1125]
14, 2, 3.23, [1509, 788, 1168]
14, 3, 3.19, [1509, 1401, 1695]
14, 4, 3.19, [1509, 1247, 1149]
14, 5, 3.05, [2320, 1402, 2332]
14, 6, 3.05, [1028, 1157, 1125]
14, 7, 3.04, [1990, 2171, 1311]
14, 8, 3.03, [1351, 571, 1125]
14, 9, 3.02, [2171, 1058, 1125]
15, 0, 3.29, [1509, 1068, 1125]
15, 1, 3.28, [1509, 1402, 1125]
15, 2, 3.22, [1509, 788, 785]
15, 3, 3.22, [1509, 1402, 1368]
15, 4, 3.19, [1509, 788, 785]
15, 5, 3.15, [1509, 1068, 1078]
15, 6, 3.08, [2320, 1068, 576]
15, 7, 3.05, [1401, 1068, 1168]
15, 8, 3.04, [1827, 1402, 1368]
15, 9, 3.03, [1149, 1068, 1125]
16, 0, 3.29, [1509, 1068, 1125]
16, 1, 3.28, [1509, 1402, 1125]
16, 2, 3.23, [1509, 788, 1125]
16, 3, 3.15, [1509, 1402, 1767]
16, 4, 3.13, [1509, 831, 785]
16, 5, 3.09, [1224, 788, 1125]
16, 6, 3.07, [1401, 1068, 1368]
16, 7, 3.06, [1224, 1402, 1125]
16, 8, 3.03, [1442, 1149, 1125]
16, 9, 3.03, [1652, 1402, 785]
17, 0, 3.29, [1509, 1068, 1125]
17, 1, 3.28, [1509, 1402, 1125]
17, 2, 3.2, [1509, 1497, 3662]
17, 3, 3.2, [1509, 1402, 785]
17, 4, 3.2, [1509, 1058, 1125]
17, 5, 3.19, [1509, 788, 1125]
17, 6, 3.16, [1509, 1402, 785]
17, 7, 3.11, [1509, 1058, 1767]
17, 8, 3.05, [1146, 1040, 1125]
17, 9, 3.03, [1149, 1068, 1407]
18, 0, 3.29, [1509, 1068, 1125]
18, 1, 3.28, [1509, 1402, 1125]
18, 2, 3.25, [1509, 1417, 1368]
18, 3, 3.21, [1509, 1347, 1247]
18, 4, 3.2, [1509, 1402, 1224]
18, 5, 3.18, [1509, 831, 1125]
18, 6, 3.11, [1509, 1402, 1368]
18, 7, 3.09, [2377, 1402, 1125]
18, 8, 3.08, [1509, 970, 1827]
18, 9, 3.06, [521, 1068, 785]
19, 0, 3.29, [1509, 1068, 1125]
19, 1, 3.28, [1509, 1402, 1125]
19, 2, 3.26, [1509, 1068, 1425]
19, 3, 3.21, [1509, 2377, 1125]
19, 4, 3.11, [1509, 1347, 1368]
19, 5, 3.07, [1223, 1417, 1125]
19, 6, 3.06, [1028, 2094, 1480]
19, 7, 3.05, [1146, 1417, 1125]
19, 8, 3.04, [1332, 1201, 1417]
19, 9, 3.04, [1078, 1059, 1125]
20, 0, 3.29, [1509, 1068, 1125]
20, 1, 3.28, [1509, 1402, 1125]
20, 2, 3.2, [1509, 1058, 1425]
20, 3, 3.2, [1509, 1402, 521]
20, 4, 3.18, [1509, 2989, 1402]
20, 5, 3.15, [1509, 1402, 1368]
20, 6, 3.13, [1509, 1417, 1125]
20, 7, 3.13, [1509, 1068, 785]
20, 8, 3.06, [2171, 1068, 1347]
20, 9, 3.04, [1480, 788, 1125]
21, 0, 3.29, [1509, 1068, 1125]
21, 1, 3.28, [1509, 1402, 1125]
21, 2, 3.25, [1509, 1402, 785]
21, 3, 3.21, [1509, 788, 1125]
21, 4, 3.19, [1509, 1402, 785]
21, 5, 3.16, [1509, 831, 1125]
21, 6, 3.07, [1247, 576, 1368]
21, 7, 3.07, [1403, 1068, 1131]
21, 8, 3.06, [1287, 1328, 1125]
21, 9, 3.04, [785, 1131, 1125]
22, 0, 3.29, [1509, 1068, 1125]
22, 1, 3.28, [1509, 1402, 1125]
22, 2, 3.22, [1509, 831, 1125]
22, 3, 3.15, [1509, 831, 785]
22, 4, 3.07, [1401, 1068, 1125]
22, 5, 3.06, [1695, 1068, 2320]
22, 6, 3.05, [571, 1402, 1230]
22, 7, 3.05, [695, 1190, 1125]
22, 8, 3.04, [2110, 1068, 1125]
22, 9, 3.03, [1827, 1068, 1028]
23, 0, 3.29, [1509, 1068, 1125]
23, 1, 3.28, [1509, 1402, 1125]
23, 2, 3.19, [1509, 1068, 1131]
23, 3, 3.18, [1509, 831, 1125]
23, 4, 3.16, [1509, 1652, 785]
23, 5, 3.1, [1509, 831, 1368]
23, 6, 3.09, [1401, 1424, 1068]
23, 7, 3.08, [6917, 1068, 1125]
23, 8, 3.07, [1351, 1131, 1068]
23, 9, 3.05, [2989, 831, 1125]
24, 0, 3.29, [1509, 1068, 1125]
24, 1, 3.28, [1509, 1402, 1125]
24, 2, 3.21, [1509, 788, 1125]
24, 3, 3.21, [1509, 1168, 1368]
24, 4, 3.17, [1509, 1827, 1131]
24, 5, 3.07, [1351, 1068, 1125]
24, 6, 3.03, [1040, 1990, 1131]
24, 7, 3.02, [1107, 2989, 785]
24, 8, 3.02, [571, 1402, 1407]
24, 9, 3.01, [2094, 1068, 5684]
25, 0, 3.29, [1509, 1068, 1125]
25, 1, 3.28, [1509, 1402, 1125]
25, 2, 3.2, [1509, 1168, 1368]
25, 3, 3.16, [1509, 1497, 1368]
25, 4, 3.15, [1509, 1518, 1368]
25, 5, 3.13, [1509, 1424, 1125]
25, 6, 3.12, [1509, 788, 1125]
25, 7, 3.05, [1058, 788, 1125]
25, 8, 3.03, [1990, 697, 1125]
25, 9, 3.03, [1328, 521, 785]
26, 0, 3.29, [1509, 1068, 1125]
26, 1, 3.28, [1509, 1402, 1125]
26, 2, 3.22, [1509, 1430, 1311]
26, 3, 3.21, [1509, 1402, 1157]
26, 4, 3.15, [1509, 1068, 1580]
26, 5, 3.14, [1509, 1378, 751]
26, 6, 3.14, [1509, 1168, 1368]
26, 7, 3.12, [1509, 5684, 1368]
26, 8, 3.1, [1509, 1368, 1402]
26, 9, 3.08, [751, 831, 1402]
27, 0, 3.29, [1509, 1068, 1125]
27, 1, 3.28, [1509, 1402, 1125]
27, 2, 3.22, [1509, 788, 1125]
27, 3, 3.22, [1509, 788, 1157]
27, 4, 3.21, [1509, 2171, 6917]
27, 5, 3.19, [1509, 1149, 320]
27, 6, 3.17, [1509, 1430, 1424]
27, 7, 3.09, [1425, 1224, 1827]
27, 8, 3.06, [2332, 1068, 1125]
27, 9, 3.01, [4227, 788, 320]
28, 0, 3.29, [1509, 1068, 1125]
28, 1, 3.28, [1509, 1402, 1125]
28, 2, 3.18, [1509, 831, 4227]
28, 3, 3.14, [1509, 421, 1368]
28, 4, 3.1, [1091, 1402, 1157]
28, 5, 3.06, [1401, 1068, 571]
28, 6, 3.04, [1146, 788, 1125]
28, 7, 3.04, [1332, 1715, 1125]
28, 8, 3.03, [2377, 1402, 1497]
28, 9, 3.01, [1695, 1068, 4227]
29, 0, 3.29, [1509, 1068, 1125]
29, 1, 3.28, [1509, 1402, 1125]
29, 2, 3.19, [1509, 831, 785]
29, 3, 3.15, [1509, 1518, 2989]
29, 4, 3.15, [1509, 1279, 785]
29, 5, 3.14, [1509, 421, 1368]
29, 6, 3.13, [1509, 2171, 1328]
29, 7, 3.1, [1509, 831, 4227]
29, 8, 3.05, [2377, 1068, 1368]
29, 9, 3.03, [775, 1068, 785]
30, 0, 3.29, [1509, 1068, 1125]
30, 1, 3.28, [1509, 1402, 1125]
30, 2, 3.27, [1509, 421, 785]
30, 3, 3.24, [1509, 1068, 1368]
30, 4, 3.18, [1509, 1068, 1827]
30, 5, 3.17, [1509, 3124, 1020]
30, 6, 3.12, [1509, 1935, 1040]
30, 7, 3.11, [1509, 1068, 1287]
30, 8, 3.07, [1509, 1767, 717]
30, 9, 3.02, [1695, 1068, 1125]
31, 0, 3.29, [1509, 1068, 1125]
31, 1, 3.28, [1509, 1402, 1125]
31, 2, 3.26, [1509, 1058, 1125]
31, 3, 3.22, [1509, 1619, 1368]
31, 4, 3.21, [1509, 788, 1827]
31, 5, 3.17, [1509, 788, 785]
31, 6, 3.17, [1509, 421, 1368]
31, 7, 3.15, [1401, 1068, 1125]
31, 8, 3.15, [1509, 1058, 905]
31, 9, 3.14, [1509, 576, 2110]
32, 0, 3.29, [1509, 1068, 1125]
32, 1, 3.28, [1509, 1402, 1125]
32, 2, 3.2, [1509, 1058, 1125]
32, 3, 3.17, [1509, 697, 1125]
32, 4, 3.16, [1509, 831, 1125]
32, 5, 3.14, [1509, 1350, 1827]
32, 6, 3.05, [1078, 1058, 1407]
32, 7, 3.04, [320, 1025, 1125]
32, 8, 3.04, [831, 975, 1125]
32, 9, 3.01, [1695, 1068, 1141]
33, 0, 3.29, [1509, 1068, 1125]
33, 1, 3.28, [1509, 1402, 1125]
33, 2, 3.17, [1509, 1378, 1125]
33, 3, 3.08, [2171, 1497, 1157]
33, 4, 3.04, [751, 1402, 1125]
33, 5, 3.02, [970, 831, 1125]
33, 6, 3.01, [975, 697, 1619]
33, 7, 3.01, [2332, 1279, 1090]
33, 8, 3.01, [1025, 1437, 1480]
33, 9, 3.0, [1437, 1058, 1040]
34, 0, 3.29, [1509, 1068, 1125]
34, 1, 3.28, [1509, 1402, 1125]
34, 2, 3.23, [1509, 788, 1125]
34, 3, 3.19, [1509, 1430, 2320]
34, 4, 3.1, [1509, 1068, 1368]
34, 5, 3.05, [1351, 1402, 1401]
34, 6, 3.04, [2332, 1402, 1125]
34, 7, 3.03, [1347, 1378, 785]
34, 8, 3.03, [1990, 1068, 1146]
34, 9, 3.02, [1497, 1068, 1279]
35, 0, 3.29, [1509, 1068, 1125]
35, 1, 3.28, [1509, 1402, 1125]
35, 2, 3.16, [1509, 1068, 785]
35, 3, 3.14, [1509, 788, 1368]
35, 4, 3.13, [1509, 1497, 1025]
35, 5, 3.09, [1509, 1378, 1827]
35, 6, 3.07, [1695, 1311, 1125]
35, 7, 3.03, [1311, 1402, 1827]
35, 8, 3.02, [1347, 1580, 1125]
35, 9, 3.02, [1287, 1279, 1347]
36, 0, 3.29, [1509, 1068, 1125]
36, 1, 3.28, [1509, 1402, 1125]
36, 2, 3.21, [1509, 1058, 785]
36, 3, 3.21, [1509, 788, 1125]
36, 4, 3.12, [1509, 697, 1125]
36, 5, 3.09, [1401, 1068, 1125]
36, 6, 3.06, [1425, 1402, 1125]
36, 7, 3.06, [1695, 1068, 576]
36, 8, 3.03, [1378, 1402, 1368]
36, 9, 3.03, [1141, 1149, 1125]
37, 0, 3.29, [1509, 1068, 1125]
37, 1, 3.28, [1509, 1402, 1125]
37, 2, 3.2, [1509, 1424, 585]
37, 3, 3.19, [1509, 1402, 6917]
37, 4, 3.17, [1509, 1058, 785]
37, 5, 3.16, [1509, 1058, 1368]
37, 6, 3.16, [1509, 1715, 1212]
37, 7, 3.06, [2320, 788, 1125]
37, 8, 3.05, [1091, 1652, 1442]
37, 9, 3.02, [1131, 1230, 1125]
38, 0, 3.29, [1509, 1068, 1125]
38, 1, 3.28, [1509, 1402, 1125]
38, 2, 3.23, [1509, 1407, 1906]
38, 3, 3.19, [1509, 788, 585]
38, 4, 3.19, [1509, 1058, 1125]
38, 5, 3.19, [1509, 1223, 1990]
38, 6, 3.18, [1509, 571, 1225]
38, 7, 3.07, [2377, 1402, 1125]
38, 8, 3.06, [2377, 788, 1125]
38, 9, 3.03, [1401, 3662, 314]
39, 0, 3.29, [1509, 1068, 1125]
39, 1, 3.28, [1509, 1402, 1125]
39, 2, 3.21, [1509, 1068, 1328]
39, 3, 3.18, [1509, 1028, 1107]
39, 4, 3.12, [1509, 1225, 1131]
39, 5, 3.11, [320, 2110, 1509]
39, 6, 3.11, [1509, 2171, 1906]
39, 7, 3.04, [140, 1068, 1368]
39, 8, 3.02, [1028, 1287, 1125]
39, 9, 3.02, [695, 1328, 1230]
40, 0, 3.29, [1509, 1068, 1125]
40, 1, 3.28, [1509, 1402, 1125]
40, 2, 3.26, [1509, 1025, 785]
40, 3, 3.23, [1509, 1058, 1328]
40, 4, 3.23, [1509, 1028, 785]
40, 5, 3.21, [1509, 1020, 1906]
40, 6, 3.18, [1509, 1518, 1107]
40, 7, 3.17, [1509, 695, 1125]
40, 8, 3.05, [326, 1068, 1107]
40, 9, 3.02, [1226, 1068, 785]
41, 0, 3.29, [1509, 1068, 1125]
41, 1, 3.28, [1509, 1402, 1125]
41, 2, 3.25, [1509, 751, 1125]
41, 3, 3.18, [1509, 1247, 1230]
41, 4, 3.18, [1509, 421, 785]
41, 5, 3.13, [1509, 1058, 785]
41, 6, 3.13, [1509, 1025, 1201]
41, 7, 3.08, [1442, 1402, 1125]
41, 8, 3.02, [1417, 1141, 1378]
41, 9, 3.01, [1518, 1028, 1125]
42, 0, 3.29, [1509, 1068, 1125]
42, 1, 3.28, [1509, 1402, 1125]
42, 2, 3.14, [1509, 1058, 1125]
42, 3, 3.13, [1509, 788, 1230]
42, 4, 3.07, [1990, 1402, 1125]
42, 5, 3.07, [2377, 1247, 1125]
42, 6, 3.04, [1652, 1226, 1125]
42, 7, 3.03, [1212, 1402, 1125]
42, 8, 3.02, [571, 831, 1125]
42, 9, 3.01, [6917, 1068, 3124]
43, 0, 3.29, [1509, 1068, 1125]
43, 1, 3.28, [1509, 1402, 1125]
43, 2, 3.22, [1509, 1058, 1652]
43, 3, 3.19, [1509, 1141, 970]
43, 4, 3.14, [1509, 831, 1125]
43, 5, 3.06, [1332, 1402, 2989]
43, 6, 3.04, [785, 831, 326]
43, 7, 3.04, [1351, 1226, 421]
43, 8, 3.04, [2377, 1402, 1125]
43, 9, 3.03, [787, 1068, 775]
44, 0, 3.29, [1509, 1068, 1125]
44, 1, 3.28, [1509, 1402, 1125]
44, 2, 3.26, [1509, 1402, 1125]
44, 3, 3.19, [1509, 1141, 1064]
44, 4, 3.19, [1509, 1141, 1480]
44, 5, 3.18, [1509, 2377, 1146]
44, 6, 3.15, [1509, 2989, 1141]
44, 7, 3.14, [1509, 1368, 970]
44, 8, 3.13, [1509, 1068, 831]
44, 9, 3.11, [1509, 1068, 785]
45, 0, 3.29, [1509, 1068, 1125]
45, 1, 3.28, [1509, 1402, 1125]
45, 2, 3.21, [1509, 1279, 1827]
45, 3, 3.21, [1509, 1068, 1368]
45, 4, 3.17, [1509, 1430, 1620]
45, 5, 3.14, [1509, 787, 1058]
45, 6, 3.09, [1328, 1141, 1125]
45, 7, 3.05, [1475, 1068, 1125]
45, 8, 3.04, [2110, 1402, 1480]
45, 9, 3.02, [1827, 1402, 1611]
46, 0, 3.29, [1509, 1068, 1125]
46, 1, 3.28, [1509, 1402, 1125]
46, 2, 3.23, [1509, 1279, 4227]
46, 3, 3.18, [1509, 1611, 1827]
46, 4, 3.18, [1509, 788, 1125]
46, 5, 3.15, [1509, 695, 1827]
46, 6, 3.14, [1509, 1157, 1125]
46, 7, 3.09, [1351, 1068, 1827]
46, 8, 3.06, [2332, 1287, 1332]
46, 9, 3.02, [421, 1068, 1059]
47, 0, 3.29, [1509, 1068, 1125]
47, 1, 3.28, [1509, 1402, 1125]
47, 2, 3.17, [1509, 1279, 1695]
47, 3, 3.14, [1509, 970, 4227]
47, 4, 3.09, [1518, 576, 1125]
47, 5, 3.07, [695, 2332, 1125]
47, 6, 3.04, [1497, 3124, 1125]
47, 7, 3.03, [1430, 749, 1107]
47, 8, 3.02, [1990, 1402, 1125]
47, 9, 3.02, [1827, 1068, 1125]
48, 0, 3.29, [1509, 1068, 1125]
48, 1, 3.28, [1509, 1402, 1125]
48, 2, 3.24, [1509, 1442, 1580]
48, 3, 3.19, [1509, 1425, 1311]
48, 4, 3.18, [1509, 1402, 1611]
48, 5, 3.15, [1509, 1279, 1368]
48, 6, 3.15, [1509, 831, 749]
48, 7, 3.14, [1509, 831, 1125]
48, 8, 3.13, [1509, 1040, 1695]
48, 9, 3.02, [975, 1619, 1125]
49, 0, 3.3, [1509, 831, 749]
49, 1, 3.29, [1509, 1068, 1125]
49, 2, 3.28, [1509, 1402, 1125]
49, 3, 3.16, [1509, 1715, 1090]
49, 4, 3.16, [1509, 831, 1125]
49, 5, 3.07, [314, 1328, 1125]
49, 6, 3.03, [1311, 1475, 785]
49, 7, 3.03, [1401, 1402, 2094]
49, 8, 3.03, [1125, 1068, 645]
49, 9, 3.01, [697, 521, 785]
50, 0, 3.3, [1509, 831, 749]
50, 1, 3.29, [1509, 1068, 1125]
50, 2, 3.1, [1091, 1068, 749]
50, 3, 3.08, [1509, 1518, 1125]
50, 4, 3.06, [2320, 2110, 1125]
50, 5, 3.05, [1078, 831, 1401]
50, 6, 3.04, [2989, 1068, 1368]
50, 7, 3.04, [1225, 1068, 749]
50, 8, 3.03, [697, 831, 1125]
50, 9, 3.02, [1401, 831, 1125]
