generation number, pop_size, worst, best, median, avg, std, diversity, improvement, number_of_selections
0, 10, 3.01, 3.25, 3.09, 3.094, 0.06421837743200931,0.9777777777777777,0,[1.e-300]
1, 10, 3.07, 3.25, 3.135, 3.142, 0.0543691088762728,0.8814814814814815,0.0,[10.]
2, 10, 3.07, 3.25, 3.12, 3.149, 0.05872818744010412,0.7703703703703704,0.0,[20.]
3, 10, 3.06, 3.25, 3.1, 3.138, 0.06477653896280658,0.9111111111111111,0.0,[30.]
4, 10, 3.09, 3.25, 3.175, 3.177, 0.05604462507680823,0.837037037037037,0.0,[40.]
5, 10, 3.06, 3.25, 3.14, 3.1540000000000004, 0.06296030495478877,0.7925925925925926,0.0,[50.]
6, 10, 3.11, 3.25, 3.17, 3.1719999999999997, 0.049355850717012296,0.6962962962962963,0.0,[60.]
7, 10, 3.06, 3.25, 3.1550000000000002, 3.1580000000000004, 0.06063002556489646,0.8074074074074074,0.0,[70.]
8, 10, 3.1, 3.25, 3.18, 3.178, 0.045999999999999985,0.7925925925925926,0.0,[80.]
9, 10, 3.06, 3.28, 3.16, 3.166, 0.07472616676907762,0.8444444444444444,0.009230769230769171,[90.]
10, 10, 3.08, 3.28, 3.16, 3.162, 0.06808817812219675,0.8296296296296297,0.0,[100.]
