n_nodes,influence,n0,n1,n2,n3,n4
5,167.0800,11744,69024,1735,682,13722
5,167.0800,11744,69024,1735,682,13722
5,167.0800,11744,69024,1735,682,13722
5,167.0800,11744,69024,1735,682,13722
5,163.1300,11744,20088,682,48433,13722
5,160.9100,13722,682,11744,1735,75046
5,159.5500,11744,69024,1735,682,75046
5,159.3000,13722,682,11744,1735,75046
5,159.3000,13722,682,11744,1735,75046
5,157.6800,13722,682,11744,53287,18715
5,157.6800,13722,682,11744,53287,18715
5,157.6800,13722,682,11744,53287,18715
5,157.6800,13722,682,11744,53287,18715
5,156.8100,13722,682,11744,53287,18715
5,156.2600,11744,75046,1735,682,45452
5,156.1300,11744,75046,1735,682,5211
5,155.9200,11744,20088,682,25031,18715
5,155.9200,11744,20088,682,25031,18715
5,153.9200,13722,682,11744,25031,45452
5,153.9200,13722,682,11744,25031,45452
5,153.9200,13722,682,11744,25031,45452
5,153.2500,11744,25031,682,48433,18715
5,153.1200,27814,682,11744,25031,45452
5,153.1200,27814,682,11744,25031,45452
5,153.1200,27814,682,11744,25031,45452
5,152.5600,13722,682,11744,25031,18715
5,152.5600,13722,682,11744,25031,18715
5,152.5600,13722,682,11744,25031,18715
5,152.5600,13722,682,11744,25031,18715
5,152.5600,13722,682,11744,25031,18715
5,151.7300,13722,682,11744,25031,18715
5,151.7000,13722,682,11744,25031,18715
5,151.7000,13722,682,11744,25031,18715
5,151.7000,13722,682,11744,25031,18715
5,151.3200,13722,682,11744,25031,18715
5,151.1300,13722,682,11744,25031,18715
5,151.1300,13722,682,11744,25031,18715
5,151.1300,13722,682,11744,25031,18715
5,151.1300,13722,682,11744,25031,18715
5,151.1300,13722,682,11744,25031,18715
5,151.1300,13722,682,11744,25031,18715
5,151.1300,13722,682,11744,25031,18715
5,150.9000,11744,20088,682,45452,13722
5,150.9000,11744,20088,682,45452,13722
5,150.9000,11744,20088,682,45452,13722
5,150.9000,11744,20088,682,45452,13722
5,150.6200,13722,682,11744,53287,18715
5,150.6200,13722,682,11744,53287,18715
5,150.6200,13722,682,11744,53287,18715
5,150.6200,13722,682,11744,53287,18715
5,150.6200,13722,682,11744,53287,18715
5,150.3900,11744,25031,682,45452,19230
5,150.3900,11744,25031,682,45452,19230
5,149.8700,11744,55892,682,13722,18715
5,149.3800,13722,682,11744,25031,18715
5,148.8900,13722,682,11744,53287,18715
5,148.3500,13722,682,11744,25031,45452
5,148.3500,13722,682,11744,25031,45452
5,148.2100,13722,682,11744,25031,18715
5,148.0500,11744,25031,682,48433,13722
5,148.0500,11744,25031,682,48433,13722
5,148.0500,11744,25031,682,48433,13722
5,148.0500,11744,25031,682,48433,13722
5,148.0500,11744,25031,682,48433,13722
