n_nodes,influence,n0,n1,n2,n3,n4,n5,n6,n7,n8,n9,n10,n11,n12,n13,n14,n15,n16
17,87.4500,10876,50594,94051,252677,252747,138732,109071,112257,246034,76988,103795,230069,158070,213112,238138,171995,180124
17,87.4500,10876,50594,94051,252677,252747,138732,109071,112257,246034,76988,103795,230069,158070,213112,238138,171995,180124
17,87.4500,10876,50594,94051,252677,252747,138732,109071,112257,246034,76988,103795,230069,158070,213112,238138,171995,180124
17,85.7200,112257,50594,94051,252677,180124,252747,138732,31673,246034,76988,103795,230069,158070,213112,238138,171995,10876
17,85.7200,112257,50594,94051,252677,180124,252747,138732,31673,246034,76988,103795,230069,158070,213112,238138,171995,10876
17,85.7200,112257,50594,94051,252677,180124,252747,138732,31673,246034,76988,103795,230069,158070,213112,238138,171995,10876
17,85.4500,112257,50594,94051,252677,180124,252747,138732,31673,246034,76988,103795,230069,158070,213112,238138,171995,10876
17,85.4500,112257,50594,94051,252677,180124,252747,138732,31673,246034,76988,103795,230069,158070,213112,238138,171995,10876
17,85.4500,112257,50594,94051,252677,180124,252747,138732,31673,246034,76988,103795,230069,158070,213112,238138,171995,10876
17,84.9500,10876,53316,50594,94051,252677,252747,138732,246034,76988,103795,230069,158070,213112,31673,238138,171995,180124
17,84.3000,112257,50594,94051,252677,180124,252747,138732,31673,246034,76988,103795,230069,158070,213112,238138,171995,10876
17,84.3000,112257,50594,94051,252677,180124,252747,138732,31673,246034,76988,103795,230069,158070,213112,238138,171995,10876
17,84.3000,112257,50594,94051,252677,180124,252747,138732,31673,246034,76988,103795,230069,158070,213112,238138,171995,10876
17,84.3000,112257,50594,94051,252677,180124,252747,138732,31673,246034,76988,103795,230069,158070,213112,238138,171995,10876
17,83.9100,10876,28590,50594,94051,252677,252747,138732,246034,76988,103795,230069,158070,213112,31673,238138,171995,180124
17,83.6700,10876,50594,94051,252677,252747,138732,109071,112257,246034,76988,103795,230069,158070,213112,238138,171995,180124
