n_nodes,influence,n0,n1,n2,n3,n4,n5,n6,n7,n8,n9,n10
11,50.7600,929,834,430,903,8,10,77,18,19,700,349
11,50.5300,929,834,430,903,8,10,77,18,19,700,349
11,50.0100,929,834,430,903,8,10,77,18,19,700,349
11,49.9700,929,834,10,903,743,8,77,18,19,700,349
11,49.9700,929,834,10,903,743,8,77,18,19,700,349
11,49.9400,259,834,743,903,8,10,77,18,19,700,349
11,49.9400,259,834,743,903,8,10,77,18,19,700,349
11,49.9400,259,834,743,903,8,10,77,18,19,700,349
11,49.9400,259,834,743,903,8,10,77,18,19,700,349
11,49.7300,834,259,437,8,743,10,77,18,19,700,349
11,49.6600,259,834,743,903,8,10,77,18,19,700,349
11,49.5200,929,834,803,903,8,10,77,18,19,700,349
11,49.5200,929,834,803,903,8,10,77,18,19,700,349
11,49.4600,929,834,803,903,8,10,77,18,19,700,349
11,49.4600,929,834,803,903,8,10,77,18,19,700,349
11,49.4600,929,834,803,903,8,10,77,18,19,700,349
