generation number, pop_size, worst, best, median, avg, std, diversity, improvement, number_of_selections
0, 10, 2.0, 2.05, 2.02, 2.021, 0.01577973383805948,0.9888888888888889,0,[1.e-300]
1, 10, 2.0, 2.05, 2.005, 2.013, 0.017349351572897447,0.9777777777777777,0.0,[1.e-300]
2, 10, 2.0, 2.08, 2.02, 2.0269999999999997, 0.0228254244210267,0.9111111111111111,0.014634146341463537,[1.e-300]
3, 10, 2.01, 2.09, 2.05, 2.0469999999999997, 0.02491987158875428,0.9111111111111111,0.004807692307692205,[1.e-300]
4, 10, 2.01, 2.09, 2.03, 2.0389999999999993, 0.027000000000000045,0.9444444444444444,0.0,[1.e-300]
5, 10, 2.0, 2.09, 2.035, 2.038, 0.028913664589601894,0.9222222222222223,0.0,[1.e-300]
6, 10, 2.0, 2.09, 2.035, 2.036, 0.030397368307141338,0.8444444444444444,0.0,[1.e-300]
7, 10, 2.01, 2.09, 2.03, 2.04, 0.025690465157330266,0.8777777777777778,0.0,[1.e-300]
8, 10, 2.01, 2.13, 2.03, 2.0459999999999994, 0.038262252939418005,0.8777777777777778,0.01913875598086126,[1.e-300]
9, 10, 2.0, 2.14, 2.05, 2.0549999999999997, 0.048836461788299125,0.8666666666666667,0.004694835680751282,[1.e-300]
10, 10, 2.0, 2.17, 2.045, 2.065, 0.05953990258641682,0.8777777777777778,0.014018691588784955,[1.e-300]
