n_nodes,influence,n0,n1,n2,n3,n4,n5,n6,n7,n8,n9,n10,n11,n12,n13,n14,n15,n16,n17,n18
19,1683.0700,2109,767,4753,5155,8068,4583,47,242,955,7742,5046,7170,492,7293,615,126,2924,5903,1328
19,1683.0700,2109,767,4753,5155,8068,4583,47,242,955,7742,5046,7170,492,7293,615,126,2924,5903,1328
19,1683.0700,2109,767,4753,5155,8068,4583,47,242,955,7742,5046,7170,492,7293,615,126,2924,5903,1328
19,1682.0000,2109,767,4753,5155,8068,4583,47,5705,1821,4489,5798,7170,492,7293,615,126,2924,5903,1328
19,1681.6000,2109,767,4753,5155,8068,4583,47,5705,1821,4489,5798,7170,492,7293,615,126,2924,5903,1328
19,1680.6800,2109,767,4753,5155,8068,4583,47,5705,1821,4489,5798,7170,492,7293,615,126,2924,5903,1328
19,1680.1000,2109,767,4753,5155,8068,4583,47,5705,1821,4489,5798,7170,492,7293,615,126,2924,5903,1328
19,1680.1000,2109,767,4753,5155,8068,4583,47,5705,1821,4489,5798,7170,492,7293,615,126,2924,5903,1328
19,1680.1000,2109,767,4753,5155,8068,4583,47,5705,1821,4489,5798,7170,492,7293,615,126,2924,5903,1328
19,1680.1000,2109,767,4753,5155,8068,4583,47,5705,1821,4489,5798,7170,492,7293,615,126,2924,5903,1328
19,1680.1000,2109,767,4753,5155,8068,4583,47,5705,1821,4489,5798,7170,492,7293,615,126,2924,5903,1328
19,1680.1000,2109,767,4753,5155,8068,4583,47,5705,1821,4489,5798,7170,492,7293,615,126,2924,5903,1328
19,1680.1000,2109,767,4753,5155,8068,4583,47,5705,1821,4489,5798,7170,492,7293,615,126,2924,5903,1328
19,1680.1000,2109,767,4753,5155,8068,4583,47,5705,1821,4489,5798,7170,492,7293,615,126,2924,5903,1328
19,1680.1000,2109,767,4753,5155,8068,4583,47,5705,1821,4489,5798,7170,492,7293,615,126,2924,5903,1328
19,1680.1000,2109,767,4753,5155,8068,4583,47,5705,1821,4489,5798,7170,492,7293,615,126,2924,5903,1328
