n_nodes,influence,n0,n1,n2,n3,n4
5,89.5700,32,4,742,8,5
5,86.1600,32,4,743,8,5
5,83.2700,768,4,743,8,5
5,83.2700,768,4,743,8,5
5,83.2700,768,4,743,8,5
5,83.2700,768,4,743,8,5
5,83.2700,768,4,743,8,5
5,76.5800,20,4,8,929,18
5,76.1400,32,824,4,8,18
5,75.3400,20,4,8,16,349
5,75.0400,32,4,8,96,17
5,73.7400,4,743,8,16,12
5,73.7400,4,743,8,16,12
5,73.5600,32,4,8,929,18
5,73.5600,32,4,8,929,18
5,73.5600,32,4,8,929,18
5,73.5600,32,4,8,929,18
5,73.5600,32,4,8,929,18
5,73.4600,32,4,742,8,18
5,73.3400,20,4,8,929,18
5,73.3000,32,929,4,8,18
5,73.3000,32,929,4,8,18
5,73.3000,32,929,4,8,18
5,73.3000,32,929,4,8,18
5,73.2300,32,4,8,96,17
5,73.0100,768,4,8,96,31
5,72.9700,16,4,743,8,17
5,72.9700,16,4,743,8,17
5,72.6800,32,4,742,8,18
5,72.6100,16,4,8,96,17
5,72.3700,20,4,8,929,17
5,72.2600,16,4,8,929,18
5,72.2000,32,4,8,96,17
5,72.0400,20,4,8,929,18
5,71.9300,32,4,743,8,17
5,71.8400,16,4,8,929,18
5,71.8400,16,4,8,929,18
5,71.8400,16,4,8,929,18
5,71.8400,16,4,8,929,18
5,71.8300,32,929,4,8,18
5,71.7100,103,4,743,8,31
5,71.6700,768,4,8,96,18
5,71.6200,768,4,34,8,18
5,71.5500,32,4,8,96,17
5,71.5500,32,4,8,96,17
5,71.5500,32,4,8,96,17
5,71.5400,834,4,8,20,504
5,71.4500,32,4,742,8,17
5,71.4500,32,4,742,8,17
5,71.4500,32,4,742,8,17
5,71.4200,16,4,8,96,17
5,71.4200,16,4,8,96,17
5,71.3600,32,824,4,8,18
5,71.3600,32,824,4,8,18
5,71.3600,32,824,4,8,18
5,71.3600,32,824,4,8,18
5,71.3200,32,824,4,8,17
5,70.6800,921,834,4,8,20
5,70.6800,921,834,4,8,20
5,70.6800,921,834,4,8,20
5,70.6800,921,834,4,8,20
5,70.6800,921,834,4,8,20
5,70.6600,20,4,8,929,349
5,70.5500,768,4,743,8,31
5,70.5500,768,4,743,8,31
5,70.5300,16,4,8,929,18
5,70.4800,32,4,742,8,349
5,70.4800,32,4,742,8,349
5,70.4800,32,4,742,8,349
5,70.4800,32,4,742,8,349
5,70.4800,32,4,742,8,349
5,70.4800,32,4,742,8,349
5,70.4800,32,4,742,8,349
5,70.4800,32,4,742,8,349
5,70.4800,32,4,742,8,349
5,70.4800,32,4,742,8,349
5,70.4800,32,4,742,8,349
5,70.4800,32,4,742,8,349
5,70.4800,32,4,742,8,349
5,70.4800,32,4,742,8,349
5,70.4800,32,4,742,8,349
5,70.4800,32,4,742,8,349
5,70.4800,32,4,742,8,349
5,70.4800,32,4,742,8,349
5,70.4800,32,4,742,8,349
5,70.4800,32,4,742,8,349
5,70.4100,20,4,8,929,349
5,70.3600,16,4,743,8,349
5,70.3600,16,4,743,8,349
5,70.3600,16,4,743,8,349
5,70.2900,20,4,8,929,464
5,70.2900,20,4,8,929,464
5,70.2900,20,4,8,929,464
5,70.0700,4,374,8,16,349
5,69.9600,768,4,8,96,17
5,69.9400,768,4,8,96,17
5,69.9400,768,4,8,96,17
5,69.8100,163,96,4,8,17
5,69.7400,957,4,8,20,921
5,69.6700,4,743,8,16,754
5,69.5000,32,4,742,8,349
5,69.5000,929,4,8,18,205
5,69.4200,283,929,4,8,18
5,69.4200,283,929,4,8,18
5,69.4200,283,929,4,8,18
5,69.4200,283,929,4,8,18
5,69.4200,283,929,4,8,18
5,69.4200,283,929,4,8,18
5,69.0800,4,743,8,16,349
5,68.8600,32,4,742,8,349
5,68.8600,768,4,8,96,17
5,68.8600,768,4,8,96,17
5,68.8600,768,4,8,96,17
5,68.8400,20,929,834,4,8
5,68.8400,20,929,834,4,8
5,68.8400,20,929,834,4,8
5,68.8400,20,929,834,4,8
5,68.8400,20,929,834,4,8
5,68.8400,20,929,834,4,8
5,68.8200,768,4,8,929,31
5,68.3900,16,4,8,929,834
5,68.3500,866,4,8,96,17
5,68.3500,866,4,8,96,17
5,68.3500,866,4,8,96,17
5,68.3500,866,4,8,96,17
5,68.2000,735,929,4,8,18
5,68.1900,768,4,8,96,17
5,68.1900,768,4,8,96,17
