generation number, individual number, fitness, candidate
0, 0, 16.05, [2527, 295]
0, 1, 10.4, [244, 269]
0, 2, 9.64, [154, 98]
0, 3, 8.1, [380, 288]
0, 4, 6.54, [285, 2593]
0, 5, 5.8, [274, 4602]
0, 6, 5.73, [278, 2950]
0, 7, 3.24, [4602, 3334]
0, 8, 2.86, [2527, 240]
0, 9, 2.82, [2527, 244]
1, 0, 17.95, [296, 295]
1, 1, 17.45, [3716, 295]
1, 2, 16.31, [2514, 295]
1, 3, 16.05, [2527, 295]
1, 4, 13.83, [2514, 269]
1, 5, 10.4, [244, 269]
1, 6, 8.09, [259, 343]
1, 7, 7.78, [280, 1088]
1, 8, 6.53, [2527, 91]
1, 9, 4.68, [244, 2530]
2, 0, 24.85, [269, 295]
2, 1, 19.26, [874, 295]
2, 2, 18.97, [154, 295]
2, 3, 17.95, [296, 295]
2, 4, 17.45, [3716, 295]
2, 5, 11.23, [226, 259]
2, 6, 10.85, [279, 2530]
2, 7, 8.8, [297, 193]
2, 8, 7.66, [3716, 2530]
2, 9, 7.63, [2515, 1095]
3, 0, 24.85, [269, 295]
3, 1, 19.26, [874, 295]
3, 2, 17.26, [301, 295]
3, 3, 15.51, [1811, 269]
3, 4, 14.59, [269, 1080]
3, 5, 9.36, [226, 220]
3, 6, 9.31, [2593, 2513]
3, 7, 8.84, [874, 302]
3, 8, 8.05, [154, 291]
3, 9, 5.14, [285, 609]
4, 0, 24.85, [269, 295]
4, 1, 19.26, [874, 295]
4, 2, 18.58, [2767, 295]
4, 3, 18.07, [295, 2770]
4, 4, 17.8, [285, 295]
4, 5, 17.06, [288, 295]
4, 6, 9.45, [259, 265]
4, 7, 7.66, [302, 300]
4, 8, 7.23, [265, 2597]
4, 9, 6.68, [149, 1811]
5, 0, 24.85, [269, 295]
5, 1, 23.21, [277, 295]
5, 2, 21.86, [295, 259]
5, 3, 19.26, [874, 295]
5, 4, 11.63, [269, 558]
5, 5, 7.68, [874, 283]
5, 6, 7.0, [2950, 193]
5, 7, 5.51, [874, 316]
5, 8, 5.51, [1082, 275]
5, 9, 4.76, [275, 2764]
6, 0, 24.85, [269, 295]
6, 1, 23.21, [277, 295]
6, 2, 23.07, [277, 295]
6, 3, 19.73, [91, 295]
6, 4, 9.43, [3716, 259]
6, 5, 9.28, [615, 1088]
6, 6, 8.57, [250, 2767]
6, 7, 7.94, [226, 263]
6, 8, 6.56, [534, 2514]
6, 9, 6.21, [2525, 264]
7, 0, 24.85, [269, 295]
7, 1, 23.21, [277, 295]
7, 2, 12.73, [277, 876]
7, 3, 12.25, [300, 1088]
7, 4, 11.94, [269, 2527]
7, 5, 11.24, [279, 2514]
7, 6, 8.99, [2512, 2593]
7, 7, 8.53, [193, 2593]
7, 8, 6.76, [2156, 1811]
7, 9, 6.67, [609, 1080]
8, 0, 24.85, [269, 295]
8, 1, 23.21, [277, 295]
8, 2, 20.13, [300, 295]
8, 3, 15.1, [269, 98]
8, 4, 13.25, [277, 2514]
8, 5, 8.53, [91, 226]
8, 6, 7.15, [265, 2764]
8, 7, 7.12, [2515, 2767]
8, 8, 6.1, [264, 280]
8, 9, 5.72, [264, 2527]
9, 0, 24.85, [269, 295]
9, 1, 23.21, [277, 295]
9, 2, 13.13, [269, 2530]
9, 3, 10.2, [300, 2530]
9, 4, 8.37, [98, 2596]
9, 5, 7.63, [537, 250]
9, 6, 7.15, [2574, 91]
9, 7, 7.13, [1080, 104]
9, 8, 6.67, [264, 209]
9, 9, 6.0, [220, 1069]
10, 0, 24.85, [269, 295]
10, 1, 23.21, [277, 295]
10, 2, 19.93, [302, 295]
10, 3, 14.1, [277, 2513]
10, 4, 13.11, [277, 2595]
10, 5, 12.3, [269, 876]
10, 6, 8.91, [261, 1811]
10, 7, 8.18, [288, 2530]
10, 8, 6.0, [98, 316]
10, 9, 5.6, [285, 280]
