num_genrations,diversity,improvement,best_fitness
0,0.9985887096774193,0,31.91
1,0.8530241935483871,0.39642745220933884,44.56
2,0.560483870967742,0.0,44.56
3,0.6036290322580645,0.01795332136445236,45.36
4,0.2260080645161291,0.10449735449735455,50.1
5,0.24677419354838726,0.0,50.1
6,0.2840725806451613,0.17065868263473047,58.65
7,0.29314516129032264,0.008866155157715314,59.17
8,0.33064516129032273,0.022139597769139683,60.48
9,0.05241935483870963,0.0,60.48
10,0.08629032258064528,0.013062169312169416,61.27
