num_genrations,diversity,improvement,best_fitness
0,1.0,0,469.3799999999991
1,0.7724358974358974,0.0,469.3799999999991
2,0.6070512820512821,0.0,469.3799999999991
3,0.06410256410256387,0.0,469.3799999999991
4,0.009615384615384581,0.0005326174954194906,469.6299999999991
5,0.009615384615384581,-0.0004045738134277089,469.43999999999903
6,0.017948717948717885,0.0,469.43999999999903
7,0.017948717948717885,0.0,469.43999999999903
8,0.019230769230769162,0.03793882072256326,487.2499999999991
9,0.07499999999999996,0.0,487.2499999999991
10,0.10576923076923062,0.0,487.2499999999991
