n_nodes,influence,n0,n1,n2,n3,n4
5,36.4000,109675,114866,46611,38583,38907
5,34.9200,243808,114866,46611,38583,38907
5,34.2000,243808,114866,46611,38583,38907
5,31.8400,243808,114866,46611,119286,38907
5,31.8400,243808,114866,46611,119286,38907
5,31.8400,243808,114866,46611,119286,38907
5,31.7400,243808,114866,46611,38583,38907
5,31.7400,243808,114866,46611,38583,38907
5,31.6000,243808,114866,46611,38583,38907
5,31.5600,243808,114866,46611,38583,38907
5,31.5200,243808,114866,46611,38583,38907
5,31.0200,243808,114866,46611,38583,38907
5,31.0200,243808,114866,46611,38583,38907
5,31.0200,243808,114866,46611,38583,38907
5,31.0200,243808,114866,46611,38583,38907
5,31.0200,243808,114866,46611,38583,38907
