generation number, individual number, fitness, candidate
0, 0, 2.12, [1509, 1425]
0, 1, 2.05, [1025, 1401]
0, 2, 2.05, [521, 1091]
0, 3, 2.03, [1230, 2171]
0, 4, 2.02, [970, 1224]
0, 5, 2.01, [1652, 1403]
0, 6, 2.0, [2110, 645]
0, 7, 2.0, [320, 970]
0, 8, 2.0, [1368, 1131]
0, 9, 2.0, [749, 1157]
1, 0, 2.18, [1509, 1125]
1, 1, 2.12, [1509, 1425]
1, 2, 2.08, [1332, 1425]
1, 3, 2.07, [1332, 1401]
1, 4, 2.05, [1332, 1091]
1, 5, 2.05, [1025, 1401]
1, 6, 2.03, [1417, 1368]
1, 7, 2.02, [1401, 2171]
1, 8, 2.01, [1230, 4227]
1, 9, 2.01, [1025, 1125]
2, 0, 2.18, [1509, 1125]
2, 1, 2.15, [1509, 1201]
2, 2, 2.14, [1509, 1059]
2, 3, 2.12, [1509, 1425]
2, 4, 2.07, [1401, 1425]
2, 5, 2.07, [1230, 1125]
2, 6, 2.05, [585, 1425]
2, 7, 2.03, [1230, 1125]
2, 8, 2.02, [1064, 1403]
2, 9, 2.02, [576, 314]
3, 0, 2.18, [1509, 1125]
3, 1, 2.15, [1509, 1201]
3, 2, 2.11, [1509, 1168]
3, 3, 2.03, [1020, 785]
3, 4, 2.02, [1068, 1025]
3, 5, 2.02, [576, 1064]
3, 6, 2.02, [775, 1279]
3, 7, 2.01, [2989, 2171]
3, 8, 2.01, [751, 695]
3, 9, 2.0, [3662, 1201]
4, 0, 2.27, [1509, 785]
4, 1, 2.18, [1509, 1125]
4, 2, 2.15, [1509, 1201]
4, 3, 2.1, [1401, 1125]
4, 4, 2.03, [1424, 1125]
4, 5, 2.03, [1990, 1201]
4, 6, 2.02, [1935, 1141]
4, 7, 2.01, [1424, 1611]
4, 8, 2.0, [1131, 749]
4, 9, 2.0, [1347, 1168]
5, 0, 2.27, [1509, 785]
5, 1, 2.24, [1509, 1442]
5, 2, 2.18, [1509, 1125]
5, 3, 2.15, [1509, 1230]
5, 4, 2.03, [1058, 1475]
5, 5, 2.03, [1518, 1125]
5, 6, 2.02, [1224, 1064]
5, 7, 2.01, [320, 1225]
5, 8, 2.0, [5684, 775]
5, 9, 2.0, [697, 1028]
6, 0, 2.27, [1509, 785]
6, 1, 2.24, [1509, 1442]
6, 2, 2.21, [1509, 1059]
6, 3, 2.18, [1509, 970]
6, 4, 2.17, [1509, 1131]
6, 5, 2.14, [1509, 1131]
6, 6, 2.11, [1509, 5684]
6, 7, 2.08, [1350, 1403]
6, 8, 2.03, [1350, 1064]
6, 9, 2.01, [1141, 2377]
7, 0, 2.27, [1509, 787]
7, 1, 2.27, [1509, 785]
7, 2, 2.24, [1509, 1442]
7, 3, 2.16, [1509, 787]
7, 4, 2.03, [1091, 1442]
7, 5, 2.02, [1125, 1223]
7, 6, 2.02, [5684, 1091]
7, 7, 2.01, [1090, 788]
7, 8, 2.01, [1287, 1059]
7, 9, 2.0, [1518, 1149]
8, 0, 2.27, [1509, 787]
8, 1, 2.27, [1509, 785]
8, 2, 2.17, [1509, 1141]
8, 3, 2.06, [1401, 1442]
8, 4, 2.04, [1401, 1146]
8, 5, 2.04, [1332, 1580]
8, 6, 2.03, [1146, 1442]
8, 7, 2.03, [1403, 1430]
8, 8, 2.02, [697, 787]
8, 9, 2.0, [775, 1078]
9, 0, 2.27, [1509, 787]
9, 1, 2.27, [1509, 785]
9, 2, 2.19, [1131, 1509]
9, 3, 2.19, [1509, 1480]
9, 4, 2.15, [1509, 2110]
9, 5, 2.02, [1695, 785]
9, 6, 2.01, [140, 576]
9, 7, 2.01, [1475, 1378]
9, 8, 2.0, [1518, 1107]
9, 9, 2.0, [1226, 4227]
10, 0, 2.27, [1509, 787]
10, 1, 2.27, [1509, 785]
10, 2, 2.06, [2377, 785]
10, 3, 2.03, [717, 1125]
10, 4, 2.03, [1131, 1230]
10, 5, 2.03, [585, 787]
10, 6, 2.02, [1990, 1212]
10, 7, 2.02, [1767, 320]
10, 8, 2.02, [1442, 5684]
10, 9, 2.01, [4227, 695]
