generation number, pop_size, worst, best, median, avg, std, diversity, improvement, number_of_selections
0, 10, 2.0, 28.9, 3.73, 7.3, 7.630528159963764,0.9888888888888889,0,[1.e-300]
1, 10, 5.0, 28.95, 8.620000000000001, 12.037, 8.593455707688262,0.9,0.0017301038062283985,[1.e-300]
2, 10, 4.0, 30.49, 8.725, 15.61, 11.42525360768854,0.9,0.05319516407599306,[1.e-300]
3, 10, 2.6, 32.61, 7.24, 15.055999999999997, 12.825924684014014,0.9,0.0695309937684487,[1.e-300]
4, 10, 3.0, 32.61, 7.5, 11.72, 10.32178860469444,0.9333333333333333,0.0,[1.e-300]
5, 10, 5.0, 36.08, 11.3, 17.854999999999997, 12.17851078744852,0.9222222222222223,0.1064090769702545,[1.e-300]
6, 10, 4.0, 36.08, 8.7, 16.622999999999998, 13.302239698637218,0.9,0.0,[1.e-300]
7, 10, 3.53, 36.08, 9.5, 17.147, 13.321320542648914,0.888888888888889,0.0,[1.e-300]
8, 10, 5.0, 36.08, 6.645, 12.086999999999998, 11.357903899928015,0.9555555555555556,0.0,[1.e-300]
9, 10, 7.0, 36.08, 21.66, 21.194, 12.274168973906136,0.8444444444444444,0.0,[1.e-300]
10, 10, 4.0, 36.17, 20.080000000000002, 19.936, 14.472833309342024,0.8555555555555556,0.00249445676274954,[1.e-300]
