generation number, pop_size, worst, best, median, avg, std, diversity, improvement, number_of_selections
0, 10, 3.62, 8.13, 5.885, 6.154999999999999, 1.3717889779408494,0.9888888888888889,0,[1.e-300]
1, 10, 7.12, 9.56, 7.635, 7.956000000000001, 0.7848974455303062,0.8555555555555556,0.17589175891758912,[1.e-300]
2, 10, 6.08, 12.78, 9.07, 8.895999999999999, 2.1110954502343087,0.9444444444444444,0.3368200836820082,[1.e-300]
3, 10, 6.01, 12.78, 8.56, 8.89, 2.0483261459054805,0.9333333333333333,0.0,[1.e-300]
4, 10, 6.24, 12.78, 8.015, 8.556999999999999, 2.006788728292044,0.9666666666666667,0.0,[1.e-300]
5, 10, 6.03, 12.78, 9.6, 9.207999999999998, 2.189122198507886,0.9222222222222223,0.0,[1.e-300]
6, 10, 6.19, 12.78, 9.245000000000001, 9.406, 2.3510304123936807,0.8666666666666667,0.0,[1.e-300]
7, 10, 6.31, 12.78, 10.16, 9.719000000000001, 2.362081497323918,0.9555555555555556,0.0,[1.e-300]
8, 10, 6.17, 13.05, 10.98, 10.537, 2.396501825578274,0.8777777777777778,0.02112676056338039,[1.e-300]
9, 10, 6.73, 13.05, 11.02, 10.564, 1.99454355680692,0.8555555555555555,0.0,[1.e-300]
10, 10, 7.67, 14.15, 12.0, 11.534000000000002, 2.07687842687048,0.8333333333333333,0.08429118773946356,[1.e-300]
