num_genrations,diversity,improvement,best_fitness
0,0.9987450787401575,0,60.27
1,0.9701525590551181,0.0,60.27
2,0.9144192913385827,0.29799236767877885,78.23
3,0.7695866141732284,0.002045251182410796,78.39
4,0.7853346456692913,0.018369690011481025,79.83
5,0.6788385826771653,0.19103094074909183,95.08
6,0.5387057086614173,0.1301009676062264,107.45
7,0.39416830708661443,0.09837133550488593,118.02
8,0.3283956692913388,0.0,118.02
9,0.2698080708661419,0.014489069649212066,119.73
10,0.20302657480314967,0.0,119.73
