generation number, pop_size, worst, best, median, avg, std, diversity, improvement, number_of_selections
0, 10, 3.03, 3.13, 3.05, 3.0660000000000003, 0.03498571136907187,0.9555555555555556,0,[1.e-300]
1, 10, 3.03, 3.17, 3.0949999999999998, 3.096, 0.0422374241638858,0.711111111111111,0.012779552715654964,[1.e-300]
2, 10, 3.03, 3.17, 3.065, 3.0780000000000003, 0.04489988864128733,0.837037037037037,0.0,[1.e-300]
3, 10, 3.03, 3.18, 3.105, 3.108, 0.048948953002081755,0.7111111111111111,0.0031545741324921863,[1.e-300]
4, 10, 3.03, 3.18, 3.0949999999999998, 3.096, 0.04963869458396351,0.7333333333333334,0.0,[1.e-300]
5, 10, 3.03, 3.18, 3.0999999999999996, 3.107, 0.048795491595023485,0.7481481481481482,0.0,[1.e-300]
6, 10, 3.05, 3.18, 3.13, 3.118, 0.045782092569038445,0.8,0.0,[1.e-300]
7, 10, 3.09, 3.18, 3.12, 3.127, 0.027946377224964257,0.7333333333333333,0.0,[1.e-300]
8, 10, 3.03, 3.2, 3.085, 3.1060000000000003, 0.060199667773169735,0.8148148148148149,0.0062893081761006345,[1.e-300]
9, 10, 3.04, 3.2, 3.115, 3.1109999999999998, 0.05204805471869246,0.837037037037037,0.0,[1.e-300]
10, 10, 3.05, 3.23, 3.1100000000000003, 3.129, 0.05872818744010415,0.6074074074074074,0.009374999999999939,[1.e-300]
