generation number, individual number, fitness, candidate
0, 0, 2.13, [1353, 5117]
0, 1, 2.06, [247, 694]
0, 2, 2.05, [697, 2070]
0, 3, 2.04, [934, 1025]
0, 4, 2.02, [1574, 741]
0, 5, 2.02, [1580, 1555]
0, 6, 2.02, [450, 780]
0, 7, 2.01, [483, 1289]
0, 8, 2.0, [78, 1378]
0, 9, 2.0, [450, 1394]
1, 0, 2.13, [1353, 5117]
1, 1, 2.1, [216, 5117]
1, 2, 2.07, [1569, 5117]
1, 3, 2.06, [247, 694]
1, 4, 2.05, [216, 694]
1, 5, 2.03, [1574, 710]
1, 6, 2.01, [1569, 1025]
1, 7, 2.01, [798, 2070]
1, 8, 2.01, [1353, 1430]
1, 9, 2.0, [1353, 320]
2, 0, 2.19, [1289, 5117]
2, 1, 2.13, [1353, 5117]
2, 2, 2.11, [15, 5117]
2, 3, 2.1, [216, 5117]
2, 4, 2.09, [15, 5117]
2, 5, 2.06, [2846, 336]
2, 6, 2.03, [751, 1567]
2, 7, 2.03, [694, 1381]
2, 8, 2.02, [785, 1219]
2, 9, 2.01, [690, 1394]
3, 0, 2.19, [1289, 5117]
3, 1, 2.13, [1353, 5117]
3, 2, 2.11, [339, 5117]
3, 3, 2.07, [609, 5117]
3, 4, 2.04, [78, 5117]
3, 5, 2.03, [1567, 3639]
3, 6, 2.03, [841, 3639]
3, 7, 2.01, [15, 2032]
3, 8, 2.01, [1419, 873]
3, 9, 2.0, [716, 1028]
4, 0, 2.19, [1289, 5117]
4, 1, 2.13, [1353, 5117]
4, 2, 2.1, [1603, 5117]
4, 3, 2.05, [1289, 1029]
4, 4, 2.03, [934, 339]
4, 5, 2.03, [785, 1347]
4, 6, 2.03, [587, 3]
4, 7, 2.02, [1289, 1569]
4, 8, 2.01, [429, 873]
4, 9, 2.01, [2667, 990]
5, 0, 2.19, [1289, 5117]
5, 1, 2.13, [1353, 5117]
5, 2, 2.11, [1543, 5117]
5, 3, 2.08, [850, 5117]
5, 4, 2.02, [1225, 850]
5, 5, 2.02, [3639, 2846]
5, 6, 2.02, [816, 819]
5, 7, 2.01, [1430, 816]
5, 8, 2.0, [1289, 831]
5, 9, 2.0, [3639, 1028]
6, 0, 2.19, [1289, 5117]
6, 1, 2.17, [841, 5117]
6, 2, 2.13, [1353, 5117]
6, 3, 2.11, [520, 1229]
6, 4, 2.1, [1378, 5117]
6, 5, 2.07, [785, 922]
6, 6, 2.06, [1543, 495]
6, 7, 2.04, [841, 2032]
6, 8, 2.01, [439, 694]
6, 9, 2.01, [487, 15]
7, 0, 2.19, [1289, 5117]
7, 1, 2.17, [841, 5117]
7, 2, 2.14, [487, 5117]
7, 3, 2.12, [990, 5117]
7, 4, 2.07, [873, 5117]
7, 5, 2.04, [841, 690]
7, 6, 2.03, [439, 922]
7, 7, 2.02, [841, 1353]
7, 8, 2.02, [2667, 662]
7, 9, 2.01, [450, 545]
8, 0, 2.19, [1289, 5117]
8, 1, 2.17, [841, 5117]
8, 2, 2.15, [1543, 5117]
8, 3, 2.14, [809, 5117]
8, 4, 2.04, [487, 2070]
8, 5, 2.03, [1827, 1289]
8, 6, 2.02, [1289, 691]
8, 7, 2.01, [483, 1567]
8, 8, 2.0, [809, 751]
8, 9, 2.0, [339, 1574]
9, 0, 2.19, [1289, 5117]
9, 1, 2.17, [841, 5117]
9, 2, 2.1, [841, 5117]
9, 3, 2.04, [1289, 1414]
9, 4, 2.03, [841, 1967]
9, 5, 2.02, [819, 1394]
9, 6, 2.02, [336, 1514]
9, 7, 2.01, [841, 545]
9, 8, 2.01, [336, 1394]
9, 9, 2.0, [2490, 1580]
10, 0, 2.19, [1289, 5117]
10, 1, 2.17, [841, 5117]
10, 2, 2.14, [710, 5117]
10, 3, 2.04, [841, 1025]
10, 4, 2.02, [819, 2436]
10, 5, 2.01, [1567, 656]
10, 6, 2.0, [320, 690]
10, 7, 2.0, [339, 320]
10, 8, 2.0, [3, 1029]
10, 9, 2.0, [1028, 320]
