num_genrations,diversity,improvement,best_fitness
0,0.9999753937007874,0,1674.42
1,0.9700787401574803,0.5357556646480571,2571.5
2,0.9280511811023622,0.006206494264048235,2587.46
3,0.7868602362204724,0.014442735346633335,2624.83
4,0.6042568897637796,0.0717684573858117,2813.21
5,0.5470226377952755,0.028927808446578857,2894.59
6,0.42721456692913384,0.11983389702859468,3241.46
7,0.4113435039370077,0.0,3241.46
8,0.3654773622047246,0.0,3241.46
9,0.37805118110236235,0.005914001715276472,3260.63
10,0.19650590551181113,0.031588987404274634,3363.63
