n_nodes,influence,n0,n1,n2,n3,n4
5,228.1300,6702,4398,36,845,1521
5,228.1300,6702,4398,36,845,1521
5,228.1300,6702,4398,36,845,1521
5,228.1300,6702,4398,36,845,1521
5,228.1300,6702,4398,36,845,1521
5,228.1300,6702,4398,36,845,1521
5,228.1300,6702,4398,36,845,1521
5,228.1300,6702,4398,36,845,1521
5,228.1300,6702,4398,36,845,1521
5,228.1300,6702,4398,36,845,1521
5,228.1300,6702,4398,36,845,1521
5,228.1300,6702,4398,36,845,1521
5,224.3400,6702,4398,36,845,1521
5,220.4100,6702,4398,36,845,1521
5,220.3800,6702,4398,36,845,1521
5,220.1000,6702,4398,36,845,1521
