n_nodes,influence,n0,n1,n2,n3,n4
5,264.1300,120345,79362,89527,47804,66718
5,264.1300,120345,79362,89527,47804,66718
5,264.1300,120345,79362,89527,47804,66718
5,264.1300,120345,79362,89527,47804,66718
5,264.1300,120345,79362,89527,47804,66718
5,264.1300,120345,79362,89527,47804,66718
5,264.1300,120345,79362,89527,47804,66718
5,264.1300,120345,79362,89527,47804,66718
5,264.1300,120345,79362,89527,47804,66718
5,264.1300,120345,79362,89527,47804,66718
5,264.1300,120345,79362,89527,47804,66718
5,264.1300,120345,79362,89527,47804,66718
5,252.7000,79362,13697,89527,47804,66718
5,252.7000,79362,13697,89527,47804,66718
5,252.7000,79362,13697,89527,47804,66718
5,252.7000,79362,13697,89527,47804,66718
