n_nodes,influence,n0,n1,n2,n3,n4,n5,n6,n7,n8,n9,n10,n11,n12,n13,n14
15,769.6100,6305,737,3456,2328,7053,2909,3642,5708,7707,996,172,1688,371,5796,36
15,769.6100,6305,737,3456,2328,7053,2909,3642,5708,7707,996,172,1688,371,5796,36
15,769.6100,6305,737,3456,2328,7053,2909,3642,5708,7707,996,172,1688,371,5796,36
15,769.6100,6305,737,3456,2328,7053,2909,3642,5708,7707,996,172,1688,371,5796,36
15,769.6100,6305,737,3456,2328,7053,2909,3642,5708,7707,996,172,1688,371,5796,36
15,769.6100,6305,737,3456,2328,7053,2909,3642,5708,7707,996,172,1688,371,5796,36
15,769.6100,6305,737,3456,2328,7053,2909,3642,5708,7707,996,172,1688,371,5796,36
15,769.6100,6305,737,3456,2328,7053,2909,3642,5708,7707,996,172,1688,371,5796,36
15,769.6100,6305,737,3456,2328,7053,2909,3642,5708,7707,996,172,1688,371,5796,36
15,769.6100,6305,737,3456,2328,7053,2909,3642,5708,7707,996,172,1688,371,5796,36
15,769.6100,6305,737,3456,2328,7053,2909,3642,5708,7707,996,172,1688,371,5796,36
15,769.6100,6305,737,3456,2328,7053,2909,3642,5708,7707,996,172,1688,371,5796,36
15,769.6100,6305,737,3456,2328,7053,2909,3642,5708,7707,996,172,1688,371,5796,36
15,769.6100,6305,737,3456,2328,7053,2909,3642,5708,7707,996,172,1688,371,5796,36
15,769.6100,6305,737,3456,2328,7053,2909,3642,5708,7707,996,172,1688,371,5796,36
15,769.6100,6305,737,3456,2328,7053,2909,3642,5708,7707,996,172,1688,371,5796,36
15,769.6100,6305,737,3456,2328,7053,2909,3642,5708,7707,996,172,1688,371,5796,36
15,769.6100,6305,737,3456,2328,7053,2909,3642,5708,7707,996,172,1688,371,5796,36
15,769.6100,6305,737,3456,2328,7053,2909,3642,5708,7707,996,172,1688,371,5796,36
15,769.6100,6305,737,3456,2328,7053,2909,3642,5708,7707,996,172,1688,371,5796,36
15,769.6100,6305,737,3456,2328,7053,2909,3642,5708,7707,996,172,1688,371,5796,36
15,769.6100,6305,737,3456,2328,7053,2909,3642,5708,7707,996,172,1688,371,5796,36
15,769.6100,6305,737,3456,2328,7053,2909,3642,5708,7707,996,172,1688,371,5796,36
15,769.6100,6305,737,3456,2328,7053,2909,3642,5708,7707,996,172,1688,371,5796,36
15,769.6100,6305,737,3456,2328,7053,2909,3642,5708,7707,996,172,1688,371,5796,36
15,769.6100,6305,737,3456,2328,7053,2909,3642,5708,7707,996,172,1688,371,5796,36
15,769.6100,6305,737,3456,2328,7053,2909,3642,5708,7707,996,172,1688,371,5796,36
15,769.5800,6305,737,3456,2328,7053,2909,3642,5708,7707,996,172,1688,371,5796,36
15,769.5800,6305,737,3456,2328,7053,2909,3642,5708,7707,996,172,1688,371,5796,36
15,767.7800,6305,737,3456,2328,7053,2909,3642,5708,7707,996,172,1688,371,5796,36
15,767.7800,6305,737,3456,2328,7053,2909,3642,5708,7707,996,172,1688,371,5796,36
15,767.7800,6305,737,3456,2328,7053,2909,3642,5708,7707,996,172,1688,371,5796,36
