num_genrations,diversity,improvement,best_fitness
0,1.0,0,8.650000000000004
1,0.942741935483871,0.0,8.650000000000004
2,0.8350806451612903,0.0011560693641618246,8.660000000000004
3,0.7173387096774193,0.0011547344110854252,8.670000000000003
4,0.7326612903225806,0.0,8.670000000000003
5,0.6278225806451614,0.0023068050749711147,8.690000000000003
6,0.584274193548387,0.0,8.690000000000003
7,0.5189516129032259,0.0,8.690000000000003
8,0.5080645161290323,0.0,8.690000000000003
9,0.5633064516129033,0.0011507479861912037,8.700000000000005
10,0.5173387096774194,0.0011494252873562967,8.710000000000004
