n_nodes,influence,n0,n1,n2,n3,n4
5,387.9500,8,3,7,0,9
5,387.9500,8,3,7,0,9
5,387.6100,8,3,7,0,9
5,387.6100,8,3,7,0,9
5,387.6100,8,3,7,0,9
5,387.6100,8,3,7,0,9
5,387.6100,8,3,7,0,9
5,387.6100,8,3,7,0,9
5,387.6100,8,3,7,0,9
5,387.6100,8,3,7,0,9
5,387.6100,8,3,7,0,9
5,387.6100,8,3,7,0,9
5,387.6100,8,3,7,0,9
5,387.6100,8,3,7,0,9
5,387.6100,8,3,7,0,9
5,387.6100,8,3,7,0,9
5,387.6100,8,3,7,0,9
5,387.6100,8,3,7,0,9
5,387.6100,8,3,7,0,9
5,387.6100,8,3,7,0,9
5,387.6100,8,3,7,0,9
5,387.6100,8,3,7,0,9
5,387.6100,8,3,7,0,9
5,387.6100,8,3,7,0,9
5,387.6100,8,3,7,0,9
5,387.6100,8,3,7,0,9
5,387.6100,8,3,7,0,9
5,387.6100,8,3,7,0,9
5,387.6100,8,3,7,0,9
5,387.6100,8,3,7,0,9
5,387.6100,8,3,7,0,9
5,387.6100,8,3,7,0,9
5,387.6100,8,3,7,0,9
5,387.6100,8,3,7,0,9
5,387.6100,8,3,7,0,9
5,387.6100,8,3,7,0,9
5,387.6100,8,3,7,0,9
5,387.6100,8,3,7,0,9
5,387.6100,8,3,7,0,9
5,387.6100,8,3,7,0,9
5,387.6100,8,3,7,0,9
5,387.6100,8,3,7,0,9
5,387.6100,8,3,7,0,9
5,387.6100,8,3,7,0,9
5,387.6100,8,3,7,0,9
5,387.6100,8,3,7,0,9
5,387.6100,8,3,7,0,9
5,387.6100,8,3,7,0,9
5,387.6100,8,3,7,0,9
5,387.6100,8,3,7,0,9
5,387.6100,8,3,7,0,9
5,387.6100,8,3,7,0,9
5,387.6100,8,3,7,0,9
5,387.6100,8,3,7,0,9
5,387.6100,8,3,7,0,9
5,387.6100,8,3,7,0,9
5,387.6100,8,3,7,0,9
5,387.6100,8,3,7,0,9
5,387.6100,8,3,7,0,9
5,387.6100,8,3,7,0,9
5,387.6100,8,3,7,0,9
5,387.6100,8,3,7,0,9
5,387.6100,8,3,7,0,9
5,387.6100,8,3,7,0,9
5,387.6100,8,3,7,0,9
5,387.6100,8,3,7,0,9
5,387.6100,8,3,7,0,9
5,387.6100,8,3,7,0,9
5,387.6100,8,3,7,0,9
5,387.6100,8,3,7,0,9
5,387.6100,8,3,7,0,9
5,387.6100,8,3,7,0,9
5,387.6100,8,3,7,0,9
5,387.6100,8,3,7,0,9
5,387.6100,8,3,7,0,9
5,387.6100,8,3,7,0,9
5,387.6100,8,3,7,0,9
5,387.6100,8,3,7,0,9
5,387.6100,8,3,7,0,9
5,387.6100,8,3,7,0,9
5,387.6100,8,3,7,0,9
5,387.6100,8,3,7,0,9
5,387.6100,8,3,7,0,9
5,387.6100,8,3,7,0,9
5,387.6100,8,3,7,0,9
5,387.6100,8,3,7,0,9
5,387.6100,8,3,7,0,9
5,387.6100,8,3,7,0,9
5,387.6100,8,3,7,0,9
5,387.6100,8,3,7,0,9
5,387.6100,8,3,7,0,9
5,387.6100,8,3,7,0,9
5,387.6100,8,3,7,0,9
5,387.6100,8,3,7,0,9
5,387.6100,8,3,7,0,9
5,387.6100,8,3,7,0,9
5,387.6100,8,3,7,0,9
5,387.6100,8,3,7,0,9
5,387.6100,8,3,7,0,9
5,387.6100,8,3,7,0,9
5,387.4800,8,3,7,0,9
5,386.9400,8,3,7,0,9
5,386.8200,8,3,7,0,9
5,386.7600,8,3,7,0,9
5,386.4900,8,3,7,0,9
5,386.3200,8,3,7,0,9
5,386.2000,8,3,7,0,9
5,386.2000,8,3,7,0,9
5,386.2000,8,3,7,0,9
5,386.2000,8,3,7,0,9
5,386.2000,8,3,7,0,9
5,386.2000,8,3,7,0,9
5,386.2000,8,3,7,0,9
5,386.2000,8,3,7,0,9
5,386.0600,8,3,7,0,9
5,386.0100,8,3,7,0,9
5,385.7600,8,3,7,0,9
5,385.7600,8,3,7,0,9
5,385.7600,8,3,7,0,9
5,385.7600,8,3,7,0,9
5,385.7600,8,3,7,0,9
5,385.7600,8,3,7,0,9
5,385.7600,8,3,7,0,9
5,385.7600,8,3,7,0,9
5,385.7400,8,3,7,0,9
5,385.6800,8,3,7,0,9
5,385.6600,8,3,7,0,9
5,385.6600,8,3,7,0,9
