generation number, pop_size, worst, best, median, avg, std, diversity, improvement, number_of_selections
0, 10, 4.79, 8.86, 6.465, 6.563, 1.3550132840677245,0.9444444444444444,0,[1.e-300]
1, 10, 6.08, 10.45, 8.190000000000001, 8.03, 1.2687080042310759,0.8111111111111111,0.17945823927765236,[10.]
2, 10, 6.46, 10.45, 7.824999999999999, 8.188999999999998, 1.2227056064319,0.9222222222222223,0.0,[20.]
3, 10, 6.25, 10.86, 8.65, 8.596, 1.5808870927425525,0.9222222222222223,0.039234449760765566,[30.]
4, 10, 5.52, 12.11, 7.945, 8.247, 2.1882552410539313,0.9777777777777777,0.11510128913443832,[40.]
5, 10, 6.31, 12.11, 9.135, 9.058, 1.6710942522790269,0.9111111111111111,0.0,[50.]
6, 10, 6.0, 12.11, 9.629999999999999, 9.318999999999999, 1.672587516394882,0.8777777777777778,0.0,[60.]
7, 10, 7.4, 12.11, 8.879999999999999, 9.373000000000001, 1.4624845298327087,0.8666666666666667,0.0,[70.]
8, 10, 6.84, 12.11, 8.705, 8.96, 1.6431676725154982,0.9111111111111111,0.0,[80.]
9, 10, 4.72, 12.11, 8.925, 9.034000000000002, 2.0743249504356833,0.9222222222222223,0.0,[90.]
10, 10, 5.04, 12.11, 6.92, 7.7780000000000005, 2.3960500829490186,0.9555555555555556,0.0,[100.]
