n_nodes,influence,n0,n1,n2,n3,n4
5,24.0600,255617,229225,217268,95347,171995
5,23.3200,255617,229225,246034,95347,90862
5,23.1900,255617,229225,217268,95347,171995
5,23.0100,255617,229225,171995,95347,90862
5,22.8500,255617,229225,90862,246034,213693
5,22.8000,255617,229225,171995,95347,90862
5,22.8000,255617,229225,246034,95347,90862
5,22.8000,255617,229225,246034,95347,90862
5,22.8000,255617,229225,246034,95347,90862
5,22.8000,255617,229225,246034,95347,90862
5,22.7400,50509,229225,95347,178392,171995
5,22.7300,255617,229225,171995,95347,178392
5,22.7300,255617,229225,171995,95347,178392
5,22.7300,255617,229225,171995,95347,178392
5,22.6800,255617,229225,171995,95347,90862
5,22.6600,255617,229225,246034,95347,90862
5,22.6600,255617,229225,246034,95347,90862
5,22.6600,255617,229225,246034,95347,90862
5,22.6600,255617,229225,246034,95347,90862
5,22.6400,255617,229225,246034,95347,90862
5,22.5500,255617,229225,171995,95347,90862
5,22.5500,255617,229225,171995,95347,90862
5,22.5500,255617,229225,171995,95347,90862
5,22.4900,255617,229225,171995,95347,90862
5,22.4900,255617,229225,171995,95347,90862
5,22.4900,255617,229225,171995,95347,90862
5,22.4900,255617,229225,171995,95347,90862
5,22.4900,255617,229225,171995,95347,90862
5,22.4900,255617,229225,171995,95347,90862
5,22.4600,255617,229225,171995,95347,90862
5,22.4600,255617,229225,171995,95347,90862
5,22.4600,255617,229225,171995,95347,90862
5,22.4600,255617,229225,171995,95347,90862
5,22.4600,255617,229225,171995,95347,90862
5,22.4400,255617,229225,171995,95347,90862
5,22.4200,255617,229225,171995,95347,90862
5,22.4200,255617,229225,171995,95347,90862
5,22.4200,255617,229225,171995,95347,90862
5,22.3400,255617,229225,213112,95347,178392
5,22.3400,255617,229225,213112,95347,178392
5,22.3400,255617,229225,213112,95347,178392
5,22.3400,255617,229225,213112,95347,178392
5,22.3400,255617,229225,213112,95347,178392
5,22.3400,255617,229225,213112,95347,178392
5,22.3400,255617,229225,213112,95347,178392
5,22.3400,255617,229225,213112,95347,178392
5,22.3400,255617,229225,213112,95347,178392
5,22.3400,255617,229225,213112,95347,178392
5,22.3100,255617,229225,171995,95347,90862
5,22.2300,255617,229225,171995,95347,90862
5,22.2200,255617,229225,171995,95347,90862
5,22.2200,255617,229225,171995,95347,90862
5,22.2200,255617,229225,171995,95347,90862
5,22.1800,255617,229225,171995,95347,90862
5,22.1600,255617,229225,171995,95347,90862
5,22.1600,255617,229225,171995,95347,90862
5,22.1600,255617,229225,171995,95347,90862
5,22.1600,255617,229225,171995,95347,90862
5,22.1600,255617,229225,171995,95347,90862
5,22.1600,255617,229225,171995,95347,90862
5,22.1400,255617,229225,213112,95347,90862
5,22.1400,255617,229225,171995,95347,90862
5,22.1400,255617,229225,213112,95347,90862
5,22.1400,255617,229225,213112,95347,90862
