generation number, pop_size, worst, best, median, avg, std, diversity, improvement, number_of_selections
0, 10, 6.93, 15.14, 10.835, 11.114, 2.656295164321917,0.9703703703703703,0,[1.e-300]
1, 10, 12.24, 15.6, 13.96, 13.965, 1.1469023498101312,0.8666666666666667,0.030383091149273386,[10.]
2, 10, 11.72, 17.81, 14.440000000000001, 14.348000000000003, 1.8161266475661872,0.7925925925925926,0.1416666666666666,[20.]
3, 10, 13.67, 18.76, 15.58, 15.937999999999999, 1.6032891192794891,0.7185185185185186,0.053340819764177594,[30.]
4, 10, 12.79, 19.53, 15.155000000000001, 15.648999999999997, 2.2123898842654297,0.8074074074074074,0.04104477611940296,[40.]
5, 10, 11.5, 19.53, 14.75, 14.978, 2.862885956513113,0.837037037037037,0.0,[50.]
6, 10, 13.2, 20.71, 15.35, 16.52, 2.8508139188659793,0.762962962962963,0.06041986687147976,[60.]
7, 10, 13.1, 20.71, 16.215, 16.572, 2.3373352348347467,0.8,0.0,[70.]
8, 10, 11.29, 20.71, 16.61, 16.244999999999997, 2.970711194310211,0.7777777777777778,0.0,[80.]
9, 10, 15.19, 20.71, 16.75, 17.479, 1.9038826119275316,0.7555555555555555,0.0,[90.]
10, 10, 14.79, 20.71, 16.51, 17.319, 2.1196152952835567,0.8296296296296296,0.0,[100.]
