num_genrations,diversity,improvement,best_fitness
0,0.9999753937007874,0,228.35
1,0.9716043307086614,0.0,228.35
2,0.9255167322834645,0.5987738121305014,365.08
3,0.8088090551181102,-0.1328475950476608,316.58
4,0.5977854330708662,0.06702887105944794,337.8
5,0.6608267716535432,0.45935464772054474,492.97
6,0.6311023622047245,0.0,492.97
7,0.7087352362204724,0.22471955697101237,603.75
8,0.6110482283464567,0.0,603.75
9,0.3982037401574805,0.002285714285714278,605.13
10,0.3601624015748033,0.019103333168079686,616.69
