generation number, individual number, fitness, candidate
0, 0, 12.89, [295, 1825, 1987]
0, 1, 12.12, [2260, 1829, 4131]
0, 2, 11.97, [3736, 3747, 3739]
0, 3, 11.5, [159, 275, 2261]
0, 4, 11.28, [3777, 3752, 3760]
0, 5, 11.26, [4128, 287, 1834]
0, 6, 10.65, [1831, 1828, 295]
0, 7, 8.17, [1686, 3744, 3743]
0, 8, 7.89, [3777, 996, 4129]
0, 9, 7.49, [3759, 996, 359]
1, 0, 14.69, [159, 1825, 2463]
1, 1, 12.89, [295, 1825, 1987]
1, 2, 12.75, [546, 1825, 1987]
1, 3, 12.66, [271, 1825, 4131]
1, 4, 12.5, [271, 1825, 2261]
1, 5, 12.43, [295, 1829, 3105]
1, 6, 12.32, [284, 275, 1987]
1, 7, 12.12, [2260, 1829, 4131]
1, 8, 11.93, [2261, 282, 1987]
1, 9, 10.41, [271, 3105, 1987]
2, 0, 15.13, [284, 1825, 1987]
2, 1, 14.89, [101, 1825, 4131]
2, 2, 14.79, [284, 1825, 1987]
2, 3, 14.73, [159, 1825, 2463]
2, 4, 14.69, [159, 1825, 2463]
2, 5, 14.02, [3760, 1831, 270]
2, 6, 13.59, [546, 1825, 3777]
2, 7, 12.89, [295, 1825, 1987]
2, 8, 12.38, [295, 1825, 4130]
2, 9, 11.21, [295, 1825, 1605]
3, 0, 16.66, [284, 1825, 4128]
3, 1, 15.13, [284, 1825, 1987]
3, 2, 14.89, [101, 1825, 4131]
3, 3, 14.69, [72, 1825, 2463]
3, 4, 14.47, [284, 1831, 1987]
3, 5, 14.24, [101, 1831, 1987]
3, 6, 13.93, [2595, 1825, 4131]
3, 7, 13.42, [4129, 1831, 3754]
3, 8, 12.87, [159, 3741, 1987]
3, 9, 12.56, [284, 1830, 4131]
4, 0, 16.66, [284, 1825, 4128]
4, 1, 16.62, [284, 1825, 4128]
4, 2, 15.77, [284, 1825, 3760]
4, 3, 15.24, [284, 1825, 270]
4, 4, 15.13, [284, 1825, 1987]
4, 5, 14.48, [3749, 1825, 4128]
4, 6, 14.08, [72, 1825, 2261]
4, 7, 12.59, [3777, 1825, 1987]
4, 8, 11.71, [284, 3759, 2595]
4, 9, 10.87, [101, 1830, 1987]
5, 0, 17.5, [284, 1825, 2229]
5, 1, 17.12, [282, 1825, 3760]
5, 2, 16.66, [284, 1825, 4128]
5, 3, 16.62, [284, 1825, 4128]
5, 4, 15.27, [284, 1825, 4130]
5, 5, 15.04, [284, 1825, 4130]
5, 6, 15.02, [284, 3752, 3760]
5, 7, 11.95, [1831, 1828, 4128]
5, 8, 11.02, [284, 3744, 1006]
5, 9, 10.91, [293, 1825, 1605]
6, 0, 19.27, [284, 1825, 3736]
6, 1, 19.07, [3736, 1825, 2229]
6, 2, 18.14, [282, 1831, 2229]
6, 3, 17.5, [284, 1825, 2229]
6, 4, 17.12, [282, 1825, 3760]
6, 5, 16.96, [282, 1825, 3760]
6, 6, 15.99, [284, 2229, 3747]
6, 7, 14.79, [295, 1831, 101]
6, 8, 13.73, [282, 275, 4128]
6, 9, 13.26, [284, 1825, 1588]
7, 0, 20.41, [282, 2229, 3736]
7, 1, 20.12, [282, 1831, 3736]
7, 2, 19.27, [284, 1825, 3736]
7, 3, 19.07, [3736, 1825, 2229]
7, 4, 17.95, [282, 1825, 3747]
7, 5, 17.26, [3100, 1825, 3742]
7, 6, 15.49, [3733, 1825, 2229]
7, 7, 14.48, [3737, 1831, 1541]
7, 8, 14.3, [284, 1834, 2229]
7, 9, 13.8, [3752, 159, 3743]
8, 0, 20.41, [282, 2229, 3736]
8, 1, 20.21, [282, 3736, 2229]
8, 2, 20.12, [282, 1831, 3736]
8, 3, 18.32, [282, 229, 3736]
8, 4, 18.09, [282, 2229, 181]
8, 5, 13.77, [282, 2229, 284]
8, 6, 13.6, [77, 1686, 693]
8, 7, 13.16, [1834, 229, 689]
8, 8, 12.07, [3743, 3105, 3739]
8, 9, 11.71, [77, 1828, 3777]
9, 0, 20.41, [282, 2229, 3736]
9, 1, 20.21, [282, 3736, 2229]
9, 2, 19.39, [159, 2229, 3736]
9, 3, 18.88, [1831, 2229, 3736]
9, 4, 18.81, [282, 2229, 181]
9, 5, 16.74, [282, 2229, 546]
9, 6, 16.49, [77, 1825, 2598]
9, 7, 16.31, [282, 1834, 3736]
9, 8, 13.05, [3756, 270, 2229]
9, 9, 13.0, [1686, 229, 3736]
10, 0, 20.41, [282, 2229, 3736]
10, 1, 20.21, [282, 3736, 2229]
10, 2, 17.57, [77, 1987, 3736]
10, 3, 16.46, [1315, 2229, 3742]
10, 4, 16.09, [282, 181, 3741]
10, 5, 13.61, [3756, 3736, 4128]
10, 6, 13.59, [3753, 2229, 3397]
10, 7, 13.3, [282, 284, 3100]
10, 8, 13.1, [3756, 2229, 2261]
10, 9, 12.49, [2598, 3736, 3744]
11, 0, 20.41, [282, 2229, 3736]
11, 1, 20.21, [282, 3736, 2229]
11, 2, 19.52, [77, 2229, 3742]
11, 3, 18.34, [282, 689, 2229]
11, 4, 17.59, [77, 1987, 3736]
11, 5, 17.45, [77, 2229, 3737]
11, 6, 17.41, [77, 3736, 1987]
11, 7, 16.11, [1315, 2156, 3736]
11, 8, 15.92, [1825, 3755, 2229]
11, 9, 15.8, [77, 3759, 2229]
12, 0, 20.41, [282, 2229, 3736]
12, 1, 20.21, [282, 3736, 2229]
12, 2, 19.31, [77, 689, 3736]
12, 3, 16.91, [282, 3736, 1987]
12, 4, 16.31, [77, 1825, 295]
12, 5, 15.51, [3742, 3100, 3736]
12, 6, 15.22, [282, 4128, 3739]
12, 7, 14.42, [282, 3743, 3749]
12, 8, 14.29, [282, 181, 2490]
12, 9, 14.23, [2260, 2229, 3750]
13, 0, 20.41, [282, 2229, 3736]
13, 1, 20.21, [282, 3736, 2229]
13, 2, 20.16, [77, 1829, 3736]
13, 3, 16.57, [282, 3754, 3736]
13, 4, 16.21, [77, 3736, 2490]
13, 5, 14.55, [101, 2156, 3741]
13, 6, 14.47, [282, 3736, 2490]
13, 7, 13.46, [285, 693, 2229]
13, 8, 12.69, [282, 2598, 3750]
13, 9, 11.03, [1834, 3735, 3736]
14, 0, 20.41, [282, 2229, 3736]
14, 1, 20.21, [282, 3736, 2229]
14, 2, 19.78, [284, 2229, 3736]
14, 3, 16.63, [282, 2463, 3736]
14, 4, 16.47, [282, 3754, 3736]
14, 5, 15.49, [77, 3736, 2464]
14, 6, 15.29, [1825, 3756, 3744]
14, 7, 13.16, [3747, 2229, 3758]
14, 8, 11.9, [282, 2490, 3743]
14, 9, 11.57, [1834, 3750, 3752]
15, 0, 20.41, [282, 2229, 3736]
15, 1, 20.21, [282, 3736, 2229]
15, 2, 16.59, [284, 1322, 1825]
15, 3, 16.56, [282, 275, 3736]
15, 4, 16.55, [282, 2229, 3749]
15, 5, 16.44, [282, 119, 3736]
15, 6, 16.04, [282, 3736, 293]
15, 7, 15.92, [282, 4108, 3736]
15, 8, 13.4, [282, 3756, 3746]
15, 9, 9.81, [2261, 3755, 3733]
16, 0, 21.25, [77, 3736, 2229]
16, 1, 20.41, [282, 2229, 3736]
16, 2, 20.21, [282, 3736, 2229]
16, 3, 17.71, [282, 1322, 3736]
16, 4, 17.09, [77, 3736, 275]
16, 5, 14.65, [282, 2598, 3754]
16, 6, 13.29, [1605, 2229, 1825]
16, 7, 13.04, [2490, 3736, 1541]
16, 8, 12.61, [3753, 159, 1322]
16, 9, 10.58, [1825, 1987, 3735]
17, 0, 21.74, [77, 2229, 3736]
17, 1, 21.25, [77, 3736, 2229]
17, 2, 20.41, [282, 2229, 3736]
17, 3, 19.1, [77, 3745, 2229]
17, 4, 17.75, [77, 287, 2229]
17, 5, 17.71, [159, 3736, 2229]
17, 6, 16.67, [2261, 3736, 181]
17, 7, 14.72, [282, 2229, 1006]
17, 8, 14.72, [275, 3736, 3741]
17, 9, 13.21, [77, 3759, 3755]
18, 0, 21.74, [77, 2229, 3736]
18, 1, 21.25, [77, 3736, 2229]
18, 2, 16.76, [282, 2229, 4129]
18, 3, 15.9, [77, 287, 3746]
18, 4, 15.48, [1833, 2229, 3736]
18, 5, 14.46, [77, 1322, 1834]
18, 6, 14.35, [101, 3777, 3736]
18, 7, 13.58, [263, 3736, 2229]
18, 8, 13.43, [3741, 4108, 2229]
18, 9, 12.09, [1686, 159, 3742]
19, 0, 21.74, [77, 2229, 3736]
19, 1, 21.34, [77, 2229, 3736]
19, 2, 21.25, [77, 3736, 2229]
19, 3, 17.53, [77, 2229, 4131]
19, 4, 17.05, [282, 2229, 287]
19, 5, 15.73, [282, 2463, 3736]
19, 6, 13.43, [3743, 2229, 3749]
19, 7, 13.26, [77, 4128, 4129]
19, 8, 12.93, [2595, 2229, 287]
19, 9, 12.19, [3747, 3745, 3736]
20, 0, 21.74, [77, 2229, 3736]
20, 1, 21.34, [77, 2229, 3736]
20, 2, 19.77, [77, 1825, 3100]
20, 3, 18.06, [77, 2229, 3754]
20, 4, 16.74, [77, 2229, 3755]
20, 5, 16.02, [77, 3736, 271]
20, 6, 15.85, [77, 4128, 3760]
20, 7, 14.06, [77, 3750, 3755]
20, 8, 13.98, [1831, 3105, 3777]
20, 9, 12.66, [3749, 1829, 3743]
21, 0, 21.74, [77, 2229, 3736]
21, 1, 21.34, [77, 2229, 3736]
21, 2, 17.68, [2260, 1825, 3736]
21, 3, 17.52, [77, 1825, 3733]
21, 4, 17.15, [77, 2229, 3739]
21, 5, 16.83, [77, 2229, 3745]
21, 6, 16.34, [275, 2229, 3100]
21, 7, 15.65, [1829, 2260, 3736]
21, 8, 15.34, [689, 4128, 3736]
21, 9, 13.5, [263, 2229, 3100]
22, 0, 21.74, [77, 2229, 3736]
22, 1, 21.34, [77, 2229, 3736]
22, 2, 17.43, [77, 275, 3736]
22, 3, 14.89, [2260, 2229, 3754]
22, 4, 14.05, [2261, 3747, 1831]
22, 5, 13.92, [77, 2261, 4129]
22, 6, 13.73, [77, 1987, 3777]
22, 7, 12.31, [3747, 1829, 4131]
22, 8, 12.24, [3758, 2598, 3736]
22, 9, 12.13, [77, 1040, 2490]
23, 0, 21.74, [77, 2229, 3736]
23, 1, 21.34, [77, 2229, 3736]
23, 2, 16.85, [1825, 2463, 3736]
23, 3, 16.74, [77, 270, 3736]
23, 4, 16.32, [77, 1829, 1831]
23, 5, 15.86, [77, 2229, 996]
23, 6, 13.76, [229, 3100, 3749]
23, 7, 13.55, [2260, 1987, 3736]
23, 8, 12.21, [4128, 2229, 4131]
23, 9, 10.59, [77, 275, 295]
24, 0, 21.74, [77, 2229, 3736]
24, 1, 21.34, [77, 2229, 3736]
24, 2, 17.4, [77, 3736, 3760]
24, 3, 16.92, [1825, 1987, 3736]
24, 4, 16.16, [77, 3100, 3760]
24, 5, 16.1, [275, 2229, 3742]
24, 6, 15.53, [159, 2463, 3736]
24, 7, 14.71, [77, 2463, 3744]
24, 8, 14.66, [3754, 3744, 2229]
24, 9, 14.35, [159, 3760, 3736]
25, 0, 21.74, [77, 2229, 3736]
25, 1, 21.34, [77, 2229, 3736]
25, 2, 16.46, [159, 3736, 1829]
25, 3, 16.22, [77, 275, 3100]
25, 4, 15.72, [77, 287, 3733]
25, 5, 15.46, [1825, 2229, 3746]
25, 6, 15.21, [159, 1987, 3736]
25, 7, 14.78, [77, 3736, 159]
25, 8, 14.54, [271, 2229, 3742]
25, 9, 14.0, [3755, 2229, 4128]
26, 0, 21.74, [77, 2229, 3736]
26, 1, 21.34, [77, 2229, 3736]
26, 2, 21.2, [77, 1825, 3736]
26, 3, 17.58, [4128, 3736, 2229]
26, 4, 15.98, [1541, 1829, 3736]
26, 5, 15.29, [159, 3736, 2463]
26, 6, 14.39, [159, 3743, 2229]
26, 7, 14.1, [3752, 2463, 159]
26, 8, 13.81, [275, 2229, 287]
26, 9, 13.35, [263, 1829, 3736]
27, 0, 21.74, [77, 2229, 3736]
27, 1, 21.34, [77, 2229, 3736]
27, 2, 19.45, [77, 689, 3736]
27, 3, 19.19, [77, 3752, 3105]
27, 4, 17.97, [77, 1834, 3736]
27, 5, 16.96, [77, 1825, 3758]
27, 6, 16.5, [77, 3105, 3746]
27, 7, 15.26, [77, 693, 1321]
27, 8, 9.92, [263, 293, 3736]
27, 9, 9.61, [3759, 1315, 3758]
28, 0, 21.74, [77, 2229, 3736]
28, 1, 21.34, [77, 2229, 3736]
28, 2, 18.86, [689, 77, 3736]
28, 3, 18.19, [77, 2229, 1315]
28, 4, 16.89, [159, 3752, 3736]
28, 5, 15.92, [77, 2463, 3105]
28, 6, 15.11, [77, 3743, 3739]
28, 7, 14.13, [2261, 2229, 3746]
28, 8, 13.64, [1829, 3777, 3736]
28, 9, 13.49, [293, 2229, 4128]
29, 0, 21.74, [77, 2229, 3736]
29, 1, 21.34, [77, 2229, 3736]
29, 2, 17.53, [1032, 2229, 3736]
29, 3, 17.38, [77, 1987, 3736]
29, 4, 16.69, [3753, 2229, 3736]
29, 5, 15.07, [77, 2229, 2598]
29, 6, 14.7, [3743, 2229, 702]
29, 7, 14.05, [689, 3756, 284]
29, 8, 13.97, [3760, 2229, 3744]
29, 9, 13.24, [77, 271, 3741]
30, 0, 21.74, [77, 2229, 3736]
30, 1, 21.34, [77, 2229, 3736]
30, 2, 17.82, [1541, 2229, 3736]
30, 3, 15.15, [77, 3735, 3736]
30, 4, 14.79, [77, 2463, 1322]
30, 5, 14.78, [263, 2229, 3736]
30, 6, 14.26, [77, 293, 3747]
30, 7, 13.42, [3752, 287, 4129]
30, 8, 12.16, [159, 2229, 1987]
30, 9, 11.49, [3748, 3777, 3736]
31, 0, 21.74, [77, 2229, 3736]
31, 1, 21.34, [77, 2229, 3736]
31, 2, 20.53, [77, 2156, 3736]
31, 3, 16.4, [3100, 2229, 24]
31, 4, 15.86, [77, 3777, 3746]
31, 5, 15.15, [77, 287, 4129]
31, 6, 14.7, [263, 2229, 3736]
31, 7, 14.63, [77, 2156, 1987]
31, 8, 13.69, [1315, 2598, 3736]
31, 9, 11.76, [77, 3748, 4184]
32, 0, 21.74, [77, 2229, 3736]
32, 1, 21.34, [77, 2229, 3736]
32, 2, 18.43, [77, 2229, 72]
32, 3, 15.98, [77, 2229, 4184]
32, 4, 15.2, [275, 287, 3736]
32, 5, 14.67, [1605, 2229, 3736]
32, 6, 14.46, [77, 3735, 3736]
32, 7, 14.25, [77, 2463, 4129]
32, 8, 13.64, [270, 2229, 3749]
32, 9, 13.37, [3754, 2229, 3743]
33, 0, 21.74, [77, 2229, 3736]
33, 1, 21.34, [77, 2229, 3736]
33, 2, 17.6, [77, 1829, 3105]
33, 3, 17.39, [77, 2229, 3754]
33, 4, 16.31, [284, 3100, 72]
33, 5, 14.11, [2463, 2229, 3736]
33, 6, 13.87, [689, 2229, 1321]
33, 7, 13.78, [77, 3749, 293]
33, 8, 13.75, [77, 3758, 3743]
33, 9, 13.19, [77, 4128, 4129]
34, 0, 21.74, [77, 2229, 3736]
34, 1, 21.34, [77, 2229, 3736]
34, 2, 19.47, [282, 2229, 3736]
34, 3, 16.51, [3100, 2229, 3744]
34, 4, 15.27, [4131, 1829, 3736]
34, 5, 15.06, [77, 3740, 72]
34, 6, 14.96, [275, 689, 159]
34, 7, 14.31, [3744, 2229, 119]
34, 8, 12.82, [1322, 229, 3736]
34, 9, 11.71, [2598, 1321, 284]
35, 0, 21.74, [77, 2229, 3736]
35, 1, 21.59, [77, 2229, 3736]
35, 2, 21.34, [77, 2229, 3736]
35, 3, 21.01, [77, 2229, 3736]
35, 4, 16.93, [282, 2229, 3733]
35, 5, 15.66, [1831, 2229, 3760]
35, 6, 15.22, [101, 2229, 3744]
35, 7, 14.73, [77, 3752, 284]
35, 8, 13.06, [3743, 2229, 3749]
35, 9, 12.96, [77, 2463, 2490]
36, 0, 21.74, [77, 2229, 3736]
36, 1, 21.59, [77, 2229, 3736]
36, 2, 19.26, [77, 1825, 693]
36, 3, 16.46, [282, 3753, 3736]
36, 4, 15.03, [3741, 2156, 3736]
36, 5, 14.53, [77, 2229, 1987]
36, 6, 13.18, [3100, 2229, 1828]
36, 7, 13.08, [3755, 2229, 3743]
36, 8, 12.3, [3744, 2463, 3742]
36, 9, 11.95, [275, 1825, 3735]
37, 0, 21.74, [77, 2229, 3736]
37, 1, 21.59, [77, 2229, 3736]
37, 2, 18.32, [275, 1825, 3736]
37, 3, 17.84, [77, 2229, 24]
37, 4, 14.8, [3740, 2229, 3736]
37, 5, 14.12, [263, 2229, 3736]
37, 6, 12.82, [3744, 1321, 3736]
37, 7, 12.28, [3743, 1321, 3736]
37, 8, 11.47, [3753, 3739, 3736]
37, 9, 11.39, [263, 2229, 3777]
38, 0, 21.74, [77, 2229, 3736]
38, 1, 21.59, [77, 2229, 3736]
38, 2, 18.67, [77, 2229, 3744]
38, 3, 17.72, [77, 1825, 3733]
38, 4, 16.8, [77, 2229, 1321]
38, 5, 16.71, [270, 2229, 3736]
38, 6, 16.67, [77, 693, 3739]
38, 7, 15.15, [77, 4128, 3743]
38, 8, 14.79, [159, 2229, 24]
38, 9, 14.06, [101, 2229, 285]
39, 0, 21.74, [77, 2229, 3736]
39, 1, 21.59, [77, 2229, 3736]
39, 2, 17.62, [284, 229, 3736]
39, 3, 17.61, [77, 2156, 3744]
39, 4, 17.3, [77, 3747, 3736]
39, 5, 16.9, [159, 2229, 3736]
39, 6, 14.74, [77, 3756, 3743]
39, 7, 14.47, [77, 3746, 3753]
39, 8, 12.75, [3748, 2229, 275]
39, 9, 11.95, [3761, 2598, 3736]
40, 0, 21.74, [77, 2229, 3736]
40, 1, 21.59, [77, 2229, 3736]
40, 2, 18.83, [77, 1829, 3736]
40, 3, 17.74, [77, 2229, 3754]
40, 4, 15.83, [159, 1322, 3736]
40, 5, 14.31, [77, 1829, 293]
40, 6, 14.02, [284, 229, 1032]
40, 7, 13.26, [3753, 1825, 1831]
40, 8, 11.2, [2490, 2156, 101]
40, 9, 10.66, [275, 3735, 3752]
41, 0, 21.74, [77, 2229, 3736]
41, 1, 21.59, [77, 2229, 3736]
41, 2, 18.83, [77, 2229, 3754]
41, 3, 13.81, [287, 4131, 3736]
41, 4, 13.63, [229, 3755, 3736]
41, 5, 13.53, [77, 275, 3749]
41, 6, 13.11, [3758, 3752, 3736]
41, 7, 12.66, [4129, 2229, 3758]
41, 8, 10.16, [77, 2464, 2598]
41, 9, 9.82, [2490, 1896, 3736]
42, 0, 21.74, [77, 2229, 3736]
42, 1, 21.59, [77, 2229, 3736]
42, 2, 17.3, [77, 3758, 2229]
42, 3, 16.76, [285, 2229, 3736]
42, 4, 16.71, [77, 271, 3736]
42, 5, 16.47, [1825, 2463, 3736]
42, 6, 15.86, [159, 4131, 3736]
42, 7, 13.98, [3760, 3105, 229]
42, 8, 13.58, [287, 1987, 3736]
42, 9, 12.26, [3100, 287, 3758]
43, 0, 21.74, [77, 2229, 3736]
43, 1, 21.59, [77, 2229, 3736]
43, 2, 17.59, [77, 3750, 2229]
43, 3, 17.46, [77, 2229, 3750]
43, 4, 17.19, [24, 2229, 3736]
43, 5, 17.18, [4131, 2229, 3736]
43, 6, 17.11, [3752, 2229, 159]
43, 7, 16.4, [77, 3105, 3760]
43, 8, 16.39, [3760, 2229, 3736]
43, 9, 15.09, [1032, 3743, 2229]
44, 0, 21.74, [77, 2229, 3736]
44, 1, 21.59, [77, 2229, 3736]
44, 2, 18.77, [77, 2229, 3744]
44, 3, 16.52, [77, 3777, 3736]
44, 4, 16.15, [77, 3105, 3755]
44, 5, 15.15, [77, 1834, 1829]
44, 6, 13.74, [1987, 3743, 3736]
44, 7, 13.14, [279, 996, 3736]
44, 8, 12.59, [4131, 1321, 3736]
44, 9, 11.49, [4184, 2229, 3755]
45, 0, 21.74, [77, 2229, 3736]
45, 1, 21.59, [77, 2229, 3736]
45, 2, 17.29, [693, 2229, 181]
45, 3, 16.57, [1315, 693, 3736]
45, 4, 14.03, [275, 2229, 3744]
45, 5, 13.58, [101, 2229, 3755]
45, 6, 12.91, [275, 2229, 1834]
45, 7, 12.58, [3742, 3756, 3736]
45, 8, 11.51, [101, 3754, 3755]
45, 9, 11.13, [263, 2229, 3747]
46, 0, 21.74, [77, 2229, 3736]
46, 1, 21.59, [77, 2229, 3736]
46, 2, 17.7, [1831, 2260, 3736]
46, 3, 17.18, [3741, 2229, 3736]
46, 4, 15.64, [4128, 1829, 3736]
46, 5, 14.91, [693, 2463, 3736]
46, 6, 13.67, [4128, 2229, 295]
46, 7, 13.52, [1315, 24, 181]
46, 8, 13.09, [1032, 2229, 1321]
46, 9, 12.16, [4131, 4128, 3736]
47, 0, 21.74, [77, 2229, 3736]
47, 1, 21.59, [77, 2229, 3736]
47, 2, 19.08, [77, 689, 3736]
47, 3, 18.98, [77, 2229, 3754]
47, 4, 17.84, [1831, 3746, 3736]
47, 5, 17.18, [1831, 2463, 3736]
47, 6, 17.02, [4129, 2229, 3736]
47, 7, 15.16, [77, 2260, 3733]
47, 8, 14.43, [275, 2260, 3736]
47, 9, 13.26, [1322, 2229, 1040]
48, 0, 21.74, [77, 2229, 3736]
48, 1, 21.59, [77, 2229, 3736]
48, 2, 19.65, [77, 2156, 3736]
48, 3, 18.95, [77, 4128, 3736]
48, 4, 18.31, [77, 2229, 3744]
48, 5, 17.04, [77, 2229, 3755]
48, 6, 13.85, [3752, 284, 3750]
48, 7, 13.69, [77, 1322, 229]
48, 8, 13.34, [3753, 3100, 3736]
48, 9, 12.89, [2598, 689, 2260]
49, 0, 21.74, [77, 2229, 3736]
49, 1, 21.59, [77, 2229, 3736]
49, 2, 17.2, [77, 2229, 3758]
49, 3, 15.93, [77, 101, 2260]
49, 4, 14.38, [77, 2156, 4184]
49, 5, 13.89, [77, 2463, 4129]
49, 6, 13.15, [3746, 1987, 3736]
49, 7, 12.47, [1834, 2229, 3758]
49, 8, 10.4, [3746, 3753, 4131]
49, 9, 10.11, [3748, 2260, 3760]
50, 0, 21.74, [77, 2229, 3736]
50, 1, 21.59, [77, 2229, 3736]
50, 2, 19.23, [77, 2229, 3754]
50, 3, 16.02, [77, 3759, 3736]
50, 4, 14.85, [77, 4131, 3746]
50, 5, 12.95, [275, 2229, 1829]
50, 6, 12.73, [3744, 3747, 3736]
50, 7, 12.49, [3744, 2229, 295]
50, 8, 12.03, [275, 1987, 3105]
50, 9, 11.74, [1605, 2229, 3743]
