generation number, individual number, fitness, candidate
0, 0, 11.64, [3736, 3742]
0, 1, 10.56, [77, 1833]
0, 2, 10.19, [3105, 693]
0, 3, 10.02, [77, 3748]
0, 4, 7.92, [287, 3746]
0, 5, 7.73, [1834, 4128]
0, 6, 7.34, [229, 4108]
0, 7, 6.4, [2463, 4131]
0, 8, 4.83, [996, 3753]
0, 9, 3.03, [1826, 2490]
1, 0, 12.79, [3736, 1825]
1, 1, 11.64, [3736, 3742]
1, 2, 10.56, [77, 1833]
1, 3, 7.96, [996, 3100]
1, 4, 7.5, [279, 2595]
1, 5, 7.5, [1092, 1032]
1, 6, 7.17, [1541, 359]
1, 7, 6.28, [263, 3742]
1, 8, 5.83, [3748, 1833]
1, 9, 5.37, [1006, 4128]
2, 0, 12.79, [3736, 1825]
2, 1, 11.77, [159, 1825]
2, 2, 11.64, [3736, 3742]
2, 3, 11.15, [159, 3100]
2, 4, 10.9, [77, 291]
2, 5, 10.18, [3758, 1825]
2, 6, 9.93, [3754, 284]
2, 7, 9.9, [3736, 996]
2, 8, 9.29, [3100, 269]
2, 9, 8.43, [996, 1825]
3, 0, 12.79, [3736, 1825]
3, 1, 11.89, [159, 1831]
3, 2, 11.86, [159, 1831]
3, 3, 11.77, [159, 1825]
3, 4, 10.39, [77, 1833]
3, 5, 10.03, [3746, 159]
3, 6, 9.72, [3736, 3746]
3, 7, 9.07, [3743, 3100]
3, 8, 7.69, [159, 293]
3, 9, 7.21, [3744, 3754]
4, 0, 12.79, [3736, 1825]
4, 1, 11.89, [159, 1831]
4, 2, 11.56, [159, 3100]
4, 3, 11.04, [3746, 1831]
4, 4, 10.48, [3736, 1834]
4, 5, 10.09, [2598, 1831]
4, 6, 9.86, [4130, 3736]
4, 7, 8.72, [159, 1830]
4, 8, 8.36, [159, 3749]
4, 9, 8.16, [159, 1833]
5, 0, 12.79, [3736, 1825]
5, 1, 12.23, [3736, 1829]
5, 2, 11.89, [159, 1831]
5, 3, 11.57, [3754, 1831]
5, 4, 11.56, [3746, 1831]
5, 5, 10.18, [2595, 1825]
5, 6, 9.7, [702, 2156]
5, 7, 9.01, [3740, 1825]
5, 8, 7.94, [4184, 2229]
5, 9, 7.52, [159, 2400]
6, 0, 13.7, [3736, 1825]
6, 1, 13.69, [3736, 1831]
6, 2, 12.79, [3736, 1825]
6, 3, 12.23, [3736, 1829]
6, 4, 12.05, [159, 3736]
6, 5, 11.93, [72, 1825]
6, 6, 9.29, [3754, 689]
6, 7, 8.22, [159, 1987]
6, 8, 8.09, [3743, 3742]
6, 9, 8.05, [3753, 72]
7, 0, 13.7, [3736, 1825]
7, 1, 13.69, [3736, 1831]
7, 2, 12.11, [3746, 1825]
7, 3, 10.87, [3743, 1825]
7, 4, 9.85, [3736, 3753]
7, 5, 9.25, [3758, 1831]
7, 6, 8.11, [3750, 287]
7, 7, 6.44, [2598, 119]
7, 8, 5.65, [2463, 3759]
7, 9, 5.02, [3747, 3102]
8, 0, 13.7, [3736, 1825]
8, 1, 13.69, [3736, 1831]
8, 2, 13.17, [3736, 1831]
8, 3, 12.95, [3736, 1831]
8, 4, 11.09, [3754, 1825]
8, 5, 10.22, [3736, 1830]
8, 6, 8.84, [3754, 229]
8, 7, 5.32, [3750, 4184]
8, 8, 5.02, [3740, 33]
8, 9, 4.82, [1321, 33]
9, 0, 13.7, [3736, 1825]
9, 1, 13.69, [3736, 1831]
9, 2, 10.84, [3733, 1831]
9, 3, 10.31, [2229, 3397]
9, 4, 9.76, [282, 546]
9, 5, 8.28, [3749, 1830]
9, 6, 7.18, [291, 275]
9, 7, 7.13, [287, 1833]
9, 8, 6.73, [1826, 3742]
9, 9, 6.68, [3758, 2595]
10, 0, 13.7, [3736, 1825]
10, 1, 13.69, [3736, 1831]
10, 2, 12.21, [181, 2229]
10, 3, 10.43, [1092, 1825]
10, 4, 6.42, [3744, 1040]
10, 5, 6.32, [295, 3756]
10, 6, 6.11, [3755, 3756]
10, 7, 5.51, [270, 996]
10, 8, 5.42, [2463, 2598]
10, 9, 4.65, [3749, 1686]
11, 0, 13.7, [3736, 1825]
11, 1, 13.69, [3736, 1831]
11, 2, 10.31, [3736, 2463]
11, 3, 10.17, [229, 3100]
11, 4, 10.08, [3736, 546]
11, 5, 9.97, [3736, 1834]
11, 6, 9.57, [3736, 3755]
11, 7, 8.41, [181, 1833]
11, 8, 7.23, [2260, 359]
11, 9, 7.17, [3755, 3739]
12, 0, 13.7, [3736, 1825]
12, 1, 13.69, [3736, 1831]
12, 2, 13.38, [3736, 1831]
12, 3, 11.15, [702, 1825]
12, 4, 10.92, [287, 1831]
12, 5, 9.42, [3736, 3758]
12, 6, 8.45, [3736, 4301]
12, 7, 8.34, [3736, 1828]
12, 8, 7.21, [3744, 1830]
12, 9, 5.49, [229, 1588]
13, 0, 13.7, [3736, 1825]
13, 1, 13.69, [3736, 1831]
13, 2, 10.36, [2595, 1825]
13, 3, 10.3, [3758, 1831]
13, 4, 8.64, [3736, 3759]
13, 5, 8.57, [24, 1829]
13, 6, 7.78, [3736, 1826]
13, 7, 6.81, [3756, 291]
13, 8, 6.54, [1833, 1825]
13, 9, 6.38, [3742, 3734]
14, 0, 13.7, [3736, 1825]
14, 1, 13.69, [3736, 1831]
14, 2, 8.33, [3758, 3100]
14, 3, 8.2, [3748, 284]
14, 4, 7.07, [3733, 3754]
14, 5, 6.76, [3747, 2261]
14, 6, 6.6, [282, 263]
14, 7, 5.69, [3760, 3761]
14, 8, 5.28, [3745, 996]
14, 9, 4.51, [3753, 4794]
15, 0, 13.84, [3736, 282]
15, 1, 13.7, [3736, 1825]
15, 2, 13.69, [3736, 1831]
15, 3, 12.41, [689, 1825]
15, 4, 10.74, [1825, 3744]
15, 5, 10.65, [3736, 1830]
15, 6, 9.32, [3743, 284]
15, 7, 8.89, [3754, 3100]
15, 8, 7.75, [3736, 1006]
15, 9, 6.66, [3748, 1830]
16, 0, 13.84, [3736, 282]
16, 1, 13.7, [3736, 1825]
16, 2, 12.25, [3746, 77]
16, 3, 9.35, [3755, 1825]
16, 4, 9.2, [33, 282]
16, 5, 8.02, [3754, 287]
16, 6, 7.63, [3756, 229]
16, 7, 6.34, [2260, 3759]
16, 8, 6.14, [3754, 3740]
16, 9, 6.06, [3760, 1321]
17, 0, 13.84, [3736, 282]
17, 1, 13.7, [3736, 1825]
17, 2, 12.48, [3100, 282]
17, 3, 11.23, [3737, 77]
17, 4, 11.03, [3755, 77]
17, 5, 10.85, [3747, 282]
17, 6, 10.81, [3755, 77]
17, 7, 10.69, [3736, 275]
17, 8, 10.61, [3745, 1825]
17, 9, 9.55, [181, 24]
18, 0, 13.84, [3736, 282]
18, 1, 13.7, [3736, 1825]
18, 2, 11.74, [3737, 77]
18, 3, 11.61, [3737, 77]
18, 4, 11.32, [3737, 77]
18, 5, 8.84, [1830, 3742]
18, 6, 8.8, [2490, 1825]
18, 7, 8.37, [3754, 3742]
18, 8, 7.78, [3736, 263]
18, 9, 7.29, [2261, 702]
19, 0, 13.84, [3736, 282]
19, 1, 13.7, [3736, 1825]
19, 2, 11.22, [3736, 1830]
19, 3, 10.96, [282, 101]
19, 4, 10.6, [1541, 282]
19, 5, 10.54, [3750, 1825]
19, 6, 10.14, [3733, 282]
19, 7, 8.55, [689, 3749]
19, 8, 8.11, [24, 3743]
19, 9, 5.51, [1605, 1830]
20, 0, 14.99, [3736, 77]
20, 1, 14.28, [77, 1825]
20, 2, 13.84, [3736, 282]
20, 3, 13.7, [3736, 1825]
20, 4, 12.48, [3736, 3105]
20, 5, 9.94, [1092, 282]
20, 6, 8.0, [3733, 101]
20, 7, 7.65, [181, 1605]
20, 8, 7.64, [1825, 1830]
20, 9, 7.38, [3736, 1826]
21, 0, 14.99, [3736, 77]
21, 1, 14.28, [77, 1825]
21, 2, 12.87, [3736, 1831]
21, 3, 10.45, [3746, 282]
21, 4, 9.67, [2490, 77]
21, 5, 9.52, [275, 282]
21, 6, 8.68, [3756, 159]
21, 7, 8.42, [24, 4128]
21, 8, 7.85, [3736, 1828]
21, 9, 6.5, [3742, 1686]
22, 0, 14.99, [3736, 77]
22, 1, 14.28, [77, 1825]
22, 2, 11.78, [3744, 77]
22, 3, 10.83, [3754, 1825]
22, 4, 10.71, [3743, 1831]
22, 5, 10.68, [3755, 77]
22, 6, 10.61, [275, 1825]
22, 7, 9.3, [3746, 229]
22, 8, 8.96, [33, 3736]
22, 9, 8.56, [284, 3777]
23, 0, 15.29, [3736, 77]
23, 1, 14.99, [3736, 77]
23, 2, 14.28, [77, 1825]
23, 3, 11.36, [3746, 1825]
23, 4, 9.2, [3749, 3100]
23, 5, 8.59, [77, 284]
23, 6, 8.46, [284, 77]
23, 7, 7.26, [3756, 1830]
23, 8, 6.86, [4129, 270]
23, 9, 6.26, [3749, 4130]
24, 0, 15.29, [3736, 77]
24, 1, 14.99, [3736, 77]
24, 2, 11.12, [3758, 77]
24, 3, 11.07, [1092, 77]
24, 4, 10.92, [4129, 77]
24, 5, 10.79, [1825, 3754]
24, 6, 10.76, [3739, 282]
24, 7, 7.82, [3759, 1829]
24, 8, 7.55, [1032, 3749]
24, 9, 7.49, [33, 693]
25, 0, 15.29, [3736, 77]
25, 1, 14.99, [3736, 77]
25, 2, 10.92, [3755, 77]
25, 3, 10.76, [3736, 24]
25, 4, 10.73, [1831, 3754]
25, 5, 9.15, [3736, 1605]
25, 6, 8.28, [284, 2598]
25, 7, 8.02, [3754, 4128]
25, 8, 8.02, [3753, 3100]
25, 9, 5.0, [2464, 279]
26, 0, 15.29, [3736, 77]
26, 1, 14.99, [3736, 77]
26, 2, 11.92, [3736, 693]
26, 3, 11.51, [3100, 159]
26, 4, 10.76, [3755, 1825]
26, 5, 10.03, [3397, 3100]
26, 6, 9.17, [3744, 4128]
26, 7, 8.53, [3736, 3759]
26, 8, 7.78, [3746, 1092]
26, 9, 7.2, [269, 3744]
27, 0, 15.29, [3736, 77]
27, 1, 14.99, [3736, 77]
27, 2, 12.71, [3742, 77]
27, 3, 10.17, [159, 72]
27, 4, 9.31, [3736, 291]
27, 5, 7.58, [3736, 1686]
27, 6, 7.31, [2598, 1830]
27, 7, 6.56, [279, 271]
27, 8, 6.36, [291, 3739]
27, 9, 6.18, [3105, 4301]
28, 0, 15.29, [3736, 77]
28, 1, 14.99, [3736, 77]
28, 2, 13.16, [3736, 159]
28, 3, 11.5, [3736, 159]
28, 4, 10.59, [3758, 77]
28, 5, 9.11, [3102, 77]
28, 6, 8.91, [181, 1834]
28, 7, 8.38, [3749, 702]
28, 8, 7.74, [2464, 1825]
28, 9, 6.26, [269, 4130]
29, 0, 15.29, [3736, 77]
29, 1, 14.99, [3736, 77]
29, 2, 10.59, [702, 282]
29, 3, 10.31, [3749, 2229]
29, 4, 9.58, [702, 2156]
29, 5, 8.39, [3736, 263]
29, 6, 8.33, [3736, 996]
29, 7, 7.64, [3745, 101]
29, 8, 7.18, [3397, 359]
29, 9, 6.5, [285, 279]
30, 0, 15.29, [3736, 77]
30, 1, 14.99, [3736, 77]
30, 2, 13.3, [3736, 1825]
30, 3, 11.32, [3736, 275]
30, 4, 9.7, [1040, 282]
30, 5, 9.63, [3736, 2598]
30, 6, 7.8, [702, 3743]
30, 7, 7.3, [291, 4128]
30, 8, 4.87, [285, 3748]
30, 9, 4.86, [702, 1321]
31, 0, 15.29, [3736, 77]
31, 1, 14.99, [3736, 77]
31, 2, 12.42, [72, 77]
31, 3, 11.46, [77, 352]
31, 4, 10.51, [101, 3100]
31, 5, 7.6, [4128, 3749]
31, 6, 7.37, [72, 1833]
31, 7, 6.72, [3777, 1315]
31, 8, 6.54, [1828, 1825]
31, 9, 6.41, [3743, 2261]
32, 0, 15.29, [3736, 77]
32, 1, 14.99, [3736, 77]
32, 2, 12.52, [3736, 159]
32, 3, 10.46, [3745, 2229]
32, 4, 9.7, [101, 159]
32, 5, 7.54, [3736, 699]
32, 6, 7.47, [3736, 4301]
32, 7, 7.43, [2156, 2490]
32, 8, 7.42, [3760, 1032]
32, 9, 6.63, [287, 4108]
33, 0, 15.29, [3736, 77]
33, 1, 14.99, [3736, 77]
33, 2, 11.56, [3749, 77]
33, 3, 10.09, [3749, 2229]
33, 4, 9.44, [4128, 159]
33, 5, 8.69, [3736, 1605]
33, 6, 8.62, [3742, 3745]
33, 7, 7.78, [3743, 3741]
33, 8, 7.76, [1896, 159]
33, 9, 7.21, [3745, 2595]
34, 0, 15.29, [3736, 77]
34, 1, 14.99, [3736, 77]
34, 2, 11.96, [2229, 284]
34, 3, 11.44, [3733, 77]
34, 4, 10.5, [3737, 2229]
34, 5, 10.38, [3754, 2229]
34, 6, 9.75, [291, 1831]
34, 7, 9.32, [1315, 3105]
34, 8, 8.93, [3736, 2490]
34, 9, 8.69, [3777, 689]
35, 0, 15.29, [3736, 77]
35, 1, 14.99, [3736, 77]
35, 2, 11.12, [3755, 77]
35, 3, 10.04, [1825, 546]
35, 4, 9.94, [3752, 275]
35, 5, 9.86, [2229, 4128]
35, 6, 9.53, [3736, 3758]
35, 7, 7.54, [3733, 4128]
35, 8, 6.75, [2261, 4129]
35, 9, 6.58, [3777, 270]
36, 0, 15.29, [3736, 77]
36, 1, 14.99, [3736, 77]
36, 2, 13.6, [3742, 77]
36, 3, 11.94, [3736, 2260]
36, 4, 10.47, [3736, 2598]
36, 5, 8.21, [3736, 263]
36, 6, 8.08, [72, 2261]
36, 7, 7.98, [72, 3777]
36, 8, 7.19, [287, 359]
36, 9, 6.69, [3100, 1588]
37, 0, 15.29, [3736, 77]
37, 1, 14.99, [3736, 77]
37, 2, 11.41, [3744, 77]
37, 3, 10.59, [1825, 279]
37, 4, 10.19, [3759, 77]
37, 5, 9.37, [2229, 2261]
37, 6, 9.21, [2156, 275]
37, 7, 7.69, [689, 1605]
37, 8, 7.43, [359, 702]
37, 9, 6.63, [1896, 1032]
38, 0, 15.29, [3736, 77]
38, 1, 14.99, [3736, 77]
38, 2, 10.38, [3736, 2598]
38, 3, 10.06, [2261, 77]
38, 4, 8.63, [3744, 275]
38, 5, 7.08, [3777, 275]
38, 6, 7.01, [1588, 2229]
38, 7, 6.89, [1092, 1834]
38, 8, 5.32, [3744, 263]
38, 9, 5.13, [2598, 4184]
39, 0, 15.29, [3736, 77]
39, 1, 14.99, [3736, 77]
39, 2, 14.8, [3736, 77]
39, 3, 10.69, [3758, 77]
39, 4, 10.08, [3736, 270]
39, 5, 9.98, [3746, 159]
39, 6, 9.36, [3100, 4131]
39, 7, 8.05, [3742, 2490]
39, 8, 6.98, [3758, 3746]
39, 9, 5.95, [1833, 359]
40, 0, 15.29, [3736, 77]
40, 1, 14.99, [3736, 77]
40, 2, 12.15, [3736, 159]
40, 3, 11.79, [3744, 77]
40, 4, 10.68, [4128, 1825]
40, 5, 10.34, [3736, 546]
40, 6, 8.96, [3733, 181]
40, 7, 8.04, [3749, 2260]
40, 8, 7.65, [3747, 270]
40, 9, 6.53, [284, 1686]
41, 0, 15.29, [3736, 77]
41, 1, 14.99, [3736, 77]
41, 2, 12.71, [3736, 181]
41, 3, 11.56, [3752, 159]
41, 4, 11.28, [3736, 352]
41, 5, 10.12, [77, 3759]
41, 6, 8.54, [1006, 77]
41, 7, 8.22, [3744, 275]
41, 8, 7.82, [3754, 3749]
41, 9, 6.98, [3105, 4128]
42, 0, 15.29, [3736, 77]
42, 1, 14.99, [3736, 77]
42, 2, 11.17, [3737, 77]
42, 3, 10.99, [3737, 77]
42, 4, 10.56, [1831, 2595]
42, 5, 8.76, [4129, 284]
42, 6, 8.55, [3739, 1032]
42, 7, 7.56, [4108, 101]
42, 8, 6.5, [293, 2260]
42, 9, 6.44, [293, 2260]
43, 0, 15.29, [3736, 77]
43, 1, 14.99, [3736, 77]
43, 2, 10.84, [3736, 275]
43, 3, 10.54, [1825, 1831]
43, 4, 10.06, [3736, 1834]
43, 5, 9.05, [352, 3742]
43, 6, 8.63, [3736, 1006]
43, 7, 6.5, [3746, 1833]
43, 8, 6.35, [3735, 159]
43, 9, 5.8, [33, 3756]
44, 0, 15.29, [3736, 77]
44, 1, 14.99, [3736, 77]
44, 2, 12.04, [1830, 77]
44, 3, 11.31, [3750, 77]
44, 4, 10.96, [3736, 270]
44, 5, 10.08, [1831, 4130]
44, 6, 9.92, [3739, 284]
44, 7, 8.69, [284, 546]
44, 8, 8.0, [3736, 1588]
44, 9, 6.79, [3759, 1541]
45, 0, 15.29, [3736, 77]
45, 1, 14.99, [3736, 77]
45, 2, 11.97, [279, 77]
45, 3, 9.42, [3105, 1315]
45, 4, 9.42, [285, 77]
45, 5, 9.28, [2156, 275]
45, 6, 8.28, [285, 159]
45, 7, 7.54, [3760, 3747]
45, 8, 7.24, [229, 285]
45, 9, 5.55, [1686, 101]
46, 0, 15.29, [3736, 77]
46, 1, 14.99, [3736, 77]
46, 2, 12.58, [693, 77]
46, 3, 10.87, [3747, 77]
46, 4, 8.35, [3746, 275]
46, 5, 7.43, [3746, 293]
46, 6, 6.87, [3749, 359]
46, 7, 6.02, [1605, 275]
46, 8, 5.65, [3750, 996]
46, 9, 5.0, [2260, 2464]
47, 0, 15.29, [3736, 77]
47, 1, 14.99, [3736, 77]
47, 2, 12.69, [3746, 77]
47, 3, 12.02, [3736, 181]
47, 4, 11.19, [284, 3752]
47, 5, 10.41, [3736, 4131]
47, 6, 8.78, [295, 3100]
47, 7, 8.05, [693, 2598]
47, 8, 7.55, [3754, 359]
47, 9, 5.52, [4128, 263]
48, 0, 15.29, [3736, 77]
48, 1, 14.99, [3736, 77]
48, 2, 12.44, [3736, 2156]
48, 3, 11.77, [3733, 77]
48, 4, 11.34, [3733, 77]
48, 5, 9.25, [3100, 352]
48, 6, 8.68, [546, 159]
48, 7, 8.26, [3744, 1322]
48, 8, 7.79, [3741, 3760]
48, 9, 5.9, [295, 1040]
49, 0, 15.29, [3736, 77]
49, 1, 14.99, [3736, 77]
49, 2, 12.0, [3736, 159]
49, 3, 11.21, [269, 77]
49, 4, 10.17, [3736, 269]
49, 5, 9.33, [279, 2156]
49, 6, 8.28, [4108, 3100]
49, 7, 7.67, [2156, 3761]
49, 8, 7.61, [1896, 3105]
49, 9, 7.57, [1833, 159]
50, 0, 15.29, [3736, 77]
50, 1, 14.99, [3736, 77]
50, 2, 10.94, [3736, 275]
50, 3, 10.72, [3755, 77]
50, 4, 7.92, [3744, 279]
50, 5, 7.83, [3743, 1322]
50, 6, 7.82, [3749, 3752]
50, 7, 7.21, [3756, 3742]
50, 8, 7.19, [3745, 1315]
50, 9, 6.72, [1833, 1315]
