generation number, pop_size, worst, best, median, avg, std, diversity, improvement, number_of_selections
0, 10, 3.0, 63.43, 10.0, 14.202000000000002, 16.695487294475715,0.9777777777777777,0,[1.e-300]
1, 10, 5.0, 63.43, 10.76, 14.529, 16.67063673049113,0.9333333333333333,0.0,[1.e-300]
2, 10, 4.0, 63.43, 11.235, 25.22, 24.232580960351708,0.9111111111111111,0.0,[1.e-300]
3, 10, 3.0, 63.43, 6.54, 22.194, 26.09825557388846,0.9444444444444444,0.0,[1.e-300]
4, 10, 3.0, 64.4, 6.0, 22.839, 26.45268245377017,0.9111111111111111,0.015292448368280087,[1.e-300]
5, 10, 3.0, 64.4, 10.4, 24.405, 25.360517837772953,0.9,0.0,[1.e-300]
6, 10, 5.0, 64.4, 7.5, 29.169999999999998, 27.78686524241265,0.9111111111111111,0.0,[1.e-300]
7, 10, 7.0, 65.8, 63.575, 45.479000000000006, 25.222311729895022,0.788888888888889,0.021739130434782473,[1.e-300]
8, 10, 8.0, 65.8, 39.045, 37.924, 26.644082344865996,0.8,0.0,[1.e-300]
9, 10, 3.0, 65.8, 7.775, 23.47, 26.838014829714954,0.8777777777777778,0.0,[1.e-300]
10, 10, 7.0, 65.8, 13.0, 31.909999999999997, 27.327194513890372,0.8222222222222222,0.0,[1.e-300]
