generation number, individual number, fitness, candidate
0, 0, 2.07, [841, 1353]
0, 1, 2.04, [990, 841]
0, 2, 2.03, [3, 809]
0, 3, 2.03, [905, 1025]
0, 4, 2.02, [834, 656]
0, 5, 2.02, [1003, 487]
0, 6, 2.01, [1381, 1048]
0, 7, 2.01, [834, 691]
0, 8, 2.0, [1289, 1048]
0, 9, 2.0, [1394, 1029]
1, 0, 2.07, [841, 1353]
1, 1, 2.05, [841, 819]
1, 2, 2.04, [990, 841]
1, 3, 2.03, [1003, 785]
1, 4, 2.03, [690, 1289]
1, 5, 2.02, [905, 339]
1, 6, 2.02, [990, 1289]
1, 7, 2.02, [247, 1028]
1, 8, 2.02, [841, 816]
1, 9, 2.01, [974, 1353]
2, 0, 2.07, [841, 1353]
2, 1, 2.06, [873, 990]
2, 2, 2.05, [841, 819]
2, 3, 2.03, [841, 487]
2, 4, 2.02, [450, 902]
2, 5, 2.02, [716, 2667]
2, 6, 2.02, [339, 785]
2, 7, 2.0, [731, 1567]
2, 8, 2.0, [1003, 798]
2, 9, 2.0, [1419, 1555]
3, 0, 2.07, [841, 1353]
3, 1, 2.06, [873, 990]
3, 2, 2.04, [339, 990]
3, 3, 2.03, [339, 656]
3, 4, 2.02, [873, 841]
3, 5, 2.02, [970, 834]
3, 6, 2.02, [2032, 809]
3, 7, 2.02, [841, 1003]
3, 8, 2.02, [1514, 1353]
3, 9, 2.01, [841, 1353]
4, 0, 2.07, [841, 1353]
4, 1, 2.06, [873, 990]
4, 2, 2.04, [841, 816]
4, 3, 2.03, [476, 1353]
4, 4, 2.02, [1514, 1353]
4, 5, 2.01, [1574, 1045]
4, 6, 2.01, [339, 990]
4, 7, 2.01, [1514, 1353]
4, 8, 2.01, [216, 635]
4, 9, 2.0, [2070, 1381]
5, 0, 2.07, [841, 1353]
5, 1, 2.06, [873, 990]
5, 2, 2.05, [841, 1381]
5, 3, 2.03, [450, 1157]
5, 4, 2.02, [587, 1353]
5, 5, 2.01, [675, 3147]
5, 6, 2.01, [841, 1003]
5, 7, 2.01, [809, 609]
5, 8, 2.0, [1028, 1353]
5, 9, 2.0, [656, 1353]
6, 0, 2.16, [429, 5117]
6, 1, 2.07, [841, 1353]
6, 2, 2.06, [429, 990]
6, 3, 2.06, [873, 785]
6, 4, 2.06, [873, 990]
6, 5, 2.02, [1028, 1157]
6, 6, 2.01, [873, 3639]
6, 7, 2.01, [1141, 1028]
6, 8, 2.01, [841, 487]
6, 9, 2.0, [1048, 1353]
7, 0, 2.16, [429, 5117]
7, 1, 2.13, [1514, 5117]
7, 2, 2.07, [934, 1353]
7, 3, 2.07, [841, 1353]
7, 4, 2.03, [841, 905]
7, 5, 2.02, [339, 785]
7, 6, 2.0, [429, 1967]
7, 7, 2.0, [834, 1580]
7, 8, 2.0, [429, 1827]
7, 9, 2.0, [666, 429]
8, 0, 2.16, [429, 5117]
8, 1, 2.13, [1514, 5117]
8, 2, 2.1, [1219, 5117]
8, 3, 2.06, [339, 5117]
8, 4, 2.04, [841, 336]
8, 5, 2.02, [1225, 1219]
8, 6, 2.02, [731, 1414]
8, 7, 2.02, [780, 1353]
8, 8, 2.01, [2340, 1045]
8, 9, 2.01, [922, 1353]
9, 0, 2.16, [2340, 5117]
9, 1, 2.16, [429, 5117]
9, 2, 2.14, [339, 5117]
9, 3, 2.13, [1514, 5117]
9, 4, 2.03, [3639, 834]
9, 5, 2.03, [741, 1229]
9, 6, 2.02, [1430, 819]
9, 7, 2.02, [1514, 1347]
9, 8, 2.02, [2340, 1603]
9, 9, 2.01, [429, 751]
10, 0, 2.19, [98, 5117]
10, 1, 2.16, [2340, 5117]
10, 2, 2.16, [429, 5117]
10, 3, 2.1, [1543, 5117]
10, 4, 2.05, [1157, 1967]
10, 5, 2.03, [2340, 905]
10, 6, 2.02, [1157, 1229]
10, 7, 2.01, [3, 1569]
10, 8, 2.01, [1574, 970]
10, 9, 2.0, [339, 609]
