num_genrations,diversity,improvement,best_fitness
0,0.9966868686868687,0,59.39
1,0.9320909090909091,0.16517932311837014,69.2
2,0.8052727272727273,0.2242774566473988,84.72
3,0.7493030303030304,0.3450188857412654,113.95
4,0.6147070707070708,0.20587977182974984,137.41
5,0.4504343434343433,0.06295029473837425,146.06
6,0.23912121212121196,0.05826372723538266,154.57
7,0.1787070707070707,0.04955683509089731,162.23
8,0.1994747474747478,0.0421623620785305,169.07
9,0.1320808080808079,0.010055006801916467,170.77
10,0.10922222222222222,0.05721145400245934,180.54
11,0.10759595959595947,0.007699124847679267,181.93
12,0.05991919191919204,0.015555433408453712,184.76
13,0.03927272727272746,0.007415024897163914,186.13
14,0.043585858585858506,0.004136893569010962,186.9
15,0.045727272727272616,0.004387372926698733,187.72
16,0.026040404040404197,0.0,187.72
17,0.023272727272727334,0.0,187.72
18,0.016959595959595952,0.0,187.72
19,0.011090909090908818,0.0,187.72
20,0.003979797979797972,0.0,187.72
21,0.006959595959595943,0.0,187.72
22,0.007959595959596388,0.0031962497336458255,188.32
23,0.00497979797979764,0.00796516567544605,189.82
24,0.014777777777777557,0.003898430091665837,190.56
25,0.02621212121212113,0.006507136859781743,191.8
26,0.011262626262625863,0.007455683003128146,193.23
27,0.004999999999999671,0.0,193.23
28,0.001000000000000223,0.0,193.23
29,0.0030000000000001137,0.0,193.23
30,0.001000000000000223,0.0,193.23
31,0.00996969696969674,0.0027945971122497566,193.77
32,0.018242424242424393,0.008205604582752764,195.36
33,0.02460606060606063,0.0023546273546272496,195.82
34,0.020363636363636584,0.007200490246144401,197.23
35,0.019909090909090987,0.006185671550981083,198.45
36,0.0030000000000001137,0.0,198.45
37,0.0019999999999997797,0.0,198.45
38,0.0039999999999997815,0.0,198.45
39,0.0019999999999995577,0.0,198.45
40,0.007919191919192325,0.0,198.45
41,0.00497979797979764,0.0,198.45
42,0.005969696969696958,0.0,198.45
43,0.007979797979798309,0.0,198.45
44,0.005989898989899323,0.0,198.45
45,0.0019999999999997797,0.0,198.45
46,0.002989898989899209,0.0,198.45
47,0.0040000000000000036,0.0,198.45
48,0.004969696969696735,0.0,198.45
49,0.004989898989898656,0.0,198.45
50,0.003989898989899099,0.0,198.45
51,0.0049595959595956085,0.0,198.45
52,0.00497979797979764,0.0,198.45
53,0.0019999999999995577,0.0,198.45
54,0.0030000000000002247,0.0,198.45
55,0.0030000000000002247,0.025799949609473443,203.57
56,0.010888888888888615,0.013508866728889325,206.32
57,0.0030000000000002247,0.02423419930205506,211.32
58,0.0030000000000001137,0.0,211.32
59,0.0030000000000001137,0.0006151807685027232,211.45
60,0.0030000000000002247,0.0,211.45
61,0.00598989898989899,0.0,211.45
62,0.0030000000000001137,0.0015606526365571649,211.78
63,0.006959595959595832,0.0,211.78
64,0.001000000000000223,0.0,211.78
65,0.005979797979798085,0.0,211.78
66,0.001000000000000223,0.0,211.78
67,0.0019999999999995577,0.0,211.78
68,0.004989898989898656,0.0,211.78
69,0.0040000000000000036,0.0,211.78
70,0.0029797979797981933,0.0,211.78
71,0.002989898989899209,0.0,211.78
72,0.0019999999999995577,0.0,211.78
73,0.004989898989898656,0.00047218811974688034,211.88
74,0.0019999999999995577,0.0,211.88
75,0.0019999999999997797,0.0,211.88
76,0.0030000000000002247,0.01519728148008306,215.1
77,0.006000000000000116,0.0,215.1
78,0.0030000000000001137,0.0,215.1
79,0.003989898989899099,0.0,215.1
80,0.0019797979797977483,0.0,215.1
81,0.004999999999999671,0.0,215.1
82,0.0030000000000001137,0.0,215.1
83,0.005979797979798085,0.0,215.1
84,0.0019999999999995577,0.0,215.1
85,0.005989898989899323,0.0,215.1
86,0.005989898989899101,0.0,215.1
87,0.0039999999999997815,0.0,215.1
88,0.0030000000000001137,0.0,215.1
89,0.006959595959595832,0.0,215.1
90,0.005939393939394133,0.0,215.1
91,0.004999999999999671,0.0,215.1
92,0.0059595959595961645,0.0,215.1
93,0.0030000000000001137,0.0,215.1
94,0.0019999999999997797,0.0,215.1
95,0.003989898989899099,0.0,215.1
96,0.004989898989898656,0.0,215.1
97,0.002989898989899209,0.0,215.1
98,0.0019999999999997797,0.0,215.1
99,0.001000000000000223,0.0,215.1
100,0.004999999999999671,0.0,215.1
