n_nodes,influence,n0,n1,n2,n3,n4
5,24.3600,2560,3394,7057,7055,439
5,24.3600,2560,3394,7057,7055,439
5,23.5200,2560,3394,6619,7055,439
5,22.4800,439,3394,2560,7055,7818
5,22.1000,2560,3394,6500,7055,715
5,22.1000,2560,3394,6500,7055,715
5,21.5400,439,3394,2560,6500,7055
5,21.5400,439,3394,2560,6500,7055
5,21.5400,439,3394,2560,6500,7055
5,21.5400,439,3394,2560,6500,7055
5,21.3800,439,3394,2560,6500,7055
5,21.3000,439,3394,2560,6500,7055
5,21.3000,2560,3394,6500,7055,7818
5,21.3000,2560,3394,6500,7055,7818
5,20.6000,439,3394,2560,6500,7055
5,20.6000,439,3394,2560,6500,7055
