num_genrations,diversity,improvement,best_fitness
0,1.0,0,11.636639639979471
1,0.8916666666666667,0.0,11.636639639979471
2,0.7638888888888888,0.14425657316220064,13.315301397566333
3,0.288888888888889,0.0,13.315301397566333
4,0.338888888888889,0.0,13.315301397566333
5,0.22777777777777786,0.003419389773694134,13.360831602998827
6,0.0,-0.003407737391306864,13.315301397566333
7,0.08333333333333337,0.0791313846551864,14.368959634256896
8,0.21666666666666667,0.1139569246991175,16.006402085302568
9,0.2777777777777778,0.0,16.006402085302568
10,0.3694444444444446,-0.10229922016948505,14.368959634256896
