num_genrations,diversity,improvement,best_fitness
0,1.0,0,209.36999999999998
1,0.8990740740740741,-0.3257868844629129,141.1599999999999
2,0.587037037037037,0.034924907905922224,146.0899999999999
3,0.26296296296296295,0.6287220206721892,237.93999999999994
4,0.28148148148148144,0.0,237.93999999999994
5,0.3138888888888888,0.0,237.93999999999994
6,0.3101851851851851,0.0,237.93999999999994
7,0.02777777777777768,0.020047070690089985,242.70999999999995
8,0.04166666666666674,0.06711713567632152,258.99999999999994
9,0.08518518518518525,-0.06289575289575287,242.70999999999995
10,0.1324074074074072,-0.013555271723455947,239.41999999999996
