n_nodes,influence,n0,n1,n2,n3,n4
5,9.0100,245381,5418,12880,141232,194296
5,9.0100,245381,5418,12880,141232,194296
5,9.0100,245381,5418,12880,141232,194296
5,9.0100,245381,5418,12880,141232,194296
5,9.0100,245381,5418,12880,141232,194296
5,9.0100,245381,5418,12880,141232,194296
5,9.0100,245381,5418,12880,141232,194296
5,9.0100,245381,5418,12880,141232,194296
5,9.0100,245381,5418,12880,141232,194296
5,9.0100,245381,5418,12880,141232,194296
5,9.0100,245381,5418,12880,141232,194296
5,9.0100,245381,5418,12880,141232,194296
5,9.0100,245381,5418,12880,141232,194296
5,9.0100,245381,5418,12880,141232,194296
5,9.0100,245381,5418,12880,141232,194296
5,9.0100,245381,5418,12880,141232,194296
