n_nodes,influence,n0,n1,n2,n3,n4,n5,n6
7,112.6000,2565,1549,15,72,737,1166,5079
7,112.6000,2565,1549,15,72,737,1166,5079
7,112.6000,2565,1549,15,72,737,1166,5079
7,112.6000,2565,1549,15,72,737,1166,5079
7,112.6000,2565,1549,15,72,737,1166,5079
7,112.6000,2565,1549,15,72,737,1166,5079
7,112.6000,2565,1549,15,72,737,1166,5079
7,112.6000,2565,1549,15,72,737,1166,5079
7,112.6000,2565,1549,15,72,737,1166,5079
7,112.6000,2565,1549,15,72,737,1166,5079
7,112.6000,2565,1549,15,72,737,1166,5079
7,112.6000,2565,1549,15,72,737,1166,5079
7,112.6000,2565,1549,15,72,737,1166,5079
7,112.6000,2565,1549,15,72,737,1166,5079
7,112.6000,2565,1549,15,72,737,1166,5079
7,112.6000,2565,1549,15,72,737,1166,5079
