num_genrations,diversity,improvement,best_fitness
0,1.0,0,22.56
1,0.895,-0.038120567375886504,21.7
2,0.615,0.2580645161290323,27.3
3,0.53,0.03150183150183148,28.16
4,0.2633333333333332,0.021306818181818232,28.76
5,0.2250000000000001,0.04937413073713484,30.18
6,0.20833333333333348,0.011265738899933726,30.52
7,0.18500000000000005,-0.011140235910878107,30.18
8,0.09333333333333327,0.0,30.18
9,0.0,0.0,30.18
10,0.02499999999999991,0.00033134526176280857,30.19
11,0.02499999999999991,0.0,30.19
12,0.06499999999999995,0.0,30.19
13,0.11499999999999988,0.06558463067240809,32.17
14,0.17166666666666652,0.03481504507304934,33.29
15,0.21833333333333327,0.0,33.29
16,0.30333333333333323,0.0,33.29
17,0.31999999999999984,0.019825773505557337,33.95
18,0.11666666666666659,0.09690721649484532,37.24
19,0.15000000000000002,0.0,37.24
20,0.20666666666666655,0.0,37.24
21,0.21833333333333327,0.0,37.24
22,0.20666666666666678,0.014232008592910877,37.77
23,0.046666666666666634,0.0,37.77
24,0.046666666666666634,0.0,37.77
25,0.1316666666666666,0.022769393698702657,38.63
26,0.1383333333333333,0.0,38.63
27,0.08999999999999986,0.0,38.63
28,0.10499999999999976,0.0036241263266891164,38.77
29,0.0,0.01728140314676282,39.44
30,0.02499999999999991,0.0755578093306289,42.42
