generation number, individual number, fitness, candidate
0, 0, 3.16, [716, 656, 520]
0, 1, 3.04, [785, 1419, 1414]
0, 2, 3.02, [905, 483, 1603]
0, 3, 3.01, [609, 1225, 1219]
0, 4, 3.01, [98, 216, 656]
0, 5, 3.01, [905, 819, 1555]
0, 6, 3.01, [905, 1219, 1603]
0, 7, 3.01, [711, 785, 873]
0, 8, 3.0, [3639, 2341, 1157]
0, 9, 3.0, [905, 429, 873]
1, 0, 3.16, [716, 656, 520]
1, 1, 3.11, [710, 656, 520]
1, 2, 3.07, [1543, 483, 1555]
1, 3, 3.06, [439, 990, 902]
1, 4, 3.06, [716, 816, 1025]
1, 5, 3.04, [785, 1419, 1414]
1, 6, 3.03, [716, 15, 1603]
1, 7, 3.03, [587, 439, 694]
1, 8, 3.02, [710, 819, 1603]
1, 9, 3.02, [716, 656, 690]
2, 0, 3.19, [483, 1029, 520]
2, 1, 3.18, [1141, 656, 520]
2, 2, 3.17, [1509, 656, 520]
2, 3, 3.16, [716, 656, 520]
2, 4, 3.12, [1967, 483, 520]
2, 5, 3.11, [710, 656, 520]
2, 6, 3.08, [710, 990, 1580]
2, 7, 3.05, [710, 656, 1540]
2, 8, 3.05, [785, 656, 1555]
2, 9, 3.03, [716, 1025, 495]
3, 0, 3.25, [450, 656, 520]
3, 1, 3.24, [1509, 5117, 520]
3, 2, 3.19, [483, 1029, 520]
3, 3, 3.18, [1141, 656, 520]
3, 4, 3.14, [339, 656, 520]
3, 5, 3.12, [483, 1025, 520]
3, 6, 3.04, [487, 834, 1574]
3, 7, 3.04, [731, 1540, 710]
3, 8, 3.03, [1219, 1029, 841]
3, 9, 3.02, [483, 964, 1603]
4, 0, 3.25, [450, 656, 520]
4, 1, 3.24, [1509, 5117, 520]
4, 2, 3.23, [339, 5117, 520]
4, 3, 3.17, [970, 1353, 520]
4, 4, 3.16, [1509, 816, 520]
4, 5, 3.14, [483, 5117, 964]
4, 6, 3.1, [339, 831, 520]
4, 7, 3.06, [1509, 1225, 520]
4, 8, 3.05, [1509, 656, 1430]
4, 9, 3.04, [450, 816, 339]
5, 0, 3.25, [1048, 5117, 520]
5, 1, 3.25, [450, 656, 520]
5, 2, 3.24, [1509, 5117, 520]
5, 3, 3.23, [990, 5117, 520]
5, 4, 3.16, [1219, 656, 520]
5, 5, 3.15, [1157, 656, 520]
5, 6, 3.11, [483, 1353, 520]
5, 7, 3.09, [450, 1567, 520]
5, 8, 3.04, [450, 495, 922]
5, 9, 3.03, [450, 1353, 78]
6, 0, 3.25, [1048, 5117, 520]
6, 1, 3.25, [450, 656, 520]
6, 2, 3.14, [450, 5117, 716]
6, 3, 3.13, [609, 5117, 1138]
6, 4, 3.1, [691, 5117, 697]
6, 5, 3.09, [1157, 656, 520]
6, 6, 3.08, [1048, 2436, 520]
6, 7, 3.07, [450, 831, 520]
6, 8, 3.03, [905, 831, 1141]
6, 9, 3.03, [439, 2032, 320]
7, 0, 3.27, [1048, 5117, 520]
7, 1, 3.25, [1048, 5117, 520]
7, 2, 3.25, [450, 656, 520]
7, 3, 3.13, [609, 5117, 934]
7, 4, 3.13, [1025, 656, 520]
7, 5, 3.13, [450, 831, 520]
7, 6, 3.12, [786, 1419, 520]
7, 7, 3.1, [1028, 816, 520]
7, 8, 3.09, [1048, 5117, 1419]
7, 9, 3.09, [1048, 816, 520]
8, 0, 3.27, [1048, 5117, 520]
8, 1, 3.25, [1347, 5117, 520]
8, 2, 3.25, [1048, 5117, 520]
8, 3, 3.13, [809, 5117, 1569]
8, 4, 3.12, [1048, 1157, 520]
8, 5, 3.1, [1048, 816, 520]
8, 6, 3.07, [1048, 1419, 5117]
8, 7, 3.06, [450, 5117, 741]
8, 8, 3.06, [1048, 656, 716]
8, 9, 3.05, [2070, 1045, 1414]
9, 0, 3.27, [1048, 5117, 520]
9, 1, 3.25, [1347, 5117, 520]
9, 2, 3.15, [1603, 439, 520]
9, 3, 3.15, [1219, 5117, 1394]
9, 4, 3.14, [1048, 819, 520]
9, 5, 3.14, [1555, 666, 520]
9, 6, 3.12, [2340, 1025, 520]
9, 7, 3.07, [662, 5117, 2490]
9, 8, 3.05, [1347, 429, 1138]
9, 9, 3.03, [666, 697, 2341]
10, 0, 3.3, [1381, 5117, 520]
10, 1, 3.27, [1048, 5117, 520]
10, 2, 3.26, [1555, 439, 520]
10, 3, 3.25, [1347, 5117, 520]
10, 4, 3.16, [902, 5117, 934]
10, 5, 3.14, [1603, 5117, 1540]
10, 6, 3.13, [1347, 5117, 545]
10, 7, 3.13, [1219, 5117, 2436]
10, 8, 3.06, [2846, 1157, 1540]
10, 9, 3.03, [1347, 798, 834]
11, 0, 3.3, [1381, 5117, 520]
11, 1, 3.27, [1048, 5117, 520]
11, 2, 3.18, [1381, 731, 520]
11, 3, 3.15, [1555, 1029, 520]
11, 4, 3.14, [834, 662, 520]
11, 5, 3.13, [1381, 731, 520]
11, 6, 3.1, [1555, 831, 520]
11, 7, 3.09, [1048, 5117, 247]
11, 8, 3.07, [98, 1028, 964]
11, 9, 3.06, [816, 439, 247]
12, 0, 3.3, [1381, 5117, 520]
12, 1, 3.27, [1048, 5117, 520]
12, 2, 3.17, [487, 5117, 934]
12, 3, 3.14, [1514, 3639, 520]
12, 4, 3.12, [1381, 1225, 520]
12, 5, 3.09, [2846, 731, 520]
12, 6, 3.09, [1555, 5117, 247]
12, 7, 3.06, [476, 831, 710]
12, 8, 3.06, [1381, 5117, 741]
12, 9, 3.02, [1381, 1029, 1827]
13, 0, 3.33, [2340, 5117, 520]
13, 1, 3.3, [1381, 5117, 520]
13, 2, 3.27, [1048, 5117, 520]
13, 3, 3.17, [834, 3639, 520]
13, 4, 3.16, [487, 2032, 520]
13, 5, 3.13, [691, 5117, 662]
13, 6, 3.12, [1381, 5117, 690]
13, 7, 3.1, [1567, 5117, 2436]
13, 8, 3.1, [834, 5117, 934]
13, 9, 3.03, [545, 3, 487]
14, 0, 3.33, [2340, 5117, 520]
14, 1, 3.3, [1381, 5117, 520]
14, 2, 3.27, [834, 5117, 873]
14, 3, 3.18, [2340, 816, 520]
14, 4, 3.13, [798, 751, 520]
14, 5, 3.11, [2340, 5117, 2436]
14, 6, 3.08, [1025, 1827, 520]
14, 7, 3.06, [2340, 450, 1229]
14, 8, 3.02, [609, 483, 1157]
14, 9, 3.02, [2340, 439, 3639]
15, 0, 3.34, [834, 5117, 520]
15, 1, 3.33, [2340, 5117, 520]
15, 2, 3.3, [1381, 5117, 520]
15, 3, 3.13, [2340, 5117, 2490]
15, 4, 3.11, [834, 5117, 922]
15, 5, 3.11, [786, 5117, 1029]
15, 6, 3.08, [1540, 5117, 1394]
15, 7, 3.05, [1028, 5117, 1229]
15, 8, 3.03, [751, 1574, 1157]
15, 9, 3.01, [1514, 1567, 339]
16, 0, 3.34, [834, 5117, 520]
16, 1, 3.33, [2340, 5117, 520]
16, 2, 3.24, [711, 5117, 520]
16, 3, 3.21, [78, 5117, 520]
16, 4, 3.16, [476, 5117, 2490]
16, 5, 3.12, [1414, 5117, 320]
16, 6, 3.08, [1414, 905, 520]
16, 7, 3.07, [2340, 816, 520]
16, 8, 3.05, [2340, 5117, 1430]
16, 9, 3.03, [439, 3, 450]
17, 0, 3.34, [834, 5117, 520]
17, 1, 3.33, [2340, 5117, 520]
17, 2, 3.27, [1157, 5117, 520]
17, 3, 3.12, [1414, 5117, 691]
17, 4, 3.1, [711, 520, 587]
17, 5, 3.09, [1514, 5117, 1394]
17, 6, 3.08, [1414, 1540, 520]
17, 7, 3.04, [1157, 970, 662]
17, 8, 3.03, [873, 487, 850]
17, 9, 3.02, [834, 78, 1045]
18, 0, 3.34, [834, 5117, 520]
18, 1, 3.33, [2340, 5117, 520]
18, 2, 3.25, [3639, 5117, 520]
18, 3, 3.22, [816, 850, 520]
18, 4, 3.14, [711, 520, 1574]
18, 5, 3.14, [1414, 1603, 520]
18, 6, 3.08, [247, 5117, 691]
18, 7, 3.07, [834, 5117, 662]
18, 8, 3.04, [834, 905, 751]
18, 9, 3.03, [834, 587, 1540]
19, 0, 3.34, [834, 5117, 520]
19, 1, 3.33, [2340, 5117, 520]
19, 2, 3.24, [1414, 5117, 520]
19, 3, 3.18, [711, 5117, 520]
19, 4, 3.18, [1229, 5117, 520]
19, 5, 3.14, [834, 1394, 520]
19, 6, 3.14, [1414, 1603, 520]
19, 7, 3.14, [3639, 5117, 247]
19, 8, 3.11, [2340, 5117, 1540]
19, 9, 3.04, [439, 831, 922]
20, 0, 3.34, [834, 5117, 520]
20, 1, 3.33, [2340, 5117, 520]
20, 2, 3.28, [483, 5117, 520]
20, 3, 3.27, [1509, 5117, 520]
20, 4, 3.15, [731, 5117, 520]
20, 5, 3.11, [1580, 1967, 520]
20, 6, 3.1, [429, 5117, 675]
20, 7, 3.08, [970, 635, 520]
20, 8, 3.05, [320, 1048, 495]
20, 9, 3.01, [2340, 495, 545]
21, 0, 3.34, [834, 5117, 520]
21, 1, 3.33, [2340, 5117, 520]
21, 2, 3.29, [1827, 5117, 520]
21, 3, 3.16, [1289, 5117, 1028]
21, 4, 3.11, [2340, 587, 520]
21, 5, 3.11, [1509, 5117, 974]
21, 6, 3.06, [1509, 5117, 834]
21, 7, 3.04, [2340, 1289, 495]
21, 8, 3.04, [1555, 1543, 786]
21, 9, 3.01, [1569, 1025, 1540]
22, 0, 3.34, [834, 5117, 520]
22, 1, 3.33, [2340, 5117, 520]
22, 2, 3.22, [2341, 5117, 520]
22, 3, 3.14, [834, 786, 520]
22, 4, 3.13, [2340, 902, 520]
22, 5, 3.12, [850, 1569, 520]
22, 6, 3.11, [690, 1347, 520]
22, 7, 3.08, [834, 635, 520]
22, 8, 3.06, [1347, 1141, 964]
22, 9, 3.02, [834, 809, 1025]
23, 0, 3.34, [834, 5117, 520]
23, 1, 3.33, [2340, 5117, 520]
23, 2, 3.24, [1414, 5117, 520]
23, 3, 3.22, [785, 934, 520]
23, 4, 3.21, [2341, 5117, 690]
23, 5, 3.18, [1414, 5117, 520]
23, 6, 3.1, [2340, 786, 690]
23, 7, 3.09, [1378, 476, 520]
23, 8, 3.08, [834, 816, 785]
23, 9, 3.07, [735, 2032, 520]
24, 0, 3.34, [834, 5117, 520]
24, 1, 3.33, [2340, 5117, 520]
24, 2, 3.2, [834, 3, 520]
24, 3, 3.2, [1414, 5117, 520]
24, 4, 3.16, [819, 5117, 520]
24, 5, 3.14, [834, 1967, 520]
24, 6, 3.14, [690, 798, 520]
24, 7, 3.12, [873, 1225, 520]
24, 8, 3.06, [1514, 5117, 1569]
24, 9, 3.05, [697, 2340, 98]
25, 0, 3.34, [834, 5117, 520]
25, 1, 3.33, [2340, 5117, 520]
25, 2, 3.16, [834, 5117, 1048]
25, 3, 3.16, [2032, 635, 520]
25, 4, 3.13, [834, 5117, 716]
25, 5, 3.11, [476, 819, 520]
25, 6, 3.11, [1289, 5117, 1580]
25, 7, 3.1, [873, 5117, 690]
25, 8, 3.06, [834, 1574, 831]
25, 9, 3.03, [587, 1381, 666]
26, 0, 3.34, [834, 5117, 520]
26, 1, 3.33, [2340, 5117, 520]
26, 2, 3.22, [834, 841, 520]
26, 3, 3.21, [2070, 5117, 520]
26, 4, 3.18, [1414, 635, 520]
26, 5, 3.15, [2032, 5117, 2340]
26, 6, 3.13, [2340, 5117, 1025]
26, 7, 3.12, [786, 5117, 609]
26, 8, 3.1, [2032, 710, 520]
26, 9, 3.07, [2340, 635, 841]
27, 0, 3.34, [834, 5117, 520]
27, 1, 3.33, [2340, 5117, 520]
27, 2, 3.27, [1414, 5117, 520]
27, 3, 3.24, [2341, 5117, 520]
27, 4, 3.18, [520, 5117, 1003]
27, 5, 3.15, [902, 5117, 780]
27, 6, 3.13, [809, 5117, 716]
27, 7, 3.09, [1414, 841, 1430]
27, 8, 3.05, [834, 339, 934]
27, 9, 3.04, [834, 786, 841]
28, 0, 3.34, [834, 5117, 520]
28, 1, 3.33, [2340, 5117, 520]
28, 2, 3.17, [2341, 336, 520]
28, 3, 3.17, [2341, 5117, 850]
28, 4, 3.15, [834, 5117, 662]
28, 5, 3.13, [751, 2490, 520]
28, 6, 3.13, [1157, 5117, 520]
28, 7, 3.12, [2340, 1045, 520]
28, 8, 3.09, [1827, 841, 520]
28, 9, 3.03, [798, 841, 1414]
29, 0, 3.34, [834, 5117, 520]
29, 1, 3.33, [2340, 5117, 520]
29, 2, 3.13, [2341, 5117, 2436]
29, 3, 3.1, [2341, 5117, 798]
29, 4, 3.09, [2341, 5117, 247]
29, 5, 3.09, [2340, 5117, 1394]
29, 6, 3.07, [2341, 5117, 2490]
29, 7, 3.06, [2340, 1567, 850]
29, 8, 3.06, [1414, 662, 2340]
29, 9, 3.05, [2340, 336, 1569]
30, 0, 3.34, [834, 5117, 520]
30, 1, 3.33, [2340, 5117, 520]
30, 2, 3.19, [1157, 816, 520]
30, 3, 3.18, [439, 1028, 520]
30, 4, 3.13, [2341, 5117, 2490]
30, 5, 3.12, [339, 5117, 2340]
30, 6, 3.1, [1414, 5117, 3]
30, 7, 3.1, [834, 1157, 520]
30, 8, 3.09, [990, 5117, 609]
30, 9, 3.08, [711, 5117, 1394]
31, 0, 3.34, [834, 5117, 520]
31, 1, 3.33, [2340, 5117, 520]
31, 2, 3.27, [934, 5117, 520]
31, 3, 3.23, [1414, 5117, 520]
31, 4, 3.23, [1414, 990, 520]
31, 5, 3.19, [1414, 1028, 520]
31, 6, 3.13, [716, 666, 520]
31, 7, 3.1, [1414, 990, 520]
31, 8, 3.07, [1514, 934, 1157]
31, 9, 3.07, [1540, 5117, 3]
32, 0, 3.34, [834, 5117, 520]
32, 1, 3.33, [2340, 5117, 520]
32, 2, 3.15, [3147, 5117, 520]
32, 3, 3.14, [1414, 990, 520]
32, 4, 3.13, [2340, 1003, 520]
32, 5, 3.11, [1414, 2032, 520]
32, 6, 3.11, [1414, 816, 520]
32, 7, 3.1, [1419, 1567, 520]
32, 8, 3.1, [2340, 990, 716]
32, 9, 3.09, [2340, 2846, 1419]
33, 0, 3.34, [834, 5117, 520]
33, 1, 3.33, [2340, 5117, 520]
33, 2, 3.26, [1045, 5117, 520]
33, 3, 3.16, [247, 3147, 520]
33, 4, 3.14, [873, 990, 520]
33, 5, 3.11, [1967, 1430, 520]
33, 6, 3.11, [751, 990, 520]
33, 7, 3.09, [3639, 1353, 520]
33, 8, 3.09, [1509, 1025, 520]
33, 9, 3.09, [1414, 5117, 964]
34, 0, 3.34, [834, 5117, 520]
34, 1, 3.33, [2340, 5117, 520]
34, 2, 3.17, [785, 5117, 520]
34, 3, 3.14, [1045, 5117, 1003]
34, 4, 3.12, [922, 5117, 429]
34, 5, 3.12, [1603, 5117, 2341]
34, 6, 3.11, [1603, 990, 520]
34, 7, 3.11, [2667, 15, 520]
34, 8, 3.07, [873, 5117, 1603]
34, 9, 3.06, [2340, 785, 964]
35, 0, 3.34, [834, 5117, 520]
35, 1, 3.33, [2340, 5117, 520]
35, 2, 3.18, [78, 5117, 1967]
35, 3, 3.14, [656, 2341, 520]
35, 4, 3.12, [2340, 5117, 247]
35, 5, 3.11, [1028, 5117, 2070]
35, 6, 3.1, [694, 1225, 520]
35, 7, 3.04, [1569, 1514, 710]
35, 8, 3.03, [834, 1540, 716]
35, 9, 3.03, [1540, 336, 2436]
36, 0, 3.34, [834, 5117, 520]
36, 1, 3.33, [2340, 5117, 520]
36, 2, 3.15, [2341, 690, 520]
36, 3, 3.15, [1967, 5117, 850]
36, 4, 3.14, [785, 710, 520]
36, 5, 3.1, [2436, 5117, 429]
36, 6, 3.1, [834, 970, 520]
36, 7, 3.09, [834, 970, 520]
36, 8, 3.08, [1569, 1048, 520]
36, 9, 3.08, [1378, 5117, 1580]
37, 0, 3.34, [834, 5117, 520]
37, 1, 3.33, [2340, 5117, 520]
37, 2, 3.27, [1414, 5117, 520]
37, 3, 3.16, [2490, 1509, 520]
37, 4, 3.13, [697, 1419, 520]
37, 5, 3.09, [834, 587, 934]
37, 6, 3.09, [1967, 5117, 690]
37, 7, 3.08, [834, 5117, 1394]
37, 8, 3.04, [834, 922, 1138]
37, 9, 3.03, [2340, 1045, 1138]
38, 0, 3.34, [834, 5117, 520]
38, 1, 3.33, [2340, 5117, 520]
38, 2, 3.22, [834, 873, 520]
38, 3, 3.21, [780, 5117, 520]
38, 4, 3.2, [1580, 5117, 520]
38, 5, 3.17, [786, 1419, 520]
38, 6, 3.16, [697, 751, 520]
38, 7, 3.16, [780, 5117, 520]
38, 8, 3.14, [964, 873, 520]
38, 9, 3.1, [697, 5117, 2436]
39, 0, 3.34, [834, 5117, 520]
39, 1, 3.33, [2340, 5117, 520]
39, 2, 3.13, [2341, 873, 520]
39, 3, 3.1, [785, 5117, 3639]
39, 4, 3.1, [1540, 5117, 1555]
39, 5, 3.07, [834, 2032, 520]
39, 6, 3.06, [841, 450, 694]
39, 7, 3.05, [2340, 1827, 495]
39, 8, 3.04, [1029, 1025, 3147]
39, 9, 3.02, [834, 873, 964]
40, 0, 3.34, [834, 5117, 520]
40, 1, 3.33, [2340, 5117, 520]
40, 2, 3.28, [587, 5117, 520]
40, 3, 3.17, [78, 5117, 520]
40, 4, 3.15, [1414, 873, 520]
40, 5, 3.13, [1141, 5117, 2340]
40, 6, 3.11, [834, 1567, 520]
40, 7, 3.11, [1540, 2032, 520]
40, 8, 3.1, [450, 2667, 520]
40, 9, 3.08, [1414, 5117, 1555]
41, 0, 3.34, [834, 5117, 520]
41, 1, 3.33, [2340, 5117, 520]
41, 2, 3.25, [1157, 5117, 520]
41, 3, 3.15, [2341, 666, 520]
41, 4, 3.13, [834, 429, 520]
41, 5, 3.11, [2340, 711, 520]
41, 6, 3.11, [834, 5117, 635]
41, 7, 3.07, [691, 5117, 662]
41, 8, 3.05, [834, 741, 487]
41, 9, 3.04, [834, 841, 716]
42, 0, 3.34, [834, 5117, 520]
42, 1, 3.33, [2340, 5117, 520]
42, 2, 3.2, [1157, 336, 520]
42, 3, 3.15, [780, 5117, 741]
42, 4, 3.12, [2340, 5117, 98]
42, 5, 3.11, [1157, 5117, 964]
42, 6, 3.11, [587, 635, 520]
42, 7, 3.1, [1157, 5117, 1394]
42, 8, 3.1, [2341, 587, 520]
42, 9, 3.08, [1569, 5117, 1580]
43, 0, 3.34, [834, 5117, 520]
43, 1, 3.33, [2340, 5117, 520]
43, 2, 3.23, [587, 5117, 520]
43, 3, 3.19, [1414, 5117, 520]
43, 4, 3.17, [964, 5117, 1430]
43, 5, 3.1, [780, 5117, 1540]
43, 6, 3.06, [1603, 635, 520]
43, 7, 3.06, [1347, 1394, 964]
43, 8, 3.06, [439, 1967, 1574]
43, 9, 3.05, [247, 1347, 690]
44, 0, 3.34, [834, 5117, 520]
44, 1, 3.33, [2340, 5117, 520]
44, 2, 3.28, [1414, 5117, 520]
44, 3, 3.24, [450, 5117, 520]
44, 4, 3.16, [2340, 2032, 520]
44, 5, 3.13, [2032, 483, 520]
44, 6, 3.13, [834, 831, 520]
44, 7, 3.08, [731, 5117, 1603]
44, 8, 3.08, [1225, 780, 520]
44, 9, 3.06, [635, 1229, 520]
45, 0, 3.34, [834, 5117, 520]
45, 1, 3.33, [2340, 5117, 520]
45, 2, 3.17, [2340, 5117, 336]
45, 3, 3.15, [850, 5117, 716]
45, 4, 3.14, [711, 798, 520]
45, 5, 3.13, [1353, 5117, 1045]
45, 6, 3.12, [2340, 1603, 520]
45, 7, 3.11, [1048, 5117, 495]
45, 8, 3.05, [735, 483, 934]
45, 9, 3.04, [690, 905, 247]
46, 0, 3.34, [834, 5117, 520]
46, 1, 3.33, [2340, 5117, 520]
46, 2, 3.2, [1157, 5117, 520]
46, 3, 3.18, [834, 5117, 922]
46, 4, 3.15, [850, 5117, 662]
46, 5, 3.14, [834, 5117, 1347]
46, 6, 3.14, [2340, 5117, 1540]
46, 7, 3.12, [2340, 1378, 520]
46, 8, 3.11, [2340, 5117, 922]
46, 9, 3.1, [850, 1029, 520]
47, 0, 3.34, [834, 5117, 520]
47, 1, 3.33, [2340, 5117, 520]
47, 2, 3.17, [1157, 5117, 741]
47, 3, 3.16, [1157, 5117, 1347]
47, 4, 3.15, [1414, 5117, 922]
47, 5, 3.13, [1157, 5117, 2436]
47, 6, 3.12, [2340, 5117, 691]
47, 7, 3.07, [809, 716, 2070]
47, 8, 3.03, [3147, 1381, 964]
47, 9, 3.02, [780, 735, 1514]
48, 0, 3.34, [834, 5117, 520]
48, 1, 3.33, [2340, 5117, 520]
48, 2, 3.26, [3639, 5117, 520]
48, 3, 3.16, [834, 970, 520]
48, 4, 3.14, [3147, 5117, 741]
48, 5, 3.11, [1157, 520, 1514]
48, 6, 3.1, [1157, 5117, 741]
48, 7, 3.04, [1381, 905, 1540]
48, 8, 3.04, [1157, 1029, 922]
48, 9, 3.02, [834, 1378, 964]
49, 0, 3.34, [834, 5117, 520]
49, 1, 3.33, [2340, 5117, 520]
49, 2, 3.22, [1509, 5117, 520]
49, 3, 3.2, [905, 5117, 520]
49, 4, 3.14, [834, 1574, 520]
49, 5, 3.13, [1514, 694, 520]
49, 6, 3.12, [666, 834, 520]
49, 7, 3.09, [2341, 5117, 741]
49, 8, 3.09, [834, 5117, 450]
49, 9, 3.03, [78, 1967, 2341]
50, 0, 3.34, [834, 5117, 520]
50, 1, 3.33, [2340, 5117, 520]
50, 2, 3.24, [1048, 5117, 520]
50, 3, 3.14, [785, 5117, 339]
50, 4, 3.13, [834, 5117, 1138]
50, 5, 3.13, [1028, 5117, 1219]
50, 6, 3.12, [15, 1029, 520]
50, 7, 3.09, [694, 5117, 819]
50, 8, 3.05, [834, 495, 964]
50, 9, 3.02, [1045, 1555, 716]
