num_genrations,diversity,improvement,best_fitness
0,0.9993848425196851,0,117.74
1,0.977263779527559,0.0,117.74
2,0.9192667322834646,0.06361474435196203,125.23
3,0.7781988188976378,0.6568713567036653,207.49
4,0.5251722440944881,0.020531109933008777,211.75
5,0.6144931102362204,0.0573317591499409,223.89
6,0.5229084645669291,-0.024520970119254908,218.4
7,0.3111712598425198,0.018818681318681252,222.51
8,0.1394438976377954,0.0,222.51
9,0.14421751968503949,0.0,222.51
10,0.048105314960630086,0.03006606444654172,229.2
