num_genrations,diversity,improvement,best_fitness
0,1.0,0,13.57
1,0.7892857142857144,0.07148120854826816,14.54
2,0.5595238095238095,0.0,14.54
3,0.480952380952381,0.0,14.54
4,0.10595238095238091,0.10729023383768929,16.1
5,0.21666666666666667,0.013664596273291854,16.32
6,0.18571428571428572,0.01286764705882358,16.53
7,0.1261904761904762,0.00967937084089535,16.69
8,0.0535714285714286,0.05152786099460751,17.55
9,0.15357142857142858,0.08547008547008547,19.05
10,0.16547619047619055,0.11758530183727026,21.29
