n_nodes,influence,n0,n1,n2,n3,n4,n5,n6,n7,n8,n9,n10,n11,n12,n13,n14
15,718.4300,737,3554,3973,550,645,18056,28549,1719,13,20434,1172,23231,279,88,1501
15,718.4300,737,3554,3973,550,645,18056,28549,1719,13,20434,1172,23231,279,88,1501
15,718.4300,737,3554,3973,550,645,18056,28549,1719,13,20434,1172,23231,279,88,1501
15,718.4300,737,3554,3973,550,645,18056,28549,1719,13,20434,1172,23231,279,88,1501
15,718.4300,737,3554,3973,550,645,18056,28549,1719,13,20434,1172,23231,279,88,1501
15,718.4300,737,3554,3973,550,645,18056,28549,1719,13,20434,1172,23231,279,88,1501
15,718.4300,737,3554,3973,550,645,18056,28549,1719,13,20434,1172,23231,279,88,1501
15,718.4300,737,3554,3973,550,645,18056,28549,1719,13,20434,1172,23231,279,88,1501
15,718.4300,737,3554,3973,550,645,18056,28549,1719,13,20434,1172,23231,279,88,1501
15,718.4300,737,3554,3973,550,645,18056,28549,1719,13,20434,1172,23231,279,88,1501
15,718.4300,737,3554,3973,550,645,18056,28549,1719,13,20434,1172,23231,279,88,1501
15,718.4300,737,3554,3973,550,645,18056,28549,1719,13,20434,1172,23231,279,88,1501
15,718.4300,737,3554,3973,550,645,18056,28549,1719,13,20434,1172,23231,279,88,1501
15,718.4300,737,3554,3973,550,645,18056,28549,1719,13,20434,1172,23231,279,88,1501
15,718.1200,737,3554,3973,550,645,18056,28549,1719,13,20434,1172,23231,279,88,1501
15,717.8400,737,3554,3973,550,645,18056,28549,1719,13,20434,1172,23231,279,88,1501
15,717.8400,737,3554,3973,550,645,18056,28549,1719,13,20434,1172,23231,279,88,1501
15,717.1200,737,3554,3973,550,645,18056,28549,1719,13,20434,1172,23231,279,88,1501
15,717.0300,737,3554,3973,550,645,64021,28549,1719,13,20434,1172,23231,279,88,1501
15,713.2400,737,3554,3973,550,645,18056,28549,1719,13,20434,1172,23231,279,88,1501
15,712.8400,737,3554,3973,550,645,18056,28549,1719,13,20434,1172,23231,279,88,1501
15,712.8400,737,3554,3973,550,645,18056,28549,1719,13,20434,1172,23231,279,88,1501
15,712.7600,737,3554,3973,550,645,64021,28549,1719,13,20434,1172,23231,279,88,1501
15,712.1200,737,3554,3973,550,645,64021,28549,1719,13,20434,1172,23231,279,88,1501
15,712.1200,737,3554,3973,550,645,64021,28549,1719,13,20434,1172,23231,279,88,1501
15,712.1200,737,3554,3973,550,645,64021,28549,1719,13,20434,1172,23231,279,88,1501
15,712.1200,737,3554,3973,550,645,64021,28549,1719,13,20434,1172,23231,279,88,1501
15,712.1200,737,3554,3973,550,645,64021,28549,1719,13,20434,1172,23231,279,88,1501
15,712.1200,737,3554,3973,550,645,64021,28549,1719,13,20434,1172,23231,279,88,1501
15,712.1200,737,3554,3973,550,645,64021,28549,1719,13,20434,1172,23231,279,88,1501
15,712.1200,737,3554,3973,550,645,64021,28549,1719,13,20434,1172,23231,279,88,1501
15,711.9200,737,3554,3973,550,645,18056,28549,1719,13,20434,1172,23231,279,88,1501
