generation number, pop_size, worst, best, median, avg, std, diversity, improvement, number_of_selections
0, 10, 4.51, 10.63, 6.49, 6.773000000000001, 1.6715803899304396,0.9777777777777777,0,[1.e-300]
1, 10, 7.1, 11.04, 8.75, 8.998999999999999, 1.3604738145219848,0.8888888888888888,0.03857008466603935,[1.e-300]
2, 10, 6.76, 11.41, 8.9, 9.147, 1.5694333372271663,0.9555555555555556,0.03351449275362328,[1.e-300]
3, 10, 5.25, 11.41, 8.690000000000001, 8.756, 2.269864313125346,0.9555555555555556,0.0,[1.e-300]
4, 10, 5.24, 11.82, 10.265, 9.648, 2.1124289337158775,0.9,0.03593339176161263,[1.e-300]
5, 10, 6.56, 11.82, 9.99, 9.383, 1.9718572463543096,0.9,0.0,[1.e-300]
6, 10, 6.86, 11.86, 9.985, 9.799, 1.7572959340987504,0.8888888888888888,0.003384094754653058,[1.e-300]
7, 10, 7.15, 11.86, 7.855, 8.929, 1.862677910965822,0.8777777777777778,0.0,[1.e-300]
8, 10, 6.59, 11.86, 10.925, 10.232, 1.6359510995136743,0.7666666666666666,0.0,[1.e-300]
9, 10, 4.72, 11.86, 8.32, 8.754999999999999, 2.408407149964474,0.8555555555555556,0.0,[1.e-300]
10, 10, 5.62, 11.86, 8.065, 8.783, 2.0883967534929755,0.9222222222222223,0.0,[1.e-300]
