generation number, individual number, fitness, candidate
0, 0, 10.63, [87, 33297]
0, 1, 8.7, [80450, 90]
0, 2, 7.12, [80450, 71858]
0, 3, 6.7, [150653, 127089]
0, 4, 6.66, [98062, 134361]
0, 5, 6.32, [1063, 150015]
0, 6, 6.18, [12067, 1060]
0, 7, 5.63, [12067, 77358]
0, 8, 5.28, [67332, 66167]
0, 9, 4.51, [283, 11935]
1, 0, 11.04, [80449, 33297]
1, 1, 10.75, [98065, 33297]
1, 2, 10.63, [87, 33297]
1, 3, 9.61, [89, 90]
1, 4, 8.8, [118602, 66171]
1, 5, 8.7, [80450, 90]
1, 6, 7.93, [87, 98063]
1, 7, 7.9, [87, 66059]
1, 8, 7.53, [46, 90]
1, 9, 7.1, [80450, 33299]
2, 0, 11.41, [80450, 33297]
2, 1, 11.04, [80449, 33297]
2, 2, 10.75, [98065, 33297]
2, 3, 10.25, [91277, 11387]
2, 4, 9.16, [118602, 148118]
2, 5, 8.64, [33298, 278]
2, 6, 8.43, [150652, 98063]
2, 7, 7.93, [100141, 33300]
2, 8, 7.1, [98062, 150654]
2, 9, 6.76, [80449, 33299]
3, 0, 11.41, [80450, 33297]
3, 1, 11.29, [98065, 65899]
3, 2, 11.04, [80449, 33297]
3, 3, 10.85, [80656, 11387]
3, 4, 8.8, [98065, 33298]
3, 5, 8.58, [286, 100140]
3, 6, 8.3, [80450, 286]
3, 7, 6.71, [66166, 86]
3, 8, 5.33, [1062, 33299]
3, 9, 5.25, [98063, 87893]
4, 0, 11.82, [80661, 65899]
4, 1, 11.53, [98063, 65899]
4, 2, 11.41, [80450, 33297]
4, 3, 11.4, [80450, 33297]
4, 4, 11.29, [98065, 65899]
4, 5, 9.24, [80450, 118602]
4, 6, 9.17, [80449, 11387]
4, 7, 7.71, [80449, 286]
4, 8, 7.67, [144434, 56239]
4, 9, 5.24, [98065, 70639]
5, 0, 11.82, [80661, 65899]
5, 1, 11.53, [98063, 65899]
5, 2, 11.1, [100140, 33297]
5, 3, 10.89, [80450, 33297]
5, 4, 10.76, [98065, 65899]
5, 5, 9.22, [118606, 65899]
5, 6, 7.84, [80661, 1061]
5, 7, 7.09, [280, 282]
5, 8, 7.02, [100140, 73700]
5, 9, 6.56, [65900, 286]
6, 0, 11.86, [80661, 65899]
6, 1, 11.82, [80661, 65899]
6, 2, 11.53, [98063, 65899]
6, 3, 10.99, [100140, 33297]
6, 4, 10.52, [98065, 65899]
6, 5, 9.45, [56240, 65901]
6, 6, 9.41, [80661, 33298]
6, 7, 8.28, [80450, 87]
6, 8, 7.27, [56237, 279]
6, 9, 6.86, [80450, 65900]
7, 0, 11.86, [80661, 65899]
7, 1, 11.82, [80661, 65899]
7, 2, 10.92, [98063, 33297]
7, 3, 9.79, [98063, 100141]
7, 4, 7.88, [80661, 98065]
7, 5, 7.83, [80661, 284]
7, 6, 7.49, [98063, 1061]
7, 7, 7.39, [1061, 100140]
7, 8, 7.16, [11388, 14223]
7, 9, 7.15, [71858, 46]
8, 0, 11.86, [80661, 65899]
8, 1, 11.82, [80661, 65899]
8, 2, 11.59, [98063, 33297]
8, 3, 11.36, [80661, 65899]
8, 4, 11.2, [98062, 65899]
8, 5, 10.65, [100140, 33297]
8, 6, 9.35, [80662, 65899]
8, 7, 9.08, [80661, 33298]
8, 8, 8.82, [80661, 65897]
8, 9, 6.59, [118602, 127088]
9, 0, 11.86, [80661, 65899]
9, 1, 11.82, [80661, 65899]
9, 2, 11.39, [98062, 65899]
9, 3, 10.35, [90, 65899]
9, 4, 8.33, [66167, 148118]
9, 5, 8.31, [80661, 91277]
9, 6, 8.2, [100140, 91277]
9, 7, 6.68, [80661, 100807]
9, 8, 5.89, [80662, 283]
9, 9, 4.72, [144436, 80449]
10, 0, 11.86, [80661, 65899]
10, 1, 11.82, [80661, 65899]
10, 2, 11.49, [73703, 65899]
10, 3, 8.87, [144434, 100141]
10, 4, 8.26, [123523, 88]
10, 5, 7.87, [86, 90]
10, 6, 7.58, [100140, 144434]
10, 7, 7.55, [284, 65901]
10, 8, 6.91, [100140, 280]
10, 9, 5.62, [284, 66170]
