generation number, individual number, fitness, candidate
0, 0, 65.26, [1509, 421]
0, 1, 15.0, [521, 1091]
0, 2, 13.0, [1025, 1401]
0, 3, 10.5, [970, 1224]
0, 4, 9.12, [1230, 2171]
0, 5, 5.0, [749, 1157]
0, 6, 4.0, [1652, 1403]
0, 7, 4.0, [320, 970]
0, 8, 2.0, [2110, 645]
0, 9, 2.0, [1368, 1131]
1, 0, 65.26, [1509, 421]
1, 1, 20.55, [1224, 1091]
1, 2, 19.0, [1401, 1091]
1, 3, 15.0, [521, 1091]
1, 4, 10.0, [521, 695]
1, 5, 10.0, [521, 695]
1, 6, 8.0, [1141, 905]
1, 7, 7.0, [1225, 1480]
1, 8, 7.0, [521, 320]
1, 9, 6.0, [1025, 1430]
2, 0, 65.26, [1509, 421]
2, 1, 63.52, [1509, 1442]
2, 2, 20.55, [1224, 1091]
2, 3, 12.0, [1425, 421]
2, 4, 12.0, [1518, 1091]
2, 5, 9.0, [1141, 2332]
2, 6, 8.0, [521, 421]
2, 7, 8.0, [751, 421]
2, 8, 5.45, [1990, 5684]
2, 9, 5.0, [1347, 521]
3, 0, 66.92, [1509, 695]
3, 1, 65.26, [1509, 421]
3, 2, 63.52, [1509, 1442]
3, 3, 62.26, [1509, 1064]
3, 4, 12.0, [2989, 1091]
3, 5, 10.0, [1425, 1078]
3, 6, 7.0, [695, 421]
3, 7, 6.25, [1403, 1990]
3, 8, 6.0, [2110, 1442]
3, 9, 5.0, [1518, 421]
4, 0, 66.92, [1509, 695]
4, 1, 65.26, [1509, 421]
4, 2, 62.07, [1509, 1064]
4, 3, 61.18, [1509, 1311]
4, 4, 7.0, [2989, 695]
4, 5, 5.0, [1695, 421]
4, 6, 4.45, [1328, 3662]
4, 7, 3.88, [1168, 1230]
4, 8, 3.0, [787, 1935]
4, 9, 3.0, [1695, 1157]
5, 0, 67.2, [1509, 140]
5, 1, 66.92, [1509, 695]
5, 2, 65.26, [1509, 421]
5, 3, 13.0, [1403, 1091]
5, 4, 10.5, [1990, 695]
5, 5, 9.3, [1990, 1025]
5, 6, 8.0, [1403, 695]
5, 7, 7.0, [1107, 140]
5, 8, 6.0, [2332, 1064]
5, 9, 5.0, [1417, 1424]
6, 0, 67.2, [1509, 140]
6, 1, 67.05, [1509, 576]
6, 2, 66.92, [1509, 695]
6, 3, 17.0, [1091, 140]
6, 4, 10.6, [1990, 140]
6, 5, 8.0, [1287, 140]
6, 6, 7.0, [1168, 576]
6, 7, 6.0, [1332, 1149]
6, 8, 6.0, [1125, 2110]
6, 9, 3.0, [1580, 1247]
7, 0, 67.2, [1509, 140]
7, 1, 67.05, [1509, 576]
7, 2, 63.35, [1509, 521]
7, 3, 17.0, [1091, 576]
7, 4, 8.0, [1475, 576]
7, 5, 6.0, [1652, 1141]
7, 6, 5.0, [326, 1497]
7, 7, 3.0, [1247, 4227]
7, 8, 2.0, [5684, 1695]
7, 9, 2.0, [1518, 2989]
8, 0, 67.2, [1509, 140]
8, 1, 67.05, [1509, 576]
8, 2, 43.4, [314, 6917]
8, 3, 14.12, [1350, 576]
8, 4, 13.0, [1425, 1125]
8, 5, 7.0, [1279, 576]
8, 6, 7.0, [1311, 140]
8, 7, 5.0, [5684, 326]
8, 8, 3.0, [1225, 1403]
8, 9, 2.0, [2110, 645]
9, 0, 67.31, [1509, 576]
9, 1, 67.2, [1509, 140]
9, 2, 67.05, [1509, 576]
9, 3, 44.38, [1990, 6917]
9, 4, 9.0, [2377, 576]
9, 5, 7.0, [1226, 140]
9, 6, 7.0, [2320, 1149]
9, 7, 6.0, [1430, 1226]
9, 8, 4.0, [314, 571]
9, 9, 3.47, [788, 3662]
10, 0, 67.31, [1509, 576]
10, 1, 67.2, [1509, 140]
10, 2, 14.0, [1091, 749]
10, 3, 11.0, [2332, 140]
10, 4, 8.45, [1223, 2377]
10, 5, 6.0, [521, 1611]
10, 6, 5.65, [2989, 1990]
10, 7, 5.0, [326, 1226]
10, 8, 4.48, [1402, 645]
10, 9, 3.0, [1226, 1475]
