num_genrations,diversity,improvement,best_fitness
0,0.9974462365591398,0,112.5
1,0.8811827956989248,0.005599999999999959,113.13
2,0.7258736559139785,0.0923716078847344,123.58
3,0.6530913978494624,0.03795112477747218,128.27
4,0.3246639784946237,0.0,128.27
5,0.3090053763440861,0.08715989709207124,139.45
6,0.23622311827957,0.5695231265686628,218.87
7,0.2914650537634409,0.0,218.87
8,0.11081989247311852,0.0030154886462283393,219.53
9,0.07560483870967771,0.011387965198378354,222.03
10,0.09180107526881731,0.022159167680043182,226.95
