n_nodes,influence,n0,n1,n2,n3,n4,n5,n6,n7,n8,n9,n10,n11,n12,n13,n14
15,492.9100,3522,3458,3682,2653,1290,6507,12,5524,1486,1358,957,308,4950,317,2079
15,492.1600,3522,3682,3458,1290,3775,12,1486,1358,957,5524,308,4950,317,2653,2079
15,491.3600,3522,3458,3682,2653,1290,6507,12,5524,1486,1358,957,308,4950,317,2079
15,484.2700,3522,3458,3682,2653,1290,6507,12,5524,1486,1358,957,308,4950,317,2079
15,484.2700,3522,3458,3682,2653,1290,6507,12,5524,1486,1358,957,308,4950,317,2079
15,484.2700,3522,3458,3682,2653,1290,6507,12,5524,1486,1358,957,308,4950,317,2079
15,484.2700,3522,3458,3682,2653,1290,6507,12,5524,1486,1358,957,308,4950,317,2079
15,484.2700,3522,3458,3682,2653,1290,6507,12,5524,1486,1358,957,308,4950,317,2079
15,484.2700,3522,3458,3682,2653,1290,6507,12,5524,1486,1358,957,308,4950,317,2079
15,484.2700,3522,3458,3682,2653,1290,6507,12,5524,1486,1358,957,308,4950,317,2079
15,484.2700,3522,3458,3682,2653,1290,6507,12,5524,1486,1358,957,308,4950,317,2079
15,484.2700,3522,3458,3682,2653,1290,6507,12,5524,1486,1358,957,308,4950,317,2079
15,484.2700,3522,3458,3682,2653,1290,6507,12,5524,1486,1358,957,308,4950,317,2079
15,484.2700,3522,3458,3682,2653,1290,6507,12,5524,1486,1358,957,308,4950,317,2079
15,484.2300,3522,3458,3682,2653,1290,6507,12,5524,1486,1358,957,308,4950,317,2079
15,483.4800,3522,3458,3682,2653,1290,6507,12,5524,1486,1358,957,308,4950,317,2079
15,471.8000,3522,3682,3458,1290,6507,2139,1486,1358,957,5524,308,4950,317,2653,2079
15,457.6800,3522,3682,3458,1290,6507,12,1486,1358,957,5524,178,4950,317,2653,2079
15,444.9600,3522,3682,3458,1290,6507,12,1486,1358,957,5524,308,4950,4786,2653,2079
15,442.4000,3522,3682,3458,1290,6507,12,1486,1358,957,5524,308,4950,4786,2653,2079
15,424.1700,3522,3682,3458,2653,587,1290,6507,1486,1358,5524,308,4950,2139,957,2079
15,423.2400,3458,36,5415,936,779,317,1358,957,308,2079,12,4492,3682,6507,2653
15,423.2400,3458,36,5415,936,779,317,1358,957,308,2079,12,4492,3682,6507,2653
15,423.2400,3458,36,5415,936,779,317,1358,957,308,2079,12,4492,3682,6507,2653
15,422.1000,3458,3682,36,2653,3306,936,779,12,4492,1358,957,6507,308,317,2079
15,421.8700,3522,3682,3458,1315,6507,12,1486,1358,5524,308,4950,6901,317,957,2079
15,417.4200,3522,3682,3458,1290,6507,12,1486,1358,957,5524,308,4950,317,6901,2079
15,417.4200,3522,3682,3458,1290,6507,12,1486,1358,957,5524,308,4950,317,6901,2079
15,417.4200,3522,3682,3458,1290,6507,12,1486,1358,957,5524,308,4950,317,6901,2079
15,417.4200,3522,3682,3458,1290,6507,12,1486,1358,957,5524,308,4950,317,6901,2079
15,385.9000,3458,3522,4950,1486,1290,317,1358,957,308,2079,12,4492,3682,6507,2653
15,385.9000,3458,3522,4950,1486,1290,317,1358,957,308,2079,12,4492,3682,6507,2653
