generation number, individual number, fitness, candidate
0, 0, 3.12, [295, 277, 269]
0, 1, 3.07, [2527, 226, 874]
0, 2, 3.06, [343, 222, 159]
0, 3, 3.06, [3155, 3135, 159]
0, 4, 3.03, [77, 191, 288]
0, 5, 3.02, [302, 261, 222]
0, 6, 3.02, [291, 558, 2532]
0, 7, 3.01, [98, 277, 300]
0, 8, 3.01, [1082, 2767, 2595]
0, 9, 3.01, [4602, 222, 219]
1, 0, 3.21, [295, 277, 2595]
1, 1, 3.17, [295, 1086, 269]
1, 2, 3.13, [103, 77, 91]
1, 3, 3.12, [295, 277, 269]
1, 4, 3.1, [191, 277, 269]
1, 5, 3.09, [1095, 3135, 269]
1, 6, 3.09, [295, 273, 159]
1, 7, 3.07, [2527, 226, 874]
1, 8, 3.06, [154, 300, 4602]
1, 9, 3.04, [343, 222, 279]
2, 0, 3.21, [295, 277, 2595]
2, 1, 3.17, [295, 1086, 269]
2, 2, 3.16, [295, 300, 4602]
2, 3, 3.15, [295, 1087, 2595]
2, 4, 3.14, [295, 277, 2599]
2, 5, 3.14, [295, 265, 2595]
2, 6, 3.13, [295, 277, 288]
2, 7, 3.09, [2513, 2527, 269]
2, 8, 3.05, [2597, 1087, 3334]
2, 9, 3.04, [159, 273, 295]
3, 0, 3.21, [295, 277, 2595]
3, 1, 3.19, [295, 302, 269]
3, 2, 3.17, [295, 1086, 269]
3, 3, 3.14, [295, 277, 285]
3, 4, 3.13, [295, 2514, 4602]
3, 5, 3.11, [295, 273, 4602]
3, 6, 3.09, [2512, 300, 269]
3, 7, 3.09, [295, 301, 2595]
3, 8, 3.07, [2950, 1087, 2595]
3, 9, 3.07, [295, 1087, 4602]
4, 0, 3.21, [295, 277, 2595]
4, 1, 3.19, [295, 302, 269]
4, 2, 3.16, [250, 277, 269]
4, 3, 3.14, [76, 277, 269]
4, 4, 3.14, [295, 277, 2156]
4, 5, 3.1, [295, 1086, 2514]
4, 6, 3.1, [159, 277, 76]
4, 7, 3.09, [295, 277, 288]
4, 8, 3.06, [876, 302, 2595]
4, 9, 3.06, [3155, 303, 256]
5, 0, 3.21, [295, 277, 2595]
5, 1, 3.19, [295, 302, 269]
5, 2, 3.13, [295, 303, 269]
5, 3, 3.11, [1082, 277, 2764]
5, 4, 3.1, [316, 277, 269]
5, 5, 3.08, [1087, 277, 2156]
5, 6, 3.08, [250, 277, 615]
5, 7, 3.08, [2950, 277, 279]
5, 8, 3.06, [876, 277, 269]
5, 9, 3.05, [295, 1069, 283]
6, 0, 3.21, [295, 277, 2595]
6, 1, 3.19, [295, 302, 269]
6, 2, 3.15, [295, 77, 269]
6, 3, 3.14, [295, 273, 269]
6, 4, 3.11, [295, 301, 2595]
6, 5, 3.1, [295, 303, 615]
6, 6, 3.09, [283, 277, 269]
6, 7, 3.09, [295, 259, 2762]
6, 8, 3.09, [279, 277, 159]
6, 9, 3.09, [295, 259, 2595]
7, 0, 3.21, [295, 277, 2595]
7, 1, 3.19, [295, 302, 269]
7, 2, 3.13, [295, 104, 269]
7, 3, 3.12, [2513, 277, 269]
7, 4, 3.12, [295, 77, 269]
7, 5, 3.11, [295, 263, 2597]
7, 6, 3.08, [191, 77, 2595]
7, 7, 3.07, [295, 273, 98]
7, 8, 3.07, [295, 2525, 2767]
7, 9, 3.05, [2514, 302, 2595]
8, 0, 3.21, [295, 277, 2595]
8, 1, 3.19, [295, 302, 269]
8, 2, 3.15, [2514, 277, 269]
8, 3, 3.15, [295, 277, 288]
8, 4, 3.14, [250, 277, 269]
8, 5, 3.12, [295, 302, 2597]
8, 6, 3.12, [295, 558, 2595]
8, 7, 3.09, [259, 301, 269]
8, 8, 3.07, [295, 104, 2599]
8, 9, 3.05, [191, 277, 273]
9, 0, 3.21, [295, 277, 2595]
9, 1, 3.19, [295, 302, 269]
9, 2, 3.14, [295, 301, 288]
9, 3, 3.13, [295, 259, 2595]
9, 4, 3.13, [295, 2593, 269]
9, 5, 3.11, [154, 277, 269]
9, 6, 3.1, [103, 4849, 259]
9, 7, 3.09, [295, 622, 615]
9, 8, 3.08, [295, 302, 149]
9, 9, 3.05, [295, 277, 3716]
10, 0, 3.21, [295, 277, 2595]
10, 1, 3.19, [295, 302, 269]
10, 2, 3.18, [295, 77, 269]
10, 3, 3.15, [295, 302, 2599]
10, 4, 3.14, [2530, 277, 76]
10, 5, 3.12, [295, 259, 2574]
10, 6, 3.09, [261, 301, 259]
10, 7, 3.09, [295, 303, 269]
10, 8, 3.09, [295, 302, 277]
10, 9, 3.08, [250, 265, 269]
11, 0, 3.23, [295, 77, 269]
11, 1, 3.21, [295, 277, 2595]
11, 2, 3.19, [295, 302, 269]
11, 3, 3.14, [295, 616, 2595]
11, 4, 3.13, [259, 277, 615]
11, 5, 3.13, [295, 2764, 2595]
11, 6, 3.09, [250, 209, 2595]
11, 7, 3.09, [295, 277, 288]
11, 8, 3.09, [295, 616, 2595]
11, 9, 3.08, [1080, 77, 191]
12, 0, 3.23, [295, 77, 269]
12, 1, 3.21, [295, 277, 2595]
12, 2, 3.15, [295, 277, 1811]
12, 3, 3.13, [2530, 77, 2595]
12, 4, 3.12, [295, 616, 279]
12, 5, 3.1, [2530, 380, 2765]
12, 6, 3.1, [295, 3135, 98]
12, 7, 3.07, [256, 77, 2514]
12, 8, 3.04, [4602, 4849, 3716]
12, 9, 3.03, [2065, 2764, 274]
13, 0, 3.23, [295, 77, 269]
13, 1, 3.21, [295, 277, 2595]
13, 2, 3.17, [295, 77, 2599]
13, 3, 3.15, [295, 77, 269]
13, 4, 3.14, [295, 380, 259]
13, 5, 3.14, [295, 300, 269]
13, 6, 3.13, [295, 77, 380]
13, 7, 3.1, [1095, 277, 279]
13, 8, 3.1, [295, 76, 1811]
13, 9, 3.09, [295, 77, 226]
14, 0, 3.23, [295, 77, 269]
14, 1, 3.21, [295, 277, 2595]
14, 2, 3.18, [295, 265, 2595]
14, 3, 3.16, [295, 277, 1087]
14, 4, 3.13, [295, 77, 2599]
14, 5, 3.11, [295, 277, 335]
14, 6, 3.09, [283, 277, 269]
14, 7, 3.07, [301, 2574, 269]
14, 8, 3.05, [288, 191, 302]
14, 9, 3.05, [316, 77, 2595]
15, 0, 3.23, [295, 77, 269]
15, 1, 3.21, [295, 277, 2595]
15, 2, 3.15, [295, 265, 615]
15, 3, 3.15, [269, 77, 2599]
15, 4, 3.12, [295, 219, 209]
15, 5, 3.12, [250, 534, 269]
15, 6, 3.12, [295, 274, 2595]
15, 7, 3.07, [104, 277, 256]
15, 8, 3.07, [283, 2156, 159]
15, 9, 3.06, [222, 77, 2156]
16, 0, 3.23, [295, 77, 269]
16, 1, 3.21, [295, 277, 2595]
16, 2, 3.1, [283, 265, 269]
16, 3, 3.08, [283, 77, 615]
16, 4, 3.08, [2712, 250, 269]
16, 5, 3.08, [295, 609, 2595]
16, 6, 3.08, [295, 303, 615]
16, 7, 3.07, [219, 77, 288]
16, 8, 3.05, [250, 103, 269]
16, 9, 3.03, [2530, 622, 285]
17, 0, 3.23, [295, 77, 269]
17, 1, 3.21, [295, 277, 2595]
17, 2, 3.13, [295, 2530, 269]
17, 3, 3.12, [2950, 250, 269]
17, 4, 3.1, [91, 222, 1811]
17, 5, 3.09, [283, 77, 3716]
17, 6, 3.08, [616, 220, 269]
17, 7, 3.07, [295, 609, 269]
17, 8, 3.06, [226, 280, 288]
17, 9, 3.04, [3135, 77, 3716]
18, 0, 3.23, [295, 77, 269]
18, 1, 3.21, [295, 277, 2595]
18, 2, 3.18, [295, 77, 615]
18, 3, 3.15, [295, 277, 288]
18, 4, 3.15, [295, 615, 269]
18, 5, 3.13, [295, 265, 2595]
18, 6, 3.13, [295, 273, 269]
18, 7, 3.13, [295, 2530, 269]
18, 8, 3.08, [316, 77, 2595]
18, 9, 3.05, [159, 77, 3716]
19, 0, 3.23, [295, 77, 269]
19, 1, 3.21, [295, 277, 2595]
19, 2, 3.14, [295, 77, 2597]
19, 3, 3.14, [295, 77, 1811]
19, 4, 3.13, [295, 265, 2595]
19, 5, 3.11, [2513, 77, 269]
19, 6, 3.1, [300, 277, 615]
19, 7, 3.1, [2712, 2767, 269]
19, 8, 3.1, [295, 91, 2515]
19, 9, 3.08, [295, 277, 285]
20, 0, 3.23, [295, 77, 269]
20, 1, 3.21, [295, 300, 269]
20, 2, 3.21, [295, 277, 2595]
20, 3, 3.2, [250, 77, 269]
20, 4, 3.16, [295, 244, 269]
20, 5, 3.12, [295, 259, 191]
20, 6, 3.1, [295, 265, 154]
20, 7, 3.08, [295, 297, 261]
20, 8, 3.08, [295, 76, 1811]
20, 9, 3.07, [295, 274, 2595]
21, 0, 3.23, [295, 77, 269]
21, 1, 3.21, [295, 300, 269]
21, 2, 3.13, [295, 303, 269]
21, 3, 3.13, [295, 265, 2595]
21, 4, 3.13, [269, 77, 2595]
21, 5, 3.12, [295, 77, 250]
21, 6, 3.11, [2530, 277, 269]
21, 7, 3.11, [295, 343, 269]
21, 8, 3.08, [316, 77, 2595]
21, 9, 3.08, [2514, 277, 269]
22, 0, 3.23, [295, 77, 269]
22, 1, 3.21, [295, 300, 269]
22, 2, 3.18, [295, 77, 269]
22, 3, 3.12, [302, 274, 3155]
22, 4, 3.11, [295, 300, 285]
22, 5, 3.09, [1095, 288, 77]
22, 6, 3.06, [191, 279, 303]
22, 7, 3.04, [149, 2532, 1811]
22, 8, 3.04, [2712, 77, 288]
22, 9, 3.03, [250, 154, 1080]
23, 0, 3.23, [295, 77, 269]
23, 1, 3.21, [295, 300, 269]
23, 2, 3.16, [295, 1088, 279]
23, 3, 3.15, [295, 77, 1811]
23, 4, 3.15, [295, 2599, 615]
23, 5, 3.12, [295, 2762, 3716]
23, 6, 3.09, [4602, 209, 2711]
23, 7, 3.06, [2712, 300, 279]
23, 8, 3.04, [2514, 534, 2527]
23, 9, 3.04, [297, 874, 291]
24, 0, 3.23, [295, 77, 269]
24, 1, 3.21, [295, 300, 269]
24, 2, 3.18, [295, 615, 3716]
24, 3, 3.15, [295, 302, 2515]
24, 4, 3.12, [295, 269, 159]
24, 5, 3.1, [295, 77, 3716]
24, 6, 3.1, [2513, 1088, 269]
24, 7, 3.08, [4849, 2595, 302]
24, 8, 3.07, [295, 240, 279]
24, 9, 3.07, [2513, 77, 269]
25, 0, 3.23, [295, 77, 269]
25, 1, 3.21, [295, 300, 269]
25, 2, 3.17, [295, 302, 1811]
25, 3, 3.15, [2762, 279, 295]
25, 4, 3.12, [876, 77, 2515]
25, 5, 3.11, [295, 300, 285]
25, 6, 3.1, [300, 2711, 269]
25, 7, 3.07, [2762, 2764, 226]
25, 8, 3.07, [876, 300, 269]
25, 9, 3.06, [2513, 77, 2515]
26, 0, 3.23, [295, 77, 269]
26, 1, 3.21, [295, 300, 269]
26, 2, 3.12, [295, 300, 285]
26, 3, 3.11, [295, 534, 269]
26, 4, 3.07, [295, 77, 2156]
26, 5, 3.06, [2530, 302, 2515]
26, 6, 3.06, [154, 300, 279]
26, 7, 3.06, [1069, 76, 269]
26, 8, 3.05, [2530, 2532, 1088]
26, 9, 3.04, [876, 77, 1069]
27, 0, 3.23, [295, 77, 269]
27, 1, 3.21, [295, 300, 269]
27, 2, 3.17, [295, 103, 269]
27, 3, 3.13, [295, 301, 278]
27, 4, 3.11, [295, 264, 269]
27, 5, 3.11, [295, 77, 534]
27, 6, 3.09, [295, 291, 343]
27, 7, 3.08, [193, 2711, 2762]
27, 8, 3.07, [2530, 1069, 269]
27, 9, 3.06, [316, 265, 279]
28, 0, 3.23, [295, 77, 269]
28, 1, 3.21, [295, 300, 269]
28, 2, 3.19, [295, 77, 277]
28, 3, 3.14, [295, 537, 269]
28, 4, 3.12, [280, 278, 269]
28, 5, 3.08, [295, 2156, 1095]
28, 6, 3.07, [609, 103, 269]
28, 7, 3.07, [264, 77, 222]
28, 8, 3.06, [295, 275, 81]
28, 9, 3.04, [295, 616, 2514]
29, 0, 3.23, [295, 77, 269]
29, 1, 3.21, [295, 300, 269]
29, 2, 3.19, [295, 264, 269]
29, 3, 3.15, [295, 302, 269]
29, 4, 3.09, [295, 2764, 301]
29, 5, 3.09, [295, 259, 2770]
29, 6, 3.08, [295, 4849, 91]
29, 7, 3.08, [295, 335, 269]
29, 8, 3.08, [301, 302, 269]
29, 9, 3.06, [2065, 77, 615]
30, 0, 3.23, [295, 77, 269]
30, 1, 3.21, [295, 300, 269]
30, 2, 3.12, [295, 300, 3716]
30, 3, 3.12, [2514, 77, 269]
30, 4, 3.12, [1811, 2513, 269]
30, 5, 3.11, [2574, 191, 269]
30, 6, 3.1, [295, 2532, 269]
30, 7, 3.09, [3155, 2765, 269]
30, 8, 3.07, [102, 244, 269]
30, 9, 3.07, [2530, 77, 301]
31, 0, 3.23, [295, 77, 269]
31, 1, 3.21, [295, 300, 269]
31, 2, 3.15, [295, 300, 269]
31, 3, 3.12, [295, 302, 269]
31, 4, 3.1, [295, 77, 3716]
31, 5, 3.09, [2597, 2513, 269]
31, 6, 3.08, [1082, 77, 269]
31, 7, 3.07, [1811, 300, 278]
31, 8, 3.06, [537, 300, 2762]
31, 9, 3.06, [316, 274, 615]
32, 0, 3.23, [295, 77, 269]
32, 1, 3.21, [295, 300, 269]
32, 2, 3.2, [295, 77, 2525]
32, 3, 3.19, [295, 77, 285]
32, 4, 3.16, [295, 301, 269]
32, 5, 3.11, [295, 269, 4849]
32, 6, 3.06, [283, 77, 2599]
32, 7, 3.05, [302, 2593, 269]
32, 8, 3.04, [98, 263, 269]
32, 9, 3.03, [4602, 1086, 3716]
33, 0, 3.23, [295, 77, 269]
33, 1, 3.21, [295, 300, 269]
33, 2, 3.16, [295, 300, 269]
33, 3, 3.14, [295, 302, 2574]
33, 4, 3.1, [295, 76, 269]
33, 5, 3.1, [295, 77, 2156]
33, 6, 3.07, [2514, 256, 269]
33, 7, 3.06, [295, 266, 3716]
33, 8, 3.06, [2513, 2764, 2525]
33, 9, 3.05, [537, 77, 285]
34, 0, 3.23, [295, 77, 269]
34, 1, 3.21, [295, 300, 269]
34, 2, 3.19, [295, 335, 269]
34, 3, 3.15, [295, 2593, 261]
34, 4, 3.13, [295, 301, 269]
34, 5, 3.1, [609, 2764, 269]
34, 6, 3.09, [295, 2764, 2711]
34, 7, 3.08, [2597, 302, 269]
34, 8, 3.08, [295, 300, 103]
34, 9, 3.06, [2599, 616, 269]
35, 0, 3.23, [295, 77, 269]
35, 1, 3.21, [295, 300, 269]
35, 2, 3.12, [250, 77, 269]
35, 3, 3.11, [295, 2593, 2156]
35, 4, 3.1, [295, 2593, 3716]
35, 5, 3.09, [277, 2765, 269]
35, 6, 3.08, [295, 291, 261]
35, 7, 3.06, [3155, 335, 98]
35, 8, 3.06, [2532, 303, 279]
35, 9, 3.05, [2527, 264, 269]
36, 0, 3.23, [295, 77, 269]
36, 1, 3.21, [295, 300, 269]
36, 2, 3.15, [295, 77, 3716]
36, 3, 3.11, [876, 226, 269]
36, 4, 3.11, [295, 300, 2156]
36, 5, 3.08, [295, 77, 285]
36, 6, 3.07, [295, 380, 285]
36, 7, 3.05, [2156, 285, 2764]
36, 8, 3.04, [250, 4602, 2156]
36, 9, 3.04, [263, 2514, 269]
37, 0, 3.23, [295, 77, 269]
37, 1, 3.21, [295, 300, 269]
37, 2, 3.17, [295, 2574, 269]
37, 3, 3.09, [295, 2514, 2596]
37, 4, 3.09, [295, 264, 269]
37, 5, 3.08, [295, 2765, 1088]
37, 6, 3.08, [876, 302, 269]
37, 7, 3.07, [4849, 2599, 269]
37, 8, 3.07, [295, 300, 3155]
37, 9, 3.06, [295, 874, 2595]
38, 0, 3.23, [295, 77, 269]
38, 1, 3.21, [295, 300, 269]
38, 2, 3.11, [295, 77, 3716]
38, 3, 3.11, [295, 77, 226]
38, 4, 3.11, [256, 1811, 283]
38, 5, 3.08, [191, 91, 269]
38, 6, 3.08, [295, 154, 279]
38, 7, 3.07, [3716, 77, 3135]
38, 8, 3.06, [1082, 244, 2512]
38, 9, 3.04, [295, 285, 209]
39, 0, 3.23, [295, 77, 269]
39, 1, 3.21, [295, 300, 269]
39, 2, 3.13, [256, 300, 279]
39, 3, 3.13, [295, 300, 297]
39, 4, 3.12, [295, 265, 269]
39, 5, 3.1, [1086, 77, 277]
39, 6, 3.08, [295, 261, 343]
39, 7, 3.08, [295, 300, 2156]
39, 8, 3.06, [256, 1811, 2156]
39, 9, 3.05, [2514, 1811, 283]
40, 0, 3.23, [295, 77, 269]
40, 1, 3.21, [295, 300, 269]
40, 2, 3.13, [295, 256, 285]
40, 3, 3.12, [295, 2764, 269]
40, 4, 3.12, [2950, 77, 269]
40, 5, 3.11, [295, 264, 269]
40, 6, 3.11, [2513, 77, 297]
40, 7, 3.1, [2765, 259, 269]
40, 8, 3.09, [2530, 2711, 269]
40, 9, 3.04, [277, 300, 2065]
41, 0, 3.23, [295, 77, 269]
41, 1, 3.21, [295, 300, 269]
41, 2, 3.19, [295, 2764, 269]
41, 3, 3.14, [277, 77, 285]
41, 4, 3.1, [2513, 77, 296]
41, 5, 3.09, [295, 2532, 2530]
41, 6, 3.08, [250, 300, 1069]
41, 7, 3.07, [2530, 77, 1088]
41, 8, 3.07, [2711, 77, 219]
41, 9, 3.05, [316, 256, 269]
42, 0, 3.23, [295, 77, 269]
42, 1, 3.21, [3135, 77, 269]
42, 2, 3.21, [295, 300, 269]
42, 3, 3.16, [277, 874, 269]
42, 4, 3.13, [1086, 191, 269]
42, 5, 3.11, [295, 77, 285]
42, 6, 3.11, [295, 191, 279]
42, 7, 3.11, [295, 264, 269]
42, 8, 3.1, [3155, 77, 541]
42, 9, 3.08, [295, 77, 534]
43, 0, 3.23, [295, 77, 269]
43, 1, 3.21, [3135, 77, 269]
43, 2, 3.18, [295, 285, 2512]
43, 3, 3.16, [295, 154, 609]
43, 4, 3.14, [91, 77, 269]
43, 5, 3.12, [295, 265, 269]
43, 6, 3.11, [104, 77, 2712]
43, 7, 3.08, [295, 219, 3716]
43, 8, 3.03, [3135, 297, 222]
43, 9, 3.03, [1080, 76, 278]
44, 0, 3.23, [295, 77, 269]
44, 1, 3.21, [3135, 77, 269]
44, 2, 3.15, [295, 285, 288]
44, 3, 3.12, [295, 77, 273]
44, 4, 3.12, [295, 77, 874]
44, 5, 3.11, [295, 77, 297]
44, 6, 3.1, [295, 275, 3716]
44, 7, 3.09, [2530, 77, 269]
44, 8, 3.08, [3135, 2765, 2512]
44, 9, 3.05, [3135, 76, 2512]
45, 0, 3.23, [295, 77, 269]
45, 1, 3.21, [3135, 77, 269]
45, 2, 3.15, [295, 2065, 277]
45, 3, 3.13, [295, 193, 154]
45, 4, 3.13, [295, 285, 288]
45, 5, 3.11, [288, 77, 269]
45, 6, 3.07, [615, 77, 874]
45, 7, 3.07, [295, 285, 3716]
45, 8, 3.04, [1088, 77, 288]
45, 9, 3.04, [2530, 77, 288]
46, 0, 3.23, [295, 77, 269]
46, 1, 3.21, [3135, 77, 269]
46, 2, 3.14, [2513, 2065, 269]
46, 3, 3.14, [295, 283, 3716]
46, 4, 3.12, [295, 77, 265]
46, 5, 3.1, [279, 191, 269]
46, 6, 3.1, [295, 77, 288]
46, 7, 3.09, [295, 1088, 269]
46, 8, 3.07, [159, 77, 2593]
46, 9, 3.04, [265, 77, 277]
47, 0, 3.23, [295, 77, 269]
47, 1, 3.21, [3135, 77, 269]
47, 2, 3.2, [295, 77, 269]
47, 3, 3.15, [295, 77, 279]
47, 4, 3.12, [2711, 77, 269]
47, 5, 3.09, [3135, 2764, 265]
47, 6, 3.08, [303, 259, 269]
47, 7, 3.06, [295, 2532, 2156]
47, 8, 3.04, [3135, 2513, 622]
47, 9, 3.04, [2711, 2065, 269]
48, 0, 3.23, [295, 77, 269]
48, 1, 3.21, [3135, 77, 269]
48, 2, 3.14, [295, 2764, 269]
48, 3, 3.11, [2599, 616, 269]
48, 4, 3.11, [295, 77, 1087]
48, 5, 3.08, [264, 77, 285]
48, 6, 3.07, [3135, 274, 269]
48, 7, 3.06, [250, 2764, 279]
48, 8, 3.04, [3135, 269, 297]
48, 9, 3.04, [3135, 335, 222]
49, 0, 3.23, [295, 77, 269]
49, 1, 3.21, [3135, 77, 269]
49, 2, 3.15, [3135, 77, 295]
49, 3, 3.14, [295, 876, 263]
49, 4, 3.12, [295, 1082, 91]
49, 5, 3.1, [295, 76, 269]
49, 6, 3.08, [1811, 77, 2525]
49, 7, 3.07, [2765, 2525, 269]
49, 8, 3.04, [2530, 77, 2513]
49, 9, 3.03, [316, 3334, 283]
50, 0, 3.23, [295, 77, 269]
50, 1, 3.21, [3135, 77, 269]
50, 2, 3.12, [2950, 295, 335]
50, 3, 3.11, [295, 1088, 269]
50, 4, 3.1, [3135, 77, 316]
50, 5, 3.08, [2515, 77, 335]
50, 6, 3.06, [3135, 2764, 2530]
50, 7, 3.05, [2711, 1082, 91]
50, 8, 3.05, [3135, 3334, 2765]
50, 9, 3.04, [295, 265, 149]
