generation number, pop_size, worst, best, median, avg, std, diversity, improvement, number_of_selections
0, 10, 4.4, 11.31, 6.62, 7.069000000000001, 2.183801501968528,0.9888888888888889,0,[1.e-300]
1, 10, 7.76, 11.31, 9.345, 9.424000000000001, 1.4265426737395555,0.8888888888888888,0.0,[1.e-300]
2, 10, 7.65, 12.3, 9.945, 9.992, 1.5666831204809732,0.8111111111111111,0.08753315649867376,[1.e-300]
3, 10, 4.84, 13.83, 9.68, 9.777000000000001, 2.540019881811952,0.8444444444444444,0.12439024390243897,[1.e-300]
4, 10, 6.36, 14.17, 8.350000000000001, 9.678999999999998, 2.6221039262393853,0.8777777777777778,0.024584237165582057,[1.e-300]
5, 10, 5.72, 14.17, 10.100000000000001, 10.346, 2.582085203861406,0.8777777777777778,0.0,[1.e-300]
6, 10, 7.29, 14.17, 11.04, 10.765, 2.4763814326553173,0.9,0.0,[1.e-300]
7, 10, 6.78, 14.17, 9.995000000000001, 10.051, 2.3769873790157154,0.8888888888888888,0.0,[1.e-300]
8, 10, 5.96, 14.17, 8.365, 8.956999999999999, 2.899286291486234,0.9333333333333333,0.0,[1.e-300]
9, 10, 4.51, 14.17, 8.95, 8.828, 3.405418623311971,0.8777777777777778,0.0,[1.e-300]
10, 10, 7.11, 14.17, 9.67, 10.062999999999999, 2.4719023038947148,0.9444444444444444,0.0,[1.e-300]
