generation number, individual number, fitness, candidate
0, 0, 15.36, [11388, 56241, 65897]
0, 1, 15.21, [118602, 33298, 286]
0, 2, 13.68, [90, 100141, 33298]
0, 3, 12.7, [56241, 221360, 118602]
0, 4, 12.66, [283, 11387, 100140]
0, 5, 11.09, [91276, 150652, 87]
0, 6, 10.45, [80449, 823, 80661]
0, 7, 10.26, [70640, 1063, 127089]
0, 8, 10.19, [56240, 62858, 1061]
0, 9, 8.92, [70639, 150655, 127089]
1, 0, 15.36, [11388, 56241, 65897]
1, 1, 15.21, [118602, 33298, 286]
1, 2, 15.1, [11388, 33298, 282]
1, 3, 14.61, [118602, 56240, 65897]
1, 4, 14.29, [278, 56241, 33297]
1, 5, 14.25, [118602, 33298, 33297]
1, 6, 13.83, [118602, 282, 65897]
1, 7, 13.81, [11388, 56241, 284]
1, 8, 12.98, [100807, 33297, 286]
1, 9, 12.19, [11388, 11935, 33296]
2, 0, 15.36, [11388, 56241, 65897]
2, 1, 15.3, [11388, 33298, 282]
2, 2, 15.21, [118602, 33298, 286]
2, 3, 13.89, [11388, 56241, 283]
2, 4, 13.25, [118602, 56240, 284]
2, 5, 12.06, [11388, 33298, 95674]
2, 6, 11.71, [123524, 33298, 282]
2, 7, 11.43, [91277, 56241, 65901]
2, 8, 10.87, [1063, 33298, 65897]
2, 9, 9.88, [11926, 56241, 11387]
3, 0, 15.83, [118602, 65899, 65897]
3, 1, 15.6, [11388, 33298, 285]
3, 2, 15.36, [11388, 56241, 65897]
3, 3, 15.3, [11388, 33298, 282]
3, 4, 15.0, [11388, 33298, 279]
3, 5, 14.72, [11388, 56239, 282]
3, 6, 14.13, [11388, 56241, 285]
3, 7, 13.15, [66171, 33298, 65901]
3, 8, 13.01, [11388, 1061, 144434]
3, 9, 12.55, [118602, 33298, 10375]
4, 0, 16.35, [118602, 65899, 282]
4, 1, 15.83, [118602, 65899, 65897]
4, 2, 15.6, [11388, 33298, 285]
4, 3, 15.51, [46, 65899, 33296]
4, 4, 14.66, [11388, 56241, 283]
4, 5, 14.02, [11388, 77358, 65897]
4, 6, 13.56, [118602, 46, 62858]
4, 7, 13.16, [11388, 65900, 65897]
4, 8, 12.52, [56237, 33297, 70640]
4, 9, 12.29, [118602, 33298, 1060]
5, 0, 16.35, [118602, 65899, 282]
5, 1, 15.83, [118602, 65899, 65897]
5, 2, 15.25, [86, 65899, 282]
5, 3, 15.0, [118602, 65899, 33297]
5, 4, 14.1, [118602, 65899, 558]
5, 5, 13.83, [123524, 65899, 282]
5, 6, 13.81, [123524, 65899, 285]
5, 7, 13.05, [11926, 65899, 282]
5, 8, 10.66, [70639, 33298, 282]
5, 9, 9.82, [11926, 87, 282]
6, 0, 16.35, [118602, 65899, 282]
6, 1, 15.83, [118602, 65899, 65897]
6, 2, 15.12, [118602, 65899, 150653]
6, 3, 14.76, [56241, 65899, 65897]
6, 4, 13.74, [123523, 65899, 65897]
6, 5, 12.28, [118602, 286, 282]
6, 6, 11.88, [823, 65899, 31634]
6, 7, 10.78, [118602, 284, 90]
6, 8, 10.1, [118602, 62858, 66166]
6, 9, 9.22, [87, 1927, 98063]
7, 0, 16.73, [118602, 33297, 282]
7, 1, 16.35, [118602, 65899, 282]
7, 2, 15.83, [118602, 65899, 65897]
7, 3, 13.62, [118602, 56240, 100140]
7, 4, 13.49, [70638, 286, 65897]
7, 5, 13.46, [56241, 33297, 150653]
7, 6, 12.14, [113172, 65899, 282]
7, 7, 12.11, [150655, 65899, 33298]
7, 8, 11.31, [118602, 70639, 65897]
7, 9, 10.23, [118602, 90, 11926]
8, 0, 17.28, [118602, 65899, 56240]
8, 1, 16.73, [118602, 33297, 282]
8, 2, 16.35, [118602, 65899, 282]
8, 3, 15.66, [118602, 33297, 33296]
8, 4, 13.03, [118602, 86, 282]
8, 5, 12.88, [118602, 285, 66059]
8, 6, 12.65, [281, 33297, 80449]
8, 7, 12.45, [118602, 46, 12067]
8, 8, 11.08, [118602, 65900, 100141]
8, 9, 10.49, [156909, 62858, 282]
9, 0, 17.28, [118602, 65899, 56240]
9, 1, 17.0, [118602, 65899, 282]
9, 2, 16.73, [118602, 33297, 282]
9, 3, 15.64, [123523, 33297, 56240]
9, 4, 14.47, [283, 65899, 66169]
9, 5, 13.94, [118602, 88, 62858]
9, 6, 13.62, [118602, 150655, 56240]
9, 7, 12.36, [118602, 80450, 150653]
9, 8, 12.36, [118602, 70640, 282]
9, 9, 10.01, [118602, 1062, 91276]
10, 0, 17.28, [118602, 65899, 56240]
10, 1, 17.0, [118602, 65899, 282]
10, 2, 16.49, [86, 33297, 56240]
10, 3, 15.41, [144434, 65899, 282]
10, 4, 13.32, [823, 65899, 91277]
10, 5, 12.18, [118602, 70640, 282]
10, 6, 12.14, [118602, 113173, 282]
10, 7, 10.38, [33300, 31634, 56240]
10, 8, 9.66, [134362, 100140, 282]
10, 9, 8.65, [113172, 134361, 56240]
11, 0, 17.28, [118602, 65899, 56240]
11, 1, 17.0, [118602, 65899, 282]
11, 2, 16.33, [118602, 65899, 80450]
11, 3, 15.45, [88, 65899, 90]
11, 4, 14.04, [86, 65899, 66170]
11, 5, 13.14, [118602, 33299, 56240]
11, 6, 12.41, [1927, 65899, 80661]
11, 7, 11.98, [113172, 65899, 282]
11, 8, 11.83, [86, 33298, 113172]
11, 9, 9.96, [33296, 70639, 150015]
12, 0, 17.28, [118602, 65899, 56240]
12, 1, 17.0, [118602, 65899, 282]
12, 2, 16.15, [118602, 148118, 33297]
12, 3, 15.69, [118602, 65899, 90]
12, 4, 13.72, [31634, 65899, 90]
12, 5, 12.88, [88, 65900, 56240]
12, 6, 11.53, [77358, 221360, 56240]
12, 7, 11.34, [118602, 134362, 62858]
12, 8, 10.6, [66167, 281, 33298]
12, 9, 9.7, [123524, 33299, 56240]
13, 0, 17.28, [118602, 65899, 56240]
13, 1, 17.0, [118602, 65899, 282]
13, 2, 16.11, [118602, 279, 33297]
13, 3, 15.78, [118602, 285, 11388]
13, 4, 13.05, [90, 65899, 100807]
13, 5, 11.57, [118602, 88, 127088]
13, 6, 10.73, [113172, 221360, 100141]
13, 7, 10.73, [73703, 11925, 90]
13, 8, 10.51, [66166, 11387, 66169]
13, 9, 10.29, [31634, 70640, 90]
14, 0, 17.28, [118602, 65899, 56240]
14, 1, 17.18, [118602, 33297, 56240]
14, 2, 17.0, [118602, 65899, 282]
14, 3, 13.04, [70638, 65899, 134365]
14, 4, 12.66, [118602, 65900, 33297]
14, 5, 11.71, [46, 148118, 89]
14, 6, 11.64, [118602, 558, 56240]
14, 7, 11.32, [118602, 65900, 282]
14, 8, 11.19, [66059, 65900, 56240]
14, 9, 10.71, [127088, 65901, 56240]
15, 0, 17.28, [118602, 65899, 56240]
15, 1, 17.18, [118602, 33297, 56240]
15, 2, 16.33, [88, 65899, 56239]
15, 3, 15.86, [65901, 65899, 282]
15, 4, 14.45, [123523, 65899, 282]
15, 5, 14.35, [70638, 127089, 56240]
15, 6, 11.79, [118602, 150654, 283]
15, 7, 11.0, [118602, 100141, 134362]
15, 8, 10.97, [118602, 281, 62858]
15, 9, 10.62, [118602, 134362, 56237]
16, 0, 17.28, [118602, 65899, 56240]
16, 1, 17.18, [118602, 33297, 56240]
16, 2, 16.37, [118602, 65899, 282]
16, 3, 15.66, [65901, 65899, 62858]
16, 4, 15.13, [66169, 65899, 90]
16, 5, 14.94, [118602, 33298, 282]
16, 6, 11.81, [118602, 70640, 66169]
16, 7, 11.71, [123524, 33297, 823]
16, 8, 11.65, [118602, 71858, 286]
16, 9, 10.81, [70639, 65897, 98063]
17, 0, 17.28, [118602, 65899, 56240]
17, 1, 17.18, [118602, 33297, 56240]
17, 2, 14.74, [66169, 65899, 56240]
17, 3, 14.54, [118602, 33297, 1061]
17, 4, 14.28, [118602, 65899, 281]
17, 5, 11.31, [134365, 33297, 56241]
17, 6, 10.81, [11935, 31634, 33297]
17, 7, 10.71, [118602, 90, 558]
17, 8, 10.15, [91277, 65900, 285]
17, 9, 8.83, [118602, 123524, 90]
18, 0, 17.28, [118602, 65899, 56240]
18, 1, 17.18, [118602, 33297, 56240]
18, 2, 16.78, [118602, 33297, 62858]
18, 3, 14.48, [123524, 65899, 56240]
18, 4, 14.15, [118602, 98062, 56240]
18, 5, 13.9, [66171, 65899, 66169]
18, 6, 13.28, [66166, 33297, 56240]
18, 7, 12.63, [66166, 33297, 56240]
18, 8, 10.82, [280, 86, 56240]
18, 9, 10.3, [123524, 11925, 73703]
19, 0, 17.28, [118602, 65899, 56240]
19, 1, 17.18, [118602, 33297, 56240]
19, 2, 15.26, [118602, 33297, 62858]
19, 3, 14.58, [118602, 65897, 56240]
19, 4, 14.18, [118602, 33297, 118606]
19, 5, 14.17, [118602, 33298, 62858]
19, 6, 13.77, [281, 33297, 56240]
19, 7, 13.06, [118602, 33297, 134365]
19, 8, 12.48, [113172, 33297, 56240]
19, 9, 11.82, [70639, 88, 56241]
20, 0, 17.28, [118602, 65899, 56240]
20, 1, 17.18, [118602, 33297, 56240]
20, 2, 16.11, [70638, 33297, 56240]
20, 3, 16.05, [118602, 33297, 62858]
20, 4, 13.44, [118602, 65899, 113171]
20, 5, 13.34, [118602, 65899, 11935]
20, 6, 12.36, [62858, 33297, 67332]
20, 7, 12.05, [118602, 65897, 66170]
20, 8, 11.66, [118602, 281, 56240]
20, 9, 10.63, [118602, 134362, 144434]
21, 0, 17.28, [118602, 65899, 56240]
21, 1, 17.18, [118602, 33297, 56240]
21, 2, 16.14, [65899, 80450, 56240]
21, 3, 15.67, [118602, 33297, 66169]
21, 4, 15.66, [100141, 89, 56240]
21, 5, 15.42, [31634, 33297, 56240]
21, 6, 15.12, [118602, 65899, 134361]
21, 7, 15.07, [1061, 33297, 56240]
21, 8, 13.27, [70638, 65899, 67331]
21, 9, 11.0, [118602, 66059, 70640]
22, 0, 17.28, [118602, 65899, 56240]
22, 1, 17.18, [118602, 33297, 56240]
22, 2, 15.14, [65899, 80450, 56237]
22, 3, 14.91, [89, 65899, 33298]
22, 4, 14.41, [118602, 33297, 66170]
22, 5, 13.78, [98065, 33297, 1061]
22, 6, 13.78, [118602, 283, 70638]
22, 7, 11.25, [283, 6376, 88]
22, 8, 9.43, [144436, 823, 56240]
22, 9, 9.16, [118602, 86, 113172]
23, 0, 17.49, [118602, 65899, 56240]
23, 1, 17.28, [118602, 65899, 56240]
23, 2, 17.18, [118602, 33297, 56240]
23, 3, 16.9, [89, 65899, 56239]
23, 4, 16.35, [46, 33297, 56240]
23, 5, 14.22, [123524, 65899, 56240]
23, 6, 13.74, [134362, 65899, 285]
23, 7, 12.82, [118602, 33299, 33298]
23, 8, 12.68, [65897, 80450, 56237]
23, 9, 11.17, [118602, 33299, 56237]
24, 0, 17.49, [118602, 65899, 56240]
24, 1, 17.28, [118602, 65899, 56240]
24, 2, 16.65, [118602, 65899, 86]
24, 3, 16.26, [118602, 65899, 56241]
24, 4, 15.33, [118602, 65899, 56241]
24, 5, 14.92, [89, 65901, 56240]
24, 6, 14.35, [118602, 33297, 66170]
24, 7, 14.05, [89, 70640, 56240]
24, 8, 13.89, [88, 73700, 56240]
24, 9, 12.93, [118602, 91276, 56240]
25, 0, 17.49, [118602, 65899, 56240]
25, 1, 17.28, [118602, 65899, 56240]
25, 2, 14.08, [118602, 65899, 134362]
25, 3, 13.51, [80661, 33298, 86]
25, 4, 12.55, [98065, 66059, 56240]
25, 5, 11.56, [70638, 66169, 56240]
25, 6, 10.9, [118602, 62858, 56239]
25, 7, 10.59, [285, 144436, 56240]
25, 8, 9.0, [118602, 91277, 134361]
25, 9, 7.47, [100807, 67331, 56240]
26, 0, 17.49, [118602, 65899, 56240]
26, 1, 17.28, [118602, 65899, 56240]
26, 2, 16.93, [80661, 65899, 56240]
26, 3, 16.38, [100140, 65899, 56240]
26, 4, 15.23, [118602, 65899, 66166]
26, 5, 14.25, [123523, 65899, 86]
26, 6, 13.53, [118602, 33298, 90]
26, 7, 12.77, [1062, 65899, 11925]
26, 8, 12.04, [118602, 70639, 80656]
26, 9, 11.2, [80449, 33298, 66170]
27, 0, 17.49, [118602, 65899, 56240]
27, 1, 17.28, [118602, 65899, 56240]
27, 2, 14.97, [11387, 65899, 66171]
27, 3, 14.93, [100140, 65899, 56237]
27, 4, 14.05, [123523, 65899, 87]
27, 5, 12.76, [144436, 33297, 66169]
27, 6, 10.59, [118602, 56237, 144436]
27, 7, 10.57, [123523, 66171, 284]
27, 8, 10.08, [33298, 90, 1927]
27, 9, 10.07, [33298, 65899, 134365]
28, 0, 19.3, [118602, 65899, 11388]
28, 1, 17.49, [118602, 65899, 56240]
28, 2, 17.28, [118602, 65899, 56240]
28, 3, 16.43, [11387, 65899, 56237]
28, 4, 16.32, [100140, 65899, 56240]
28, 5, 15.97, [11387, 33297, 56237]
28, 6, 14.74, [118602, 65899, 66166]
28, 7, 13.53, [123524, 65899, 66171]
28, 8, 13.12, [87893, 65899, 56240]
28, 9, 12.27, [118602, 80656, 66170]
29, 0, 19.3, [118602, 65899, 11388]
29, 1, 17.49, [118602, 65899, 56240]
29, 2, 15.06, [134361, 65899, 56240]
29, 3, 14.28, [90, 65899, 150653]
29, 4, 12.07, [123523, 98063, 56240]
29, 5, 12.05, [118602, 70639, 56240]
29, 6, 11.19, [11935, 80450, 11388]
29, 7, 10.13, [118602, 558, 11925]
29, 8, 9.74, [127088, 67332, 11388]
29, 9, 9.31, [118602, 1062, 144436]
30, 0, 19.3, [118602, 65899, 11388]
30, 1, 17.53, [284, 65899, 11388]
30, 2, 17.49, [118602, 65899, 56240]
30, 3, 16.67, [123524, 65899, 11388]
30, 4, 16.57, [149059, 65899, 11388]
30, 5, 16.12, [279, 65899, 56240]
30, 6, 15.53, [118602, 65899, 56237]
30, 7, 13.59, [156909, 65899, 56239]
30, 8, 12.78, [118602, 150652, 80449]
30, 9, 12.21, [1927, 65899, 62858]
31, 0, 19.3, [118602, 65899, 11388]
31, 1, 17.53, [284, 65899, 11388]
31, 2, 15.34, [278, 65899, 91277]
31, 3, 14.9, [284, 65899, 56240]
31, 4, 14.66, [283, 56241, 11388]
31, 5, 14.57, [118602, 33297, 558]
31, 6, 14.33, [284, 65899, 56239]
31, 7, 14.04, [14223, 65899, 11388]
31, 8, 12.47, [118602, 65899, 149059]
31, 9, 12.25, [118602, 286, 12067]
32, 0, 19.3, [118602, 65899, 11388]
32, 1, 17.76, [118602, 65899, 11387]
32, 2, 17.53, [284, 65899, 11388]
32, 3, 15.37, [118602, 65899, 98065]
32, 4, 14.7, [286, 65899, 156909]
32, 5, 14.4, [284, 87, 11388]
32, 6, 14.1, [118602, 56237, 11387]
32, 7, 13.83, [284, 65899, 11925]
32, 8, 12.92, [98065, 65899, 11926]
32, 9, 12.87, [284, 65900, 11388]
33, 0, 19.3, [118602, 65899, 11388]
33, 1, 18.38, [73700, 65899, 11388]
33, 2, 17.76, [118602, 65899, 11387]
33, 3, 16.77, [118602, 70638, 11388]
33, 4, 12.52, [284, 65900, 11388]
33, 5, 12.16, [285, 73703, 278]
33, 6, 12.06, [118602, 100140, 70640]
33, 7, 11.57, [821, 65899, 1062]
33, 8, 11.38, [1063, 65899, 281]
33, 9, 11.04, [118602, 87, 11926]
34, 0, 19.3, [118602, 65899, 11388]
34, 1, 18.38, [73700, 65899, 11388]
34, 2, 16.95, [73700, 65899, 11387]
34, 3, 14.75, [118602, 33300, 11388]
34, 4, 14.66, [80656, 65899, 91276]
34, 5, 13.94, [118602, 150652, 11387]
34, 6, 13.33, [73700, 65900, 11388]
34, 7, 12.78, [284, 65899, 10375]
34, 8, 11.84, [144434, 134365, 11388]
34, 9, 11.35, [150653, 65899, 11926]
35, 0, 19.39, [118602, 65899, 11388]
35, 1, 19.3, [118602, 65899, 11388]
35, 2, 18.38, [73700, 65899, 11388]
35, 3, 15.29, [80656, 65899, 91276]
35, 4, 14.99, [286, 56239, 11388]
35, 5, 14.39, [80656, 65900, 11388]
35, 6, 13.58, [95674, 65899, 11387]
35, 7, 12.1, [149059, 33300, 11388]
35, 8, 12.01, [80656, 12067, 11387]
35, 9, 10.95, [150655, 113172, 11388]
36, 0, 19.39, [118602, 65899, 11388]
36, 1, 19.3, [118602, 65899, 11388]
36, 2, 18.94, [70638, 65899, 11388]
36, 3, 17.17, [118602, 65899, 282]
36, 4, 13.1, [281, 65899, 62858]
36, 5, 12.99, [80449, 65899, 33299]
36, 6, 10.99, [66059, 283, 12067]
36, 7, 10.46, [100807, 286, 100140]
36, 8, 10.34, [144434, 14223, 11388]
36, 9, 8.75, [73700, 280, 11926]
37, 0, 19.39, [118602, 65899, 11388]
37, 1, 19.3, [118602, 65899, 11388]
37, 2, 17.72, [66169, 65899, 11388]
37, 3, 14.64, [134361, 65899, 86]
37, 4, 12.74, [89, 70640, 148118]
37, 5, 12.39, [113172, 127089, 11388]
37, 6, 12.16, [123523, 279, 70638]
37, 7, 11.6, [118602, 134361, 150015]
37, 8, 10.13, [123524, 1927, 11388]
37, 9, 9.83, [33297, 558, 87893]
38, 0, 19.39, [118602, 65899, 11388]
38, 1, 19.3, [118602, 65899, 11388]
38, 2, 17.43, [118602, 65899, 56240]
38, 3, 15.3, [67332, 65899, 11388]
38, 4, 14.81, [118602, 65899, 77358]
38, 5, 14.39, [118602, 66169, 11387]
38, 6, 12.65, [33297, 33296, 70640]
38, 7, 11.93, [80656, 33298, 1062]
38, 8, 11.84, [66170, 118606, 11388]
38, 9, 11.23, [134365, 65899, 91277]
39, 0, 19.39, [118602, 65899, 11388]
39, 1, 19.3, [118602, 65899, 11388]
39, 2, 17.48, [284, 33297, 11388]
39, 3, 17.14, [89, 65899, 33296]
39, 4, 16.02, [98063, 65899, 56240]
39, 5, 15.7, [86, 65899, 62858]
39, 6, 11.57, [118602, 70639, 56240]
39, 7, 11.47, [118602, 87, 71858]
39, 8, 10.0, [118602, 90, 1062]
39, 9, 9.16, [118602, 823, 144436]
40, 0, 19.39, [118602, 65899, 11388]
40, 1, 19.3, [118602, 65899, 11388]
40, 2, 16.62, [148118, 65899, 282]
40, 3, 16.33, [123523, 33297, 11388]
40, 4, 15.13, [118602, 280, 11388]
40, 5, 14.58, [118602, 33297, 12067]
40, 6, 14.13, [33296, 65899, 6376]
40, 7, 12.76, [284, 65899, 11926]
40, 8, 12.67, [134362, 282, 11388]
40, 9, 11.76, [284, 65899, 67332]
41, 0, 19.39, [118602, 65899, 11388]
41, 1, 19.3, [118602, 65899, 11388]
41, 2, 16.8, [284, 65899, 11387]
41, 3, 16.43, [33299, 65899, 11388]
41, 4, 14.4, [123523, 65899, 282]
41, 5, 14.17, [123523, 65899, 284]
41, 6, 14.06, [148118, 65899, 11925]
41, 7, 13.97, [100141, 66171, 11388]
41, 8, 13.88, [118602, 134362, 11388]
41, 9, 12.72, [156909, 98063, 11387]
42, 0, 19.39, [118602, 65899, 11388]
42, 1, 19.3, [118602, 65899, 11388]
42, 2, 17.45, [284, 33297, 11388]
42, 3, 17.22, [118602, 33297, 11387]
42, 4, 17.2, [118602, 33297, 11387]
42, 5, 16.42, [1061, 65899, 11388]
42, 6, 16.06, [123523, 65899, 11387]
42, 7, 13.93, [284, 70640, 11388]
42, 8, 13.29, [284, 70640, 11388]
42, 9, 12.99, [118602, 65900, 11387]
43, 0, 19.39, [118602, 65899, 11388]
43, 1, 19.3, [118602, 65899, 11388]
43, 2, 15.12, [118602, 33297, 31634]
43, 3, 14.96, [65897, 65899, 150652]
43, 4, 14.92, [118602, 33299, 11388]
43, 5, 14.4, [118602, 66059, 89]
43, 6, 13.76, [284, 65899, 12067]
43, 7, 12.36, [284, 65900, 11388]
43, 8, 11.33, [118602, 90, 283]
43, 9, 9.42, [91277, 113172, 80661]
44, 0, 19.39, [118602, 65899, 11388]
44, 1, 19.3, [118602, 65899, 11388]
44, 2, 15.16, [95674, 65899, 11388]
44, 3, 15.09, [80661, 148118, 11388]
44, 4, 14.94, [118602, 65899, 12067]
44, 5, 12.81, [113172, 80656, 11388]
44, 6, 12.56, [113172, 65899, 150652]
44, 7, 12.1, [144436, 113173, 11388]
44, 8, 11.82, [56237, 283, 73703]
44, 9, 11.69, [118602, 70640, 56241]
45, 0, 19.39, [118602, 65899, 11388]
45, 1, 19.3, [118602, 65899, 11388]
45, 2, 18.29, [100140, 65899, 11388]
45, 3, 16.05, [118602, 65899, 56239]
45, 4, 14.38, [33296, 65899, 1061]
45, 5, 13.74, [278, 65899, 11925]
45, 6, 13.04, [123524, 148118, 11388]
45, 7, 10.84, [123524, 67332, 11388]
45, 8, 8.46, [46, 88, 95674]
45, 9, 8.09, [279, 77358, 70639]
46, 0, 19.39, [118602, 65899, 11388]
46, 1, 19.3, [118602, 65899, 11388]
46, 2, 18.74, [100140, 65899, 11388]
46, 3, 17.05, [33296, 65899, 11387]
46, 4, 15.08, [100140, 279, 11388]
46, 5, 14.11, [118602, 65899, 11926]
46, 6, 14.07, [90, 56241, 11388]
46, 7, 13.89, [113173, 65899, 1061]
46, 8, 12.36, [118602, 65901, 11925]
46, 9, 10.86, [284, 123523, 62858]
47, 0, 19.39, [118602, 65899, 11388]
47, 1, 19.3, [118602, 65899, 11388]
47, 2, 18.23, [282, 65899, 11388]
47, 3, 17.33, [56241, 65899, 11388]
47, 4, 16.35, [118602, 33297, 98063]
47, 5, 15.37, [118602, 66167, 11388]
47, 6, 15.08, [100140, 33297, 127089]
47, 7, 15.02, [33296, 65899, 11925]
47, 8, 13.77, [118602, 70640, 11387]
47, 9, 13.38, [150652, 65899, 823]
48, 0, 19.39, [118602, 65899, 11388]
48, 1, 19.3, [118602, 65899, 11388]
48, 2, 18.8, [118602, 33297, 11388]
48, 3, 16.92, [62858, 33297, 11388]
48, 4, 15.35, [118602, 65899, 150655]
48, 5, 13.68, [118602, 87893, 11388]
48, 6, 12.64, [282, 65899, 67332]
48, 7, 12.56, [278, 65899, 279]
48, 8, 12.08, [95674, 98063, 11388]
48, 9, 10.14, [56240, 80662, 123523]
49, 0, 19.39, [118602, 65899, 11388]
49, 1, 19.3, [118602, 65899, 11388]
49, 2, 18.05, [66169, 65899, 11388]
49, 3, 17.18, [62858, 65899, 11387]
49, 4, 16.81, [100807, 65899, 11388]
49, 5, 16.65, [62858, 65899, 11387]
49, 6, 15.59, [118602, 33297, 11925]
49, 7, 14.95, [56239, 98063, 11388]
49, 8, 14.6, [118602, 33297, 11926]
49, 9, 11.47, [558, 286, 11387]
50, 0, 19.39, [118602, 65899, 11388]
50, 1, 19.3, [118602, 65899, 11388]
50, 2, 18.21, [118602, 33297, 11388]
50, 3, 16.91, [65901, 65899, 11387]
50, 4, 15.75, [123523, 65899, 11387]
50, 5, 13.91, [118602, 70639, 11388]
50, 6, 13.71, [62858, 65899, 11925]
50, 7, 12.66, [283, 70639, 11388]
50, 8, 11.32, [62858, 118602, 71858]
50, 9, 11.0, [118602, 80656, 73700]
