generation number, individual number, fitness, candidate
0, 0, 3.15, [295, 81, 2597]
0, 1, 3.11, [193, 279, 295]
0, 2, 3.1, [277, 261, 3716]
0, 3, 3.1, [159, 2712, 250]
0, 4, 3.09, [274, 279, 295]
0, 5, 3.08, [154, 2596, 77]
0, 6, 3.06, [98, 2513, 222]
0, 7, 3.05, [219, 222, 2530]
0, 8, 3.04, [2711, 615, 278]
0, 9, 3.03, [102, 209, 269]
1, 0, 3.16, [193, 77, 295]
1, 1, 3.15, [295, 81, 2597]
1, 2, 3.11, [2512, 274, 2597]
1, 3, 3.11, [193, 279, 295]
1, 4, 3.08, [295, 81, 260]
1, 5, 3.08, [295, 1082, 3135]
1, 6, 3.06, [2530, 288, 2597]
1, 7, 3.05, [193, 2597, 876]
1, 8, 3.05, [250, 615, 2597]
1, 9, 3.04, [222, 259, 2512]
2, 0, 3.16, [193, 77, 295]
2, 1, 3.15, [295, 81, 2597]
2, 2, 3.14, [4849, 2597, 295]
2, 3, 3.14, [2512, 274, 295]
2, 4, 3.1, [263, 2514, 283]
2, 5, 3.09, [4849, 279, 295]
2, 6, 3.08, [193, 149, 295]
2, 7, 3.08, [295, 81, 76]
2, 8, 3.05, [295, 81, 76]
2, 9, 3.04, [193, 2597, 283]
3, 0, 3.16, [193, 77, 295]
3, 1, 3.15, [2512, 240, 295]
3, 2, 3.15, [193, 159, 295]
3, 3, 3.15, [295, 81, 2597]
3, 4, 3.11, [2711, 274, 295]
3, 5, 3.11, [2513, 2597, 295]
3, 6, 3.09, [295, 541, 274]
3, 7, 3.09, [250, 81, 77]
3, 8, 3.08, [4849, 77, 2513]
3, 9, 3.06, [193, 2597, 316]
4, 0, 3.16, [259, 77, 295]
4, 1, 3.16, [193, 77, 295]
4, 2, 3.15, [295, 343, 77]
4, 3, 3.15, [2512, 240, 295]
4, 4, 3.11, [193, 277, 295]
4, 5, 3.11, [4849, 2597, 295]
4, 6, 3.09, [2530, 81, 77]
4, 7, 3.08, [220, 2597, 295]
4, 8, 3.08, [4849, 2597, 295]
4, 9, 3.07, [283, 81, 77]
5, 0, 3.16, [259, 77, 295]
5, 1, 3.16, [193, 77, 295]
5, 2, 3.11, [81, 77, 91]
5, 3, 3.1, [2512, 77, 2530]
5, 4, 3.08, [193, 77, 541]
5, 5, 3.08, [1088, 295, 77]
5, 6, 3.03, [193, 2595, 303]
5, 7, 3.03, [259, 2712, 244]
5, 8, 3.02, [259, 240, 2513]
5, 9, 3.01, [259, 4849, 278]
6, 0, 3.18, [335, 77, 874]
6, 1, 3.16, [259, 77, 295]
6, 2, 3.16, [193, 77, 295]
6, 3, 3.15, [81, 1095, 295]
6, 4, 3.15, [193, 2596, 295]
6, 5, 3.12, [193, 77, 81]
6, 6, 3.08, [259, 76, 295]
6, 7, 3.07, [193, 77, 250]
6, 8, 3.05, [291, 77, 2525]
6, 9, 3.02, [193, 616, 250]
7, 0, 3.18, [335, 77, 874]
7, 1, 3.16, [259, 77, 295]
7, 2, 3.15, [193, 2764, 295]
7, 3, 3.12, [193, 77, 2770]
7, 4, 3.09, [1086, 77, 295]
7, 5, 3.08, [226, 77, 295]
7, 6, 3.08, [335, 274, 295]
7, 7, 3.07, [193, 77, 256]
7, 8, 3.07, [280, 2596, 295]
7, 9, 3.06, [193, 2764, 874]
8, 0, 3.18, [259, 77, 295]
8, 1, 3.18, [335, 77, 874]
8, 2, 3.17, [2599, 77, 295]
8, 3, 3.16, [259, 77, 295]
8, 4, 3.13, [280, 2764, 295]
8, 5, 3.12, [259, 77, 220]
8, 6, 3.1, [226, 77, 295]
8, 7, 3.09, [259, 77, 2762]
8, 8, 3.06, [259, 1086, 159]
8, 9, 3.06, [335, 154, 2770]
9, 0, 3.18, [259, 77, 295]
9, 1, 3.18, [335, 77, 874]
9, 2, 3.08, [2599, 274, 295]
9, 3, 3.08, [259, 2764, 874]
9, 4, 3.08, [3155, 220, 874]
9, 5, 3.07, [291, 77, 301]
9, 6, 3.05, [280, 874, 302]
9, 7, 3.05, [335, 77, 226]
9, 8, 3.04, [81, 250, 149]
9, 9, 3.04, [259, 77, 219]
10, 0, 3.18, [226, 77, 295]
10, 1, 3.18, [259, 77, 295]
10, 2, 3.18, [335, 77, 874]
10, 3, 3.17, [226, 77, 295]
10, 4, 3.13, [259, 2527, 295]
10, 5, 3.11, [280, 77, 874]
10, 6, 3.1, [335, 209, 874]
10, 7, 3.08, [335, 77, 876]
10, 8, 3.07, [2596, 277, 301]
10, 9, 3.06, [259, 77, 2770]
