generation number, individual number, fitness, candidate
0, 0, 8.2, [285, 73931]
0, 1, 7.99, [87, 59751]
0, 2, 7.8, [127089, 14197]
0, 3, 7.28, [96148, 56241]
0, 4, 6.71, [76776, 40788]
0, 5, 6.32, [96648, 130282]
0, 6, 6.28, [285, 558]
0, 7, 5.01, [150655, 85838]
0, 8, 4.79, [1927, 94016]
0, 9, 4.35, [281, 47500]
1, 0, 8.56, [89, 85838]
1, 1, 8.2, [285, 73931]
1, 2, 8.0, [100807, 73931]
1, 3, 8.0, [96144, 73931]
1, 4, 7.99, [87, 59751]
1, 5, 7.97, [283, 59751]
1, 6, 7.25, [91978, 14200]
1, 7, 7.0, [127089, 85838]
1, 8, 6.94, [87, 85838]
1, 9, 6.93, [90, 14197]
2, 0, 8.56, [89, 85838]
2, 1, 8.2, [285, 73931]
2, 2, 8.15, [89, 148118]
2, 3, 6.81, [90, 85838]
2, 4, 6.5, [90, 66079]
2, 5, 6.15, [1061, 85838]
2, 6, 6.0, [100807, 86543]
2, 7, 5.99, [281, 73931]
2, 8, 5.51, [14198, 12067]
2, 9, 5.5, [56239, 1927]
3, 0, 8.78, [89, 85838]
3, 1, 8.56, [89, 85838]
3, 2, 8.36, [89, 85838]
3, 3, 8.31, [89, 98063]
3, 4, 8.29, [89, 85838]
3, 5, 8.23, [286, 73931]
3, 6, 8.2, [285, 73931]
3, 7, 8.15, [285, 100807]
3, 8, 7.83, [12067, 144434]
3, 9, 6.67, [285, 86543]
4, 0, 9.57, [70365, 11388]
4, 1, 9.01, [80449, 70193]
4, 2, 8.78, [89, 85838]
4, 3, 8.56, [89, 85838]
4, 4, 8.37, [89, 66078]
4, 5, 8.29, [56239, 90]
4, 6, 7.89, [86, 127088]
4, 7, 7.56, [89, 86543]
4, 8, 5.69, [90, 94017]
4, 9, 5.55, [11925, 85838]
5, 0, 10.74, [80450, 11388]
5, 1, 10.56, [86, 11388]
5, 2, 9.78, [66167, 11388]
5, 3, 9.63, [221360, 70193]
5, 4, 9.57, [70365, 11388]
5, 5, 9.51, [90, 11388]
5, 6, 9.01, [80449, 70193]
5, 7, 8.36, [70365, 56239]
5, 8, 7.13, [70365, 66079]
5, 9, 5.65, [70365, 86543]
6, 0, 10.74, [80450, 11388]
6, 1, 10.56, [86, 11388]
6, 2, 10.51, [13042, 70193]
6, 3, 10.48, [56239, 11388]
6, 4, 8.82, [96148, 56239]
6, 5, 8.32, [86, 14201]
6, 6, 7.65, [86, 11387]
6, 7, 7.29, [98063, 70199]
6, 8, 6.64, [283, 11387]
6, 9, 6.51, [90, 282]
7, 0, 10.74, [80450, 11388]
7, 1, 10.56, [86, 11388]
7, 2, 9.92, [88, 56239]
7, 3, 9.65, [70365, 11388]
7, 4, 8.0, [96147, 127089]
7, 5, 6.51, [86, 11925]
7, 6, 6.44, [80450, 113477]
7, 7, 6.13, [96148, 12067]
7, 8, 4.47, [59751, 96648]
7, 9, 4.2, [96648, 66169]
8, 0, 12.8, [66076, 100807]
8, 1, 10.74, [80450, 11388]
8, 2, 10.56, [86, 11388]
8, 3, 9.0, [127089, 47392]
8, 4, 8.61, [88, 11925]
8, 5, 8.58, [80450, 62858]
8, 6, 7.51, [88, 150655]
8, 7, 7.19, [98063, 56239]
8, 8, 6.67, [98065, 12067]
8, 9, 6.65, [94015, 80450]
9, 0, 12.8, [66076, 100807]
9, 1, 11.66, [70196, 11388]
9, 2, 11.6, [66076, 11925]
9, 3, 11.4, [66076, 11925]
9, 4, 10.74, [80450, 11388]
9, 5, 9.55, [89, 91978]
9, 6, 8.64, [98065, 100807]
9, 7, 8.59, [94015, 11388]
9, 8, 7.96, [90, 100807]
9, 9, 7.67, [80450, 127088]
10, 0, 12.8, [66076, 100807]
10, 1, 12.54, [66076, 70365]
10, 2, 12.4, [66076, 87]
10, 3, 11.66, [70196, 11388]
10, 4, 10.99, [70196, 11388]
10, 5, 8.94, [70195, 11388]
10, 6, 8.63, [62858, 14198]
10, 7, 7.23, [11925, 80450]
10, 8, 6.33, [70195, 127088]
10, 9, 6.14, [1062, 91978]
11, 0, 12.8, [66076, 100807]
11, 1, 12.54, [66076, 70365]
11, 2, 11.88, [66076, 70199]
11, 3, 7.85, [59751, 87]
11, 4, 7.84, [73932, 94017]
11, 5, 6.83, [93407, 59751]
11, 6, 5.97, [278, 88]
11, 7, 5.4, [1060, 56237]
11, 8, 5.38, [126458, 127088]
11, 9, 4.5, [42918, 127088]
12, 0, 14.34, [66076, 56239]
12, 1, 12.8, [66076, 100807]
12, 2, 12.54, [66076, 70365]
12, 3, 9.66, [70193, 70365]
12, 4, 8.74, [70196, 96147]
12, 5, 8.44, [70194, 70365]
12, 6, 7.98, [96144, 14199]
12, 7, 7.77, [70194, 1060]
12, 8, 7.49, [90, 130282]
12, 9, 6.95, [70364, 96648]
13, 0, 14.34, [66076, 56239]
13, 1, 12.8, [66076, 100807]
13, 2, 10.03, [70193, 127088]
13, 3, 9.08, [70196, 70365]
13, 4, 8.23, [46, 88]
13, 5, 7.41, [56241, 127088]
13, 6, 6.78, [278, 56241]
13, 7, 6.0, [127089, 558]
13, 8, 5.82, [823, 127088]
13, 9, 5.71, [278, 66169]
14, 0, 14.34, [66076, 56239]
14, 1, 12.8, [66076, 100807]
14, 2, 9.53, [70193, 148118]
14, 3, 8.99, [70194, 96147]
14, 4, 8.83, [66167, 94016]
14, 5, 8.63, [283, 89]
14, 6, 7.77, [96147, 14201]
14, 7, 7.77, [100807, 66079]
14, 8, 6.22, [14197, 1062]
14, 9, 5.79, [70195, 47500]
15, 0, 14.34, [66076, 56239]
15, 1, 13.02, [66076, 279]
15, 2, 12.8, [66076, 100807]
15, 3, 9.25, [86, 62858]
15, 4, 8.33, [70199, 96147]
15, 5, 7.73, [70195, 56239]
15, 6, 6.57, [70195, 285]
15, 7, 6.41, [6376, 285]
15, 8, 6.38, [66078, 6376]
15, 9, 5.67, [66170, 90]
16, 0, 14.34, [66076, 56239]
16, 1, 13.02, [66076, 279]
16, 2, 12.25, [70364, 66076]
16, 3, 11.3, [66076, 56237]
16, 4, 9.76, [66076, 66079]
16, 5, 8.81, [90, 56239]
16, 6, 8.15, [62858, 121382]
16, 7, 7.54, [96148, 90]
16, 8, 7.42, [823, 88]
16, 9, 5.79, [70196, 1927]
17, 0, 14.34, [66076, 56239]
17, 1, 13.02, [66076, 279]
17, 2, 8.55, [85839, 279]
17, 3, 7.55, [96148, 127088]
17, 4, 7.52, [130282, 66078]
17, 5, 7.06, [98062, 70197]
17, 6, 6.77, [70195, 70365]
17, 7, 5.56, [86, 14223]
17, 8, 5.31, [90, 70197]
17, 9, 5.3, [40786, 70194]
18, 0, 14.34, [66076, 56239]
18, 1, 13.02, [66076, 279]
18, 2, 11.5, [66076, 148118]
18, 3, 11.12, [66076, 558]
18, 4, 10.82, [66076, 558]
18, 5, 9.82, [47392, 56239]
18, 6, 9.51, [144434, 279]
18, 7, 8.74, [96144, 56239]
18, 8, 8.57, [96144, 56239]
18, 9, 8.0, [70196, 127088]
19, 0, 14.34, [66076, 56239]
19, 1, 13.02, [66076, 279]
19, 2, 9.75, [70194, 56239]
19, 3, 9.47, [98065, 56239]
19, 4, 8.37, [70199, 130282]
19, 5, 7.83, [70196, 148118]
19, 6, 7.41, [70197, 144434]
19, 7, 6.82, [85838, 66171]
19, 8, 6.78, [66171, 62858]
19, 9, 6.77, [148118, 283]
20, 0, 14.34, [66076, 56239]
20, 1, 13.02, [66076, 279]
20, 2, 11.14, [66076, 56237]
20, 3, 9.35, [70194, 56239]
20, 4, 9.25, [66076, 113478]
20, 5, 8.95, [96144, 76776]
20, 6, 7.96, [14197, 285]
20, 7, 7.26, [98065, 56237]
20, 8, 6.56, [94016, 93406]
20, 9, 6.22, [14201, 56237]
21, 0, 14.34, [66076, 56239]
21, 1, 13.95, [66076, 56239]
21, 2, 13.02, [66076, 279]
21, 3, 7.97, [70196, 56237]
21, 4, 7.7, [124712, 286]
21, 5, 7.43, [66171, 56239]
21, 6, 7.12, [121382, 279]
21, 7, 6.78, [11387, 59751]
21, 8, 6.12, [127088, 1063]
21, 9, 5.76, [90, 284]
22, 0, 14.34, [66076, 56239]
22, 1, 13.95, [66076, 56239]
22, 2, 13.91, [66076, 88]
22, 3, 13.6, [66076, 56239]
22, 4, 9.99, [70196, 66167]
22, 5, 9.51, [73932, 283]
22, 6, 8.08, [100807, 80450]
22, 7, 6.72, [56241, 70365]
22, 8, 6.53, [86, 94015]
22, 9, 5.98, [70196, 42918]
23, 0, 14.34, [66076, 56239]
23, 1, 13.95, [66076, 56239]
23, 2, 13.47, [47392, 66076]
23, 3, 9.78, [89, 56239]
23, 4, 8.43, [59751, 56239]
23, 5, 7.43, [98062, 40788]
23, 6, 7.1, [80449, 66167]
23, 7, 6.81, [40787, 66167]
23, 8, 6.5, [148118, 59751]
23, 9, 6.3, [1060, 46]
24, 0, 14.34, [66076, 56239]
24, 1, 13.95, [66076, 56239]
24, 2, 12.7, [70193, 66076]
24, 3, 11.16, [66076, 56237]
24, 4, 10.29, [98062, 70364]
24, 5, 9.27, [278, 144434]
24, 6, 8.45, [66079, 56239]
24, 7, 8.21, [127088, 46]
24, 8, 7.98, [62858, 100807]
24, 9, 6.51, [14198, 77088]
25, 0, 14.34, [66076, 56239]
25, 1, 13.95, [66076, 56239]
25, 2, 12.88, [66076, 66167]
25, 3, 12.22, [66076, 56241]
25, 4, 8.98, [285, 56239]
25, 5, 8.22, [85838, 76776]
25, 6, 7.61, [130282, 278]
25, 7, 6.89, [1062, 56240]
25, 8, 5.54, [66170, 1061]
25, 9, 5.44, [42918, 14197]
26, 0, 14.34, [66076, 56239]
26, 1, 14.02, [98062, 66076]
26, 2, 13.95, [66076, 56239]
26, 3, 13.05, [66076, 100807]
26, 4, 10.49, [70196, 89]
26, 5, 9.41, [70194, 56239]
26, 6, 9.38, [144434, 14198]
26, 7, 9.02, [70193, 86543]
26, 8, 7.41, [87, 283]
26, 9, 6.73, [285, 11925]
27, 0, 14.34, [66076, 56239]
27, 1, 14.02, [98062, 66076]
27, 2, 10.63, [94016, 70193]
27, 3, 10.1, [70196, 56240]
27, 4, 9.27, [278, 70196]
27, 5, 9.24, [70199, 56239]
27, 6, 9.06, [98062, 66078]
27, 7, 8.06, [86, 283]
27, 8, 7.18, [823, 56240]
27, 9, 6.9, [66079, 66171]
28, 0, 14.34, [66076, 56239]
28, 1, 14.02, [98062, 66076]
28, 2, 13.57, [66076, 62858]
28, 3, 11.2, [126458, 66076]
28, 4, 9.27, [70194, 56239]
28, 5, 9.03, [70364, 96144]
28, 6, 8.54, [98062, 66079]
28, 7, 8.3, [73931, 70194]
28, 8, 7.54, [70365, 127089]
28, 9, 6.96, [284, 14199]
29, 0, 14.36, [88, 66076]
29, 1, 14.34, [66076, 56239]
29, 2, 14.02, [98062, 66076]
29, 3, 14.01, [66076, 62858]
29, 4, 10.86, [13042, 70193]
29, 5, 9.11, [98062, 96144]
29, 6, 8.59, [126458, 11388]
29, 7, 6.81, [70198, 56239]
29, 8, 5.36, [281, 14200]
29, 9, 5.25, [93407, 66169]
30, 0, 14.36, [88, 66076]
30, 1, 14.34, [66076, 56239]
30, 2, 10.3, [70193, 14198]
30, 3, 9.72, [98062, 56239]
30, 4, 8.81, [88, 66079]
30, 5, 6.83, [70196, 66169]
30, 6, 6.8, [12067, 70364]
30, 7, 6.66, [11387, 59751]
30, 8, 6.37, [13042, 126458]
30, 9, 5.51, [66169, 66079]
31, 0, 14.74, [11388, 66076]
31, 1, 14.36, [88, 66076]
31, 2, 14.34, [66076, 56239]
31, 3, 13.68, [56240, 66076]
31, 4, 12.59, [279, 66076]
31, 5, 11.39, [70193, 70194]
31, 6, 11.31, [1063, 66076]
31, 7, 10.44, [76776, 88]
31, 8, 8.69, [80450, 56239]
31, 9, 6.7, [88, 40787]
32, 0, 14.74, [11388, 66076]
32, 1, 14.36, [88, 66076]
32, 2, 13.22, [66076, 59751]
32, 3, 10.19, [279, 70193]
32, 4, 8.81, [127089, 56239]
32, 5, 8.75, [11388, 70195]
32, 6, 8.64, [80449, 70193]
32, 7, 7.61, [88, 86]
32, 8, 7.14, [94016, 56241]
32, 9, 6.82, [1061, 14200]
33, 0, 14.74, [11388, 66076]
33, 1, 14.36, [88, 66076]
33, 2, 12.68, [66076, 124712]
33, 3, 10.75, [66076, 6376]
33, 4, 10.05, [88, 98065]
33, 5, 9.76, [11388, 56241]
33, 6, 8.24, [127089, 70194]
33, 7, 7.54, [66079, 46]
33, 8, 6.7, [126458, 87]
33, 9, 6.23, [86543, 70194]
34, 0, 14.74, [11388, 66076]
34, 1, 14.36, [88, 66076]
34, 2, 10.08, [96147, 11388]
34, 3, 9.35, [144434, 14198]
34, 4, 8.72, [11388, 1060]
34, 5, 8.34, [98063, 70196]
34, 6, 8.15, [86, 70195]
34, 7, 7.55, [86, 70365]
34, 8, 7.0, [85838, 96148]
34, 9, 6.54, [94015, 130282]
35, 0, 14.74, [11388, 66076]
35, 1, 14.36, [88, 66076]
35, 2, 12.06, [88, 70193]
35, 3, 11.0, [88, 70196]
35, 4, 10.65, [96147, 70193]
35, 5, 9.17, [1062, 70193]
35, 6, 8.5, [90, 56239]
35, 7, 8.38, [96148, 86]
35, 8, 7.93, [88, 11387]
35, 9, 7.54, [282, 285]
36, 0, 14.74, [11388, 66076]
36, 1, 14.36, [88, 66076]
36, 2, 12.98, [278, 66076]
36, 3, 12.84, [90, 66076]
36, 4, 10.74, [88, 70196]
36, 5, 10.04, [88, 70364]
36, 6, 10.01, [11387, 70193]
36, 7, 8.58, [11925, 70196]
36, 8, 5.96, [85838, 70195]
36, 9, 5.19, [150655, 100807]
37, 0, 15.16, [11388, 66076]
37, 1, 14.74, [11388, 66076]
37, 2, 14.36, [88, 66076]
37, 3, 9.97, [88, 70196]
37, 4, 9.61, [11388, 66078]
37, 5, 9.48, [286, 70196]
37, 6, 8.59, [86, 70196]
37, 7, 8.49, [85839, 66078]
37, 8, 7.95, [86, 93407]
37, 9, 7.35, [88, 126458]
38, 0, 15.16, [11388, 66076]
38, 1, 14.74, [11388, 66076]
38, 2, 12.43, [279, 66076]
38, 3, 10.41, [11388, 70194]
38, 4, 9.94, [11388, 90]
38, 5, 9.1, [66079, 144434]
38, 6, 8.83, [88, 70195]
38, 7, 7.91, [66171, 121382]
38, 8, 6.22, [94016, 124712]
38, 9, 6.13, [70199, 221360]
39, 0, 15.16, [11388, 66076]
39, 1, 14.74, [11388, 66076]
39, 2, 13.07, [11388, 70193]
39, 3, 11.67, [11925, 66076]
39, 4, 9.33, [283, 70196]
39, 5, 8.98, [11388, 70195]
39, 6, 8.49, [13042, 70194]
39, 7, 8.23, [56237, 144434]
39, 8, 8.07, [282, 66078]
39, 9, 7.23, [66078, 90]
40, 0, 15.16, [11388, 66076]
40, 1, 14.74, [11388, 66076]
40, 2, 12.4, [96148, 66076]
40, 3, 10.58, [11925, 66076]
40, 4, 9.37, [11388, 66079]
40, 5, 8.58, [73932, 1060]
40, 6, 7.19, [90, 77088]
40, 7, 6.9, [76776, 150655]
40, 8, 6.23, [90, 283]
40, 9, 6.05, [11388, 11925]
41, 0, 15.26, [11388, 66076]
41, 1, 15.16, [11388, 66076]
41, 2, 14.74, [11388, 66076]
41, 3, 12.43, [279, 66076]
41, 4, 10.35, [11388, 70194]
41, 5, 6.95, [96148, 66079]
41, 6, 6.93, [278, 14201]
41, 7, 6.16, [70198, 285]
41, 8, 6.05, [85838, 11387]
41, 9, 5.85, [11925, 93407]
42, 0, 15.26, [11388, 66076]
42, 1, 15.16, [11388, 66076]
42, 2, 12.79, [279, 66076]
42, 3, 7.59, [221360, 76776]
42, 4, 7.41, [14198, 283]
42, 5, 7.19, [93406, 70193]
42, 6, 7.08, [80449, 47392]
42, 7, 6.43, [280, 121382]
42, 8, 5.4, [284, 150655]
42, 9, 5.07, [11387, 113477]
43, 0, 15.26, [11388, 66076]
43, 1, 15.16, [11388, 66076]
43, 2, 11.51, [66076, 47500]
43, 3, 11.15, [11388, 70364]
43, 4, 9.67, [278, 11388]
43, 5, 8.61, [221360, 70193]
43, 6, 7.59, [89, 558]
43, 7, 7.04, [11388, 81178]
43, 8, 6.88, [66167, 113477]
43, 9, 6.14, [12067, 127089]
44, 0, 15.26, [11388, 66076]
44, 1, 15.16, [11388, 66076]
44, 2, 11.32, [70193, 56239]
44, 3, 9.67, [73932, 80450]
44, 4, 8.51, [98062, 56241]
44, 5, 8.46, [70197, 70193]
44, 6, 7.91, [11388, 96648]
44, 7, 6.8, [280, 14199]
44, 8, 6.29, [66170, 96147]
44, 9, 6.1, [11388, 11387]
45, 0, 15.26, [11388, 66076]
45, 1, 15.16, [11388, 66076]
45, 2, 14.11, [85839, 66076]
45, 3, 11.88, [70364, 66076]
45, 4, 10.09, [70193, 70196]
45, 5, 10.05, [11388, 66167]
45, 6, 8.75, [11388, 70195]
45, 7, 8.04, [11387, 56239]
45, 8, 7.16, [11925, 80450]
45, 9, 7.09, [124712, 127089]
46, 0, 15.26, [11388, 66076]
46, 1, 15.16, [11388, 66076]
46, 2, 13.05, [86, 66076]
46, 3, 11.61, [11387, 66076]
46, 4, 9.14, [70194, 76776]
46, 5, 8.75, [11388, 70195]
46, 6, 8.69, [11388, 70195]
46, 7, 8.15, [14201, 282]
46, 8, 7.21, [96144, 66079]
46, 9, 6.22, [73931, 94015]
47, 0, 15.26, [11388, 66076]
47, 1, 15.16, [11388, 66076]
47, 2, 13.34, [73931, 66076]
47, 3, 10.76, [93407, 66076]
47, 4, 10.06, [90, 70193]
47, 5, 6.27, [1060, 124712]
47, 6, 6.15, [12067, 96147]
47, 7, 6.09, [87, 70198]
47, 8, 6.0, [70197, 56240]
47, 9, 5.74, [221360, 96144]
48, 0, 15.26, [11388, 66076]
48, 1, 15.16, [11388, 66076]
48, 2, 12.95, [279, 66076]
48, 3, 11.64, [94015, 66076]
48, 4, 11.37, [11388, 70196]
48, 5, 9.0, [56240, 100807]
48, 6, 8.88, [91978, 76776]
48, 7, 8.36, [62858, 59751]
48, 8, 6.96, [85838, 59751]
48, 9, 5.49, [113477, 90]
49, 0, 15.26, [11388, 66076]
49, 1, 15.16, [11388, 66076]
49, 2, 14.25, [88, 66076]
49, 3, 11.17, [66169, 66076]
49, 4, 8.18, [127088, 76776]
49, 5, 7.53, [70365, 100807]
49, 6, 7.34, [66078, 96147]
49, 7, 6.7, [11925, 96144]
49, 8, 6.67, [11387, 90]
49, 9, 5.42, [1927, 62858]
50, 0, 15.26, [11388, 66076]
50, 1, 15.16, [11388, 66076]
50, 2, 11.21, [11925, 66076]
50, 3, 11.2, [11388, 70194]
50, 4, 11.02, [11388, 70196]
50, 5, 9.89, [98065, 66167]
50, 6, 9.68, [11388, 94016]
50, 7, 9.18, [46, 70196]
50, 8, 8.66, [70365, 73932]
50, 9, 7.09, [47392, 66170]
