generation number, pop_size, worst, best, median, avg, std, diversity, improvement, number_of_selections
0, 10, 2.0, 2.15, 2.0300000000000002, 2.036, 0.040792156108742296,0.9666666666666667,0,[1.e-300]
1, 10, 2.01, 2.15, 2.035, 2.0449999999999995, 0.04031128874149277,0.9777777777777777,0.0,[10.]
2, 10, 2.01, 2.15, 2.045, 2.061, 0.04657252408878014,0.9222222222222223,0.0,[20.]
3, 10, 2.03, 2.2, 2.1, 2.0970000000000004, 0.05967411499134286,0.8666666666666667,0.023255813953488497,[30.]
4, 10, 2.01, 2.2, 2.025, 2.0529999999999995, 0.06261788881781315,0.9222222222222223,0.0,[40.]
5, 10, 2.0, 2.2, 2.04, 2.0729999999999995, 0.07000714249274863,0.9111111111111111,0.0,[50.]
6, 10, 2.02, 2.2, 2.065, 2.0829999999999997, 0.06197580172938472,0.8555555555555556,0.0,[60.]
7, 10, 2.02, 2.2, 2.0549999999999997, 2.0860000000000003, 0.06390618123468186,0.9,0.0,[70.]
8, 10, 2.01, 2.2, 2.07, 2.085, 0.06004165220911235,0.8111111111111111,0.0,[80.]
9, 10, 2.01, 2.2, 2.05, 2.072, 0.06209669878504018,0.9444444444444444,0.0,[90.]
10, 10, 2.0, 2.2, 2.02, 2.0669999999999997, 0.07457211275000868,0.8777777777777778,0.0,[100.]
