n_nodes,influence,n0,n1,n2,n3,n4,n5,n6,n7,n8,n9,n10,n11,n12,n13,n14,n15,n16
17,380.0800,52481,18274,38979,388,4860,74796,6605,15726,3226,9458,63539,64660,11606,68054,51100,64285,62909
17,380.0800,52481,18274,38979,388,4860,74796,6605,15726,3226,9458,63539,64660,11606,68054,51100,64285,62909
17,380.0800,52481,18274,38979,388,4860,74796,6605,15726,3226,9458,63539,64660,11606,68054,51100,64285,62909
17,380.0800,52481,18274,38979,388,4860,74796,6605,15726,3226,9458,63539,64660,11606,68054,51100,64285,62909
17,380.0800,52481,18274,38979,388,4860,74796,6605,15726,3226,9458,63539,64660,11606,68054,51100,64285,62909
17,379.2000,52481,18274,38979,388,4860,74796,6605,15726,3226,9458,63539,64660,11606,68054,51100,64285,62909
17,379.2000,52481,18274,38979,388,4860,74796,6605,15726,3226,9458,63539,64660,11606,68054,51100,64285,62909
17,372.5800,52481,18274,38979,388,51100,74796,6605,15726,9458,63539,65147,11606,68054,3226,4860,64285,62909
17,372.5800,52481,18274,38979,388,51100,74796,6605,15726,9458,63539,65147,11606,68054,3226,4860,64285,62909
17,372.1100,52481,18274,38979,388,51100,74796,6605,596,9458,63539,64660,11606,68054,3226,4860,64285,62909
17,369.7300,52481,18274,38979,388,4860,74796,6605,15726,3226,9458,63539,64660,11606,68054,51100,64285,62909
17,368.8300,52481,18766,38979,388,4860,74796,6605,15726,9458,63539,48787,11606,68054,3226,51100,64285,62909
17,365.5200,52481,18274,38979,388,4860,74796,6605,15726,3226,9458,63539,64660,11606,68054,51100,64285,62909
17,364.5300,52481,18274,38979,388,4860,74796,6605,15726,3226,9458,63539,64660,11606,68054,51100,64285,62909
17,364.4300,52481,18274,38979,388,4860,74796,6605,15726,3226,9458,63539,64660,11606,68054,51100,64285,62909
17,362.1000,52481,18274,38979,388,4860,74796,6605,15726,3226,9458,63539,64660,11606,68054,51100,64285,62909
