generation number, individual number, fitness, candidate
0, 0, 14.47, [66167, 87, 33297]
0, 1, 13.26, [56237, 80661, 89]
0, 2, 12.0, [70638, 66166, 118602]
0, 3, 10.57, [150015, 80450, 71858]
0, 4, 9.31, [150653, 127089, 1063]
0, 5, 8.46, [98062, 134361, 67332]
0, 6, 8.16, [1060, 12067, 77358]
0, 7, 7.64, [283, 11935, 12067]
0, 8, 7.33, [11926, 281, 56237]
0, 9, 6.0, [95674, 113172, 73700]
1, 0, 15.48, [66167, 80661, 33297]
1, 1, 15.24, [100141, 284, 33297]
1, 2, 14.52, [70638, 62858, 89]
1, 3, 14.47, [66167, 87, 33297]
1, 4, 13.26, [56237, 80661, 89]
1, 5, 12.79, [70638, 66166, 33298]
1, 6, 12.3, [56237, 100140, 118602]
1, 7, 11.89, [56240, 100141, 11935]
1, 8, 10.9, [134361, 87, 148118]
1, 9, 10.84, [66167, 46, 113171]
2, 0, 15.61, [11388, 67332, 65899]
2, 1, 15.48, [66167, 80661, 33297]
2, 2, 15.31, [70638, 56240, 33297]
2, 3, 15.24, [100141, 284, 33297]
2, 4, 14.78, [56240, 80661, 89]
2, 5, 14.65, [150652, 56239, 33297]
2, 6, 14.48, [70638, 56239, 89]
2, 7, 14.32, [100141, 286, 65897]
2, 8, 12.88, [65899, 134361, 123524]
2, 9, 11.06, [87, 284, 279]
2, 10, 7.11, [113171, 284, 67331]
3, 0, 18.45, [11388, 56240, 33297]
3, 1, 17.69, [88, 56240, 65899]
3, 2, 16.63, [56240, 80661, 65899]
3, 3, 16.47, [91277, 56240, 65899]
3, 4, 15.61, [11388, 67332, 65899]
3, 5, 15.48, [66167, 80661, 33297]
3, 6, 14.73, [66167, 56240, 65899]
3, 7, 13.74, [11388, 1060, 150654]
3, 8, 13.45, [11926, 80661, 33297]
3, 9, 12.89, [11388, 67332, 33298]
3, 10, 11.85, [100141, 284, 65900]
4, 0, 18.45, [11388, 56240, 33297]
4, 1, 17.69, [88, 56240, 65899]
4, 2, 17.14, [11388, 56237, 65899]
4, 3, 15.33, [278, 56240, 33297]
4, 4, 14.97, [66169, 80661, 33297]
4, 5, 14.84, [88, 56240, 33298]
4, 6, 14.29, [11388, 56240, 66169]
4, 7, 13.91, [91277, 31634, 33297]
4, 8, 13.43, [11388, 56240, 70639]
4, 9, 12.92, [11388, 56240, 70639]
4, 10, 11.32, [80450, 56240, 6376]
5, 0, 19.71, [11388, 56240, 33297]
5, 1, 18.45, [11388, 56240, 33297]
5, 2, 17.94, [11388, 66169, 65899]
5, 3, 17.69, [88, 56240, 65899]
5, 4, 17.14, [11388, 62858, 33297]
5, 5, 16.92, [11388, 66170, 65899]
5, 6, 16.51, [11388, 66170, 65899]
5, 7, 16.45, [80450, 56240, 65899]
5, 8, 16.24, [88, 100140, 33297]
5, 9, 15.87, [87, 56240, 33297]
5, 10, 15.01, [127089, 56237, 33297]
6, 0, 19.71, [11388, 56240, 33297]
6, 1, 18.45, [11388, 56240, 33297]
6, 2, 18.1, [11388, 62858, 33297]
6, 3, 17.79, [11388, 80450, 33297]
6, 4, 16.54, [282, 56240, 65899]
6, 5, 16.02, [11388, 56240, 33298]
6, 6, 15.37, [88, 66169, 33297]
6, 7, 14.13, [11926, 56240, 65899]
6, 8, 13.88, [100140, 56240, 33298]
6, 9, 13.2, [56241, 56240, 11387]
6, 10, 13.17, [88, 56240, 33299]
7, 0, 19.71, [11388, 56240, 33297]
7, 1, 18.45, [11388, 56240, 33297]
7, 2, 18.09, [11388, 65899, 66059]
7, 3, 17.35, [11388, 278, 33297]
7, 4, 14.59, [11925, 46, 33297]
7, 5, 13.93, [11388, 150652, 56237]
7, 6, 13.14, [113171, 11387, 86]
7, 7, 13.14, [11926, 62858, 33297]
7, 8, 11.12, [144436, 118606, 65899]
7, 9, 9.42, [100807, 56240, 823]
7, 10, 8.88, [113173, 56237, 149059]
8, 0, 19.71, [11388, 56240, 33297]
8, 1, 18.45, [11388, 56240, 33297]
8, 2, 17.63, [89, 56240, 33297]
8, 3, 15.3, [11388, 11387, 33297]
8, 4, 15.3, [11388, 73703, 150654]
8, 5, 12.93, [150015, 66170, 33297]
8, 6, 12.29, [33298, 56237, 33297]
8, 7, 10.17, [66059, 56240, 113172]
8, 8, 9.79, [1061, 56240, 66169]
8, 9, 9.49, [91276, 56239, 12067]
8, 10, 9.17, [11935, 56240, 33299]
9, 0, 19.71, [11388, 56240, 33297]
9, 1, 18.45, [11388, 56240, 33297]
9, 2, 16.51, [100141, 56239, 33297]
9, 3, 16.31, [11387, 66059, 33297]
9, 4, 15.73, [11388, 66170, 33297]
9, 5, 13.56, [286, 33300, 65899]
9, 6, 13.41, [11925, 11387, 33297]
9, 7, 13.04, [1063, 12067, 33297]
9, 8, 11.38, [80662, 62858, 46]
9, 9, 11.24, [65897, 56240, 14223]
9, 10, 10.81, [156909, 66169, 46]
9, 11, 10.44, [91276, 95674, 65899]
10, 0, 19.71, [11388, 56240, 33297]
10, 1, 18.45, [11388, 56240, 33297]
10, 2, 18.11, [11387, 56240, 33297]
10, 3, 18.06, [100141, 56240, 65899]
10, 4, 16.66, [66169, 88, 65899]
10, 5, 15.26, [33296, 56240, 118602]
10, 6, 14.4, [11926, 80656, 33297]
10, 7, 12.79, [11388, 66170, 33300]
10, 8, 11.1, [100141, 56239, 56241]
10, 9, 9.72, [11925, 113171, 150015]
10, 10, 9.42, [11925, 71858, 87]
10, 11, 9.04, [12067, 56240, 10375]
10, 12, 7.11, [11925, 821, 144436]
