generation number, pop_size, worst, best, median, avg, std, diversity, improvement, number_of_selections
0, 10, 2.0, 2.11, 2.02, 2.0300000000000002, 0.03255764119219937,1.0,0,[1.e-300]
1, 10, 2.03, 2.11, 2.05, 2.0540000000000003, 0.02289104628451923,0.9555555555555556,0.0,[1.e-300]
2, 10, 2.01, 2.11, 2.0599999999999996, 2.0589999999999997, 0.025865034312755133,0.9333333333333333,0.0,[1.e-300]
3, 10, 2.02, 2.11, 2.05, 2.053, 0.029681644159311654,0.8444444444444444,0.0,[1.e-300]
4, 10, 2.02, 2.11, 2.0549999999999997, 2.0549999999999997, 0.029410882339705485,0.9111111111111111,0.0,[1.e-300]
5, 10, 2.03, 2.14, 2.085, 2.083, 0.040012498047485176,0.9,0.014218009478673105,[1.e-300]
6, 10, 2.04, 2.14, 2.08, 2.085, 0.037483329627982676,0.9111111111111111,0.0,[1.e-300]
7, 10, 2.01, 2.14, 2.035, 2.066, 0.04923413450036479,0.9333333333333333,0.0,[1.e-300]
8, 10, 2.04, 2.14, 2.075, 2.082, 0.03218695387886222,0.9444444444444444,0.0,[1.e-300]
9, 10, 2.02, 2.14, 2.04, 2.058, 0.0444522215417858,0.9777777777777777,0.0,[1.e-300]
10, 10, 2.03, 2.14, 2.08, 2.088, 0.03969886648255851,0.8777777777777778,0.0,[1.e-300]
