generation number, individual number, fitness, candidate
0, 0, 3.04, [558, 4602, 2765]
0, 1, 3.04, [2574, 3135, 91]
0, 2, 3.04, [76, 622, 3135]
0, 3, 3.04, [291, 2597, 2532]
0, 4, 3.03, [154, 2065, 296]
0, 5, 3.03, [1086, 102, 2712]
0, 6, 3.02, [558, 149, 266]
0, 7, 3.02, [534, 102, 191]
0, 8, 3.01, [300, 76, 301]
0, 9, 3.01, [622, 220, 244]
1, 0, 3.1, [77, 265, 2513]
1, 1, 3.06, [291, 77, 2527]
1, 2, 3.04, [250, 615, 3135]
1, 3, 3.04, [291, 622, 2711]
1, 4, 3.04, [616, 149, 2595]
1, 5, 3.04, [558, 4602, 2765]
1, 6, 3.04, [2574, 3135, 91]
1, 7, 3.03, [2574, 3135, 2770]
1, 8, 3.03, [264, 209, 2532]
1, 9, 3.03, [76, 1811, 3135]
2, 0, 3.14, [2764, 265, 2513]
2, 1, 3.12, [541, 1811, 2513]
2, 2, 3.1, [77, 265, 2513]
2, 3, 3.08, [269, 77, 2513]
2, 4, 3.08, [1095, 2770, 2513]
2, 5, 3.08, [77, 265, 2770]
2, 6, 3.07, [77, 609, 2527]
2, 7, 3.07, [558, 4602, 2512]
2, 8, 3.06, [291, 77, 2527]
2, 9, 3.03, [274, 2595, 2515]
3, 0, 3.14, [2764, 265, 2513]
3, 1, 3.12, [2764, 2711, 2513]
3, 2, 3.12, [541, 1811, 2513]
3, 3, 3.09, [2514, 103, 3334]
3, 4, 3.08, [2764, 1811, 2513]
3, 5, 3.07, [541, 609, 2513]
3, 6, 3.07, [2767, 1811, 2513]
3, 7, 3.06, [3135, 265, 2513]
3, 8, 3.05, [300, 159, 256]
3, 9, 3.04, [541, 2065, 2512]
4, 0, 3.15, [2764, 1811, 2512]
4, 1, 3.14, [2764, 265, 2513]
4, 2, 3.12, [2764, 2711, 2513]
4, 3, 3.11, [541, 265, 295]
4, 4, 3.08, [2599, 103, 2513]
4, 5, 3.07, [2764, 2065, 2513]
4, 6, 3.07, [2764, 265, 220]
4, 7, 3.05, [2764, 558, 2513]
4, 8, 3.03, [76, 2767, 1087]
4, 9, 3.03, [2764, 2532, 343]
5, 0, 3.15, [2764, 1811, 2512]
5, 1, 3.14, [2764, 265, 2513]
5, 2, 3.1, [2764, 1811, 295]
5, 3, 3.1, [2764, 81, 2512]
5, 4, 3.08, [2596, 265, 2512]
5, 5, 3.08, [2764, 265, 104]
5, 6, 3.07, [2764, 2711, 2513]
5, 7, 3.06, [2764, 609, 2512]
5, 8, 3.05, [874, 265, 2512]
5, 9, 3.05, [2764, 1811, 2512]
6, 0, 3.15, [2764, 1811, 2512]
6, 1, 3.14, [2764, 265, 2513]
6, 2, 3.11, [2764, 2514, 2512]
6, 3, 3.09, [1086, 1811, 2512]
6, 4, 3.09, [2764, 2712, 2513]
6, 5, 3.07, [280, 2532, 874]
6, 6, 3.05, [2764, 609, 2512]
6, 7, 3.04, [2764, 81, 291]
6, 8, 3.04, [2764, 265, 343]
6, 9, 3.02, [2764, 81, 2065]
7, 0, 3.15, [2764, 1811, 2512]
7, 1, 3.14, [2764, 265, 2513]
7, 2, 3.12, [2764, 1811, 2512]
7, 3, 3.1, [303, 609, 2512]
7, 4, 3.09, [2767, 265, 2512]
7, 5, 3.09, [2530, 1811, 2596]
7, 6, 3.09, [261, 2764, 2512]
7, 7, 3.08, [2764, 2514, 295]
7, 8, 3.08, [2764, 609, 2512]
7, 9, 3.05, [335, 265, 380]
8, 0, 3.15, [2764, 1811, 295]
8, 1, 3.15, [2764, 1811, 2512]
8, 2, 3.14, [2764, 265, 2513]
8, 3, 3.11, [2764, 609, 2512]
8, 4, 3.11, [2764, 2712, 2512]
8, 5, 3.1, [2767, 1811, 2513]
8, 6, 3.09, [301, 1811, 2513]
8, 7, 3.08, [874, 265, 2512]
8, 8, 3.08, [2764, 1811, 622]
8, 9, 3.07, [2764, 541, 2513]
9, 0, 3.15, [2764, 1811, 295]
9, 1, 3.15, [2764, 1811, 2512]
9, 2, 3.12, [2767, 1811, 295]
9, 3, 3.09, [2770, 226, 295]
9, 4, 3.09, [81, 1811, 2513]
9, 5, 3.08, [2764, 103, 2512]
9, 6, 3.07, [558, 226, 2512]
9, 7, 3.06, [2764, 265, 343]
9, 8, 3.05, [558, 159, 2512]
9, 9, 3.05, [2764, 1087, 303]
10, 0, 3.15, [2764, 1811, 295]
10, 1, 3.15, [2764, 1811, 2512]
10, 2, 3.14, [2156, 1811, 2512]
10, 3, 3.14, [2596, 1811, 295]
10, 4, 3.11, [2764, 1811, 250]
10, 5, 3.08, [2764, 226, 277]
10, 6, 3.08, [2596, 1811, 98]
10, 7, 3.08, [2595, 2711, 2762]
10, 8, 3.07, [2764, 1811, 2514]
10, 9, 3.07, [240, 1811, 259]
