generation number, pop_size, worst, best, median, avg, std, diversity, improvement, number_of_selections
0, 10, 4.8, 25.08, 9.719999999999999, 12.242999999999999, 6.262280814527562,0.9851851851851852,0,[1.e-300]
1, 10, 12.24, 25.08, 18.795, 18.680000000000003, 4.606326084853308,0.8518518518518519,0.0,[1.e-300]
2, 10, 14.59, 28.25, 22.61, 21.249000000000002, 4.4114520285275685,0.6962962962962963,0.1263955342902712,[1.e-300]
3, 10, 11.0, 32.35, 17.29, 18.853, 7.033181428059424,0.7777777777777778,0.1451327433628319,[1.e-300]
4, 10, 14.22, 32.35, 25.990000000000002, 24.91, 5.287029411682897,0.6666666666666666,0.0,[1.e-300]
5, 10, 12.27, 32.35, 16.135, 19.391000000000002, 7.060044546601672,0.8444444444444444,0.0,[1.e-300]
6, 10, 11.03, 32.35, 16.73, 19.363999999999997, 7.12393177957229,0.8148148148148149,0.0,[1.e-300]
7, 10, 17.76, 32.35, 21.98, 23.693999999999996, 4.74470694563953,0.6888888888888889,0.0,[1.e-300]
8, 10, 11.67, 32.35, 23.259999999999998, 20.631, 7.517512154961906,0.8,0.0,[1.e-300]
9, 10, 16.98, 32.35, 21.53, 23.469, 4.887059340748791,0.7037037037037037,0.0,[1.e-300]
10, 10, 11.78, 32.35, 21.535, 21.982000000000003, 7.79443750375869,0.8074074074074075,0.0,[1.e-300]
