generation number, individual number, fitness, candidate
0, 0, 12.19, [77, 229]
0, 1, 12.04, [1825, 3752]
0, 2, 11.8, [3100, 2229]
0, 3, 11.68, [3746, 1831]
0, 4, 10.45, [101, 3752]
0, 5, 10.29, [72, 2156]
0, 6, 9.9, [3100, 229]
0, 7, 9.3, [1829, 284]
0, 8, 8.63, [1829, 3744]
0, 9, 7.26, [3741, 3746]
1, 0, 13.06, [77, 1829]
1, 1, 12.19, [77, 229]
1, 2, 12.04, [1825, 3752]
1, 3, 11.66, [159, 3752]
1, 4, 11.19, [159, 2229]
1, 5, 11.02, [1825, 702]
1, 6, 10.92, [1825, 702]
1, 7, 10.55, [3100, 702]
1, 8, 10.33, [275, 3752]
1, 9, 9.42, [1825, 1829]
2, 0, 14.36, [77, 1825]
2, 1, 13.06, [77, 1829]
2, 2, 12.19, [77, 229]
2, 3, 10.66, [77, 3750]
2, 4, 10.57, [3100, 3752]
2, 5, 9.4, [282, 1987]
2, 6, 8.57, [3750, 72]
2, 7, 8.21, [282, 77]
2, 8, 7.08, [263, 3752]
2, 9, 6.52, [263, 2156]
3, 0, 14.36, [77, 1825]
3, 1, 14.05, [2229, 77]
3, 2, 13.06, [77, 2156]
3, 3, 13.06, [77, 1829]
3, 4, 11.87, [693, 3736]
3, 5, 11.82, [77, 702]
3, 6, 11.4, [72, 282]
3, 7, 10.48, [282, 3754]
3, 8, 10.21, [3736, 3750]
3, 9, 9.31, [689, 2463]
4, 0, 14.36, [77, 1825]
4, 1, 14.05, [2229, 77]
4, 2, 13.32, [77, 3742]
4, 3, 11.43, [279, 77]
4, 4, 10.54, [2229, 3756]
4, 5, 10.15, [3752, 3100]
4, 6, 9.77, [3741, 284]
4, 7, 9.48, [2156, 1829]
4, 8, 9.33, [1831, 3759]
4, 9, 9.06, [2229, 4130]
5, 0, 14.36, [77, 1825]
5, 1, 14.05, [2229, 77]
5, 2, 11.55, [77, 24]
5, 3, 11.41, [101, 1825]
5, 4, 11.03, [77, 269]
5, 5, 10.12, [1829, 3105]
5, 6, 10.09, [2463, 1825]
5, 7, 10.03, [3742, 1830]
5, 8, 8.91, [2229, 3761]
5, 9, 8.69, [275, 3741]
6, 0, 14.36, [77, 1825]
6, 1, 14.05, [2229, 77]
6, 2, 13.77, [2229, 77]
6, 3, 13.34, [3742, 1825]
6, 4, 12.85, [77, 689]
6, 5, 11.75, [702, 3736]
6, 6, 11.64, [72, 1825]
6, 7, 11.42, [72, 3736]
6, 8, 11.32, [3736, 24]
6, 9, 9.33, [282, 4130]
7, 0, 14.36, [77, 1825]
7, 1, 14.05, [2229, 77]
7, 2, 11.84, [3742, 1831]
7, 3, 11.11, [3749, 77]
7, 4, 9.58, [275, 3742]
7, 5, 9.52, [3100, 1833]
7, 6, 8.92, [3742, 279]
7, 7, 8.66, [3741, 101]
7, 8, 8.51, [3736, 3740]
7, 9, 8.32, [2229, 1833]
8, 0, 14.36, [77, 1825]
8, 1, 14.05, [2229, 77]
8, 2, 12.77, [77, 3746]
8, 3, 12.37, [159, 1831]
8, 4, 9.55, [24, 284]
8, 5, 8.68, [3750, 3105]
8, 6, 8.56, [3752, 3739]
8, 7, 7.74, [263, 1825]
8, 8, 7.59, [2229, 1828]
8, 9, 7.09, [2463, 1829]
9, 0, 14.36, [77, 1825]
9, 1, 14.32, [77, 1825]
9, 2, 14.05, [2229, 77]
9, 3, 11.57, [77, 287]
9, 4, 11.54, [1825, 3746]
9, 5, 11.5, [77, 24]
9, 6, 11.4, [24, 77]
9, 7, 10.46, [72, 284]
9, 8, 10.44, [1987, 77]
9, 9, 9.91, [3100, 689]
10, 0, 14.36, [77, 1825]
10, 1, 14.32, [77, 1825]
10, 2, 11.7, [3736, 3752]
10, 3, 11.24, [2229, 3744]
10, 4, 10.19, [3397, 3100]
10, 5, 9.49, [689, 3746]
10, 6, 9.47, [2156, 1829]
10, 7, 9.34, [3750, 159]
10, 8, 9.11, [181, 3755]
10, 9, 7.73, [3741, 3749]
