generation number, individual number, fitness, candidate
0, 0, 2.04, [2598, 1315]
0, 1, 2.04, [1092, 3397]
0, 2, 2.03, [287, 282]
0, 3, 2.02, [1006, 101]
0, 4, 2.02, [702, 693]
0, 5, 2.01, [1588, 3102]
0, 6, 2.01, [291, 702]
0, 7, 2.01, [1040, 2400]
0, 8, 2.0, [1006, 3735]
0, 9, 2.0, [263, 1006]
1, 0, 2.06, [1040, 1315]
1, 1, 2.05, [2156, 3397]
1, 2, 2.04, [2598, 1315]
1, 3, 2.04, [1092, 3397]
1, 4, 2.03, [702, 352]
1, 5, 2.03, [1092, 72]
1, 6, 2.03, [1040, 271]
1, 7, 2.02, [2598, 2260]
1, 8, 2.01, [1092, 352]
1, 9, 2.01, [1006, 2260]
2, 0, 2.11, [1322, 3749]
2, 1, 2.11, [3743, 352]
2, 2, 2.06, [2229, 3397]
2, 3, 2.06, [1040, 1315]
2, 4, 2.05, [1830, 284]
2, 5, 2.05, [2156, 3397]
2, 6, 2.04, [229, 3100]
2, 7, 2.03, [2400, 3397]
2, 8, 2.02, [2400, 3397]
2, 9, 2.02, [1826, 4184]
3, 0, 2.19, [3742, 3749]
3, 1, 2.11, [1322, 3749]
3, 2, 2.11, [3743, 352]
3, 3, 2.09, [689, 3749]
3, 4, 2.08, [3733, 77]
3, 5, 2.07, [2229, 285]
3, 6, 2.07, [3750, 3749]
3, 7, 2.03, [2490, 1826]
3, 8, 2.03, [2490, 4128]
3, 9, 2.02, [1315, 359]
4, 0, 2.19, [3742, 3749]
4, 1, 2.17, [3742, 3100]
4, 2, 2.14, [689, 3741]
4, 3, 2.14, [4128, 3749]
4, 4, 2.11, [1322, 3749]
4, 5, 2.1, [3742, 3740]
4, 6, 2.1, [293, 3749]
4, 7, 2.02, [2464, 3105]
4, 8, 2.02, [1826, 4128]
4, 9, 2.01, [1321, 4108]
5, 0, 2.2, [4128, 689]
5, 1, 2.19, [4128, 3752]
5, 2, 2.19, [3742, 3749]
5, 3, 2.18, [181, 3752]
5, 4, 2.17, [3742, 3100]
5, 5, 2.12, [3742, 689]
5, 6, 2.09, [689, 3749]
5, 7, 2.04, [285, 3741]
5, 8, 2.03, [4129, 1541]
5, 9, 2.02, [2156, 1321]
6, 0, 2.2, [4128, 689]
6, 1, 2.19, [4128, 3752]
6, 2, 2.18, [1825, 3752]
6, 3, 2.16, [3105, 3100]
6, 4, 2.13, [4128, 3743]
6, 5, 2.12, [3739, 3741]
6, 6, 2.09, [1834, 689]
6, 7, 2.08, [181, 3759]
6, 8, 2.06, [284, 4129]
6, 9, 2.04, [1092, 3760]
7, 0, 2.2, [4128, 689]
7, 1, 2.19, [4128, 3752]
7, 2, 2.15, [1833, 3752]
7, 3, 2.14, [1826, 689]
7, 4, 2.14, [4128, 3755]
7, 5, 2.12, [3743, 295]
7, 6, 2.11, [4184, 3752]
7, 7, 2.09, [4131, 3752]
7, 8, 2.01, [271, 33]
7, 9, 2.01, [3397, 284]
8, 0, 2.2, [4128, 689]
8, 1, 2.19, [4128, 3752]
8, 2, 2.14, [4128, 3750]
8, 3, 2.14, [4128, 3743]
8, 4, 2.1, [1825, 3755]
8, 5, 2.1, [77, 689]
8, 6, 2.1, [3100, 269]
8, 7, 2.08, [1828, 3100]
8, 8, 2.05, [3100, 4301]
8, 9, 2.04, [291, 1987]
9, 0, 2.2, [4128, 689]
9, 1, 2.19, [4128, 3752]
9, 2, 2.16, [3105, 3752]
9, 3, 2.16, [77, 3744]
9, 4, 2.09, [4131, 3743]
9, 5, 2.07, [2464, 3750]
9, 6, 2.05, [4794, 3752]
9, 7, 2.04, [77, 3743]
9, 8, 2.04, [4794, 1831]
9, 9, 2.03, [4301, 4131]
10, 0, 2.2, [4128, 689]
10, 1, 2.19, [4128, 3752]
10, 2, 2.18, [3753, 3752]
10, 3, 2.16, [4131, 689]
10, 4, 2.12, [4128, 3747]
10, 5, 2.1, [1040, 3753]
10, 6, 2.09, [279, 689]
10, 7, 2.07, [4131, 3744]
10, 8, 2.06, [77, 3743]
10, 9, 2.06, [4128, 1588]
