num_genrations,diversity,improvement,best_fitness
0,0.9997737373737374,0,188.4
1,0.9183313131313131,0.013906581740976668,191.02
2,0.6041212121212123,0.03439430426133385,197.59
3,0.5682626262626262,0.030112859962548654,203.54
4,0.5699474747474746,0.08435688316792776,220.71
5,0.47650909090909077,0.02745684382221015,226.77
6,0.16800404040404038,0.026017550822419088,232.67
7,0.12941818181818154,0.0026647182705119036,233.29
8,0.09638383838383835,0.015517167473959469,236.91
9,0.13098585858585854,0.014224811109704126,240.28
10,0.14703838383838386,0.01643915431996,244.23
11,0.0967636363636365,0.0067968718011710135,245.89
12,0.0891474747474742,0.011021188336247949,248.6
13,0.04402828282828308,0.003861625100563186,249.56
14,0.02686464646464659,0.007653470107388991,251.47
15,0.02790707070707077,0.0,251.47
16,0.03269494949494922,0.0,251.47
17,0.014658585858585593,0.0,251.47
18,0.0024000000000000687,0.002704099892631355,252.15
19,0.004387878787878496,0.0,252.15
20,0.0023999999999999577,0.00813008130081294,254.2
21,0.006751515151514953,0.0,254.2
22,0.009955555555555162,0.0,254.2
23,0.005066666666666553,0.0,254.2
24,0.003915151515151316,0.0,254.2
25,0.0023999999999999577,0.0,254.2
26,0.0028000000000000247,0.0,254.2
27,0.0019999999999995577,0.0,254.2
28,0.001600000000000379,0.001376868607395841,254.55
29,0.0019999999999997797,0.0,254.55
30,0.003579797979797794,3.928501276759342e-05,254.56
31,0.004573737373737119,0.0002749842866121668,254.63
32,0.010509090909091023,0.0,254.63
33,0.007818181818181835,0.005458901150689182,256.02
34,0.0043999999999997375,0.0,256.02
35,0.002795959595959796,0.0,256.02
36,0.0011999999999998678,0.0,256.02
37,0.0015959595959600392,0.007538473556753406,257.95
38,0.00319595959595953,0.0,257.95
39,0.001600000000000379,0.0,257.95
40,0.0011999999999997568,0.0,257.95
41,0.0023999999999999577,0.0,257.95
42,0.002795959595959463,0.0,257.95
43,0.0023999999999999577,0.0,257.95
44,0.0027757575757576536,0.0,257.95
45,0.0031999999999997586,0.0,257.95
46,0.0019919191919187673,0.0,257.95
47,0.0019999999999995577,0.0,257.95
48,0.0028000000000000247,0.0,257.95
49,0.0008000000000000229,0.0,257.95
50,0.004395959595959176,0.0,257.95
51,0.0036000000000001586,0.0,257.95
52,0.003195959595959419,0.0,257.95
53,0.0036000000000001586,0.0,257.95
54,0.003595959595959597,0.0,257.95
55,0.00319595959595953,0.0,257.95
56,0.003567676767676775,0.0,257.95
57,0.001600000000000379,0.0,257.95
58,0.001600000000000379,0.0,257.95
59,0.0039999999999997815,0.0,257.95
60,0.0019999999999997797,0.0,257.95
61,0.0007999999999998009,0.0,257.95
62,0.0015999999999999348,0.0,257.95
63,0.003195959595959308,0.0,257.95
64,0.0023999999999999577,0.0020546617561544083,258.48
65,0.0008000000000000229,0.0,258.48
66,0.0016000000000002679,0.0,258.48
67,0.0011919191919190775,0.0,258.48
68,0.0019999999999995577,0.0,258.48
69,0.0035999999999998256,0.0,258.48
70,0.001995959595959107,0.0,258.48
71,0.0015919191919195885,0.0,258.48
72,0.003595959595959597,0.0,258.48
73,0.0043999999999998485,0.0,258.48
74,0.004799999999999804,0.0,258.48
75,0.005111111111111177,0.0,258.48
76,0.0019919191919187673,0.0,258.48
77,0.003567676767676775,0.0,258.48
78,0.0031515151515151274,0.0,258.48
79,0.0008000000000000229,0.0,258.48
80,0.001995959595959218,0.0,258.48
81,0.0024000000000000687,0.0,258.48
82,0.0011999999999998678,0.0,258.48
83,0.004387878787878385,0.0,258.48
84,0.0023919191919190563,0.0,258.48
85,0.003595959595959486,0.0,258.48
86,0.0007999999999998009,0.0,258.48
87,0.0019999999999995577,0.0,258.48
88,0.0031999999999999806,0.0,258.48
89,0.003579797979797905,0.0,258.48
90,0.003579797979797905,0.0,258.48
91,0.001600000000000379,0.0,258.48
92,0.0023999999999999577,0.0,258.48
93,0.003983838383838534,0.0,258.48
94,0.0019919191919188783,0.0,258.48
95,0.0027919191919193453,0.0,258.48
96,0.003183838383838511,0.0,258.48
97,0.003191919191918746,0.0,258.48
98,0.0023919191919190563,0.0,258.48
99,0.0019999999999997797,0.0,258.48
100,0.0019999999999995577,0.0,258.48
