num_genrations,diversity,improvement,best_fitness
0,0.9955882352941177,0,37.63
1,0.7553921568627451,0.1097528567632207,41.76
2,0.7387254901960785,0.1273946360153257,47.08
3,0.7308823529411765,0.10981308411214957,52.25
4,0.37401960784313726,0.0,52.25
5,0.29460784313725485,0.017607655502392378,53.17
6,0.07009803921568603,0.017491066390821885,54.1
7,0.052450980392156676,0.046025878003696896,56.59
8,0.09852941176470575,0.003004064322318335,56.76
9,0.04999999999999982,0.09513742071881605,62.16
10,0.044607843137254966,0.0,62.16
