generation number, individual number, fitness, candidate
0, 0, 16.19, [11388, 33298, 70638]
0, 1, 10.67, [150015, 12067, 91277]
0, 2, 10.45, [73703, 65900, 285]
0, 3, 9.78, [14223, 221360, 33298]
0, 4, 9.74, [113172, 279, 56240]
0, 5, 9.62, [282, 1060, 56240]
0, 6, 8.52, [1062, 1061, 73700]
0, 7, 7.0, [71858, 144436, 12067]
0, 8, 5.5, [11935, 66171, 127088]
0, 9, 5.41, [149059, 70639, 95674]
1, 0, 16.81, [11388, 56240, 70638]
1, 1, 16.19, [11388, 33298, 70638]
1, 2, 16.11, [11388, 33298, 65901]
1, 3, 15.15, [11388, 33298, 283]
1, 4, 12.4, [73703, 33300, 70638]
1, 5, 12.14, [65901, 11387, 66170]
1, 6, 11.39, [73703, 33300, 91277]
1, 7, 10.78, [100807, 33298, 144434]
1, 8, 10.67, [150015, 12067, 91277]
1, 9, 10.48, [150015, 12067, 282]
2, 0, 18.74, [11388, 100141, 33297]
2, 1, 16.81, [11388, 56240, 70638]
2, 2, 16.19, [11388, 33298, 70638]
2, 3, 15.39, [11387, 33298, 70638]
2, 4, 15.3, [11388, 33298, 65901]
2, 5, 14.12, [11388, 56240, 77358]
2, 6, 13.21, [11388, 286, 90]
2, 7, 12.13, [12067, 56240, 65901]
2, 8, 12.11, [11926, 33298, 70638]
2, 9, 11.83, [280, 33298, 286]
3, 0, 18.74, [11388, 100141, 33297]
3, 1, 17.21, [46, 100141, 33297]
3, 2, 16.81, [11388, 56240, 70638]
3, 3, 16.48, [11388, 100141, 91277]
3, 4, 15.51, [11388, 56237, 70638]
3, 5, 15.3, [11387, 113173, 33297]
3, 6, 15.27, [11388, 33298, 65899]
3, 7, 14.19, [11926, 56240, 33297]
3, 8, 14.02, [11388, 33298, 77358]
3, 9, 12.57, [1062, 100141, 70638]
4, 0, 18.74, [11388, 100141, 33297]
4, 1, 18.5, [11388, 73703, 65899]
4, 2, 17.21, [46, 100141, 33297]
4, 3, 16.78, [46, 100141, 65899]
4, 4, 15.16, [148118, 98062, 33297]
4, 5, 14.42, [66166, 100141, 33297]
4, 6, 14.37, [11388, 113171, 31634]
4, 7, 13.5, [46, 100141, 148118]
4, 8, 12.86, [66166, 113171, 33297]
4, 9, 11.84, [46, 278, 56240]
5, 0, 18.74, [11388, 100141, 33297]
5, 1, 18.5, [11388, 73703, 65899]
5, 2, 17.42, [11388, 113173, 65899]
5, 3, 15.99, [11388, 86, 33298]
5, 4, 15.32, [12067, 100141, 65899]
5, 5, 13.9, [12067, 73703, 33297]
5, 6, 13.52, [11388, 98062, 33299]
5, 7, 12.48, [46, 73703, 150015]
5, 8, 11.74, [46, 113172, 33297]
5, 9, 10.58, [11926, 98065, 118602]
6, 0, 18.74, [11388, 100141, 33297]
6, 1, 18.5, [11388, 73703, 65899]
6, 2, 16.94, [11388, 73703, 89]
6, 3, 15.72, [11925, 100141, 65899]
6, 4, 15.28, [12067, 100141, 33297]
6, 5, 14.7, [11388, 66059, 33298]
6, 6, 13.72, [11926, 73703, 33297]
6, 7, 12.98, [11388, 86, 70639]
6, 8, 12.84, [11388, 821, 282]
6, 9, 11.64, [150654, 113173, 11387]
7, 0, 18.74, [11388, 100141, 33297]
7, 1, 18.5, [11388, 73703, 65899]
7, 2, 17.72, [11387, 73703, 65899]
7, 3, 17.16, [11388, 113173, 65899]
7, 4, 15.58, [12067, 100141, 65899]
7, 5, 14.61, [11388, 73703, 123523]
7, 6, 14.28, [11388, 100141, 65900]
7, 7, 13.91, [11388, 73703, 33299]
7, 8, 13.18, [98063, 821, 65899]
7, 9, 12.06, [11388, 1927, 33298]
8, 0, 18.74, [11388, 100141, 33297]
8, 1, 18.5, [11388, 73703, 65899]
8, 2, 15.73, [11387, 89, 65901]
8, 3, 14.08, [282, 100141, 73703]
8, 4, 13.15, [11388, 73703, 65900]
8, 5, 13.02, [11388, 113173, 70640]
8, 6, 12.45, [65900, 70638, 65899]
8, 7, 12.4, [33297, 73703, 70640]
8, 8, 11.91, [11935, 90, 33297]
8, 9, 11.01, [11388, 66171, 56241]
9, 0, 18.96, [11388, 100141, 33297]
9, 1, 18.74, [11388, 100141, 33297]
9, 2, 18.5, [11388, 73703, 65899]
9, 3, 17.08, [11388, 90, 33297]
9, 4, 16.62, [11388, 89, 70638]
9, 5, 16.51, [11388, 100141, 286]
9, 6, 15.81, [282, 65899, 73700]
9, 7, 13.88, [11388, 1063, 118602]
9, 8, 13.6, [12067, 87, 33297]
9, 9, 12.89, [12067, 73703, 100141]
10, 0, 18.96, [11388, 100141, 33297]
10, 1, 18.74, [11388, 100141, 33297]
10, 2, 15.9, [56239, 100141, 33297]
10, 3, 14.41, [11388, 98065, 279]
10, 4, 13.45, [33298, 285, 65899]
10, 5, 12.57, [11388, 66169, 66170]
10, 6, 12.42, [11388, 56239, 56237]
10, 7, 12.13, [11388, 70640, 33299]
10, 8, 11.99, [148118, 65897, 113173]
10, 9, 10.75, [86, 118606, 80450]
