generation number, individual number, fitness, candidate
0, 0, 15.0, [521, 1091]
0, 1, 13.0, [1025, 1401]
0, 2, 10.49, [970, 1224]
0, 3, 8.96, [1230, 2171]
0, 4, 5.0, [749, 1157]
0, 5, 4.0, [1652, 1403]
0, 6, 4.0, [320, 970]
0, 7, 2.0, [2110, 645]
0, 8, 2.0, [1368, 1131]
0, 9, 2.0, [1906, 970]
1, 0, 15.0, [1068, 1091]
1, 1, 15.0, [521, 1091]
1, 2, 13.5, [326, 1224]
1, 3, 13.0, [717, 1091]
1, 4, 13.0, [1025, 1401]
1, 5, 11.44, [1425, 1402]
1, 6, 10.0, [326, 1401]
1, 7, 8.0, [2320, 1125]
1, 8, 7.0, [2320, 1028]
1, 9, 6.0, [1287, 1417]
2, 0, 15.0, [1068, 1091]
2, 1, 15.0, [521, 1091]
2, 2, 10.54, [831, 1224]
2, 3, 9.0, [326, 1430]
2, 4, 9.0, [1401, 2989]
2, 5, 8.77, [1402, 1223]
2, 6, 5.0, [326, 1518]
2, 7, 4.88, [1652, 1230]
2, 8, 3.0, [2094, 1475]
2, 9, 2.0, [1767, 1226]
3, 0, 17.0, [140, 1091]
3, 1, 15.0, [1068, 1091]
3, 2, 15.0, [521, 1091]
3, 3, 13.42, [326, 1224]
3, 4, 11.0, [1068, 1480]
3, 5, 9.1, [831, 1350]
3, 6, 7.0, [140, 1149]
3, 7, 6.0, [521, 1935]
3, 8, 6.0, [831, 1442]
3, 9, 5.0, [1368, 1827]
4, 0, 17.0, [140, 1091]
4, 1, 15.0, [1827, 1091]
4, 2, 15.0, [1068, 1091]
4, 3, 12.5, [1058, 1224]
4, 4, 11.61, [1328, 1350]
4, 5, 7.8, [1230, 1442]
4, 6, 7.0, [1068, 1430]
4, 7, 6.0, [576, 645]
4, 8, 6.0, [2332, 1906]
4, 9, 5.0, [1107, 1417]
5, 0, 17.0, [140, 1091]
5, 1, 15.0, [1827, 1091]
5, 2, 14.0, [576, 1401]
5, 3, 13.0, [1425, 1442]
5, 4, 11.0, [140, 1442]
5, 5, 7.0, [3124, 140]
5, 6, 7.0, [1332, 717]
5, 7, 7.0, [970, 576]
5, 8, 6.0, [905, 775]
5, 9, 5.0, [521, 1347]
6, 0, 17.0, [2171, 1091]
6, 1, 17.0, [140, 1091]
6, 2, 15.0, [1827, 1091]
6, 3, 14.0, [576, 1401]
6, 4, 11.0, [576, 1442]
6, 5, 11.0, [140, 1442]
6, 6, 7.51, [1223, 717]
6, 7, 6.51, [1201, 1223]
6, 8, 5.0, [1168, 1827]
6, 9, 2.56, [697, 5684]
7, 0, 17.0, [2171, 1091]
7, 1, 17.0, [140, 1091]
7, 2, 16.0, [1125, 1091]
7, 3, 15.0, [905, 1091]
7, 4, 12.0, [1212, 1091]
7, 5, 11.52, [775, 1224]
7, 6, 11.0, [1480, 1068]
7, 7, 11.0, [576, 1442]
7, 8, 10.57, [576, 1407]
7, 9, 6.52, [1078, 1407]
8, 0, 17.0, [576, 1091]
8, 1, 17.0, [2171, 1091]
8, 2, 17.0, [140, 1091]
8, 3, 11.0, [140, 1442]
8, 4, 11.0, [2332, 576]
8, 5, 7.6, [717, 1223]
8, 6, 7.0, [140, 1906]
8, 7, 7.0, [140, 1311]
8, 8, 7.0, [2171, 314]
8, 9, 4.0, [749, 1090]
9, 0, 17.0, [576, 1091]
9, 1, 17.0, [2171, 1091]
9, 2, 11.0, [749, 1425]
9, 3, 10.0, [2171, 421]
9, 4, 9.0, [1425, 787]
9, 5, 6.0, [576, 1247]
9, 6, 6.0, [2110, 1430]
9, 7, 5.43, [1407, 1424]
9, 8, 5.0, [1125, 787]
9, 9, 4.0, [571, 645]
10, 0, 17.0, [576, 1091]
10, 1, 17.0, [2171, 1091]
10, 2, 16.0, [1125, 1091]
10, 3, 12.0, [645, 1091]
10, 4, 10.52, [1223, 1068]
10, 5, 9.0, [576, 1620]
10, 6, 8.53, [2094, 1350]
10, 7, 8.5, [2171, 788]
10, 8, 8.0, [749, 1430]
10, 9, 8.0, [576, 695]
