num_genrations,diversity,improvement,best_fitness
0,0.992479797979798,0,145.12
1,0.9408434343434343,0.15352811466372657,167.4
2,0.8723737373737374,0.05543608124253286,176.68
3,0.7756262626262627,0.09825673534072892,194.04
4,0.696570707070707,0.04622758194186765,203.01
5,0.3648737373737374,0.03684547559233545,210.49
6,0.34615656565656583,0.04755570335882935,220.5
7,0.2967878787878786,0.05229024943310658,232.03
8,0.3111616161616161,0.06792225143300432,247.79
9,0.2713181818181819,0.023810484684611992,253.69
10,0.1143232323232326,0.009460365012416639,256.09
11,0.12117676767676788,0.02811511577960891,263.29
12,0.1089545454545453,0.0036841505564205643,264.26
13,0.06354545454545468,0.007189888745932166,266.16
14,0.038328282828283156,0.02040126239855707,271.59
15,0.0548838383838387,0.006664457454250902,273.4
16,0.05383333333333351,0.013423555230431662,277.07
17,0.04310101010101053,0.0,277.07
18,0.04225252525252554,0.0070740246147182285,279.03
19,0.019772727272727386,0.006486757696305066,280.84
20,0.025494949494949237,0.010717846460618316,283.85
21,0.027424242424242684,0.0031002289941870543,284.73
22,0.01985858585858613,0.007867102166965227,286.97
23,0.016878787878787715,0.008014775063595339,289.27
24,0.01771212121212129,0.002005047187748612,289.85
25,0.027904040404040265,0.019768845954804073,295.58
26,0.02480303030303077,0.023952906150619263,302.66
27,0.017520202020202436,0.0,302.66
28,0.013474747474747528,0.0,302.66
29,0.014146464646464851,0.0,302.66
30,0.00808080808080791,0.00019824225203199058,302.72
31,0.000500000000000167,0.0,302.72
32,0.003994949494949607,0.0,302.72
33,0.0034292929292928376,0.0,302.72
34,0.001989898989898542,0.0,302.72
35,0.002989898989899209,0.0,302.72
36,0.002489898989899042,0.0,302.72
37,0.0019999999999995577,0.0,302.72
38,0.0019999999999995577,0.005979122621564301,304.53
39,0.001000000000000556,0.0,304.53
40,0.0030000000000001137,0.0,304.53
41,0.001000000000000556,0.0,304.53
42,0.002994949494949717,0.0,304.53
43,0.003489898989899043,0.0,304.53
44,0.0025000000000002798,0.0,304.53
45,0.001000000000000556,0.0,304.53
46,0.000500000000000167,0.0,304.53
47,0.002494949494949772,0.0,304.53
48,0.0030000000000001137,0.0,304.53
49,0.0025000000000002798,0.0,304.53
50,0.001989898989898653,0.0,304.53
51,0.004484848484848647,0.0,304.53
52,0.0014999999999997238,0.0,304.53
53,0.002994949494949717,0.0,304.53
54,0.0019999999999997797,0.0,304.53
55,0.0025000000000001688,0.0,304.53
56,0.003489898989899043,0.0,304.53
57,0.0040000000000000036,0.0,304.53
58,0.0030000000000001137,0.0,304.53
59,0.002994949494949717,0.0,304.53
60,0.0019999999999995577,0.0,304.53
61,0.003479797979797916,0.0,304.53
62,0.001489898989898708,0.0,304.53
63,0.0014999999999997238,0.0,304.53
64,0.001000000000000556,0.0,304.53
65,0.0030000000000001137,0.0,304.53
66,0.002494949494949772,0.0,304.53
67,0.0025000000000002798,0.0,304.53
68,0.0034949494949495508,0.0,304.53
69,0.001489898989898708,0.0,304.53
70,0.0030000000000001137,0.0,304.53
71,0.0019999999999995577,0.0,304.53
72,0.0035000000000002807,0.0,304.53
73,0.002494949494949772,0.0,304.53
74,0.002994949494949717,0.0,304.53
75,0.0014999999999997238,0.0,304.53
76,0.002489898989899153,0.0,304.53
77,0.000500000000000167,0.0,304.53
78,0.003994949494949496,0.0,304.53
79,0.002489898989899153,0.0,304.53
80,0.002994949494949606,0.0,304.53
81,0.003484848484848535,0.0,304.53
82,0.001494949494949327,0.0,304.53
83,0.002994949494949717,0.0,304.53
84,0.0030000000000001137,0.001083637080090766,304.86
85,0.008040404040404181,0.0,304.86
86,0.012303030303030371,0.0,304.86
87,0.005636363636363773,0.003378600013120687,305.89
88,0.0034393939393940753,0.0016999575010625998,306.41
89,0.002994949494949717,0.0,306.41
90,0.00449494949494933,0.0,306.41
91,0.008141414141413894,0.010084527267386753,309.5
92,0.014121212121212312,0.01347334410339262,313.67
93,0.01029797979797975,0.009946759333057048,316.79
94,0.01498484848484849,0.007165630228226843,319.06
95,0.012732323232323872,0.0,319.06
96,0.01251515151515159,0.0,319.06
97,0.008580808080808189,0.008713094715727364,321.84
98,0.0035000000000002807,-0.007892120308227578,319.3
99,0.00449494949494933,0.0,319.3
100,0.0014696969696966766,0.0,319.3
