generation number, individual number, fitness, candidate
0, 0, 8.7, [2512, 2767]
0, 1, 8.13, [91, 2764]
0, 2, 6.64, [2767, 280]
0, 3, 6.45, [280, 2515]
0, 4, 6.28, [2597, 316]
0, 5, 6.05, [1095, 4602]
0, 6, 5.42, [149, 615]
0, 7, 5.12, [264, 222]
0, 8, 4.92, [240, 2514]
0, 9, 3.65, [3135, 275]
1, 0, 13.67, [2596, 277]
1, 1, 9.04, [2512, 2767]
1, 2, 8.7, [2512, 2767]
1, 3, 8.13, [91, 2764]
1, 4, 6.75, [280, 297]
1, 5, 6.65, [104, 2767]
1, 6, 6.51, [2596, 2764]
1, 7, 6.42, [91, 278]
1, 8, 6.21, [280, 2596]
1, 9, 5.88, [2596, 2764]
2, 0, 17.13, [609, 295]
2, 1, 15.58, [2513, 277]
2, 2, 13.67, [2596, 277]
2, 3, 13.07, [2512, 77]
2, 4, 9.04, [2512, 2767]
2, 5, 8.37, [2767, 1088]
2, 6, 7.79, [2595, 2767]
2, 7, 7.63, [534, 98]
2, 8, 7.52, [2711, 876]
2, 9, 5.79, [2596, 609]
3, 0, 20.61, [2595, 295]
3, 1, 18.84, [2512, 295]
3, 2, 17.13, [609, 295]
3, 3, 15.93, [3334, 295]
3, 4, 15.58, [2513, 277]
3, 5, 12.45, [159, 277]
3, 6, 10.25, [609, 77]
3, 7, 8.82, [609, 300]
3, 8, 8.19, [2596, 250]
3, 9, 7.48, [2513, 283]
4, 0, 24.98, [269, 295]
4, 1, 20.61, [2595, 295]
4, 2, 18.84, [2512, 295]
4, 3, 9.47, [2711, 1082]
4, 4, 8.27, [2512, 4849]
4, 5, 8.06, [2711, 609]
4, 6, 7.98, [302, 2593]
4, 7, 7.7, [279, 76]
4, 8, 6.95, [297, 81]
4, 9, 6.83, [1087, 380]
5, 0, 24.98, [269, 295]
5, 1, 20.61, [2595, 295]
5, 2, 19.15, [2599, 295]
5, 3, 17.49, [534, 295]
5, 4, 11.42, [279, 1082]
5, 5, 11.41, [277, 301]
5, 6, 10.81, [2512, 193]
5, 7, 7.82, [2512, 876]
5, 8, 7.44, [2711, 876]
5, 9, 6.0, [240, 3155]
6, 0, 24.98, [269, 295]
6, 1, 21.34, [103, 295]
6, 2, 20.61, [2595, 295]
6, 3, 19.82, [2595, 295]
6, 4, 19.15, [1086, 295]
6, 5, 18.01, [296, 295]
6, 6, 7.86, [2513, 537]
6, 7, 7.59, [1080, 2514]
6, 8, 6.13, [297, 3716]
6, 9, 6.01, [261, 2574]
7, 0, 24.98, [269, 295]
7, 1, 21.34, [103, 295]
7, 2, 19.81, [1088, 295]
7, 3, 17.15, [537, 295]
7, 4, 13.71, [269, 2530]
7, 5, 11.17, [103, 1082]
7, 6, 9.33, [380, 98]
7, 7, 9.21, [2530, 380]
7, 8, 8.2, [2595, 2764]
7, 9, 8.04, [296, 250]
8, 0, 24.98, [269, 295]
8, 1, 21.34, [103, 295]
8, 2, 20.96, [1811, 295]
8, 3, 14.36, [269, 250]
8, 4, 13.09, [269, 2530]
8, 5, 12.27, [269, 263]
8, 6, 8.76, [2512, 303]
8, 7, 8.41, [2595, 2770]
8, 8, 8.27, [380, 209]
8, 9, 6.31, [2065, 264]
9, 0, 24.98, [269, 295]
9, 1, 21.34, [103, 295]
9, 2, 15.59, [2514, 295]
9, 3, 10.99, [269, 273]
9, 4, 10.69, [2764, 259]
9, 5, 8.32, [1088, 283]
9, 6, 8.09, [300, 616]
9, 7, 8.04, [302, 297]
9, 8, 6.92, [2065, 2593]
9, 9, 6.46, [2512, 76]
10, 0, 24.98, [269, 295]
10, 1, 22.14, [279, 295]
10, 2, 21.34, [103, 295]
10, 3, 18.67, [288, 295]
10, 4, 17.47, [288, 295]
10, 5, 10.35, [1811, 1080]
10, 6, 8.93, [615, 1086]
10, 7, 7.69, [3334, 279]
10, 8, 6.12, [2950, 264]
10, 9, 3.66, [534, 316]
11, 0, 24.98, [269, 295]
11, 1, 22.14, [279, 295]
11, 2, 17.45, [541, 295]
11, 3, 16.08, [244, 295]
11, 4, 14.87, [250, 277]
11, 5, 14.79, [269, 250]
11, 6, 13.93, [269, 2514]
11, 7, 8.92, [1088, 81]
11, 8, 7.08, [303, 2764]
11, 9, 7.03, [1082, 4849]
12, 0, 24.98, [269, 295]
12, 1, 22.14, [279, 295]
12, 2, 17.72, [265, 295]
12, 3, 16.13, [2156, 295]
12, 4, 11.84, [279, 2512]
12, 5, 8.74, [2599, 226]
12, 6, 7.88, [2596, 2711]
12, 7, 7.4, [2593, 2514]
12, 8, 7.34, [222, 91]
12, 9, 6.19, [541, 2764]
13, 0, 24.98, [269, 295]
13, 1, 22.14, [279, 295]
13, 2, 20.26, [2711, 295]
13, 3, 18.05, [260, 295]
13, 4, 13.71, [269, 2950]
13, 5, 12.04, [609, 277]
13, 6, 7.71, [616, 279]
13, 7, 7.59, [279, 316]
13, 8, 7.07, [285, 81]
13, 9, 6.5, [302, 2762]
14, 0, 24.98, [269, 295]
14, 1, 22.14, [279, 295]
14, 2, 18.73, [260, 295]
14, 3, 18.32, [285, 295]
14, 4, 11.82, [279, 250]
14, 5, 10.74, [300, 1080]
14, 6, 10.0, [2711, 250]
14, 7, 9.17, [2711, 2514]
14, 8, 7.61, [220, 534]
14, 9, 7.37, [1086, 2065]
15, 0, 24.98, [269, 295]
15, 1, 22.14, [279, 295]
15, 2, 18.08, [260, 295]
15, 3, 13.51, [277, 2764]
15, 4, 11.58, [1082, 259]
15, 5, 7.09, [261, 2950]
15, 6, 6.51, [2595, 273]
15, 7, 5.94, [244, 250]
15, 8, 5.68, [2596, 876]
15, 9, 4.49, [2767, 316]
16, 0, 24.98, [269, 295]
16, 1, 22.14, [279, 295]
16, 2, 19.13, [1086, 295]
16, 3, 18.99, [266, 295]
16, 4, 13.87, [279, 259]
16, 5, 11.08, [269, 316]
16, 6, 10.78, [261, 259]
16, 7, 9.87, [1080, 2513]
16, 8, 8.32, [874, 274]
16, 9, 7.41, [259, 81]
17, 0, 24.98, [269, 295]
17, 1, 22.14, [279, 295]
17, 2, 21.31, [279, 295]
17, 3, 19.66, [380, 295]
17, 4, 17.4, [280, 295]
17, 5, 12.4, [269, 2574]
17, 6, 9.35, [91, 250]
17, 7, 8.61, [380, 2530]
17, 8, 8.41, [91, 2599]
17, 9, 7.77, [279, 316]
18, 0, 24.98, [269, 295]
18, 1, 22.14, [279, 295]
18, 2, 16.04, [244, 295]
18, 3, 13.83, [269, 2530]
18, 4, 9.33, [3135, 259]
18, 5, 8.54, [279, 278]
18, 6, 7.62, [279, 240]
18, 7, 7.35, [154, 335]
18, 8, 7.19, [380, 265]
18, 9, 6.89, [154, 285]
19, 0, 24.98, [269, 295]
19, 1, 22.14, [279, 295]
19, 2, 17.7, [269, 277]
19, 3, 11.94, [269, 876]
19, 4, 10.29, [279, 256]
19, 5, 10.04, [558, 259]
19, 6, 5.95, [2950, 609]
19, 7, 5.9, [3334, 2513]
19, 8, 5.31, [2574, 1087]
19, 9, 5.23, [622, 558]
20, 0, 24.99, [269, 295]
20, 1, 24.98, [269, 295]
20, 2, 22.14, [279, 295]
20, 3, 21.71, [279, 295]
20, 4, 17.76, [2515, 295]
20, 5, 14.94, [269, 2513]
20, 6, 11.29, [301, 277]
20, 7, 9.31, [193, 380]
20, 8, 9.14, [191, 1811]
20, 9, 7.32, [261, 274]
21, 0, 24.99, [269, 295]
21, 1, 24.98, [269, 295]
21, 2, 15.75, [256, 295]
21, 3, 11.21, [279, 1082]
21, 4, 10.63, [269, 149]
21, 5, 9.95, [279, 303]
21, 6, 9.84, [279, 2514]
21, 7, 8.27, [2595, 558]
21, 8, 6.4, [154, 278]
21, 9, 5.71, [2950, 301]
22, 0, 24.99, [269, 295]
22, 1, 24.98, [269, 295]
22, 2, 21.57, [259, 295]
22, 3, 18.84, [2512, 295]
22, 4, 18.18, [288, 295]
22, 5, 11.89, [269, 278]
22, 6, 10.9, [1086, 259]
22, 7, 8.51, [2515, 2711]
22, 8, 7.98, [279, 316]
22, 9, 7.65, [278, 1811]
23, 0, 24.99, [269, 295]
23, 1, 24.98, [269, 295]
23, 2, 17.92, [285, 295]
23, 3, 10.45, [297, 259]
23, 4, 9.52, [2512, 297]
23, 5, 8.23, [2525, 220]
23, 6, 8.01, [193, 283]
23, 7, 7.88, [191, 1088]
23, 8, 6.42, [4602, 1080]
23, 9, 6.18, [4849, 2530]
24, 0, 24.99, [269, 295]
24, 1, 24.98, [269, 295]
24, 2, 21.62, [103, 295]
24, 3, 18.14, [222, 295]
24, 4, 17.92, [2525, 295]
24, 5, 16.37, [2156, 295]
24, 6, 8.08, [81, 2599]
24, 7, 7.96, [259, 244]
24, 8, 6.92, [343, 1811]
24, 9, 5.96, [537, 2596]
25, 0, 24.99, [269, 295]
25, 1, 24.98, [269, 295]
25, 2, 16.37, [244, 295]
25, 3, 15.79, [2156, 295]
25, 4, 10.97, [269, 240]
25, 5, 8.94, [615, 81]
25, 6, 8.88, [3716, 279]
25, 7, 8.87, [2597, 2950]
25, 8, 8.82, [103, 264]
25, 9, 4.53, [4602, 104]
26, 0, 24.99, [269, 295]
26, 1, 24.98, [269, 295]
26, 2, 14.06, [269, 380]
26, 3, 12.87, [269, 2767]
26, 4, 8.69, [91, 2513]
26, 5, 8.69, [1080, 302]
26, 6, 8.38, [154, 256]
26, 7, 7.64, [209, 2764]
26, 8, 5.52, [3716, 264]
26, 9, 4.49, [244, 288]
27, 0, 24.99, [269, 295]
27, 1, 24.98, [269, 295]
27, 2, 14.85, [269, 250]
27, 3, 14.54, [277, 1082]
27, 4, 14.29, [269, 154]
27, 5, 11.93, [2574, 277]
27, 6, 10.39, [1811, 380]
27, 7, 9.58, [2512, 1086]
27, 8, 9.21, [1080, 250]
27, 9, 8.12, [273, 259]
28, 0, 24.99, [269, 295]
28, 1, 24.98, [269, 295]
28, 2, 18.75, [285, 295]
28, 3, 18.59, [269, 277]
28, 4, 14.02, [269, 1080]
28, 5, 13.74, [277, 874]
28, 6, 11.25, [277, 283]
28, 7, 7.57, [98, 263]
28, 8, 7.54, [285, 1082]
28, 9, 7.38, [193, 541]
29, 0, 24.99, [269, 295]
29, 1, 24.98, [269, 295]
29, 2, 17.88, [295, 541]
29, 3, 16.9, [269, 77]
29, 4, 11.62, [279, 220]
29, 5, 11.35, [269, 316]
29, 6, 11.13, [277, 2156]
29, 7, 9.83, [259, 264]
29, 8, 7.18, [193, 541]
29, 9, 6.02, [335, 250]
30, 0, 24.99, [269, 295]
30, 1, 24.98, [269, 295]
30, 2, 15.85, [616, 295]
30, 3, 13.06, [269, 222]
30, 4, 10.65, [2597, 250]
30, 5, 9.16, [2156, 77]
30, 6, 8.31, [2512, 222]
30, 7, 7.94, [2950, 220]
30, 8, 5.93, [874, 2156]
30, 9, 5.76, [261, 222]
31, 0, 24.99, [269, 295]
31, 1, 24.98, [269, 295]
31, 2, 17.91, [285, 295]
31, 3, 14.36, [269, 274]
31, 4, 10.64, [2593, 259]
31, 5, 10.57, [2597, 250]
31, 6, 9.63, [874, 2512]
31, 7, 8.66, [2597, 283]
31, 8, 8.17, [244, 259]
31, 9, 6.63, [615, 534]
32, 0, 24.99, [269, 295]
32, 1, 24.98, [269, 295]
32, 2, 20.18, [269, 277]
32, 3, 14.45, [269, 250]
32, 4, 13.21, [269, 876]
32, 5, 9.14, [2597, 1086]
32, 6, 7.93, [2770, 302]
32, 7, 7.56, [265, 2513]
32, 8, 7.16, [2530, 1095]
32, 9, 6.51, [534, 274]
33, 0, 24.99, [269, 295]
33, 1, 24.98, [269, 295]
33, 2, 17.7, [534, 295]
33, 3, 13.16, [302, 277]
33, 4, 7.84, [2513, 261]
33, 5, 7.52, [3716, 250]
33, 6, 7.08, [103, 1069]
33, 7, 6.52, [874, 4602]
33, 8, 6.4, [2574, 2593]
33, 9, 6.32, [1086, 4849]
34, 0, 24.99, [269, 295]
34, 1, 24.98, [269, 295]
34, 2, 15.28, [2514, 295]
34, 3, 14.48, [302, 269]
34, 4, 13.34, [269, 615]
34, 5, 11.95, [269, 263]
34, 6, 8.86, [103, 104]
34, 7, 8.46, [1811, 280]
34, 8, 7.56, [534, 98]
34, 9, 6.68, [280, 2593]
35, 0, 24.99, [269, 295]
35, 1, 24.98, [269, 295]
35, 2, 19.46, [295, 1095]
35, 3, 17.78, [4849, 295]
35, 4, 13.69, [269, 2065]
35, 5, 11.45, [288, 277]
35, 6, 8.62, [2513, 81]
35, 7, 8.61, [2065, 1811]
35, 8, 7.7, [288, 380]
35, 9, 6.98, [3716, 615]
36, 0, 24.99, [269, 295]
36, 1, 24.98, [269, 295]
36, 2, 19.95, [98, 295]
36, 3, 16.7, [300, 269]
36, 4, 9.56, [285, 1811]
36, 5, 5.93, [2767, 2574]
36, 6, 5.45, [2532, 1082]
36, 7, 5.1, [3334, 274]
36, 8, 4.95, [3716, 278]
36, 9, 4.5, [2712, 278]
37, 0, 24.99, [269, 295]
37, 1, 24.98, [269, 295]
37, 2, 16.83, [4602, 295]
37, 3, 16.58, [534, 295]
37, 4, 10.93, [300, 209]
37, 5, 10.71, [269, 1069]
37, 6, 9.05, [3716, 1811]
37, 7, 7.93, [98, 2712]
37, 8, 7.29, [2767, 2065]
37, 9, 6.61, [285, 283]
38, 0, 24.99, [269, 295]
38, 1, 24.98, [269, 295]
38, 2, 17.46, [2574, 295]
38, 3, 13.8, [269, 103]
38, 4, 7.06, [104, 263]
38, 5, 6.5, [2514, 2770]
38, 6, 6.31, [283, 266]
38, 7, 6.0, [240, 193]
38, 8, 5.82, [265, 291]
38, 9, 5.55, [264, 291]
39, 0, 24.99, [269, 295]
39, 1, 24.98, [269, 295]
39, 2, 20.91, [1811, 295]
39, 3, 17.17, [2525, 295]
39, 4, 11.0, [209, 259]
39, 5, 9.96, [259, 2596]
39, 6, 9.42, [874, 2513]
39, 7, 7.29, [2513, 2525]
39, 8, 5.64, [280, 876]
39, 9, 5.5, [609, 283]
40, 0, 24.99, [269, 295]
40, 1, 24.98, [269, 295]
40, 2, 19.62, [615, 295]
40, 3, 13.0, [269, 280]
40, 4, 8.69, [77, 149]
40, 5, 8.27, [2770, 2597]
40, 6, 7.95, [273, 279]
40, 7, 7.62, [3135, 193]
40, 8, 6.71, [3716, 874]
40, 9, 6.32, [264, 191]
41, 0, 24.99, [269, 295]
41, 1, 24.98, [269, 295]
41, 2, 19.47, [302, 295]
41, 3, 11.0, [193, 2597]
41, 4, 10.56, [77, 558]
41, 5, 9.61, [103, 2596]
41, 6, 9.45, [193, 226]
41, 7, 8.89, [876, 77]
41, 8, 6.96, [104, 380]
41, 9, 6.76, [256, 283]
42, 0, 24.99, [269, 295]
42, 1, 24.98, [269, 295]
42, 2, 18.17, [4849, 295]
42, 3, 13.19, [269, 159]
42, 4, 12.23, [261, 277]
42, 5, 9.81, [302, 2513]
42, 6, 8.85, [265, 1811]
42, 7, 8.65, [2527, 300]
42, 8, 7.57, [261, 274]
42, 9, 6.87, [2950, 2515]
43, 0, 24.99, [269, 295]
43, 1, 24.98, [269, 295]
43, 2, 18.1, [2950, 295]
43, 3, 10.67, [269, 534]
43, 4, 10.39, [1811, 159]
43, 5, 8.35, [260, 250]
43, 6, 8.28, [193, 2596]
43, 7, 6.84, [2574, 1086]
43, 8, 6.65, [2513, 3334]
43, 9, 4.82, [288, 1069]
44, 0, 24.99, [269, 295]
44, 1, 24.98, [269, 295]
44, 2, 18.85, [226, 295]
44, 3, 17.93, [285, 295]
44, 4, 11.01, [159, 279]
44, 5, 10.85, [103, 274]
44, 6, 8.26, [91, 2764]
44, 7, 7.33, [285, 159]
44, 8, 6.97, [288, 297]
44, 9, 5.26, [285, 335]
45, 0, 24.99, [269, 295]
45, 1, 24.98, [269, 295]
45, 2, 17.73, [2574, 295]
45, 3, 15.81, [343, 295]
45, 4, 10.83, [269, 316]
45, 5, 9.11, [279, 609]
45, 6, 7.86, [2599, 159]
45, 7, 7.67, [226, 1086]
45, 8, 5.48, [102, 874]
45, 9, 4.54, [244, 2767]
46, 0, 24.99, [269, 295]
46, 1, 24.98, [269, 295]
46, 2, 12.25, [269, 260]
46, 3, 11.92, [269, 622]
46, 4, 8.43, [2574, 2597]
46, 5, 7.32, [2599, 2593]
46, 6, 7.27, [2527, 2513]
46, 7, 6.11, [2596, 335]
46, 8, 5.57, [2574, 876]
46, 9, 5.14, [2156, 380]
47, 0, 24.99, [269, 295]
47, 1, 24.98, [269, 295]
47, 2, 18.2, [191, 295]
47, 3, 14.87, [259, 277]
47, 4, 13.94, [269, 2593]
47, 5, 8.45, [2513, 2514]
47, 6, 7.66, [296, 1082]
47, 7, 7.11, [2596, 1095]
47, 8, 6.39, [2532, 159]
47, 9, 4.95, [537, 1087]
48, 0, 24.99, [269, 295]
48, 1, 24.98, [269, 295]
48, 2, 21.66, [279, 295]
48, 3, 9.27, [220, 874]
48, 4, 8.43, [226, 2530]
48, 5, 8.31, [2711, 2596]
48, 6, 7.0, [1086, 1088]
48, 7, 6.85, [260, 191]
48, 8, 5.97, [335, 250]
48, 9, 5.22, [2596, 609]
49, 0, 24.99, [269, 295]
49, 1, 24.98, [269, 295]
49, 2, 19.81, [193, 295]
49, 3, 19.61, [209, 295]
49, 4, 14.05, [269, 1086]
49, 5, 13.7, [279, 259]
49, 6, 10.64, [269, 316]
49, 7, 9.45, [279, 265]
49, 8, 6.04, [2525, 2770]
49, 9, 5.61, [285, 266]
50, 0, 24.99, [269, 295]
50, 1, 24.98, [269, 295]
50, 2, 14.0, [269, 91]
50, 3, 11.25, [269, 219]
50, 4, 10.28, [1082, 2595]
50, 5, 7.77, [159, 191]
50, 6, 7.74, [288, 1086]
50, 7, 5.97, [316, 250]
50, 8, 5.88, [2525, 1087]
50, 9, 4.4, [2515, 2156]
