n_nodes,influence,n0,n1,n2,n3,n4
5,137.3800,14404,15814,12447,12053,15798
5,133.0400,14404,15814,12447,12053,15798
5,125.7800,14404,15814,12447,12053,15798
5,125.7800,14404,15814,12447,12053,15798
5,125.7800,14404,15814,12447,12053,15798
5,125.7800,14404,15814,12447,12053,15798
5,125.6400,14404,15814,12447,12053,15798
5,123.2800,14404,15814,12447,12053,15798
5,123.0000,14404,15814,12447,12053,15798
5,122.9000,14404,15814,12447,12053,15798
5,121.2200,56014,15814,12053,15798,12447
5,120.3400,14404,15814,12447,12053,15798
5,120.0400,14404,15814,12447,12053,15798
5,120.0400,14404,15814,12447,12053,15798
5,118.5800,14404,15814,12053,15798,1356
5,118.2200,14404,15814,12447,12053,15798
