num_genrations,diversity,improvement,best_fitness
0,0.9998655913978495,0,45.7
1,0.8334677419354839,0.02188183807439825,46.7
2,0.8620967741935484,0.047751605995717275,48.93
3,0.7967741935483872,0.0,48.93
4,0.7274193548387097,0.01921111792356423,49.87
5,0.5493279569892473,0.03027872468417897,51.38
6,0.3891129032258065,0.005644219540677289,51.67
7,0.4329301075268819,0.0030965744145538335,51.83
8,0.4076612903225806,0.023538491221300382,53.05
9,0.32217741935483857,0.0,53.05
10,0.286290322580645,0.0,53.05
