n_nodes,influence,n0,n1,n2,n3,n4
5,25.4300,5317,6080,3642,6333,4543
5,25.4300,5317,6080,3642,6333,4543
5,25.4300,5317,6080,3642,6333,4543
5,25.4300,5317,6080,3642,6333,4543
5,25.4300,5317,6080,3642,6333,4543
5,25.3300,5317,5959,7140,3642,4543
5,24.6900,5959,5844,3642,6333,4543
5,24.0100,5959,5844,3642,5317,4543
5,24.0100,5959,5844,3642,5317,4543
5,24.0100,5959,5844,3642,5317,4543
5,24.0100,5959,5844,3642,5317,4543
5,24.0100,5959,5844,3642,5317,4543
5,24.0100,5959,5844,3642,5317,4543
5,24.0100,5959,5844,3642,5317,4543
5,24.0100,5959,5844,3642,5317,4543
5,23.5700,7429,5959,5844,3642,4543
