generation number, individual number, fitness, candidate
0, 0, 2.14, [1060, 90]
0, 1, 2.09, [70193, 76776]
0, 2, 2.09, [14200, 14197]
0, 3, 2.08, [80450, 284]
0, 4, 2.08, [70195, 40787]
0, 5, 2.07, [283, 56237]
0, 6, 2.07, [98062, 280]
0, 7, 2.05, [70196, 66167]
0, 8, 2.04, [285, 96144]
0, 9, 2.01, [221360, 40787]
1, 0, 2.14, [1060, 90]
1, 1, 2.13, [56239, 90]
1, 2, 2.13, [1060, 87]
1, 3, 2.13, [278, 284]
1, 4, 2.12, [11925, 284]
1, 5, 2.12, [14200, 46]
1, 6, 2.09, [70193, 76776]
1, 7, 2.07, [90, 98062]
1, 8, 2.07, [80450, 62858]
1, 9, 2.06, [56241, 70195]
2, 0, 2.14, [1060, 90]
2, 1, 2.13, [66167, 283]
2, 2, 2.13, [56239, 90]
2, 3, 2.12, [1060, 14197]
2, 4, 2.11, [62858, 90]
2, 5, 2.1, [284, 96144]
2, 6, 2.09, [1060, 278]
2, 7, 2.08, [66167, 285]
2, 8, 2.07, [70195, 70193]
2, 9, 2.07, [66078, 284]
3, 0, 2.15, [14199, 90]
3, 1, 2.14, [56241, 283]
3, 2, 2.14, [1060, 90]
3, 3, 2.13, [1060, 70193]
3, 4, 2.13, [66167, 283]
3, 5, 2.07, [1063, 90]
3, 6, 2.07, [558, 283]
3, 7, 2.06, [66078, 11388]
3, 8, 2.06, [66079, 90]
3, 9, 2.03, [70194, 98062]
4, 0, 2.17, [70196, 283]
4, 1, 2.15, [14199, 90]
4, 2, 2.14, [56241, 283]
4, 3, 2.12, [56240, 90]
4, 4, 2.11, [13042, 283]
4, 5, 2.1, [14199, 94016]
4, 6, 2.09, [1060, 47500]
4, 7, 2.08, [56241, 11388]
4, 8, 2.08, [14199, 279]
4, 9, 2.08, [1060, 148118]
5, 0, 2.17, [70196, 283]
5, 1, 2.15, [14199, 90]
5, 2, 2.11, [70195, 90]
5, 3, 2.09, [73931, 1060]
5, 4, 2.08, [6376, 56241]
5, 5, 2.08, [73932, 283]
5, 6, 2.08, [73932, 283]
5, 7, 2.04, [70196, 66078]
5, 8, 2.03, [56240, 11925]
5, 9, 2.03, [96144, 13042]
6, 0, 2.17, [13042, 90]
6, 1, 2.17, [70196, 283]
6, 2, 2.15, [14199, 90]
6, 3, 2.11, [89, 56241]
6, 4, 2.1, [66076, 90]
6, 5, 2.1, [285, 90]
6, 6, 2.08, [70194, 88]
6, 7, 2.06, [66169, 86]
6, 8, 2.06, [70193, 821]
6, 9, 2.05, [56237, 86]
7, 0, 2.17, [13042, 90]
7, 1, 2.17, [70196, 283]
7, 2, 2.13, [1061, 90]
7, 3, 2.08, [70193, 66076]
7, 4, 2.08, [76776, 89]
7, 5, 2.07, [70199, 62858]
7, 6, 2.06, [14199, 47392]
7, 7, 2.06, [13042, 86543]
7, 8, 2.06, [56237, 90]
7, 9, 2.04, [144434, 283]
8, 0, 2.17, [13042, 90]
8, 1, 2.17, [70196, 283]
8, 2, 2.14, [66167, 283]
8, 3, 2.12, [282, 14198]
8, 4, 2.1, [98065, 90]
8, 5, 2.1, [13042, 47392]
8, 6, 2.1, [70196, 14199]
8, 7, 2.09, [77088, 283]
8, 8, 2.08, [13042, 11388]
8, 9, 2.07, [70196, 70199]
9, 0, 2.17, [13042, 90]
9, 1, 2.17, [70196, 283]
9, 2, 2.09, [14197, 283]
9, 3, 2.07, [14199, 70195]
9, 4, 2.06, [66167, 80450]
9, 5, 2.05, [70196, 98065]
9, 6, 2.05, [56237, 90]
9, 7, 2.04, [70194, 73931]
9, 8, 2.04, [558, 283]
9, 9, 2.04, [13042, 86543]
10, 0, 2.17, [94016, 283]
10, 1, 2.17, [13042, 90]
10, 2, 2.17, [70196, 283]
10, 3, 2.15, [88, 284]
10, 4, 2.09, [66169, 90]
10, 5, 2.09, [59751, 90]
10, 6, 2.08, [66079, 283]
10, 7, 2.07, [66167, 46]
10, 8, 2.06, [56237, 93407]
10, 9, 2.05, [283, 80450]
