num_genrations,diversity,improvement,best_fitness
0,0.9961021505376344,0,648.01
1,0.8741935483870968,0.029243375873829178,666.96
2,0.6858870967741936,0.13976850185918183,760.18
3,0.3016129032258065,0.0,760.18
4,0.2724462365591397,0.01635139046015426,772.61
5,0.4383064516129034,0.016049494570352412,785.01
6,0.3788978494623656,0.0017834167717608403,786.41
7,0.11612903225806448,0.0,786.41
8,0.2060483870967742,0.018145750944163964,800.68
9,0.25228494623655906,0.0,800.68
10,0.20241935483870954,0.010715891492231655,809.26
