generation number, individual number, fitness, candidate
0, 0, 3.17, [1060, 14201, 70364]
0, 1, 3.1, [56237, 40787, 62858]
0, 2, 3.09, [90, 86, 46]
0, 3, 3.09, [284, 279, 93408]
0, 4, 3.08, [94017, 70193, 14197]
0, 5, 3.08, [94017, 281, 73932]
0, 6, 3.07, [279, 88, 93406]
0, 7, 3.05, [90, 127088, 40787]
0, 8, 3.05, [94017, 70364, 73932]
0, 9, 3.04, [94017, 126458, 93408]
1, 0, 3.21, [76776, 14201, 14198]
1, 1, 3.17, [284, 14201, 62858]
1, 2, 3.17, [1060, 14201, 70364]
1, 3, 3.14, [90, 70365, 70364]
1, 4, 3.14, [284, 14201, 66079]
1, 5, 3.13, [1060, 93407, 93408]
1, 6, 3.12, [284, 14201, 93408]
1, 7, 3.1, [1060, 14200, 93408]
1, 8, 3.1, [56237, 40787, 62858]
1, 9, 3.09, [284, 558, 70364]
2, 0, 3.24, [70196, 14201, 70364]
2, 1, 3.21, [76776, 14201, 14198]
2, 2, 3.17, [90, 14201, 14198]
2, 3, 3.17, [284, 14201, 62858]
2, 4, 3.14, [284, 88, 86]
2, 5, 3.11, [76776, 11388, 70364]
2, 6, 3.1, [14200, 14201, 70364]
2, 7, 3.1, [284, 80449, 14200]
2, 8, 3.1, [286, 113477, 62858]
2, 9, 3.09, [14199, 14201, 56237]
3, 0, 3.24, [70196, 14201, 70364]
3, 1, 3.21, [76776, 14201, 14198]
3, 2, 3.18, [70196, 14201, 76776]
3, 3, 3.16, [127089, 286, 70364]
3, 4, 3.16, [47392, 14201, 70364]
3, 5, 3.16, [90, 14201, 66076]
3, 6, 3.13, [66171, 14201, 66169]
3, 7, 3.1, [94015, 14201, 70364]
3, 8, 3.09, [70197, 14201, 14198]
3, 9, 3.09, [113477, 66169, 70364]
4, 0, 3.24, [70196, 14201, 70364]
4, 1, 3.21, [76776, 14201, 14198]
4, 2, 3.14, [127089, 285, 76776]
4, 3, 3.14, [40786, 14197, 56240]
4, 4, 3.13, [86, 76776, 66171]
4, 5, 3.13, [90, 85838, 66079]
4, 6, 3.11, [70196, 284, 73931]
4, 7, 3.1, [40787, 14201, 70364]
4, 8, 3.1, [70196, 14201, 93408]
4, 9, 3.09, [70196, 281, 76776]
5, 0, 3.24, [70196, 14201, 70364]
5, 1, 3.21, [76776, 14201, 14198]
5, 2, 3.19, [73932, 14201, 56241]
5, 3, 3.13, [14200, 14201, 70364]
5, 4, 3.13, [70193, 14201, 14198]
5, 5, 3.12, [70196, 14201, 62858]
5, 6, 3.11, [76776, 13042, 70364]
5, 7, 3.11, [76776, 70193, 282]
5, 8, 3.09, [70197, 14201, 14198]
5, 9, 3.08, [76776, 14198, 70364]
6, 0, 3.24, [70196, 14201, 70364]
6, 1, 3.21, [76776, 14201, 14198]
6, 2, 3.14, [76776, 14201, 70364]
6, 3, 3.12, [66079, 14201, 11387]
6, 4, 3.11, [14198, 14201, 56241]
6, 5, 3.11, [85839, 14201, 70364]
6, 6, 3.1, [73932, 14201, 76776]
6, 7, 3.1, [70196, 14201, 56240]
6, 8, 3.08, [76776, 70194, 73931]
6, 9, 3.08, [113477, 14201, 56241]
7, 0, 3.24, [70196, 14201, 70364]
7, 1, 3.21, [76776, 14201, 14198]
7, 2, 3.16, [280, 14201, 56239]
7, 3, 3.13, [70196, 14197, 70364]
7, 4, 3.13, [70194, 14201, 56237]
7, 5, 3.12, [76776, 14198, 70364]
7, 6, 3.11, [70197, 14201, 14198]
7, 7, 3.09, [70196, 40787, 14198]
7, 8, 3.09, [73932, 96648, 282]
7, 9, 3.09, [113478, 14201, 94015]
8, 0, 3.24, [70196, 14201, 70364]
8, 1, 3.21, [76776, 14201, 14198]
8, 2, 3.14, [70196, 98065, 70364]
8, 3, 3.13, [70364, 14201, 130282]
8, 4, 3.13, [70196, 14197, 14198]
8, 5, 3.13, [91978, 14201, 70364]
8, 6, 3.11, [284, 14200, 70364]
8, 7, 3.09, [73932, 14201, 70364]
8, 8, 3.07, [93407, 73932, 127089]
8, 9, 3.07, [11388, 14223, 100807]
9, 0, 3.24, [70196, 14201, 70364]
9, 1, 3.21, [76776, 14201, 14198]
9, 2, 3.19, [70196, 14197, 66076]
9, 3, 3.14, [14223, 66076, 66169]
9, 4, 3.13, [70196, 1061, 70364]
9, 5, 3.13, [76776, 14201, 46]
9, 6, 3.12, [70193, 14201, 14198]
9, 7, 3.12, [70196, 14201, 93407]
9, 8, 3.1, [70364, 14200, 14198]
9, 9, 3.1, [14200, 14201, 70364]
10, 0, 3.24, [70196, 14201, 70364]
10, 1, 3.22, [70196, 14201, 14199]
10, 2, 3.21, [76776, 14201, 14198]
10, 3, 3.19, [90, 66076, 14198]
10, 4, 3.15, [280, 14197, 70364]
10, 5, 3.1, [76776, 14198, 70364]
10, 6, 3.1, [70196, 126458, 13042]
10, 7, 3.1, [80450, 87, 70364]
10, 8, 3.09, [70364, 14201, 66169]
10, 9, 3.07, [76776, 14201, 93408]
