num_genrations,diversity,improvement,best_fitness
0,0.9999261811023622,0,163.28
1,0.9767962598425197,0.0,163.28
2,0.9388779527559055,0.0666340029397354,174.16
3,0.8577017716535433,0.07091180523656405,186.51
4,0.856742125984252,0.1470162457777064,213.93
5,0.778740157480315,0.10461365867339782,236.31
6,0.6838336614173228,0.0,236.31
7,0.6506889763779526,0.048030129914095866,247.66
8,0.63001968503937,0.0,247.66
9,0.5578740157480314,0.022934668497133194,253.34
10,0.5139271653543306,0.033038604247256555,261.71
