n_nodes,influence,n0,n1,n2,n3,n4
5,25.5130,243341,179631,193237,35305,233085
5,25.5130,243341,179631,193237,35305,233085
5,25.5130,243341,179631,193237,35305,233085
5,25.5130,243341,179631,193237,35305,233085
5,25.5130,243341,179631,193237,35305,233085
5,25.5130,243341,179631,193237,35305,233085
5,25.5130,243341,179631,193237,35305,233085
5,25.4552,221414,243341,193237,35305,233085
5,25.3991,243341,179631,193237,24950,233085
5,25.3991,243341,179631,193237,24950,233085
5,25.3413,221414,243341,193237,24950,233085
5,25.3413,221414,243341,193237,24950,233085
5,25.3413,221414,243341,193237,24950,233085
5,25.3413,221414,243341,193237,24950,233085
5,25.3413,221414,243341,193237,24950,233085
5,25.3413,221414,243341,193237,24950,233085
