generation number, pop_size, worst, best, median, avg, std, diversity, improvement, number_of_selections
0, 10, 2.0, 2.17, 2.01, 2.03, 0.047958315233127206,0.9888888888888889,0,[1.e-300]
1, 10, 2.0, 2.22, 2.025, 2.054, 0.07323933369440228,0.9666666666666667,0.023041474654378002,[1.e-300]
2, 10, 2.0, 2.22, 2.025, 2.07, 0.0827042925125414,0.9555555555555556,0.0,[1.e-300]
3, 10, 2.0, 2.22, 2.02, 2.072, 0.083642094665306,0.9333333333333333,0.0,[1.e-300]
4, 10, 2.0, 2.22, 2.035, 2.068, 0.07520638270785272,0.9555555555555556,0.0,[1.e-300]
5, 10, 2.0, 2.22, 2.025, 2.089, 0.09364293886887587,0.8555555555555556,0.0,[1.e-300]
6, 10, 2.0, 2.22, 2.035, 2.089, 0.09115371632577587,0.9,0.0,[1.e-300]
7, 10, 2.0, 2.24, 2.0149999999999997, 2.073, 0.10100000000000012,0.9333333333333333,0.009009009009009016,[1.e-300]
8, 10, 2.0, 2.24, 2.025, 2.094, 0.09635351576356731,0.9333333333333333,0.0,[1.e-300]
9, 10, 2.0, 2.24, 2.03, 2.0799999999999996, 0.0872926113711809,0.9333333333333333,0.0,[1.e-300]
10, 10, 2.0, 2.24, 2.035, 2.073, 0.08185963596303135,0.9222222222222223,0.0,[1.e-300]
