generation number, individual number, fitness, candidate
0, 0, 2.11, [277, 295]
0, 1, 2.06, [226, 874]
0, 2, 2.04, [2767, 2595]
0, 3, 2.03, [277, 300]
0, 4, 2.03, [291, 558]
0, 5, 2.02, [2532, 1082]
0, 6, 2.01, [302, 261]
0, 7, 2.0, [222, 98]
0, 8, 2.0, [343, 222]
0, 9, 2.0, [159, 2527]
1, 0, 2.15, [302, 295]
1, 1, 2.11, [277, 2770]
1, 2, 2.11, [277, 295]
1, 3, 2.09, [77, 2595]
1, 4, 2.09, [277, 2770]
1, 5, 2.08, [2596, 295]
1, 6, 2.06, [277, 615]
1, 7, 2.06, [226, 874]
1, 8, 2.05, [277, 2599]
1, 9, 2.04, [2767, 250]
2, 0, 2.15, [302, 295]
2, 1, 2.11, [277, 2770]
2, 2, 2.08, [259, 2770]
2, 3, 2.07, [295, 300]
2, 4, 2.07, [269, 534]
2, 5, 2.06, [273, 295]
2, 6, 2.05, [103, 2950]
2, 7, 2.03, [222, 264]
2, 8, 2.02, [537, 609]
2, 9, 2.01, [1080, 1088]
3, 0, 2.16, [295, 2765]
3, 1, 2.15, [302, 295]
3, 2, 2.12, [300, 295]
3, 3, 2.11, [277, 2770]
3, 4, 2.05, [2770, 2764]
3, 5, 2.05, [302, 264]
3, 6, 2.05, [302, 874]
3, 7, 2.04, [277, 250]
3, 8, 2.04, [159, 103]
3, 9, 2.03, [302, 275]
4, 0, 2.16, [295, 2765]
4, 1, 2.15, [302, 295]
4, 2, 2.08, [302, 2530]
4, 3, 2.05, [191, 154]
4, 4, 2.05, [302, 2770]
4, 5, 2.05, [2596, 2770]
4, 6, 2.05, [2512, 2574]
4, 7, 2.04, [259, 2765]
4, 8, 2.02, [91, 301]
4, 9, 2.02, [103, 2514]
5, 0, 2.16, [295, 2765]
5, 1, 2.15, [302, 295]
5, 2, 2.09, [295, 2711]
5, 3, 2.08, [295, 263]
5, 4, 2.07, [2764, 295]
5, 5, 2.05, [2767, 279]
5, 6, 2.03, [2595, 2765]
5, 7, 2.03, [98, 275]
5, 8, 2.02, [615, 291]
5, 9, 2.02, [609, 154]
6, 0, 2.16, [295, 2765]
6, 1, 2.15, [302, 295]
6, 2, 2.09, [219, 295]
6, 3, 2.08, [77, 1095]
6, 4, 2.07, [296, 2770]
6, 5, 2.04, [226, 2765]
6, 6, 2.03, [874, 266]
6, 7, 2.03, [300, 2065]
6, 8, 2.03, [2527, 2513]
6, 9, 2.02, [4849, 285]
7, 0, 2.19, [295, 269]
7, 1, 2.17, [277, 104]
7, 2, 2.16, [295, 2765]
7, 3, 2.15, [302, 295]
7, 4, 2.06, [291, 2595]
7, 5, 2.06, [209, 277]
7, 6, 2.04, [2770, 343]
7, 7, 2.04, [302, 264]
7, 8, 2.02, [2513, 1086]
7, 9, 2.01, [261, 98]
8, 0, 2.19, [295, 269]
8, 1, 2.17, [277, 104]
8, 2, 2.09, [295, 2574]
8, 3, 2.06, [193, 269]
8, 4, 2.02, [876, 104]
8, 5, 2.02, [335, 2525]
8, 6, 2.02, [2764, 291]
8, 7, 2.01, [537, 615]
8, 8, 2.01, [273, 2765]
8, 9, 2.01, [316, 2513]
9, 0, 2.19, [295, 269]
9, 1, 2.17, [277, 104]
9, 2, 2.1, [295, 558]
9, 3, 2.08, [250, 269]
9, 4, 2.05, [277, 2156]
9, 5, 2.05, [103, 296]
9, 6, 2.05, [103, 104]
9, 7, 2.04, [1088, 77]
9, 8, 2.03, [2950, 261]
9, 9, 2.03, [2513, 2574]
10, 0, 2.19, [295, 269]
10, 1, 2.17, [277, 104]
10, 2, 2.13, [295, 558]
10, 3, 2.12, [2530, 269]
10, 4, 2.11, [277, 279]
10, 5, 2.08, [295, 558]
10, 6, 2.07, [103, 269]
10, 7, 2.07, [295, 269]
10, 8, 2.06, [250, 2514]
10, 9, 2.05, [159, 615]
