generation number, pop_size, worst, best, median, avg, std, diversity, improvement, number_of_selections
0, 10, 2.01, 2.13, 2.04, 2.0490000000000004, 0.03238826948140331,0.9777777777777777,0,[1.e-300]
1, 10, 2.02, 2.19, 2.0549999999999997, 2.068, 0.05015974481593781,0.9555555555555556,0.028169014084507067,[1.e-300]
2, 10, 2.01, 2.19, 2.04, 2.0589999999999997, 0.055578772926361035,0.9222222222222223,0.0,[1.e-300]
3, 10, 2.02, 2.19, 2.06, 2.0780000000000003, 0.053814496188294834,0.8888888888888888,0.0,[1.e-300]
4, 10, 2.03, 2.19, 2.0549999999999997, 2.071, 0.048877397639399786,0.9111111111111111,0.0,[1.e-300]
5, 10, 2.02, 2.19, 2.065, 2.078, 0.048124837662063845,0.9222222222222223,0.0,[1.e-300]
6, 10, 2.01, 2.19, 2.035, 2.0549999999999997, 0.055901699437494755,0.9555555555555556,0.0,[1.e-300]
7, 10, 2.01, 2.19, 2.0599999999999996, 2.069, 0.053376024580330104,0.9,0.0,[1.e-300]
8, 10, 2.02, 2.19, 2.04, 2.064, 0.054626001134990644,0.9,0.0,[1.e-300]
9, 10, 2.01, 2.19, 2.05, 2.0729999999999995, 0.05496362433464518,0.8444444444444444,0.0,[1.e-300]
10, 10, 2.0, 2.19, 2.0549999999999997, 2.071, 0.056999999999999995,0.8555555555555556,0.0,[1.e-300]
