generation number, individual number, fitness, candidate
0, 0, 63.82, [1224, 1906, 1509]
0, 1, 9.0, [717, 1064, 140]
0, 2, 9.0, [1131, 1611, 576]
0, 3, 8.16, [4227, 905, 1230]
0, 4, 8.0, [1131, 140, 576]
0, 5, 7.0, [1695, 1332, 1906]
0, 6, 6.48, [1058, 1078, 697]
0, 7, 6.0, [4227, 1058, 1475]
0, 8, 4.0, [1131, 3124, 1247]
0, 9, 4.0, [1131, 1715, 1475]
1, 0, 65.53, [1827, 1906, 1509]
1, 1, 65.25, [4227, 421, 1509]
1, 2, 63.82, [1224, 1906, 1509]
1, 3, 63.01, [1020, 1230, 1509]
1, 4, 62.1, [1497, 1131, 1509]
1, 5, 16.53, [1224, 1424, 140]
1, 6, 15.45, [1224, 1906, 1332]
1, 7, 14.0, [717, 1906, 1091]
1, 8, 10.0, [1715, 1906, 1425]
1, 9, 9.0, [4227, 421, 140]
2, 0, 70.31, [1827, 695, 1509]
2, 1, 66.2, [905, 1990, 1509]
2, 2, 65.53, [1827, 1906, 1509]
2, 3, 65.25, [4227, 421, 1509]
2, 4, 64.39, [2320, 1906, 1509]
2, 5, 11.0, [1201, 1827, 1351]
2, 6, 11.0, [1827, 1090, 1351]
2, 7, 10.43, [905, 1223, 1225]
2, 8, 9.0, [905, 1417, 2094]
2, 9, 9.0, [905, 1906, 751]
3, 0, 71.69, [1827, 140, 1509]
3, 1, 70.31, [1827, 695, 1509]
3, 2, 70.0, [1827, 695, 1509]
3, 3, 66.2, [905, 1990, 1509]
3, 4, 65.76, [421, 1990, 1509]
3, 5, 65.28, [421, 1906, 1509]
3, 6, 62.33, [4227, 1475, 1509]
3, 7, 50.5, [2171, 6917, 1425]
3, 8, 10.4, [1131, 1990, 1025]
3, 9, 10.0, [905, 1332, 3662]
4, 0, 71.69, [1827, 140, 1509]
4, 1, 70.31, [1827, 695, 1509]
4, 2, 66.07, [2171, 1149, 1509]
4, 3, 16.0, [1827, 140, 1351]
4, 4, 14.53, [1827, 2171, 1407]
4, 5, 14.0, [1827, 695, 1125]
4, 6, 10.0, [421, 1332, 905]
4, 7, 10.0, [1827, 695, 970]
4, 8, 10.0, [1827, 905, 1068]
4, 9, 9.52, [697, 140, 1157]
5, 0, 72.47, [1125, 140, 1509]
5, 1, 72.35, [2171, 576, 1509]
5, 2, 71.69, [1827, 140, 1509]
5, 3, 70.31, [1827, 695, 1509]
5, 4, 67.39, [140, 1020, 1509]
5, 5, 65.27, [1827, 326, 1509]
5, 6, 65.04, [905, 1149, 1509]
5, 7, 11.0, [1827, 140, 1190]
5, 8, 11.0, [1827, 576, 1767]
5, 9, 11.0, [3124, 576, 1417]
6, 0, 72.47, [1125, 140, 1509]
6, 1, 72.35, [2171, 576, 1509]
6, 2, 72.29, [2171, 576, 1509]
6, 3, 72.14, [2171, 576, 1509]
6, 4, 72.04, [2171, 576, 1509]
6, 5, 69.26, [1125, 571, 1509]
6, 6, 68.81, [1157, 140, 1509]
6, 7, 68.43, [1368, 695, 1509]
6, 8, 67.57, [1125, 645, 1509]
6, 9, 12.0, [1125, 576, 1518]
7, 0, 72.47, [1125, 140, 1509]
7, 1, 72.35, [2171, 576, 1509]
7, 2, 72.28, [1125, 140, 1509]
7, 3, 72.01, [1125, 140, 1509]
7, 4, 70.06, [785, 576, 1509]
7, 5, 69.69, [975, 576, 1509]
7, 6, 67.36, [1518, 576, 1509]
7, 7, 13.0, [2171, 140, 1695]
7, 8, 13.0, [1480, 140, 1715]
7, 9, 9.0, [975, 576, 1212]
8, 0, 72.47, [1125, 140, 1509]
8, 1, 72.35, [2171, 576, 1509]
8, 2, 70.42, [1125, 1025, 1509]
8, 3, 68.36, [787, 140, 1509]
8, 4, 68.27, [1425, 140, 1509]
8, 5, 67.34, [975, 905, 1509]
8, 6, 22.0, [1125, 576, 1091]
8, 7, 19.0, [1125, 576, 1401]
8, 8, 13.46, [1223, 576, 717]
8, 9, 9.0, [1125, 749, 2989]
9, 0, 72.47, [1125, 140, 1509]
9, 1, 72.41, [1125, 140, 1509]
9, 2, 72.35, [2171, 576, 1509]
9, 3, 70.25, [1328, 576, 1509]
9, 4, 68.47, [1368, 576, 1509]
9, 5, 67.96, [2171, 1230, 1509]
9, 6, 67.91, [1620, 576, 1509]
9, 7, 64.82, [975, 1247, 1509]
9, 8, 15.0, [1125, 576, 2332]
9, 9, 14.51, [2171, 140, 788]
10, 0, 72.47, [1125, 140, 1509]
10, 1, 72.41, [1125, 140, 1509]
10, 2, 69.99, [785, 576, 1509]
10, 3, 68.08, [970, 140, 1509]
10, 4, 68.07, [1378, 576, 1509]
10, 5, 68.01, [1368, 140, 1509]
10, 6, 67.22, [1125, 314, 1509]
10, 7, 64.22, [1368, 1480, 1509]
10, 8, 13.0, [2171, 576, 2094]
10, 9, 13.0, [2171, 140, 1378]
11, 0, 72.47, [1125, 140, 1509]
11, 1, 72.41, [1125, 140, 1509]
11, 2, 69.49, [1125, 326, 1509]
11, 3, 68.56, [1368, 140, 1509]
11, 4, 67.87, [1125, 1064, 1509]
11, 5, 15.0, [1620, 2989, 1091]
11, 6, 12.0, [1125, 1068, 1403]
11, 7, 8.0, [3662, 1611, 1332]
11, 8, 8.0, [1090, 140, 1131]
11, 9, 4.5, [1107, 645, 788]
12, 0, 72.47, [1125, 140, 1509]
12, 1, 72.41, [1125, 140, 1509]
12, 2, 72.14, [1125, 576, 1509]
12, 3, 68.09, [1368, 140, 1509]
12, 4, 65.19, [1230, 1401, 1509]
12, 5, 17.0, [1125, 1225, 1091]
12, 6, 17.0, [320, 140, 1425]
12, 7, 12.0, [1125, 140, 2989]
12, 8, 12.0, [1125, 140, 1518]
12, 9, 9.32, [1620, 1402, 1230]
13, 0, 72.47, [1125, 140, 1509]
13, 1, 72.41, [1125, 140, 1509]
13, 2, 70.5, [785, 140, 1509]
13, 3, 67.53, [1059, 140, 1509]
13, 4, 63.43, [1368, 1225, 1509]
13, 5, 63.39, [1368, 1620, 1509]
13, 6, 15.06, [1350, 576, 1279]
13, 7, 12.0, [1125, 576, 1040]
13, 8, 11.0, [905, 140, 1935]
13, 9, 10.0, [1368, 576, 2377]
14, 0, 72.55, [1125, 576, 1509]
14, 1, 72.47, [1125, 140, 1509]
14, 2, 72.41, [1125, 140, 1509]
14, 3, 63.33, [751, 5684, 1509]
14, 4, 62.94, [2332, 1715, 1509]
14, 5, 17.0, [1125, 1424, 1091]
14, 6, 13.0, [3124, 1225, 1091]
14, 7, 13.0, [1125, 140, 1146]
14, 8, 12.0, [1430, 140, 1247]
14, 9, 11.0, [1125, 576, 314]
15, 0, 72.55, [1125, 576, 1509]
15, 1, 72.47, [1125, 140, 1509]
15, 2, 68.22, [1368, 576, 1509]
15, 3, 66.66, [785, 788, 1509]
15, 4, 63.72, [785, 1311, 1509]
15, 5, 62.1, [1619, 1424, 1509]
15, 6, 13.0, [1125, 140, 1611]
15, 7, 12.0, [1125, 576, 1715]
15, 8, 10.0, [1125, 2332, 1212]
15, 9, 8.0, [1059, 1475, 1025]
16, 0, 72.55, [1125, 576, 1509]
16, 1, 72.47, [1125, 140, 1509]
16, 2, 67.85, [1990, 576, 1509]
16, 3, 66.06, [1107, 1223, 1509]
16, 4, 61.32, [1652, 1351, 1509]
16, 5, 15.45, [1125, 788, 1401]
16, 6, 11.0, [785, 140, 1146]
16, 7, 11.0, [1068, 576, 1378]
16, 8, 10.0, [1368, 576, 2377]
16, 9, 10.0, [785, 576, 2094]
17, 0, 72.55, [1125, 576, 1509]
17, 1, 72.47, [1125, 140, 1509]
17, 2, 67.59, [3662, 576, 1509]
17, 3, 67.4, [3662, 140, 1509]
17, 4, 15.0, [1125, 576, 905]
17, 5, 11.3, [1990, 576, 1059]
17, 6, 11.0, [785, 140, 717]
17, 7, 11.0, [1125, 1225, 1068]
17, 8, 10.0, [1125, 571, 1287]
17, 9, 8.0, [1201, 585, 2332]
18, 0, 72.55, [1125, 576, 1509]
18, 1, 72.47, [1125, 140, 1509]
18, 2, 70.58, [785, 140, 1509]
18, 3, 67.35, [1064, 576, 1509]
18, 4, 67.3, [1125, 970, 1509]
18, 5, 62.13, [3662, 645, 1509]
18, 6, 62.01, [775, 314, 1509]
18, 7, 61.27, [3662, 1767, 1509]
18, 8, 11.0, [717, 140, 749]
18, 9, 6.54, [3662, 1767, 1407]
19, 0, 72.56, [1125, 576, 1509]
19, 1, 72.55, [1125, 576, 1509]
19, 2, 72.47, [1125, 140, 1509]
19, 3, 67.12, [1125, 1168, 1509]
19, 4, 63.52, [314, 645, 1509]
19, 5, 62.4, [1368, 1518, 1509]
19, 6, 15.48, [1407, 1225, 1091]
19, 7, 10.0, [785, 576, 1437]
19, 8, 8.0, [3124, 576, 1212]
19, 9, 7.0, [1125, 4227, 1378]
20, 0, 72.56, [1125, 576, 1509]
20, 1, 72.55, [1125, 576, 1509]
20, 2, 64.9, [2989, 1328, 1509]
20, 3, 64.3, [1368, 1442, 1509]
20, 4, 62.19, [645, 1090, 1509]
20, 5, 14.0, [314, 1425, 1430]
20, 6, 12.0, [1125, 1480, 1059]
20, 7, 11.0, [1149, 576, 1827]
20, 8, 11.0, [1125, 751, 1403]
20, 9, 9.0, [695, 576, 1131]
21, 0, 72.56, [1125, 576, 1509]
21, 1, 72.55, [1125, 576, 1509]
21, 2, 67.83, [785, 1328, 1509]
21, 3, 67.2, [1090, 576, 1509]
21, 4, 66.65, [2320, 1442, 1509]
21, 5, 66.01, [1368, 1328, 1509]
21, 6, 15.0, [1125, 1652, 1401]
21, 7, 10.0, [2989, 576, 2377]
21, 8, 10.0, [2377, 1068, 1611]
21, 9, 9.5, [1125, 1328, 1225]
22, 0, 72.56, [1125, 576, 1509]
22, 1, 72.55, [1125, 576, 1509]
22, 2, 68.46, [1131, 576, 1509]
22, 3, 67.39, [785, 571, 1509]
22, 4, 67.06, [1125, 1028, 1509]
22, 5, 66.86, [1125, 2094, 1509]
22, 6, 65.51, [785, 831, 1509]
22, 7, 46.55, [1090, 571, 6917]
22, 8, 13.51, [1328, 1430, 2332]
22, 9, 13.0, [785, 576, 521]
23, 0, 72.56, [1125, 576, 1509]
23, 1, 72.55, [1125, 576, 1509]
23, 2, 68.59, [1368, 576, 1509]
23, 3, 67.9, [1125, 1230, 1509]
23, 4, 64.51, [788, 1403, 1509]
23, 5, 61.45, [3662, 1287, 1509]
23, 6, 12.0, [1619, 576, 1068]
23, 7, 12.0, [1125, 1378, 1480]
23, 8, 11.0, [1131, 576, 1827]
23, 9, 9.0, [1131, 576, 1146]
24, 0, 72.56, [1125, 576, 1509]
24, 1, 72.55, [1125, 576, 1509]
24, 2, 18.0, [905, 1620, 1091]
24, 3, 16.0, [775, 576, 1425]
24, 4, 15.02, [2171, 1437, 1350]
24, 5, 12.49, [1125, 1480, 697]
24, 6, 12.0, [1125, 576, 1695]
24, 7, 11.0, [1430, 1417, 1146]
24, 8, 9.0, [2320, 1611, 1226]
24, 9, 6.95, [1906, 1497, 1990]
25, 0, 72.56, [1125, 576, 1509]
25, 1, 72.55, [1125, 576, 1509]
25, 2, 70.23, [1125, 1223, 1509]
25, 3, 66.38, [421, 1620, 1509]
25, 4, 65.95, [1125, 775, 1509]
25, 5, 18.0, [1368, 576, 1091]
25, 6, 15.1, [421, 1620, 1350]
25, 7, 14.04, [1125, 314, 1350]
25, 8, 14.0, [1652, 140, 2171]
25, 9, 13.0, [1059, 1437, 1091]
26, 0, 72.56, [1125, 576, 1509]
26, 1, 72.55, [1125, 576, 1509]
26, 2, 71.07, [905, 576, 1509]
26, 3, 69.11, [1442, 576, 1509]
26, 4, 67.19, [1125, 645, 1509]
26, 5, 65.6, [1028, 571, 1509]
26, 6, 20.56, [1125, 576, 1224]
26, 7, 14.57, [831, 1223, 1425]
26, 8, 12.0, [1025, 576, 4227]
26, 9, 9.5, [1125, 788, 1611]
27, 0, 72.56, [1125, 576, 1509]
27, 1, 72.55, [1125, 576, 1509]
27, 2, 70.47, [576, 785, 1509]
27, 3, 69.05, [1125, 571, 1509]
27, 4, 68.32, [421, 695, 1509]
27, 5, 67.15, [1125, 1424, 1509]
27, 6, 62.94, [1368, 2094, 1509]
27, 7, 13.0, [1125, 576, 585]
27, 8, 11.0, [1146, 576, 785]
27, 9, 11.0, [521, 576, 1090]
28, 0, 72.56, [1125, 576, 1509]
28, 1, 72.55, [1125, 576, 1509]
28, 2, 72.16, [1125, 140, 1509]
28, 3, 68.46, [970, 576, 1509]
28, 4, 67.25, [140, 2110, 1509]
28, 5, 64.33, [787, 975, 1509]
28, 6, 63.11, [1611, 1442, 1509]
28, 7, 14.53, [1125, 785, 1224]
28, 8, 12.4, [1403, 576, 1990]
28, 9, 11.51, [2110, 1224, 1424]
29, 0, 72.56, [1125, 576, 1509]
29, 1, 72.55, [1125, 576, 1509]
29, 2, 67.41, [775, 576, 1509]
29, 3, 65.04, [785, 1368, 1509]
29, 4, 61.2, [1990, 4227, 1509]
29, 5, 14.0, [1125, 2094, 1401]
29, 6, 10.0, [1125, 1417, 1226]
29, 7, 9.0, [1125, 571, 1020]
29, 8, 8.6, [326, 1518, 1402]
29, 9, 8.0, [140, 576, 1028]
30, 0, 72.56, [1125, 576, 1509]
30, 1, 72.55, [1125, 576, 1509]
30, 2, 72.36, [1125, 695, 1509]
30, 3, 14.0, [1125, 576, 2377]
30, 4, 13.86, [1125, 1350, 1279]
30, 5, 12.0, [775, 1078, 1401]
30, 6, 12.0, [1190, 576, 1332]
30, 7, 11.49, [1906, 576, 1407]
30, 8, 10.0, [1620, 576, 1497]
30, 9, 9.0, [1125, 571, 1518]
31, 0, 72.56, [1125, 576, 1509]
31, 1, 72.55, [1125, 576, 1509]
31, 2, 69.78, [1125, 1509, 905]
31, 3, 66.27, [1125, 1509, 1611]
31, 4, 64.15, [1332, 5684, 1509]
31, 5, 63.25, [1424, 645, 1509]
31, 6, 44.38, [1028, 1225, 6917]
31, 7, 13.8, [1350, 1040, 576]
31, 8, 12.0, [1125, 1058, 905]
31, 9, 10.0, [785, 576, 1020]
32, 0, 72.56, [1125, 576, 1509]
32, 1, 72.55, [1125, 576, 1509]
32, 2, 67.76, [1125, 697, 1509]
32, 3, 67.56, [1652, 576, 1509]
32, 4, 66.17, [1125, 1201, 1509]
32, 5, 15.48, [1125, 1224, 3124]
32, 6, 13.0, [1332, 576, 1990]
32, 7, 12.0, [1125, 645, 1351]
32, 8, 12.0, [1125, 576, 1059]
32, 9, 10.0, [1125, 1090, 421]
33, 0, 72.56, [1125, 576, 1509]
33, 1, 72.55, [1125, 576, 1509]
33, 2, 66.28, [1125, 1040, 1509]
33, 3, 66.14, [831, 1141, 1509]
33, 4, 65.12, [1025, 2110, 1509]
33, 5, 63.3, [1368, 1475, 1509]
33, 6, 48.87, [1518, 576, 6917]
33, 7, 19.0, [1125, 576, 1401]
33, 8, 10.0, [1125, 1906, 905]
33, 9, 10.0, [140, 1226, 785]
34, 0, 72.56, [1125, 576, 1509]
34, 1, 72.55, [1125, 576, 1509]
34, 2, 69.35, [1442, 576, 1509]
34, 3, 66.92, [1906, 576, 1509]
34, 4, 66.56, [1224, 571, 1509]
34, 5, 63.23, [1224, 1906, 1509]
34, 6, 11.0, [1125, 1141, 1403]
34, 7, 10.0, [831, 576, 1620]
34, 8, 7.49, [785, 1402, 1225]
34, 9, 6.5, [1417, 1368, 697]
35, 0, 72.56, [1125, 576, 1509]
35, 1, 72.55, [1125, 576, 1509]
35, 2, 67.9, [1368, 576, 1509]
35, 3, 67.0, [1125, 314, 1509]
35, 4, 66.43, [1223, 1028, 1509]
35, 5, 16.49, [1125, 585, 1224]
35, 6, 12.0, [1442, 576, 2989]
35, 7, 12.0, [1125, 1437, 576]
35, 8, 10.04, [1020, 1190, 1350]
35, 9, 10.0, [905, 1068, 1225]
36, 0, 72.56, [1125, 576, 1509]
36, 1, 72.55, [1125, 576, 1509]
36, 2, 63.69, [1157, 645, 1509]
36, 3, 17.0, [1091, 571, 2377]
36, 4, 11.0, [1247, 576, 1125]
36, 5, 11.0, [1125, 1417, 1403]
36, 6, 10.0, [1311, 645, 1401]
36, 7, 8.0, [1311, 576, 1906]
36, 8, 8.0, [785, 1368, 2320]
36, 9, 8.0, [1715, 576, 1107]
37, 0, 72.56, [1125, 576, 1509]
37, 1, 72.55, [1125, 576, 1509]
37, 2, 67.08, [1368, 1068, 1509]
37, 3, 66.48, [1442, 571, 1509]
37, 4, 63.7, [1157, 645, 1509]
37, 5, 20.0, [1091, 576, 2377]
37, 6, 11.0, [521, 576, 970]
37, 7, 10.0, [1125, 1475, 2377]
37, 8, 9.0, [1058, 571, 2377]
37, 9, 9.0, [1403, 576, 1168]
38, 0, 72.56, [1125, 576, 1509]
38, 1, 72.55, [1125, 576, 1509]
38, 2, 71.11, [905, 576, 1509]
38, 3, 68.45, [1401, 1068, 1509]
38, 4, 66.9, [785, 571, 1509]
38, 5, 65.11, [785, 314, 1509]
38, 6, 18.0, [1368, 576, 1091]
38, 7, 11.0, [326, 576, 1518]
38, 8, 10.0, [1078, 576, 1146]
38, 9, 8.0, [1125, 1518, 1287]
39, 0, 72.56, [1125, 576, 1509]
39, 1, 72.55, [1125, 576, 1509]
39, 2, 70.41, [421, 576, 1509]
39, 3, 67.29, [1125, 831, 1509]
39, 4, 64.41, [1401, 314, 1509]
39, 5, 64.24, [1247, 571, 1509]
39, 6, 43.33, [6917, 3662, 1107]
39, 7, 22.0, [1401, 576, 1425]
39, 8, 13.15, [905, 1068, 1990]
39, 9, 8.0, [1125, 1078, 1028]
40, 0, 72.56, [1125, 576, 1509]
40, 1, 72.55, [1125, 576, 1509]
40, 2, 66.13, [421, 1509, 1225]
40, 3, 64.43, [1247, 571, 1509]
40, 4, 16.0, [1125, 576, 1442]
40, 5, 11.95, [1125, 571, 1990]
40, 6, 9.0, [831, 576, 1403]
40, 7, 8.0, [1141, 571, 1497]
40, 8, 7.0, [1368, 785, 1620]
40, 9, 7.0, [1125, 1201, 1695]
41, 0, 72.56, [1125, 576, 1509]
41, 1, 72.55, [1125, 576, 1509]
41, 2, 67.79, [326, 1509, 1402]
41, 3, 66.76, [1064, 576, 1509]
41, 4, 64.58, [1402, 1509, 775]
41, 5, 63.16, [831, 1279, 1509]
41, 6, 14.0, [1430, 576, 421]
41, 7, 10.0, [1125, 571, 1146]
41, 8, 9.0, [585, 1351, 1168]
41, 9, 8.0, [970, 576, 1695]
42, 0, 72.56, [1125, 576, 1509]
42, 1, 72.55, [1125, 576, 1509]
42, 2, 71.35, [1407, 576, 1509]
42, 3, 66.32, [1125, 1059, 1509]
42, 4, 65.8, [970, 1402, 1509]
42, 5, 65.37, [1168, 571, 1509]
42, 6, 65.09, [326, 1509, 314]
42, 7, 62.09, [1652, 1378, 1509]
42, 8, 61.73, [1518, 2094, 1509]
42, 9, 11.0, [326, 576, 5684]
43, 0, 72.56, [1125, 576, 1509]
43, 1, 72.55, [1125, 576, 1509]
43, 2, 70.89, [1328, 576, 1509]
43, 3, 62.65, [1146, 1064, 1509]
43, 4, 20.58, [1125, 576, 1224]
43, 5, 18.0, [1125, 1425, 1025]
43, 6, 14.0, [1125, 2377, 695]
43, 7, 13.0, [1125, 521, 1141]
43, 8, 12.46, [1332, 1407, 2377]
43, 9, 11.51, [1407, 576, 2094]
44, 0, 72.56, [1125, 576, 1509]
44, 1, 72.55, [1125, 576, 1509]
44, 2, 67.87, [1131, 576, 1509]
44, 3, 62.67, [2094, 1064, 1509]
44, 4, 44.47, [1611, 6917, 831]
44, 5, 16.46, [1437, 576, 1224]
44, 6, 13.0, [1279, 576, 2171]
44, 7, 11.0, [785, 576, 1157]
44, 8, 9.0, [1146, 576, 1767]
44, 9, 7.0, [1125, 1064, 2989]
45, 0, 72.56, [1125, 576, 1509]
45, 1, 72.55, [1125, 576, 1509]
45, 2, 67.33, [1125, 314, 1509]
45, 3, 62.46, [2094, 1168, 1509]
45, 4, 62.43, [2094, 314, 1509]
45, 5, 62.26, [1225, 1475, 1509]
45, 6, 14.08, [1125, 1064, 1350]
45, 7, 10.0, [1125, 1141, 1225]
45, 8, 8.55, [697, 1437, 2171]
45, 9, 7.0, [1125, 1225, 1107]
46, 0, 72.56, [1125, 576, 1509]
46, 1, 72.55, [1125, 576, 1509]
46, 2, 69.02, [1125, 571, 1509]
46, 3, 67.26, [1107, 576, 1509]
46, 4, 64.19, [1146, 1332, 1509]
46, 5, 62.41, [1497, 1424, 1509]
46, 6, 12.0, [1125, 576, 1497]
46, 7, 10.0, [1401, 1190, 3662]
46, 8, 9.0, [1125, 571, 970]
46, 9, 6.0, [1611, 571, 1424]
47, 0, 72.56, [1125, 576, 1509]
47, 1, 72.55, [1125, 576, 1509]
47, 2, 67.29, [1125, 314, 1509]
47, 3, 66.96, [775, 576, 1509]
47, 4, 12.0, [1125, 1351, 1518]
47, 5, 11.0, [785, 576, 1611]
47, 6, 11.0, [571, 576, 1442]
47, 7, 10.0, [1125, 975, 2320]
47, 8, 8.0, [1368, 576, 1225]
47, 9, 6.0, [1090, 905, 1028]
48, 0, 72.56, [1125, 576, 1509]
48, 1, 72.55, [1125, 576, 1509]
48, 2, 70.22, [785, 576, 1509]
48, 3, 67.05, [1125, 645, 1509]
48, 4, 62.55, [775, 1225, 1509]
48, 5, 62.16, [2989, 314, 1509]
48, 6, 12.56, [1224, 1652, 1378]
48, 7, 12.0, [1125, 576, 2171]
48, 8, 10.0, [1125, 4227, 1827]
48, 9, 8.0, [1351, 314, 4227]
49, 0, 72.56, [1125, 576, 1509]
49, 1, 72.55, [1125, 576, 1509]
49, 2, 68.87, [1125, 1058, 1509]
49, 3, 65.21, [785, 1225, 1509]
49, 4, 62.47, [1287, 831, 1509]
49, 5, 62.18, [775, 645, 1509]
49, 6, 14.57, [571, 1328, 1350]
49, 7, 14.0, [1351, 576, 1475]
49, 8, 12.0, [1125, 576, 1107]
49, 9, 12.0, [1125, 576, 1090]
50, 0, 72.56, [1125, 576, 1509]
50, 1, 72.55, [1125, 576, 1509]
50, 2, 71.32, [1125, 1068, 1509]
50, 3, 15.0, [1225, 576, 1401]
50, 4, 14.0, [314, 576, 1401]
50, 5, 12.0, [1125, 1225, 1351]
50, 6, 12.0, [1125, 140, 1064]
50, 7, 11.0, [1368, 576, 521]
50, 8, 10.0, [785, 576, 1518]
50, 9, 9.0, [1125, 717, 1078]
