generation number, individual number, fitness, candidate
0, 0, 3.13, [286, 56237, 150653]
0, 1, 3.12, [90, 56240, 62858]
0, 2, 3.11, [278, 65901, 1062]
0, 3, 3.09, [56239, 89, 11387]
0, 4, 3.08, [33298, 98062, 150652]
0, 5, 3.07, [65899, 134361, 127088]
0, 6, 3.05, [221360, 123523, 127088]
0, 7, 3.04, [73700, 134361, 134362]
0, 8, 3.03, [156909, 100141, 80449]
0, 9, 3.0, [12067, 70639, 134361]
1, 0, 3.2, [70639, 66167, 150653]
1, 1, 3.17, [90, 62858, 150653]
1, 2, 3.16, [87, 100141, 150653]
1, 3, 3.15, [86, 65901, 150652]
1, 4, 3.15, [278, 80450, 150652]
1, 5, 3.14, [278, 56240, 66167]
1, 6, 3.13, [286, 56240, 66167]
1, 7, 3.13, [286, 56237, 150653]
1, 8, 3.12, [90, 56240, 62858]
1, 9, 3.1, [33298, 70638, 1062]
2, 0, 3.22, [90, 66167, 150652]
2, 1, 3.2, [70639, 66167, 150653]
2, 2, 3.17, [33299, 66167, 56241]
2, 3, 3.17, [90, 62858, 150653]
2, 4, 3.16, [70639, 62858, 150652]
2, 5, 3.16, [87, 66167, 150652]
2, 6, 3.14, [283, 66167, 150653]
2, 7, 3.12, [33297, 100141, 150653]
2, 8, 3.1, [66059, 66167, 89]
2, 9, 3.08, [33297, 62858, 150653]
3, 0, 3.22, [90, 66167, 150652]
3, 1, 3.2, [90, 56240, 150652]
3, 2, 3.2, [70639, 66167, 150653]
3, 3, 3.18, [90, 66167, 88]
3, 4, 3.17, [283, 66167, 150653]
3, 5, 3.15, [90, 66171, 56241]
3, 6, 3.13, [65901, 66167, 150652]
3, 7, 3.13, [11387, 127088, 65899]
3, 8, 3.1, [33299, 56237, 150652]
3, 9, 3.09, [11926, 33298, 283]
4, 0, 3.22, [90, 66167, 150652]
4, 1, 3.2, [90, 56240, 150652]
4, 2, 3.16, [1061, 56240, 150652]
4, 3, 3.15, [33297, 66167, 88]
4, 4, 3.14, [90, 56240, 148118]
4, 5, 3.12, [90, 66167, 278]
4, 6, 3.12, [285, 66167, 150653]
4, 7, 3.12, [286, 150654, 80662]
4, 8, 3.11, [90, 56239, 150652]
4, 9, 3.1, [134361, 56240, 150653]
5, 0, 3.22, [90, 66167, 150652]
5, 1, 3.21, [286, 66167, 150652]
5, 2, 3.2, [90, 56240, 150652]
5, 3, 3.19, [90, 66167, 66169]
5, 4, 3.18, [286, 66167, 150652]
5, 5, 3.18, [90, 148118, 150652]
5, 6, 3.15, [1061, 66167, 127089]
5, 7, 3.13, [1061, 66167, 90]
5, 8, 3.12, [90, 56239, 150652]
5, 9, 3.09, [33297, 56240, 156909]
6, 0, 3.22, [90, 56237, 150654]
6, 1, 3.22, [90, 66167, 150652]
6, 2, 3.21, [286, 66167, 150652]
6, 3, 3.16, [90, 66171, 150652]
6, 4, 3.14, [282, 66167, 89]
6, 5, 3.12, [282, 91277, 150652]
6, 6, 3.1, [100141, 66167, 73700]
6, 7, 3.1, [87, 1927, 150652]
6, 8, 3.09, [12067, 11388, 150652]
6, 9, 3.08, [113173, 66167, 100807]
7, 0, 3.22, [90, 56237, 150654]
7, 1, 3.22, [90, 66167, 150652]
7, 2, 3.2, [90, 62858, 150652]
7, 3, 3.17, [90, 56239, 150654]
7, 4, 3.16, [113172, 66167, 150652]
7, 5, 3.15, [90, 67332, 66171]
7, 6, 3.15, [90, 66166, 150652]
7, 7, 3.13, [284, 56237, 150654]
7, 8, 3.12, [90, 150652, 823]
7, 9, 3.09, [286, 66167, 150654]
8, 0, 3.22, [90, 56237, 150654]
8, 1, 3.22, [90, 66167, 150652]
8, 2, 3.18, [90, 56239, 150652]
8, 3, 3.18, [31634, 66167, 150654]
8, 4, 3.16, [90, 56239, 150655]
8, 5, 3.15, [90, 56237, 150655]
8, 6, 3.14, [90, 66167, 150652]
8, 7, 3.14, [67331, 56239, 14223]
8, 8, 3.11, [90, 56240, 150652]
8, 9, 3.1, [285, 62858, 150654]
9, 0, 3.22, [90, 56237, 150654]
9, 1, 3.22, [90, 66167, 150652]
9, 2, 3.2, [90, 56237, 150652]
9, 3, 3.19, [90, 127089, 150654]
9, 4, 3.15, [282, 56237, 150652]
9, 5, 3.15, [90, 56239, 156909]
9, 6, 3.15, [90, 56237, 150654]
9, 7, 3.11, [113173, 66167, 150652]
9, 8, 3.08, [90, 66167, 156909]
9, 9, 3.06, [11387, 56237, 150652]
10, 0, 3.22, [90, 56237, 148118]
10, 1, 3.22, [90, 56237, 150654]
10, 2, 3.22, [90, 66167, 150652]
10, 3, 3.17, [90, 56240, 150654]
10, 4, 3.16, [90, 56240, 150652]
10, 5, 3.12, [56237, 66169, 150654]
10, 6, 3.12, [90, 56237, 150654]
10, 7, 3.11, [282, 66167, 150654]
10, 8, 3.1, [90, 46, 150654]
10, 9, 3.09, [90, 62858, 150652]
