n_nodes,influence,n0,n1,n2,n3,n4,n5,n6,n7,n8,n9
10,103.2500,8,3,4,5,0,6,7,9,13,14
10,103.2500,8,3,4,5,0,6,7,9,13,14
10,103.2500,8,3,4,5,0,6,7,9,13,14
10,103.2500,8,3,4,5,0,6,7,9,13,14
10,101.9100,8,3,4,5,0,6,7,9,13,14
10,101.9100,8,3,4,5,0,6,7,9,13,14
10,101.9100,8,3,4,5,0,6,7,9,13,14
10,101.9100,8,3,4,5,0,6,7,9,13,14
10,101.9100,8,3,4,5,0,6,7,9,13,14
10,101.9100,8,3,4,5,0,6,7,9,13,14
10,101.9100,8,3,4,5,0,6,7,9,13,14
10,101.9100,8,3,4,5,0,6,7,9,13,14
10,101.9100,8,3,4,5,0,6,7,9,13,14
10,101.9100,8,3,4,5,0,6,7,9,13,14
10,101.9100,8,3,4,5,0,6,7,9,13,14
10,101.9100,8,3,4,5,0,6,7,9,13,14
