n_nodes,influence,n0,n1,n2,n3,n4
5,84.6200,7735,65613,11744,25031,7184
5,82.8200,7735,65613,11744,25031,7184
5,82.4800,7735,65613,11744,25031,7184
5,80.7100,7735,65613,11744,25031,7184
5,80.5000,7735,65613,11744,25031,7184
5,80.5000,7735,65613,11744,25031,7184
5,79.9100,7735,65613,11744,25031,7184
5,79.5100,11744,29744,65613,7184,42524
5,79.3500,7735,65613,11744,25031,7184
5,79.3500,7735,65613,11744,25031,7184
5,79.3500,7735,65613,11744,25031,7184
5,79.2400,7735,65613,11744,25031,7184
5,78.9000,7735,65613,11744,25031,7184
5,78.7500,7735,65613,11744,25031,7184
5,78.2500,11744,24205,45452,65613,7735
5,78.1500,7735,65613,11744,25031,7184
