generation number, pop_size, worst, best, median, avg, std, diversity, improvement, number_of_selections
0, 10, 5.83, 39.86, 10.74, 14.681000000000003, 10.12925411864072,0.962962962962963,0,[1.e-300]
1, 10, 12.0, 42.5, 39.075, 33.421, 9.342534399187407,0.8148148148148149,0.06623181133968893,[10.]
2, 10, 10.39, 45.56, 40.3, 32.736000000000004, 13.824348230567688,0.7555555555555555,0.07200000000000005,[20.]
3, 10, 7.44, 45.56, 41.510000000000005, 37.771, 10.581063698891525,0.6888888888888889,0.0,[30.]
4, 10, 14.0, 45.56, 39.955, 38.121, 8.644626596909783,0.6592592592592593,0.0,[40.]
5, 10, 14.0, 45.56, 39.370000000000005, 33.647000000000006, 12.53771594031385,0.725925925925926,0.0,[50.]
6, 10, 10.45, 45.56, 38.455, 30.151, 14.030668159428476,0.7925925925925926,0.0,[60.]
7, 10, 12.0, 63.83, 42.56, 36.234, 16.421220539290008,0.7037037037037037,0.40100965759438095,[70.]
8, 10, 15.0, 63.83, 39.394999999999996, 38.685, 11.53227232595554,0.7333333333333334,0.0,[80.]
9, 10, 10.0, 63.83, 33.845, 36.513, 16.96007550101119,0.762962962962963,0.0,[90.]
10, 10, 13.0, 64.8, 43.155, 44.77, 18.463856043632923,0.7407407407407407,0.015196616011279945,[100.]
