n_nodes,influence,n0,n1,n2,n3,n4
5,819.9500,2688,2565,1608,766,4099
5,819.9500,2688,2565,1608,766,4099
5,818.1900,2688,2565,1608,1319,766
5,816.1400,2688,2565,1608,1319,766
5,815.0500,2688,2565,1608,1319,766
5,813.4200,2688,2565,1608,1319,766
5,813.3100,2688,2565,1608,1319,766
5,813.3100,2688,2565,1608,1319,766
5,813.3100,2688,2565,1608,1319,766
5,812.4900,2688,2565,1608,1319,766
5,812.4900,2688,2565,1608,1319,766
5,812.4900,2688,2565,1608,1319,766
5,812.4900,2688,2565,1608,1319,766
5,812.4900,2688,2565,1608,1319,766
5,812.4900,2688,2565,1608,1319,766
5,811.8800,2688,2565,1608,1319,766
5,811.8800,2688,2565,1608,1319,766
5,811.5700,1166,2565,1608,1319,766
5,809.9700,2688,2565,1608,1319,766
5,809.9700,2688,2565,1608,1319,766
5,809.9700,2688,2565,1608,1319,766
5,809.9600,2688,2565,1608,1319,766
5,809.9600,2688,2565,1608,1319,766
5,809.9600,2688,2565,1608,1319,766
5,809.4600,2688,2565,1608,1319,766
5,809.1800,1166,2565,1608,1319,766
5,805.8200,2688,2565,1608,766,4099
5,805.8200,2688,2565,1608,766,4099
5,805.8200,2688,2565,1608,766,4099
5,805.8200,2688,2565,1608,766,4099
5,805.8200,2688,2565,1608,766,4099
5,805.8200,2688,2565,1608,766,4099
5,805.8200,2688,2565,1608,766,4099
5,800.7200,2688,2565,1608,1319,766
5,797.0800,1166,2565,1608,1319,766
5,790.2800,2688,4099,2565,1319,766
5,788.2200,2688,4099,2565,1319,766
5,787.8400,2688,4099,2565,1319,766
5,787.7200,2688,4099,2565,1319,766
5,787.7200,2688,4099,2565,1319,766
5,787.7200,2688,4099,2565,1319,766
5,787.2800,2688,4099,2565,1319,766
5,785.1700,2688,4099,2565,1319,766
5,785.1700,2688,4099,2565,1319,766
5,785.1700,2688,4099,2565,1319,766
5,785.1700,2688,4099,2565,1319,766
5,784.8900,2688,1167,2565,1319,766
5,784.7800,2688,4099,2565,1319,766
5,784.5200,2688,4099,2565,1319,766
5,782.9400,2688,4099,2565,1319,766
5,781.9300,2688,4099,2565,1319,766
5,781.8900,2688,4099,2565,1319,766
5,781.7600,2688,4099,2565,1319,766
5,781.3900,2688,4099,2565,1319,766
5,781.2600,2688,4099,2565,1319,766
5,779.5400,2688,4099,2565,1319,766
5,779.1700,2688,4099,2565,1319,766
5,778.8700,2688,4099,2565,1319,766
5,778.8000,2688,4099,2565,1319,766
5,778.7800,2688,4099,2565,1319,766
5,778.5900,2688,4099,2565,1319,766
5,778.1100,2688,4099,2565,1319,766
5,778.1100,2688,4099,2565,1319,766
5,777.1500,2688,4099,2565,1319,766
5,776.3700,2688,4099,2565,1319,766
5,776.3700,2688,4099,2565,1319,766
5,776.3700,2688,4099,2565,1319,766
5,776.3700,2688,4099,2565,1319,766
5,776.3700,2688,4099,2565,1319,766
5,776.3700,2688,4099,2565,1319,766
5,776.3700,2688,4099,2565,1319,766
5,776.3700,2688,4099,2565,1319,766
5,776.3700,2688,4099,2565,1319,766
5,776.3700,2688,4099,2565,1319,766
5,776.3700,2688,4099,2565,1319,766
5,776.3700,2688,4099,2565,1319,766
5,776.3700,2688,4099,2565,1319,766
5,776.3700,2688,4099,2565,1319,766
5,776.3700,2688,4099,2565,1319,766
5,776.3700,2688,4099,2565,1319,766
5,776.3700,2688,4099,2565,1319,766
5,776.3700,2688,4099,2565,1319,766
5,776.3700,2688,4099,2565,1319,766
5,775.6900,2688,4099,2565,1319,766
5,775.6900,2688,4099,2565,1319,766
5,775.6900,2688,4099,2565,1319,766
5,775.6900,2688,4099,2565,1319,766
5,775.6900,2688,4099,2565,1319,766
5,775.6900,2688,4099,2565,1319,766
5,775.0500,1166,4099,2565,1319,766
5,774.8100,1166,4099,2565,1319,766
5,774.6100,1166,4099,2565,1319,766
5,774.6100,1166,4099,2565,1319,766
5,774.6100,1166,4099,2565,1319,766
5,774.6100,1166,4099,2565,1319,766
5,774.6100,1166,4099,2565,1319,766
5,774.6100,1166,4099,2565,1319,766
5,774.6100,1166,4099,2565,1319,766
5,774.6000,2688,4099,2565,1319,766
5,774.2600,2688,4099,2565,1319,766
5,774.2600,2688,4099,2565,1319,766
5,773.9100,1166,2565,1125,1319,766
5,773.9100,1166,2565,1125,1319,766
5,773.9100,1166,2565,1125,1319,766
5,773.9100,1166,2565,1125,1319,766
5,773.9100,1166,2565,1125,1319,766
5,773.9100,1166,2565,1125,1319,766
5,773.9100,1166,2565,1125,1319,766
5,773.9100,1166,2565,1125,1319,766
5,773.9100,1166,2565,1125,1319,766
5,773.2000,2688,2565,1125,1319,766
5,772.5700,2688,4099,2565,1319,766
5,771.5500,2688,2565,1125,1319,766
5,771.5500,2688,2565,1125,1319,766
5,771.5500,2688,2565,1125,1319,766
5,770.7800,1166,4099,2565,1319,766
5,770.5100,1166,4099,2565,1319,766
5,769.7500,2688,2565,1125,1319,766
5,769.4800,2688,2565,1608,438,766
5,769.4800,2688,2565,1608,438,766
5,769.2400,2688,3060,2565,1608,766
5,767.5900,1166,2565,1125,1319,766
5,767.5900,1166,2565,1125,1319,766
5,767.5900,1166,2565,1125,1319,766
5,767.5900,1166,2565,1125,1319,766
5,767.5900,1166,2565,1125,1319,766
5,767.5900,1166,2565,1125,1319,766
5,767.5900,1166,2565,1125,1319,766
