generation number, individual number, fitness, candidate
0, 0, 2.15, [656, 520]
0, 1, 2.03, [216, 656]
0, 2, 2.03, [905, 819]
0, 3, 2.03, [1419, 1414]
0, 4, 2.01, [1219, 98]
0, 5, 2.01, [1555, 716]
0, 6, 2.01, [1603, 785]
0, 7, 2.01, [905, 1219]
0, 8, 2.0, [609, 1225]
0, 9, 2.0, [905, 483]
1, 0, 2.15, [656, 520]
1, 1, 2.08, [786, 520]
1, 2, 2.06, [1289, 247]
1, 3, 2.05, [487, 656]
1, 4, 2.03, [816, 834]
1, 5, 2.03, [816, 1414]
1, 6, 2.03, [1138, 819]
1, 7, 2.03, [216, 656]
1, 8, 2.02, [1419, 970]
1, 9, 2.01, [675, 834]
2, 0, 2.15, [656, 520]
2, 1, 2.11, [1603, 520]
2, 2, 2.08, [786, 520]
2, 3, 2.03, [1289, 2340]
2, 4, 2.03, [1289, 850]
2, 5, 2.02, [656, 216]
2, 6, 2.02, [656, 216]
2, 7, 2.01, [1378, 476]
2, 8, 2.01, [15, 816]
2, 9, 2.0, [675, 1028]
2, 10, 2.0, [1603, 3639]
3, 0, 2.26, [816, 520]
3, 1, 2.15, [656, 520]
3, 2, 2.11, [1603, 520]
3, 3, 2.09, [841, 520]
3, 4, 2.03, [1289, 2436]
3, 5, 2.03, [656, 1157]
3, 6, 2.03, [1967, 2340]
3, 7, 2.02, [2070, 1225]
3, 8, 2.02, [786, 974]
3, 9, 2.02, [1967, 1048]
3, 10, 2.0, [1603, 741]
3, 11, 2.0, [1048, 1514]
4, 0, 2.26, [816, 520]
4, 1, 2.15, [656, 520]
4, 2, 2.12, [694, 520]
4, 3, 2.05, [656, 741]
4, 4, 2.04, [1540, 78]
4, 5, 2.04, [816, 1555]
4, 6, 2.03, [751, 922]
4, 7, 2.02, [711, 974]
4, 8, 2.02, [850, 735]
4, 9, 2.02, [786, 1229]
4, 10, 2.01, [1028, 1430]
4, 11, 2.01, [78, 1028]
4, 12, 2.0, [1540, 1394]
5, 0, 2.26, [816, 520]
5, 1, 2.18, [694, 520]
5, 2, 2.15, [656, 520]
5, 3, 2.04, [841, 2436]
5, 4, 2.04, [816, 1381]
5, 5, 2.03, [735, 98]
5, 6, 2.03, [694, 841]
5, 7, 2.03, [3147, 1138]
5, 8, 2.02, [1540, 690]
5, 9, 2.02, [2341, 785]
5, 10, 2.01, [831, 741]
5, 11, 2.01, [98, 609]
5, 12, 2.01, [339, 841]
6, 0, 2.26, [816, 520]
6, 1, 2.18, [694, 520]
6, 2, 2.04, [1353, 786]
6, 3, 2.04, [873, 1219]
6, 4, 2.04, [816, 2490]
6, 5, 2.02, [1509, 1540]
6, 6, 2.02, [816, 1540]
6, 7, 2.02, [694, 834]
6, 8, 2.01, [1029, 831]
6, 9, 2.01, [711, 1141]
6, 10, 2.01, [320, 1430]
6, 11, 2.0, [694, 662]
6, 12, 2.0, [656, 690]
7, 0, 2.26, [816, 520]
7, 1, 2.2, [1514, 520]
7, 2, 2.18, [694, 520]
7, 3, 2.07, [694, 520]
7, 4, 2.03, [1543, 2490]
7, 5, 2.03, [816, 690]
7, 6, 2.03, [974, 780]
7, 7, 2.01, [816, 656]
7, 8, 2.01, [816, 1603]
7, 9, 2.01, [694, 1157]
7, 10, 2.01, [816, 450]
7, 11, 2.01, [819, 786]
7, 12, 2.01, [339, 922]
7, 13, 2.0, [1353, 429]
8, 0, 2.26, [816, 520]
8, 1, 2.2, [1514, 520]
8, 2, 2.11, [819, 520]
8, 3, 2.11, [1414, 520]
8, 4, 2.08, [2070, 934]
8, 5, 2.03, [716, 2436]
8, 6, 2.02, [694, 247]
8, 7, 2.02, [439, 1003]
8, 8, 2.02, [1025, 1555]
8, 9, 2.02, [1967, 1225]
8, 10, 2.02, [2846, 247]
8, 11, 2.02, [675, 1555]
8, 12, 2.01, [1414, 666]
8, 13, 2.01, [429, 819]
8, 14, 2.01, [816, 690]
9, 0, 2.26, [816, 520]
9, 1, 2.2, [1514, 520]
9, 2, 2.18, [841, 520]
9, 3, 2.14, [1353, 520]
9, 4, 2.12, [691, 520]
9, 5, 2.08, [691, 520]
9, 6, 2.04, [1414, 2340]
9, 7, 2.03, [78, 964]
9, 8, 2.03, [487, 609]
9, 9, 2.03, [819, 1540]
9, 10, 2.03, [873, 656]
9, 11, 2.02, [816, 2436]
9, 12, 2.01, [1414, 711]
9, 13, 2.01, [439, 1048]
9, 14, 2.01, [816, 798]
9, 15, 2.0, [1430, 2490]
10, 0, 2.26, [816, 520]
10, 1, 2.2, [1514, 520]
10, 2, 2.18, [694, 520]
10, 3, 2.12, [1045, 520]
10, 4, 2.03, [1514, 922]
10, 5, 2.03, [1514, 1540]
10, 6, 2.02, [691, 819]
10, 7, 2.01, [711, 690]
10, 8, 2.01, [691, 495]
10, 9, 2.01, [1514, 741]
10, 10, 2.01, [656, 1003]
10, 11, 2.01, [587, 731]
10, 12, 2.01, [1289, 716]
10, 13, 2.0, [1353, 2490]
10, 14, 2.0, [339, 1603]
10, 15, 2.0, [786, 2490]
10, 16, 2.0, [545, 609]
