generation number, individual number, fitness, candidate
0, 0, 3.08, [140, 1437, 1442]
0, 1, 3.07, [1224, 1935, 1149]
0, 2, 3.04, [1480, 2320, 1403]
0, 3, 3.04, [1332, 1652, 1068]
0, 4, 3.03, [2377, 1990, 1425]
0, 5, 3.03, [1058, 1403, 1417]
0, 6, 3.03, [1090, 1091, 1417]
0, 7, 3.03, [2171, 1424, 905]
0, 8, 3.02, [576, 1279, 1424]
0, 9, 3.02, [1407, 1827, 1157]
1, 0, 3.1, [1350, 1437, 1442]
1, 1, 3.08, [140, 1437, 1442]
1, 2, 3.07, [1224, 1935, 1149]
1, 3, 3.06, [1224, 1437, 1223]
1, 4, 3.06, [576, 1935, 1149]
1, 5, 3.05, [1157, 1437, 1442]
1, 6, 3.04, [717, 1437, 1328]
1, 7, 3.04, [140, 1107, 1068]
1, 8, 3.02, [717, 697, 1442]
1, 9, 3.01, [140, 2094, 1402]
2, 0, 3.1, [1350, 1437, 1442]
2, 1, 3.08, [140, 1437, 1442]
2, 2, 3.07, [576, 1442, 1350]
2, 3, 3.06, [576, 1437, 1425]
2, 4, 3.04, [1350, 1437, 1518]
2, 5, 3.04, [1611, 1437, 1442]
2, 6, 3.03, [1328, 645, 1442]
2, 7, 3.02, [1212, 1437, 585]
2, 8, 3.02, [1226, 1935, 1149]
2, 9, 3.02, [1226, 697, 1437]
3, 0, 3.1, [1350, 1437, 1442]
3, 1, 3.08, [140, 1437, 1442]
3, 2, 3.05, [1425, 4227, 585]
3, 3, 3.05, [576, 1223, 1437]
3, 4, 3.05, [1090, 1350, 1442]
3, 5, 3.05, [717, 585, 1442]
3, 6, 3.03, [1611, 1442, 1424]
3, 7, 3.02, [326, 1620, 1442]
3, 8, 3.02, [576, 1437, 421]
3, 9, 3.02, [1040, 1437, 1442]
4, 0, 3.1, [1350, 1437, 1442]
4, 1, 3.08, [140, 1437, 1442]
4, 2, 3.07, [1350, 3124, 1442]
4, 3, 3.07, [1350, 717, 1442]
4, 4, 3.06, [1040, 2110, 1442]
4, 5, 3.05, [1350, 1767, 1125]
4, 6, 3.04, [1407, 1437, 1442]
4, 7, 3.04, [1350, 1437, 2332]
4, 8, 3.02, [717, 1224, 1442]
4, 9, 3.02, [1226, 585, 1442]
5, 0, 3.1, [1350, 1403, 1442]
5, 1, 3.1, [1350, 1437, 1442]
5, 2, 3.08, [1350, 1437, 1149]
5, 3, 3.08, [585, 1347, 1146]
5, 4, 3.08, [140, 1437, 1442]
5, 5, 3.07, [1350, 1437, 1223]
5, 6, 3.05, [1025, 905, 1442]
5, 7, 3.05, [1332, 1402, 1767]
5, 8, 3.05, [140, 1328, 1442]
5, 9, 3.03, [140, 1378, 1442]
6, 0, 3.12, [1350, 326, 1442]
6, 1, 3.1, [1350, 1403, 1442]
6, 2, 3.1, [1350, 1437, 1442]
6, 3, 3.07, [1350, 1403, 1223]
6, 4, 3.06, [521, 1226, 1442]
6, 5, 3.06, [1480, 1141, 1827]
6, 6, 3.06, [1040, 1403, 1442]
6, 7, 3.05, [1480, 1437, 1442]
6, 8, 3.02, [1417, 1437, 1935]
6, 9, 3.02, [140, 2094, 1442]
7, 0, 3.14, [1350, 576, 1442]
7, 1, 3.12, [1350, 326, 1442]
7, 2, 3.1, [1350, 1403, 1442]
7, 3, 3.08, [1350, 1767, 1442]
7, 4, 3.07, [1350, 1906, 1442]
7, 5, 3.07, [326, 1403, 1442]
7, 6, 3.06, [1350, 1226, 1149]
7, 7, 3.04, [1347, 1442, 717]
7, 8, 3.03, [6917, 4227, 1442]
7, 9, 3.01, [2377, 1407, 1442]
8, 0, 3.14, [1350, 576, 1442]
8, 1, 3.12, [1350, 326, 1442]
8, 2, 3.1, [1350, 1767, 1437]
8, 3, 3.09, [1350, 1827, 1442]
8, 4, 3.07, [1350, 1827, 1442]
8, 5, 3.06, [1350, 1403, 1157]
8, 6, 3.04, [1350, 1611, 326]
8, 7, 3.03, [326, 571, 1442]
8, 8, 3.03, [2320, 576, 1107]
8, 9, 3.01, [326, 1225, 717]
9, 0, 3.18, [3662, 1509, 1442]
9, 1, 3.15, [1350, 576, 1328]
9, 2, 3.14, [1350, 576, 1442]
9, 3, 3.12, [1350, 326, 1442]
9, 4, 3.11, [1350, 1827, 2377]
9, 5, 3.09, [1350, 6917, 1827]
9, 6, 3.08, [1403, 576, 1442]
9, 7, 3.07, [326, 1091, 1442]
9, 8, 3.06, [751, 905, 1149]
9, 9, 3.04, [975, 576, 140]
10, 0, 3.18, [3662, 1509, 1442]
10, 1, 3.15, [1226, 1509, 1442]
10, 2, 3.15, [1350, 576, 1328]
10, 3, 3.1, [1350, 1224, 1442]
10, 4, 3.07, [1350, 1518, 1442]
10, 5, 3.05, [3662, 1827, 1442]
10, 6, 3.05, [3662, 576, 1403]
10, 7, 3.05, [585, 1430, 2377]
10, 8, 3.04, [1417, 576, 1437]
10, 9, 3.02, [3662, 1141, 1328]
11, 0, 3.23, [775, 1509, 1328]
11, 1, 3.2, [1350, 1509, 1332]
11, 2, 3.18, [3662, 1509, 1442]
11, 3, 3.15, [1226, 1509, 1442]
11, 4, 3.08, [1350, 645, 1442]
11, 5, 3.05, [749, 1224, 1442]
11, 6, 3.05, [3662, 576, 970]
11, 7, 3.03, [576, 788, 326]
11, 8, 3.02, [3662, 521, 5684]
11, 9, 3.02, [1226, 1224, 1442]
12, 0, 3.23, [775, 1509, 1328]
12, 1, 3.21, [1350, 1509, 1157]
12, 2, 3.2, [1350, 1509, 1332]
12, 3, 3.16, [1350, 1509, 970]
12, 4, 3.15, [1157, 1509, 1332]
12, 5, 3.15, [1906, 1509, 1442]
12, 6, 3.12, [3662, 1509, 1652]
12, 7, 3.08, [3662, 1351, 1328]
12, 8, 3.05, [775, 2989, 1442]
12, 9, 3.04, [775, 1401, 1332]
13, 0, 3.23, [775, 1509, 1328]
13, 1, 3.22, [576, 1509, 1328]
13, 2, 3.21, [1350, 1509, 1157]
13, 3, 3.2, [975, 1509, 1157]
13, 4, 3.19, [1350, 1509, 1020]
13, 5, 3.18, [1403, 1509, 1230]
13, 6, 3.09, [1350, 775, 1332]
13, 7, 3.08, [1350, 1403, 1328]
13, 8, 3.08, [775, 1442, 1332]
13, 9, 3.01, [775, 1347, 970]
14, 0, 3.26, [1906, 1509, 1157]
14, 1, 3.23, [775, 1509, 1424]
14, 2, 3.23, [576, 1509, 1287]
14, 3, 3.23, [775, 1509, 1328]
14, 4, 3.22, [576, 1509, 1328]
14, 5, 3.2, [975, 1509, 1028]
14, 6, 3.2, [1350, 1509, 1028]
14, 7, 3.16, [775, 1509, 1424]
14, 8, 3.16, [775, 1509, 1424]
14, 9, 3.11, [1350, 2332, 1328]
15, 0, 3.26, [1906, 1509, 1157]
15, 1, 3.23, [775, 1509, 1424]
15, 2, 3.16, [1906, 1509, 1279]
15, 3, 3.12, [1906, 1509, 645]
15, 4, 3.12, [1906, 1509, 1157]
15, 5, 3.04, [775, 1827, 1328]
15, 6, 3.04, [775, 1403, 1157]
15, 7, 3.03, [1935, 697, 1475]
15, 8, 3.03, [785, 1025, 1141]
15, 9, 3.02, [775, 1351, 1157]
16, 0, 3.29, [1497, 1509, 1332]
16, 1, 3.26, [1906, 1509, 1157]
16, 2, 3.23, [775, 1509, 1424]
16, 3, 3.2, [1906, 1509, 1442]
16, 4, 3.2, [775, 1509, 1424]
16, 5, 3.19, [1906, 1509, 571]
16, 6, 3.19, [1906, 1509, 1157]
16, 7, 3.13, [1287, 1509, 1424]
16, 8, 3.07, [521, 1091, 1827]
16, 9, 3.07, [1906, 1425, 1424]
17, 0, 3.29, [1497, 1509, 1332]
17, 1, 3.26, [1906, 1509, 1157]
17, 2, 3.19, [1497, 1509, 1091]
17, 3, 3.11, [785, 1509, 905]
17, 4, 3.09, [1906, 1509, 1715]
17, 5, 3.09, [1141, 1401, 1332]
17, 6, 3.06, [2320, 4227, 1332]
17, 7, 3.06, [1497, 775, 1328]
17, 8, 3.05, [1247, 1279, 1332]
17, 9, 3.02, [1497, 788, 1332]
18, 0, 3.29, [1497, 1509, 1332]
18, 1, 3.26, [1906, 1509, 1157]
18, 2, 3.22, [1906, 1509, 1157]
18, 3, 3.22, [1497, 1509, 2171]
18, 4, 3.21, [785, 1509, 1442]
18, 5, 3.1, [1407, 1509, 717]
18, 6, 3.06, [1497, 1350, 1611]
18, 7, 3.04, [1497, 1350, 1157]
18, 8, 3.04, [140, 576, 1332]
18, 9, 3.03, [1497, 1518, 905]
19, 0, 3.29, [1497, 1509, 1332]
19, 1, 3.26, [1906, 1509, 1157]
19, 2, 3.21, [1090, 1509, 1401]
19, 3, 3.2, [1611, 1509, 1332]
19, 4, 3.18, [1247, 1509, 1442]
19, 5, 3.13, [1226, 1509, 1230]
19, 6, 3.04, [1906, 1146, 1332]
19, 7, 3.04, [1906, 1351, 1401]
19, 8, 3.03, [4227, 2110, 1332]
19, 9, 3.02, [1497, 1332, 1157]
20, 0, 3.29, [1497, 1509, 1332]
20, 1, 3.26, [1906, 1509, 1157]
20, 2, 3.23, [421, 1509, 1332]
20, 3, 3.19, [695, 1509, 1401]
20, 4, 3.17, [1090, 1509, 585]
20, 5, 3.16, [1906, 1509, 1157]
20, 6, 3.16, [1906, 1509, 975]
20, 7, 3.1, [1906, 1509, 320]
20, 8, 3.04, [1090, 1328, 775]
20, 9, 3.02, [421, 1090, 1475]
21, 0, 3.29, [1497, 1509, 1332]
21, 1, 3.26, [1906, 1509, 1157]
21, 2, 3.24, [1497, 1509, 1424]
21, 3, 3.16, [1935, 1509, 1168]
21, 4, 3.16, [1497, 1509, 1149]
21, 5, 3.15, [6917, 1509, 1332]
21, 6, 3.13, [1906, 1509, 788]
21, 7, 3.05, [1090, 1401, 1332]
21, 8, 3.04, [1497, 1328, 1475]
21, 9, 3.03, [421, 1403, 585]
22, 0, 3.29, [1497, 1509, 1332]
22, 1, 3.26, [1906, 1509, 1157]
22, 2, 3.21, [1497, 1509, 140]
22, 3, 3.19, [140, 1509, 1157]
22, 4, 3.18, [1906, 1509, 4227]
22, 5, 3.14, [1906, 1509, 320]
22, 6, 3.14, [1497, 1509, 1279]
22, 7, 3.07, [775, 1351, 1611]
22, 8, 3.05, [1497, 1351, 1424]
22, 9, 3.05, [1028, 1990, 1332]
23, 0, 3.29, [1497, 1509, 1332]
23, 1, 3.26, [1906, 1509, 1157]
23, 2, 3.23, [905, 1509, 140]
23, 3, 3.17, [1131, 1509, 1157]
23, 4, 3.16, [1906, 1509, 1402]
23, 5, 3.16, [1497, 1509, 1424]
23, 6, 3.13, [1025, 1509, 1424]
23, 7, 3.12, [717, 1509, 1157]
23, 8, 3.04, [1497, 1990, 1332]
23, 9, 3.02, [1131, 1695, 140]
24, 0, 3.29, [1497, 1509, 1332]
24, 1, 3.26, [1906, 1509, 1157]
24, 2, 3.18, [1906, 1509, 1157]
24, 3, 3.17, [1131, 1509, 1403]
24, 4, 3.12, [1497, 1509, 1424]
24, 5, 3.08, [1141, 1425, 1332]
24, 6, 3.05, [1497, 1025, 1332]
24, 7, 3.03, [1906, 1146, 1332]
24, 8, 3.02, [1226, 521, 1157]
24, 9, 3.02, [1497, 1403, 1157]
25, 0, 3.29, [1497, 1509, 1332]
25, 1, 3.26, [1906, 1509, 1157]
25, 2, 3.21, [1497, 1509, 1652]
25, 3, 3.2, [1131, 1509, 1715]
25, 4, 3.19, [1230, 1509, 1403]
25, 5, 3.18, [1906, 1509, 1715]
25, 6, 3.17, [1497, 1509, 1149]
25, 7, 3.09, [1497, 1509, 1424]
25, 8, 3.07, [326, 1425, 1078]
25, 9, 3.06, [1906, 1091, 1332]
26, 0, 3.29, [1497, 1509, 1332]
26, 1, 3.26, [1906, 1509, 1157]
26, 2, 3.18, [1620, 1509, 1715]
26, 3, 3.18, [1430, 1509, 1332]
26, 4, 3.17, [1131, 1509, 905]
26, 5, 3.17, [785, 1509, 1402]
26, 6, 3.07, [1497, 975, 1332]
26, 7, 3.06, [1827, 2377, 1157]
26, 8, 3.03, [1497, 140, 1328]
26, 9, 3.03, [1226, 1430, 1078]
27, 0, 3.29, [1497, 1509, 1332]
27, 1, 3.26, [1906, 1509, 1157]
27, 2, 3.21, [1407, 1509, 1332]
27, 3, 3.17, [1025, 1509, 1157]
27, 4, 3.17, [1620, 1509, 1157]
27, 5, 3.15, [1906, 1509, 1715]
27, 6, 3.14, [1620, 1509, 1090]
27, 7, 3.11, [1078, 1509, 1715]
27, 8, 3.1, [1497, 1509, 1424]
27, 9, 3.03, [1906, 2332, 1332]
28, 0, 3.29, [1497, 1509, 1332]
28, 1, 3.26, [1906, 1509, 1157]
28, 2, 3.21, [1328, 1509, 1157]
28, 3, 3.17, [1906, 1509, 2332]
28, 4, 3.15, [1497, 1509, 1157]
28, 5, 3.09, [1620, 1224, 1332]
28, 6, 3.09, [905, 1480, 1332]
28, 7, 3.09, [1611, 1401, 1332]
28, 8, 3.08, [1497, 1509, 1424]
28, 9, 3.06, [1906, 751, 1332]
29, 0, 3.29, [1497, 1509, 1332]
29, 1, 3.26, [1906, 1509, 1157]
29, 2, 3.21, [1279, 1509, 1332]
29, 3, 3.2, [1328, 1509, 2171]
29, 4, 3.18, [1146, 1509, 1223]
29, 5, 3.16, [1028, 1509, 1332]
29, 6, 3.15, [1497, 1509, 2110]
29, 7, 3.14, [1351, 1425, 1157]
29, 8, 3.13, [1767, 1509, 1157]
29, 9, 3.13, [1906, 1509, 1279]
30, 0, 3.29, [1497, 1509, 1332]
30, 1, 3.26, [1906, 1509, 1157]
30, 2, 3.19, [1497, 1509, 1226]
30, 3, 3.18, [1407, 1509, 1146]
30, 4, 3.17, [1497, 1509, 1715]
30, 5, 3.17, [1906, 1509, 1475]
30, 6, 3.15, [1146, 1509, 1157]
30, 7, 3.12, [697, 1509, 1141]
30, 8, 3.11, [1351, 521, 1332]
30, 9, 3.11, [1906, 1509, 2171]
31, 0, 3.29, [1497, 1509, 1332]
31, 1, 3.26, [1906, 1509, 1157]
31, 2, 3.18, [1497, 1509, 1424]
31, 3, 3.16, [1906, 1509, 1230]
31, 4, 3.15, [1497, 1509, 1424]
31, 5, 3.15, [1497, 1509, 1224]
31, 6, 3.14, [1906, 1509, 1652]
31, 7, 3.08, [1497, 1509, 1020]
31, 8, 3.07, [1328, 1475, 1146]
31, 9, 3.04, [1906, 1350, 1226]
32, 0, 3.29, [1497, 1509, 1332]
32, 1, 3.26, [1906, 1509, 1157]
32, 2, 3.16, [585, 1509, 1225]
32, 3, 3.15, [717, 1509, 749]
32, 4, 3.15, [1328, 1509, 1332]
32, 5, 3.08, [1025, 1401, 1332]
32, 6, 3.07, [1497, 1351, 1332]
32, 7, 3.06, [975, 1827, 1332]
32, 8, 3.04, [1906, 421, 1157]
32, 9, 3.02, [1407, 1025, 1430]
33, 0, 3.29, [1497, 1509, 1332]
33, 1, 3.26, [1906, 1509, 1157]
33, 2, 3.21, [1497, 1509, 1157]
33, 3, 3.19, [3124, 1509, 1157]
33, 4, 3.14, [1906, 1509, 905]
33, 5, 3.07, [585, 521, 1332]
33, 6, 3.03, [1620, 1224, 695]
33, 7, 3.03, [1497, 697, 1827]
33, 8, 3.02, [1146, 1652, 1935]
33, 9, 3.02, [1497, 1401, 1225]
34, 0, 3.29, [1497, 1509, 1332]
34, 1, 3.26, [1906, 1509, 1157]
34, 2, 3.25, [1906, 1509, 1425]
34, 3, 3.21, [1149, 1509, 1332]
34, 4, 3.2, [975, 1509, 1715]
34, 5, 3.18, [775, 1509, 1715]
34, 6, 3.17, [1497, 1509, 1424]
34, 7, 3.03, [1146, 320, 1230]
34, 8, 3.03, [1497, 1224, 1157]
34, 9, 3.02, [1168, 1279, 1332]
35, 0, 3.29, [1497, 1509, 1332]
35, 1, 3.26, [1906, 1509, 1157]
35, 2, 3.22, [1906, 1509, 695]
35, 3, 3.19, [975, 1509, 1424]
35, 4, 3.17, [1125, 1509, 1715]
35, 5, 3.1, [1906, 1509, 1230]
35, 6, 3.09, [1906, 1509, 1715]
35, 7, 3.05, [1497, 1403, 1425]
35, 8, 3.02, [1497, 905, 1157]
35, 9, 3.02, [1906, 1403, 1332]
36, 0, 3.29, [1497, 1509, 1332]
36, 1, 3.26, [1906, 1509, 1157]
36, 2, 3.2, [751, 1509, 695]
36, 3, 3.2, [1480, 1509, 1715]
36, 4, 3.17, [1906, 1509, 1403]
36, 5, 3.05, [1401, 421, 1287]
36, 6, 3.04, [1906, 1990, 1332]
36, 7, 3.03, [1652, 645, 775]
36, 8, 3.02, [421, 521, 1226]
36, 9, 3.01, [1497, 1020, 695]
37, 0, 3.29, [1497, 1509, 1332]
37, 1, 3.26, [1906, 1509, 1157]
37, 2, 3.23, [1906, 1509, 1078]
37, 3, 3.22, [1497, 1509, 1058]
37, 4, 3.17, [1497, 1509, 1424]
37, 5, 3.14, [1906, 1509, 1230]
37, 6, 3.07, [1425, 1025, 1279]
37, 7, 3.04, [1906, 2332, 1332]
37, 8, 3.03, [1497, 2320, 749]
37, 9, 3.03, [1480, 1518, 1332]
38, 0, 3.29, [1497, 1509, 1332]
38, 1, 3.28, [1497, 1509, 1350]
38, 2, 3.26, [1906, 1509, 1157]
38, 3, 3.22, [1425, 1509, 1437]
38, 4, 3.19, [1351, 1509, 1068]
38, 5, 3.07, [1332, 1226, 1091]
38, 6, 3.05, [1091, 751, 1611]
38, 7, 3.04, [1906, 585, 1332]
38, 8, 3.03, [421, 749, 1157]
38, 9, 3.02, [1149, 1475, 1332]
39, 0, 3.29, [1497, 1509, 1332]
39, 1, 3.28, [1497, 1509, 1350]
39, 2, 3.25, [1906, 1509, 1157]
39, 3, 3.17, [697, 1509, 1350]
39, 4, 3.15, [1497, 1509, 2332]
39, 5, 3.07, [1497, 1350, 1332]
39, 6, 3.06, [1125, 2989, 1332]
39, 7, 3.05, [1906, 1767, 1350]
39, 8, 3.05, [1497, 1091, 1157]
39, 9, 3.04, [749, 1430, 1141]
40, 0, 3.29, [1497, 1509, 1332]
40, 1, 3.28, [1497, 1509, 1350]
40, 2, 3.16, [3124, 1509, 1157]
40, 3, 3.13, [1497, 1509, 521]
40, 4, 3.1, [1497, 1509, 1028]
40, 5, 3.07, [1935, 1401, 421]
40, 6, 3.06, [1020, 1091, 788]
40, 7, 3.03, [1497, 1417, 1332]
40, 8, 3.01, [1497, 1025, 1475]
40, 9, 3.0, [1497, 785, 1403]
41, 0, 3.29, [1028, 1509, 1332]
41, 1, 3.29, [1497, 1509, 1332]
41, 2, 3.28, [1497, 1509, 1350]
41, 3, 3.23, [1935, 1509, 1417]
41, 4, 3.18, [1146, 1509, 1332]
41, 5, 3.14, [1058, 1509, 1028]
41, 6, 3.04, [1497, 1078, 975]
41, 7, 3.04, [1497, 1224, 421]
41, 8, 3.03, [1090, 1201, 1332]
41, 9, 3.03, [1141, 785, 2377]
42, 0, 3.29, [1028, 1509, 1332]
42, 1, 3.29, [1497, 1509, 1332]
42, 2, 3.21, [1020, 1509, 1332]
42, 3, 3.19, [1028, 1509, 1620]
42, 4, 3.15, [1497, 1509, 1078]
42, 5, 3.07, [1028, 521, 1332]
42, 6, 3.05, [1437, 1350, 1332]
42, 7, 3.03, [1497, 1064, 1332]
42, 8, 3.01, [1497, 521, 1417]
42, 9, 3.01, [1497, 140, 1226]
43, 0, 3.29, [1028, 1509, 1332]
43, 1, 3.29, [1497, 1509, 1332]
43, 2, 3.18, [1028, 1509, 1157]
43, 3, 3.15, [1497, 1509, 1430]
43, 4, 3.14, [751, 1509, 1620]
43, 5, 3.09, [1497, 1350, 1620]
43, 6, 3.08, [1497, 1401, 1332]
43, 7, 3.03, [697, 576, 1715]
43, 8, 3.03, [1028, 1518, 1332]
43, 9, 3.03, [1157, 831, 1332]
44, 0, 3.29, [1028, 1509, 1332]
44, 1, 3.29, [1497, 1509, 1332]
44, 2, 3.23, [1028, 1509, 1230]
44, 3, 3.2, [2110, 1509, 2171]
44, 4, 3.15, [645, 1509, 1332]
44, 5, 3.06, [1497, 1351, 1157]
44, 6, 3.05, [717, 1279, 1442]
44, 7, 3.04, [1620, 3124, 1332]
44, 8, 3.03, [1028, 1328, 1332]
44, 9, 3.03, [2320, 3124, 1332]
45, 0, 3.29, [1028, 1509, 1332]
45, 1, 3.29, [1497, 1509, 1332]
45, 2, 3.18, [2110, 1509, 1230]
45, 3, 3.16, [1028, 1509, 1157]
45, 4, 3.16, [1497, 1509, 1332]
45, 5, 3.14, [1497, 1509, 1480]
45, 6, 3.07, [576, 1332, 1328]
45, 7, 3.04, [1497, 1351, 1230]
45, 8, 3.03, [1497, 1695, 1332]
45, 9, 3.02, [1497, 140, 1332]
46, 0, 3.29, [1028, 1509, 1332]
46, 1, 3.29, [1497, 1509, 1332]
46, 2, 3.2, [749, 1509, 1332]
46, 3, 3.18, [2110, 1509, 2332]
46, 4, 3.16, [1028, 1509, 1332]
46, 5, 3.15, [1402, 1509, 1131]
46, 6, 3.15, [785, 1509, 2110]
46, 7, 3.13, [1437, 1509, 1230]
46, 8, 3.09, [2110, 1401, 1332]
46, 9, 3.04, [905, 1287, 1437]
47, 0, 3.29, [1028, 1509, 1332]
47, 1, 3.29, [1497, 1509, 1332]
47, 2, 3.24, [975, 1509, 2332]
47, 3, 3.22, [2110, 1509, 1157]
47, 4, 3.13, [1497, 1509, 6917]
47, 5, 3.12, [140, 1509, 645]
47, 6, 3.09, [571, 2320, 1332]
47, 7, 3.08, [1497, 1350, 1332]
47, 8, 3.05, [1028, 6917, 1332]
47, 9, 3.04, [1028, 788, 1332]
48, 0, 3.29, [1028, 1509, 1332]
48, 1, 3.29, [1497, 1509, 1332]
48, 2, 3.2, [1497, 1509, 1230]
48, 3, 3.19, [1107, 1509, 1417]
48, 4, 3.19, [1497, 1509, 2320]
48, 5, 3.16, [1131, 1509, 1090]
48, 6, 3.16, [1403, 1509, 1247]
48, 7, 3.14, [1417, 1509, 975]
48, 8, 3.05, [975, 1224, 1332]
48, 9, 3.03, [1028, 585, 1157]
49, 0, 3.29, [1028, 1509, 1332]
49, 1, 3.29, [1497, 1509, 1332]
49, 2, 3.25, [1107, 1509, 975]
49, 3, 3.17, [1226, 1509, 1827]
49, 4, 3.14, [1028, 1509, 1230]
49, 5, 3.13, [1328, 1509, 1417]
49, 6, 3.11, [571, 1509, 717]
49, 7, 3.1, [1497, 1509, 1230]
49, 8, 3.03, [1497, 1990, 1332]
49, 9, 3.03, [1028, 1430, 1402]
50, 0, 3.29, [1028, 1509, 1332]
50, 1, 3.29, [1497, 1509, 1332]
50, 2, 3.19, [2110, 1509, 1827]
50, 3, 3.18, [1328, 1509, 1230]
50, 4, 3.15, [1226, 1509, 1230]
50, 5, 3.13, [1497, 1509, 1149]
50, 6, 3.05, [1141, 1091, 1332]
50, 7, 3.04, [1107, 1146, 1332]
50, 8, 3.04, [1226, 1990, 975]
50, 9, 3.01, [1497, 2110, 1287]
