num_genrations,diversity,improvement,best_fitness
0,0.9916666666666667,0,94.67
1,0.8607142857142858,0.1873877680363367,112.41
2,0.27380952380952384,0.044035228182546064,117.36
3,0.4547619047619048,0.02343217450579414,120.11
4,0.2488095238095238,0.011406210973274536,121.48
5,0.1964285714285714,0.030375370431346704,125.17
6,0.2250000000000001,0.0,125.17
7,0.088095238095238,0.027482623631860763,128.61
8,0.05119047619047623,-0.00831972630433098,127.54
9,0.12499999999999989,0.0,127.54
10,0.0714285714285714,0.0008624745177983333,127.65
