n_nodes,influence,n0,n1,n2,n3,n4,n5,n6,n7,n8,n9,n10,n11,n12
13,71.4700,4448,5857,8096,4103,4652,749,109,7376,7057,2326,311,3737,6332
13,70.9900,4448,8096,5857,4103,749,109,7376,7057,4604,2326,311,5051,6332
13,70.9900,4448,8096,5857,4103,749,109,7376,7057,4604,2326,311,5051,6332
13,70.5300,4448,8096,5857,4103,749,109,7376,7057,6332,2326,311,1307,4604
13,70.4400,4448,8096,5857,4103,749,109,7376,7057,6332,2326,311,1307,4604
13,70.4400,4448,8096,5857,4103,749,109,7376,7057,6332,2326,311,1307,4604
13,69.3700,4448,8096,5857,4103,749,109,7376,7057,6332,2326,311,1307,4604
13,69.1800,4448,8096,5857,4103,749,109,7376,7057,6332,2326,311,1307,4604
13,69.1800,4448,8096,5857,4103,749,109,7376,7057,6332,2326,311,1307,4604
13,69.1800,4448,8096,5857,4103,749,109,7376,7057,6332,2326,311,1307,4604
13,68.7700,4448,8096,5857,4103,749,109,7376,7057,6332,2326,311,1307,4604
13,68.7700,4448,8096,5857,4103,749,109,7376,7057,6332,2326,311,1307,4604
13,68.7700,4448,8096,5857,4103,749,109,7376,7057,6332,2326,311,1307,4604
13,68.6900,4448,8096,5857,4103,749,109,7376,7057,6332,2326,311,1307,4604
13,68.6600,4448,8096,5857,4103,749,109,7376,7057,6332,2326,311,1307,4604
13,68.6600,4448,8096,5857,4103,749,109,7376,7057,6332,2326,311,1307,4604
