n_nodes,influence,n0,n1,n2,n3,n4
5,191.6200,77864,34747,228272,84926,123456
5,191.6200,77864,34747,228272,84926,123456
5,191.6200,77864,34747,228272,84926,123456
5,191.6200,77864,34747,228272,84926,123456
5,191.6200,77864,34747,228272,84926,123456
5,191.6200,77864,34747,228272,84926,123456
5,191.6200,77864,34747,228272,84926,123456
5,191.6200,77864,34747,228272,84926,123456
5,191.6200,77864,34747,228272,84926,123456
5,191.6200,77864,34747,228272,84926,123456
5,191.6200,77864,34747,228272,84926,123456
5,191.6200,77864,34747,228272,84926,123456
5,191.6200,77864,34747,228272,84926,123456
5,188.9800,77864,34747,228272,84926,123456
5,188.9800,77864,34747,228272,84926,123456
5,188.9800,77864,34747,228272,84926,123456
