n_nodes,influence,n0,n1,n2,n3,n4
5,994.3700,967,234,821,731,927
5,994.3700,967,234,821,731,927
5,994.3700,967,234,821,731,927
5,994.2400,967,234,821,731,166
5,994.2400,967,234,821,731,166
5,994.2400,967,234,821,731,166
5,994.2400,967,234,821,731,166
5,994.2400,967,234,821,731,166
5,994.2400,967,234,821,731,166
5,994.2400,967,234,821,731,166
5,994.2400,967,234,821,731,166
5,994.2400,967,234,821,731,166
5,994.2400,967,234,821,731,166
5,994.2400,967,234,821,731,166
5,994.0300,166,967,491,821,731
5,994.0200,731,821,234,604,967
