generation number, individual number, fitness, candidate
0, 0, 3.16, [11388, 56241, 65897]
0, 1, 3.15, [56240, 62858, 1061]
0, 2, 3.14, [91276, 150652, 87]
0, 3, 3.13, [90, 100141, 33298]
0, 4, 3.13, [118602, 33298, 286]
0, 5, 3.1, [56241, 221360, 118602]
0, 6, 3.08, [283, 11387, 100140]
0, 7, 3.08, [70640, 1063, 127089]
0, 8, 3.06, [70639, 150655, 127089]
0, 9, 3.05, [80449, 823, 80661]
1, 0, 3.16, [11388, 56241, 65897]
1, 1, 3.15, [56240, 62858, 1061]
1, 2, 3.13, [70638, 56241, 65897]
1, 3, 3.13, [11388, 150652, 90]
1, 4, 3.13, [56240, 33297, 1061]
1, 5, 3.13, [11388, 56239, 1061]
1, 6, 3.11, [56239, 62858, 65897]
1, 7, 3.1, [91276, 150652, 1063]
1, 8, 3.07, [134365, 150654, 1061]
1, 9, 3.06, [123524, 33298, 87]
2, 0, 3.18, [56237, 150652, 90]
2, 1, 3.16, [11388, 56241, 282]
2, 2, 3.16, [11388, 56241, 65897]
2, 3, 3.15, [56240, 823, 11388]
2, 4, 3.15, [56240, 62858, 1061]
2, 5, 3.12, [56240, 56241, 31634]
2, 6, 3.12, [11926, 150652, 65897]
2, 7, 3.1, [11388, 56241, 1061]
2, 8, 3.1, [113173, 56241, 127088]
2, 9, 3.1, [11388, 33298, 1061]
3, 0, 3.2, [11388, 56241, 46]
3, 1, 3.18, [11387, 56241, 90]
3, 2, 3.18, [56237, 150652, 90]
3, 3, 3.16, [11388, 56241, 282]
3, 4, 3.14, [56237, 66169, 65897]
3, 5, 3.14, [11388, 90, 65897]
3, 6, 3.12, [148118, 66169, 149059]
3, 7, 3.12, [558, 150652, 90]
3, 8, 3.08, [11388, 33300, 90]
3, 9, 3.06, [11926, 100141, 65897]
4, 0, 3.22, [11388, 66169, 90]
4, 1, 3.2, [11388, 56241, 46]
4, 2, 3.19, [11387, 56239, 46]
4, 3, 3.19, [56239, 150652, 46]
4, 4, 3.18, [11387, 56241, 90]
4, 5, 3.15, [56237, 66171, 46]
4, 6, 3.09, [11388, 150652, 123524]
4, 7, 3.09, [279, 56241, 282]
4, 8, 3.07, [11925, 56241, 90]
4, 9, 3.06, [149059, 56241, 80656]
5, 0, 3.22, [11388, 66169, 90]
5, 1, 3.2, [11388, 56241, 46]
5, 2, 3.19, [11387, 56240, 46]
5, 3, 3.17, [12067, 66169, 90]
5, 4, 3.17, [11388, 56240, 90]
5, 5, 3.16, [11387, 56241, 88]
5, 6, 3.15, [11388, 150652, 89]
5, 7, 3.14, [11926, 66169, 46]
5, 8, 3.12, [56239, 56240, 90]
5, 9, 3.12, [11388, 221360, 46]
6, 0, 3.24, [11925, 56240, 46]
6, 1, 3.22, [11388, 66169, 90]
6, 2, 3.2, [11388, 56241, 46]
6, 3, 3.19, [11388, 56241, 282]
6, 4, 3.18, [86, 66169, 285]
6, 5, 3.16, [11387, 66169, 46]
6, 6, 3.14, [11387, 66169, 46]
6, 7, 3.11, [11388, 56237, 46]
6, 8, 3.09, [144436, 80449, 66171]
6, 9, 3.07, [282, 66170, 33298]
7, 0, 3.24, [11925, 56240, 46]
7, 1, 3.23, [11388, 66169, 86]
7, 2, 3.22, [11388, 56240, 282]
7, 3, 3.22, [11388, 66169, 90]
7, 4, 3.2, [11388, 62858, 90]
7, 5, 3.19, [11388, 56240, 90]
7, 6, 3.15, [11387, 56241, 46]
7, 7, 3.13, [11388, 66169, 33297]
7, 8, 3.08, [11926, 56241, 90]
7, 9, 3.06, [11925, 56240, 6376]
8, 0, 3.24, [11925, 56240, 46]
8, 1, 3.23, [11926, 56240, 46]
8, 2, 3.23, [11388, 66169, 86]
8, 3, 3.18, [11388, 56239, 86]
8, 4, 3.18, [11387, 66169, 90]
8, 5, 3.16, [11387, 56241, 90]
8, 6, 3.15, [134361, 80450, 90]
8, 7, 3.12, [11925, 66169, 90]
8, 8, 3.12, [127089, 56240, 11935]
8, 9, 3.11, [11926, 66169, 282]
9, 0, 3.24, [11925, 56240, 46]
9, 1, 3.23, [11926, 56240, 46]
9, 2, 3.16, [127088, 150655, 88]
9, 3, 3.15, [282, 66169, 66170]
9, 4, 3.14, [11387, 56240, 46]
9, 5, 3.11, [65901, 33299, 46]
9, 6, 3.1, [11925, 31634, 46]
9, 7, 3.09, [11926, 56240, 66059]
9, 8, 3.09, [11926, 56240, 90]
9, 9, 3.07, [118602, 56240, 88]
10, 0, 3.24, [11925, 56240, 46]
10, 1, 3.23, [11926, 56240, 46]
10, 2, 3.17, [71858, 56240, 88]
10, 3, 3.16, [100141, 56240, 46]
10, 4, 3.15, [127088, 56237, 46]
10, 5, 3.14, [11925, 11388, 46]
10, 6, 3.11, [156909, 66169, 46]
10, 7, 3.11, [11935, 56240, 46]
10, 8, 3.1, [66059, 56239, 46]
10, 9, 3.07, [11935, 150655, 88]
