generation number, pop_size, worst, best, median, avg, std, diversity, improvement, number_of_selections
0, 10, 3.0, 38.47, 4.035, 7.8549999999999995, 10.32256968976233,0.8888888888888888,0,[1.e-300]
1, 10, 5.32, 38.47, 7.5, 13.257, 11.723617231895624,0.9,0.0,[10.]
2, 10, 6.0, 62.85, 8.5, 18.969, 18.5719139832167,0.9333333333333333,0.633740577073044,[20.]
3, 10, 6.0, 62.85, 36.730000000000004, 33.535000000000004, 14.877098675481049,0.8111111111111111,0.0,[30.]
4, 10, 6.0, 62.85, 19.58, 23.47, 18.358338704795703,0.888888888888889,0.0,[40.]
5, 10, 6.0, 62.85, 9.5, 22.154999999999998, 18.418643951170782,0.9222222222222223,0.0,[50.]
6, 10, 6.0, 62.85, 8.5, 21.519, 19.005511542707815,0.9111111111111111,0.0,[60.]
7, 10, 6.0, 62.85, 21.93, 24.481, 19.09111649432793,0.8888888888888888,0.0,[70.]
8, 10, 6.0, 62.85, 22.0, 24.803, 18.227563221670636,0.9333333333333333,0.0,[80.]
9, 10, 5.0, 62.85, 11.0, 20.391, 18.469747399463806,0.9666666666666667,0.0,[90.]
10, 10, 5.0, 62.85, 9.6, 21.383, 19.135868441228375,0.8888888888888888,0.0,[100.]
