generation number, individual number, fitness, candidate
0, 0, 10.84, [259, 226]
0, 1, 9.18, [220, 2599]
0, 2, 7.65, [3135, 3155]
0, 3, 7.61, [266, 1080]
0, 4, 7.48, [2525, 2514]
0, 5, 7.44, [302, 261]
0, 6, 7.4, [91, 283]
0, 7, 6.64, [2525, 260]
0, 8, 6.29, [2595, 343]
0, 9, 5.35, [288, 537]
1, 0, 10.84, [259, 226]
1, 1, 10.53, [259, 2767]
1, 2, 9.18, [220, 2599]
1, 3, 7.62, [1087, 3155]
1, 4, 7.62, [1087, 3155]
1, 5, 7.62, [1087, 3155]
1, 6, 7.29, [303, 226]
1, 7, 7.15, [220, 534]
1, 8, 6.82, [3716, 2599]
1, 9, 6.8, [3135, 1080]
2, 0, 12.68, [220, 77]
2, 1, 11.03, [77, 2767]
2, 2, 10.84, [259, 226]
2, 3, 10.53, [259, 2767]
2, 4, 10.12, [2711, 2597]
2, 5, 9.48, [220, 615]
2, 6, 9.43, [259, 3135]
2, 7, 8.76, [259, 2762]
2, 8, 8.24, [380, 2599]
2, 9, 8.13, [259, 343]
3, 0, 12.68, [220, 77]
3, 1, 11.03, [77, 2767]
3, 2, 10.89, [297, 277]
3, 3, 10.4, [264, 77]
3, 4, 10.4, [264, 77]
3, 5, 7.9, [2574, 2597]
3, 6, 7.32, [2514, 2596]
3, 7, 6.03, [3135, 263]
3, 8, 5.55, [2596, 2712]
3, 9, 5.45, [876, 2530]
4, 0, 12.68, [220, 77]
4, 1, 11.03, [77, 2767]
4, 2, 10.35, [279, 2767]
4, 3, 10.21, [77, 335]
4, 4, 8.03, [220, 291]
4, 5, 7.78, [1088, 265]
4, 6, 7.12, [4602, 98]
4, 7, 6.96, [302, 876]
4, 8, 6.96, [2764, 2065]
4, 9, 6.56, [291, 2767]
5, 0, 14.7, [77, 300]
5, 1, 12.68, [220, 77]
5, 2, 11.84, [91, 77]
5, 3, 11.03, [77, 2767]
5, 4, 10.19, [297, 77]
5, 5, 9.64, [2764, 1811]
5, 6, 8.73, [220, 2599]
5, 7, 7.13, [222, 2514]
5, 8, 6.69, [280, 288]
5, 9, 6.55, [1080, 537]
6, 0, 14.7, [77, 300]
6, 1, 12.68, [220, 77]
6, 2, 11.04, [220, 2597]
6, 3, 10.45, [77, 622]
6, 4, 8.82, [209, 615]
6, 5, 8.57, [2514, 220]
6, 6, 8.57, [291, 2597]
6, 7, 8.41, [2712, 2513]
6, 8, 8.4, [220, 2515]
6, 9, 7.65, [220, 3135]
7, 0, 14.7, [77, 300]
7, 1, 12.68, [220, 77]
7, 2, 12.01, [77, 615]
7, 3, 11.79, [259, 2597]
7, 4, 9.93, [77, 876]
7, 5, 8.35, [220, 2599]
7, 6, 7.84, [266, 380]
7, 7, 7.71, [263, 1080]
7, 8, 7.18, [4602, 220]
7, 9, 6.82, [226, 291]
8, 0, 20.17, [295, 300]
8, 1, 14.7, [77, 300]
8, 2, 13.28, [277, 2530]
8, 3, 12.68, [220, 77]
8, 4, 11.23, [260, 77]
8, 5, 11.09, [1086, 259]
8, 6, 10.87, [77, 2515]
8, 7, 10.85, [220, 2597]
8, 8, 10.47, [266, 300]
8, 9, 10.04, [77, 3716]
9, 0, 20.17, [295, 300]
9, 1, 14.7, [77, 300]
9, 2, 14.11, [77, 2512]
9, 3, 13.15, [98, 77]
9, 4, 10.87, [103, 300]
9, 5, 9.13, [2712, 300]
9, 6, 9.04, [191, 300]
9, 7, 8.75, [220, 2767]
9, 8, 7.82, [609, 250]
9, 9, 7.24, [256, 2530]
10, 0, 20.72, [295, 300]
10, 1, 20.17, [295, 300]
10, 2, 15.91, [295, 2527]
10, 3, 14.7, [77, 300]
10, 4, 14.61, [77, 277]
10, 5, 10.79, [2530, 300]
10, 6, 9.84, [335, 279]
10, 7, 8.34, [2599, 91]
10, 8, 7.98, [278, 103]
10, 9, 7.0, [2950, 193]
