n_nodes,influence,n0,n1,n2,n3,n4
5,994.9000,261,157,332,177,519
5,994.9000,261,157,332,177,519
5,994.9000,261,157,332,177,519
5,994.9000,261,157,332,177,519
5,994.9000,261,157,332,177,519
5,994.9000,261,157,332,177,519
5,994.9000,261,157,332,177,519
5,994.9000,261,157,332,177,519
5,994.9000,261,157,332,177,519
5,994.9000,261,157,332,177,519
5,994.9000,261,157,332,177,519
5,994.9000,261,157,332,177,519
5,994.9000,261,157,332,177,519
5,994.8600,261,157,332,177,519
5,994.7700,261,157,332,177,519
5,994.7600,261,157,332,177,519
