n_nodes,influence,n0,n1,n2,n3,n4,n5,n6,n7,n8,n9,n10,n11,n12,n13,n14,n15,n16,n17,n18,n19
20,341.8100,354,1330,151,0,5,3731,175,23,152,26,7938,3,242,127,5305,1001,8189,215,238,615
20,338.4000,354,1330,151,0,5,3731,175,23,152,26,7938,3,242,127,5305,1001,8189,215,238,7290
20,338.4000,354,1330,151,0,5,3731,175,23,152,26,7938,3,242,127,5305,1001,8189,215,238,7290
20,338.4000,354,1330,151,0,5,3731,175,23,152,26,7938,3,242,127,5305,1001,8189,215,238,7290
20,338.4000,354,1330,151,0,5,3731,175,23,152,26,7938,3,242,127,5305,1001,8189,215,238,7290
20,338.4000,354,1330,151,0,5,3731,175,23,152,26,7938,3,242,127,5305,1001,8189,215,238,7290
20,338.4000,354,1330,151,0,5,3731,175,23,152,26,7938,3,242,127,5305,1001,8189,215,238,7290
20,338.4000,354,1330,151,0,5,3731,175,23,152,26,7938,3,242,127,5305,1001,8189,215,238,7290
20,338.4000,354,1330,151,0,5,3731,175,23,152,26,7938,3,242,127,5305,1001,8189,215,238,7290
20,338.4000,354,1330,151,0,5,3731,175,23,152,26,7938,3,242,127,5305,1001,8189,215,238,7290
20,338.4000,354,1330,151,0,5,3731,175,23,152,26,7938,3,242,127,5305,1001,8189,215,238,7290
20,338.4000,354,1330,151,0,5,3731,175,23,152,26,7938,3,242,127,5305,1001,8189,215,238,7290
20,338.4000,354,1330,151,0,5,3731,175,23,152,26,7938,3,242,127,5305,1001,8189,215,238,7290
20,336.4200,354,1330,151,0,5,3731,175,23,152,26,7938,3,242,127,5305,1001,8189,215,238,7290
20,336.4100,0,7938,3,5,3731,23,151,152,26,175,1330,5305,215,354,1001,432,242,7290,8189,127
20,336.0300,354,1330,151,0,5,3731,175,23,152,26,7938,3,242,127,5305,1001,8189,215,238,7290
20,336.0300,354,1330,151,0,5,3731,175,23,152,26,7938,3,242,127,5305,1001,8189,3575,952,615
20,335.6200,354,1330,151,0,5,3731,175,23,152,26,7938,3,242,127,5305,1001,8189,215,238,7290
20,335.4000,354,1330,151,0,5,3731,175,23,152,26,7938,3,242,127,5305,1001,8189,3575,952,615
20,334.8400,354,1330,151,0,5,3731,175,23,152,26,7938,3,242,127,5305,1001,8189,215,238,7290
20,334.5600,354,1330,151,0,5,3731,175,23,152,26,7938,3,242,127,5305,1001,8189,215,238,7290
20,334.4200,354,1330,151,0,5,3731,175,23,152,26,7938,3,242,127,5305,1001,8189,3575,952,615
20,334.4200,354,1330,151,0,5,3731,175,23,152,26,7938,3,242,127,5305,1001,8189,3575,952,615
20,334.4200,354,1330,151,0,5,3731,175,23,152,26,7938,3,242,127,5305,1001,8189,3575,952,615
20,334.1100,354,1330,151,0,5,3731,175,23,152,26,7938,3,242,127,5305,1001,8189,215,238,7290
20,333.7400,354,1330,151,0,5,3731,175,23,152,26,7938,3,242,127,5305,1001,8189,215,238,7290
20,333.6100,0,7938,3,5,3731,23,151,152,26,175,1330,952,4596,354,615,1001,242,3575,8189,127
20,333.2900,354,1330,151,0,5,3731,175,23,152,26,7938,3,242,127,5305,1001,8189,215,238,7290
20,333.2600,354,1330,151,0,5,3731,175,23,152,26,7938,3,242,127,5305,1001,8189,3575,952,615
20,332.8800,354,1330,151,0,5,3731,175,23,152,26,7938,3,242,127,5305,1001,8189,3575,952,615
20,332.8800,354,1330,151,0,5,3731,175,23,152,26,7938,3,242,127,5305,1001,8189,3575,952,615
20,332.8700,354,1330,151,0,5,3731,175,23,152,26,7938,3,242,127,5305,1001,8189,3575,952,615
