generation number, individual number, fitness, candidate
0, 0, 3.11, [89, 285, 98065]
0, 1, 3.11, [1061, 66167, 98065]
0, 2, 3.1, [98062, 278, 46]
0, 3, 3.09, [558, 126458, 285]
0, 4, 3.09, [6376, 56237, 66169]
0, 5, 3.07, [70364, 70194, 1062]
0, 6, 3.07, [93407, 59751, 144434]
0, 7, 3.06, [56239, 1063, 66078]
0, 8, 3.05, [91978, 148118, 47500]
0, 9, 3.04, [73932, 73931, 148118]
1, 0, 3.19, [98062, 285, 88]
1, 1, 3.14, [282, 66167, 1060]
1, 2, 3.12, [14199, 66167, 98065]
1, 3, 3.11, [1061, 66167, 13042]
1, 4, 3.11, [1061, 278, 98065]
1, 5, 3.11, [1061, 278, 98065]
1, 6, 3.11, [89, 285, 98065]
1, 7, 3.11, [1061, 66167, 98065]
1, 8, 3.09, [1061, 66167, 126458]
1, 9, 3.08, [87, 278, 46]
2, 0, 3.19, [98062, 285, 88]
2, 1, 3.16, [282, 66076, 98065]
2, 2, 3.15, [70198, 285, 13042]
2, 3, 3.14, [282, 66167, 1060]
2, 4, 3.13, [70199, 285, 88]
2, 5, 3.12, [14199, 280, 1060]
2, 6, 3.11, [144434, 66169, 56240]
2, 7, 3.1, [282, 66167, 14198]
2, 8, 3.09, [66079, 66167, 1060]
2, 9, 3.07, [14199, 66167, 66169]
3, 0, 3.19, [98062, 285, 88]
3, 1, 3.16, [282, 66076, 98065]
3, 2, 3.12, [282, 121382, 98065]
3, 3, 3.11, [282, 77088, 13042]
3, 4, 3.1, [98062, 285, 144434]
3, 5, 3.1, [70198, 148118, 88]
3, 6, 3.08, [96144, 66076, 1060]
3, 7, 3.07, [98062, 280, 88]
3, 8, 3.06, [94015, 94016, 70199]
3, 9, 3.05, [47500, 821, 88]
4, 0, 3.19, [98062, 285, 88]
4, 1, 3.16, [282, 66076, 98065]
4, 2, 3.15, [11388, 285, 88]
4, 3, 3.13, [94015, 11388, 98065]
4, 4, 3.11, [282, 66076, 91978]
4, 5, 3.11, [98062, 285, 279]
4, 6, 3.1, [282, 285, 66079]
4, 7, 3.1, [113478, 285, 88]
4, 8, 3.08, [56240, 77088, 13042]
4, 9, 3.08, [66078, 77088, 13042]
5, 0, 3.23, [93407, 285, 88]
5, 1, 3.2, [282, 286, 88]
5, 2, 3.19, [98062, 285, 88]
5, 3, 3.17, [1061, 66076, 98065]
5, 4, 3.16, [282, 66076, 98065]
5, 5, 3.15, [89, 66076, 98065]
5, 6, 3.09, [126458, 285, 88]
5, 7, 3.08, [280, 285, 40787]
5, 8, 3.06, [98062, 558, 59751]
5, 9, 3.06, [98062, 285, 1062]
6, 0, 3.23, [93407, 285, 88]
6, 1, 3.2, [282, 286, 88]
6, 2, 3.19, [47500, 285, 88]
6, 3, 3.17, [282, 40787, 88]
6, 4, 3.15, [282, 14201, 88]
6, 5, 3.11, [93407, 286, 282]
6, 6, 3.1, [278, 286, 88]
6, 7, 3.1, [93407, 148118, 1061]
6, 8, 3.09, [93407, 286, 821]
6, 9, 3.09, [93407, 286, 56237]
7, 0, 3.23, [93407, 285, 88]
7, 1, 3.2, [286, 285, 66169]
7, 2, 3.2, [282, 286, 88]
7, 3, 3.17, [282, 70196, 88]
7, 4, 3.11, [47500, 96144, 88]
7, 5, 3.11, [94016, 286, 88]
7, 6, 3.09, [221360, 40787, 1061]
7, 7, 3.08, [47500, 286, 113478]
7, 8, 3.08, [96144, 283, 70195]
7, 9, 3.08, [113478, 66167, 70195]
8, 0, 3.23, [93407, 285, 88]
8, 1, 3.2, [286, 285, 66169]
8, 2, 3.18, [282, 87, 88]
8, 3, 3.14, [98065, 285, 88]
8, 4, 3.13, [93407, 86, 88]
8, 5, 3.13, [66171, 285, 88]
8, 6, 3.11, [1060, 94016, 47392]
8, 7, 3.11, [821, 285, 88]
8, 8, 3.1, [93407, 279, 88]
8, 9, 3.08, [47392, 56237, 88]
9, 0, 3.23, [93407, 285, 88]
9, 1, 3.22, [1060, 285, 88]
9, 2, 3.2, [286, 285, 66169]
9, 3, 3.15, [56237, 87, 66169]
9, 4, 3.13, [286, 282, 88]
9, 5, 3.11, [93407, 278, 66169]
9, 6, 3.11, [66171, 70195, 283]
9, 7, 3.09, [66167, 70195, 88]
9, 8, 3.08, [286, 73931, 66169]
9, 9, 3.08, [70194, 80450, 88]
10, 0, 3.23, [93407, 285, 88]
10, 1, 3.22, [1060, 285, 88]
10, 2, 3.17, [284, 285, 46]
10, 3, 3.16, [286, 66076, 88]
10, 4, 3.16, [66171, 285, 70364]
10, 5, 3.13, [1060, 279, 70365]
10, 6, 3.12, [93407, 285, 66167]
10, 7, 3.1, [283, 285, 66169]
10, 8, 3.1, [286, 283, 88]
10, 9, 3.08, [56237, 285, 66169]
