n_nodes,influence,n0,n1,n2,n3,n4
5,18.9979,5185,3786,1385,5684,4536
5,18.9979,5185,3786,1385,5684,4536
5,18.9979,5185,3786,1385,5684,4536
5,18.9979,5185,3786,1385,5684,4536
5,18.9979,5185,3786,1385,5684,4536
5,18.9979,5185,3786,1385,5684,4536
5,18.9979,5185,3786,1385,5684,4536
5,18.9979,5185,3786,1385,5684,4536
5,18.9979,5185,3786,1385,5684,4536
5,18.9979,5185,3786,1385,5684,4536
5,18.9979,5185,3786,1385,5684,4536
5,18.9979,5185,3786,1385,5684,4536
5,18.9979,5185,3786,1385,5684,4536
5,18.9979,5185,3786,1385,5684,4536
5,18.5564,5185,3786,3035,5684,4536
5,18.5564,5185,3786,3035,5684,4536
