generation number, pop_size, worst, best, median, avg, std, diversity, improvement, number_of_selections
0, 10, 2.0, 2.15, 2.01, 2.0279999999999996, 0.042142615011410964,0.9444444444444444,0,[1.e-300]
1, 10, 2.0, 2.15, 2.0149999999999997, 2.029, 0.04182104733265297,0.9222222222222223,0.0,[10.]
2, 10, 2.01, 2.15, 2.03, 2.0420000000000003, 0.03762977544445356,0.9111111111111111,0.0,[20.]
3, 10, 2.01, 2.15, 2.04, 2.0629999999999997, 0.05404627646748671,0.9333333333333333,0.0,[30.]
4, 10, 2.01, 2.15, 2.02, 2.0499999999999994, 0.05403702434442526,0.9333333333333333,0.0,[40.]
5, 10, 2.02, 2.15, 2.03, 2.0629999999999997, 0.05330103188494578,0.9333333333333333,0.0,[50.]
6, 10, 2.01, 2.17, 2.06, 2.0779999999999994, 0.06046486583132394,0.8888888888888888,0.009302325581395357,[60.]
7, 10, 2.01, 2.17, 2.045, 2.0729999999999995, 0.06181423784210236,0.9222222222222223,0.0,[70.]
8, 10, 2.0, 2.18, 2.035, 2.0759999999999996, 0.06843975452907473,0.9,0.004608294930875683,[80.]
9, 10, 2.01, 2.18, 2.07, 2.0810000000000004, 0.058043087443725876,0.8111111111111111,0.0,[90.]
10, 10, 2.01, 2.18, 2.02, 2.058, 0.06523802572120042,0.9333333333333333,0.0,[100.]
