num_genrations,diversity,improvement,best_fitness
0,1.0,0,18.34
1,0.953670634920635,-0.02017448200654313,17.97
2,0.8589285714285715,0.11185308848080143,19.98
3,0.8154761904761905,0.0,19.98
4,0.7276785714285715,0.0020020020020019595,20.02
5,0.6989087301587302,0.09690309690309697,21.96
6,0.7351190476190477,0.04826958105646624,23.02
7,0.6683531746031747,0.01563857515204168,23.38
8,0.5548611111111112,0.04662104362703165,24.47
9,0.4844246031746031,0.029423784225582447,25.19
10,0.3344246031746033,-0.01190948789202067,24.89
