n_nodes,influence,n0,n1,n2,n3,n4
5,245.7700,8,3,7,0,9
5,245.7700,8,3,7,0,9
5,245.7700,8,3,7,0,9
5,245.7700,8,3,7,0,9
5,245.7700,8,3,7,0,9
5,245.7700,8,3,7,0,9
5,245.7700,8,3,7,0,9
5,245.7700,8,3,7,0,9
5,245.7700,8,3,7,0,9
5,245.7700,8,3,7,0,9
5,245.7700,8,3,7,0,9
5,245.7700,8,3,7,0,9
5,245.7700,8,3,7,0,9
5,245.7700,8,3,7,0,9
5,245.7700,8,3,7,0,9
5,245.7700,8,3,7,0,9
5,245.7700,8,3,7,0,9
5,245.7700,8,3,7,0,9
5,245.7700,8,3,7,0,9
5,245.7700,8,3,7,0,9
5,245.7700,8,3,7,0,9
5,245.7700,8,3,7,0,9
5,245.7700,8,3,7,0,9
5,245.7700,8,3,7,0,9
5,245.7700,8,3,7,0,9
5,245.7700,8,3,7,0,9
5,245.7700,8,3,7,0,9
5,245.7700,8,3,7,0,9
5,245.7700,8,3,7,0,9
5,245.7700,8,3,7,0,9
5,245.7700,8,3,7,0,9
5,245.7700,8,3,7,0,9
5,245.7700,8,3,7,0,9
5,245.7700,8,3,7,0,9
5,245.7700,8,3,7,0,9
5,245.7700,8,3,7,0,9
5,244.4600,8,3,7,0,9
5,244.3000,8,3,7,0,9
5,244.3000,8,3,7,0,9
5,244.3000,8,3,7,0,9
5,244.1600,8,3,7,0,9
5,244.1600,8,3,7,0,9
5,244.1600,8,3,7,0,9
5,244.1600,8,3,7,0,9
5,244.1600,8,3,7,0,9
5,244.1600,8,3,7,0,9
5,244.1600,8,3,7,0,9
5,244.1600,8,3,7,0,9
5,244.1600,8,3,7,0,9
5,244.1600,8,3,7,0,9
5,244.1600,8,3,7,0,9
5,244.1600,8,3,7,0,9
5,244.1600,8,3,7,0,9
5,244.1600,8,3,7,0,9
5,244.1600,8,3,7,0,9
5,244.1600,8,3,7,0,9
5,244.1600,8,3,7,0,9
5,244.1600,8,3,7,0,9
5,243.8100,8,3,7,0,9
5,243.8100,8,3,7,0,9
5,243.8100,8,3,7,0,9
5,243.8100,8,3,7,0,9
5,243.6400,8,3,7,0,9
5,243.6400,8,3,7,0,9
5,243.6400,8,3,7,0,9
5,243.6400,8,3,7,0,9
5,243.6400,8,3,7,0,9
5,243.4400,8,3,7,0,9
5,243.4400,8,3,7,0,9
5,243.4400,8,3,7,0,9
5,243.4400,8,3,7,0,9
5,243.3900,8,3,7,0,9
5,243.3900,8,3,7,0,9
5,243.3900,8,3,7,0,9
5,243.3900,8,3,7,0,9
5,243.3900,8,3,7,0,9
5,243.3900,8,3,7,0,9
5,243.3900,8,3,7,0,9
5,243.3900,8,3,7,0,9
5,243.3900,8,3,7,0,9
5,243.3900,8,3,7,0,9
5,243.3900,8,3,7,0,9
5,243.3900,8,3,7,0,9
5,243.3100,8,3,7,0,9
5,243.3100,8,3,7,0,9
5,243.3100,8,3,7,0,9
5,243.3100,8,3,7,0,9
5,243.3100,8,3,7,0,9
5,243.3100,8,3,7,0,9
5,243.3100,8,3,7,0,9
5,243.3100,8,3,7,0,9
5,243.3100,8,3,7,0,9
5,243.3100,8,3,7,0,9
5,243.1500,8,3,7,0,9
5,242.7900,8,3,7,0,9
5,242.7600,8,3,7,0,9
5,242.7200,8,3,7,0,9
5,242.6300,8,3,7,0,9
5,242.6200,8,3,7,0,9
5,242.5900,8,3,7,0,9
5,242.4500,8,3,7,0,9
5,242.4500,8,3,7,0,9
5,242.3400,8,3,7,0,9
5,242.3400,8,3,7,0,9
5,242.3400,8,3,7,0,9
5,242.3400,8,3,7,0,9
5,242.3400,8,3,7,0,9
5,242.0600,8,3,7,0,9
5,241.8100,8,3,7,0,9
5,241.8100,8,3,7,0,9
5,241.8100,8,3,7,0,9
5,241.8100,8,3,7,0,9
5,241.8100,8,3,7,0,9
5,241.6200,8,3,7,0,9
5,241.6200,8,3,7,0,9
5,241.6200,8,3,7,0,9
5,241.6200,8,3,7,0,9
5,241.5100,8,3,7,0,9
5,241.5100,8,3,7,0,9
5,241.5100,8,3,7,0,9
5,241.5100,8,3,7,0,9
5,241.4800,8,3,7,0,9
5,241.4800,8,3,7,0,9
5,241.3100,8,3,7,0,9
5,241.3000,8,3,7,0,9
5,241.2100,8,3,7,0,9
5,241.1900,8,3,7,0,9
5,241.1900,8,3,7,0,9
