generation number, pop_size, worst, best, median, avg, std, diversity, improvement, number_of_selections
0, 10, 3.18, 10.59, 7.99, 7.76, 2.361867904858356,0.9888888888888889,0,[1.e-300]
1, 10, 6.0, 12.26, 9.3, 9.077000000000002, 1.8382875183169798,0.9444444444444444,0.15769593956562794,[1.e-300]
2, 10, 6.5, 12.26, 10.65, 9.817, 1.8403697997956823,0.9222222222222223,0.0,[1.e-300]
3, 10, 7.61, 12.26, 10.155, 9.876999999999999, 1.6320542270402658,0.9111111111111111,0.0,[1.e-300]
4, 10, 6.11, 14.81, 9.465, 9.626999999999999, 2.7869985647646107,0.8555555555555556,0.20799347471451882,[1.e-300]
5, 10, 7.65, 14.81, 10.675, 10.745000000000001, 1.992206063639,0.9111111111111111,0.0,[1.e-300]
6, 10, 6.48, 14.81, 8.24, 8.807, 2.5749021340625746,0.9666666666666667,0.0,[1.e-300]
7, 10, 5.97, 14.81, 9.14, 9.895, 2.7667390552778914,0.9222222222222223,0.0,[1.e-300]
8, 10, 4.88, 14.81, 8.16, 8.790000000000001, 3.5525877892038085,0.9222222222222223,0.0,[1.e-300]
9, 10, 7.09, 14.81, 9.855, 10.256000000000002, 2.459874793561656,0.9,0.0,[1.e-300]
10, 10, 4.57, 14.81, 9.195, 9.772, 3.2116656114857287,0.8777777777777778,0.0,[1.e-300]
