n_nodes,influence,n0,n1,n2,n3,n4
5,93.4900,776,498,876,989,409
5,93.4900,776,498,876,989,409
5,93.4900,776,498,876,989,409
5,93.4900,776,498,876,989,409
5,93.4900,776,498,876,989,409
5,93.4900,776,498,876,989,409
5,93.4900,776,498,876,989,409
5,93.4900,776,498,876,989,409
5,93.4900,776,498,876,989,409
5,93.4900,776,498,876,989,409
5,93.4900,776,498,876,989,409
5,93.4900,776,498,876,989,409
5,93.4900,776,498,876,989,409
5,93.4900,776,498,876,989,409
5,93.4900,776,498,876,989,409
5,93.4900,776,498,876,989,409
5,93.4900,776,498,876,989,409
5,93.4900,776,498,876,989,409
5,93.4900,776,498,876,989,409
5,93.4900,776,498,876,989,409
5,93.4900,776,498,876,989,409
5,93.4900,776,498,876,989,409
5,93.4900,776,498,876,989,409
5,93.4900,776,498,876,989,409
5,93.4900,776,498,876,989,409
5,93.4900,776,498,876,989,409
5,93.4900,776,498,876,989,409
5,93.4900,776,498,876,989,409
5,93.4900,776,498,876,989,409
5,93.4900,776,498,876,989,409
5,93.4900,776,498,876,989,409
5,93.4900,776,498,876,989,409
5,93.4900,776,498,876,989,409
5,93.4900,776,498,876,989,409
5,93.4900,776,498,876,989,409
5,93.4900,776,498,876,989,409
5,93.4900,776,498,876,989,409
5,93.4900,776,498,876,989,409
5,93.4900,776,498,876,989,409
5,93.4900,776,498,876,989,409
5,93.4900,776,498,876,989,409
5,93.4900,776,498,876,989,409
5,93.4900,776,498,876,989,409
5,93.4900,776,498,876,989,409
5,93.4900,776,498,876,989,409
5,93.4900,776,498,876,989,409
5,93.4900,776,498,876,989,409
5,93.4900,776,498,876,989,409
5,93.4900,776,498,876,989,409
5,93.4900,776,498,876,989,409
5,93.4900,776,498,876,989,409
5,93.4900,776,498,876,989,409
5,93.4900,776,498,876,989,409
5,93.4900,776,498,876,989,409
5,93.4900,776,498,876,989,409
5,93.4900,776,498,876,989,409
5,93.4900,776,498,876,989,409
5,93.4900,776,498,876,989,409
5,93.4900,776,498,876,989,409
5,93.4900,776,498,876,989,409
5,93.4900,776,498,876,989,409
5,93.4900,776,498,876,989,409
5,93.4900,776,498,876,989,409
5,93.4900,776,498,876,989,409
5,93.4900,776,498,876,989,409
5,93.4900,776,498,876,989,409
5,93.4900,776,498,876,989,409
5,93.4900,776,498,876,989,409
5,93.4900,776,498,876,989,409
5,93.4900,776,498,876,989,409
5,93.4900,776,498,876,989,409
5,93.4900,776,498,876,989,409
5,93.4900,776,498,876,989,409
5,93.4900,776,498,876,989,409
5,93.4900,776,498,876,989,409
5,93.4900,776,498,876,989,409
5,93.4900,776,498,876,989,409
5,93.4900,776,498,876,989,409
5,93.4900,776,498,876,989,409
5,93.4900,776,498,876,989,409
5,93.4900,776,498,876,989,409
5,93.4900,776,498,876,989,409
5,93.4900,776,498,876,989,409
5,93.4900,776,498,876,989,409
5,93.4900,776,498,876,989,409
5,93.4900,776,498,876,989,409
5,93.4900,776,498,876,989,409
5,93.4900,776,498,876,989,409
5,93.4900,776,498,876,989,409
5,93.4900,776,498,876,989,409
5,93.4900,776,498,876,989,409
5,93.4900,776,498,876,989,409
5,93.4900,776,498,876,989,409
5,93.4900,776,498,876,989,409
5,93.4900,776,498,876,989,409
5,93.4900,776,498,876,989,409
5,93.4900,776,498,876,989,409
5,93.4900,776,498,876,989,409
5,93.4900,776,498,876,989,409
5,93.4900,776,498,876,989,409
5,93.4900,776,498,876,989,409
5,93.4900,776,498,876,989,409
5,93.4900,776,498,876,989,409
5,93.4900,776,498,876,989,409
5,93.4900,776,498,876,989,409
5,93.4900,776,498,876,989,409
5,93.4900,776,498,876,989,409
5,93.4900,776,498,876,989,409
5,93.4900,776,498,876,989,409
5,93.4900,776,498,876,989,409
5,93.4900,776,498,876,989,409
5,93.4900,776,498,876,989,409
5,93.4900,776,498,876,989,409
5,93.4900,776,498,876,989,409
5,93.4900,776,498,876,989,409
5,93.4900,776,498,876,989,409
5,93.4900,776,498,876,989,409
5,93.4900,776,498,876,989,409
5,93.4900,776,498,876,989,409
5,93.4900,776,498,876,989,409
5,93.4900,776,498,876,989,409
5,93.4900,776,498,876,989,409
5,93.4900,776,498,876,989,409
5,93.4900,776,498,876,989,409
5,93.4900,776,498,876,989,409
5,93.4900,776,498,876,989,409
5,93.4900,776,498,876,989,409
5,90.2100,234,827,785,890,60
