num_genrations,diversity,improvement,best_fitness
0,0.9850505050505051,0,56.63
1,0.9089777777777778,0.015186297015716041,57.49
2,0.6544282828282828,0.011132370847103853,58.13
3,0.6075272727272727,0.014278341648030247,58.96
4,0.5588444444444445,0.016960651289009497,59.96
5,0.32798787878787894,0.0060040026684456205,60.32
6,0.1398262626262624,0.014588859416445665,61.2
7,0.1378505050505051,0.0021241830065358734,61.33
8,0.1149494949494948,0.004239360834828064,61.59
9,0.10066262626262645,0.0,61.59
10,0.09444848484848511,0.0035720084429290283,61.81
11,0.05336969696969718,0.0056625141562852985,62.16
12,0.03235959595959603,0.000804375804375873,62.21
13,0.01410101010101028,0.0,62.21
14,0.010618181818181527,0.0,62.21
15,0.010218181818181349,0.0,62.21
16,0.004387878787878607,0.0,62.21
17,0.0031919191919190792,0.0,62.21
18,0.0019919191919187673,0.0,62.21
19,0.0016000000000002679,0.0,62.21
20,0.004391919191918947,0.0,62.21
21,0.001600000000000379,0.0,62.21
22,0.0007999999999998009,0.0,62.21
23,0.001600000000000379,0.0,62.21
24,0.0011999999999998678,0.0,62.21
25,0.0016000000000002679,0.0,62.21
26,0.0024000000000000687,0.0,62.21
27,0.0027757575757576536,0.0,62.21
28,0.006375757575757479,0.0,62.21
29,0.004391919191919169,0.0,62.21
30,0.0023999999999999577,0.0,62.21
31,0.004795959595959243,0.0,62.21
32,0.001995959595959218,0.0,62.21
33,0.004391919191918836,0.0,62.21
34,0.0027919191919191233,0.0,62.21
35,0.003191919191918635,0.0,62.21
36,0.0011999999999998678,0.0,62.21
37,0.0016000000000002679,0.0,62.21
38,0.0011999999999998678,0.0,62.21
39,0.0023999999999999577,0.0,62.21
40,0.0019999999999995577,0.0,62.21
41,0.0015919191919195885,0.0,62.21
42,0.0035878787878788065,0.0,62.21
43,0.001995959595959107,0.0,62.21
44,0.0011999999999998678,0.0,62.21
45,0.003595959595959486,0.0,62.21
46,0.004775757575757211,0.0,62.21
47,0.001995959595959107,0.0,62.21
48,0.0023999999999999577,0.0,62.21
49,0.0007999999999998009,0.0,62.21
50,0.005195959595959643,0.0,62.21
51,0.0027919191919193453,0.0,62.21
52,0.0035878787878788065,0.0,62.21
53,0.0023999999999999577,0.0,62.21
54,0.0031999999999999806,0.0,62.21
55,0.003595959595959819,0.0,62.21
56,0.00559595959595971,0.0,62.21
57,0.0031919191919190792,0.0,62.21
58,0.0019999999999995577,0.0,62.21
59,0.0024000000000000687,0.0,62.21
60,0.005167676767676821,0.0,62.21
61,0.0015919191919195885,0.0,62.21
62,0.0019919191919188783,0.0,62.21
63,0.0036000000000001586,0.0,62.21
64,0.004391919191918947,0.0,62.21
65,0.0011999999999998678,0.0,62.21
66,0.0011999999999996458,0.0,62.21
67,0.0007999999999998009,0.0,62.21
68,0.003995959595959109,0.0,62.21
69,0.0035919191919192572,0.0,62.21
70,0.002395959595959618,0.0,62.21
71,0.003591919191919146,0.0,62.21
72,0.0019999999999997797,0.0,62.21
73,0.0031999999999996476,0.0,62.21
74,0.0019999999999997797,0.0,62.21
75,0.002795959595959463,0.0,62.21
76,0.00039999999999995595,0.0,62.21
77,0.0031919191919191903,0.0,62.21
78,0.002795959595959796,0.0,62.21
79,0.0039999999999998925,0.0,62.21
80,0.0031919191919190792,0.0,62.21
81,0.0023999999999999577,0.0,62.21
82,0.001600000000000379,0.0,62.21
83,0.003191919191918746,0.0008037293039703771,62.26
84,0.0031999999999999806,0.0,62.26
85,0.005991919191919104,0.0,62.26
86,0.004391919191918836,0.0,62.26
87,0.003995959595959553,0.0,62.26
88,0.002395959595959618,0.0,62.26
89,0.0039999999999997815,0.0,62.26
90,0.0019999999999995577,0.0,62.26
91,0.004395959595959176,0.0,62.26
92,0.0011999999999996458,0.0,62.26
93,0.0008000000000000229,0.0,62.26
94,0.001600000000000379,0.0,62.26
95,0.0031999999999997586,0.0,62.26
96,0.005183838383838402,0.0,62.26
97,0.0027515151515150604,0.0,62.26
98,0.0016000000000002679,0.0,62.26
99,0.0023999999999999577,0.0,62.26
100,0.0007999999999998009,0.0,62.26
