n_nodes,influence,n0,n1,n2,n3,n4
5,28.2048,181543,23330,4439,8891,212543
5,28.2048,181543,23330,4439,8891,212543
5,28.2048,181543,23330,4439,8891,212543
5,28.2048,181543,23330,4439,8891,212543
5,28.2048,181543,23330,4439,8891,212543
5,27.7215,86728,207654,176598,29111,212543
5,27.7215,86728,207654,176598,29111,212543
5,27.7215,86728,207654,176598,29111,212543
5,27.7215,86728,207654,176598,29111,212543
5,27.3196,86728,207654,15309,4439,212543
5,27.2151,86728,207654,42484,29111,212543
5,27.2151,86728,207654,42484,29111,212543
5,27.2151,86728,207654,42484,29111,212543
5,27.1349,228520,181543,15309,4439,212543
5,27.0166,86728,22604,176598,4439,212543
5,27.0166,86728,22604,176598,4439,212543
5,27.0166,86728,22604,176598,4439,212543
5,26.9890,86728,212543,181543,223082,249633
5,26.9890,86728,212543,181543,223082,249633
5,26.9890,86728,212543,181543,223082,249633
5,26.6188,8891,181543,15309,4439,212543
5,26.6188,8891,181543,15309,4439,212543
5,26.6188,8891,181543,15309,4439,212543
5,26.6188,8891,181543,15309,4439,212543
5,26.6188,8891,181543,15309,4439,212543
5,26.6188,8891,181543,15309,4439,212543
5,26.6188,8891,181543,15309,4439,212543
5,26.6188,8891,181543,15309,4439,212543
5,26.6188,8891,181543,15309,4439,212543
5,26.6188,8891,181543,15309,4439,212543
5,26.6188,8891,181543,15309,4439,212543
5,26.6188,8891,181543,15309,4439,212543
5,26.6188,8891,181543,15309,4439,212543
5,26.6188,8891,181543,15309,4439,212543
5,26.6188,8891,181543,15309,4439,212543
5,26.4051,228520,212543,181543,29111,200771
5,26.4051,228520,212543,181543,29111,200771
5,26.4051,228520,212543,181543,29111,200771
5,26.1569,86728,22604,176598,242297,212543
5,26.1569,86728,22604,176598,242297,212543
5,26.1569,86728,22604,176598,242297,212543
5,26.1569,86728,22604,176598,242297,212543
5,26.1569,86728,22604,176598,242297,212543
5,26.1569,86728,22604,176598,242297,212543
5,26.1569,86728,22604,176598,242297,212543
5,26.1569,86728,22604,176598,242297,212543
5,26.1569,86728,22604,176598,242297,212543
5,26.1569,86728,22604,176598,242297,212543
5,26.1569,86728,22604,176598,242297,212543
5,26.1569,86728,22604,176598,242297,212543
5,26.1569,86728,22604,176598,242297,212543
5,26.1569,86728,22604,176598,242297,212543
5,26.1569,86728,22604,176598,242297,212543
5,26.1569,86728,22604,176598,242297,212543
5,26.1569,86728,22604,176598,242297,212543
5,26.1569,86728,22604,176598,242297,212543
5,26.1569,86728,22604,176598,242297,212543
5,26.1569,86728,22604,176598,242297,212543
5,26.1569,86728,22604,176598,242297,212543
5,26.1569,86728,22604,176598,242297,212543
5,26.1569,86728,22604,176598,242297,212543
5,26.1569,86728,22604,176598,242297,212543
5,26.1569,86728,22604,176598,242297,212543
5,26.1569,86728,22604,176598,242297,212543
