n_nodes,influence,n0,n1,n2,n3,n4,n5,n6
7,38.3100,3,937,940,14,391,824,95
7,38.3100,3,937,940,14,391,824,95
7,38.3100,3,937,940,14,391,824,95
7,38.3100,3,937,940,14,391,824,95
7,38.3100,3,937,940,14,391,824,95
7,38.3100,3,937,940,14,391,824,95
7,38.3100,3,937,940,14,391,824,95
7,38.3100,3,937,940,14,391,824,95
7,38.3100,3,937,940,14,391,824,95
7,38.3100,3,937,940,14,391,824,95
7,38.3100,3,937,940,14,391,824,95
7,38.3100,3,937,940,14,391,824,95
7,38.3100,3,937,940,14,391,824,95
7,37.7600,3,937,940,14,391,824,95
7,37.7600,3,937,940,14,391,824,95
7,37.1300,3,937,940,14,391,824,95
