n_nodes,influence,n0,n1,n2,n3,n4,n5,n6,n7,n8,n9,n10,n11,n12,n13,n14,n15,n16,n17,n18
19,36.1700,222972,110276,133863,53270,96300,199733,26635,104984,238681,43759,4311,88349,86315,201357,104473,216991,21994,12880,171431
19,36.1700,222972,110276,133863,53270,96300,199733,26635,104984,238681,43759,4311,88349,86315,201357,104473,216991,21994,12880,171431
19,36.1700,222972,110276,133863,53270,96300,199733,26635,104984,238681,43759,4311,88349,86315,201357,104473,216991,21994,12880,171431
19,36.1700,222972,110276,133863,53270,96300,199733,26635,104984,238681,43759,4311,88349,86315,201357,104473,216991,21994,12880,171431
19,36.1700,222972,110276,133863,53270,96300,199733,26635,104984,238681,43759,4311,88349,86315,201357,104473,216991,21994,12880,171431
19,36.1700,222972,110276,133863,53270,96300,199733,26635,104984,238681,43759,4311,88349,86315,201357,104473,216991,21994,12880,171431
19,36.1700,222972,110276,133863,53270,96300,199733,26635,104984,238681,43759,4311,88349,86315,201357,104473,216991,21994,12880,171431
19,36.1700,222972,110276,133863,53270,96300,199733,26635,104984,238681,43759,4311,88349,86315,201357,104473,216991,21994,12880,171431
19,36.1700,222972,110276,133863,53270,96300,199733,26635,104984,238681,43759,4311,88349,86315,201357,104473,216991,21994,12880,171431
19,36.1700,222972,110276,133863,53270,96300,199733,26635,104984,238681,43759,4311,88349,86315,201357,104473,216991,21994,12880,171431
19,36.1700,222972,110276,133863,53270,96300,199733,26635,104984,238681,43759,4311,88349,86315,201357,104473,216991,21994,12880,171431
19,36.1700,222972,110276,133863,53270,96300,199733,26635,104984,238681,43759,4311,88349,86315,201357,104473,216991,21994,12880,171431
19,36.1700,222972,110276,133863,53270,96300,199733,26635,104984,238681,43759,4311,88349,86315,201357,104473,216991,21994,12880,171431
19,36.1700,222972,110276,133863,53270,96300,199733,26635,104984,238681,43759,4311,88349,86315,201357,104473,216991,21994,12880,171431
19,36.1700,222972,110276,133863,53270,96300,199733,26635,104984,238681,43759,4311,88349,86315,201357,104473,216991,21994,12880,171431
19,36.1700,222972,110276,133863,53270,96300,199733,26635,104984,238681,43759,4311,88349,86315,201357,104473,216991,21994,12880,171431
