generation number, individual number, fitness, candidate
0, 0, 7.96, [89, 11925]
0, 1, 7.92, [70196, 148118]
0, 2, 7.62, [96648, 66167]
0, 3, 7.36, [90, 86]
0, 4, 6.98, [285, 14198]
0, 5, 6.12, [150655, 96147]
0, 6, 5.78, [77088, 85838]
0, 7, 5.36, [85838, 56237]
0, 8, 4.64, [124712, 94017]
0, 9, 3.27, [1063, 14223]
1, 0, 11.08, [70196, 11388]
1, 1, 9.08, [89, 283]
1, 2, 8.34, [46, 66171]
1, 3, 7.96, [89, 11925]
1, 4, 7.92, [70196, 148118]
1, 5, 7.41, [86, 148118]
1, 6, 6.27, [90, 148118]
1, 7, 5.61, [280, 148118]
1, 8, 5.42, [14223, 282]
1, 9, 5.16, [81178, 14197]
2, 0, 11.08, [70196, 11388]
2, 1, 9.49, [90, 11388]
2, 2, 9.26, [86, 62858]
2, 3, 9.08, [89, 283]
2, 4, 8.92, [70196, 14198]
2, 5, 8.85, [46, 73931]
2, 6, 8.07, [89, 77088]
2, 7, 7.39, [90, 66171]
2, 8, 7.06, [46, 1061]
2, 9, 6.79, [87, 11925]
3, 0, 12.2, [13042, 66076]
3, 1, 11.08, [70196, 11388]
3, 2, 9.49, [90, 11388]
3, 3, 8.24, [89, 11387]
3, 4, 7.0, [70196, 12067]
3, 5, 6.84, [6376, 14199]
3, 6, 6.62, [90, 282]
3, 7, 5.83, [66079, 11925]
3, 8, 5.07, [42918, 14198]
3, 9, 4.63, [1061, 12067]
4, 0, 13.37, [286, 66076]
4, 1, 13.15, [14197, 66076]
4, 2, 12.2, [13042, 66076]
4, 3, 11.08, [70196, 11388]
4, 4, 10.04, [14198, 11388]
4, 5, 9.34, [113478, 66076]
4, 6, 8.15, [80450, 14197]
4, 7, 8.05, [124712, 66167]
4, 8, 8.04, [113477, 11388]
4, 9, 6.69, [1060, 96144]
5, 0, 13.37, [286, 66076]
5, 1, 13.15, [14197, 66076]
5, 2, 12.0, [14200, 66076]
5, 3, 9.6, [70364, 56239]
5, 4, 9.56, [14201, 11388]
5, 5, 9.38, [70197, 66076]
5, 6, 6.71, [96147, 66079]
5, 7, 5.88, [284, 282]
5, 8, 5.63, [70197, 285]
5, 9, 5.54, [81178, 70194]
6, 0, 13.37, [286, 66076]
6, 1, 13.27, [284, 66076]
6, 2, 13.15, [14197, 66076]
6, 3, 9.82, [47392, 76776]
6, 4, 9.52, [70196, 76776]
6, 5, 8.27, [46, 96147]
6, 6, 7.33, [87, 279]
6, 7, 6.97, [70194, 823]
6, 8, 6.91, [59751, 70365]
6, 9, 6.37, [96144, 823]
7, 0, 13.37, [286, 66076]
7, 1, 13.27, [284, 66076]
7, 2, 12.9, [73931, 66076]
7, 3, 12.66, [90, 66076]
7, 4, 12.02, [90, 66076]
7, 5, 11.09, [12067, 66076]
7, 6, 9.8, [40786, 66076]
7, 7, 7.42, [14199, 86]
7, 8, 7.1, [286, 66079]
7, 9, 6.38, [126458, 90]
8, 0, 13.37, [286, 66076]
8, 1, 13.27, [284, 66076]
8, 2, 12.58, [66171, 66076]
8, 3, 12.48, [90, 66076]
8, 4, 8.49, [144434, 127088]
8, 5, 8.42, [11388, 126458]
8, 6, 7.97, [90, 73931]
8, 7, 7.23, [66078, 73931]
8, 8, 6.6, [73931, 126458]
8, 9, 6.22, [70195, 121382]
9, 0, 13.37, [286, 66076]
9, 1, 13.27, [284, 66076]
9, 2, 12.85, [285, 66076]
9, 3, 11.49, [85838, 66076]
9, 4, 10.48, [286, 70193]
9, 5, 9.56, [40786, 66076]
9, 6, 8.22, [59751, 46]
9, 7, 8.09, [127088, 70194]
9, 8, 7.54, [76776, 11925]
9, 9, 7.08, [85838, 80450]
10, 0, 13.37, [286, 66076]
10, 1, 13.27, [284, 66076]
10, 2, 13.23, [282, 66076]
10, 3, 12.37, [90, 66076]
10, 4, 12.05, [90, 66076]
10, 5, 8.67, [284, 70196]
10, 6, 7.02, [286, 148118]
10, 7, 6.99, [86, 70195]
10, 8, 6.55, [91978, 11925]
10, 9, 6.44, [80450, 12067]
