generation number, pop_size, worst, best, median, avg, std, diversity, improvement, number_of_selections
0, 10, 3.07, 3.2, 3.125, 3.12, 0.04000000000000008,0.9703703703703703,0,[1.e-300]
1, 10, 3.07, 3.2, 3.135, 3.133, 0.04290687590584995,0.8814814814814815,0.0,[1.e-300]
2, 10, 3.11, 3.2, 3.165, 3.1559999999999997, 0.03555277766926241,0.8444444444444444,0.0,[1.e-300]
3, 10, 3.05, 3.2, 3.115, 3.123, 0.051778373863998584,0.8518518518518519,0.0,[1.e-300]
4, 10, 3.09, 3.2, 3.15, 3.1430000000000002, 0.037696153649941604,0.8444444444444444,0.0,[1.e-300]
5, 10, 3.09, 3.2, 3.13, 3.1399999999999997, 0.03549647869859778,0.7555555555555556,0.0,[1.e-300]
6, 10, 3.07, 3.2, 3.125, 3.132, 0.0499599839871873,0.837037037037037,0.0,[1.e-300]
7, 10, 3.08, 3.28, 3.115, 3.1439999999999997, 0.05919459434779496,0.7777777777777778,0.024999999999999883,[1.e-300]
8, 10, 3.11, 3.28, 3.14, 3.159, 0.04635730794599702,0.8074074074074074,0.0,[1.e-300]
9, 10, 3.1, 3.28, 3.125, 3.1480000000000006, 0.0545527267879434,0.7333333333333333,0.0,[1.e-300]
10, 10, 3.08, 3.28, 3.16, 3.158, 0.05249761899362671,0.6444444444444445,0.0,[1.e-300]
