num_genrations,diversity,improvement,best_fitness
0,0.9968413978494624,0,144.74
1,0.870766129032258,0.1945557551471604,172.9
2,0.7967741935483871,0.0777906304222093,186.35
3,0.55127688172043,0.0,186.35
4,0.5631048387096774,0.0,186.35
5,0.49677419354838714,0.08382076737322246,201.97
6,0.24973118279569906,0.03238104669010245,208.51
7,0.37190860215053767,0.029255191597525407,214.61
8,0.04368279569892497,-0.01421182610316393,211.56
9,0.05383064516129055,0.0,211.56
10,0.048118279569892564,0.0,211.56
