num_genrations,diversity,improvement,best_fitness
0,0.9966666666666667,0,19.599999999999994
1,0.8733333333333333,0.0,19.599999999999994
2,0.07499999999999996,0.06020408163265306,20.779999999999994
3,0.21500000000000008,0.008180943214629536,20.949999999999996
4,0.31166666666666676,0.0,20.949999999999996
5,0.30999999999999983,0.0,20.949999999999996
6,0.13666666666666671,0.01002386634844873,21.159999999999997
7,0.16833333333333333,0.006143667296786343,21.289999999999996
8,0.23833333333333329,0.0,21.289999999999996
9,0.13333333333333341,0.024424612494128684,21.809999999999995
10,0.0,-0.023842274186153128,21.289999999999996
11,0.0,0.0,21.289999999999996
12,0.0,0.0,21.289999999999996
13,0.0,0.0,21.289999999999996
14,0.0,0.0,21.289999999999996
15,0.0,0.0,21.289999999999996
