generation number, individual number, fitness, candidate
0, 0, 46.51, [1401, 6917]
0, 1, 19.0, [1401, 1091]
0, 2, 17.0, [1091, 576]
0, 3, 15.5, [1224, 2171]
0, 4, 14.0, [1425, 140]
0, 5, 14.0, [1401, 1480]
0, 6, 13.0, [1425, 1125]
0, 7, 13.0, [1401, 1068]
0, 8, 11.41, [1351, 1223]
0, 9, 11.0, [1480, 1125]
1, 0, 67.6, [140, 1509]
1, 1, 67.19, [695, 1509]
1, 2, 67.18, [140, 1509]
1, 3, 46.51, [1401, 6917]
1, 4, 19.0, [1401, 1091]
1, 5, 12.0, [1059, 1091]
1, 6, 10.52, [1407, 1351]
1, 7, 10.0, [751, 576]
1, 8, 8.0, [1480, 1403]
1, 9, 7.0, [314, 2320]
2, 0, 67.6, [140, 1509]
2, 1, 67.19, [695, 1509]
2, 2, 64.37, [1430, 1509]
2, 3, 11.0, [576, 1430]
2, 4, 10.85, [695, 1990]
2, 5, 9.0, [1351, 785]
2, 6, 7.0, [1518, 2320]
2, 7, 7.0, [831, 2171]
2, 8, 7.0, [140, 1190]
2, 9, 7.0, [1059, 695]
3, 0, 67.6, [140, 1509]
3, 1, 67.19, [695, 1509]
3, 2, 17.0, [695, 1091]
3, 3, 15.52, [576, 1224]
3, 4, 13.96, [1350, 1480]
3, 5, 12.0, [140, 2171]
3, 6, 11.0, [1351, 1332]
3, 7, 11.0, [1442, 576]
3, 8, 11.0, [140, 1125]
3, 9, 11.0, [1425, 571]
4, 0, 67.6, [140, 1509]
4, 1, 67.5, [140, 1509]
4, 2, 67.19, [695, 1509]
4, 3, 17.0, [576, 1091]
4, 4, 12.94, [1350, 2332]
4, 5, 12.0, [576, 1480]
4, 6, 12.0, [695, 1480]
4, 7, 10.0, [140, 521]
4, 8, 9.0, [576, 2377]
4, 9, 8.0, [576, 1403]
5, 0, 67.6, [140, 1509]
5, 1, 67.5, [140, 1509]
5, 2, 61.13, [1040, 1509]
5, 3, 43.61, [1497, 6917]
5, 4, 17.0, [576, 1091]
5, 5, 13.0, [1125, 1401]
5, 6, 11.0, [1480, 1430]
5, 7, 11.0, [695, 1430]
5, 8, 7.0, [140, 695]
5, 9, 7.0, [576, 1767]
6, 0, 67.6, [140, 1509]
6, 1, 67.5, [140, 1509]
6, 2, 62.6, [1157, 1509]
6, 3, 45.03, [6917, 1350]
6, 4, 13.94, [140, 1350]
6, 5, 11.0, [140, 1442]
6, 6, 11.0, [576, 1068]
6, 7, 9.48, [1407, 1025]
6, 8, 9.0, [2171, 2332]
6, 9, 8.0, [2320, 1403]
7, 0, 67.6, [140, 1509]
7, 1, 67.5, [140, 1509]
7, 2, 65.31, [1509, 1025]
7, 3, 63.43, [1401, 1509]
7, 4, 42.57, [6917, 1059]
7, 5, 14.1, [576, 1350]
7, 6, 11.0, [1025, 576]
7, 7, 7.0, [140, 695]
7, 8, 7.0, [140, 1040]
7, 9, 6.53, [1190, 1223]
8, 0, 67.6, [140, 1509]
8, 1, 67.5, [140, 1509]
8, 2, 13.0, [1332, 1425]
8, 3, 13.0, [1025, 1401]
8, 4, 12.0, [140, 2171]
8, 5, 11.0, [576, 1025]
8, 6, 9.0, [1518, 1401]
8, 7, 8.92, [1190, 1350]
8, 8, 8.5, [1430, 1328]
8, 9, 7.0, [140, 695]
9, 0, 67.6, [140, 1509]
9, 1, 67.5, [140, 1509]
9, 2, 66.98, [576, 1509]
9, 3, 45.52, [521, 6917]
9, 4, 17.0, [1091, 1480]
9, 5, 14.04, [1350, 576]
9, 6, 13.0, [1025, 1425]
9, 7, 11.0, [140, 1125]
9, 8, 11.0, [1351, 1430]
9, 9, 7.0, [140, 1059]
10, 0, 67.6, [140, 1509]
10, 1, 67.5, [140, 1509]
10, 2, 14.08, [140, 1350]
10, 3, 12.0, [576, 1351]
10, 4, 11.0, [140, 1125]
10, 5, 9.75, [1480, 1990]
10, 6, 9.0, [1351, 1058]
10, 7, 7.0, [1430, 1146]
10, 8, 7.0, [1611, 1068]
10, 9, 6.0, [1935, 1990]
