generation number, individual number, fitness, candidate
0, 0, 16.84, [66076, 62858, 14199]
0, 1, 14.72, [70196, 11388, 282]
0, 2, 12.84, [66171, 88, 14198]
0, 3, 12.54, [14198, 98065, 282]
0, 4, 11.73, [89, 98065, 80450]
0, 5, 11.07, [96144, 98062, 86543]
0, 6, 10.99, [86, 40788, 47392]
0, 7, 10.35, [94015, 70195, 56240]
0, 8, 7.82, [281, 86, 70195]
0, 9, 7.81, [93406, 14223, 14201]
1, 0, 16.84, [66076, 62858, 14199]
1, 1, 15.97, [66076, 11925, 282]
1, 2, 14.72, [70196, 11388, 282]
1, 3, 13.67, [66076, 80449, 80450]
1, 4, 13.28, [96144, 144434, 14199]
1, 5, 12.42, [279, 62858, 14200]
1, 6, 12.08, [96148, 62858, 14199]
1, 7, 11.71, [113477, 11388, 282]
1, 8, 10.42, [47392, 12067, 14200]
1, 9, 10.23, [70195, 73931, 14198]
2, 0, 20.14, [66076, 11388, 89]
2, 1, 18.13, [66076, 11388, 284]
2, 2, 16.84, [66076, 62858, 14199]
2, 3, 16.25, [66076, 62858, 1060]
2, 4, 15.97, [66076, 11925, 282]
2, 5, 15.79, [70196, 11388, 282]
2, 6, 15.17, [70193, 62858, 282]
2, 7, 14.78, [66076, 11925, 14198]
2, 8, 14.08, [70196, 62858, 13042]
2, 9, 11.63, [70194, 11925, 14199]
3, 0, 20.14, [66076, 11388, 89]
3, 1, 18.13, [66076, 11388, 284]
3, 2, 17.62, [66076, 11387, 144434]
3, 3, 17.38, [66076, 62858, 90]
3, 4, 16.94, [66076, 12067, 89]
3, 5, 14.81, [66076, 11925, 14199]
3, 6, 13.67, [70194, 56240, 86]
3, 7, 12.83, [70195, 11388, 14199]
3, 8, 11.76, [86, 96144, 66171]
3, 9, 10.97, [66079, 62858, 284]
4, 0, 20.14, [66076, 11388, 89]
4, 1, 18.7, [66076, 11388, 127089]
4, 2, 18.13, [66076, 11388, 284]
4, 3, 17.98, [66076, 14201, 89]
4, 4, 17.26, [66076, 11925, 144434]
4, 5, 15.67, [70193, 11387, 89]
4, 6, 13.49, [70193, 821, 89]
4, 7, 12.91, [70194, 11387, 89]
4, 8, 12.37, [70195, 11388, 14201]
4, 9, 8.83, [66170, 59751, 93407]
5, 0, 20.99, [66076, 11388, 89]
5, 1, 20.14, [66076, 11388, 89]
5, 2, 19.17, [66076, 98062, 89]
5, 3, 18.7, [66076, 11388, 127089]
5, 4, 16.29, [70194, 11388, 89]
5, 5, 16.14, [278, 11388, 144434]
5, 6, 15.53, [70194, 66167, 89]
5, 7, 15.08, [66076, 66169, 127089]
5, 8, 12.83, [70195, 11388, 127089]
5, 9, 8.27, [13042, 70198, 221360]
6, 0, 20.99, [66076, 11388, 89]
6, 1, 20.14, [66076, 11388, 89]
6, 2, 17.68, [66076, 14197, 89]
6, 3, 17.44, [66076, 14199, 144434]
6, 4, 17.23, [66076, 11387, 89]
6, 5, 14.11, [70194, 100807, 62858]
6, 6, 12.34, [66076, 1061, 70197]
6, 7, 9.82, [96648, 14200, 62858]
6, 8, 9.36, [56239, 86543, 280]
6, 9, 8.57, [823, 66170, 96147]
7, 0, 20.99, [66076, 11388, 89]
7, 1, 20.14, [66076, 11388, 89]
7, 2, 17.67, [66076, 14197, 89]
7, 3, 16.55, [70196, 11388, 144434]
7, 4, 12.81, [66079, 80450, 89]
7, 5, 12.66, [62858, 11387, 89]
7, 6, 12.0, [148118, 11387, 89]
7, 7, 11.33, [70194, 89, 42918]
7, 8, 10.35, [127088, 93406, 80450]
7, 9, 9.64, [47500, 823, 89]
8, 0, 20.99, [66076, 11388, 89]
8, 1, 20.14, [66076, 11388, 89]
8, 2, 18.3, [70193, 11388, 89]
8, 3, 16.88, [66076, 56240, 127088]
8, 4, 15.08, [127088, 11388, 89]
8, 5, 14.61, [93406, 11388, 89]
8, 6, 14.25, [70194, 14197, 144434]
8, 7, 13.85, [70196, 11925, 89]
8, 8, 11.01, [66169, 14197, 94016]
8, 9, 9.97, [284, 821, 89]
9, 0, 20.99, [66076, 11388, 89]
9, 1, 20.14, [66076, 11388, 89]
9, 2, 14.48, [66076, 40788, 73931]
9, 3, 14.21, [56239, 11388, 90]
9, 4, 13.7, [70365, 11388, 285]
9, 5, 12.55, [66078, 11388, 280]
9, 6, 12.21, [70196, 86543, 89]
9, 7, 11.79, [148118, 11388, 70365]
9, 8, 11.78, [66076, 66169, 93408]
9, 9, 11.73, [14200, 11387, 89]
10, 0, 20.99, [66076, 11388, 89]
10, 1, 20.14, [66076, 11388, 89]
10, 2, 20.12, [66076, 73932, 89]
10, 3, 16.35, [66076, 70193, 280]
10, 4, 15.39, [66076, 12067, 73931]
10, 5, 15.19, [66076, 286, 90]
10, 6, 14.32, [80450, 11388, 91978]
10, 7, 14.1, [66076, 12067, 94015]
10, 8, 13.91, [66076, 70197, 286]
10, 9, 13.14, [56239, 11387, 89]
