generation number, pop_size, worst, best, median, avg, std, diversity, improvement, number_of_selections
0, 10, 2.0, 2.12, 2.0300000000000002, 2.038, 0.03487119154832543,0.9555555555555556,0,[1.e-300]
1, 10, 2.0, 2.17, 2.05, 2.058, 0.05249761899362677,0.9555555555555556,0.023584905660377273,[1.e-300]
2, 10, 2.0, 2.17, 2.035, 2.065, 0.06086871117413283,0.9444444444444444,0.0,[1.e-300]
3, 10, 2.02, 2.17, 2.075, 2.085, 0.05352569476429054,0.9,0.0,[1.e-300]
4, 10, 2.01, 2.17, 2.025, 2.0599999999999996, 0.062128898268036324,0.8888888888888888,0.0,[1.e-300]
5, 10, 2.0, 2.17, 2.035, 2.0549999999999997, 0.055901699437494755,0.9111111111111111,0.0,[1.e-300]
6, 10, 2.0, 2.17, 2.075, 2.077, 0.06116371473349212,0.8666666666666667,0.0,[1.e-300]
7, 10, 2.01, 2.17, 2.02, 2.0479999999999996, 0.05670978751503129,0.9222222222222222,0.0,[1.e-300]
8, 10, 2.0, 2.17, 2.035, 2.068, 0.06257795138864805,0.8888888888888888,0.0,[1.e-300]
9, 10, 2.01, 2.17, 2.045, 2.0729999999999995, 0.06099999999999999,0.8666666666666667,0.0,[1.e-300]
10, 10, 2.0, 2.17, 2.02, 2.058, 0.06321392251711644,0.9666666666666667,0.0,[1.e-300]
