generation number, pop_size, worst, best, median, avg, std, diversity, improvement, number_of_selections
0, 10, 4.42, 11.62, 7.24, 7.728, 2.3029103326009026,0.9888888888888889,0,[1.e-300]
1, 10, 7.26, 11.62, 8.370000000000001, 8.933, 1.4116802045789265,0.9222222222222223,0.0,[1.e-300]
2, 10, 7.5, 12.63, 9.965, 10.019, 1.7062792854629634,0.8666666666666667,0.08691910499139428,[1.e-300]
3, 10, 8.58, 14.66, 10.815, 10.863000000000001, 2.029882016275823,0.7555555555555555,0.16072842438638157,[1.e-300]
4, 10, 6.55, 14.66, 8.42, 9.126, 2.56063742064354,0.9666666666666667,0.0,[1.e-300]
5, 10, 8.03, 14.66, 9.9, 10.392999999999999, 1.9287407809241761,0.8888888888888888,0.0,[1.e-300]
6, 10, 5.0, 14.66, 7.365, 8.428, 3.2069262542191397,0.8888888888888888,0.0,[1.e-300]
7, 10, 6.85, 14.66, 9.75, 9.974, 2.314701708644118,0.8777777777777778,0.0,[1.e-300]
8, 10, 6.38, 14.66, 8.21, 9.733999999999998, 2.9266301440393865,0.9222222222222223,0.0,[1.e-300]
9, 10, 6.12, 14.66, 8.64, 9.388000000000002, 2.702786710045763,0.9222222222222223,0.0,[1.e-300]
10, 10, 6.26, 14.66, 9.254999999999999, 9.599999999999998, 2.5346991931982776,0.9111111111111111,0.0,[1.e-300]
