n_nodes,influence,n0,n1,n2,n3,n4,n5,n6
7,34.7700,5959,5801,109,848,3381,3642,7451
7,34.7700,5959,5801,109,848,3381,3642,7451
7,34.7700,5959,5801,109,848,3381,3642,7451
7,28.5500,848,3883,3381,5801,3642,5959,7451
7,28.5500,848,3883,3381,5801,3642,5959,7451
7,28.5500,848,3883,3381,5801,3642,5959,7451
7,28.5500,848,3883,3381,5801,3642,5959,7451
7,28.5500,848,3883,3381,5801,3642,5959,7451
7,28.5500,848,3883,3381,5801,3642,5959,7451
7,28.5500,848,3883,3381,5801,3642,5959,7451
7,28.5500,848,3883,3381,5801,3642,5959,7451
7,28.5500,848,3883,3381,5801,3642,5959,7451
7,28.5500,848,3883,3381,5801,3642,5959,7451
7,28.5500,848,3883,3381,5801,3642,5959,7451
7,28.5500,848,3883,3381,5801,3642,5959,7451
7,28.5500,848,3883,3381,5801,3642,5959,7451
