num_genrations,diversity,improvement,best_fitness
0,0.9951612903225806,0,22.000000000000004
1,0.8963709677419355,0.4231818181818184,31.31000000000001
2,0.8088709677419355,0.015011178537208519,31.78000000000001
3,0.7512096774193548,0.008810572687224703,32.06000000000001
4,0.5782258064516128,0.03680598877105425,33.24000000000001
5,0.28588709677419333,0.2346570397111914,41.04000000000001
6,0.2983870967741933,0.0,41.04000000000001
7,0.2616935483870967,0.0,41.04000000000001
8,0.3999999999999999,0.012914230019493027,41.57000000000001
9,0.4213709677419355,0.0,41.57000000000001
10,0.1177419354838708,0.0,41.57000000000001
