n_nodes,influence,n0,n1,n2,n3,n4,n5,n6,n7,n8,n9
10,37.4200,255617,55972,90862,95347,89396,194616,117637,158204,477,178622
10,37.1700,255617,55972,117637,90862,95347,152877,194616,158204,477,178622
10,37.1500,55972,194616,89396,95347,90862,477,158204,148474,178622,255617
10,37.0900,255617,55972,90862,95347,89396,37081,148474,158204,477,178622
10,37.0800,255617,90862,95347,89396,178392,194616,200257,158204,477,178622
10,37.0500,255617,90862,95347,89396,178392,194616,148474,158204,477,178622
10,37.0400,255617,55972,90862,95347,89396,194616,148474,158204,477,178622
10,37.0000,255617,90862,95347,89396,178392,194616,148474,158204,477,178622
10,37.0000,255617,90862,95347,89396,178392,194616,148474,158204,477,178622
10,37.0000,255617,90862,95347,89396,178392,194616,148474,158204,477,178622
10,37.0000,255617,90862,95347,89396,178392,194616,148474,158204,477,178622
10,37.0000,255617,90862,95347,89396,178392,194616,148474,158204,477,178622
10,36.8900,255617,55972,90862,95347,89396,194616,200257,158204,477,178622
10,36.8900,255617,55972,90862,95347,89396,194616,200257,158204,477,178622
10,36.8400,255617,200389,90862,95347,89396,178392,194616,158204,477,178622
10,36.8100,255617,200389,90862,218795,89396,178392,194616,158204,477,178622
10,36.8100,255617,200389,90862,218795,89396,178392,194616,158204,477,178622
10,36.8100,255617,200389,90862,218795,89396,178392,194616,158204,477,178622
10,36.8000,55972,194616,89396,95347,90862,477,158204,148474,178622,255617
10,36.8000,255617,200389,90862,95347,89396,178392,194616,158204,477,178622
10,36.8000,55972,194616,89396,95347,90862,477,158204,148474,178622,255617
10,36.8000,55972,194616,89396,95347,90862,477,158204,148474,178622,255617
10,36.8000,255617,200389,90862,95347,89396,178392,194616,158204,477,178622
10,36.7500,255617,55972,90862,95347,89396,194616,117637,158204,477,178622
10,36.7500,255617,55972,90862,95347,89396,194616,117637,158204,477,178622
10,36.7500,255617,55972,90862,95347,89396,194616,117637,158204,477,178622
10,36.7300,255617,200389,90862,218795,89396,178392,194616,158204,477,178622
10,36.6500,55972,194616,89396,95347,90862,477,158204,148474,178622,255617
10,36.6500,55972,194616,89396,95347,90862,477,158204,148474,178622,255617
10,36.5600,55972,194616,89396,95347,90862,477,158204,148474,178622,255617
10,36.5300,55972,194616,89396,95347,90862,477,158204,148474,178622,255617
10,36.5100,55972,194616,89396,95347,90862,477,158204,148474,178622,255617
