generation number, pop_size, worst, best, median, avg, std, diversity, improvement, number_of_selections
0, 10, 3.02, 3.16, 3.0549999999999997, 3.069, 0.05166236541235801,0.9851851851851852,0,[1.e-300]
1, 10, 3.03, 3.16, 3.0549999999999997, 3.083, 0.05060632371552008,0.9037037037037037,0.0,[1.e-300]
2, 10, 3.03, 3.2, 3.1100000000000003, 3.112, 0.0554616984954483,0.8074074074074074,0.012658227848101276,[1.e-300]
3, 10, 3.09, 3.24, 3.16, 3.165, 0.048218253804964896,0.6518518518518519,0.012500000000000011,[1.e-300]
4, 10, 3.04, 3.32, 3.1550000000000002, 3.163, 0.08038034585643435,0.6888888888888889,0.024691358024691242,[1.e-300]
5, 10, 3.09, 3.32, 3.12, 3.1590000000000003, 0.07462573282722258,0.7037037037037037,0.0,[1.e-300]
6, 10, 3.05, 3.32, 3.15, 3.155, 0.07632168761236874,0.8,0.0,[1.e-300]
7, 10, 3.02, 3.32, 3.125, 3.1390000000000002, 0.09364293886887577,0.7185185185185186,0.0,[1.e-300]
8, 10, 3.03, 3.32, 3.13, 3.1420000000000003, 0.08352245207128446,0.7777777777777778,0.0,[1.e-300]
9, 10, 3.03, 3.32, 3.1, 3.133, 0.08319254774317228,0.725925925925926,0.0,[1.e-300]
10, 10, 3.04, 3.32, 3.11, 3.1399999999999997, 0.08148619514985343,0.7851851851851852,0.0,[1.e-300]
