n_nodes,influence,n0,n1,n2,n3,n4,n5,n6
7,3585.3400,51392,11545,652,70707,15798,74615,49213
7,3585.3400,51392,11545,652,70707,15798,74615,49213
7,3277.0600,51392,652,70707,15798,74615,12911,49213
7,3210.3100,12136,28583,652,70707,15798,74615,49213
7,3208.0600,28583,32899,652,70707,15798,16045,49213
7,3208.0600,28583,32899,652,70707,15798,16045,49213
7,3203.2600,28583,32899,652,70707,15798,74615,49213
7,3203.2600,28583,32899,652,70707,15798,74615,49213
7,3203.2600,28583,32899,652,70707,15798,74615,49213
7,3203.2600,28583,32899,652,70707,15798,74615,49213
7,3203.2600,28583,32899,652,70707,15798,74615,49213
7,3203.2600,28583,32899,652,70707,15798,74615,49213
7,3203.2600,28583,32899,652,70707,15798,74615,49213
7,3203.2600,28583,32899,652,70707,15798,74615,49213
7,3203.2600,28583,32899,652,70707,15798,74615,49213
7,3203.2600,28583,32899,652,70707,15798,74615,49213
