num_genrations,diversity,improvement,best_fitness
0,0.9994586614173229,0,45.66
1,0.9748031496062992,0.014016644765659234,46.3
2,0.9204232283464567,0.06220302375809941,49.18
3,0.8259596456692913,-0.011386742578283902,48.62
4,0.6974655511811023,0.13122171945701364,55.0
5,0.7576525590551182,0.020545454545454592,56.13
6,0.7540354330708661,0.14769285587030107,64.42
7,0.6935777559055119,0.1199937907482149,72.15
8,0.6150344488188977,0.016632016632016473,73.35
9,0.5630167322834645,0.2556237218813906,92.1
10,0.43230807086614187,0.0,92.1
