generation number, individual number, fitness, candidate
0, 0, 2.11, [277, 295]
0, 1, 2.1, [2527, 295]
0, 2, 2.06, [244, 269]
0, 3, 2.04, [154, 98]
0, 4, 2.03, [285, 2593]
0, 5, 2.03, [274, 4602]
0, 6, 2.02, [380, 288]
0, 7, 2.02, [278, 2950]
0, 8, 2.01, [4602, 3334]
0, 9, 2.0, [2527, 240]
1, 0, 2.15, [335, 295]
1, 1, 2.12, [295, 1811]
1, 2, 2.11, [277, 295]
1, 3, 2.1, [2156, 295]
1, 4, 2.1, [2527, 295]
1, 5, 2.07, [277, 622]
1, 6, 2.05, [2514, 295]
1, 7, 2.03, [191, 277]
1, 8, 2.03, [291, 296]
1, 9, 2.02, [2527, 4602]
2, 0, 2.16, [2765, 295]
2, 1, 2.15, [335, 295]
2, 2, 2.13, [277, 343]
2, 3, 2.12, [295, 1811]
2, 4, 2.07, [2527, 1082]
2, 5, 2.05, [295, 303]
2, 6, 2.03, [291, 209]
2, 7, 2.02, [264, 2711]
2, 8, 2.02, [1082, 1069]
2, 9, 2.02, [260, 296]
3, 0, 2.16, [2765, 295]
3, 1, 2.15, [335, 295]
3, 2, 2.14, [273, 295]
3, 3, 2.09, [2514, 295]
3, 4, 2.06, [277, 316]
3, 5, 2.05, [2770, 343]
3, 6, 2.04, [300, 1069]
3, 7, 2.03, [2765, 250]
3, 8, 2.03, [534, 261]
3, 9, 2.02, [335, 1080]
4, 0, 2.16, [2765, 295]
4, 1, 2.15, [335, 295]
4, 2, 2.14, [226, 295]
4, 3, 2.09, [265, 295]
4, 4, 2.06, [622, 269]
4, 5, 2.05, [622, 1811]
4, 6, 2.04, [91, 103]
4, 7, 2.03, [2767, 273]
4, 8, 2.03, [2532, 2513]
4, 9, 2.01, [240, 2530]
5, 0, 2.19, [226, 295]
5, 1, 2.16, [2765, 295]
5, 2, 2.15, [335, 295]
5, 3, 2.1, [295, 102]
5, 4, 2.06, [2065, 295]
5, 5, 2.04, [1088, 103]
5, 6, 2.02, [244, 1811]
5, 7, 2.02, [2770, 300]
5, 8, 2.02, [2765, 2530]
5, 9, 2.02, [1086, 876]
6, 0, 2.19, [226, 295]
6, 1, 2.16, [2765, 295]
6, 2, 2.12, [2770, 295]
6, 3, 2.1, [277, 295]
6, 4, 2.06, [1811, 2530]
6, 5, 2.05, [2530, 279]
6, 6, 2.04, [1811, 102]
6, 7, 2.04, [277, 2762]
6, 8, 2.03, [291, 209]
6, 9, 2.03, [275, 541]
7, 0, 2.19, [226, 295]
7, 1, 2.16, [2765, 295]
7, 2, 2.13, [1811, 295]
7, 3, 2.06, [295, 615]
7, 4, 2.06, [277, 2513]
7, 5, 2.06, [2593, 285]
7, 6, 2.04, [874, 2712]
7, 7, 2.04, [2765, 250]
7, 8, 2.03, [226, 2525]
7, 9, 2.02, [275, 222]
8, 0, 2.19, [226, 295]
8, 1, 2.16, [2765, 295]
8, 2, 2.11, [2770, 295]
8, 3, 2.09, [159, 295]
8, 4, 2.07, [2765, 2514]
8, 5, 2.05, [335, 2530]
8, 6, 2.05, [2593, 335]
8, 7, 2.05, [2711, 250]
8, 8, 2.04, [2599, 1086]
8, 9, 2.02, [616, 2764]
9, 0, 2.19, [226, 295]
9, 1, 2.16, [2765, 295]
9, 2, 2.08, [874, 154]
9, 3, 2.06, [1811, 240]
9, 4, 2.04, [2574, 2514]
9, 5, 2.04, [2765, 2514]
9, 6, 2.03, [77, 2514]
9, 7, 2.03, [4602, 2950]
9, 8, 2.03, [615, 283]
9, 9, 2.02, [380, 3334]
10, 0, 2.19, [226, 295]
10, 1, 2.16, [2765, 295]
10, 2, 2.15, [1811, 295]
10, 3, 2.1, [2767, 295]
10, 4, 2.04, [226, 1086]
10, 5, 2.04, [2574, 191]
10, 6, 2.04, [226, 2530]
10, 7, 2.02, [3334, 2065]
10, 8, 2.02, [193, 2532]
10, 9, 2.01, [2770, 102]
11, 0, 2.19, [226, 295]
11, 1, 2.16, [2765, 295]
11, 2, 2.12, [295, 2532]
11, 3, 2.11, [277, 159]
11, 4, 2.06, [2574, 295]
11, 5, 2.05, [2765, 250]
11, 6, 2.03, [2711, 291]
11, 7, 2.03, [300, 104]
11, 8, 2.02, [226, 316]
11, 9, 2.02, [2597, 2156]
12, 0, 2.19, [226, 295]
12, 1, 2.16, [2765, 295]
12, 2, 2.09, [2574, 295]
12, 3, 2.08, [193, 295]
12, 4, 2.07, [295, 622]
12, 5, 2.04, [226, 316]
12, 6, 2.03, [2593, 300]
12, 7, 2.02, [2574, 2711]
12, 8, 2.02, [2514, 283]
12, 9, 2.02, [81, 244]
13, 0, 2.19, [226, 295]
13, 1, 2.16, [2765, 295]
13, 2, 2.15, [2770, 295]
13, 3, 2.15, [2599, 295]
13, 4, 2.08, [295, 222]
13, 5, 2.05, [1811, 303]
13, 6, 2.05, [2527, 1086]
13, 7, 2.03, [2593, 2599]
13, 8, 2.02, [250, 288]
13, 9, 2.01, [2770, 209]
14, 0, 2.19, [226, 295]
14, 1, 2.16, [2765, 295]
14, 2, 2.08, [1811, 259]
14, 3, 2.06, [1811, 301]
14, 4, 2.05, [159, 2530]
14, 5, 2.04, [283, 622]
14, 6, 2.03, [1080, 2764]
14, 7, 2.02, [1082, 263]
14, 8, 2.02, [2593, 2514]
14, 9, 2.01, [301, 876]
15, 0, 2.19, [226, 295]
15, 1, 2.16, [2765, 295]
15, 2, 2.08, [154, 295]
15, 3, 2.07, [273, 2512]
15, 4, 2.04, [296, 277]
15, 5, 2.04, [226, 303]
15, 6, 2.04, [1811, 283]
15, 7, 2.03, [1069, 103]
15, 8, 2.03, [1811, 219]
15, 9, 2.01, [1082, 615]
16, 0, 2.19, [226, 295]
16, 1, 2.16, [2765, 295]
16, 2, 2.09, [2764, 295]
16, 3, 2.07, [222, 295]
16, 4, 2.06, [2513, 256]
16, 5, 2.05, [102, 2595]
16, 6, 2.05, [3135, 2593]
16, 7, 2.04, [219, 220]
16, 8, 2.01, [2527, 876]
16, 9, 2.0, [263, 2765]
17, 0, 2.19, [226, 295]
17, 1, 2.16, [2765, 295]
17, 2, 2.05, [285, 154]
17, 3, 2.05, [2762, 2596]
17, 4, 2.04, [1811, 2514]
17, 5, 2.04, [1811, 274]
17, 6, 2.02, [874, 291]
17, 7, 2.02, [244, 380]
17, 8, 2.02, [2767, 2065]
17, 9, 2.02, [2711, 265]
18, 0, 2.19, [226, 295]
18, 1, 2.16, [2765, 295]
18, 2, 2.11, [295, 2593]
18, 3, 2.1, [2770, 295]
18, 4, 2.08, [159, 269]
18, 5, 2.04, [303, 3155]
18, 6, 2.04, [2762, 2593]
18, 7, 2.03, [2595, 265]
18, 8, 2.03, [534, 2596]
18, 9, 2.02, [98, 622]
19, 0, 2.19, [226, 295]
19, 1, 2.16, [277, 295]
19, 2, 2.16, [2765, 295]
19, 3, 2.14, [2770, 295]
19, 4, 2.13, [277, 295]
19, 5, 2.08, [534, 277]
19, 6, 2.08, [1086, 876]
19, 7, 2.06, [220, 2599]
19, 8, 2.06, [226, 278]
19, 9, 2.04, [259, 300]
20, 0, 2.19, [226, 295]
20, 1, 2.16, [277, 295]
20, 2, 2.13, [1811, 295]
20, 3, 2.07, [277, 2513]
20, 4, 2.05, [261, 250]
20, 5, 2.04, [193, 2514]
20, 6, 2.03, [335, 2767]
20, 7, 2.03, [2596, 2514]
20, 8, 2.02, [1811, 1087]
20, 9, 2.02, [2574, 2950]
21, 0, 2.19, [226, 295]
21, 1, 2.16, [277, 295]
21, 2, 2.1, [264, 277]
21, 3, 2.08, [1811, 295]
21, 4, 2.07, [273, 295]
21, 5, 2.05, [154, 1080]
21, 6, 2.04, [259, 534]
21, 7, 2.03, [278, 256]
21, 8, 2.02, [876, 1086]
21, 9, 2.01, [256, 2156]
22, 0, 2.19, [226, 295]
22, 1, 2.16, [277, 295]
22, 2, 2.07, [226, 300]
22, 3, 2.06, [226, 77]
22, 4, 2.06, [226, 295]
22, 5, 2.04, [291, 2593]
22, 6, 2.04, [264, 222]
22, 7, 2.03, [226, 2514]
22, 8, 2.03, [154, 98]
22, 9, 2.02, [264, 250]
23, 0, 2.19, [226, 295]
23, 1, 2.16, [277, 295]
23, 2, 2.08, [2574, 295]
23, 3, 2.06, [226, 2530]
23, 4, 2.05, [103, 149]
23, 5, 2.04, [265, 102]
23, 6, 2.03, [277, 264]
23, 7, 2.03, [1811, 1080]
23, 8, 2.02, [303, 300]
23, 9, 2.01, [219, 2065]
24, 0, 2.19, [226, 295]
24, 1, 2.16, [277, 295]
24, 2, 2.11, [295, 2765]
24, 3, 2.08, [277, 2712]
24, 4, 2.07, [303, 295]
24, 5, 2.06, [149, 277]
24, 6, 2.05, [609, 154]
24, 7, 2.04, [91, 256]
24, 8, 2.04, [2514, 219]
24, 9, 2.02, [222, 159]
25, 0, 2.19, [226, 295]
25, 1, 2.16, [277, 295]
25, 2, 2.13, [193, 295]
25, 3, 2.11, [1811, 250]
25, 4, 2.1, [222, 2595]
25, 5, 2.09, [297, 295]
25, 6, 2.08, [301, 2512]
25, 7, 2.06, [303, 295]
25, 8, 2.04, [537, 558]
25, 9, 2.03, [874, 244]
26, 0, 2.19, [226, 295]
26, 1, 2.16, [277, 295]
26, 2, 2.06, [874, 2530]
26, 3, 2.05, [4849, 103]
26, 4, 2.04, [280, 2530]
26, 5, 2.03, [280, 343]
26, 6, 2.03, [277, 2764]
26, 7, 2.02, [2065, 291]
26, 8, 2.02, [222, 250]
26, 9, 2.02, [2765, 558]
27, 0, 2.19, [226, 295]
27, 1, 2.16, [277, 295]
27, 2, 2.1, [77, 103]
27, 3, 2.1, [2762, 295]
27, 4, 2.08, [1811, 103]
27, 5, 2.08, [277, 295]
27, 6, 2.06, [226, 2530]
27, 7, 2.05, [226, 2525]
27, 8, 2.04, [3135, 266]
27, 9, 2.03, [277, 316]
28, 0, 2.19, [226, 295]
28, 1, 2.16, [277, 295]
28, 2, 2.09, [2574, 295]
28, 3, 2.08, [277, 295]
28, 4, 2.08, [2574, 295]
28, 5, 2.04, [226, 876]
28, 6, 2.03, [261, 2514]
28, 7, 2.02, [301, 300]
28, 8, 2.02, [259, 2532]
28, 9, 2.02, [2950, 3716]
29, 0, 2.19, [226, 295]
29, 1, 2.16, [277, 295]
29, 2, 2.11, [300, 295]
29, 3, 2.07, [277, 302]
29, 4, 2.07, [273, 295]
29, 5, 2.06, [260, 269]
29, 6, 2.05, [295, 283]
29, 7, 2.03, [2599, 269]
29, 8, 2.03, [1811, 278]
29, 9, 2.02, [277, 1087]
30, 0, 2.19, [226, 295]
30, 1, 2.18, [1811, 295]
30, 2, 2.16, [277, 295]
30, 3, 2.08, [277, 537]
30, 4, 2.06, [295, 343]
30, 5, 2.04, [226, 2767]
30, 6, 2.04, [226, 2530]
30, 7, 2.03, [2514, 2762]
30, 8, 2.02, [343, 2950]
30, 9, 2.01, [219, 222]
31, 0, 2.19, [226, 295]
31, 1, 2.18, [1811, 295]
31, 2, 2.06, [297, 277]
31, 3, 2.03, [2711, 537]
31, 4, 2.03, [277, 876]
31, 5, 2.03, [277, 876]
31, 6, 2.02, [874, 2530]
31, 7, 2.02, [244, 1811]
31, 8, 2.01, [291, 876]
31, 9, 2.0, [303, 343]
32, 0, 2.19, [226, 295]
32, 1, 2.18, [1811, 295]
32, 2, 2.1, [1086, 295]
32, 3, 2.05, [226, 1095]
32, 4, 2.02, [2574, 283]
32, 5, 2.02, [297, 2514]
32, 6, 2.01, [2770, 2532]
32, 7, 2.01, [264, 534]
32, 8, 2.01, [283, 303]
32, 9, 2.0, [98, 283]
33, 0, 2.19, [226, 295]
33, 1, 2.18, [1811, 295]
33, 2, 2.08, [269, 622]
33, 3, 2.06, [380, 295]
33, 4, 2.05, [226, 2593]
33, 5, 2.05, [302, 876]
33, 6, 2.04, [2527, 4602]
33, 7, 2.04, [2711, 2514]
33, 8, 2.03, [226, 1082]
33, 9, 2.03, [274, 280]
34, 0, 2.19, [226, 295]
34, 1, 2.18, [1811, 295]
34, 2, 2.11, [269, 250]
34, 3, 2.07, [1811, 615]
34, 4, 2.06, [2767, 2530]
34, 5, 2.05, [226, 2530]
34, 6, 2.05, [269, 876]
34, 7, 2.04, [226, 275]
34, 8, 2.04, [103, 1086]
34, 9, 2.04, [1811, 615]
35, 0, 2.19, [226, 295]
35, 1, 2.18, [1811, 295]
35, 2, 2.08, [288, 295]
35, 3, 2.06, [3716, 295]
35, 4, 2.04, [226, 283]
35, 5, 2.04, [874, 380]
35, 6, 2.04, [226, 876]
35, 7, 2.03, [91, 343]
35, 8, 2.03, [91, 274]
35, 9, 2.03, [226, 240]
36, 0, 2.19, [226, 295]
36, 1, 2.18, [1811, 295]
36, 2, 2.07, [2574, 295]
36, 3, 2.06, [226, 2512]
36, 4, 2.06, [537, 874]
36, 5, 2.03, [2767, 1811]
36, 6, 2.03, [259, 275]
36, 7, 2.03, [2574, 2595]
36, 8, 2.03, [1082, 2595]
36, 9, 2.02, [1095, 209]
37, 0, 2.19, [226, 295]
37, 1, 2.18, [1811, 295]
37, 2, 2.11, [2065, 295]
37, 3, 2.05, [77, 2156]
37, 4, 2.05, [273, 1811]
37, 5, 2.04, [1082, 295]
37, 6, 2.03, [103, 616]
37, 7, 2.02, [2574, 2762]
37, 8, 2.02, [279, 622]
37, 9, 2.01, [2527, 264]
38, 0, 2.19, [226, 295]
38, 1, 2.18, [1811, 295]
38, 2, 2.08, [280, 295]
38, 3, 2.07, [1811, 274]
38, 4, 2.05, [226, 301]
38, 5, 2.04, [2712, 874]
38, 6, 2.03, [193, 283]
38, 7, 2.02, [273, 874]
38, 8, 2.01, [616, 261]
38, 9, 2.0, [244, 76]
39, 0, 2.19, [226, 295]
39, 1, 2.18, [1811, 295]
39, 2, 2.08, [295, 335]
39, 3, 2.07, [226, 295]
39, 4, 2.06, [226, 269]
39, 5, 2.04, [193, 98]
39, 6, 2.04, [2765, 222]
39, 7, 2.04, [2574, 274]
39, 8, 2.03, [2574, 104]
39, 9, 2.03, [2596, 209]
40, 0, 2.19, [226, 295]
40, 1, 2.18, [1811, 295]
40, 2, 2.08, [1811, 77]
40, 3, 2.07, [295, 2595]
40, 4, 2.07, [1811, 1082]
40, 5, 2.05, [226, 2767]
40, 6, 2.05, [2513, 104]
40, 7, 2.04, [2712, 2711]
40, 8, 2.03, [193, 265]
40, 9, 2.02, [226, 300]
41, 0, 2.19, [226, 295]
41, 1, 2.18, [1811, 295]
41, 2, 2.11, [1811, 77]
41, 3, 2.05, [2527, 615]
41, 4, 2.05, [103, 278]
41, 5, 2.04, [260, 226]
41, 6, 2.03, [1811, 876]
41, 7, 2.02, [226, 2532]
41, 8, 2.02, [537, 274]
41, 9, 2.01, [219, 280]
42, 0, 2.19, [226, 295]
42, 1, 2.18, [1811, 295]
42, 2, 2.1, [279, 295]
42, 3, 2.05, [2711, 222]
42, 4, 2.05, [283, 91]
42, 5, 2.03, [1082, 280]
42, 6, 2.03, [316, 295]
42, 7, 2.02, [3135, 2532]
42, 8, 2.02, [4849, 303]
42, 9, 2.02, [2574, 1088]
43, 0, 2.19, [226, 295]
43, 1, 2.18, [1811, 295]
43, 2, 2.15, [2711, 295]
43, 3, 2.05, [269, 273]
43, 4, 2.05, [2065, 295]
43, 5, 2.04, [2770, 541]
43, 6, 2.04, [2596, 261]
43, 7, 2.03, [1811, 250]
43, 8, 2.03, [1811, 2530]
43, 9, 2.01, [244, 256]
44, 0, 2.19, [226, 295]
44, 1, 2.18, [1811, 295]
44, 2, 2.1, [2950, 295]
44, 3, 2.04, [226, 874]
44, 4, 2.03, [288, 295]
44, 5, 2.03, [615, 2530]
44, 6, 2.03, [275, 1082]
44, 7, 2.02, [2527, 273]
44, 8, 2.02, [269, 316]
44, 9, 2.01, [3135, 335]
45, 0, 2.19, [226, 295]
45, 1, 2.18, [1811, 295]
45, 2, 2.08, [277, 2515]
45, 3, 2.05, [616, 269]
45, 4, 2.05, [1069, 295]
45, 5, 2.05, [2597, 874]
45, 6, 2.04, [2593, 265]
45, 7, 2.04, [2950, 876]
45, 8, 2.04, [300, 2514]
45, 9, 2.04, [220, 269]
46, 0, 2.19, [226, 295]
46, 1, 2.18, [1811, 295]
46, 2, 2.11, [260, 277]
46, 3, 2.1, [300, 295]
46, 4, 2.1, [260, 1811]
46, 5, 2.07, [2711, 2515]
46, 6, 2.06, [277, 2514]
46, 7, 2.06, [1069, 295]
46, 8, 2.04, [226, 2525]
46, 9, 2.03, [277, 2530]
47, 0, 2.21, [1811, 295]
47, 1, 2.19, [226, 295]
47, 2, 2.18, [1811, 295]
47, 3, 2.11, [1811, 295]
47, 4, 2.09, [2764, 191]
47, 5, 2.07, [2574, 81]
47, 6, 2.07, [154, 1811]
47, 7, 2.05, [1811, 2532]
47, 8, 2.04, [1811, 256]
47, 9, 2.03, [226, 220]
48, 0, 2.21, [1811, 295]
48, 1, 2.19, [226, 295]
48, 2, 2.09, [2767, 295]
48, 3, 2.06, [226, 295]
48, 4, 2.04, [874, 380]
48, 5, 2.04, [104, 256]
48, 6, 2.02, [2711, 76]
48, 7, 2.02, [2574, 2527]
48, 8, 2.01, [226, 273]
48, 9, 2.01, [266, 4849]
49, 0, 2.21, [1811, 295]
49, 1, 2.19, [226, 295]
49, 2, 2.1, [1811, 295]
49, 3, 2.08, [874, 250]
49, 4, 2.07, [2596, 295]
49, 5, 2.06, [1811, 154]
49, 6, 2.04, [103, 285]
49, 7, 2.02, [2764, 222]
49, 8, 2.01, [876, 1087]
49, 9, 2.01, [222, 876]
50, 0, 2.21, [1811, 295]
50, 1, 2.19, [226, 295]
50, 2, 2.08, [1811, 300]
50, 3, 2.07, [2574, 295]
50, 4, 2.06, [1811, 335]
50, 5, 2.05, [1811, 2532]
50, 6, 2.04, [2765, 103]
50, 7, 2.04, [609, 280]
50, 8, 2.03, [81, 295]
50, 9, 2.02, [1088, 193]
