generation number, pop_size, worst, best, median, avg, std, diversity, improvement, number_of_selections
0, 10, 2.0, 2.11, 2.03, 2.0419999999999994, 0.035156791662493914,0.9666666666666667,0,[1.e-300]
1, 10, 2.02, 2.11, 2.05, 2.058, 0.034583232931581186,0.9222222222222223,0.0,[1.e-300]
2, 10, 2.01, 2.11, 2.035, 2.0469999999999997, 0.03606937759374291,0.9666666666666667,0.0,[1.e-300]
3, 10, 2.03, 2.11, 2.08, 2.075, 0.023769728648009483,0.8777777777777778,0.0,[1.e-300]
4, 10, 2.04, 2.13, 2.08, 2.0799999999999996, 0.031622776601683764,0.8666666666666667,0.009478672985782,[1.e-300]
5, 10, 2.01, 2.13, 2.065, 2.062, 0.03969886648255842,0.9111111111111111,0.0,[1.e-300]
6, 10, 2.04, 2.13, 2.065, 2.075, 0.02655183609470347,0.8444444444444444,0.0,[1.e-300]
7, 10, 2.03, 2.15, 2.08, 2.0810000000000004, 0.0385875627631495,0.8333333333333333,0.009389671361502356,[1.e-300]
8, 10, 2.03, 2.15, 2.045, 2.0660000000000003, 0.04127953488110061,0.9444444444444444,0.0,[1.e-300]
9, 10, 2.02, 2.15, 2.075, 2.078, 0.04261455150532503,0.9555555555555556,0.0,[1.e-300]
10, 10, 2.04, 2.15, 2.0700000000000003, 2.082, 0.04142463035441595,0.8666666666666667,0.0,[1.e-300]
