generation number, individual number, fitness, candidate
0, 0, 2.11, [295, 277]
0, 1, 2.1, [2527, 295]
0, 2, 2.06, [244, 269]
0, 3, 2.04, [154, 98]
0, 4, 2.03, [285, 2593]
0, 5, 2.03, [274, 4602]
0, 6, 2.02, [380, 288]
0, 7, 2.02, [278, 2950]
0, 8, 2.01, [4602, 3334]
0, 9, 2.0, [2527, 240]
1, 0, 2.11, [295, 277]
1, 1, 2.1, [295, 1811]
1, 2, 2.1, [2527, 295]
1, 3, 2.08, [2514, 269]
1, 4, 2.05, [256, 303]
1, 5, 2.05, [264, 295]
1, 6, 2.03, [2527, 380]
1, 7, 2.02, [283, 250]
1, 8, 2.02, [876, 622]
1, 9, 2.02, [263, 259]
2, 0, 2.11, [295, 277]
2, 1, 2.1, [295, 1811]
2, 2, 2.07, [193, 1811]
2, 3, 2.07, [2527, 274]
2, 4, 2.04, [263, 103]
2, 5, 2.03, [103, 303]
2, 6, 2.02, [2515, 226]
2, 7, 2.01, [191, 2711]
2, 8, 2.01, [2767, 77]
2, 9, 2.01, [2599, 104]
3, 0, 2.11, [295, 277]
3, 1, 2.1, [295, 1811]
3, 2, 2.09, [283, 1811]
3, 3, 2.09, [2514, 1811]
3, 4, 2.08, [295, 149]
3, 5, 2.08, [283, 154]
3, 6, 2.07, [295, 2527]
3, 7, 2.05, [615, 265]
3, 8, 2.05, [220, 277]
3, 9, 2.03, [2513, 274]
4, 0, 2.13, [295, 226]
4, 1, 2.11, [295, 300]
4, 2, 2.11, [295, 277]
4, 3, 2.1, [295, 1069]
4, 4, 2.1, [295, 1811]
4, 5, 2.06, [159, 300]
4, 6, 2.06, [2767, 302]
4, 7, 2.05, [2514, 4849]
4, 8, 2.04, [297, 277]
4, 9, 2.04, [2596, 2770]
5, 0, 2.13, [295, 226]
5, 1, 2.11, [295, 300]
5, 2, 2.1, [295, 303]
5, 3, 2.07, [295, 1811]
5, 4, 2.07, [2711, 277]
5, 5, 2.06, [874, 3716]
5, 6, 2.03, [285, 300]
5, 7, 2.02, [104, 3155]
5, 8, 2.02, [2599, 91]
5, 9, 2.01, [220, 226]
6, 0, 2.13, [295, 226]
6, 1, 2.11, [295, 300]
6, 2, 2.09, [295, 2514]
6, 3, 2.08, [295, 264]
6, 4, 2.07, [295, 81]
6, 5, 2.06, [2595, 300]
6, 6, 2.06, [266, 1811]
6, 7, 2.06, [273, 874]
6, 8, 2.05, [2770, 1811]
6, 9, 2.04, [81, 2514]
7, 0, 2.15, [295, 874]
7, 1, 2.13, [295, 226]
7, 2, 2.11, [295, 300]
7, 3, 2.09, [295, 278]
7, 4, 2.09, [295, 616]
7, 5, 2.07, [278, 277]
7, 6, 2.06, [2530, 300]
7, 7, 2.05, [269, 273]
7, 8, 2.03, [2514, 300]
7, 9, 2.03, [2514, 264]
8, 0, 2.15, [295, 874]
8, 1, 2.13, [295, 226]
8, 2, 2.08, [295, 264]
8, 3, 2.08, [2512, 874]
8, 4, 2.05, [222, 2525]
8, 5, 2.04, [274, 102]
8, 6, 2.04, [265, 534]
8, 7, 2.03, [259, 2762]
8, 8, 2.03, [265, 2156]
8, 9, 2.03, [250, 300]
9, 0, 2.15, [295, 874]
9, 1, 2.13, [295, 226]
9, 2, 2.12, [2514, 277]
9, 3, 2.09, [295, 2770]
9, 4, 2.09, [77, 2593]
9, 5, 2.06, [2764, 193]
9, 6, 2.05, [2512, 2762]
9, 7, 2.04, [1095, 91]
9, 8, 2.03, [256, 3135]
9, 9, 2.02, [380, 2514]
10, 0, 2.15, [295, 874]
10, 1, 2.14, [295, 273]
10, 2, 2.13, [295, 226]
10, 3, 2.09, [2514, 1811]
10, 4, 2.08, [295, 303]
10, 5, 2.06, [269, 301]
10, 6, 2.05, [2514, 2574]
10, 7, 2.04, [280, 3155]
10, 8, 2.04, [2764, 1086]
10, 9, 2.04, [295, 273]
