generation number, individual number, fitness, candidate
0, 0, 39.47, [520, 1543, 694]
0, 1, 38.95, [697, 439, 5117]
0, 2, 35.83, [15, 1967, 520]
0, 3, 34.5, [247, 520, 635]
0, 4, 15.0, [439, 990, 3147]
0, 5, 13.22, [1555, 785, 873]
0, 6, 10.0, [1045, 1967, 476]
0, 7, 9.0, [662, 1967, 1827]
0, 8, 9.0, [751, 1567, 1219]
0, 9, 6.0, [905, 1028, 697]
1, 0, 41.05, [662, 439, 5117]
1, 1, 39.47, [520, 1414, 1048]
1, 2, 39.47, [520, 1543, 694]
1, 3, 38.95, [697, 439, 5117]
1, 4, 37.04, [15, 934, 5117]
1, 5, 36.59, [1569, 1967, 520]
1, 6, 35.35, [15, 1543, 520]
1, 7, 35.32, [520, 545, 1967]
1, 8, 12.0, [697, 439, 710]
1, 9, 11.0, [690, 1543, 990]
2, 0, 68.47, [520, 934, 5117]
2, 1, 63.93, [520, 1229, 5117]
2, 2, 41.05, [662, 439, 5117]
2, 3, 39.53, [520, 1543, 816]
2, 4, 39.47, [520, 1414, 1048]
2, 5, 16.6, [964, 1414, 694]
2, 6, 11.0, [809, 1543, 694]
2, 7, 9.0, [3639, 1414, 694]
2, 8, 7.0, [690, 1543, 1048]
2, 9, 6.47, [1141, 1543, 429]
3, 0, 68.47, [520, 934, 5117]
3, 1, 63.93, [520, 1229, 5117]
3, 2, 62.84, [520, 1540, 5117]
3, 3, 62.63, [520, 731, 5117]
3, 4, 42.8, [520, 439, 905]
3, 5, 41.23, [520, 934, 831]
3, 6, 40.53, [520, 439, 2846]
3, 7, 37.5, [520, 1289, 1603]
3, 8, 36.32, [520, 1028, 339]
3, 9, 35.81, [662, 1827, 5117]
4, 0, 68.47, [520, 934, 5117]
4, 1, 66.93, [520, 2340, 5117]
4, 2, 63.93, [520, 1229, 5117]
4, 3, 62.99, [520, 711, 5117]
4, 4, 42.5, [520, 934, 450]
4, 5, 39.62, [520, 786, 691]
4, 6, 32.92, [798, 336, 5117]
4, 7, 31.84, [78, 1229, 5117]
4, 8, 15.0, [716, 1827, 656]
4, 9, 13.0, [694, 934, 656]
5, 0, 68.47, [520, 934, 5117]
5, 1, 66.93, [520, 2340, 5117]
5, 2, 39.54, [520, 1394, 336]
5, 3, 39.19, [716, 841, 5117]
5, 4, 38.15, [520, 974, 3]
5, 5, 37.49, [1540, 934, 5117]
5, 6, 32.76, [1543, 1225, 5117]
5, 7, 16.0, [716, 934, 691]
5, 8, 9.0, [487, 751, 1003]
5, 9, 8.27, [1555, 711, 970]
6, 0, 68.47, [520, 934, 5117]
6, 1, 66.93, [520, 2340, 5117]
6, 2, 52.39, [905, 2846, 5117]
6, 3, 39.42, [520, 798, 336]
6, 4, 38.04, [520, 2667, 3]
6, 5, 36.38, [520, 1394, 831]
6, 6, 36.17, [819, 1827, 5117]
6, 7, 35.41, [520, 1419, 483]
6, 8, 32.87, [2490, 974, 5117]
6, 9, 30.94, [666, 1394, 5117]
7, 0, 68.47, [520, 934, 5117]
7, 1, 66.93, [520, 2340, 5117]
7, 2, 64.78, [520, 1157, 5117]
7, 3, 63.99, [520, 2667, 5117]
7, 4, 39.45, [520, 1394, 336]
7, 5, 37.49, [662, 2340, 5117]
7, 6, 33.26, [1543, 1225, 5117]
7, 7, 26.47, [3147, 2846, 691]
7, 8, 26.44, [483, 2846, 3147]
7, 9, 25.52, [710, 2846, 1509]
8, 0, 68.47, [520, 934, 5117]
8, 1, 66.93, [520, 2340, 5117]
8, 2, 64.57, [520, 902, 5117]
8, 3, 40.39, [1381, 934, 5117]
8, 4, 35.35, [520, 1540, 798]
8, 5, 33.8, [2436, 2340, 5117]
8, 6, 33.28, [831, 2340, 5117]
8, 7, 33.19, [697, 1157, 5117]
8, 8, 9.0, [1028, 2340, 1567]
8, 9, 7.24, [809, 1157, 1555]
9, 0, 68.47, [520, 934, 5117]
9, 1, 66.93, [520, 2340, 5117]
9, 2, 63.48, [520, 666, 5117]
9, 3, 41.71, [520, 873, 710]
9, 4, 41.44, [520, 934, 1394]
9, 5, 39.53, [520, 902, 905]
9, 6, 37.76, [520, 2667, 1555]
9, 7, 31.79, [545, 78, 5117]
9, 8, 11.0, [247, 934, 3639]
9, 9, 7.51, [483, 1569, 336]
10, 0, 68.47, [520, 934, 5117]
10, 1, 66.93, [520, 2340, 5117]
10, 2, 64.22, [520, 798, 5117]
10, 3, 45.53, [520, 934, 2032]
10, 4, 40.98, [520, 1414, 3]
10, 5, 40.38, [520, 2070, 697]
10, 6, 37.79, [786, 934, 5117]
10, 7, 37.06, [2490, 934, 5117]
10, 8, 31.14, [483, 609, 5117]
10, 9, 30.25, [483, 339, 5117]
