generation number, pop_size, worst, best, median, avg, std, diversity, improvement, number_of_selections
0, 10, 3.02, 3.23, 3.045, 3.0780000000000003, 0.06462197768561408,0.9703703703703703,0,[1.e-300]
1, 10, 3.08, 3.23, 3.15, 3.1409999999999996, 0.05048762224545736,0.7851851851851852,0.0,[1.e-300]
2, 10, 3.04, 3.25, 3.17, 3.1540000000000004, 0.07144228439796702,0.7037037037037037,0.00619195046439629,[1.e-300]
3, 10, 3.05, 3.25, 3.14, 3.136, 0.07186097689288677,0.7703703703703704,0.0,[1.e-300]
4, 10, 3.03, 3.25, 3.1100000000000003, 3.1250000000000004, 0.08464632301523799,0.7851851851851852,0.0,[1.e-300]
5, 10, 3.03, 3.3, 3.16, 3.154, 0.09101648202386205,0.7777777777777778,0.01538461538461533,[1.e-300]
6, 10, 3.02, 3.3, 3.15, 3.147, 0.0950841732361385,0.7851851851851852,0.0,[1.e-300]
7, 10, 3.02, 3.3, 3.115, 3.122, 0.09042123644365851,0.6962962962962963,0.0,[1.e-300]
8, 10, 3.06, 3.3, 3.14, 3.158, 0.07896834808959852,0.674074074074074,0.0,[1.e-300]
9, 10, 3.04, 3.3, 3.145, 3.148, 0.07820485918406857,0.6962962962962963,0.0,[1.e-300]
10, 10, 3.02, 3.3, 3.1500000000000004, 3.1439999999999997, 0.0917823512446701,0.8444444444444444,0.0,[1.e-300]
