generation number, pop_size, worst, best, median, avg, std, diversity, improvement, number_of_selections
0, 10, 8.0, 16.0, 12.0, 12.028, 2.432438282875847,0.9777777777777777,0,[1.e-300]
1, 10, 9.55, 20.62, 14.625, 14.246, 3.393114203795681,0.837037037037037,0.28875000000000006,[10.]
2, 10, 7.51, 24.0, 16.54, 15.279, 4.98370835824088,0.7851851851851852,0.16391852570320073,[20.]
3, 10, 13.0, 24.0, 16.275, 17.532999999999998, 3.388386194045773,0.6518518518518519,0.0,[30.]
4, 10, 12.57, 67.23, 21.5, 23.666999999999998, 15.187665422967417,0.7333333333333334,1.8012500000000002,[40.]
5, 10, 15.0, 69.23, 18.5, 32.635000000000005, 23.183652969279887,0.8222222222222222,0.029748624126134163,[50.]
6, 10, 14.0, 69.23, 66.64500000000001, 52.729000000000006, 22.205594092480393,0.7333333333333334,0.0,[60.]
7, 10, 16.0, 69.23, 68.125, 62.29600000000001, 15.502379301255663,0.6444444444444444,0.0,[70.]
8, 10, 7.0, 69.23, 39.655, 39.235, 28.57800946532141,0.8296296296296296,0.0,[80.]
9, 10, 10.0, 69.23, 14.5, 29.237000000000002, 25.00182035372625,0.8,0.0,[90.]
10, 10, 11.0, 69.45, 64.295, 50.115, 25.64788149146046,0.7555555555555555,0.003177813086812059,[100.]
