generation number, individual number, fitness, candidate
0, 0, 43.32, [520, 487, 1514]
0, 1, 38.62, [3147, 1414, 520]
0, 2, 38.47, [1827, 520, 697]
0, 3, 15.0, [873, 741, 2032]
0, 4, 15.0, [934, 970, 1138]
0, 5, 11.04, [1555, 819, 834]
0, 6, 10.52, [841, 970, 905]
0, 7, 8.0, [2667, 741, 690]
0, 8, 8.0, [710, 495, 819]
0, 9, 5.72, [841, 3, 666]
1, 0, 43.32, [520, 487, 1514]
1, 1, 40.83, [1045, 1514, 520]
1, 2, 40.47, [520, 487, 3147]
1, 3, 40.41, [1045, 1514, 520]
1, 4, 40.35, [3147, 2340, 520]
1, 5, 39.29, [520, 483, 1414]
1, 6, 38.62, [520, 819, 731]
1, 7, 38.62, [3147, 1414, 520]
1, 8, 36.2, [1045, 697, 520]
1, 9, 15.8, [1827, 964, 1414]
2, 0, 43.32, [520, 487, 1514]
2, 1, 40.83, [1045, 1514, 520]
2, 2, 36.41, [697, 1580, 520]
2, 3, 35.56, [1045, 216, 520]
2, 4, 9.56, [2436, 1430, 1514]
2, 5, 8.0, [902, 1514, 831]
2, 6, 8.0, [2490, 785, 2436]
2, 7, 8.0, [1048, 487, 902]
2, 8, 7.0, [1045, 483, 1514]
2, 9, 6.0, [697, 662, 1540]
3, 0, 43.32, [520, 487, 1514]
3, 1, 40.83, [1045, 1514, 520]
3, 2, 39.68, [697, 2340, 520]
3, 3, 38.5, [520, 809, 1580]
3, 4, 36.74, [520, 1543, 3639]
3, 5, 35.21, [2341, 487, 5117]
3, 6, 11.0, [741, 487, 1580]
3, 7, 8.0, [247, 809, 495]
3, 8, 8.0, [495, 1229, 1514]
3, 9, 8.0, [697, 1514, 2436]
4, 0, 43.32, [520, 487, 1514]
4, 1, 41.56, [520, 809, 2340]
4, 2, 41.44, [520, 809, 2340]
4, 3, 40.83, [1045, 1514, 520]
4, 4, 40.47, [1569, 1514, 520]
4, 5, 40.38, [1229, 439, 520]
4, 6, 38.65, [520, 831, 964]
4, 7, 38.47, [1138, 247, 520]
4, 8, 9.0, [1045, 1514, 905]
4, 9, 7.43, [1045, 2340, 841]
5, 0, 43.32, [520, 487, 1514]
5, 1, 41.65, [520, 850, 1514]
5, 2, 41.56, [520, 809, 2340]
5, 3, 41.5, [520, 850, 1514]
5, 4, 41.26, [520, 809, 2340]
5, 5, 40.56, [520, 809, 1827]
5, 6, 40.47, [520, 487, 1157]
5, 7, 40.2, [520, 487, 1157]
5, 8, 37.65, [1045, 1157, 520]
5, 9, 37.47, [1045, 1157, 520]
6, 0, 43.32, [520, 487, 1514]
6, 1, 42.65, [520, 487, 1414]
6, 2, 41.74, [520, 1138, 1574]
6, 3, 41.65, [520, 850, 1514]
6, 4, 41.47, [520, 710, 1514]
6, 5, 40.8, [520, 662, 1514]
6, 6, 13.0, [934, 850, 2340]
6, 7, 12.56, [841, 487, 1514]
6, 8, 10.48, [1381, 483, 1347]
6, 9, 9.0, [1419, 487, 751]
7, 0, 43.38, [520, 439, 1414]
7, 1, 43.32, [520, 487, 1514]
7, 2, 42.65, [520, 487, 1414]
7, 3, 42.56, [520, 487, 2340]
7, 4, 41.77, [520, 1138, 1430]
7, 5, 40.35, [520, 850, 2340]
7, 6, 40.32, [520, 809, 1574]
7, 7, 15.0, [1967, 487, 1138]
7, 8, 12.0, [247, 487, 1414]
7, 9, 11.0, [1827, 487, 1574]
8, 0, 43.38, [520, 439, 1414]
8, 1, 43.32, [520, 487, 1514]
8, 2, 43.2, [520, 487, 439]
8, 3, 41.26, [520, 78, 1514]
8, 4, 39.56, [520, 483, 1414]
8, 5, 31.89, [697, 15, 5117]
8, 6, 26.53, [2846, 905, 690]
8, 7, 14.0, [1540, 439, 1414]
8, 8, 8.0, [78, 487, 1229]
8, 9, 7.0, [1540, 2341, 1414]
9, 0, 43.38, [520, 439, 1414]
9, 1, 43.32, [520, 487, 1514]
9, 2, 41.26, [520, 809, 1414]
9, 3, 37.62, [520, 635, 785]
9, 4, 36.65, [520, 1394, 1229]
9, 5, 17.0, [439, 487, 1414]
9, 6, 16.0, [905, 439, 1514]
9, 7, 15.0, [495, 439, 1514]
9, 8, 12.0, [716, 609, 662]
9, 9, 10.0, [662, 78, 1414]
10, 0, 43.38, [520, 439, 1414]
10, 1, 43.32, [520, 487, 1514]
10, 2, 40.41, [520, 850, 1414]
10, 3, 39.44, [520, 487, 675]
10, 4, 37.73, [520, 609, 1025]
10, 5, 15.52, [3, 439, 1514]
10, 6, 15.0, [495, 439, 1514]
10, 7, 14.54, [1378, 439, 336]
10, 8, 12.16, [1289, 439, 1157]
10, 9, 11.0, [1540, 487, 1414]
