n_nodes,influence,n0,n1,n2,n3,n4,n5,n6,n7,n8,n9,n10,n11,n12
13,56.7500,133863,26635,231125,161165,43759,143313,199733,53270,104984,238681,76029,152542,259167
13,56.4500,161165,76029,143313,152542,259167,133863,53270,96300,199733,26635,104984,238681,43759
13,56.4500,161165,76029,143313,152542,259167,133863,53270,96300,199733,26635,104984,238681,43759
13,56.4500,161165,76029,143313,152542,259167,133863,53270,96300,199733,26635,104984,238681,43759
13,56.4500,161165,76029,143313,152542,259167,133863,53270,96300,199733,26635,104984,238681,43759
13,56.4500,161165,76029,143313,152542,259167,133863,53270,96300,199733,26635,104984,238681,43759
13,56.2300,161165,76029,143313,152542,259167,133863,53270,96300,199733,26635,104984,238681,43759
13,56.2300,161165,76029,143313,152542,259167,133863,53270,96300,199733,26635,104984,238681,43759
13,56.2300,161165,76029,143313,152542,259167,133863,53270,96300,199733,26635,104984,238681,43759
13,56.2300,161165,76029,143313,152542,259167,133863,53270,96300,199733,26635,104984,238681,43759
13,56.2300,161165,76029,143313,152542,259167,133863,53270,96300,199733,26635,104984,238681,43759
13,56.2300,161165,76029,143313,152542,259167,133863,53270,96300,199733,26635,104984,238681,43759
13,56.2300,161165,76029,143313,152542,259167,133863,53270,96300,199733,26635,104984,238681,43759
13,56.2300,161165,76029,143313,152542,259167,133863,53270,96300,199733,26635,104984,238681,43759
13,56.2300,161165,76029,143313,152542,259167,133863,53270,96300,199733,26635,104984,238681,43759
13,56.2300,161165,76029,143313,152542,259167,133863,53270,96300,199733,26635,104984,238681,43759
