n_nodes,influence,n0,n1,n2,n3,n4,n5,n6
7,10345.8900,45581,14655,21545,15137,2276,68716,11302
7,10345.8900,45581,14655,21545,15137,2276,68716,11302
7,10345.8900,45581,14655,21545,15137,2276,68716,11302
7,10343.0700,45581,14655,21545,15137,2276,68716,11302
7,10343.0700,45581,14655,21545,15137,2276,68716,11302
7,10343.0700,45581,14655,21545,15137,2276,68716,11302
7,10343.0700,45581,14655,21545,15137,2276,68716,11302
7,10343.0700,45581,14655,21545,15137,2276,68716,11302
7,10343.0700,45581,14655,21545,15137,2276,68716,11302
7,10343.0700,45581,14655,21545,15137,2276,68716,11302
7,10343.0700,45581,14655,21545,15137,2276,68716,11302
7,10343.0700,45581,14655,21545,15137,2276,68716,11302
7,10343.0700,45581,14655,21545,15137,2276,68716,11302
7,10343.0700,45581,14655,21545,15137,2276,68716,11302
7,10343.0700,45581,14655,21545,15137,2276,68716,11302
7,10343.0700,45581,14655,21545,15137,2276,68716,11302
