num_genrations,diversity,improvement,best_fitness
0,1.0,0,317.75
1,0.9387096774193548,-0.4956097560975609,160.27
2,0.623991935483871,0.020964622200037343,163.63
3,0.4165322580645161,0.15926174906801932,189.69
4,0.47580645161290336,0.28910327376245454,244.53
5,0.32883064516129046,0.039258986627407656,254.13
6,0.3653225806451612,0.09656475032463709,278.67
7,0.15584677419354853,0.22600208131481667,341.65
8,0.14576612903225805,-0.11593736279818516,302.04
9,0.1137096774193549,-0.10647596344854994,269.88
10,0.12298387096774199,0.0,269.88
