num_genrations,diversity,improvement,best_fitness
0,0.9942424242424243,0,33.53
1,0.9137508417508418,0.016403220996122788,34.08
2,0.7362087542087543,0.026408450704225313,34.98
3,0.67403367003367,0.017724413950829177,35.6
4,0.5675959595959595,0.007584269662921236,35.87
5,0.4466060606060607,0.014218009478673129,36.38
6,0.37056565656565665,0.023639362286970847,37.24
7,0.33958249158249143,0.0005370569280342647,37.26
8,0.39781144781144784,0.0,37.26
9,0.349804713804714,0.015297906602254437,37.83
10,0.25696296296296306,0.0,37.83
11,0.29665319865319884,0.011366640232619607,38.26
12,0.12975757575757574,0.0,38.26
13,0.011919191919191996,0.008625196027182577,38.59
14,0.018282828282828345,0.0,38.59
15,0.0223232323232323,0.0,38.59
16,0.011636363636363445,0.0,38.59
17,0.0039999999999998925,0.0,38.59
18,0.006646464646464678,0.0,38.59
19,0.00533333333333319,0.0,38.59
20,0.0053265993265989575,0.0,38.59
21,0.005333333333333079,0.0,38.59
22,0.008606060606060506,0.0,38.59
23,0.009905723905724084,0.0,38.59
24,0.0033198653198652783,0.0,38.59
25,0.0039999999999997815,0.0,38.59
26,0.006639730639730779,0.0,38.59
27,0.004653198653198798,0.0,38.59
28,0.005319865319864947,0.0,38.59
29,0.006632996632996657,0.0,38.59
30,0.005973063973063963,0.0,38.59
31,0.002666666666666817,0.0,38.59
32,0.002666666666666817,0.0,38.59
33,0.0019999999999995577,0.0,38.59
34,0.00666666666666671,0.0,38.59
35,0.0033333333333331883,0.0,38.59
36,0.0039999999999998925,0.0,38.59
37,0.002666666666666817,0.0,38.59
38,0.0033333333333331883,0.0,38.59
39,0.003326599326599178,0.0,38.59
40,0.006646464646464678,0.0,38.59
41,0.0053265993265989575,0.0,38.59
42,0.005319865319865058,0.0,38.59
43,0.004653198653198798,0.0,38.59
44,0.003313131313131268,0.0,38.59
45,0.003993265993265882,0.0,38.59
46,0.006659932659932477,0.0,38.59
47,0.0039999999999998925,0.0,38.59
48,0.0019999999999995577,0.0,38.59
49,0.003326599326599178,0.0,38.59
50,0.0053265993265990685,0.0,38.59
51,0.00665993265993281,0.0,38.59
52,0.0033198653198652783,0.0,38.59
53,0.0039999999999998925,0.0,38.59
54,0.0019999999999997797,0.0,38.59
55,0.005313131313131159,0.0,38.59
56,0.0033333333333334103,0.0,38.59
57,0.005979797979798085,0.0,38.59
58,0.002666666666666817,0.0,38.59
59,0.00533333333333319,0.0,38.59
60,0.007299663299663139,0.0,38.59
61,0.0033333333333332993,0.0,38.59
62,0.0039999999999998925,0.002850479398807966,38.7
63,0.003326599326599178,0.0,38.7
64,0.0053265993265990685,0.0,38.7
65,0.005993265993265884,0.0,38.7
66,0.0059595959595959425,0.0,38.7
67,0.005319865319865058,0.0,38.7
68,0.007239057239057267,0.0,38.7
69,0.00466666666666693,0.0,38.7
70,0.003979797979797861,0.0,38.7
71,0.0039999999999998925,0.0,38.7
72,0.007292929292929351,0.0,38.7
73,0.004646464646464787,0.0,38.7
74,0.0019999999999995577,0.0,38.7
75,0.00533333333333319,0.0,38.7
76,0.007986531986532541,0.0,38.7
77,0.002666666666666817,0.0,38.7
78,0.003973063973063851,0.0,38.7
79,0.004653198653198798,0.0,38.7
80,0.006612794612794737,0.0,38.7
81,0.0026599326599326956,0.0,38.7
82,0.003326599326599178,0.0,38.7
83,0.004659932659932919,0.0,38.7
84,0.007333333333333192,0.0,38.7
85,0.005986531986531762,0.0,38.7
86,0.005319865319864947,0.0,38.7
87,0.0019932659932657693,0.0,38.7
88,0.005993265993265773,0.0,38.7
89,0.0039999999999998925,0.0,38.7
90,0.005319865319865058,0.0,38.7
91,0.0019999999999995577,0.0,38.7
92,0.0040000000000000036,0.0,38.7
93,0.0053265993265989575,0.0,38.7
94,0.004659932659932586,0.0,38.7
95,0.003993265993265993,0.0,38.7
96,0.003986531986532094,0.0,38.7
97,0.007966329966330177,0.0,38.7
98,0.003993265993265993,0.0,38.7
99,0.005986531986531984,0.0,38.7
100,0.006619528619528525,0.0,38.7
