generation number, individual number, fitness, candidate
0, 0, 28.51, [295, 269, 874]
0, 1, 21.72, [1086, 295, 2525]
0, 2, 14.51, [558, 541, 277]
0, 3, 13.55, [2512, 2764, 154]
0, 4, 12.21, [283, 302, 209]
0, 5, 8.99, [2156, 2515, 302]
0, 6, 8.56, [260, 2065, 4602]
0, 7, 8.46, [264, 2514, 558]
0, 8, 6.92, [2767, 222, 2596]
0, 9, 4.74, [2532, 2770, 316]
1, 0, 28.51, [295, 269, 874]
1, 1, 27.09, [295, 269, 296]
1, 2, 24.92, [1087, 295, 277]
1, 3, 21.72, [1086, 295, 2525]
1, 4, 18.74, [295, 541, 273]
1, 5, 15.26, [558, 269, 2767]
1, 6, 14.23, [2513, 220, 874]
1, 7, 12.51, [2512, 1088, 1086]
1, 8, 12.29, [2513, 2764, 874]
1, 9, 10.78, [1086, 2514, 2525]
2, 0, 28.51, [295, 269, 874]
2, 1, 27.09, [295, 269, 296]
2, 2, 23.71, [295, 288, 277]
2, 3, 23.31, [1088, 295, 296]
2, 4, 22.66, [2514, 269, 277]
2, 5, 20.79, [295, 285, 4849]
2, 6, 19.98, [283, 269, 259]
2, 7, 15.02, [277, 285, 291]
2, 8, 11.33, [250, 1082, 2527]
2, 9, 10.11, [1087, 2514, 296]
3, 0, 31.17, [295, 269, 77]
3, 1, 28.51, [295, 269, 874]
3, 2, 27.09, [295, 269, 296]
3, 3, 26.94, [295, 277, 874]
3, 4, 24.31, [98, 295, 874]
3, 5, 24.16, [98, 295, 874]
3, 6, 19.02, [250, 269, 296]
3, 7, 16.66, [2530, 269, 296]
3, 8, 15.84, [283, 269, 296]
3, 9, 14.16, [226, 3155, 874]
4, 0, 31.17, [295, 269, 77]
4, 1, 28.51, [295, 269, 874]
4, 2, 26.51, [295, 269, 2762]
4, 3, 23.43, [295, 279, 2762]
4, 4, 18.35, [295, 273, 274]
4, 5, 15.46, [343, 269, 2065]
4, 6, 14.78, [2514, 269, 102]
4, 7, 13.68, [2514, 103, 288]
4, 8, 12.07, [76, 269, 534]
4, 9, 11.51, [2532, 285, 77]
5, 0, 31.17, [295, 269, 77]
5, 1, 30.33, [295, 269, 193]
5, 2, 29.66, [295, 269, 874]
5, 3, 28.51, [295, 269, 874]
5, 4, 23.1, [295, 288, 77]
5, 5, 21.13, [295, 280, 2512]
5, 6, 20.04, [295, 2599, 3334]
5, 7, 15.6, [2514, 269, 303]
5, 8, 15.3, [256, 269, 278]
5, 9, 14.36, [558, 269, 2527]
6, 0, 31.17, [295, 269, 77]
6, 1, 30.33, [295, 269, 193]
6, 2, 26.45, [295, 103, 193]
6, 3, 23.67, [295, 288, 77]
6, 4, 19.56, [295, 191, 278]
6, 5, 17.04, [380, 220, 77]
6, 6, 14.23, [2514, 534, 77]
6, 7, 9.45, [1082, 335, 301]
6, 8, 8.79, [76, 3716, 874]
6, 9, 8.35, [278, 2599, 265]
7, 0, 31.17, [295, 269, 77]
7, 1, 30.33, [295, 269, 193]
7, 2, 25.88, [295, 615, 77]
7, 3, 22.96, [295, 285, 193]
7, 4, 18.63, [295, 2514, 2525]
7, 5, 18.22, [2530, 269, 193]
7, 6, 17.75, [295, 273, 278]
7, 7, 15.22, [2595, 3716, 77]
7, 8, 12.46, [2513, 2950, 193]
7, 9, 12.29, [2530, 279, 149]
8, 0, 31.17, [295, 269, 77]
8, 1, 30.33, [295, 269, 193]
8, 2, 28.22, [295, 269, 2764]
8, 3, 27.36, [295, 269, 4849]
8, 4, 21.38, [295, 622, 2512]
8, 5, 18.46, [1088, 269, 264]
8, 6, 17.95, [1088, 269, 615]
8, 7, 17.84, [283, 269, 220]
8, 8, 17.15, [250, 154, 77]
8, 9, 14.39, [81, 285, 77]
9, 0, 31.17, [295, 269, 77]
9, 1, 30.33, [295, 269, 193]
9, 2, 28.49, [295, 279, 77]
9, 3, 19.65, [609, 269, 77]
9, 4, 19.05, [295, 256, 265]
9, 5, 18.77, [295, 76, 265]
9, 6, 17.4, [380, 269, 2764]
9, 7, 12.6, [2514, 102, 77]
9, 8, 11.92, [3334, 269, 76]
9, 9, 11.43, [2514, 2597, 4849]
10, 0, 31.17, [295, 269, 77]
10, 1, 30.33, [295, 269, 193]
10, 2, 25.16, [295, 269, 285]
10, 3, 24.69, [295, 98, 220]
10, 4, 23.36, [295, 3716, 193]
10, 5, 23.04, [295, 278, 77]
10, 6, 23.02, [295, 260, 193]
10, 7, 21.88, [295, 278, 193]
10, 8, 20.38, [295, 303, 2599]
10, 9, 18.5, [250, 269, 274]
