n_nodes,influence,n0,n1,n2,n3,n4,n5,n6,n7,n8
9,66.3600,249633,195429,239526,212780,243083,130668,9884,176598,7961
9,65.1400,249633,195429,239526,243083,212780,179993,176598,7961,9884
9,62.3400,249633,195429,239526,212780,243083,130668,9884,176598,7961
9,62.3400,249633,195429,239526,212780,243083,130668,9884,176598,7961
9,62.3400,249633,195429,239526,212780,243083,130668,9884,176598,7961
9,61.3700,249633,195429,239526,212780,243083,130668,9884,176598,7961
9,61.3700,249633,195429,239526,212780,243083,130668,9884,176598,7961
9,60.7700,249633,195429,239526,212780,243083,132405,36442,83804,143805
9,60.4700,249633,195429,239526,243083,212780,130668,176598,44552,9884
9,60.3000,249633,195429,239526,212780,243083,132405,36442,83804,143805
9,60.3000,249633,195429,239526,212780,243083,132405,36442,83804,143805
9,60.3000,249633,195429,239526,212780,243083,132405,36442,83804,143805
9,60.3000,249633,195429,239526,212780,243083,132405,36442,83804,143805
9,60.3000,249633,195429,239526,212780,243083,132405,36442,83804,143805
9,60.3000,249633,195429,239526,212780,243083,132405,36442,83804,143805
9,60.3000,249633,195429,239526,212780,243083,132405,36442,83804,143805
