n_nodes,influence,n0,n1,n2,n3,n4,n5,n6,n7,n8
9,15.9500,55562,115193,33354,167841,179116,78509,197776,227761,248848
9,15.9500,55562,115193,33354,167841,179116,78509,197776,227761,248848
9,15.9500,55562,115193,33354,167841,179116,78509,197776,227761,248848
9,15.9500,55562,115193,33354,167841,179116,78509,197776,227761,248848
9,15.9500,55562,115193,33354,167841,179116,78509,197776,227761,248848
9,15.9500,55562,115193,33354,167841,179116,78509,197776,227761,248848
9,15.9500,55562,115193,33354,167841,179116,78509,197776,227761,248848
9,15.9500,55562,115193,33354,167841,179116,78509,197776,227761,248848
9,15.9500,55562,115193,33354,167841,179116,78509,197776,227761,248848
9,15.9500,55562,115193,33354,167841,179116,78509,197776,227761,248848
9,15.9500,55562,115193,33354,167841,179116,78509,197776,227761,248848
9,15.9500,55562,115193,33354,167841,179116,78509,197776,227761,248848
9,15.9500,55562,115193,33354,167841,179116,78509,197776,227761,248848
9,15.9500,55562,115193,33354,167841,179116,78509,197776,227761,248848
9,15.9500,55562,115193,33354,167841,179116,78509,197776,227761,248848
9,15.9200,55562,115193,71140,206982,179116,78509,197776,227761,248848
