generation number, individual number, fitness, candidate
0, 0, 3.26, [293, 3736, 689]
0, 1, 3.22, [3747, 1831, 3736]
0, 2, 3.21, [4131, 2595, 689]
0, 3, 3.2, [3754, 3758, 3740]
0, 4, 3.19, [3747, 1825, 2229]
0, 5, 3.17, [1830, 3736, 3739]
0, 6, 3.14, [2229, 702, 3743]
0, 7, 3.13, [3736, 2260, 3758]
0, 8, 3.09, [3737, 3750, 352]
0, 9, 3.08, [3744, 546, 3777]
1, 0, 3.26, [293, 3736, 689]
1, 1, 3.25, [3736, 1831, 3740]
1, 2, 3.22, [3747, 1831, 3736]
1, 3, 3.2, [3754, 3758, 3760]
1, 4, 3.19, [4131, 3747, 3740]
1, 5, 3.19, [3754, 3741, 689]
1, 6, 3.17, [3754, 3744, 689]
1, 7, 3.16, [2229, 3758, 3736]
1, 8, 3.11, [279, 3736, 3740]
1, 9, 3.08, [3735, 1686, 689]
2, 0, 3.26, [293, 3736, 689]
2, 1, 3.25, [3736, 1588, 689]
2, 2, 3.25, [3736, 1831, 3740]
2, 3, 3.23, [3754, 3102, 689]
2, 4, 3.19, [1032, 2595, 689]
2, 5, 3.19, [3755, 3740, 3754]
2, 6, 3.18, [4129, 3736, 3740]
2, 7, 3.16, [1830, 3744, 3750]
2, 8, 3.16, [279, 3736, 689]
2, 9, 3.12, [3747, 159, 3759]
3, 0, 3.26, [293, 3736, 689]
3, 1, 3.25, [3736, 1588, 689]
3, 2, 3.19, [3742, 1825, 3740]
3, 3, 3.18, [3755, 1831, 689]
3, 4, 3.16, [3754, 3100, 3740]
3, 5, 3.12, [3737, 279, 689]
3, 6, 3.11, [3752, 1006, 3740]
3, 7, 3.11, [546, 3758, 77]
3, 8, 3.07, [3736, 1588, 2261]
3, 9, 3.06, [3736, 1588, 1987]
4, 0, 3.26, [293, 3736, 689]
4, 1, 3.25, [3736, 1588, 689]
4, 2, 3.2, [279, 3755, 689]
4, 3, 3.18, [3755, 33, 689]
4, 4, 3.16, [3742, 1830, 689]
4, 5, 3.14, [2156, 1828, 689]
4, 6, 3.14, [279, 3736, 3749]
4, 7, 3.12, [996, 3736, 3741]
4, 8, 3.1, [279, 1588, 3743]
4, 9, 3.07, [293, 3747, 3760]
5, 0, 3.26, [293, 3736, 689]
5, 1, 3.25, [3736, 1588, 689]
5, 2, 3.23, [181, 3736, 689]
5, 3, 3.19, [1605, 1987, 689]
5, 4, 3.16, [2229, 3736, 3734]
5, 5, 3.15, [279, 3755, 689]
5, 6, 3.14, [3747, 3736, 1825]
5, 7, 3.11, [3734, 3755, 689]
5, 8, 3.1, [2598, 3736, 33]
5, 9, 3.07, [293, 3736, 3745]
6, 0, 3.32, [1987, 3736, 689]
6, 1, 3.26, [293, 3736, 689]
6, 2, 3.25, [3736, 1588, 689]
6, 3, 3.23, [3397, 3736, 689]
6, 4, 3.18, [293, 3749, 689]
6, 5, 3.18, [3736, 3748, 3735]
6, 6, 3.14, [181, 3755, 689]
6, 7, 3.1, [279, 3736, 3734]
6, 8, 3.08, [3758, 2598, 3747]
6, 9, 3.08, [293, 3733, 689]
7, 0, 3.32, [1987, 3736, 689]
7, 1, 3.26, [293, 3736, 689]
7, 2, 3.19, [4794, 4129, 689]
7, 3, 3.17, [293, 3749, 689]
7, 4, 3.16, [3736, 3748, 3742]
7, 5, 3.16, [293, 3736, 3758]
7, 6, 3.16, [1588, 3736, 1040]
7, 7, 3.14, [293, 3752, 3760]
7, 8, 3.1, [33, 3754, 1834]
7, 9, 3.09, [1322, 3736, 3735]
8, 0, 3.32, [1987, 3736, 689]
8, 1, 3.3, [3737, 3736, 3752]
8, 2, 3.26, [293, 3736, 689]
8, 3, 3.21, [3747, 3736, 2260]
8, 4, 3.19, [2463, 3736, 689]
8, 5, 3.18, [4794, 3758, 689]
8, 6, 3.18, [3100, 4129, 689]
8, 7, 3.16, [293, 4128, 689]
8, 8, 3.14, [295, 3105, 3741]
8, 9, 3.13, [2229, 4129, 689]
9, 0, 3.32, [1987, 3736, 689]
9, 1, 3.3, [3737, 3736, 3752]
9, 2, 3.22, [2463, 3736, 3752]
9, 3, 3.21, [2463, 3736, 3752]
9, 4, 3.2, [3737, 3736, 3750]
9, 5, 3.18, [3100, 285, 689]
9, 6, 3.15, [3737, 1896, 689]
9, 7, 3.14, [279, 3736, 689]
9, 8, 3.14, [3737, 3749, 689]
9, 9, 3.1, [1987, 3758, 3752]
10, 0, 3.32, [1987, 3736, 689]
10, 1, 3.3, [3737, 3736, 3752]
10, 2, 3.23, [2229, 3736, 3752]
10, 3, 3.22, [2229, 3736, 689]
10, 4, 3.17, [2229, 689, 159]
10, 5, 3.16, [3737, 3736, 3741]
10, 6, 3.15, [2463, 3749, 689]
10, 7, 3.1, [1987, 3733, 3752]
10, 8, 3.1, [1987, 3736, 3750]
10, 9, 3.08, [271, 4128, 3733]
11, 0, 3.32, [1987, 3736, 689]
11, 1, 3.3, [3737, 3736, 3752]
11, 2, 3.28, [3746, 3736, 3752]
11, 3, 3.23, [2229, 3105, 689]
11, 4, 3.21, [4131, 689, 3736]
11, 5, 3.19, [2229, 3736, 3744]
11, 6, 3.17, [3737, 3746, 689]
11, 7, 3.16, [699, 3736, 689]
11, 8, 3.14, [1896, 3736, 3747]
11, 9, 3.08, [3100, 2260, 693]
12, 0, 3.32, [1987, 3736, 689]
12, 1, 3.3, [3737, 3736, 3752]
12, 2, 3.27, [3746, 3736, 3758]
12, 3, 3.26, [699, 3736, 689]
12, 4, 3.25, [3746, 3736, 3750]
12, 5, 3.23, [2229, 3736, 3752]
12, 6, 3.17, [3105, 3736, 3777]
12, 7, 3.17, [2463, 3736, 3752]
12, 8, 3.15, [1987, 3749, 3752]
12, 9, 3.08, [4184, 3753, 689]
13, 0, 3.32, [1987, 3736, 689]
13, 1, 3.3, [3737, 3736, 3752]
13, 2, 3.29, [2229, 3736, 3752]
13, 3, 3.24, [3747, 3736, 689]
13, 4, 3.21, [2229, 3754, 689]
13, 5, 3.19, [352, 3736, 3752]
13, 6, 3.19, [3747, 3736, 3752]
13, 7, 3.16, [3737, 3754, 689]
13, 8, 3.15, [1987, 3737, 3752]
13, 9, 3.15, [3737, 3736, 3759]
14, 0, 3.32, [1987, 3736, 689]
14, 1, 3.3, [3737, 3736, 3752]
14, 2, 3.26, [1686, 3736, 3752]
14, 3, 3.18, [2260, 1831, 689]
14, 4, 3.15, [3737, 3744, 689]
14, 5, 3.14, [1987, 3736, 3743]
14, 6, 3.13, [2490, 3749, 689]
14, 7, 3.12, [702, 3736, 2598]
14, 8, 3.12, [1987, 3736, 275]
14, 9, 3.11, [263, 3736, 1831]
15, 0, 3.32, [1987, 3736, 689]
15, 1, 3.3, [3737, 3736, 3752]
15, 2, 3.22, [1830, 3736, 181]
15, 3, 3.19, [1322, 3736, 689]
15, 4, 3.19, [77, 3736, 689]
15, 5, 3.16, [1987, 4129, 689]
15, 6, 3.14, [1987, 284, 3742]
15, 7, 3.13, [1686, 3752, 3750]
15, 8, 3.11, [1987, 3758, 3752]
15, 9, 3.1, [2229, 699, 3759]
16, 0, 3.32, [1987, 3736, 689]
16, 1, 3.3, [3737, 3736, 3752]
16, 2, 3.26, [699, 3736, 689]
16, 3, 3.19, [1987, 3736, 3744]
16, 4, 3.17, [3733, 3736, 689]
16, 5, 3.17, [3733, 3736, 689]
16, 6, 3.17, [3737, 3736, 3759]
16, 7, 3.15, [2463, 3736, 3752]
16, 8, 3.12, [1987, 2400, 3752]
16, 9, 3.11, [2463, 1541, 3750]
17, 0, 3.32, [1987, 3736, 689]
17, 1, 3.3, [3737, 3736, 3752]
17, 2, 3.24, [1605, 3736, 3752]
17, 3, 3.19, [699, 3736, 3750]
17, 4, 3.15, [3737, 3755, 689]
17, 5, 3.12, [1987, 3746, 3754]
17, 6, 3.11, [1987, 3736, 3734]
17, 7, 3.11, [1987, 3743, 689]
17, 8, 3.1, [1833, 3736, 1541]
17, 9, 3.08, [699, 3736, 229]
18, 0, 3.32, [1987, 3736, 689]
18, 1, 3.3, [3737, 3736, 3752]
18, 2, 3.19, [3733, 1541, 3752]
18, 3, 3.19, [1605, 3736, 3742]
18, 4, 3.17, [3737, 3736, 3743]
18, 5, 3.15, [699, 4128, 689]
18, 6, 3.14, [1987, 3736, 3741]
18, 7, 3.11, [1987, 3736, 1830]
18, 8, 3.08, [1987, 293, 3752]
18, 9, 3.07, [181, 3736, 693]
19, 0, 3.32, [1987, 3736, 689]
19, 1, 3.3, [3737, 3736, 3752]
19, 2, 3.18, [699, 3736, 689]
19, 3, 3.18, [2463, 3736, 3752]
19, 4, 3.17, [3733, 3736, 689]
19, 5, 3.17, [1987, 3758, 689]
19, 6, 3.14, [1987, 3749, 3752]
19, 7, 3.13, [3737, 3736, 181]
19, 8, 3.11, [1987, 3736, 1588]
19, 9, 3.09, [3737, 3749, 3748]
20, 0, 3.32, [1987, 3736, 689]
20, 1, 3.3, [3737, 3736, 3752]
20, 2, 3.24, [1831, 3736, 3752]
20, 3, 3.21, [3735, 3736, 3752]
20, 4, 3.18, [2229, 3736, 689]
20, 5, 3.16, [2463, 3736, 33]
20, 6, 3.16, [699, 3736, 689]
20, 7, 3.15, [3737, 3755, 689]
20, 8, 3.14, [1987, 3754, 3752]
20, 9, 3.13, [699, 3744, 3752]
21, 0, 3.32, [1987, 3736, 689]
21, 1, 3.3, [3737, 3736, 3752]
21, 2, 3.26, [2229, 3736, 3752]
21, 3, 3.23, [699, 3736, 689]
21, 4, 3.19, [2463, 3736, 3752]
21, 5, 3.17, [699, 3736, 3105]
21, 6, 3.16, [1831, 3758, 3752]
21, 7, 3.16, [1831, 3736, 3734]
21, 8, 3.15, [1831, 2156, 689]
21, 9, 3.14, [1987, 3736, 181]
22, 0, 3.32, [1987, 3736, 689]
22, 1, 3.3, [3105, 3736, 3752]
22, 2, 3.3, [3737, 3736, 3752]
22, 3, 3.2, [2229, 3736, 3758]
22, 4, 3.19, [3737, 3736, 3742]
22, 5, 3.16, [2463, 3736, 3752]
22, 6, 3.13, [2229, 2490, 689]
22, 7, 3.12, [2464, 3736, 2595]
22, 8, 3.1, [699, 3733, 3752]
22, 9, 3.1, [1987, 3755, 1686]
23, 0, 3.32, [1987, 3736, 689]
23, 1, 3.3, [3105, 3736, 3752]
23, 2, 3.26, [2229, 3736, 3754]
23, 3, 3.24, [4794, 3736, 3752]
23, 4, 3.21, [2229, 3736, 689]
23, 5, 3.2, [2463, 3742, 3105]
23, 6, 3.19, [3737, 3736, 3742]
23, 7, 3.16, [1987, 3736, 3753]
23, 8, 3.15, [3747, 3736, 1040]
23, 9, 3.13, [72, 3736, 3758]
24, 0, 3.35, [4108, 3736, 3752]
24, 1, 3.32, [1987, 3736, 689]
24, 2, 3.3, [3105, 3736, 3752]
24, 3, 3.29, [2229, 3736, 3752]
24, 4, 3.25, [4129, 3736, 689]
24, 5, 3.23, [3105, 3736, 3750]
24, 6, 3.22, [1987, 3736, 3754]
24, 7, 3.21, [3105, 3736, 3749]
24, 8, 3.18, [3105, 269, 689]
24, 9, 3.14, [3759, 3736, 2260]
25, 0, 3.35, [4108, 3736, 3752]
25, 1, 3.32, [1987, 3736, 689]
25, 2, 3.19, [3743, 3736, 77]
25, 3, 3.19, [1987, 3754, 3752]
25, 4, 3.19, [263, 3746, 689]
25, 5, 3.16, [1830, 3752, 3747]
25, 6, 3.14, [2229, 4131, 3752]
25, 7, 3.13, [4108, 3736, 3743]
25, 8, 3.11, [279, 3755, 689]
25, 9, 3.1, [4108, 3743, 689]
26, 0, 3.35, [4108, 3736, 3752]
26, 1, 3.32, [1987, 3736, 689]
26, 2, 3.27, [2229, 3736, 3752]
26, 3, 3.23, [1987, 3736, 3741]
26, 4, 3.22, [2229, 3736, 3752]
26, 5, 3.18, [181, 3736, 689]
26, 6, 3.17, [2463, 3736, 3752]
26, 7, 3.15, [4108, 3736, 3755]
26, 8, 3.14, [4108, 3744, 77]
26, 9, 3.14, [4108, 3758, 689]
27, 0, 3.35, [4108, 3736, 3752]
27, 1, 3.32, [1987, 3736, 689]
27, 2, 3.26, [1040, 3736, 689]
27, 3, 3.23, [2463, 3736, 3752]
27, 4, 3.21, [1825, 3736, 3752]
27, 5, 3.2, [4108, 3755, 689]
27, 6, 3.19, [2463, 3736, 3752]
27, 7, 3.18, [279, 3736, 3755]
27, 8, 3.1, [4108, 291, 3752]
27, 9, 3.09, [2229, 3742, 263]
28, 0, 3.35, [4108, 3736, 3752]
28, 1, 3.32, [1987, 3736, 689]
28, 2, 3.23, [4108, 3736, 3758]
28, 3, 3.21, [1040, 3758, 3752]
28, 4, 3.2, [1825, 3736, 3760]
28, 5, 3.17, [4108, 3736, 3758]
28, 6, 3.17, [1987, 3736, 3739]
28, 7, 3.16, [2400, 3755, 689]
28, 8, 3.12, [1040, 181, 689]
28, 9, 3.12, [2463, 293, 689]
29, 0, 3.35, [4108, 3736, 3752]
29, 1, 3.32, [1987, 3736, 689]
29, 2, 3.25, [1825, 3736, 3760]
29, 3, 3.2, [2400, 3758, 689]
29, 4, 3.2, [4108, 3756, 689]
29, 5, 3.18, [1987, 3736, 3744]
29, 6, 3.17, [1987, 3737, 3760]
29, 7, 3.17, [1040, 3736, 3744]
29, 8, 3.16, [3743, 3736, 3752]
29, 9, 3.14, [1987, 3736, 3742]
30, 0, 3.35, [4108, 3736, 3752]
30, 1, 3.32, [1987, 3736, 689]
30, 2, 3.22, [2464, 3736, 3752]
30, 3, 3.21, [181, 3736, 3760]
30, 4, 3.2, [1834, 3743, 3752]
30, 5, 3.2, [1825, 3736, 3739]
30, 6, 3.18, [2463, 3736, 3752]
30, 7, 3.11, [4108, 181, 689]
30, 8, 3.1, [4108, 3755, 689]
30, 9, 3.09, [3745, 3736, 1686]
31, 0, 3.35, [4108, 3736, 3752]
31, 1, 3.32, [1987, 3736, 689]
31, 2, 3.24, [3100, 3736, 3752]
31, 3, 3.23, [2229, 3736, 3752]
31, 4, 3.2, [2463, 3736, 3752]
31, 5, 3.2, [119, 3736, 4128]
31, 6, 3.16, [181, 3736, 689]
31, 7, 3.14, [1987, 3736, 3750]
31, 8, 3.14, [4108, 3736, 1322]
31, 9, 3.14, [2463, 3736, 3752]
32, 0, 3.35, [4108, 3736, 3752]
32, 1, 3.32, [1987, 3736, 689]
32, 2, 3.24, [181, 3736, 3752]
32, 3, 3.23, [1006, 3736, 689]
32, 4, 3.22, [4131, 3736, 3752]
32, 5, 3.13, [4108, 3756, 689]
32, 6, 3.11, [3737, 3736, 689]
32, 7, 3.1, [1987, 3736, 2261]
32, 8, 3.08, [1987, 3736, 3741]
32, 9, 3.08, [4108, 3736, 693]
33, 0, 3.35, [4108, 3736, 3752]
33, 1, 3.32, [1987, 3736, 689]
33, 2, 3.16, [1987, 3736, 3753]
33, 3, 3.16, [4108, 3736, 3750]
33, 4, 3.14, [2229, 3736, 1831]
33, 5, 3.12, [4108, 3736, 2261]
33, 6, 3.11, [1987, 3397, 3749]
33, 7, 3.1, [1006, 1831, 3752]
33, 8, 3.09, [2400, 3743, 295]
33, 9, 3.07, [4108, 3736, 291]
34, 0, 3.35, [4108, 3736, 3752]
34, 1, 3.32, [1987, 3736, 689]
34, 2, 3.21, [2229, 3736, 3752]
34, 3, 3.2, [2229, 3736, 3752]
34, 4, 3.19, [4108, 3736, 77]
34, 5, 3.19, [4108, 3100, 3752]
34, 6, 3.13, [1987, 3754, 3752]
34, 7, 3.1, [291, 3736, 279]
34, 8, 3.1, [4108, 3744, 689]
34, 9, 3.1, [4108, 1588, 689]
35, 0, 3.35, [4108, 3736, 3752]
35, 1, 3.32, [1987, 3736, 689]
35, 2, 3.19, [1987, 3758, 3752]
35, 3, 3.17, [181, 3736, 689]
35, 4, 3.17, [4108, 3743, 3752]
35, 5, 3.16, [2463, 3736, 3752]
35, 6, 3.15, [1588, 3736, 689]
35, 7, 3.15, [291, 3736, 3752]
35, 8, 3.12, [4108, 3737, 689]
35, 9, 3.12, [1987, 3736, 4301]
36, 0, 3.35, [4108, 3736, 3752]
36, 1, 3.32, [1987, 3736, 689]
36, 2, 3.27, [2463, 3736, 3752]
36, 3, 3.25, [181, 3736, 3752]
36, 4, 3.22, [3747, 3736, 3752]
36, 5, 3.19, [1987, 359, 3752]
36, 6, 3.14, [4108, 3736, 3753]
36, 7, 3.14, [3759, 3736, 1006]
36, 8, 3.13, [2400, 3100, 3753]
36, 9, 3.11, [2464, 3736, 689]
37, 0, 3.35, [4108, 3736, 3752]
37, 1, 3.32, [1987, 3736, 689]
37, 2, 3.21, [1987, 3736, 3741]
37, 3, 3.19, [1987, 3735, 3752]
37, 4, 3.18, [4108, 3736, 3750]
37, 5, 3.13, [3745, 2490, 3752]
37, 6, 3.12, [4108, 3735, 3744]
37, 7, 3.1, [4108, 359, 3758]
37, 8, 3.08, [4108, 2400, 3747]
37, 9, 3.07, [4108, 3736, 1032]
38, 0, 3.35, [4108, 3736, 3752]
38, 1, 3.32, [1987, 3736, 689]
38, 2, 3.29, [181, 3736, 689]
38, 3, 3.26, [2229, 3736, 181]
38, 4, 3.19, [1987, 3736, 3750]
38, 5, 3.18, [1987, 3743, 3752]
38, 6, 3.13, [1987, 3736, 3743]
38, 7, 3.12, [4108, 3736, 3750]
38, 8, 3.1, [1588, 3736, 293]
38, 9, 3.1, [4108, 3733, 689]
39, 0, 3.35, [4108, 3736, 3752]
39, 1, 3.32, [1987, 3736, 689]
39, 2, 3.31, [2229, 3736, 689]
39, 3, 3.23, [4108, 1825, 689]
39, 4, 3.21, [1987, 3758, 3752]
39, 5, 3.19, [2229, 3743, 689]
39, 6, 3.16, [359, 3736, 1834]
39, 7, 3.14, [1987, 3754, 181]
39, 8, 3.12, [1829, 3736, 284]
39, 9, 3.11, [1987, 3736, 3740]
40, 0, 3.35, [4108, 3736, 3752]
40, 1, 3.32, [1987, 3736, 689]
40, 2, 3.19, [4108, 3754, 689]
40, 3, 3.19, [3746, 3742, 3760]
40, 4, 3.18, [2229, 3736, 1896]
40, 5, 3.16, [1315, 3736, 3756]
40, 6, 3.16, [1987, 3736, 3743]
40, 7, 3.14, [4108, 3748, 3752]
40, 8, 3.12, [4108, 1686, 3752]
40, 9, 3.11, [1686, 33, 689]
41, 0, 3.35, [4108, 3736, 3752]
41, 1, 3.32, [1987, 3736, 689]
41, 2, 3.26, [181, 3736, 689]
41, 3, 3.25, [1987, 3746, 3752]
41, 4, 3.22, [3750, 3742, 689]
41, 5, 3.19, [546, 3754, 689]
41, 6, 3.18, [4108, 3736, 3742]
41, 7, 3.16, [3734, 1032, 689]
41, 8, 3.14, [1987, 3737, 3752]
41, 9, 3.12, [4108, 4128, 279]
42, 0, 3.35, [4108, 3736, 3752]
42, 1, 3.32, [1987, 3736, 689]
42, 2, 3.3, [3747, 4128, 689]
42, 3, 3.21, [181, 3736, 689]
42, 4, 3.19, [4108, 3737, 689]
42, 5, 3.16, [1987, 3755, 3752]
42, 6, 3.15, [3761, 3736, 3734]
42, 7, 3.15, [181, 3736, 3744]
42, 8, 3.15, [2229, 3736, 699]
42, 9, 3.12, [285, 3736, 1830]
43, 0, 3.35, [4108, 3736, 3752]
43, 1, 3.32, [1987, 3736, 689]
43, 2, 3.26, [3739, 3736, 3752]
43, 3, 3.2, [1987, 3737, 3752]
43, 4, 3.19, [4108, 3744, 689]
43, 5, 3.17, [181, 3749, 3752]
43, 6, 3.14, [1987, 1834, 3752]
43, 7, 3.13, [181, 3755, 689]
43, 8, 3.13, [4108, 3758, 689]
43, 9, 3.11, [3746, 3397, 287]
44, 0, 3.35, [4108, 3736, 3752]
44, 1, 3.32, [1987, 3736, 689]
44, 2, 3.17, [2463, 3736, 3752]
44, 3, 3.16, [4108, 3736, 3749]
44, 4, 3.13, [3735, 3746, 3752]
44, 5, 3.12, [3742, 3755, 3740]
44, 6, 3.11, [284, 3736, 2156]
44, 7, 3.1, [3745, 3736, 2464]
44, 8, 3.1, [2490, 3736, 3752]
44, 9, 3.08, [3733, 3736, 33]
45, 0, 3.35, [4108, 3736, 3752]
45, 1, 3.32, [1987, 3736, 689]
45, 2, 3.26, [3740, 3736, 3752]
45, 3, 3.19, [2463, 3746, 689]
45, 4, 3.19, [1987, 3736, 3740]
45, 5, 3.17, [72, 3741, 3744]
45, 6, 3.14, [181, 3742, 3752]
45, 7, 3.14, [4108, 3741, 3752]
45, 8, 3.11, [1987, 3733, 3748]
45, 9, 3.05, [4108, 3753, 3744]
46, 0, 3.35, [4108, 3736, 3752]
46, 1, 3.32, [1987, 3736, 689]
46, 2, 3.29, [3736, 3746, 689]
46, 3, 3.24, [295, 3736, 3752]
46, 4, 3.23, [702, 3746, 689]
46, 5, 3.21, [4108, 3736, 3743]
46, 6, 3.15, [4108, 3733, 3752]
46, 7, 3.13, [77, 3736, 2490]
46, 8, 3.12, [2463, 3755, 3752]
46, 9, 3.09, [1987, 3736, 3756]
47, 0, 3.35, [4108, 3736, 3752]
47, 1, 3.32, [1987, 3736, 689]
47, 2, 3.28, [1834, 3736, 3752]
47, 3, 3.26, [2229, 3736, 3752]
47, 4, 3.24, [181, 3736, 3752]
47, 5, 3.2, [4128, 3736, 3741]
47, 6, 3.18, [4108, 3744, 689]
47, 7, 3.17, [181, 3743, 3752]
47, 8, 3.14, [101, 3105, 3752]
47, 9, 3.12, [295, 3743, 689]
48, 0, 3.35, [4108, 3736, 3752]
48, 1, 3.32, [1987, 3736, 689]
48, 2, 3.22, [3756, 3736, 689]
48, 3, 3.19, [546, 4128, 3752]
48, 4, 3.18, [3758, 3736, 77]
48, 5, 3.18, [2229, 3749, 3752]
48, 6, 3.15, [1828, 269, 3752]
48, 7, 3.13, [1834, 3744, 3105]
48, 8, 3.11, [181, 1321, 3750]
48, 9, 3.11, [1987, 3736, 2598]
49, 0, 3.35, [4108, 3736, 3752]
49, 1, 3.32, [1987, 3736, 689]
49, 2, 3.31, [3756, 3736, 3750]
49, 3, 3.26, [3756, 3736, 3744]
49, 4, 3.23, [3760, 1322, 3752]
49, 5, 3.21, [4108, 3736, 3753]
49, 6, 3.19, [4108, 3736, 3749]
49, 7, 3.19, [546, 3746, 3752]
49, 8, 3.16, [3756, 3758, 4131]
49, 9, 3.13, [3747, 1831, 3752]
50, 0, 3.35, [4108, 3736, 3752]
50, 1, 3.32, [1987, 3736, 689]
50, 2, 3.3, [2229, 3736, 3752]
50, 3, 3.26, [3743, 3736, 3752]
50, 4, 3.2, [181, 3736, 689]
50, 5, 3.19, [181, 3736, 689]
50, 6, 3.16, [1987, 3736, 3744]
50, 7, 3.14, [4108, 3736, 269]
50, 8, 3.14, [1987, 3736, 3754]
50, 9, 3.12, [4108, 3744, 689]
