num_genrations,diversity,improvement,best_fitness
10,0.0,0.0,9.24
11,0.0,0.0,9.24
12,0.0,0.0,9.24
11,0.0,0.0,9.24
0,1.0,0,9.13
13,0.0,0.0,9.24
12,0.0,0.0,9.24
1,0.87,0.0,9.13
14,0.0,0.0,9.24
2,0.615,0.0,9.13
13,0.0,0.0,9.24
15,0.0,0.0,9.24
3,0.30999999999999994,0.012048192771084274,9.24
16,0.0,0.0,9.24
14,0.0,0.0,9.24
17,0.0,0.0,9.24
4,0.30000000000000004,0.0,9.24
15,0.0,0.0,9.24
5,0.24,0.0,9.24
18,0.0,0.0,9.24
6,0.16166666666666663,0.0,9.24
16,0.0,0.0,9.24
19,0.0,0.0,9.24
7,0.0,0.0,9.24
8,0.0,0.0,9.24
17,0.0,0.0,9.24
20,0.0,0.0,9.24
9,0.0,0.0,9.24
18,0.0,0.0,9.24
19,0.0,0.0,9.24
10,0.0,0.0,9.24
20,0.0,0.0,9.24
11,0.0,0.0,9.24
12,0.0,0.0,9.24
13,0.0,0.0,9.24
14,0.0,0.0,9.24
15,0.0,0.0,9.24
16,0.0,0.0,9.24
17,0.0,0.0,9.24
18,0.0,0.0,9.24
19,0.0,0.0,9.24
20,0.0,0.0,9.24
