generation number, pop_size, worst, best, median, avg, std, diversity, improvement, number_of_selections
0, 10, 4.56, 10.88, 7.075, 7.481, 1.7690757473890149,0.9888888888888889,0,[1.e-300]
1, 10, 6.64, 13.22, 7.34, 8.765, 2.436818622712819,0.9111111111111111,0.2150735294117647,[10.]
2, 10, 6.32, 13.22, 8.969999999999999, 9.396, 2.2724136947307816,0.9,0.0,[20.]
3, 10, 6.47, 13.22, 8.59, 9.142, 2.132818792115261,0.9444444444444444,0.0,[30.]
4, 10, 9.15, 13.22, 10.415, 10.73, 1.3331691565589117,0.8555555555555556,0.0,[40.]
5, 10, 7.34, 13.22, 10.41, 10.369, 1.7267336216104672,0.8333333333333333,0.0,[50.]
6, 10, 7.06, 13.22, 11.254999999999999, 10.766000000000002, 1.8596784668323716,0.8555555555555556,0.0,[60.]
7, 10, 8.06, 13.22, 9.774999999999999, 10.22, 1.7640975029742547,0.8222222222222222,0.0,[70.]
8, 10, 6.01, 13.22, 8.945, 9.399000000000001, 2.3974922314785503,0.9444444444444444,0.0,[80.]
9, 10, 6.35, 13.22, 9.9, 9.708, 2.2589988933153555,0.8777777777777778,0.0,[90.]
10, 10, 6.29, 13.22, 9.54, 9.367999999999999, 2.2161579366101143,0.9,0.0,[100.]
