n_nodes,influence,n0,n1,n2,n3,n4
5,137.1000,861,620,345,687,397
5,137.1000,861,620,345,687,397
5,137.1000,861,620,345,687,397
5,137.1000,861,620,345,687,397
5,137.1000,861,620,345,687,397
5,137.1000,861,620,345,687,397
5,137.1000,861,620,345,687,397
5,137.1000,861,620,345,687,397
5,137.1000,861,620,345,687,397
5,137.1000,861,620,345,687,397
5,137.1000,861,620,345,687,397
5,137.1000,861,620,345,687,397
5,125.6000,620,397,687,761,861
5,116.4000,861,620,345,687,397
5,116.4000,861,620,345,687,397
5,116.4000,861,620,345,687,397
