n_nodes,influence,n0,n1,n2,n3,n4,n5,n6,n7,n8,n9,n10,n11,n12,n13,n14,n15,n16
17,301.5500,36158,32351,13476,46030,23252,20317,68159,42086,652,51392,74615,49213,70707,46355,26174,29141,51605
17,301.5500,36158,32351,13476,46030,23252,20317,68159,42086,652,51392,74615,49213,70707,46355,26174,29141,51605
17,301.5500,36158,32351,13476,46030,23252,20317,68159,42086,652,51392,74615,49213,70707,46355,26174,29141,51605
17,301.5500,36158,32351,13476,46030,23252,20317,68159,42086,652,51392,74615,49213,70707,46355,26174,29141,51605
17,301.5500,36158,32351,13476,46030,23252,20317,68159,42086,652,51392,74615,49213,70707,46355,26174,29141,51605
17,301.5500,36158,32351,13476,46030,23252,20317,68159,42086,652,51392,74615,49213,70707,46355,26174,29141,51605
17,301.5500,36158,32351,13476,46030,23252,20317,68159,42086,652,51392,74615,49213,70707,46355,26174,29141,51605
17,301.5500,36158,32351,13476,46030,23252,20317,68159,42086,652,51392,74615,49213,70707,46355,26174,29141,51605
17,301.5500,36158,32351,13476,46030,23252,20317,68159,42086,652,51392,74615,49213,70707,46355,26174,29141,51605
17,301.5500,36158,32351,13476,46030,23252,20317,68159,42086,652,51392,74615,49213,70707,46355,26174,29141,51605
17,301.5500,36158,32351,13476,46030,23252,20317,68159,42086,652,51392,74615,49213,70707,46355,26174,29141,51605
17,301.5500,36158,32351,13476,46030,23252,20317,68159,42086,652,51392,74615,49213,70707,46355,26174,29141,51605
17,301.5500,36158,32351,13476,46030,23252,20317,68159,42086,652,51392,74615,49213,70707,46355,26174,29141,51605
17,301.5500,36158,32351,13476,46030,23252,20317,68159,42086,652,51392,74615,49213,70707,46355,26174,29141,51605
17,301.5500,36158,32351,13476,46030,23252,20317,68159,42086,652,51392,74615,49213,70707,46355,26174,29141,51605
17,301.5500,36158,32351,13476,46030,23252,20317,68159,42086,652,51392,74615,49213,70707,46355,26174,29141,51605
