num_genrations,diversity,improvement,best_fitness
0,1.0,0,8.660000000000004
1,0.9056451612903226,0.0,8.660000000000004
2,0.7701612903225806,0.0011547344110854252,8.670000000000003
3,0.757258064516129,0.0011534025374855573,8.680000000000003
4,0.6879032258064517,0.002304147465437738,8.700000000000003
5,0.5233870967741936,0.0,8.700000000000003
6,0.42661290322580636,0.0,8.700000000000003
7,0.352016129032258,0.0011494252873562969,8.710000000000003
8,0.3608870967741935,0.0,8.710000000000003
9,0.35967741935483866,0.0,8.710000000000003
10,0.41249999999999987,0.001148105625717541,8.720000000000002
