generation number, individual number, fitness, candidate
0, 0, 2.09, [1350, 1417]
0, 1, 2.06, [576, 2320]
0, 2, 2.03, [1430, 1146]
0, 3, 2.02, [697, 1141]
0, 4, 2.02, [1437, 326]
0, 5, 2.02, [1430, 1230]
0, 6, 2.01, [695, 571]
0, 7, 2.01, [1090, 788]
0, 8, 2.01, [1347, 1407]
0, 9, 2.0, [1078, 2171]
1, 0, 2.11, [1230, 1350]
1, 1, 2.09, [1350, 1417]
1, 2, 2.06, [576, 2320]
1, 3, 2.03, [421, 1417]
1, 4, 2.02, [1430, 2320]
1, 5, 2.02, [775, 1417]
1, 6, 2.02, [751, 320]
1, 7, 2.01, [326, 2320]
1, 8, 2.01, [1131, 2320]
1, 9, 2.01, [576, 1403]
2, 0, 2.11, [1230, 1350]
2, 1, 2.09, [1350, 1417]
2, 2, 2.06, [576, 1058]
2, 3, 2.06, [576, 1058]
2, 4, 2.05, [1091, 2320]
2, 5, 2.05, [576, 1350]
2, 6, 2.03, [717, 1025]
2, 7, 2.02, [421, 1417]
2, 8, 2.01, [1149, 2320]
2, 9, 2.01, [645, 975]
3, 0, 2.11, [1230, 1350]
3, 1, 2.09, [1350, 1417]
3, 2, 2.07, [576, 788]
3, 3, 2.05, [576, 775]
3, 4, 2.05, [1125, 695]
3, 5, 2.03, [521, 1350]
3, 6, 2.02, [1350, 1226]
3, 7, 2.01, [2171, 1767]
3, 8, 2.01, [326, 788]
3, 9, 2.0, [1230, 1131]
4, 0, 2.11, [1230, 1350]
4, 1, 2.1, [1332, 1350]
4, 2, 2.09, [1350, 1417]
4, 3, 2.06, [1350, 1442]
4, 4, 2.06, [576, 1328]
4, 5, 2.05, [1247, 1417]
4, 6, 2.05, [788, 1350]
4, 7, 2.04, [1430, 1407]
4, 8, 2.03, [1226, 1350]
4, 9, 2.03, [1068, 1351]
5, 0, 2.11, [1350, 1990]
5, 1, 2.11, [1230, 1350]
5, 2, 2.1, [1332, 1350]
5, 3, 2.06, [1417, 1350]
5, 4, 2.06, [1350, 788]
5, 5, 2.04, [576, 1417]
5, 6, 2.04, [2320, 1223]
5, 7, 2.03, [2320, 2377]
5, 8, 2.03, [1230, 320]
5, 9, 2.02, [1332, 1279]
6, 0, 2.11, [1350, 1990]
6, 1, 2.11, [1230, 1350]
6, 2, 2.06, [140, 1350]
6, 3, 2.04, [1827, 585]
6, 4, 2.03, [695, 1091]
6, 5, 2.03, [1149, 326]
6, 6, 2.03, [1025, 326]
6, 7, 2.02, [320, 785]
6, 8, 2.01, [1125, 1990]
6, 9, 2.01, [140, 4227]
7, 0, 2.11, [1350, 1990]
7, 1, 2.11, [1230, 1350]
7, 2, 2.06, [1332, 1350]
7, 3, 2.03, [140, 697]
7, 4, 2.03, [1935, 717]
7, 5, 2.03, [751, 585]
7, 6, 2.02, [1146, 695]
7, 7, 2.02, [1230, 140]
7, 8, 2.01, [1230, 1223]
7, 9, 2.01, [1149, 1146]
8, 0, 2.11, [1350, 1990]
8, 1, 2.11, [1230, 1350]
8, 2, 2.1, [1350, 775]
8, 3, 2.07, [1350, 751]
8, 4, 2.06, [1287, 1350]
8, 5, 2.05, [1350, 1146]
8, 6, 2.05, [140, 749]
8, 7, 2.04, [1424, 1425]
8, 8, 2.04, [1020, 785]
8, 9, 2.01, [1230, 1403]
9, 0, 2.19, [1332, 1509]
9, 1, 2.12, [1509, 1279]
9, 2, 2.11, [1350, 1990]
9, 3, 2.11, [1230, 1350]
9, 4, 2.08, [695, 1350]
9, 5, 2.05, [1425, 905]
9, 6, 2.03, [585, 1078]
9, 7, 2.02, [1403, 1935]
9, 8, 2.02, [1230, 775]
9, 9, 2.01, [1279, 695]
10, 0, 2.19, [1332, 1509]
10, 1, 2.14, [749, 1509]
10, 2, 2.12, [1509, 1279]
10, 3, 2.07, [1350, 1407]
10, 4, 2.07, [1058, 1350]
10, 5, 2.05, [1332, 751]
10, 6, 2.05, [1480, 1442]
10, 7, 2.03, [785, 975]
10, 8, 2.03, [1332, 1350]
10, 9, 2.03, [695, 1287]
