num_genrations,diversity,improvement,best_fitness
0,0.9999015748031496,0,27.43852623798846
1,0.9797490157480315,0.05877447933582729,29.051211331368666
2,0.9219242125984252,0.2012068707581594,34.89651465508734
3,0.8721948818897638,0.1958696480936758,41.731682700275094
4,0.8119586614173229,0.35314630286743826,56.469072158314276
5,0.7679379921259842,0.26533035667274557,71.45203121505881
6,0.7021899606299212,0.04609752075217915,74.74579270678034
7,0.5896653543307084,0.03897984725558492,77.65937228948825
8,0.43457185039370094,0.5168790909873674,117.79987804512848
9,0.41902066929133874,0.0,117.79987804512848
10,0.3992372047244096,0.0,117.79987804512848
