n_nodes,influence,n0,n1,n2,n3,n4
5,31.8900,834,547,373,190,7479
5,31.8000,834,547,373,190,7479
5,31.8000,834,547,373,190,7479
5,31.1200,834,547,373,190,7479
5,30.9500,834,547,373,4455,190
5,30.6600,834,547,373,4455,190
5,30.5700,834,547,373,190,7479
5,30.5700,834,547,373,4455,190
5,30.5700,834,547,373,4455,190
5,30.5700,834,547,373,4455,190
5,30.5700,834,547,373,4455,190
5,30.5700,834,547,373,4455,190
5,30.5700,834,547,373,4455,190
5,30.5700,834,547,373,4455,190
5,30.5700,834,547,373,4455,190
5,30.5700,834,547,373,4455,190
