generation number, pop_size, worst, best, median, avg, std, diversity, improvement, number_of_selections
0, 10, 2.0, 2.16, 2.0149999999999997, 2.0389999999999993, 0.05008991914547285,1.0,0,[1.e-300]
1, 10, 2.0, 2.16, 2.03, 2.0519999999999996, 0.0501597448159379,0.9555555555555556,0.0,[1.e-300]
2, 10, 2.01, 2.16, 2.03, 2.066, 0.062321745803531656,0.9111111111111111,0.0,[1.e-300]
3, 10, 2.0, 2.16, 2.02, 2.05, 0.06164414002968984,0.9666666666666667,0.0,[1.e-300]
4, 10, 2.02, 2.16, 2.05, 2.075, 0.05426785420486058,0.9333333333333333,0.0,[1.e-300]
5, 10, 2.02, 2.18, 2.115, 2.105, 0.054451813560247996,0.7000000000000001,0.009259259259259267,[1.e-300]
6, 10, 2.0, 2.18, 2.065, 2.081, 0.0647224845011377,0.8777777777777778,0.0,[1.e-300]
7, 10, 2.0, 2.18, 2.045, 2.068, 0.06368673331236276,0.9333333333333333,0.0,[1.e-300]
8, 10, 2.01, 2.18, 2.02, 2.0509999999999997, 0.060737138556240966,0.9333333333333333,0.0,[1.e-300]
9, 10, 2.0, 2.18, 2.025, 2.0479999999999996, 0.06193545026880821,0.9666666666666667,0.0,[1.e-300]
10, 10, 2.01, 2.18, 2.09, 2.0849999999999995, 0.06119640512317707,0.8777777777777778,0.0,[1.e-300]
