generation number, pop_size, worst, best, median, avg, std, diversity, improvement, number_of_selections
0, 10, 7.08, 16.21, 12.735, 12.208, 3.2676652215305046,0.9851851851851852,0,[1.e-300]
1, 10, 9.27, 19.15, 16.185000000000002, 14.583000000000002, 3.4799024411612463,0.8444444444444444,0.18136952498457728,[10.]
2, 10, 10.0, 19.74, 17.725, 16.191, 3.328745859929832,0.7185185185185186,0.030809399477806785,[20.]
3, 10, 9.46, 19.74, 14.795, 14.753, 3.1829233418353002,0.8148148148148149,0.0,[30.]
4, 10, 11.72, 19.99, 15.36, 16.3, 2.8782564166522753,0.7851851851851852,0.012664640324214793,[40.]
5, 10, 10.86, 22.57, 13.425, 15.148000000000001, 3.9449760455546494,0.8148148148148148,0.12906453226613318,[50.]
6, 10, 12.72, 24.71, 16.935, 17.769, 4.298558944576659,0.7407407407407407,0.09481612760301288,[60.]
7, 10, 12.54, 26.32, 22.075000000000003, 20.323, 4.850995877136983,0.7111111111111111,0.06515580736543906,[70.]
8, 10, 13.19, 26.95, 22.35, 21.368000000000002, 4.559422770483123,0.6666666666666667,0.02393617021276592,[80.]
9, 10, 12.24, 26.95, 19.595, 19.645, 6.361731289515458,0.8148148148148149,0.0,[90.]
10, 10, 13.95, 26.95, 16.61, 18.723999999999997, 4.732355016268327,0.8148148148148149,0.0,[100.]
