generation number, individual number, fitness, candidate
0, 0, 2.07, [934, 656]
0, 1, 2.05, [990, 1543]
0, 2, 2.03, [1540, 1555]
0, 3, 2.01, [1138, 495]
0, 4, 2.01, [1157, 1569]
0, 5, 2.01, [487, 656]
0, 6, 2.01, [831, 873]
0, 7, 2.0, [3639, 2341]
0, 8, 2.0, [662, 635]
0, 9, 2.0, [545, 1045]
1, 0, 2.07, [934, 656]
1, 1, 2.05, [990, 1555]
1, 2, 2.05, [990, 1543]
1, 3, 2.04, [1540, 1414]
1, 4, 2.03, [990, 841]
1, 5, 2.02, [1540, 816]
1, 6, 2.02, [1381, 656]
1, 7, 2.02, [2667, 1543]
1, 8, 2.01, [798, 1555]
1, 9, 2.01, [3147, 1394]
2, 0, 2.07, [934, 656]
2, 1, 2.05, [990, 1555]
2, 2, 2.04, [1394, 1347]
2, 3, 2.03, [780, 873]
2, 4, 2.03, [697, 247]
2, 5, 2.02, [809, 1289]
2, 6, 2.01, [2667, 1289]
2, 7, 2.01, [798, 1543]
2, 8, 2.01, [990, 816]
2, 9, 2.01, [1394, 1289]
3, 0, 2.07, [934, 656]
3, 1, 2.05, [990, 841]
3, 2, 2.05, [990, 1555]
3, 3, 2.04, [735, 336]
3, 4, 2.04, [1827, 656]
3, 5, 2.02, [1381, 1347]
3, 6, 2.02, [1394, 841]
3, 7, 2.01, [2667, 1555]
3, 8, 2.01, [1003, 1555]
3, 9, 2.01, [850, 336]
4, 0, 2.07, [934, 841]
4, 1, 2.07, [934, 656]
4, 2, 2.06, [934, 841]
4, 3, 2.05, [990, 841]
4, 4, 2.04, [990, 816]
4, 5, 2.03, [934, 816]
4, 6, 2.02, [1003, 656]
4, 7, 2.02, [1028, 1289]
4, 8, 2.01, [1430, 483]
4, 9, 2.01, [798, 336]
5, 0, 2.07, [5117, 339]
5, 1, 2.07, [934, 841]
5, 2, 2.07, [934, 656]
5, 3, 2.03, [990, 964]
5, 4, 2.03, [2667, 841]
5, 5, 2.01, [216, 1569]
5, 6, 2.01, [1514, 716]
5, 7, 2.01, [990, 339]
5, 8, 2.0, [1509, 1028]
5, 9, 2.0, [429, 1025]
6, 0, 2.07, [5117, 339]
6, 1, 2.07, [934, 841]
6, 2, 2.05, [3, 841]
6, 3, 2.03, [1430, 2846]
6, 4, 2.02, [970, 841]
6, 5, 2.02, [495, 339]
6, 6, 2.02, [336, 339]
6, 7, 2.01, [831, 841]
6, 8, 2.01, [691, 78]
6, 9, 2.0, [2667, 339]
7, 0, 2.1, [5117, 2436]
7, 1, 2.08, [5117, 339]
7, 2, 2.07, [5117, 339]
7, 3, 2.07, [934, 841]
7, 4, 2.03, [216, 816]
7, 5, 2.02, [3, 339]
7, 6, 2.02, [2667, 841]
7, 7, 2.01, [1141, 1028]
7, 8, 2.01, [786, 339]
7, 9, 2.0, [1509, 1289]
8, 0, 2.1, [5117, 2436]
8, 1, 2.08, [5117, 339]
8, 2, 2.03, [1289, 2436]
8, 3, 2.03, [834, 1219]
8, 4, 2.01, [731, 2846]
8, 5, 2.0, [98, 339]
8, 6, 2.0, [635, 666]
8, 7, 2.0, [751, 2846]
8, 8, 2.0, [1219, 735]
8, 9, 2.0, [691, 339]
9, 0, 2.1, [5117, 2436]
9, 1, 2.08, [5117, 339]
9, 2, 2.03, [841, 1219]
9, 3, 2.03, [1381, 2032]
9, 4, 2.02, [487, 798]
9, 5, 2.02, [429, 662]
9, 6, 2.01, [905, 819]
9, 7, 2.01, [1967, 2667]
9, 8, 2.01, [834, 2032]
9, 9, 2.0, [666, 902]
10, 0, 2.1, [5117, 2436]
10, 1, 2.08, [5117, 339]
10, 2, 2.05, [1567, 1555]
10, 3, 2.02, [834, 2436]
10, 4, 2.02, [905, 2032]
10, 5, 2.02, [1289, 2436]
10, 6, 2.01, [1347, 850]
10, 7, 2.01, [1141, 834]
10, 8, 2.0, [1289, 735]
10, 9, 2.0, [587, 691]
11, 0, 2.1, [5117, 2436]
11, 1, 2.08, [5117, 339]
11, 2, 2.04, [495, 1543]
11, 3, 2.03, [3, 2436]
11, 4, 2.02, [1289, 666]
11, 5, 2.01, [731, 964]
11, 6, 2.01, [1414, 1225]
11, 7, 2.01, [1141, 1569]
11, 8, 2.01, [690, 1567]
11, 9, 2.0, [2490, 873]
12, 0, 2.12, [1514, 5117]
12, 1, 2.1, [5117, 2436]
12, 2, 2.08, [934, 902]
12, 3, 2.08, [5117, 339]
12, 4, 2.05, [5117, 1967]
12, 5, 2.04, [1029, 1543]
12, 6, 2.02, [1574, 1567]
12, 7, 2.0, [483, 339]
12, 8, 2.0, [635, 339]
12, 9, 2.0, [3, 339]
13, 0, 2.12, [1514, 5117]
13, 1, 2.11, [5117, 1419]
13, 2, 2.1, [5117, 2436]
13, 3, 2.04, [841, 731]
13, 4, 2.04, [2340, 1827]
13, 5, 2.03, [2340, 1141]
13, 6, 2.02, [1514, 1048]
13, 7, 2.02, [2436, 1029]
13, 8, 2.0, [1603, 1514]
13, 9, 2.0, [1569, 1580]
14, 0, 2.12, [1514, 5117]
14, 1, 2.11, [5117, 1419]
14, 2, 2.1, [5117, 850]
14, 3, 2.05, [2340, 3]
14, 4, 2.04, [336, 711]
14, 5, 2.03, [2340, 1347]
14, 6, 2.02, [662, 1555]
14, 7, 2.01, [974, 3639]
14, 8, 2.01, [711, 1827]
14, 9, 2.0, [1229, 735]
15, 0, 2.12, [1514, 5117]
15, 1, 2.11, [5117, 1419]
15, 2, 2.04, [2340, 850]
15, 3, 2.03, [450, 850]
15, 4, 2.03, [716, 1569]
15, 5, 2.02, [1567, 711]
15, 6, 2.02, [1394, 964]
15, 7, 2.02, [1514, 809]
15, 8, 2.01, [1378, 587]
15, 9, 2.0, [545, 2667]
16, 0, 2.14, [1157, 5117]
16, 1, 2.12, [1514, 5117]
16, 2, 2.11, [476, 5117]
16, 3, 2.11, [5117, 1419]
16, 4, 2.09, [785, 5117]
16, 5, 2.05, [834, 819]
16, 6, 2.03, [2032, 1289]
16, 7, 2.01, [816, 1574]
16, 8, 2.01, [1514, 735]
16, 9, 2.0, [1419, 1569]
17, 0, 2.14, [1157, 5117]
17, 1, 2.12, [1514, 5117]
17, 2, 2.07, [3639, 5117]
17, 3, 2.06, [902, 934]
17, 4, 2.04, [1229, 934]
17, 5, 2.03, [1414, 831]
17, 6, 2.02, [902, 2846]
17, 7, 2.02, [656, 1419]
17, 8, 2.0, [1574, 429]
17, 9, 2.0, [1157, 831]
18, 0, 2.14, [1157, 5117]
18, 1, 2.12, [1514, 5117]
18, 2, 2.08, [3639, 5117]
18, 3, 2.03, [694, 970]
18, 4, 2.02, [1157, 1514]
18, 5, 2.02, [780, 1353]
18, 6, 2.01, [1514, 786]
18, 7, 2.0, [711, 1029]
18, 8, 2.0, [216, 798]
18, 9, 2.0, [1414, 247]
19, 0, 2.14, [1157, 5117]
19, 1, 2.12, [1514, 5117]
19, 2, 2.1, [3639, 5117]
19, 3, 2.07, [934, 1347]
19, 4, 2.03, [1414, 609]
19, 5, 2.02, [798, 1141]
19, 6, 2.01, [3, 751]
19, 7, 2.01, [429, 2340]
19, 8, 2.0, [662, 1603]
19, 9, 2.0, [1048, 487]
20, 0, 2.14, [1157, 5117]
20, 1, 2.12, [1514, 5117]
20, 2, 2.11, [873, 5117]
20, 3, 2.08, [798, 5117]
20, 4, 2.02, [656, 970]
20, 5, 2.02, [3639, 1555]
20, 6, 2.02, [1555, 694]
20, 7, 2.02, [675, 1289]
20, 8, 2.01, [798, 495]
20, 9, 2.0, [1967, 1378]
21, 0, 2.14, [1157, 5117]
21, 1, 2.12, [1514, 5117]
21, 2, 2.04, [990, 3639]
21, 3, 2.01, [1141, 2032]
21, 4, 2.01, [834, 1509]
21, 5, 2.01, [731, 816]
21, 6, 2.01, [873, 831]
21, 7, 2.0, [798, 1048]
21, 8, 2.0, [831, 545]
21, 9, 2.0, [3639, 691]
22, 0, 2.14, [1157, 5117]
22, 1, 2.12, [1514, 5117]
22, 2, 2.1, [1381, 5117]
22, 3, 2.07, [1381, 5117]
22, 4, 2.07, [922, 5117]
22, 5, 2.04, [1157, 2032]
22, 6, 2.02, [1157, 1219]
22, 7, 2.02, [476, 3639]
22, 8, 2.01, [1141, 3639]
22, 9, 2.01, [850, 2490]
23, 0, 2.15, [15, 5117]
23, 1, 2.14, [1157, 5117]
23, 2, 2.12, [1514, 5117]
23, 3, 2.11, [2340, 5117]
23, 4, 2.09, [1025, 5117]
23, 5, 2.04, [545, 841]
23, 6, 2.02, [834, 873]
23, 7, 2.02, [656, 662]
23, 8, 2.0, [990, 1394]
23, 9, 2.0, [798, 2490]
24, 0, 2.15, [15, 5117]
24, 1, 2.14, [1157, 5117]
24, 2, 2.09, [98, 520]
24, 3, 2.09, [834, 5117]
24, 4, 2.04, [1414, 439]
24, 5, 2.03, [1141, 216]
24, 6, 2.02, [662, 751]
24, 7, 2.02, [15, 336]
24, 8, 2.02, [3639, 816]
24, 9, 2.01, [902, 1219]
25, 0, 2.16, [2340, 5117]
25, 1, 2.15, [15, 5117]
25, 2, 2.14, [1157, 5117]
25, 3, 2.09, [3639, 5117]
25, 4, 2.07, [2340, 3]
25, 5, 2.04, [1414, 990]
25, 6, 2.03, [834, 697]
25, 7, 2.03, [1289, 841]
25, 8, 2.03, [731, 970]
25, 9, 2.01, [15, 834]
26, 0, 2.16, [2340, 5117]
26, 1, 2.15, [15, 5117]
26, 2, 2.13, [1229, 5117]
26, 3, 2.09, [1025, 5117]
26, 4, 2.07, [2340, 964]
26, 5, 2.04, [1514, 741]
26, 6, 2.03, [662, 905]
26, 7, 2.02, [336, 450]
26, 8, 2.02, [450, 691]
26, 9, 2.0, [691, 1138]
27, 0, 2.16, [2340, 5117]
27, 1, 2.15, [15, 5117]
27, 2, 2.12, [841, 5117]
27, 3, 2.06, [841, 2070]
27, 4, 2.04, [2340, 970]
27, 5, 2.02, [751, 711]
27, 6, 2.02, [675, 1141]
27, 7, 2.01, [2340, 1603]
27, 8, 2.0, [905, 1048]
27, 9, 2.0, [902, 2341]
28, 0, 2.16, [2340, 5117]
28, 1, 2.15, [15, 5117]
28, 2, 2.09, [841, 905]
28, 3, 2.03, [2340, 905]
28, 4, 2.02, [15, 336]
28, 5, 2.02, [2340, 873]
28, 6, 2.01, [1003, 439]
28, 7, 2.01, [1028, 710]
28, 8, 2.0, [1028, 710]
28, 9, 2.0, [1394, 1509]
29, 0, 2.23, [339, 5117]
29, 1, 2.16, [2340, 5117]
29, 2, 2.15, [15, 5117]
29, 3, 2.04, [2340, 710]
29, 4, 2.04, [2340, 495]
29, 5, 2.03, [1157, 905]
29, 6, 2.01, [841, 831]
29, 7, 2.01, [2340, 710]
29, 8, 2.01, [710, 439]
29, 9, 2.0, [841, 905]
30, 0, 2.23, [339, 5117]
30, 1, 2.16, [2340, 5117]
30, 2, 2.08, [697, 5117]
30, 3, 2.06, [841, 1219]
30, 4, 2.02, [339, 1574]
30, 5, 2.01, [2340, 78]
30, 6, 2.01, [780, 2490]
30, 7, 2.0, [731, 2490]
30, 8, 2.0, [336, 1028]
30, 9, 2.0, [850, 751]
31, 0, 2.23, [339, 5117]
31, 1, 2.16, [2340, 5117]
31, 2, 2.13, [1157, 5117]
31, 3, 2.08, [2846, 520]
31, 4, 2.07, [2340, 1219]
31, 5, 2.04, [339, 716]
31, 6, 2.04, [3147, 1827]
31, 7, 2.02, [809, 1157]
31, 8, 2.01, [1138, 429]
31, 9, 2.0, [339, 1540]
32, 0, 2.3, [520, 5117]
32, 1, 2.23, [339, 5117]
32, 2, 2.16, [2340, 5117]
32, 3, 2.13, [1157, 5117]
32, 4, 2.03, [2340, 964]
32, 5, 2.03, [2340, 1029]
32, 6, 2.01, [1509, 974]
32, 7, 2.01, [1219, 1569]
32, 8, 2.0, [819, 1378]
32, 9, 2.0, [3639, 1603]
33, 0, 2.3, [520, 5117]
33, 1, 2.23, [339, 5117]
33, 2, 2.17, [716, 5117]
33, 3, 2.16, [520, 3]
33, 4, 2.14, [520, 336]
33, 5, 2.08, [247, 5117]
33, 6, 2.04, [656, 711]
33, 7, 2.02, [3639, 1567]
33, 8, 2.02, [78, 247]
33, 9, 2.01, [587, 1378]
34, 0, 2.3, [520, 5117]
34, 1, 2.23, [339, 5117]
34, 2, 2.13, [520, 1141]
34, 3, 2.12, [990, 5117]
34, 4, 2.04, [964, 691]
34, 5, 2.03, [1509, 1414]
34, 6, 2.03, [1025, 1540]
34, 7, 2.02, [786, 841]
34, 8, 2.01, [98, 711]
34, 9, 2.01, [1967, 711]
35, 0, 2.3, [520, 5117]
35, 1, 2.23, [339, 5117]
35, 2, 2.16, [495, 5117]
35, 3, 2.11, [520, 3639]
35, 4, 2.07, [520, 873]
35, 5, 2.05, [339, 970]
35, 6, 2.04, [476, 841]
35, 7, 2.02, [964, 970]
35, 8, 2.02, [2436, 2340]
35, 9, 2.01, [819, 990]
36, 0, 2.3, [520, 5117]
36, 1, 2.23, [339, 5117]
36, 2, 2.12, [520, 831]
36, 3, 2.12, [216, 5117]
36, 4, 2.08, [2490, 5117]
36, 5, 2.03, [905, 841]
36, 6, 2.03, [1289, 934]
36, 7, 2.02, [495, 1509]
36, 8, 2.02, [697, 3]
36, 9, 2.0, [1229, 974]
37, 0, 2.3, [520, 5117]
37, 1, 2.23, [339, 5117]
37, 2, 2.12, [735, 520]
37, 3, 2.08, [520, 2032]
37, 4, 2.06, [520, 1567]
37, 5, 2.03, [710, 1347]
37, 6, 2.02, [1574, 1394]
37, 7, 2.02, [78, 786]
37, 8, 2.02, [716, 1580]
37, 9, 2.01, [339, 694]
38, 0, 2.3, [520, 5117]
38, 1, 2.23, [339, 5117]
38, 2, 2.13, [1414, 5117]
38, 3, 2.13, [520, 15]
38, 4, 2.1, [716, 5117]
38, 5, 2.02, [922, 2436]
38, 6, 2.01, [710, 2032]
38, 7, 2.0, [735, 216]
38, 8, 2.0, [735, 2032]
38, 9, 2.0, [1580, 1225]
39, 0, 2.3, [520, 5117]
39, 1, 2.23, [339, 5117]
39, 2, 2.1, [520, 1574]
39, 3, 2.09, [990, 934]
39, 4, 2.09, [1229, 5117]
39, 5, 2.07, [439, 336]
39, 6, 2.05, [2032, 1414]
39, 7, 2.04, [1414, 1574]
39, 8, 2.02, [15, 1219]
39, 9, 2.01, [711, 450]
40, 0, 2.3, [520, 5117]
40, 1, 2.23, [339, 5117]
40, 2, 2.13, [247, 5117]
40, 3, 2.11, [3639, 520]
40, 4, 2.11, [520, 609]
40, 5, 2.11, [520, 1029]
40, 6, 2.09, [520, 1378]
40, 7, 2.03, [1025, 834]
40, 8, 2.02, [635, 1025]
40, 9, 2.01, [710, 483]
41, 0, 2.3, [520, 5117]
41, 1, 2.23, [339, 5117]
41, 2, 2.15, [520, 716]
41, 3, 2.11, [520, 609]
41, 4, 2.11, [520, 1419]
41, 5, 2.11, [741, 5117]
41, 6, 2.03, [662, 3]
41, 7, 2.01, [339, 1540]
41, 8, 2.01, [1569, 786]
41, 9, 2.0, [735, 2341]
42, 0, 2.3, [520, 5117]
42, 1, 2.23, [339, 5117]
42, 2, 2.12, [1540, 5117]
42, 3, 2.03, [1347, 450]
42, 4, 2.03, [339, 785]
42, 5, 2.03, [1569, 336]
42, 6, 2.02, [1289, 922]
42, 7, 2.02, [15, 2340]
42, 8, 2.02, [98, 2846]
42, 9, 2.0, [819, 798]
43, 0, 2.3, [520, 5117]
43, 1, 2.23, [339, 5117]
43, 2, 2.16, [2340, 5117]
43, 3, 2.08, [520, 1157]
43, 4, 2.06, [1555, 5117]
43, 5, 2.02, [429, 1138]
43, 6, 2.02, [476, 741]
43, 7, 2.02, [785, 1353]
43, 8, 2.01, [694, 809]
43, 9, 2.01, [339, 587]
44, 0, 2.3, [520, 5117]
44, 1, 2.23, [339, 5117]
44, 2, 2.16, [520, 3]
44, 3, 2.12, [5117, 1378]
44, 4, 2.09, [520, 336]
44, 5, 2.09, [520, 1574]
44, 6, 2.06, [1157, 785]
44, 7, 2.05, [1045, 5117]
44, 8, 2.02, [841, 429]
44, 9, 2.02, [15, 873]
45, 0, 2.3, [520, 5117]
45, 1, 2.23, [339, 5117]
45, 2, 2.18, [5117, 1540]
45, 3, 2.13, [520, 690]
45, 4, 2.11, [495, 5117]
45, 5, 2.09, [520, 922]
45, 6, 2.03, [476, 2846]
45, 7, 2.01, [2846, 483]
45, 8, 2.01, [831, 3]
45, 9, 2.01, [336, 2341]
46, 0, 2.3, [520, 5117]
46, 1, 2.23, [339, 5117]
46, 2, 2.12, [990, 5117]
46, 3, 2.08, [1025, 520]
46, 4, 2.03, [2340, 785]
46, 5, 2.03, [841, 1378]
46, 6, 2.02, [731, 98]
46, 7, 2.0, [3, 2032]
46, 8, 2.0, [476, 850]
46, 9, 2.0, [809, 609]
47, 0, 2.3, [520, 5117]
47, 1, 2.23, [339, 5117]
47, 2, 2.17, [1003, 5117]
47, 3, 2.11, [2341, 5117]
47, 4, 2.08, [429, 5117]
47, 5, 2.04, [934, 1289]
47, 6, 2.04, [990, 1567]
47, 7, 2.02, [339, 1567]
47, 8, 2.01, [1045, 816]
47, 9, 2.0, [2490, 785]
48, 0, 2.3, [520, 5117]
48, 1, 2.23, [339, 5117]
48, 2, 2.03, [2340, 1555]
48, 3, 2.03, [98, 786]
48, 4, 2.03, [1025, 970]
48, 5, 2.03, [339, 1574]
48, 6, 2.02, [1048, 1414]
48, 7, 2.01, [1229, 809]
48, 8, 2.01, [834, 1394]
48, 9, 2.0, [1967, 1419]
49, 0, 2.3, [520, 5117]
49, 1, 2.23, [339, 5117]
49, 2, 2.18, [662, 5117]
49, 3, 2.17, [2340, 5117]
49, 4, 2.09, [3, 5117]
49, 5, 2.05, [2340, 970]
49, 6, 2.02, [819, 1003]
49, 7, 2.02, [1967, 974]
49, 8, 2.01, [339, 1555]
49, 9, 2.01, [710, 697]
50, 0, 2.3, [520, 5117]
50, 1, 2.23, [339, 5117]
50, 2, 2.09, [1219, 5117]
50, 3, 2.08, [675, 5117]
50, 4, 2.04, [339, 487]
50, 5, 2.03, [495, 1414]
50, 6, 2.01, [1414, 831]
50, 7, 2.01, [1430, 1157]
50, 8, 2.0, [635, 731]
50, 9, 2.0, [711, 1025]
