n_nodes,influence,n0,n1,n2,n3,n4,n5,n6,n7,n8,n9,n10,n11,n12,n13,n14,n15,n16,n17,n18,n19,n20
21,1441.4100,2180,395,3596,1172,5543,6940,36,3258,955,5185,5697,5187,7879,3788,2381,2766,1894,1511,2926,3189,118
21,1407.9300,2180,3596,395,1172,3348,6940,36,3258,955,5185,5697,5187,7879,3788,2381,2766,1894,1511,2926,3189,118
21,1407.9300,2180,3596,395,1172,3348,6940,36,3258,955,5185,5697,5187,7879,3788,2381,2766,1894,1511,2926,3189,118
21,1407.9300,2180,3596,395,1172,3348,6940,36,3258,955,5185,5697,5187,7879,3788,2381,2766,1894,1511,2926,3189,118
21,1407.9300,2180,3596,395,1172,3348,6940,36,3258,955,5185,5697,5187,7879,3788,2381,2766,1894,1511,2926,3189,118
21,1407.9300,2180,3596,395,1172,3348,6940,36,3258,955,5185,5697,5187,7879,3788,2381,2766,1894,1511,2926,3189,118
21,1407.9300,2180,3596,395,1172,3348,6940,36,3258,955,5185,5697,5187,7879,3788,2381,2766,1894,1511,2926,3189,118
21,1407.9300,2180,3596,395,1172,3348,6940,36,3258,955,5185,5697,5187,7879,3788,2381,2766,1894,1511,2926,3189,118
21,1407.9300,2180,3596,395,1172,3348,6940,36,3258,955,5185,5697,5187,7879,3788,2381,2766,1894,1511,2926,3189,118
21,1407.9300,2180,3596,395,1172,3348,6940,36,3258,955,5185,5697,5187,7879,3788,2381,2766,1894,1511,2926,3189,118
21,1407.9300,2180,3596,395,1172,3348,6940,36,3258,955,5185,5697,5187,7879,3788,2381,2766,1894,1511,2926,3189,118
21,1407.9300,2180,3596,395,1172,3348,6940,36,3258,955,5185,5697,5187,7879,3788,2381,2766,1894,1511,2926,3189,118
21,1407.9300,2180,3596,395,1172,3348,6940,36,3258,955,5185,5697,5187,7879,3788,2381,2766,1894,1511,2926,3189,118
21,1407.9300,2180,3596,395,1172,3348,6940,36,3258,955,5185,5697,5187,7879,3788,2381,2766,1894,1511,2926,3189,118
21,1407.9300,2180,3596,395,1172,3348,6940,36,3258,955,5185,5697,5187,7879,3788,2381,2766,1894,1511,2926,3189,118
21,1407.9300,2180,3596,395,1172,3348,6940,36,3258,955,5185,5697,5187,7879,3788,2381,2766,1894,1511,2926,3189,118
