n_nodes,influence,n0,n1,n2,n3,n4,n5,n6,n7,n8,n9
10,32.4500,867,394,776,911,430,41,684,988,523,497
10,32.4500,867,394,776,911,430,41,684,988,523,497
10,32.4500,867,394,776,911,430,41,684,988,523,497
10,32.4500,867,394,776,911,430,41,684,988,523,497
10,32.4500,867,394,776,911,430,41,684,988,523,497
10,32.4500,867,394,776,911,430,41,684,988,523,497
10,32.4500,867,394,776,911,430,41,684,988,523,497
10,32.4500,867,394,776,911,430,41,684,988,523,497
10,32.4500,867,394,776,911,430,41,684,988,523,497
10,32.4500,867,394,776,911,430,41,684,988,523,497
10,32.4500,867,394,776,911,430,41,684,988,523,497
10,32.4500,867,394,776,911,430,41,684,988,523,497
10,32.4500,867,394,776,911,430,41,684,988,523,497
10,32.2700,867,776,41,394,523,684,430,911,497,301
10,32.2700,867,776,41,394,523,684,430,911,497,301
10,32.2700,867,776,41,394,523,684,430,911,497,301
