generation number, pop_size, worst, best, median, avg, std, diversity, improvement, number_of_selections
0, 10, 4.19, 9.34, 6.5649999999999995, 6.642, 1.682936718952914,0.9777777777777777,0,[1.e-300]
1, 10, 6.5, 10.27, 8.655, 8.508, 1.139041702485032,0.9555555555555556,0.0995717344753747,[10.]
2, 10, 7.98, 11.59, 9.44, 9.501999999999999, 1.1361232327525037,0.8666666666666667,0.12852969814995135,[20.]
3, 10, 6.28, 11.59, 8.46, 8.925, 1.9874669808577954,0.9222222222222223,0.0,[30.]
4, 10, 7.88, 11.59, 9.375, 9.626000000000001, 1.3166108005025632,0.8333333333333334,0.0,[40.]
5, 10, 6.31, 11.83, 9.879999999999999, 9.791, 1.7186590703219764,0.8333333333333334,0.02070750647109579,[50.]
6, 10, 5.77, 13.29, 10.0, 9.73, 2.519190346123135,0.9333333333333333,0.1234150464919695,[60.]
7, 10, 5.91, 13.29, 8.370000000000001, 8.857, 2.4719508490259265,0.9444444444444444,0.0,[70.]
8, 10, 6.27, 13.29, 9.445, 9.57, 2.2712463538770953,0.9,0.0,[80.]
9, 10, 7.1, 13.29, 10.445, 10.311, 2.229073574380173,0.9111111111111111,0.0,[90.]
10, 10, 6.97, 13.29, 10.17, 9.915000000000001, 2.3561971479483628,0.9333333333333333,0.0,[100.]
