generation number, individual number, fitness, candidate
0, 0, 15.86, [286, 221360, 65899]
0, 1, 13.48, [89, 148118, 80450]
0, 2, 12.49, [56239, 56237, 11388]
0, 3, 9.24, [31634, 144436, 98065]
0, 4, 9.02, [280, 558, 88]
0, 5, 8.63, [144434, 66170, 150654]
0, 6, 8.52, [1062, 66169, 156909]
0, 7, 8.19, [283, 100807, 134362]
0, 8, 7.94, [127089, 67332, 156909]
0, 9, 7.13, [150653, 100807, 149059]
1, 0, 16.15, [282, 221360, 11388]
1, 1, 16.12, [89, 150652, 11388]
1, 2, 15.86, [286, 221360, 65899]
1, 3, 14.62, [66167, 221360, 65899]
1, 4, 14.38, [91277, 11387, 80450]
1, 5, 13.67, [286, 56237, 11387]
1, 6, 13.48, [89, 148118, 80450]
1, 7, 12.32, [56240, 1063, 80450]
1, 8, 12.26, [89, 148118, 65900]
1, 9, 12.11, [56239, 56237, 33297]
2, 0, 16.15, [282, 221360, 11388]
2, 1, 16.12, [89, 150652, 11388]
2, 2, 15.76, [286, 62858, 11388]
2, 3, 15.44, [282, 221360, 33297]
2, 4, 14.57, [286, 66169, 11388]
2, 5, 14.28, [283, 221360, 65899]
2, 6, 13.82, [66171, 221360, 11388]
2, 7, 13.74, [56241, 77358, 11388]
2, 8, 13.47, [282, 90, 11388]
2, 9, 13.46, [11387, 221360, 11388]
3, 0, 16.37, [46, 221360, 11388]
3, 1, 16.19, [89, 62858, 11388]
3, 2, 16.15, [282, 221360, 11388]
3, 3, 16.12, [89, 150652, 11388]
3, 4, 13.76, [11388, 80449, 66167]
3, 5, 13.43, [282, 123523, 11388]
3, 6, 12.96, [123523, 66169, 11388]
3, 7, 12.69, [56239, 33298, 150015]
3, 8, 11.95, [1927, 90, 11388]
3, 9, 10.66, [282, 62858, 100807]
4, 0, 17.29, [89, 33296, 11388]
4, 1, 16.38, [89, 66169, 11388]
4, 2, 16.37, [46, 221360, 11388]
4, 3, 16.19, [89, 62858, 11388]
4, 4, 15.5, [118602, 80449, 11388]
4, 5, 15.11, [284, 62858, 11388]
4, 6, 15.05, [88, 80662, 11388]
4, 7, 14.2, [90, 62858, 11388]
4, 8, 13.89, [1060, 62858, 11388]
4, 9, 13.0, [134362, 62858, 11388]
5, 0, 17.57, [33297, 33296, 11388]
5, 1, 17.29, [89, 33296, 11388]
5, 2, 16.52, [89, 33296, 11387]
5, 3, 16.38, [89, 66169, 11388]
5, 4, 13.75, [89, 66059, 98062]
5, 5, 12.54, [86, 821, 11388]
5, 6, 12.12, [89, 284, 98065]
5, 7, 10.64, [89, 113172, 150015]
5, 8, 9.95, [1061, 66169, 90]
5, 9, 9.79, [46, 150654, 11926]
6, 0, 18.59, [89, 33297, 11388]
6, 1, 17.57, [33297, 33296, 11388]
6, 2, 17.29, [89, 33296, 11388]
6, 3, 17.08, [89, 65897, 11388]
6, 4, 17.04, [33297, 33296, 11388]
6, 5, 16.54, [86, 33296, 11388]
6, 6, 14.79, [33297, 88, 66170]
6, 7, 14.62, [33298, 33296, 11387]
6, 8, 14.27, [89, 33296, 12067]
6, 9, 14.14, [33297, 1061, 148118]
7, 0, 18.59, [89, 33297, 11388]
7, 1, 17.57, [33297, 33296, 11388]
7, 2, 17.34, [65897, 33297, 11388]
7, 3, 17.14, [33297, 91277, 11388]
7, 4, 16.37, [33297, 80656, 150652]
7, 5, 13.22, [89, 33297, 1927]
7, 6, 12.99, [89, 95674, 11388]
7, 7, 11.94, [70638, 65897, 80662]
7, 8, 11.49, [33299, 558, 11388]
7, 9, 10.24, [86, 11926, 66167]
8, 0, 18.59, [89, 33297, 11388]
8, 1, 17.57, [33297, 33296, 11388]
8, 2, 17.4, [283, 33297, 11388]
8, 3, 15.92, [11387, 33297, 284]
8, 4, 14.8, [86, 285, 11388]
8, 5, 12.82, [65897, 33297, 11925]
8, 6, 12.33, [285, 33298, 113173]
8, 7, 12.17, [95674, 33296, 11388]
8, 8, 11.38, [150015, 98063, 127089]
8, 9, 10.07, [66059, 70638, 73703]
9, 0, 19.57, [88, 65899, 11388]
9, 1, 18.81, [283, 65899, 11388]
9, 2, 18.59, [89, 33297, 11388]
9, 3, 17.63, [33297, 286, 11388]
9, 4, 17.57, [33297, 33296, 11388]
9, 5, 13.4, [86, 33297, 65901]
9, 6, 12.78, [33298, 33296, 100140]
9, 7, 11.84, [283, 73703, 56241]
9, 8, 11.61, [286, 113171, 98063]
9, 9, 11.45, [90, 113172, 11388]
10, 0, 19.57, [88, 65899, 11388]
10, 1, 19.07, [89, 33297, 11388]
10, 2, 18.81, [283, 65899, 11388]
10, 3, 17.95, [87, 65899, 11388]
10, 4, 15.61, [88, 285, 11388]
10, 5, 14.13, [283, 33299, 11388]
10, 6, 13.99, [33297, 65899, 73700]
10, 7, 13.86, [89, 70639, 11388]
10, 8, 13.85, [88, 33297, 91276]
10, 9, 12.0, [283, 67332, 11388]
11, 0, 19.57, [88, 65899, 11388]
11, 1, 19.07, [89, 33297, 11388]
11, 2, 18.61, [89, 65899, 11387]
11, 3, 18.55, [86, 65899, 11388]
11, 4, 17.25, [89, 98063, 11388]
11, 5, 17.04, [90, 33297, 11388]
11, 6, 13.76, [88, 33297, 118606]
11, 7, 13.57, [56239, 33299, 11388]
11, 8, 13.5, [283, 70640, 11388]
11, 9, 12.95, [88, 33299, 11387]
12, 0, 19.57, [88, 65899, 11388]
12, 1, 19.07, [89, 33297, 11388]
12, 2, 17.02, [89, 65899, 11925]
12, 3, 16.39, [87, 65899, 11387]
12, 4, 16.16, [278, 33297, 11388]
12, 5, 16.05, [89, 65899, 11925]
12, 6, 14.63, [88, 33297, 12067]
12, 7, 14.54, [89, 70639, 11388]
12, 8, 14.15, [88, 33296, 150655]
12, 9, 13.1, [88, 70639, 11387]
13, 0, 19.57, [88, 65899, 11388]
13, 1, 19.32, [88, 65899, 11388]
13, 2, 19.07, [89, 33297, 11388]
13, 3, 18.33, [89, 65899, 11387]
13, 4, 18.14, [89, 33297, 11387]
13, 5, 17.63, [88, 33297, 11387]
13, 6, 16.97, [280, 65899, 11388]
13, 7, 14.66, [89, 70639, 11388]
13, 8, 14.0, [88, 33297, 11926]
13, 9, 13.83, [279, 90, 11388]
14, 0, 19.57, [88, 65899, 11388]
14, 1, 19.32, [88, 65899, 11388]
14, 2, 18.54, [46, 33297, 11388]
14, 3, 16.64, [88, 148118, 11388]
14, 4, 15.38, [67332, 65899, 11388]
14, 5, 14.53, [88, 65899, 10375]
14, 6, 14.46, [89, 65900, 11388]
14, 7, 13.32, [89, 821, 11388]
14, 8, 12.94, [88, 31634, 12067]
14, 9, 10.96, [33297, 1062, 90]
15, 0, 19.57, [88, 65899, 11388]
15, 1, 19.32, [88, 65899, 11388]
15, 2, 19.27, [88, 33297, 11388]
15, 3, 16.69, [88, 33297, 73700]
15, 4, 14.91, [1927, 65899, 11388]
15, 5, 14.85, [87, 65899, 66167]
15, 6, 13.15, [279, 100807, 11388]
15, 7, 13.1, [144436, 65899, 127089]
15, 8, 11.63, [87893, 285, 11388]
15, 9, 10.67, [221360, 283, 80662]
16, 0, 19.57, [88, 65899, 11388]
16, 1, 19.32, [88, 65899, 11388]
16, 2, 19.09, [46, 65899, 11388]
16, 3, 17.53, [278, 65899, 11388]
16, 4, 14.35, [88, 65899, 11926]
16, 5, 13.2, [98065, 65899, 1063]
16, 6, 12.87, [279, 65899, 10375]
16, 7, 11.1, [65901, 66171, 150654]
16, 8, 11.09, [31634, 280, 279]
16, 9, 10.85, [88, 11926, 62858]
17, 0, 19.57, [88, 65899, 11388]
17, 1, 19.32, [88, 65899, 11388]
17, 2, 14.92, [88, 65899, 11926]
17, 3, 14.15, [88, 70639, 11388]
17, 4, 13.86, [150655, 65899, 127089]
17, 5, 12.99, [279, 65899, 11926]
17, 6, 12.75, [88, 70639, 11387]
17, 7, 9.61, [88, 91276, 281]
17, 8, 8.86, [278, 70639, 11925]
17, 9, 8.72, [70640, 65899, 87893]
18, 0, 19.57, [88, 65899, 11388]
18, 1, 19.32, [88, 65899, 11388]
18, 2, 14.24, [10375, 33297, 11388]
18, 3, 12.87, [284, 286, 11388]
18, 4, 12.81, [10375, 65899, 11387]
18, 5, 12.67, [80450, 282, 86]
18, 6, 11.8, [278, 65899, 113172]
18, 7, 11.71, [65901, 65899, 91276]
18, 8, 10.53, [11926, 148118, 11388]
18, 9, 9.96, [88, 70639, 12067]
19, 0, 19.57, [88, 65899, 11388]
19, 1, 19.32, [88, 65899, 11388]
19, 2, 19.12, [88, 65899, 11388]
19, 3, 17.55, [90, 65899, 11388]
19, 4, 17.03, [278, 33297, 11388]
19, 5, 16.91, [88, 33297, 98065]
19, 6, 15.92, [11387, 65899, 11388]
19, 7, 14.58, [12067, 65899, 11387]
19, 8, 14.52, [46, 286, 11388]
19, 9, 12.41, [88, 56240, 62858]
20, 0, 19.57, [88, 65899, 11388]
20, 1, 19.32, [88, 65899, 11388]
20, 2, 15.34, [150652, 65899, 73700]
20, 3, 14.38, [88, 65899, 118606]
20, 4, 13.91, [12067, 65899, 150015]
20, 5, 13.81, [88, 65899, 134365]
20, 6, 13.78, [278, 65899, 1061]
20, 7, 12.4, [123524, 150653, 33297]
20, 8, 11.47, [88, 31634, 87]
20, 9, 10.67, [31634, 279, 100807]
21, 0, 19.57, [88, 65899, 11388]
21, 1, 19.32, [88, 65899, 11388]
21, 2, 17.55, [150015, 65899, 11388]
21, 3, 16.87, [156909, 65899, 11388]
21, 4, 13.33, [280, 150015, 11388]
21, 5, 11.3, [88, 65900, 73700]
21, 6, 11.25, [66170, 134362, 11388]
21, 7, 10.53, [88, 70639, 73700]
21, 8, 10.34, [278, 11935, 11388]
21, 9, 9.89, [11926, 91276, 11387]
22, 0, 19.57, [88, 65899, 11388]
22, 1, 19.32, [88, 65899, 11388]
22, 2, 17.9, [148118, 65899, 11388]
22, 3, 13.6, [88, 80450, 66167]
22, 4, 13.51, [66059, 65899, 6376]
22, 5, 13.13, [88, 65899, 11935]
22, 6, 13.05, [88, 100141, 70639]
22, 7, 12.19, [285, 65899, 11935]
22, 8, 11.89, [80662, 65899, 113173]
22, 9, 11.72, [150652, 134365, 11388]
23, 0, 19.57, [88, 65899, 11388]
23, 1, 19.32, [88, 65899, 11388]
23, 2, 17.63, [33297, 33296, 11388]
23, 3, 15.86, [90, 89, 11388]
23, 4, 14.63, [88, 87, 11388]
23, 5, 13.52, [80450, 33297, 134362]
23, 6, 12.08, [66169, 65899, 71858]
23, 7, 11.57, [88, 65900, 65897]
23, 8, 10.8, [278, 11387, 12067]
23, 9, 9.5, [88, 70640, 279]
24, 0, 19.57, [88, 65899, 11388]
24, 1, 19.32, [88, 65899, 11388]
24, 2, 15.74, [33297, 70640, 11388]
24, 3, 15.5, [148118, 65899, 66167]
24, 4, 13.83, [88, 33296, 12067]
24, 5, 13.68, [118602, 33296, 150654]
24, 6, 13.34, [90, 87, 11388]
24, 7, 13.14, [86, 127088, 11388]
24, 8, 13.13, [221360, 65897, 100140]
24, 9, 11.58, [46, 65897, 149059]
25, 0, 19.57, [88, 65899, 11388]
25, 1, 19.32, [88, 65899, 11388]
25, 2, 18.24, [127089, 65899, 11388]
25, 3, 15.48, [148118, 65899, 278]
25, 4, 14.86, [88, 113171, 11388]
25, 5, 14.76, [150653, 100141, 11388]
25, 6, 14.72, [88, 86, 11388]
25, 7, 14.71, [77358, 65899, 118602]
25, 8, 14.07, [278, 65899, 66167]
25, 9, 11.5, [88, 56237, 11925]
26, 0, 19.57, [88, 65899, 11388]
26, 1, 19.32, [88, 65899, 11388]
26, 2, 16.48, [88, 33297, 80656]
26, 3, 15.01, [80656, 65899, 91276]
26, 4, 14.31, [88, 65899, 134362]
26, 5, 13.57, [80662, 65899, 100141]
26, 6, 13.49, [127089, 65900, 11388]
26, 7, 12.43, [127089, 65899, 1927]
26, 8, 12.01, [88, 73700, 12067]
26, 9, 11.57, [88, 91277, 118606]
27, 0, 19.57, [88, 65899, 11388]
27, 1, 19.32, [88, 65899, 11388]
27, 2, 18.66, [80661, 65899, 11388]
27, 3, 17.22, [88, 33297, 11387]
27, 4, 14.94, [80656, 33300, 11388]
27, 5, 14.71, [88, 65899, 118606]
27, 6, 14.1, [279, 65899, 91276]
27, 7, 12.38, [134362, 65899, 91276]
27, 8, 12.06, [95674, 66059, 11388]
27, 9, 11.45, [11925, 90, 11388]
28, 0, 19.57, [88, 65899, 11388]
28, 1, 19.32, [88, 65899, 11388]
28, 2, 17.32, [90, 33297, 11388]
28, 3, 16.91, [100140, 65899, 11387]
28, 4, 14.84, [62858, 283, 11388]
28, 5, 14.71, [80661, 65899, 11925]
28, 6, 14.0, [88, 70639, 11388]
28, 7, 12.76, [88, 134365, 11388]
28, 8, 12.65, [80656, 86, 11925]
28, 9, 8.81, [80662, 134362, 31634]
29, 0, 19.65, [88, 65899, 11388]
29, 1, 19.57, [88, 65899, 11388]
29, 2, 19.32, [88, 65899, 11388]
29, 3, 17.4, [150015, 65899, 11388]
29, 4, 16.73, [56239, 65899, 11387]
29, 5, 16.68, [156909, 65899, 11388]
29, 6, 15.87, [1060, 33297, 11388]
29, 7, 13.3, [281, 65901, 11388]
29, 8, 9.47, [127088, 87893, 11388]
29, 9, 8.93, [65901, 10375, 12067]
30, 0, 19.65, [88, 65899, 11388]
30, 1, 19.57, [88, 65899, 11388]
30, 2, 18.78, [46, 65899, 11388]
30, 3, 16.75, [88, 65899, 80661]
30, 4, 14.95, [88, 65899, 149059]
30, 5, 13.73, [56239, 65899, 12067]
30, 6, 12.31, [65901, 65899, 1927]
30, 7, 12.24, [90, 65899, 10375]
30, 8, 11.38, [65901, 80662, 31634]
30, 9, 9.89, [66167, 278, 123523]
31, 0, 19.65, [88, 65899, 11388]
31, 1, 19.57, [88, 65899, 11388]
31, 2, 15.71, [56239, 65899, 80661]
31, 3, 15.25, [285, 65899, 282]
31, 4, 14.21, [56240, 65900, 11388]
31, 5, 13.69, [46, 65899, 6376]
31, 6, 11.69, [113172, 65899, 284]
31, 7, 9.91, [88, 6376, 71858]
31, 8, 9.59, [88, 821, 1060]
31, 9, 8.62, [86, 123524, 144436]
32, 0, 19.65, [88, 65899, 11388]
32, 1, 19.57, [88, 65899, 11388]
32, 2, 15.86, [86, 65899, 282]
32, 3, 15.09, [91277, 56240, 11388]
32, 4, 14.59, [31634, 284, 11388]
32, 5, 14.41, [285, 65899, 11925]
32, 6, 14.16, [56237, 33297, 278]
32, 7, 12.62, [100807, 65899, 11925]
32, 8, 12.4, [88, 56239, 33300]
32, 9, 11.77, [88, 66170, 66059]
33, 0, 19.65, [88, 65899, 11388]
33, 1, 19.57, [88, 65899, 11388]
33, 2, 15.68, [127088, 65899, 11388]
33, 3, 14.81, [279, 73700, 11388]
33, 4, 14.72, [66167, 65899, 73700]
33, 5, 14.34, [279, 73700, 11388]
33, 6, 13.85, [90, 65899, 280]
33, 7, 12.71, [118606, 144434, 11388]
33, 8, 11.89, [156909, 33297, 33298]
33, 9, 11.59, [1060, 65899, 127088]
34, 0, 19.65, [88, 65899, 11388]
34, 1, 19.57, [88, 65899, 11388]
34, 2, 17.27, [88, 56240, 11388]
34, 3, 16.65, [88, 127089, 11388]
34, 4, 15.54, [279, 65899, 148118]
34, 5, 15.27, [46, 73700, 11388]
34, 6, 13.42, [88, 65899, 1927]
34, 7, 12.97, [279, 65899, 134362]
34, 8, 8.87, [149059, 65900, 80661]
34, 9, 8.75, [279, 156909, 70639]
35, 0, 19.65, [88, 65899, 11388]
35, 1, 19.57, [88, 65899, 11388]
35, 2, 17.1, [88, 65899, 127089]
35, 3, 15.28, [88, 65899, 46]
35, 4, 13.43, [279, 156909, 33297]
35, 5, 12.69, [149059, 65899, 66167]
35, 6, 12.15, [31634, 65899, 11926]
35, 7, 11.65, [823, 33297, 558]
35, 8, 9.79, [123523, 70638, 11926]
35, 9, 9.77, [285, 66166, 33300]
36, 0, 19.65, [88, 65899, 11388]
36, 1, 19.57, [88, 65899, 11388]
36, 2, 15.84, [88, 113171, 11388]
36, 3, 15.36, [86, 65899, 65897]
36, 4, 14.44, [90, 65899, 66167]
36, 5, 12.34, [149059, 65899, 11925]
36, 6, 11.8, [88, 56240, 144436]
36, 7, 11.76, [134362, 100140, 11387]
36, 8, 8.95, [90, 87893, 127089]
36, 9, 8.56, [285, 33299, 71858]
37, 0, 19.65, [88, 65899, 11388]
37, 1, 19.57, [88, 65899, 11388]
37, 2, 16.95, [88, 118602, 11388]
37, 3, 16.49, [88, 91277, 11388]
37, 4, 13.9, [118602, 70639, 11388]
37, 5, 13.48, [33300, 65899, 80450]
37, 6, 13.4, [88, 65901, 150652]
37, 7, 11.25, [1063, 33299, 11387]
37, 8, 10.4, [88, 284, 71858]
37, 9, 10.34, [70638, 66171, 134361]
38, 0, 19.65, [88, 65899, 11388]
38, 1, 19.57, [88, 65899, 11388]
38, 2, 15.66, [113173, 80656, 65899]
38, 3, 15.34, [118602, 65899, 11925]
38, 4, 14.77, [88, 65900, 11388]
38, 5, 13.72, [12067, 33297, 73703]
38, 6, 13.5, [150653, 65899, 66059]
38, 7, 12.84, [88, 113172, 11388]
38, 8, 8.98, [88, 70639, 11926]
38, 9, 8.4, [66171, 123524, 1060]
39, 0, 19.65, [88, 65899, 11388]
39, 1, 19.57, [88, 65899, 11388]
39, 2, 16.95, [88, 65899, 80661]
39, 3, 16.58, [66166, 11388, 65899]
39, 4, 16.01, [278, 65899, 11387]
39, 5, 14.95, [118602, 65899, 11925]
39, 6, 14.63, [73703, 65899, 11925]
39, 7, 11.48, [1060, 281, 11388]
39, 8, 11.13, [156909, 77358, 11387]
39, 9, 10.52, [70640, 65899, 149059]
40, 0, 19.65, [88, 65899, 11388]
40, 1, 19.57, [88, 65899, 11388]
40, 2, 19.26, [88, 33297, 11388]
40, 3, 16.91, [88, 65899, 62858]
40, 4, 15.79, [278, 33296, 11388]
40, 5, 15.34, [80449, 65899, 62858]
40, 6, 15.08, [88, 113173, 11388]
40, 7, 15.0, [88, 33296, 56241]
40, 8, 14.36, [90, 148118, 11388]
40, 9, 13.11, [283, 65899, 33298]
41, 0, 19.78, [88, 33297, 11388]
41, 1, 19.65, [88, 65899, 11388]
41, 2, 19.57, [88, 65899, 11388]
41, 3, 15.39, [282, 65897, 11388]
41, 4, 14.19, [123524, 88, 11388]
41, 5, 13.79, [86, 100141, 62858]
41, 6, 13.51, [283, 65899, 11926]
41, 7, 12.52, [31634, 70640, 88]
41, 8, 12.41, [88, 11387, 12067]
41, 9, 12.06, [95674, 65899, 66169]
42, 0, 19.78, [88, 33297, 11388]
42, 1, 19.65, [88, 65899, 11388]
42, 2, 18.0, [86, 33297, 11388]
42, 3, 15.48, [86, 65899, 286]
42, 4, 14.97, [88, 65900, 11388]
42, 5, 14.61, [279, 284, 11388]
42, 6, 13.7, [823, 33298, 11388]
42, 7, 13.13, [1062, 46, 11388]
42, 8, 12.67, [88, 1061, 98063]
42, 9, 12.43, [88, 11926, 70638]
43, 0, 19.78, [88, 33297, 11388]
43, 1, 19.65, [88, 65899, 11388]
43, 2, 16.68, [65901, 33296, 11388]
43, 3, 15.83, [86, 65899, 286]
43, 4, 15.14, [88, 33297, 12067]
43, 5, 14.28, [86, 70640, 11388]
43, 6, 14.21, [282, 150655, 11388]
43, 7, 14.11, [86, 33297, 11925]
43, 8, 13.02, [86, 33297, 33300]
43, 9, 12.73, [86, 100140, 80450]
44, 0, 19.78, [88, 33297, 11388]
44, 1, 19.65, [88, 65899, 11388]
44, 2, 15.2, [11388, 33297, 67332]
44, 3, 14.34, [88, 33297, 90]
44, 4, 14.32, [80661, 150655, 11388]
44, 5, 14.13, [88, 821, 11388]
44, 6, 12.6, [88, 66169, 100140]
44, 7, 11.23, [279, 33298, 156909]
44, 8, 11.13, [88, 65900, 33298]
44, 9, 10.5, [278, 156909, 80661]
45, 0, 19.8, [88, 65899, 11388]
45, 1, 19.78, [88, 33297, 11388]
45, 2, 19.65, [88, 65899, 11388]
45, 3, 16.46, [88, 56239, 11388]
45, 4, 15.36, [91277, 33297, 73703]
45, 5, 14.52, [88, 33297, 11926]
45, 6, 13.3, [279, 156909, 11388]
45, 7, 10.27, [88, 91276, 118606]
45, 8, 9.54, [88, 144436, 283]
45, 9, 8.78, [221360, 1061, 87893]
46, 0, 19.8, [88, 65899, 11388]
46, 1, 19.78, [88, 33297, 11388]
46, 2, 18.01, [88, 33297, 100141]
46, 3, 15.18, [279, 65899, 33296]
46, 4, 14.46, [88, 65899, 823]
46, 5, 13.37, [156909, 279, 11388]
46, 6, 11.44, [90, 65901, 100140]
46, 7, 11.24, [88, 1061, 11925]
46, 8, 9.54, [90, 56239, 66170]
46, 9, 8.14, [88, 113172, 823]
47, 0, 19.8, [88, 65899, 11388]
47, 1, 19.78, [88, 33297, 11388]
47, 2, 17.4, [62858, 33297, 11388]
47, 3, 15.26, [88, 33299, 11388]
47, 4, 15.19, [118602, 65899, 31634]
47, 5, 15.03, [88, 33299, 11388]
47, 6, 13.83, [100140, 33297, 113173]
47, 7, 13.37, [86, 65899, 11926]
47, 8, 13.32, [100807, 282, 11388]
47, 9, 13.31, [285, 33297, 71858]
48, 0, 19.8, [88, 65899, 11388]
48, 1, 19.78, [88, 33297, 11388]
48, 2, 17.98, [88, 65899, 80656]
48, 3, 15.08, [88, 283, 11388]
48, 4, 14.64, [56237, 65899, 100140]
48, 5, 13.42, [281, 65899, 80450]
48, 6, 13.32, [279, 65899, 113171]
48, 7, 12.45, [33296, 65899, 31634]
48, 8, 12.05, [1061, 149059, 11388]
48, 9, 10.49, [77358, 134365, 11388]
49, 0, 19.8, [88, 65899, 11388]
49, 1, 19.78, [88, 33297, 11388]
49, 2, 18.06, [279, 65899, 11388]
49, 3, 17.36, [90, 65899, 11388]
49, 4, 14.76, [88, 150653, 11388]
49, 5, 14.57, [86, 283, 11388]
49, 6, 14.39, [144434, 118602, 11387]
49, 7, 14.0, [123523, 91277, 11388]
49, 8, 13.38, [11926, 33297, 80656]
49, 9, 12.84, [11387, 150652, 11388]
50, 0, 19.8, [88, 65899, 11388]
50, 1, 19.78, [88, 33297, 11388]
50, 2, 18.58, [88, 65899, 11387]
50, 3, 16.93, [1060, 65899, 11388]
50, 4, 16.22, [88, 66169, 11388]
50, 5, 14.71, [283, 65899, 80449]
50, 6, 14.09, [283, 33297, 113173]
50, 7, 14.06, [88, 66059, 33298]
50, 8, 12.24, [86, 56237, 98065]
50, 9, 11.79, [149059, 33299, 11388]
