generation number, individual number, fitness, candidate
0, 0, 10.58, [3736, 3742]
0, 1, 9.87, [2229, 3733]
0, 2, 9.6, [1831, 3740]
0, 3, 8.38, [3746, 546]
0, 4, 7.99, [3102, 282]
0, 5, 6.83, [3100, 2464]
0, 6, 6.02, [1896, 1834]
0, 7, 5.8, [1896, 3755]
0, 8, 5.0, [1541, 4301]
0, 9, 3.54, [4301, 1040]
1, 0, 13.81, [1831, 3736]
1, 1, 12.53, [1831, 689]
1, 2, 10.58, [3736, 3742]
1, 3, 9.96, [1829, 3742]
1, 4, 9.87, [2229, 3733]
1, 5, 9.12, [2463, 3742]
1, 6, 9.1, [3736, 3759]
1, 7, 8.99, [3736, 3759]
1, 8, 8.76, [3736, 3737]
1, 9, 7.54, [3754, 119]
2, 0, 13.81, [1831, 3736]
2, 1, 12.53, [1831, 689]
2, 2, 11.04, [1834, 77]
2, 3, 9.73, [1834, 282]
2, 4, 8.74, [1834, 3742]
2, 5, 8.54, [3733, 689]
2, 6, 7.1, [352, 3756]
2, 7, 6.74, [1322, 3755]
2, 8, 5.82, [3105, 1006]
2, 9, 5.11, [1896, 3748]
3, 0, 13.81, [1831, 3736]
3, 1, 13.48, [1831, 282]
3, 2, 12.53, [1831, 689]
3, 3, 11.72, [1831, 689]
3, 4, 11.68, [1831, 3746]
3, 5, 11.5, [1830, 77]
3, 6, 10.59, [2260, 3736]
3, 7, 9.64, [1830, 282]
3, 8, 7.77, [1834, 3744]
3, 9, 7.26, [3777, 2595]
4, 0, 13.81, [1831, 3736]
4, 1, 13.48, [1831, 282]
4, 2, 12.11, [1831, 2156]
4, 3, 9.7, [1825, 295]
4, 4, 9.51, [1831, 2261]
4, 5, 9.47, [3100, 2598]
4, 6, 9.44, [3758, 3736]
4, 7, 8.22, [3105, 1987]
4, 8, 8.16, [3105, 291]
4, 9, 7.78, [1831, 3734]
5, 0, 13.81, [1831, 3736]
5, 1, 13.48, [1831, 282]
5, 2, 11.64, [1829, 282]
5, 3, 11.13, [1831, 2260]
5, 4, 11.06, [1092, 77]
5, 5, 10.68, [1831, 3733]
5, 6, 10.53, [3750, 282]
5, 7, 9.72, [1829, 2156]
5, 8, 8.79, [181, 1987]
5, 9, 6.68, [33, 1032]
6, 0, 14.28, [1831, 77]
6, 1, 13.86, [1825, 3736]
6, 2, 13.81, [1831, 3736]
6, 3, 13.48, [1831, 282]
6, 4, 12.46, [693, 77]
6, 5, 11.55, [287, 77]
6, 6, 10.95, [546, 3736]
6, 7, 8.52, [3753, 284]
6, 8, 7.3, [702, 4129]
6, 9, 6.04, [3748, 3733]
7, 0, 14.28, [1831, 77]
7, 1, 13.86, [1825, 3736]
7, 2, 11.84, [1825, 159]
7, 3, 10.35, [1831, 3737]
7, 4, 10.15, [1831, 3755]
7, 5, 10.09, [1833, 77]
7, 6, 9.94, [1834, 3736]
7, 7, 8.82, [3758, 3736]
7, 8, 8.48, [1828, 77]
7, 9, 7.86, [1825, 263]
8, 0, 14.28, [1831, 77]
8, 1, 13.86, [1825, 3736]
8, 2, 11.62, [287, 77]
8, 3, 11.14, [1831, 2595]
8, 4, 10.83, [1825, 275]
8, 5, 10.79, [1834, 77]
8, 6, 9.03, [3741, 693]
8, 7, 8.15, [1588, 3736]
8, 8, 7.97, [689, 3755]
8, 9, 7.42, [1686, 3736]
9, 0, 14.28, [1831, 77]
9, 1, 13.86, [1825, 3736]
9, 2, 12.88, [1831, 181]
9, 3, 10.93, [1825, 275]
9, 4, 10.79, [1831, 2260]
9, 5, 10.52, [1833, 77]
9, 6, 10.28, [1831, 3746]
9, 7, 9.74, [1834, 3736]
9, 8, 9.66, [1825, 3747]
9, 9, 7.56, [1830, 2595]
10, 0, 14.28, [1831, 77]
10, 1, 13.86, [1825, 3736]
10, 2, 11.92, [1831, 3746]
10, 3, 11.55, [1830, 77]
10, 4, 11.51, [1830, 77]
10, 5, 10.31, [1831, 3749]
10, 6, 10.3, [3747, 2229]
10, 7, 9.4, [1831, 1321]
10, 8, 7.84, [1825, 263]
10, 9, 7.62, [3747, 359]
11, 0, 14.7, [1825, 77]
11, 1, 14.28, [1831, 77]
11, 2, 13.86, [1825, 3736]
11, 3, 11.72, [1322, 77]
11, 4, 10.41, [2229, 275]
11, 5, 10.07, [1831, 3756]
11, 6, 9.17, [1830, 693]
11, 7, 8.28, [1315, 4128]
11, 8, 6.56, [352, 3758]
11, 9, 6.06, [2598, 4108]
12, 0, 14.7, [1825, 77]
12, 1, 14.28, [1831, 77]
12, 2, 12.52, [1831, 2156]
12, 3, 11.94, [1825, 159]
12, 4, 10.8, [1825, 3741]
12, 5, 9.25, [1830, 181]
12, 6, 8.96, [1321, 3736]
12, 7, 7.57, [1825, 263]
12, 8, 7.08, [3752, 3740]
12, 9, 6.52, [282, 263]
13, 0, 14.7, [1825, 77]
13, 1, 14.28, [1831, 77]
13, 2, 12.42, [1829, 77]
13, 3, 11.15, [1825, 275]
13, 4, 10.72, [1831, 3746]
13, 5, 8.37, [269, 3746]
13, 6, 7.3, [3746, 3750]
13, 7, 6.78, [1831, 1834]
13, 8, 6.57, [4301, 2156]
13, 9, 6.29, [291, 270]
14, 0, 14.7, [1825, 77]
14, 1, 14.28, [1831, 77]
14, 2, 13.16, [1825, 282]
14, 3, 10.27, [1833, 77]
14, 4, 8.27, [287, 702]
14, 5, 8.23, [1826, 77]
14, 6, 6.28, [3758, 4108]
14, 7, 6.15, [2400, 1032]
14, 8, 6.14, [4128, 3102]
14, 9, 5.83, [1830, 3753]
15, 0, 14.7, [1825, 77]
15, 1, 14.28, [1831, 77]
15, 2, 13.58, [3752, 77]
15, 3, 10.5, [72, 181]
15, 4, 9.58, [119, 282]
15, 5, 8.59, [1831, 263]
15, 6, 8.49, [275, 101]
15, 7, 8.34, [702, 3741]
15, 8, 8.28, [1829, 269]
15, 9, 7.65, [4129, 275]
16, 0, 14.7, [1825, 77]
16, 1, 14.28, [1831, 77]
16, 2, 12.8, [181, 77]
16, 3, 9.96, [3740, 77]
16, 4, 9.62, [119, 282]
16, 5, 8.95, [270, 181]
16, 6, 8.0, [2260, 1032]
16, 7, 6.21, [3744, 2490]
16, 8, 5.96, [3754, 3740]
16, 9, 5.22, [291, 3761]
17, 0, 14.97, [1831, 77]
17, 1, 14.7, [1825, 77]
17, 2, 14.28, [1831, 77]
17, 3, 12.01, [1831, 159]
17, 4, 11.32, [1830, 77]
17, 5, 9.64, [3397, 284]
17, 6, 9.45, [181, 1322]
17, 7, 9.0, [284, 275]
17, 8, 8.56, [3105, 119]
17, 9, 8.06, [2156, 1040]
18, 0, 14.97, [1831, 77]
18, 1, 14.7, [1825, 77]
18, 2, 13.24, [3100, 77]
18, 3, 11.02, [1830, 77]
18, 4, 10.6, [1831, 2595]
18, 5, 9.65, [1315, 3752]
18, 6, 9.25, [1831, 3753]
18, 7, 9.21, [1830, 159]
18, 8, 7.86, [1831, 263]
18, 9, 7.22, [3742, 3735]
19, 0, 14.97, [1831, 77]
19, 1, 14.7, [1825, 77]
19, 2, 11.21, [1830, 77]
19, 3, 11.09, [3100, 159]
19, 4, 10.82, [1831, 3754]
19, 5, 9.55, [3740, 77]
19, 6, 8.03, [4794, 282]
19, 7, 7.98, [181, 3740]
19, 8, 7.51, [3753, 159]
19, 9, 7.16, [4129, 275]
20, 0, 14.97, [1831, 77]
20, 1, 14.7, [1825, 77]
20, 2, 14.3, [1825, 77]
20, 3, 13.96, [689, 77]
20, 4, 12.99, [3752, 77]
20, 5, 11.39, [1831, 702]
20, 6, 10.09, [1829, 159]
20, 7, 8.62, [3735, 1831]
20, 8, 8.57, [3752, 1896]
20, 9, 6.8, [287, 285]
21, 0, 14.97, [1831, 77]
21, 1, 14.7, [1825, 77]
21, 2, 10.17, [1825, 2595]
21, 3, 10.09, [275, 77]
21, 4, 9.33, [2260, 3742]
21, 5, 9.3, [1315, 2156]
21, 6, 9.0, [693, 275]
21, 7, 8.8, [4131, 284]
21, 8, 8.65, [2229, 1829]
21, 9, 8.64, [1588, 77]
22, 0, 14.97, [1831, 77]
22, 1, 14.7, [1825, 77]
22, 2, 10.91, [4130, 77]
22, 3, 10.04, [270, 77]
22, 4, 9.6, [1831, 2598]
22, 5, 8.55, [1588, 77]
22, 6, 8.41, [1828, 77]
22, 7, 7.33, [3743, 359]
22, 8, 6.34, [285, 3746]
22, 9, 5.0, [24, 1006]
23, 0, 14.97, [1831, 77]
23, 1, 14.7, [1825, 77]
23, 2, 10.93, [546, 77]
23, 3, 10.66, [1834, 77]
23, 4, 9.6, [3753, 282]
23, 5, 7.86, [271, 2156]
23, 6, 7.7, [4128, 3739]
23, 7, 7.31, [2595, 4131]
23, 8, 6.98, [3397, 3756]
23, 9, 6.8, [3753, 352]
24, 0, 14.97, [1831, 77]
24, 1, 14.7, [1825, 77]
24, 2, 10.94, [546, 77]
24, 3, 10.74, [4130, 77]
24, 4, 10.11, [2261, 77]
24, 5, 9.43, [1605, 77]
24, 6, 7.88, [2400, 3100]
24, 7, 7.61, [279, 4129]
24, 8, 7.0, [546, 275]
24, 9, 6.04, [1040, 3745]
25, 0, 14.97, [1831, 77]
25, 1, 14.7, [1825, 77]
25, 2, 13.22, [3752, 77]
25, 3, 9.75, [279, 3742]
25, 4, 8.43, [4129, 72]
25, 5, 7.96, [4128, 3397]
25, 6, 7.61, [546, 1541]
25, 7, 5.5, [101, 699]
25, 8, 5.41, [1833, 271]
25, 9, 4.51, [263, 270]
26, 0, 14.97, [1831, 77]
26, 1, 14.7, [1825, 77]
26, 2, 14.38, [1831, 77]
26, 3, 11.39, [3745, 77]
26, 4, 10.5, [291, 77]
26, 5, 9.9, [77, 3761]
26, 6, 8.14, [1830, 3739]
26, 7, 6.45, [3739, 1987]
26, 8, 6.29, [3755, 359]
26, 9, 6.26, [2261, 4131]
27, 0, 14.97, [1831, 77]
27, 1, 14.7, [1825, 77]
27, 2, 11.1, [284, 3752]
27, 3, 10.97, [1831, 275]
27, 4, 10.83, [1831, 275]
27, 5, 9.0, [275, 284]
27, 6, 8.11, [291, 159]
27, 7, 6.98, [3397, 291]
27, 8, 6.93, [693, 3761]
27, 9, 6.93, [119, 1322]
28, 0, 14.97, [1831, 77]
28, 1, 14.7, [1825, 77]
28, 2, 12.99, [1829, 77]
28, 3, 11.88, [1831, 3105]
28, 4, 9.76, [282, 1834]
28, 5, 8.03, [282, 77]
28, 6, 7.6, [33, 72]
28, 7, 7.6, [546, 352]
28, 8, 7.51, [1830, 275]
28, 9, 6.95, [1588, 3752]
29, 0, 14.97, [1831, 77]
29, 1, 14.7, [1825, 77]
29, 2, 11.32, [3743, 77]
29, 3, 10.75, [4131, 77]
29, 4, 10.73, [1825, 4129]
29, 5, 10.41, [1834, 77]
29, 6, 10.17, [3761, 77]
29, 7, 8.86, [3743, 1829]
29, 8, 8.56, [1686, 77]
29, 9, 7.15, [3755, 4129]
30, 0, 14.97, [1831, 77]
30, 1, 14.7, [1825, 77]
30, 2, 12.93, [1831, 3736]
30, 3, 12.06, [3750, 77]
30, 4, 10.56, [2260, 282]
30, 5, 10.55, [3743, 77]
30, 6, 10.42, [3740, 77]
30, 7, 8.19, [284, 2261]
30, 8, 8.0, [352, 275]
30, 9, 8.0, [4129, 101]
31, 0, 14.97, [1831, 77]
31, 1, 14.7, [1825, 77]
31, 2, 13.0, [3752, 77]
31, 3, 12.3, [1829, 77]
31, 4, 11.24, [1825, 229]
31, 5, 9.47, [2260, 3742]
31, 6, 9.17, [3105, 279]
31, 7, 8.84, [2595, 3105]
31, 8, 6.04, [271, 3737]
31, 9, 5.36, [3759, 4131]
32, 0, 14.97, [1831, 77]
32, 1, 14.7, [1825, 77]
32, 2, 12.25, [282, 3100]
32, 3, 11.38, [2156, 3100]
32, 4, 8.59, [3752, 3760]
32, 5, 8.59, [1588, 77]
32, 6, 7.71, [1825, 263]
32, 7, 7.06, [1833, 275]
32, 8, 5.44, [229, 3735]
32, 9, 5.36, [295, 3748]
33, 0, 14.97, [1831, 77]
33, 1, 14.7, [1825, 77]
33, 2, 12.45, [1831, 3100]
33, 3, 12.31, [1322, 77]
33, 4, 10.81, [1825, 275]
33, 5, 9.22, [1831, 996]
33, 6, 8.96, [72, 3739]
33, 7, 8.78, [1830, 3739]
33, 8, 8.49, [1588, 77]
33, 9, 7.68, [1825, 263]
34, 0, 14.97, [1831, 77]
34, 1, 14.7, [1825, 77]
34, 2, 14.31, [1831, 77]
34, 3, 11.73, [3750, 77]
34, 4, 10.95, [1831, 275]
34, 5, 9.88, [3759, 77]
34, 6, 9.28, [2595, 3105]
34, 7, 9.14, [72, 1315]
34, 8, 8.55, [3100, 3755]
34, 9, 8.0, [1541, 275]
35, 0, 14.97, [1831, 77]
35, 1, 14.7, [1825, 77]
35, 2, 14.3, [1831, 77]
35, 3, 11.16, [269, 77]
35, 4, 8.65, [1006, 77]
35, 5, 8.65, [3100, 2261]
35, 6, 7.94, [269, 229]
35, 7, 6.41, [181, 1826]
35, 8, 6.16, [3777, 3755]
35, 9, 5.6, [3739, 1588]
36, 0, 14.97, [1831, 77]
36, 1, 14.7, [1825, 77]
36, 2, 10.0, [1092, 1831]
36, 3, 9.67, [996, 77]
36, 4, 9.17, [1825, 2261]
36, 5, 8.41, [4301, 77]
36, 6, 6.67, [3737, 2595]
36, 7, 6.3, [1040, 2595]
36, 8, 5.76, [3744, 1605]
36, 9, 5.36, [996, 3753]
37, 0, 14.97, [1831, 77]
37, 1, 14.7, [1825, 77]
37, 2, 14.59, [1825, 77]
37, 3, 10.07, [1831, 291]
37, 4, 9.59, [3759, 1831]
37, 5, 8.37, [1833, 1831]
37, 6, 7.59, [101, 119]
37, 7, 7.57, [1825, 699]
37, 8, 7.08, [4128, 3105]
37, 9, 4.61, [3777, 3102]
38, 0, 14.97, [1831, 77]
38, 1, 14.7, [1825, 77]
38, 2, 12.15, [1831, 159]
38, 3, 12.05, [1831, 159]
38, 4, 7.9, [3759, 159]
38, 5, 7.81, [3744, 279]
38, 6, 7.79, [4129, 1322]
38, 7, 6.89, [1315, 2463]
38, 8, 6.86, [3100, 1006]
38, 9, 6.46, [3759, 275]
39, 0, 14.97, [1831, 77]
39, 1, 14.7, [1825, 77]
39, 2, 13.32, [3752, 77]
39, 3, 11.43, [4128, 77]
39, 4, 10.73, [3742, 284]
39, 5, 10.14, [1831, 546]
39, 6, 9.18, [1825, 2598]
39, 7, 8.32, [3741, 4129]
39, 8, 7.69, [2595, 275]
39, 9, 6.39, [3741, 3754]
40, 0, 14.97, [1831, 77]
40, 1, 14.7, [1825, 77]
40, 2, 12.41, [1825, 284]
40, 3, 11.72, [1322, 77]
40, 4, 10.37, [1825, 275]
40, 5, 9.38, [1831, 293]
40, 6, 8.78, [3737, 159]
40, 7, 8.07, [1831, 3734]
40, 8, 6.71, [3754, 293]
40, 9, 5.04, [271, 3758]
41, 0, 14.97, [1831, 77]
41, 1, 14.7, [1825, 77]
41, 2, 13.88, [1831, 282]
41, 3, 12.58, [1829, 77]
41, 4, 11.72, [1825, 159]
41, 5, 9.74, [3753, 1825]
41, 6, 9.62, [1831, 3748]
41, 7, 8.19, [3736, 3733]
41, 8, 6.12, [2463, 4130]
41, 9, 4.88, [1321, 293]
42, 0, 14.97, [1831, 77]
42, 1, 14.7, [1825, 77]
42, 2, 11.2, [1825, 275]
42, 3, 9.71, [1825, 3747]
42, 4, 9.69, [1831, 1040]
42, 5, 9.15, [1825, 1896]
42, 6, 8.64, [1829, 2595]
42, 7, 7.27, [352, 4131]
42, 8, 6.61, [3758, 3754]
42, 9, 6.36, [1834, 3737]
43, 0, 14.97, [1831, 77]
43, 1, 14.7, [1825, 77]
43, 2, 12.24, [1831, 159]
43, 3, 11.52, [1830, 77]
43, 4, 10.29, [1833, 77]
43, 5, 10.18, [72, 2156]
43, 6, 8.5, [1829, 3747]
43, 7, 8.34, [1686, 77]
43, 8, 6.68, [293, 1032]
43, 9, 6.38, [3105, 4129]
44, 0, 14.97, [1831, 77]
44, 1, 14.7, [1825, 77]
44, 2, 13.09, [3105, 77]
44, 3, 12.84, [689, 1825]
44, 4, 12.72, [1825, 159]
44, 5, 10.54, [1541, 3100]
44, 6, 8.81, [3741, 101]
44, 7, 7.42, [1831, 263]
44, 8, 7.4, [546, 1322]
44, 9, 7.21, [2229, 1987]
45, 0, 14.97, [1831, 77]
45, 1, 14.7, [1825, 77]
45, 2, 13.97, [1831, 3736]
45, 3, 12.52, [1825, 3100]
45, 4, 10.44, [1831, 1825]
45, 5, 10.22, [275, 77]
45, 6, 9.63, [1825, 4130]
45, 7, 8.04, [693, 3777]
45, 8, 7.73, [1831, 1686]
45, 9, 6.98, [1830, 269]
46, 0, 14.97, [1831, 77]
46, 1, 14.7, [1825, 77]
46, 2, 11.89, [1830, 77]
46, 3, 10.67, [282, 3747]
46, 4, 10.6, [1830, 3736]
46, 5, 10.14, [1315, 3752]
46, 6, 9.23, [1831, 3755]
46, 7, 8.55, [181, 291]
46, 8, 7.07, [3741, 291]
46, 9, 6.36, [3756, 1896]
47, 0, 14.97, [1831, 77]
47, 1, 14.7, [1825, 77]
47, 2, 12.83, [1831, 3752]
47, 3, 11.7, [352, 77]
47, 4, 10.7, [1831, 275]
47, 5, 9.93, [1831, 3748]
47, 6, 9.78, [2490, 77]
47, 7, 7.26, [1834, 352]
47, 8, 6.27, [1588, 3742]
47, 9, 4.7, [1830, 699]
48, 0, 14.97, [1831, 77]
48, 1, 14.7, [1825, 77]
48, 2, 11.02, [702, 1825]
48, 3, 10.46, [1825, 1092]
48, 4, 9.98, [1825, 3756]
48, 5, 8.81, [1831, 3102]
48, 6, 8.46, [1588, 77]
48, 7, 7.64, [1834, 3743]
48, 8, 5.56, [4794, 275]
48, 9, 5.4, [119, 1896]
49, 0, 14.97, [1831, 77]
49, 1, 14.7, [1825, 77]
49, 2, 11.46, [77, 3743]
49, 3, 11.34, [702, 1831]
49, 4, 10.78, [2463, 77]
49, 5, 9.5, [3740, 1825]
49, 6, 9.0, [693, 275]
49, 7, 8.95, [3742, 275]
49, 8, 7.12, [2463, 352]
49, 9, 6.47, [295, 546]
50, 0, 14.97, [1831, 77]
50, 1, 14.7, [1825, 77]
50, 2, 10.31, [293, 77]
50, 3, 8.94, [284, 77]
50, 4, 8.14, [1831, 263]
50, 5, 7.81, [2595, 229]
50, 6, 7.81, [1825, 263]
50, 7, 7.59, [3750, 4128]
50, 8, 7.38, [1831, 1828]
50, 9, 6.17, [3745, 2261]
