n_nodes,influence,n0,n1,n2,n3,n4
5,2143.1950,5317,5959,3700,3642,4543
5,2143.0900,5317,5959,3700,3642,4543
5,2143.0900,5317,5959,3700,3642,4543
5,2143.0900,5317,5959,3700,3642,4543
5,2143.0900,5317,5959,3700,3642,4543
5,2143.0900,5317,5959,3700,3642,4543
5,2143.0900,5317,5959,3700,3642,4543
5,2143.0900,5317,5959,3700,3642,4543
5,2143.0900,5317,5959,3700,3642,4543
5,2143.0900,5317,5959,3700,3642,4543
5,2143.0900,5317,5959,3700,3642,4543
5,2143.0900,5317,5959,3700,3642,4543
5,2143.0900,5317,5959,3700,3642,4543
5,2143.0900,5317,5959,3700,3642,4543
5,2143.0900,5317,5959,3700,3642,4543
5,2142.7560,5317,5959,3700,3642,4543
