n_nodes,influence,n0,n1,n2,n3,n4,n5,n6,n7,n8,n9,n10,n11,n12,n13,n14,n15,n16,n17,n18,n19,n20
21,22563.8900,52741,6279,265,28811,44812,53905,51603,34588,47640,61978,70811,30624,29092,26789,12075,47413,34621,30161,2017,26604,50298
21,22563.8900,52741,6279,265,28811,44812,53905,51603,34588,47640,61978,70811,30624,29092,26789,12075,47413,34621,30161,2017,26604,50298
21,22563.8100,52741,6279,265,44812,30615,51603,61978,29092,47413,11836,25026,46276,55382,43610,26975,31841,40930,22250,51435,35318,34043
21,22563.8100,52741,6279,265,44812,30615,51603,61978,29092,47413,11836,25026,46276,55382,43610,26975,31841,40930,22250,51435,35318,34043
21,22563.8100,52741,6279,265,44812,30615,51603,61978,29092,47413,11836,25026,46276,55382,43610,26975,31841,40930,22250,51435,35318,34043
21,22562.2500,52741,6279,265,44812,51603,30615,61978,75106,47413,11836,25026,46276,55382,43610,26975,31841,40930,22250,51435,35318,34043
21,22562.2500,52741,6279,265,44812,51603,30615,61978,75106,47413,11836,25026,46276,55382,43610,26975,31841,40930,22250,51435,35318,34043
21,22562.2500,52741,6279,265,44812,51603,30615,61978,75106,47413,11836,25026,46276,55382,43610,26975,31841,40930,22250,51435,35318,34043
21,22562.1300,52741,6279,265,44812,53905,51603,61978,29092,47413,11836,25026,46276,22250,55382,43610,26975,31841,40930,51435,35318,34043
21,22562.1300,52741,6279,265,44812,53905,51603,61978,29092,47413,11836,25026,46276,22250,55382,43610,26975,31841,40930,51435,35318,34043
21,22562.1300,52741,6279,265,44812,53905,51603,61978,29092,47413,11836,25026,46276,22250,55382,43610,26975,31841,40930,51435,35318,34043
21,22562.1300,52741,6279,265,44812,53905,51603,61978,29092,47413,11836,25026,46276,22250,55382,43610,26975,31841,40930,51435,35318,34043
21,22562.1300,52741,6279,265,44812,53905,51603,61978,29092,47413,11836,25026,46276,22250,55382,43610,26975,31841,40930,51435,35318,34043
21,22562.1300,52741,6279,265,44812,53905,51603,61978,29092,47413,11836,25026,46276,22250,55382,43610,26975,31841,40930,51435,35318,34043
21,22562.1300,52741,6279,265,44812,53905,51603,61978,29092,47413,11836,25026,46276,22250,55382,43610,26975,31841,40930,51435,35318,34043
21,22562.1300,52741,6279,265,44812,53905,51603,61978,29092,47413,11836,25026,46276,22250,55382,43610,26975,31841,40930,51435,35318,34043
