generation number, individual number, fitness, candidate
0, 0, 64.28, [1509, 1332]
0, 1, 17.0, [2171, 1091]
0, 2, 9.0, [1620, 576]
0, 3, 7.0, [320, 326]
0, 4, 6.0, [2377, 785]
0, 5, 5.0, [1201, 1141]
0, 6, 5.0, [571, 1403]
0, 7, 5.0, [1906, 751]
0, 8, 4.0, [749, 1279]
0, 9, 2.0, [1020, 1064]
1, 0, 65.46, [1509, 1827]
1, 1, 64.3, [1509, 1430]
1, 2, 64.28, [1509, 1332]
1, 3, 63.35, [1509, 1442]
1, 4, 17.0, [1091, 576]
1, 5, 17.0, [2171, 1091]
1, 6, 16.0, [1425, 1401]
1, 7, 10.0, [1125, 1332]
1, 8, 7.0, [1475, 1332]
1, 9, 7.0, [2171, 1715]
2, 0, 65.46, [1509, 1827]
2, 1, 64.73, [1509, 905]
2, 2, 64.3, [1509, 1430]
2, 3, 62.85, [1509, 1247]
2, 4, 61.97, [1509, 1424]
2, 5, 60.7, [1509, 4227]
2, 6, 7.51, [975, 1223]
2, 7, 7.0, [1403, 1125]
2, 8, 6.0, [326, 1146]
2, 9, 5.0, [1279, 905]
3, 0, 65.46, [1509, 1827]
3, 1, 64.73, [1509, 905]
3, 2, 12.0, [1401, 905]
3, 3, 10.0, [1125, 1430]
3, 4, 10.0, [2320, 421]
3, 5, 6.0, [1475, 751]
3, 6, 5.0, [2989, 905]
3, 7, 5.0, [1141, 1619]
3, 8, 4.0, [1403, 1247]
3, 9, 3.0, [1437, 1475]
4, 0, 65.51, [1509, 905]
4, 1, 65.46, [1509, 1827]
4, 2, 65.03, [1509, 421]
4, 3, 64.73, [1509, 905]
4, 4, 12.0, [1401, 905]
4, 5, 6.0, [1247, 905]
4, 6, 6.0, [1403, 905]
4, 7, 5.0, [1424, 905]
4, 8, 5.0, [1020, 1827]
4, 9, 3.0, [2094, 1157]
5, 0, 65.51, [1509, 905]
5, 1, 65.46, [1509, 1827]
5, 2, 65.36, [1509, 905]
5, 3, 64.82, [1509, 905]
5, 4, 61.12, [1509, 1767]
5, 5, 8.0, [1475, 695]
5, 6, 6.0, [1287, 1827]
5, 7, 5.71, [697, 1407]
5, 8, 2.47, [697, 1580]
5, 9, 2.0, [645, 970]
6, 0, 65.63, [1509, 905]
6, 1, 65.51, [1509, 905]
6, 2, 65.46, [1509, 421]
6, 3, 65.46, [1509, 1827]
6, 4, 14.0, [140, 1401]
6, 5, 8.45, [1990, 905]
6, 6, 7.52, [1328, 326]
6, 7, 5.0, [326, 1212]
6, 8, 5.0, [751, 1279]
6, 9, 5.0, [521, 1497]
7, 0, 65.63, [1509, 905]
7, 1, 65.51, [1509, 905]
7, 2, 61.56, [1509, 1906]
7, 3, 14.0, [1480, 1425]
7, 4, 10.58, [1224, 749]
7, 5, 8.0, [1935, 1480]
7, 6, 7.0, [2171, 1028]
7, 7, 6.0, [717, 905]
7, 8, 6.0, [1025, 717]
7, 9, 6.0, [1287, 421]
8, 0, 65.63, [1509, 905]
8, 1, 65.51, [1509, 905]
8, 2, 63.1, [1509, 749]
8, 3, 61.07, [1509, 1201]
8, 4, 15.0, [1091, 421]
8, 5, 11.54, [1224, 1935]
8, 6, 11.0, [1480, 1332]
8, 7, 8.0, [1417, 905]
8, 8, 6.0, [2332, 1090]
8, 9, 4.45, [1328, 1212]
9, 0, 65.63, [1509, 905]
9, 1, 65.51, [1509, 905]
9, 2, 64.95, [1509, 421]
9, 3, 61.19, [1509, 1347]
9, 4, 14.52, [1025, 1224]
9, 5, 9.0, [140, 905]
9, 6, 8.0, [1125, 749]
9, 7, 7.0, [140, 1201]
9, 8, 6.0, [1058, 749]
9, 9, 5.0, [1403, 749]
10, 0, 65.63, [1509, 905]
10, 1, 65.51, [1509, 905]
10, 2, 64.92, [1509, 421]
10, 3, 63.39, [1509, 749]
10, 4, 11.08, [1425, 1230]
10, 5, 9.14, [1350, 1064]
10, 6, 7.0, [1442, 1935]
10, 7, 6.0, [2332, 4227]
10, 8, 5.0, [1767, 421]
10, 9, 3.0, [1437, 1935]
