num_genrations,diversity,improvement,best_fitness
0,1.0,0,52.62544800680841
1,0.8004901960784314,0.0,52.62544800680841
2,0.6882352941176471,0.01897151859473635,53.62383267222591
3,0.2583333333333333,0.01571995033974782,54.46679665886025
4,0.39803921568627465,-0.014918462048398376,53.65423582000721
5,0.06960784313725477,0.0,53.65423582000721
6,0.028921568627450878,0.03231070898654142,55.38784221948273
7,0.056862745098039236,0.013762012941111682,56.1500904208875
8,0.08823529411764697,0.0,56.1500904208875
9,0.007352941176470562,0.0006559490407438087,56.18692201883676
10,0.014705882352941124,0.028966419417665968,57.81445596782208
