n_nodes,influence,n0,n1,n2,n3,n4,n5,n6,n7,n8,n9,n10
11,392.8900,34018,4106,652,9882,626,23252,15066,74459,20317,36158,22572
11,392.8900,34018,4106,652,626,23252,15066,9882,74459,20317,36158,22572
11,380.5700,34018,4106,652,626,23252,34367,9882,74459,20317,36158,68159
11,378.1100,34018,4106,652,9882,626,23252,15066,74459,20317,36158,68159
11,378.1100,34018,4106,652,9882,626,23252,15066,74459,20317,36158,68159
11,378.1100,34018,4106,652,9882,626,23252,15066,74459,20317,36158,68159
11,378.1100,34018,4106,652,9882,626,23252,15066,74459,20317,36158,68159
11,378.1100,34018,4106,652,9882,626,23252,15066,74459,20317,36158,68159
11,378.1100,34018,4106,652,626,23252,15066,9882,74459,20317,36158,68159
11,378.1100,34018,4106,652,9882,626,23252,15066,74459,20317,36158,68159
11,378.1100,34018,4106,652,9882,626,23252,15066,74459,20317,36158,68159
11,378.1100,34018,4106,652,9882,626,23252,15066,74459,20317,36158,68159
11,378.1100,34018,4106,652,9882,626,23252,15066,74459,20317,36158,68159
11,378.1100,34018,4106,652,9882,626,23252,15066,74459,20317,36158,68159
11,378.1100,34018,4106,652,9882,626,23252,15066,74459,20317,36158,68159
11,378.1100,34018,4106,652,9882,626,23252,15066,74459,20317,36158,68159
