generation number, individual number, fitness, candidate
0, 0, 3.1, [1091, 1442, 1125]
0, 1, 3.08, [576, 1223, 1442]
0, 2, 3.07, [1125, 2332, 1058]
0, 3, 3.04, [2332, 1141, 1224]
0, 4, 3.04, [695, 1401, 1378]
0, 5, 3.03, [1279, 1378, 2320]
0, 6, 3.02, [1480, 1141, 1417]
0, 7, 3.01, [2171, 1497, 1028]
0, 8, 3.01, [1131, 1225, 1223]
0, 9, 3.0, [1090, 905, 1201]
1, 0, 3.11, [1091, 717, 1125]
1, 1, 3.1, [1091, 1442, 1125]
1, 2, 3.09, [785, 2332, 1442]
1, 3, 3.08, [576, 1223, 1442]
1, 4, 3.06, [1401, 1442, 1279]
1, 5, 3.05, [2332, 1141, 1368]
1, 6, 3.03, [1201, 1028, 1442]
1, 7, 3.03, [1695, 1442, 1402]
1, 8, 3.03, [1091, 1442, 1518]
1, 9, 3.02, [1125, 1223, 1149]
2, 0, 3.11, [1091, 717, 1125]
2, 1, 3.1, [1091, 1442, 1125]
2, 2, 3.08, [785, 2332, 1368]
2, 3, 3.07, [1328, 1611, 1125]
2, 4, 3.06, [1223, 2320, 1125]
2, 5, 3.06, [1091, 717, 521]
2, 6, 3.05, [1091, 717, 1223]
2, 7, 3.05, [1091, 326, 1378]
2, 8, 3.04, [1401, 1223, 1125]
2, 9, 3.03, [1430, 717, 1058]
3, 0, 3.11, [1091, 717, 1125]
3, 1, 3.1, [1091, 1442, 1125]
3, 2, 3.08, [1091, 2332, 717]
3, 3, 3.06, [1091, 717, 521]
3, 4, 3.05, [1131, 717, 1125]
3, 5, 3.04, [1442, 2332, 1368]
3, 6, 3.02, [1430, 785, 1125]
3, 7, 3.02, [1078, 717, 1201]
3, 8, 3.02, [1131, 905, 1223]
3, 9, 3.01, [787, 2332, 1125]
4, 0, 3.12, [1091, 1509, 1040]
4, 1, 3.11, [1091, 717, 1125]
4, 2, 3.1, [1091, 1442, 1125]
4, 3, 3.08, [1091, 1442, 1125]
4, 4, 3.06, [1351, 717, 421]
4, 5, 3.06, [1328, 717, 1368]
4, 6, 3.05, [1068, 717, 785]
4, 7, 3.04, [2320, 1028, 1125]
4, 8, 3.04, [1091, 5684, 326]
4, 9, 3.03, [1091, 1378, 1058]
5, 0, 3.25, [775, 1509, 1125]
5, 1, 3.12, [1091, 1509, 1040]
5, 2, 3.11, [1091, 1146, 1125]
5, 3, 3.11, [1091, 717, 1125]
5, 4, 3.07, [1091, 140, 1350]
5, 5, 3.06, [1091, 1378, 1125]
5, 6, 3.06, [1078, 1480, 1247]
5, 7, 3.06, [1091, 1351, 1125]
5, 8, 3.04, [1091, 717, 1247]
5, 9, 3.04, [1091, 785, 1040]
6, 0, 3.25, [775, 1509, 1125]
6, 1, 3.22, [1091, 1509, 1368]
6, 2, 3.17, [521, 1509, 1131]
6, 3, 3.12, [1091, 1509, 1040]
6, 4, 3.11, [1091, 717, 2320]
6, 5, 3.08, [576, 1351, 785]
6, 6, 3.03, [775, 1378, 1125]
6, 7, 3.03, [1091, 1131, 1125]
6, 8, 3.03, [775, 645, 1125]
6, 9, 3.03, [1091, 2989, 1497]
7, 0, 3.25, [775, 1509, 1125]
7, 1, 3.22, [1091, 1509, 1368]
7, 2, 3.16, [1430, 1509, 1368]
7, 3, 3.13, [1091, 1509, 1368]
7, 4, 3.13, [521, 1509, 1368]
7, 5, 3.05, [775, 695, 785]
7, 6, 3.05, [1223, 785, 1131]
7, 7, 3.04, [1131, 1767, 1350]
7, 8, 3.03, [1091, 975, 1201]
7, 9, 3.03, [775, 1619, 1935]
8, 0, 3.25, [775, 1509, 1125]
8, 1, 3.24, [1091, 1509, 785]
8, 2, 3.22, [1091, 1509, 785]
8, 3, 3.22, [1091, 1509, 1368]
8, 4, 3.18, [775, 1509, 1442]
8, 5, 3.13, [1906, 1509, 1368]
8, 6, 3.07, [1091, 1224, 1125]
8, 7, 3.04, [1091, 1425, 1125]
8, 8, 3.04, [1091, 1430, 3662]
8, 9, 3.03, [1078, 2332, 695]
9, 0, 3.25, [775, 1509, 1125]
9, 1, 3.24, [1091, 1509, 785]
9, 2, 3.23, [1091, 1509, 785]
9, 3, 3.23, [775, 1509, 1350]
9, 4, 3.21, [1611, 1509, 1368]
9, 5, 3.2, [1091, 1509, 1368]
9, 6, 3.19, [775, 1509, 1125]
9, 7, 3.18, [775, 1509, 1131]
9, 8, 3.15, [775, 1509, 787]
9, 9, 3.07, [775, 1401, 785]
10, 0, 3.25, [775, 1509, 1125]
10, 1, 3.24, [1091, 1509, 785]
10, 2, 3.23, [1091, 1509, 787]
10, 3, 3.17, [1906, 1509, 1378]
10, 4, 3.17, [1078, 1509, 1125]
10, 5, 3.1, [1509, 1328, 1437]
10, 6, 3.06, [775, 2377, 785]
10, 7, 3.05, [521, 1430, 1125]
10, 8, 3.05, [1091, 1401, 1368]
10, 9, 3.05, [1078, 2332, 1401]
11, 0, 3.26, [1141, 1509, 1230]
11, 1, 3.25, [775, 1509, 1125]
11, 2, 3.24, [1078, 1509, 1125]
11, 3, 3.24, [1091, 1509, 785]
11, 4, 3.2, [1430, 1509, 1125]
11, 5, 3.19, [1906, 1509, 787]
11, 6, 3.18, [775, 1509, 1131]
11, 7, 3.17, [1906, 1509, 787]
11, 8, 3.15, [1091, 1509, 1368]
11, 9, 3.12, [1091, 1224, 785]
12, 0, 3.26, [1141, 1509, 1230]
12, 1, 3.25, [775, 1509, 1125]
12, 2, 3.22, [775, 1509, 1350]
12, 3, 3.21, [1580, 1509, 1230]
12, 4, 3.17, [1509, 1328, 1442]
12, 5, 3.17, [1028, 1509, 1125]
12, 6, 3.16, [1091, 1509, 326]
12, 7, 3.13, [775, 1509, 1611]
12, 8, 3.12, [1141, 1509, 1368]
12, 9, 3.07, [1091, 3124, 1131]
13, 0, 3.26, [1141, 1509, 1230]
13, 1, 3.25, [775, 1509, 1125]
13, 2, 3.21, [1906, 1509, 1442]
13, 3, 3.19, [1402, 1509, 1350]
13, 4, 3.19, [1141, 1509, 1040]
13, 5, 3.12, [1906, 1509, 1230]
13, 6, 3.04, [1695, 1328, 1125]
13, 7, 3.04, [1619, 1990, 1230]
13, 8, 3.03, [1480, 788, 775]
13, 9, 3.02, [1141, 1279, 1230]
14, 0, 3.26, [1141, 1509, 1230]
14, 1, 3.25, [775, 1509, 1125]
14, 2, 3.21, [1906, 1509, 1611]
14, 3, 3.21, [1141, 1509, 1223]
14, 4, 3.16, [1141, 1509, 785]
14, 5, 3.16, [1141, 1509, 1040]
14, 6, 3.09, [1402, 1509, 1442]
14, 7, 3.04, [1906, 1518, 1230]
14, 8, 3.03, [1402, 1403, 1442]
14, 9, 3.02, [775, 2377, 1230]
15, 0, 3.26, [1141, 1509, 1230]
15, 1, 3.25, [775, 1509, 1125]
15, 2, 3.2, [1935, 1509, 1230]
15, 3, 3.19, [1141, 1509, 1368]
15, 4, 3.19, [1906, 1509, 1611]
15, 5, 3.19, [1141, 1509, 785]
15, 6, 3.17, [1935, 1509, 1125]
15, 7, 3.12, [1906, 1509, 1040]
15, 8, 3.06, [775, 2171, 421]
15, 9, 3.02, [1028, 1378, 1230]
16, 0, 3.26, [1141, 1509, 785]
16, 1, 3.26, [1141, 1509, 1230]
16, 2, 3.25, [775, 1509, 1125]
16, 3, 3.23, [775, 1509, 1332]
16, 4, 3.18, [1417, 1509, 1125]
16, 5, 3.15, [1990, 1509, 1230]
16, 6, 3.08, [1935, 1990, 1402]
16, 7, 3.05, [775, 2989, 1230]
16, 8, 3.04, [1141, 1425, 1223]
16, 9, 3.02, [1141, 1146, 1125]
17, 0, 3.26, [1141, 1509, 785]
17, 1, 3.26, [1141, 1509, 1230]
17, 2, 3.19, [2320, 1509, 785]
17, 3, 3.17, [1402, 1509, 1125]
17, 4, 3.17, [775, 1509, 1332]
17, 5, 3.17, [1402, 1509, 1125]
17, 6, 3.17, [775, 1509, 1125]
17, 7, 3.16, [775, 1509, 1332]
17, 8, 3.16, [1368, 1509, 1230]
17, 9, 3.15, [1906, 1509, 785]
18, 0, 3.28, [1028, 1509, 1332]
18, 1, 3.26, [1141, 1509, 785]
18, 2, 3.26, [1141, 1509, 1230]
18, 3, 3.2, [1141, 1509, 1332]
18, 4, 3.18, [1402, 1509, 785]
18, 5, 3.17, [1351, 1509, 1497]
18, 6, 3.17, [2171, 1509, 785]
18, 7, 3.13, [1058, 1509, 1090]
18, 8, 3.05, [695, 1078, 785]
18, 9, 3.03, [2320, 3124, 1230]
19, 0, 3.28, [1028, 1509, 1332]
19, 1, 3.26, [1141, 1509, 785]
19, 2, 3.23, [1028, 1509, 1223]
19, 3, 3.2, [1141, 1509, 1230]
19, 4, 3.15, [1028, 1509, 2332]
19, 5, 3.13, [1078, 1025, 1332]
19, 6, 3.13, [1078, 1509, 785]
19, 7, 3.07, [1078, 1125, 1332]
19, 8, 3.07, [1141, 1350, 1332]
19, 9, 3.06, [1141, 775, 2171]
20, 0, 3.28, [1028, 1509, 1332]
20, 1, 3.26, [1141, 1509, 785]
20, 2, 3.16, [1028, 1279, 1509]
20, 3, 3.09, [2320, 1226, 1332]
20, 4, 3.07, [326, 1350, 1223]
20, 5, 3.05, [1131, 1351, 785]
20, 6, 3.03, [4227, 788, 1332]
20, 7, 3.03, [975, 2171, 785]
20, 8, 3.02, [1141, 2110, 785]
20, 9, 3.01, [1442, 905, 787]
21, 0, 3.28, [1028, 1509, 1332]
21, 1, 3.26, [1141, 1509, 785]
21, 2, 3.17, [1695, 1509, 1906]
21, 3, 3.1, [1028, 1509, 1020]
21, 4, 3.08, [2320, 1990, 785]
21, 5, 3.06, [1028, 1350, 1332]
21, 6, 3.06, [1401, 1403, 1141]
21, 7, 3.05, [1279, 3124, 1332]
21, 8, 3.05, [1141, 1226, 1157]
21, 9, 3.01, [1028, 905, 1906]
22, 0, 3.28, [1028, 1509, 1332]
22, 1, 3.26, [1141, 1509, 785]
22, 2, 3.19, [1141, 1509, 1157]
22, 3, 3.19, [521, 1509, 1058]
22, 4, 3.18, [1402, 1509, 1906]
22, 5, 3.16, [1028, 1509, 787]
22, 6, 3.15, [3662, 1509, 1201]
22, 7, 3.05, [1141, 1224, 1020]
22, 8, 3.03, [1028, 1611, 1332]
22, 9, 3.02, [1695, 2377, 785]
23, 0, 3.28, [1028, 1509, 1332]
23, 1, 3.26, [1141, 1509, 785]
23, 2, 3.26, [1141, 1509, 785]
23, 3, 3.25, [1402, 1509, 1332]
23, 4, 3.19, [521, 1509, 1715]
23, 5, 3.18, [1078, 1509, 785]
23, 6, 3.17, [1028, 1509, 1350]
23, 7, 3.16, [2171, 1509, 1058]
23, 8, 3.16, [1028, 1509, 1497]
23, 9, 3.13, [521, 1509, 1157]
24, 0, 3.28, [1028, 1509, 1332]
24, 1, 3.26, [1141, 1509, 785]
24, 2, 3.25, [2320, 1509, 785]
24, 3, 3.22, [1402, 1509, 1332]
24, 4, 3.2, [1201, 1509, 1402]
24, 5, 3.13, [1028, 1509, 1611]
24, 6, 3.06, [1141, 3124, 1332]
24, 7, 3.04, [1028, 1247, 785]
24, 8, 3.02, [1141, 2320, 1332]
24, 9, 3.02, [1028, 1090, 785]
25, 0, 3.28, [1028, 1509, 1332]
25, 1, 3.26, [1141, 1509, 785]
25, 2, 3.19, [1028, 1509, 1425]
25, 3, 3.17, [2171, 1509, 1332]
25, 4, 3.16, [1417, 1509, 1091]
25, 5, 3.14, [1224, 1091, 1332]
25, 6, 3.14, [1028, 1509, 2320]
25, 7, 3.11, [3124, 1509, 785]
25, 8, 3.08, [1141, 5684, 1332]
25, 9, 3.04, [1141, 2332, 1332]
26, 0, 3.28, [1028, 1509, 1332]
26, 1, 3.26, [1141, 1509, 785]
26, 2, 3.21, [1141, 1509, 1157]
26, 3, 3.18, [1028, 1509, 1230]
26, 4, 3.15, [1028, 1509, 1417]
26, 5, 3.15, [1141, 1509, 1715]
26, 6, 3.13, [1141, 1509, 1201]
26, 7, 3.09, [1028, 1224, 785]
26, 8, 3.07, [5684, 521, 1332]
26, 9, 3.05, [1141, 1401, 1332]
27, 0, 3.28, [1028, 1509, 1332]
27, 1, 3.26, [1141, 1509, 785]
27, 2, 3.19, [1226, 1509, 1157]
27, 3, 3.17, [1990, 1509, 2332]
27, 4, 3.16, [1141, 1509, 1157]
27, 5, 3.14, [1125, 1509, 1157]
27, 6, 3.12, [1141, 1509, 1230]
27, 7, 3.09, [1028, 1091, 1332]
27, 8, 3.08, [905, 1350, 1424]
27, 9, 3.02, [1028, 1224, 1157]
28, 0, 3.28, [1028, 1509, 1332]
28, 1, 3.26, [1141, 1509, 785]
28, 2, 3.25, [1226, 1509, 1715]
28, 3, 3.25, [1247, 1509, 1332]
28, 4, 3.25, [1230, 1509, 1350]
28, 5, 3.16, [1028, 1509, 1497]
28, 6, 3.15, [3662, 1509, 785]
28, 7, 3.13, [1430, 1509, 1149]
28, 8, 3.04, [1028, 1247, 1480]
28, 9, 3.03, [1497, 1990, 1201]
29, 0, 3.28, [1028, 1509, 1332]
29, 1, 3.27, [1695, 1509, 1332]
29, 2, 3.26, [1141, 1509, 785]
29, 3, 3.18, [1224, 1509, 1332]
29, 4, 3.14, [1226, 1509, 1378]
29, 5, 3.12, [1028, 1509, 787]
29, 6, 3.1, [1028, 1509, 645]
29, 7, 3.07, [1141, 1695, 1332]
29, 8, 3.05, [1028, 1224, 785]
29, 9, 3.04, [1247, 1146, 785]
30, 0, 3.28, [1028, 1509, 1332]
30, 1, 3.27, [1695, 1509, 1332]
30, 2, 3.12, [1028, 1509, 1141]
30, 3, 3.1, [1906, 1509, 2171]
30, 4, 3.09, [1028, 1279, 1332]
30, 5, 3.08, [5684, 1509, 1125]
30, 6, 3.07, [1020, 975, 1332]
30, 7, 3.06, [1378, 1990, 1328]
30, 8, 3.02, [5684, 1226, 1078]
30, 9, 3.02, [1028, 1223, 140]
31, 0, 3.28, [1028, 1509, 1332]
31, 1, 3.27, [1695, 1509, 1332]
31, 2, 3.21, [1430, 1509, 1332]
31, 3, 3.18, [1201, 1509, 1141]
31, 4, 3.16, [1401, 1509, 1332]
31, 5, 3.15, [1695, 1509, 775]
31, 6, 3.15, [1695, 1509, 1402]
31, 7, 3.14, [1028, 1509, 1402]
31, 8, 3.02, [1935, 1695, 785]
31, 9, 3.02, [1906, 1090, 1332]
32, 0, 3.28, [1028, 1509, 1332]
32, 1, 3.27, [1695, 1509, 1332]
32, 2, 3.18, [1059, 1509, 2171]
32, 3, 3.17, [1131, 1509, 975]
32, 4, 3.13, [1028, 1223, 1425]
32, 5, 3.1, [1695, 1518, 1350]
32, 6, 3.06, [1430, 1990, 1141]
32, 7, 3.04, [1201, 1378, 1332]
32, 8, 3.04, [1201, 1437, 1332]
32, 9, 3.03, [1028, 1020, 1332]
33, 0, 3.28, [1028, 1509, 1332]
33, 1, 3.27, [1695, 1509, 1332]
33, 2, 3.17, [1497, 1509, 1332]
33, 3, 3.16, [1131, 1509, 1715]
33, 4, 3.11, [1695, 1509, 1715]
33, 5, 3.09, [1091, 1767, 1990]
33, 6, 3.08, [1028, 1350, 975]
33, 7, 3.04, [1328, 1430, 1230]
33, 8, 3.03, [326, 1497, 1351]
33, 9, 3.01, [1695, 1437, 1230]
34, 0, 3.28, [1028, 1509, 1332]
34, 1, 3.27, [1695, 1509, 1332]
34, 2, 3.25, [1028, 1509, 2320]
34, 3, 3.25, [1028, 1509, 1417]
34, 4, 3.16, [1695, 1509, 1990]
34, 5, 3.15, [1378, 140, 1509]
34, 6, 3.12, [1695, 1509, 1407]
34, 7, 3.07, [1028, 905, 1332]
34, 8, 3.06, [1223, 1141, 1332]
34, 9, 3.06, [1695, 1401, 1332]
35, 0, 3.28, [1028, 1509, 1332]
35, 1, 3.27, [1695, 1509, 1332]
35, 2, 3.2, [1028, 1509, 326]
35, 3, 3.19, [1368, 1509, 1350]
35, 4, 3.18, [1028, 1509, 1157]
35, 5, 3.16, [1767, 1509, 1226]
35, 6, 3.14, [1378, 1131, 1509]
35, 7, 3.13, [1695, 1509, 1715]
35, 8, 3.09, [521, 1442, 1332]
35, 9, 3.01, [1378, 1131, 1332]
36, 0, 3.28, [1028, 1509, 1332]
36, 1, 3.27, [1695, 1509, 1332]
36, 2, 3.22, [1368, 1509, 1715]
36, 3, 3.18, [1201, 1509, 1157]
36, 4, 3.17, [975, 1509, 1378]
36, 5, 3.16, [1028, 1509, 1068]
36, 6, 3.08, [1028, 1279, 1401]
36, 7, 3.07, [1695, 1509, 3124]
36, 8, 3.04, [1401, 2171, 1157]
36, 9, 3.03, [1028, 576, 521]
37, 0, 3.28, [1028, 1509, 1332]
37, 1, 3.27, [1695, 1509, 1332]
37, 2, 3.21, [1417, 1509, 1990]
37, 3, 3.17, [1695, 1509, 1223]
37, 4, 3.14, [1368, 1509, 1230]
37, 5, 3.11, [1131, 1509, 1247]
37, 6, 3.05, [1401, 2320, 1402]
37, 7, 3.05, [1201, 645, 1332]
37, 8, 3.02, [1028, 1020, 1157]
37, 9, 3.01, [1028, 1417, 1078]
38, 0, 3.28, [1028, 1509, 1332]
38, 1, 3.27, [1695, 1509, 1332]
38, 2, 3.17, [1424, 1509, 1125]
38, 3, 3.13, [1695, 1509, 1332]
38, 4, 3.13, [1328, 1509, 1715]
38, 5, 3.12, [1417, 1509, 1230]
38, 6, 3.12, [5684, 1509, 1168]
38, 7, 3.05, [1417, 1351, 1332]
38, 8, 3.04, [2171, 1425, 1935]
38, 9, 3.02, [1028, 1223, 1442]
39, 0, 3.28, [1028, 1509, 1332]
39, 1, 3.27, [1695, 1509, 1332]
39, 2, 3.23, [1328, 1509, 1157]
39, 3, 3.18, [1028, 1509, 1990]
39, 4, 3.15, [695, 1509, 1332]
39, 5, 3.13, [1028, 1509, 1332]
39, 6, 3.05, [1695, 1425, 1715]
39, 7, 3.03, [1935, 3124, 717]
39, 8, 3.03, [1695, 1580, 1332]
39, 9, 3.03, [1328, 1767, 1332]
40, 0, 3.28, [1028, 1509, 1332]
40, 1, 3.27, [1695, 1509, 1332]
40, 2, 3.18, [1028, 1509, 1437]
40, 3, 3.15, [645, 1509, 1424]
40, 4, 3.1, [576, 1025, 1332]
40, 5, 3.07, [1990, 1351, 1715]
40, 6, 3.04, [1028, 1091, 1131]
40, 7, 3.04, [1028, 1351, 1990]
40, 8, 3.04, [3124, 2320, 1332]
40, 9, 3.03, [1028, 1695, 1332]
41, 0, 3.28, [1028, 1509, 1332]
41, 1, 3.27, [1695, 1509, 1332]
41, 2, 3.15, [775, 1509, 1990]
41, 3, 3.14, [645, 1509, 1157]
41, 4, 3.14, [1403, 1509, 326]
41, 5, 3.06, [1028, 1990, 1332]
41, 6, 3.04, [1028, 1518, 1332]
41, 7, 3.02, [1402, 1131, 1332]
41, 8, 3.01, [2320, 2332, 1437]
41, 9, 3.0, [1767, 1378, 1437]
42, 0, 3.28, [1028, 1509, 1332]
42, 1, 3.27, [1028, 1509, 1827]
42, 2, 3.27, [1695, 1509, 1332]
42, 3, 3.23, [1403, 1509, 905]
42, 4, 3.2, [1695, 1509, 1332]
42, 5, 3.18, [1028, 1509, 1068]
42, 6, 3.17, [1611, 1509, 1157]
42, 7, 3.13, [1518, 1509, 1990]
42, 8, 3.07, [1125, 1350, 326]
42, 9, 3.04, [775, 1518, 1332]
43, 0, 3.28, [1480, 1509, 1827]
43, 1, 3.28, [1028, 1509, 1332]
43, 2, 3.27, [1028, 1509, 1827]
43, 3, 3.2, [1028, 1509, 1020]
43, 4, 3.18, [1695, 1509, 1417]
43, 5, 3.18, [1028, 1509, 1430]
43, 6, 3.09, [1028, 1350, 1990]
43, 7, 3.08, [1695, 1350, 1157]
43, 8, 3.06, [1028, 1091, 1332]
43, 9, 3.06, [1028, 1417, 1332]
44, 0, 3.28, [1480, 1509, 1827]
44, 1, 3.28, [1028, 1509, 1332]
44, 2, 3.18, [1480, 1509, 1442]
44, 3, 3.17, [1611, 1509, 1827]
44, 4, 3.16, [785, 1509, 1230]
44, 5, 3.14, [1480, 1425, 1332]
44, 6, 3.13, [1279, 1509, 1827]
44, 7, 3.07, [1226, 2171, 1425]
44, 8, 3.05, [1028, 1146, 1827]
44, 9, 3.04, [787, 1226, 1442]
45, 0, 3.28, [1480, 1509, 1827]
45, 1, 3.28, [1028, 1509, 1332]
45, 2, 3.21, [1347, 1509, 1332]
45, 3, 3.18, [1611, 1509, 1990]
45, 4, 3.17, [2332, 1509, 1827]
45, 5, 3.17, [1480, 1509, 1424]
45, 6, 3.08, [1480, 1990, 1827]
45, 7, 3.05, [1480, 1403, 1442]
45, 8, 3.03, [1225, 1990, 1332]
45, 9, 3.01, [1131, 1028, 1442]
46, 0, 3.28, [1480, 1509, 1827]
46, 1, 3.28, [1028, 1509, 1332]
46, 2, 3.2, [1437, 1509, 1332]
46, 3, 3.15, [1028, 1509, 1990]
46, 4, 3.13, [1028, 1509, 1715]
46, 5, 3.11, [1480, 1509, 1230]
46, 6, 3.07, [1347, 1509, 1715]
46, 7, 3.06, [1028, 1225, 1157]
46, 8, 3.06, [326, 1091, 1430]
46, 9, 3.06, [1226, 1509, 645]
47, 0, 3.28, [1480, 1509, 1827]
47, 1, 3.28, [1028, 1509, 1332]
47, 2, 3.19, [1401, 1509, 1230]
47, 3, 3.14, [1480, 1509, 1715]
47, 4, 3.14, [1767, 1509, 645]
47, 5, 3.12, [905, 1509, 1223]
47, 6, 3.09, [1695, 1509, 645]
47, 7, 3.09, [1437, 1425, 1827]
47, 8, 3.05, [975, 326, 1332]
47, 9, 3.04, [1058, 1695, 1332]
48, 0, 3.28, [1480, 1509, 1827]
48, 1, 3.28, [1028, 1509, 1332]
48, 2, 3.2, [1028, 1509, 1247]
48, 3, 3.17, [1347, 1509, 1827]
48, 4, 3.13, [1767, 1509, 1028]
48, 5, 3.07, [1497, 1058, 1146]
48, 6, 3.06, [1480, 1332, 645]
48, 7, 3.06, [1351, 2332, 1827]
48, 8, 3.05, [1279, 1146, 1332]
48, 9, 3.02, [695, 1223, 1131]
49, 0, 3.28, [1480, 1509, 1827]
49, 1, 3.28, [1028, 1509, 1332]
49, 2, 3.27, [1417, 1509, 1332]
49, 3, 3.19, [1028, 1509, 905]
49, 4, 3.16, [1347, 1509, 1332]
49, 5, 3.14, [1611, 1509, 1827]
49, 6, 3.09, [1480, 1091, 1332]
49, 7, 3.07, [1028, 2332, 1332]
49, 8, 3.05, [1480, 1125, 2332]
49, 9, 3.04, [905, 1827, 785]
50, 0, 3.28, [1480, 1509, 1827]
50, 1, 3.28, [1028, 1509, 1332]
50, 2, 3.27, [1497, 1509, 1332]
50, 3, 3.22, [1378, 1509, 905]
50, 4, 3.21, [1480, 1509, 1157]
50, 5, 3.2, [1509, 1417, 1827]
50, 6, 3.2, [1028, 1509, 1226]
50, 7, 3.18, [1141, 1509, 1226]
50, 8, 3.03, [1480, 1025, 1068]
50, 9, 3.03, [1028, 1090, 1990]
