n_nodes,influence,n0,n1,n2,n3,n4,n5,n6,n7,n8,n9,n10,n11,n12,n13,n14
15,66.3900,55200,142657,131905,79362,192547,139206,260935,181674,212558,151759,207259,53751,144603,107550,118078
15,65.7300,55200,142657,131905,79362,192547,230418,260935,181674,212558,151759,13840,53751,144603,107550,118078
15,65.7300,55200,142657,131905,79362,192547,230418,260935,181674,212558,151759,13840,53751,144603,107550,118078
15,65.7300,55200,142657,131905,79362,192547,230418,260935,181674,212558,151759,13840,53751,144603,107550,118078
15,65.3800,55200,142657,131905,53751,79362,260935,181674,118078,139206,212558,144603,151759,107550,13840,192547
15,65.3800,55200,142657,131905,53751,79362,260935,181674,118078,139206,212558,144603,151759,107550,13840,192547
15,65.1700,55200,142657,131905,79362,192547,139206,260935,181674,212558,151759,207259,53751,144603,107550,118078
15,65.1700,55200,142657,131905,79362,192547,139206,260935,181674,212558,151759,207259,53751,144603,107550,118078
15,65.1700,55200,142657,131905,79362,192547,139206,260935,181674,212558,151759,207259,53751,144603,107550,118078
15,65.1700,55200,142657,131905,79362,192547,139206,260935,181674,212558,151759,207259,53751,144603,107550,118078
15,65.1700,55200,142657,131905,79362,192547,139206,260935,181674,212558,151759,207259,53751,144603,107550,118078
15,65.1700,55200,142657,131905,79362,192547,139206,260935,181674,212558,151759,207259,53751,144603,107550,118078
15,65.1700,55200,142657,131905,79362,192547,139206,260935,181674,212558,151759,207259,53751,144603,107550,118078
15,65.1700,55200,142657,131905,79362,192547,139206,260935,181674,212558,151759,207259,53751,144603,107550,118078
15,65.1700,55200,142657,131905,79362,192547,139206,260935,181674,212558,151759,207259,53751,144603,107550,118078
15,65.1700,55200,142657,131905,79362,192547,139206,260935,181674,212558,151759,207259,53751,144603,107550,118078
