generation number, individual number, fitness, candidate
0, 0, 3.14, [1896, 3755, 3746]
0, 1, 3.13, [1896, 1834, 3100]
0, 2, 3.08, [1831, 3740, 3102]
0, 3, 3.08, [1896, 3102, 3100]
0, 4, 3.06, [2464, 2229, 3733]
0, 5, 3.06, [159, 4129, 996]
0, 6, 3.04, [159, 2464, 3734]
0, 7, 3.03, [546, 4301, 1040]
0, 8, 3.01, [282, 1541, 4301]
0, 9, 3.0, [1896, 1006, 3734]
1, 0, 3.32, [2490, 3755, 3100]
1, 1, 3.17, [1831, 1605, 3100]
1, 2, 3.16, [1896, 3755, 689]
1, 3, 3.15, [3750, 3755, 699]
1, 4, 3.14, [1896, 3755, 3746]
1, 5, 3.13, [1896, 1834, 3100]
1, 6, 3.13, [1896, 1834, 3100]
1, 7, 3.11, [1896, 3759, 3102]
1, 8, 3.11, [2490, 3102, 3746]
1, 9, 3.09, [1831, 3740, 3746]
2, 0, 3.32, [2490, 3755, 3100]
2, 1, 3.19, [4794, 3737, 3741]
2, 2, 3.17, [2490, 4131, 3100]
2, 3, 3.17, [1831, 1605, 3100]
2, 4, 3.15, [3749, 3755, 3759]
2, 5, 3.14, [2463, 2261, 3739]
2, 6, 3.14, [1831, 3755, 1321]
2, 7, 3.12, [3105, 3755, 3753]
2, 8, 3.08, [1040, 3742, 2156]
2, 9, 3.08, [1040, 3755, 4129]
3, 0, 3.32, [2490, 3755, 3100]
3, 1, 3.19, [3105, 3755, 3100]
3, 2, 3.19, [4794, 3737, 3741]
3, 3, 3.18, [1032, 3755, 3100]
3, 4, 3.15, [2490, 3756, 4128]
3, 5, 3.14, [2490, 1825, 3740]
3, 6, 3.14, [3105, 3737, 3741]
3, 7, 3.12, [3747, 3737, 3100]
3, 8, 3.12, [2490, 1322, 3741]
3, 9, 3.09, [1831, 1605, 3761]
4, 0, 3.32, [2490, 3755, 3100]
4, 1, 3.27, [3746, 3755, 3100]
4, 2, 3.23, [3105, 1825, 3100]
4, 3, 3.22, [3105, 3755, 3100]
4, 4, 3.19, [3105, 3755, 3100]
4, 5, 3.14, [3105, 3744, 1315]
4, 6, 3.12, [2490, 3744, 3740]
4, 7, 3.1, [4130, 1825, 3740]
4, 8, 3.1, [1541, 3737, 3741]
4, 9, 3.1, [3105, 3755, 270]
5, 0, 3.32, [2490, 3755, 3100]
5, 1, 3.27, [3736, 3755, 3100]
5, 2, 3.27, [3746, 3755, 3100]
5, 3, 3.21, [1686, 3755, 689]
5, 4, 3.2, [3105, 3755, 3100]
5, 5, 3.17, [3105, 291, 3100]
5, 6, 3.16, [3753, 3742, 2490]
5, 7, 3.15, [2490, 3741, 3100]
5, 8, 3.13, [1833, 3742, 1006]
5, 9, 3.12, [159, 3741, 3100]
6, 0, 3.32, [2490, 3755, 3100]
6, 1, 3.27, [3736, 3755, 3100]
6, 2, 3.26, [3736, 3747, 3100]
6, 3, 3.25, [3746, 3755, 3742]
6, 4, 3.19, [3754, 3739, 3100]
6, 5, 3.18, [3746, 291, 3100]
6, 6, 3.16, [2260, 3747, 3746]
6, 7, 3.15, [3746, 3755, 4794]
6, 8, 3.14, [3105, 3755, 3740]
6, 9, 3.11, [2261, 3755, 3736]
7, 0, 3.32, [2490, 3755, 3100]
7, 1, 3.28, [3736, 3755, 291]
7, 2, 3.27, [3736, 3755, 3100]
7, 3, 3.2, [3746, 24, 3100]
7, 4, 3.18, [2490, 293, 3100]
7, 5, 3.17, [3746, 3755, 3100]
7, 6, 3.16, [3736, 3737, 3752]
7, 7, 3.15, [3777, 3755, 1825]
7, 8, 3.1, [4131, 3755, 1040]
7, 9, 3.09, [2260, 229, 3100]
8, 0, 3.32, [2490, 3755, 3100]
8, 1, 3.28, [3736, 3755, 291]
8, 2, 3.21, [3736, 1829, 3100]
8, 3, 3.2, [3754, 3733, 3100]
8, 4, 3.2, [3736, 287, 291]
8, 5, 3.19, [3746, 3755, 689]
8, 6, 3.16, [3744, 3755, 3100]
8, 7, 3.14, [2490, 3755, 3736]
8, 8, 3.1, [3736, 2261, 699]
8, 9, 3.08, [2490, 24, 3760]
9, 0, 3.32, [2490, 3755, 3100]
9, 1, 3.29, [4128, 3742, 3100]
9, 2, 3.28, [3736, 3755, 291]
9, 3, 3.24, [3736, 3755, 3758]
9, 4, 3.19, [3749, 3755, 3100]
9, 5, 3.17, [3741, 1829, 3100]
9, 6, 3.16, [2490, 4129, 3100]
9, 7, 3.13, [3744, 1829, 291]
9, 8, 3.1, [3736, 3733, 3760]
9, 9, 3.08, [2490, 352, 291]
10, 0, 3.32, [2490, 3755, 3100]
10, 1, 3.29, [4128, 3742, 3100]
10, 2, 3.21, [3736, 1032, 3100]
10, 3, 3.18, [2490, 3742, 3733]
10, 4, 3.12, [3754, 3755, 3100]
10, 5, 3.12, [1825, 1896, 1092]
10, 6, 3.11, [282, 3747, 3744]
10, 7, 3.1, [4130, 3755, 3100]
10, 8, 3.08, [2490, 3761, 3100]
10, 9, 3.06, [2260, 3760, 3100]
