generation number, individual number, fitness, candidate
0, 0, 14.09, [2463, 4131, 77]
0, 1, 12.98, [1833, 77, 3748]
0, 2, 11.92, [3736, 3744, 3747]
0, 3, 11.43, [270, 3750, 1830]
0, 4, 11.16, [3105, 693, 1826]
0, 5, 10.46, [2490, 287, 3746]
0, 6, 10.12, [4108, 1834, 4128]
0, 7, 9.47, [996, 3753, 229]
0, 8, 6.37, [4184, 3744, 4301]
0, 9, 6.16, [263, 1605, 270]
1, 0, 18.5, [1825, 77, 3747]
1, 1, 17.07, [1825, 77, 4131]
1, 2, 14.09, [2463, 4131, 77]
1, 3, 14.04, [1987, 3748, 77]
1, 4, 13.84, [3739, 2400, 77]
1, 5, 12.98, [1833, 77, 3748]
1, 6, 11.66, [3736, 4131, 263]
1, 7, 11.51, [3736, 3744, 3753]
1, 8, 11.43, [2463, 3744, 3739]
1, 9, 9.67, [2463, 4130, 1315]
2, 0, 18.5, [1825, 77, 3747]
2, 1, 17.92, [1825, 77, 4131]
2, 2, 17.07, [1825, 77, 4131]
2, 3, 16.4, [2229, 3748, 77]
2, 4, 14.79, [1825, 275, 1322]
2, 5, 14.55, [1825, 275, 3747]
2, 6, 13.98, [2463, 4131, 77]
2, 7, 13.28, [1825, 3753, 3743]
2, 8, 12.46, [2463, 271, 77]
2, 9, 12.19, [1686, 77, 4131]
3, 0, 19.88, [1825, 77, 3742]
3, 1, 18.5, [1825, 77, 3747]
3, 2, 17.92, [1825, 77, 4131]
3, 3, 15.69, [3737, 77, 3736]
3, 4, 14.65, [3733, 4131, 77]
3, 5, 13.5, [4128, 77, 4131]
3, 6, 13.22, [1825, 1040, 3747]
3, 7, 13.11, [1833, 77, 3748]
3, 8, 12.72, [1825, 359, 4130]
3, 9, 12.22, [1825, 1987, 4130]
4, 0, 19.88, [1825, 77, 3742]
4, 1, 18.5, [1825, 77, 3747]
4, 2, 15.47, [3744, 77, 1322]
4, 3, 15.41, [3752, 77, 3747]
4, 4, 13.41, [2463, 77, 3748]
4, 5, 13.08, [1830, 270, 3742]
4, 6, 12.93, [1825, 3740, 4131]
4, 7, 12.72, [4128, 159, 3747]
4, 8, 11.99, [1828, 77, 4131]
4, 9, 11.99, [1825, 2229, 1686]
5, 0, 19.88, [1825, 77, 3742]
5, 1, 18.67, [1825, 77, 3739]
5, 2, 18.5, [1825, 77, 3747]
5, 3, 18.4, [1825, 77, 1315]
5, 4, 16.53, [1825, 275, 3742]
5, 5, 14.73, [1825, 275, 1322]
5, 6, 14.48, [1321, 3100, 3736]
5, 7, 14.07, [3744, 77, 3748]
5, 8, 13.82, [2595, 275, 3742]
5, 9, 11.58, [1825, 1605, 3745]
6, 0, 20.75, [1825, 77, 3736]
6, 1, 20.5, [1825, 77, 3752]
6, 2, 19.88, [1825, 77, 3742]
6, 3, 18.67, [1825, 77, 3739]
6, 4, 16.04, [1830, 77, 3739]
6, 5, 15.25, [1825, 284, 3740]
6, 6, 15.01, [1825, 4131, 3739]
6, 7, 14.04, [1825, 3755, 3739]
6, 8, 11.3, [3744, 3102, 3742]
6, 9, 10.71, [1825, 1605, 271]
7, 0, 20.75, [1825, 77, 3736]
7, 1, 20.5, [1825, 77, 3752]
7, 2, 20.36, [1825, 77, 3100]
7, 3, 17.05, [359, 77, 3742]
7, 4, 15.38, [1825, 279, 3746]
7, 5, 15.36, [3747, 77, 3743]
7, 6, 14.05, [1830, 159, 3752]
7, 7, 13.13, [1896, 3736, 270]
7, 8, 12.57, [1825, 159, 2595]
7, 9, 11.4, [1825, 1006, 546]
8, 0, 20.75, [1825, 77, 3736]
8, 1, 20.5, [1825, 77, 3752]
8, 2, 18.05, [1825, 3105, 3736]
8, 3, 17.7, [4108, 77, 3736]
8, 4, 17.57, [1825, 159, 3742]
8, 5, 14.58, [1825, 3758, 3746]
8, 6, 13.6, [2261, 77, 3753]
8, 7, 13.42, [285, 1825, 3747]
8, 8, 13.05, [359, 275, 3752]
8, 9, 12.8, [1321, 77, 3759]
9, 0, 20.75, [1825, 77, 3736]
9, 1, 20.5, [1825, 77, 3752]
9, 2, 18.87, [1825, 77, 3754]
9, 3, 18.06, [1825, 275, 3736]
9, 4, 17.26, [1825, 275, 3752]
9, 5, 16.94, [2260, 77, 3105]
9, 6, 14.85, [2595, 3100, 3752]
9, 7, 14.49, [1825, 263, 3736]
9, 8, 13.12, [3754, 275, 3736]
9, 9, 12.92, [3754, 77, 1006]
10, 0, 20.75, [1825, 77, 3736]
10, 1, 20.5, [1825, 77, 3752]
10, 2, 18.68, [1825, 77, 3749]
10, 3, 18.13, [1825, 77, 1541]
10, 4, 16.68, [3742, 77, 3752]
10, 5, 15.97, [1825, 3739, 3105]
10, 6, 15.89, [3761, 77, 3736]
10, 7, 15.27, [1828, 77, 3736]
10, 8, 14.17, [3740, 77, 3754]
10, 9, 13.23, [1896, 2229, 3741]
