n_nodes,influence,n0,n1,n2,n3,n4
5,994.3600,731,821,234,604,967
5,994.2600,967,234,821,731,166
5,994.2400,731,821,234,604,967
5,994.2400,731,821,234,604,967
5,994.1800,731,821,234,604,967
5,994.1800,731,821,234,604,967
5,994.1600,731,821,234,604,967
5,994.0800,731,821,234,604,967
5,994.0800,731,821,234,604,967
5,994.0800,731,821,234,604,967
5,994.0800,731,821,234,604,967
5,994.0800,731,821,234,604,967
5,994.0800,731,821,234,604,967
5,994.0800,731,821,234,604,967
5,994.0800,731,821,234,604,967
5,994.0800,731,821,234,604,967
