generation number, individual number, fitness, candidate
0, 0, 36.77, [439, 5117]
0, 1, 31.87, [5117, 247]
0, 2, 31.19, [841, 5117]
0, 3, 24.9, [2846, 1141]
0, 4, 9.53, [1141, 716]
0, 5, 9.0, [1157, 476]
0, 6, 7.0, [216, 487]
0, 7, 7.0, [476, 429]
0, 8, 6.46, [662, 841]
0, 9, 2.54, [635, 1141]
1, 0, 36.77, [439, 5117]
1, 1, 31.87, [5117, 247]
1, 2, 31.03, [5117, 216]
1, 3, 9.26, [934, 1289]
1, 4, 8.0, [905, 970]
1, 5, 6.53, [1430, 905]
1, 6, 6.04, [1347, 216]
1, 7, 4.0, [905, 1378]
1, 8, 4.0, [339, 247]
1, 9, 3.0, [850, 545]
2, 0, 36.77, [439, 5117]
2, 1, 32.97, [1543, 5117]
2, 2, 31.87, [5117, 247]
2, 3, 31.03, [5117, 216]
2, 4, 8.28, [1567, 1347]
2, 5, 8.0, [834, 247]
2, 6, 8.0, [2032, 905]
2, 7, 6.0, [656, 1567]
2, 8, 6.0, [691, 1381]
2, 9, 5.57, [1430, 216]
3, 0, 36.77, [439, 5117]
3, 1, 32.97, [1543, 5117]
3, 2, 31.41, [850, 5117]
3, 3, 9.0, [439, 675]
3, 4, 9.0, [1543, 2032]
3, 5, 6.0, [1567, 1029]
3, 6, 5.35, [1347, 711]
3, 7, 5.0, [2436, 1414]
3, 8, 4.0, [15, 751]
3, 9, 3.0, [545, 78]
4, 0, 36.77, [439, 5117]
4, 1, 32.97, [1543, 5117]
4, 2, 30.07, [545, 5117]
4, 3, 30.02, [545, 5117]
4, 4, 13.48, [439, 336]
4, 5, 13.47, [439, 336]
4, 6, 12.0, [934, 2032]
4, 7, 5.0, [1394, 1543]
4, 8, 5.0, [786, 1394]
4, 9, 4.0, [710, 216]
5, 0, 36.77, [439, 5117]
5, 1, 32.97, [1543, 5117]
5, 2, 11.0, [439, 751]
5, 3, 9.0, [834, 662]
5, 4, 7.0, [974, 694]
5, 5, 7.0, [1567, 905]
5, 6, 7.0, [1543, 905]
5, 7, 6.0, [902, 786]
5, 8, 3.22, [483, 1555]
5, 9, 3.0, [1509, 902]
6, 0, 36.77, [439, 5117]
6, 1, 34.44, [520, 15]
6, 2, 33.09, [1414, 5117]
6, 3, 32.97, [1543, 5117]
6, 4, 11.0, [934, 662]
6, 5, 10.51, [439, 841]
6, 6, 8.0, [934, 2436]
6, 7, 8.0, [934, 2436]
6, 8, 7.0, [834, 780]
6, 9, 6.0, [741, 2341]
7, 0, 36.77, [439, 5117]
7, 1, 34.44, [520, 15]
7, 2, 29.92, [731, 5117]
7, 3, 10.4, [964, 495]
7, 4, 9.0, [439, 1048]
7, 5, 6.16, [1543, 1289]
7, 6, 6.0, [2340, 710]
7, 7, 6.0, [1414, 922]
7, 8, 5.0, [662, 675]
7, 9, 5.0, [1543, 1509]
8, 0, 38.4, [520, 336]
8, 1, 36.77, [439, 5117]
8, 2, 34.44, [520, 15]
8, 3, 31.44, [1540, 5117]
8, 4, 7.58, [819, 1430]
8, 5, 7.0, [990, 690]
8, 6, 6.0, [731, 970]
8, 7, 6.0, [609, 1514]
8, 8, 5.0, [656, 15]
8, 9, 4.0, [731, 1827]
9, 0, 38.4, [520, 336]
9, 1, 36.77, [439, 5117]
9, 2, 36.46, [964, 5117]
9, 3, 29.58, [1048, 5117]
9, 4, 9.0, [439, 711]
9, 5, 8.5, [905, 336]
9, 6, 6.43, [691, 336]
9, 7, 6.0, [450, 1543]
9, 8, 4.47, [1141, 587]
9, 9, 4.0, [320, 1827]
10, 0, 38.44, [520, 1567]
10, 1, 38.4, [520, 336]
10, 2, 37.77, [520, 905]
10, 3, 36.77, [439, 5117]
10, 4, 30.77, [495, 5117]
10, 5, 11.0, [439, 1574]
10, 6, 10.43, [336, 2032]
10, 7, 9.0, [439, 1827]
10, 8, 8.64, [964, 320]
10, 9, 6.59, [731, 336]
11, 0, 38.44, [520, 1567]
11, 1, 38.4, [520, 336]
11, 2, 37.99, [520, 1347]
11, 3, 31.66, [1347, 5117]
11, 4, 12.43, [439, 1347]
11, 5, 11.0, [716, 905]
11, 6, 9.0, [1138, 1028]
11, 7, 6.0, [1509, 1381]
11, 8, 4.0, [1580, 247]
11, 9, 3.0, [1540, 1353]
12, 0, 38.44, [520, 786]
12, 1, 38.44, [520, 1567]
12, 2, 38.4, [520, 336]
12, 3, 38.35, [520, 786]
12, 4, 38.13, [520, 1347]
12, 5, 35.74, [520, 1543]
12, 6, 7.0, [1157, 990]
12, 7, 6.0, [2490, 990]
12, 8, 5.0, [1394, 656]
12, 9, 5.0, [2341, 1543]
13, 0, 38.44, [520, 786]
13, 1, 38.44, [520, 1567]
13, 2, 35.65, [520, 339]
13, 3, 9.0, [2340, 487]
13, 4, 7.0, [819, 656]
13, 5, 7.0, [974, 656]
13, 6, 6.0, [656, 1540]
13, 7, 6.0, [656, 922]
13, 8, 5.35, [1229, 1347]
13, 9, 5.0, [1543, 1580]
14, 0, 38.44, [520, 786]
14, 1, 38.44, [520, 1567]
14, 2, 38.38, [520, 786]
14, 3, 36.85, [520, 1289]
14, 4, 24.55, [2846, 1580]
14, 5, 5.53, [841, 974]
14, 6, 5.0, [809, 1219]
14, 7, 4.56, [1430, 1048]
14, 8, 3.0, [216, 3639]
14, 9, 2.45, [3639, 1141]
15, 0, 38.44, [520, 786]
15, 1, 38.44, [520, 1567]
15, 2, 38.35, [520, 786]
15, 3, 35.41, [520, 339]
15, 4, 8.48, [809, 336]
15, 5, 8.3, [1347, 656]
15, 6, 8.0, [970, 1827]
15, 7, 5.0, [798, 786]
15, 8, 5.0, [339, 662]
15, 9, 5.0, [635, 786]
16, 0, 38.44, [520, 786]
16, 1, 38.44, [520, 1567]
16, 2, 9.0, [990, 662]
16, 3, 8.47, [247, 336]
16, 4, 7.0, [974, 786]
16, 5, 6.44, [1394, 336]
16, 6, 6.0, [816, 450]
16, 7, 6.0, [850, 1567]
16, 8, 6.0, [786, 1219]
16, 9, 4.0, [247, 691]
17, 0, 38.44, [520, 786]
17, 1, 38.44, [520, 1567]
17, 2, 38.41, [520, 786]
17, 3, 38.38, [520, 656]
17, 4, 35.74, [520, 1603]
17, 5, 31.21, [5117, 786]
17, 6, 7.04, [974, 1347]
17, 7, 6.0, [495, 786]
17, 8, 6.0, [1029, 1543]
17, 9, 6.0, [450, 1567]
18, 0, 38.44, [520, 786]
18, 1, 38.44, [520, 1567]
18, 2, 35.59, [520, 697]
18, 3, 6.0, [690, 786]
18, 4, 6.0, [495, 786]
18, 5, 5.0, [2490, 786]
18, 6, 4.0, [635, 247]
18, 7, 4.0, [905, 1378]
18, 8, 3.0, [1603, 1967]
18, 9, 3.0, [1029, 339]
19, 0, 38.56, [520, 656]
19, 1, 38.44, [520, 786]
19, 2, 38.44, [520, 1567]
19, 3, 10.55, [834, 336]
19, 4, 7.0, [741, 697]
19, 5, 7.0, [247, 786]
19, 6, 6.0, [666, 990]
19, 7, 6.0, [1514, 1048]
19, 8, 6.0, [710, 1567]
19, 9, 5.0, [635, 1567]
20, 0, 38.56, [520, 656]
20, 1, 38.44, [520, 816]
20, 2, 38.44, [520, 786]
20, 3, 12.0, [1138, 656]
20, 4, 10.0, [873, 990]
20, 5, 9.0, [834, 656]
20, 6, 7.5, [495, 336]
20, 7, 7.0, [587, 816]
20, 8, 6.0, [710, 786]
20, 9, 4.0, [1219, 710]
21, 0, 38.71, [520, 816]
21, 1, 38.56, [520, 656]
21, 2, 38.44, [520, 816]
21, 3, 8.51, [751, 336]
21, 4, 7.0, [741, 1157]
21, 5, 6.0, [731, 2032]
21, 6, 5.57, [841, 905]
21, 7, 5.0, [1229, 656]
21, 8, 3.22, [1555, 1045]
21, 9, 3.0, [78, 483]
22, 0, 38.71, [520, 816]
22, 1, 38.56, [520, 656]
22, 2, 38.5, [520, 694]
22, 3, 34.44, [520, 731]
22, 4, 12.95, [964, 656]
22, 5, 10.0, [716, 809]
22, 6, 7.0, [78, 741]
22, 7, 5.0, [3639, 816]
22, 8, 5.0, [587, 922]
22, 9, 4.47, [1289, 1430]
23, 0, 38.71, [520, 816]
23, 1, 38.59, [520, 694]
23, 2, 38.56, [520, 656]
23, 3, 35.53, [520, 1225]
23, 4, 10.75, [3147, 964]
23, 5, 8.0, [2340, 816]
23, 6, 7.0, [1414, 974]
23, 7, 6.32, [1347, 1157]
23, 8, 6.0, [450, 819]
23, 9, 5.0, [2490, 816]
24, 0, 38.71, [520, 816]
24, 1, 38.59, [520, 694]
24, 2, 35.62, [520, 1569]
24, 3, 10.0, [716, 1967]
24, 4, 9.0, [662, 990]
24, 5, 7.0, [247, 656]
24, 6, 5.0, [1225, 819]
24, 7, 5.0, [320, 786]
24, 8, 4.0, [247, 1378]
24, 9, 4.0, [922, 697]
25, 0, 38.71, [520, 816]
25, 1, 38.59, [520, 694]
25, 2, 24.48, [735, 2846]
25, 3, 12.0, [1138, 816]
25, 4, 10.54, [1514, 336]
25, 5, 6.44, [841, 816]
25, 6, 6.0, [690, 816]
25, 7, 6.0, [970, 1569]
25, 8, 6.0, [487, 798]
25, 9, 3.0, [320, 78]
26, 0, 38.71, [520, 816]
26, 1, 38.59, [520, 694]
26, 2, 38.41, [520, 694]
26, 3, 28.53, [716, 2846]
26, 4, 24.51, [1048, 2846]
26, 5, 12.0, [662, 439]
26, 6, 5.0, [1353, 694]
26, 7, 5.0, [662, 1003]
26, 8, 5.0, [735, 694]
26, 9, 3.0, [666, 1157]
27, 0, 38.71, [520, 816]
27, 1, 38.59, [520, 694]
27, 2, 37.29, [520, 809]
27, 3, 34.29, [520, 922]
27, 4, 7.0, [1514, 710]
27, 5, 7.0, [741, 78]
27, 6, 6.0, [495, 819]
27, 7, 6.0, [922, 816]
27, 8, 5.0, [675, 694]
27, 9, 5.0, [656, 3639]
28, 0, 38.74, [520, 694]
28, 1, 38.71, [520, 816]
28, 2, 38.59, [520, 694]
28, 3, 38.44, [520, 694]
28, 4, 34.5, [520, 609]
28, 5, 26.83, [1025, 2846]
28, 6, 12.5, [964, 694]
28, 7, 6.0, [697, 694]
28, 8, 6.0, [970, 731]
28, 9, 4.36, [1555, 697]
29, 0, 38.74, [520, 819]
29, 1, 38.74, [520, 694]
29, 2, 38.71, [520, 816]
29, 3, 11.0, [819, 934]
29, 4, 10.0, [785, 694]
29, 5, 7.0, [247, 694]
29, 6, 5.0, [1567, 545]
29, 7, 5.0, [831, 816]
29, 8, 4.65, [1430, 1048]
29, 9, 4.0, [905, 1419]
30, 0, 38.74, [520, 819]
30, 1, 38.74, [520, 694]
30, 2, 12.0, [1138, 816]
30, 3, 8.0, [934, 1225]
30, 4, 8.0, [1414, 819]
30, 5, 6.49, [336, 798]
30, 6, 6.0, [320, 873]
30, 7, 5.0, [609, 2340]
30, 8, 5.0, [1394, 819]
30, 9, 4.0, [666, 1827]
31, 0, 38.74, [520, 819]
31, 1, 38.74, [520, 694]
31, 2, 38.26, [520, 694]
31, 3, 12.0, [1138, 819]
31, 4, 9.0, [990, 819]
31, 5, 8.0, [1414, 819]
31, 6, 7.0, [809, 694]
31, 7, 7.0, [1381, 1157]
31, 8, 7.0, [247, 694]
31, 9, 6.0, [1540, 819]
32, 0, 38.74, [520, 819]
32, 1, 38.74, [520, 694]
32, 2, 38.62, [520, 819]
32, 3, 13.0, [1381, 439]
32, 4, 9.0, [970, 694]
32, 5, 6.49, [1509, 336]
32, 6, 6.0, [1543, 495]
32, 7, 6.0, [3639, 2070]
32, 8, 4.5, [1430, 1509]
32, 9, 4.0, [1225, 1574]
33, 0, 39.65, [520, 873]
33, 1, 38.74, [520, 819]
33, 2, 38.74, [520, 694]
33, 3, 38.05, [520, 1430]
33, 4, 12.0, [716, 819]
33, 5, 11.36, [1025, 439]
33, 6, 9.0, [834, 819]
33, 7, 8.0, [675, 934]
33, 8, 7.0, [3147, 873]
33, 9, 6.0, [834, 1381]
34, 0, 39.65, [520, 873]
34, 1, 38.74, [520, 819]
34, 2, 11.0, [1138, 247]
34, 3, 9.0, [476, 1219]
34, 4, 7.5, [690, 336]
34, 5, 6.0, [990, 1045]
34, 6, 5.0, [922, 1827]
34, 7, 4.39, [1025, 1048]
34, 8, 4.0, [735, 247]
34, 9, 4.0, [690, 902]
35, 0, 39.65, [520, 873]
35, 1, 39.5, [520, 1514]
35, 2, 39.47, [520, 873]
35, 3, 38.74, [520, 819]
35, 4, 11.0, [439, 98]
35, 5, 9.31, [990, 1347]
35, 6, 8.0, [974, 873]
35, 7, 7.0, [2070, 78]
35, 8, 5.0, [15, 694]
35, 9, 4.0, [1378, 247]
36, 0, 39.74, [520, 1514]
36, 1, 39.65, [520, 873]
36, 2, 39.5, [520, 1514]
36, 3, 39.29, [520, 1514]
36, 4, 10.0, [741, 873]
36, 5, 6.52, [819, 841]
36, 6, 6.0, [1048, 1514]
36, 7, 6.0, [662, 690]
36, 8, 4.0, [3147, 1219]
36, 9, 3.74, [841, 1141]
37, 0, 39.74, [520, 1514]
37, 1, 39.65, [520, 873]
37, 2, 38.62, [520, 2340]
37, 3, 12.0, [741, 934]
37, 4, 7.19, [1289, 873]
37, 5, 5.0, [1509, 694]
37, 6, 5.0, [1219, 905]
37, 7, 4.0, [831, 1574]
37, 8, 4.0, [495, 1157]
37, 9, 2.0, [2341, 1225]
38, 0, 39.74, [520, 1514]
38, 1, 39.65, [520, 873]
38, 2, 39.23, [520, 873]
38, 3, 36.74, [520, 1157]
38, 4, 35.32, [520, 666]
38, 5, 10.0, [741, 1514]
38, 6, 10.0, [741, 1514]
38, 7, 8.0, [974, 1514]
38, 8, 7.0, [495, 487]
38, 9, 5.0, [1580, 2340]
39, 0, 39.74, [520, 1514]
39, 1, 39.65, [520, 873]
39, 2, 39.38, [520, 1514]
39, 3, 38.53, [520, 2340]
39, 4, 35.74, [520, 3639]
39, 5, 35.38, [520, 3639]
39, 6, 11.0, [970, 785]
39, 7, 7.0, [429, 476]
39, 8, 6.0, [450, 694]
39, 9, 6.0, [691, 970]
40, 0, 39.74, [520, 1514]
40, 1, 39.65, [520, 873]
40, 2, 39.35, [520, 1381]
40, 3, 10.0, [1381, 1514]
40, 4, 9.0, [819, 487]
40, 5, 9.0, [934, 697]
40, 6, 8.24, [1289, 785]
40, 7, 7.0, [850, 1514]
40, 8, 6.0, [483, 1514]
40, 9, 6.0, [735, 1381]
41, 0, 39.74, [520, 1514]
41, 1, 39.65, [520, 873]
41, 2, 12.65, [964, 2340]
41, 3, 11.0, [587, 439]
41, 4, 9.0, [741, 819]
41, 5, 8.0, [1414, 2340]
41, 6, 5.47, [247, 841]
41, 7, 5.0, [850, 587]
41, 8, 5.0, [1048, 2340]
41, 9, 4.0, [495, 710]
42, 0, 39.74, [520, 1514]
42, 1, 39.65, [520, 873]
42, 2, 16.4, [964, 439]
42, 3, 13.7, [964, 1514]
42, 4, 13.7, [964, 1514]
42, 5, 13.0, [716, 1514]
42, 6, 9.0, [741, 2340]
42, 7, 8.0, [587, 1514]
42, 8, 5.0, [1219, 751]
42, 9, 5.0, [741, 1543]
43, 0, 40.53, [520, 934]
43, 1, 39.74, [520, 1514]
43, 2, 39.65, [520, 873]
43, 3, 38.59, [520, 2340]
43, 4, 37.44, [520, 751]
43, 5, 26.16, [841, 2846]
43, 6, 13.8, [964, 1514]
43, 7, 12.4, [964, 2340]
43, 8, 10.0, [216, 439]
43, 9, 4.0, [690, 697]
44, 0, 40.53, [520, 934]
44, 1, 39.74, [520, 1514]
44, 2, 36.41, [520, 1157]
44, 3, 35.38, [520, 1580]
44, 4, 35.11, [520, 1394]
44, 5, 10.0, [487, 1514]
44, 6, 7.0, [1540, 1514]
44, 7, 6.0, [741, 2436]
44, 8, 4.0, [690, 1219]
44, 9, 3.0, [320, 850]
45, 0, 40.53, [520, 934]
45, 1, 39.74, [520, 1514]
45, 2, 35.26, [520, 1003]
45, 3, 15.55, [964, 934]
45, 4, 8.0, [1567, 819]
45, 5, 7.31, [1567, 1025]
45, 6, 6.0, [587, 247]
45, 7, 5.0, [662, 731]
45, 8, 4.0, [1225, 809]
45, 9, 3.46, [2667, 841]
46, 0, 40.53, [520, 934]
46, 1, 39.74, [520, 1514]
46, 2, 30.81, [786, 5117]
46, 3, 12.15, [964, 819]
46, 4, 9.2, [964, 1580]
46, 5, 9.0, [786, 1514]
46, 6, 8.0, [735, 934]
46, 7, 7.0, [2070, 780]
46, 8, 5.0, [609, 2340]
46, 9, 5.0, [662, 2667]
47, 0, 40.53, [520, 934]
47, 1, 39.74, [520, 1514]
47, 2, 39.35, [520, 1514]
47, 3, 39.32, [520, 990]
47, 4, 13.5, [964, 1514]
47, 5, 9.0, [1414, 1514]
47, 6, 8.0, [1045, 934]
47, 7, 8.0, [2341, 934]
47, 8, 6.0, [834, 675]
47, 9, 3.57, [841, 1353]
48, 0, 40.53, [520, 934]
48, 1, 39.74, [520, 1514]
48, 2, 9.0, [439, 1028]
48, 3, 6.49, [336, 609]
48, 4, 6.0, [873, 1514]
48, 5, 6.0, [2490, 990]
48, 6, 5.0, [1414, 320]
48, 7, 5.0, [690, 809]
48, 8, 4.33, [1347, 675]
48, 9, 4.0, [495, 780]
49, 0, 40.53, [520, 934]
49, 1, 39.74, [520, 1514]
49, 2, 38.44, [520, 2340]
49, 3, 12.0, [741, 934]
49, 4, 12.0, [934, 1514]
49, 5, 11.0, [662, 934]
49, 6, 8.0, [2436, 934]
49, 7, 6.51, [990, 1141]
49, 8, 6.0, [1225, 990]
49, 9, 3.56, [711, 841]
50, 0, 40.53, [520, 934]
50, 1, 39.74, [520, 1514]
50, 2, 36.68, [520, 1157]
50, 3, 11.0, [934, 2340]
50, 4, 6.0, [1540, 2340]
50, 5, 6.0, [1580, 990]
50, 6, 6.0, [2490, 1514]
50, 7, 6.0, [1219, 2340]
50, 8, 5.0, [2667, 2340]
50, 9, 3.0, [15, 690]
