generation number, individual number, fitness, candidate
0, 0, 31.9, [295, 277, 269]
0, 1, 20.63, [2527, 295, 380]
0, 2, 15.41, [269, 274, 4602]
0, 3, 13.76, [259, 288, 256]
0, 4, 9.31, [288, 278, 2950]
0, 5, 7.96, [98, 4602, 3334]
0, 6, 7.52, [2527, 2762, 256]
0, 7, 7.48, [2527, 240, 154]
0, 8, 7.41, [285, 2593, 244]
0, 9, 7.12, [2527, 244, 380]
1, 0, 31.9, [295, 277, 269]
1, 1, 27.8, [295, 222, 269]
1, 2, 25.75, [295, 277, 285]
1, 3, 25.58, [259, 277, 269]
1, 4, 22.76, [295, 277, 343]
1, 5, 20.63, [2527, 295, 380]
1, 6, 19.77, [2513, 277, 380]
1, 7, 18.54, [2527, 295, 104]
1, 8, 15.61, [2514, 4602, 269]
1, 9, 14.31, [2156, 274, 277]
2, 0, 32.07, [295, 259, 269]
2, 1, 31.9, [295, 277, 269]
2, 2, 27.8, [295, 222, 269]
2, 3, 22.34, [295, 316, 277]
2, 4, 21.8, [295, 1095, 285]
2, 5, 20.41, [283, 277, 269]
2, 6, 19.16, [295, 219, 266]
2, 7, 14.77, [283, 277, 2530]
2, 8, 14.06, [275, 2574, 269]
2, 9, 11.49, [316, 244, 269]
3, 0, 32.07, [295, 259, 269]
3, 1, 31.9, [295, 277, 269]
3, 2, 25.9, [295, 269, 273]
3, 3, 22.9, [380, 269, 277]
3, 4, 18.74, [274, 259, 277]
3, 5, 15.51, [154, 316, 269]
3, 6, 14.48, [149, 2597, 277]
3, 7, 13.96, [2595, 263, 2513]
3, 8, 12.63, [219, 77, 2514]
3, 9, 10.87, [2596, 303, 2711]
4, 0, 32.07, [295, 259, 269]
4, 1, 31.9, [295, 277, 269]
4, 2, 25.38, [295, 277, 285]
4, 3, 24.98, [295, 259, 288]
4, 4, 22.7, [295, 275, 279]
4, 5, 18.4, [295, 263, 76]
4, 6, 17.38, [335, 277, 81]
4, 7, 16.21, [2593, 277, 616]
4, 8, 12.41, [316, 259, 1082]
4, 9, 11.15, [98, 244, 2513]
5, 0, 32.07, [295, 259, 269]
5, 1, 31.9, [295, 277, 269]
5, 2, 27.78, [295, 303, 269]
5, 3, 24.79, [295, 259, 285]
5, 4, 24.12, [295, 277, 541]
5, 5, 19.98, [876, 259, 269]
5, 6, 15.64, [2513, 277, 288]
5, 7, 15.15, [874, 285, 269]
5, 8, 13.43, [2530, 259, 285]
5, 9, 13.36, [2513, 2711, 261]
6, 0, 32.07, [295, 259, 269]
6, 1, 31.9, [295, 277, 269]
6, 2, 22.86, [2595, 259, 269]
6, 3, 20.86, [295, 303, 288]
6, 4, 19.2, [295, 76, 266]
6, 5, 19.03, [295, 288, 283]
6, 6, 18.57, [2527, 277, 279]
6, 7, 16.42, [876, 256, 269]
6, 8, 10.21, [226, 622, 260]
6, 9, 9.77, [265, 301, 2711]
7, 0, 32.07, [295, 259, 269]
7, 1, 31.9, [295, 277, 269]
7, 2, 28.68, [295, 81, 269]
7, 3, 22.57, [295, 259, 250]
7, 4, 20.14, [615, 259, 269]
7, 5, 17.14, [259, 77, 291]
7, 6, 16.53, [2596, 269, 2593]
7, 7, 16.16, [1088, 277, 244]
7, 8, 14.73, [302, 2595, 1095]
7, 9, 14.03, [2767, 81, 279]
8, 0, 32.07, [295, 259, 269]
8, 1, 31.9, [295, 277, 269]
8, 2, 31.32, [295, 1811, 269]
8, 3, 25.57, [295, 288, 279]
8, 4, 24.72, [295, 77, 191]
8, 5, 18.23, [2513, 296, 269]
8, 6, 15.62, [301, 81, 269]
8, 7, 14.47, [2514, 259, 2599]
8, 8, 12.96, [316, 278, 269]
8, 9, 12.25, [300, 380, 275]
9, 0, 32.07, [295, 259, 269]
9, 1, 31.9, [295, 277, 269]
9, 2, 23.72, [295, 2512, 220]
9, 3, 21.82, [295, 81, 2764]
9, 4, 20.51, [295, 2767, 263]
9, 5, 16.84, [876, 226, 269]
9, 6, 14.88, [2513, 277, 616]
9, 7, 14.37, [264, 259, 1086]
9, 8, 14.26, [261, 277, 316]
9, 9, 11.59, [77, 2765, 2527]
10, 0, 32.07, [295, 259, 269]
10, 1, 31.9, [295, 277, 269]
10, 2, 26.55, [295, 277, 209]
10, 3, 25.35, [295, 2527, 269]
10, 4, 24.06, [295, 81, 220]
10, 5, 23.96, [295, 380, 1082]
10, 6, 22.11, [295, 280, 220]
10, 7, 19.83, [295, 2512, 2156]
10, 8, 18.51, [250, 2767, 269]
10, 9, 17.77, [876, 2512, 269]
11, 0, 32.07, [295, 259, 269]
11, 1, 31.9, [295, 277, 269]
11, 2, 28.45, [295, 303, 269]
11, 3, 25.66, [295, 81, 279]
11, 4, 21.59, [295, 280, 209]
11, 5, 19.58, [3135, 259, 269]
11, 6, 17.45, [265, 277, 220]
11, 7, 16.83, [295, 1069, 2527]
11, 8, 13.94, [2593, 273, 269]
11, 9, 12.68, [2762, 259, 2596]
12, 0, 32.07, [295, 259, 269]
12, 1, 31.9, [295, 277, 269]
12, 2, 28.97, [295, 380, 269]
12, 3, 24.74, [295, 280, 279]
12, 4, 21.51, [220, 259, 269]
12, 5, 20.43, [295, 273, 209]
12, 6, 19.59, [622, 259, 269]
12, 7, 17.56, [250, 303, 269]
12, 8, 14.48, [81, 209, 279]
12, 9, 14.09, [76, 303, 269]
13, 0, 32.07, [295, 259, 269]
13, 1, 31.9, [295, 277, 269]
13, 2, 22.41, [2530, 277, 269]
13, 3, 21.81, [295, 104, 2950]
13, 4, 21.23, [295, 2765, 1080]
13, 5, 20.93, [295, 2156, 2597]
13, 6, 18.81, [263, 259, 269]
13, 7, 14.51, [2515, 616, 269]
13, 8, 14.11, [159, 259, 274]
13, 9, 14.01, [2530, 277, 2532]
14, 0, 32.07, [295, 259, 269]
14, 1, 31.9, [295, 277, 269]
14, 2, 25.54, [295, 288, 269]
14, 3, 24.99, [295, 277, 222]
14, 4, 22.69, [295, 259, 2156]
14, 5, 22.14, [295, 81, 2950]
14, 6, 21.24, [295, 280, 2950]
14, 7, 17.06, [2514, 104, 269]
14, 8, 16.1, [1095, 277, 285]
14, 9, 14.07, [316, 104, 269]
15, 0, 32.07, [295, 259, 269]
15, 1, 31.9, [295, 277, 269]
15, 2, 25.94, [295, 2595, 193]
15, 3, 20.25, [316, 277, 269]
15, 4, 15.85, [263, 81, 269]
15, 5, 14.81, [261, 1086, 269]
15, 6, 14.37, [316, 191, 269]
15, 7, 13.66, [263, 193, 103]
15, 8, 12.42, [250, 283, 154]
15, 9, 12.42, [191, 259, 1087]
16, 0, 32.07, [295, 259, 269]
16, 1, 31.9, [295, 277, 269]
16, 2, 27.79, [295, 280, 269]
16, 3, 26.17, [295, 2513, 269]
16, 4, 25.78, [295, 1811, 2597]
16, 5, 16.17, [876, 2525, 269]
16, 6, 13.25, [2513, 259, 149]
16, 7, 12.55, [209, 259, 301]
16, 8, 11.76, [193, 380, 2574]
16, 9, 10.96, [222, 259, 303]
17, 0, 32.07, [295, 259, 269]
17, 1, 31.9, [295, 277, 269]
17, 2, 28.49, [295, 280, 269]
17, 3, 28.38, [295, 259, 1811]
17, 4, 28.26, [295, 259, 1811]
17, 5, 26.28, [295, 3334, 269]
17, 6, 25.82, [295, 250, 269]
17, 7, 16.56, [2527, 1082, 269]
17, 8, 11.68, [81, 280, 2597]
17, 9, 8.97, [2513, 275, 285]
18, 0, 32.07, [295, 259, 269]
18, 1, 31.9, [295, 277, 269]
18, 2, 28.66, [295, 81, 269]
18, 3, 26.67, [295, 259, 98]
18, 4, 22.12, [295, 226, 104]
18, 5, 21.95, [295, 616, 1811]
18, 6, 20.1, [2593, 259, 269]
18, 7, 16.58, [283, 259, 1811]
18, 8, 16.4, [295, 2527, 2532]
18, 9, 13.47, [2156, 2950, 269]
19, 0, 32.07, [295, 259, 269]
19, 1, 31.9, [295, 277, 269]
19, 2, 28.84, [295, 259, 279]
19, 3, 27.48, [295, 541, 269]
19, 4, 27.18, [295, 541, 269]
19, 5, 22.57, [1082, 77, 269]
19, 6, 21.22, [295, 259, 616]
19, 7, 18.99, [534, 277, 269]
19, 8, 16.56, [303, 256, 269]
19, 9, 13.46, [1811, 274, 250]
20, 0, 32.07, [295, 259, 269]
20, 1, 31.9, [295, 277, 269]
20, 2, 27.47, [295, 280, 269]
20, 3, 25.39, [295, 273, 269]
20, 4, 23.0, [295, 297, 279]
20, 5, 17.59, [2770, 277, 2515]
20, 6, 14.82, [261, 209, 269]
20, 7, 12.65, [2513, 616, 279]
20, 8, 10.44, [316, 259, 302]
20, 9, 9.07, [266, 2512, 2156]
21, 0, 32.07, [295, 259, 269]
21, 1, 31.9, [295, 277, 269]
21, 2, 29.43, [295, 81, 269]
21, 3, 27.08, [295, 280, 269]
21, 4, 23.62, [295, 302, 2711]
21, 5, 23.32, [295, 300, 534]
21, 6, 18.36, [295, 278, 291]
21, 7, 15.78, [343, 2595, 269]
21, 8, 15.26, [303, 296, 269]
21, 9, 15.0, [2765, 874, 269]
22, 0, 32.07, [295, 259, 269]
22, 1, 31.9, [295, 277, 269]
22, 2, 28.93, [295, 1082, 269]
22, 3, 26.41, [295, 77, 1088]
22, 4, 25.9, [295, 616, 269]
22, 5, 25.59, [295, 264, 269]
22, 6, 20.77, [295, 2596, 291]
22, 7, 18.28, [295, 280, 264]
22, 8, 17.08, [250, 277, 534]
22, 9, 12.77, [2711, 302, 264]
23, 0, 32.07, [295, 259, 269]
23, 1, 31.9, [295, 277, 269]
23, 2, 24.98, [295, 261, 269]
23, 3, 22.67, [295, 259, 2527]
23, 4, 20.67, [615, 259, 269]
23, 5, 17.56, [104, 3155, 269]
23, 6, 16.17, [283, 2770, 269]
23, 7, 9.67, [159, 260, 622]
23, 8, 9.11, [220, 288, 2527]
23, 9, 9.04, [2156, 261, 250]
24, 0, 32.07, [295, 259, 269]
24, 1, 31.9, [295, 277, 269]
24, 2, 27.27, [295, 280, 269]
24, 3, 26.38, [295, 301, 269]
24, 4, 25.4, [295, 273, 269]
24, 5, 25.14, [295, 259, 2950]
24, 6, 22.7, [295, 1088, 609]
24, 7, 19.14, [558, 295, 537]
24, 8, 16.33, [1086, 2765, 269]
24, 9, 15.43, [226, 259, 2711]
25, 0, 32.07, [295, 259, 269]
25, 1, 31.9, [295, 277, 269]
25, 2, 30.2, [295, 77, 269]
25, 3, 28.43, [295, 302, 269]
25, 4, 22.78, [295, 1088, 2770]
25, 5, 18.91, [295, 4602, 541]
25, 6, 15.85, [380, 260, 269]
25, 7, 14.66, [2599, 259, 1086]
25, 8, 13.79, [296, 244, 269]
25, 9, 11.65, [2065, 280, 98]
26, 0, 32.07, [295, 259, 269]
26, 1, 31.9, [295, 277, 269]
26, 2, 24.4, [295, 259, 285]
26, 3, 23.33, [2065, 277, 269]
26, 4, 21.44, [295, 1088, 91]
26, 5, 15.8, [316, 302, 269]
26, 6, 13.85, [876, 259, 159]
26, 7, 13.19, [278, 280, 269]
26, 8, 12.26, [240, 102, 269]
26, 9, 9.46, [219, 2599, 302]
27, 0, 32.07, [295, 259, 269]
27, 1, 31.9, [295, 277, 269]
27, 2, 27.66, [295, 280, 269]
27, 3, 27.34, [295, 2515, 269]
27, 4, 24.69, [295, 259, 288]
27, 5, 24.66, [295, 277, 534]
27, 6, 22.83, [295, 2065, 91]
27, 7, 21.65, [295, 303, 285]
27, 8, 20.1, [283, 259, 269]
27, 9, 17.58, [2513, 277, 285]
28, 0, 32.07, [295, 259, 269]
28, 1, 31.9, [295, 277, 269]
28, 2, 28.65, [295, 81, 269]
28, 3, 27.34, [295, 303, 269]
28, 4, 25.71, [295, 277, 2574]
28, 5, 20.76, [2514, 259, 269]
28, 6, 20.65, [295, 2515, 303]
28, 7, 20.02, [2597, 3155, 269]
28, 8, 18.78, [295, 280, 2514]
28, 9, 17.02, [874, 2596, 269]
29, 0, 32.07, [295, 259, 269]
29, 1, 31.9, [295, 277, 269]
29, 2, 27.09, [295, 280, 269]
29, 3, 25.82, [295, 278, 269]
29, 4, 21.25, [295, 81, 285]
29, 5, 19.6, [295, 261, 291]
29, 6, 17.89, [297, 226, 269]
29, 7, 17.39, [2515, 103, 269]
29, 8, 17.38, [876, 2513, 269]
29, 9, 15.93, [2597, 277, 2156]
30, 0, 32.07, [295, 259, 269]
30, 1, 31.9, [295, 277, 269]
30, 2, 28.07, [295, 277, 103]
30, 3, 22.83, [295, 259, 876]
30, 4, 22.63, [295, 259, 275]
30, 5, 22.61, [295, 77, 102]
30, 6, 16.21, [2595, 277, 2156]
30, 7, 13.22, [2762, 76, 269]
30, 8, 11.49, [874, 154, 3716]
30, 9, 11.28, [2596, 259, 76]
31, 0, 32.07, [295, 259, 269]
31, 1, 31.9, [295, 277, 269]
31, 2, 26.68, [295, 2574, 269]
31, 3, 22.33, [259, 98, 269]
31, 4, 21.32, [2514, 259, 269]
31, 5, 20.94, [1095, 259, 269]
31, 6, 18.9, [277, 259, 2514]
31, 7, 17.93, [295, 4602, 2532]
31, 8, 16.91, [295, 149, 2532]
31, 9, 9.81, [2514, 250, 301]
32, 0, 32.07, [295, 259, 269]
32, 1, 31.9, [295, 277, 269]
32, 2, 23.17, [295, 98, 3716]
32, 3, 22.65, [295, 259, 2156]
32, 4, 19.2, [295, 616, 2515]
32, 5, 18.8, [295, 102, 285]
32, 6, 17.55, [259, 277, 240]
32, 7, 16.31, [1088, 277, 288]
32, 8, 10.43, [4849, 81, 220]
32, 9, 10.26, [2065, 615, 260]
33, 0, 32.07, [295, 259, 269]
33, 1, 31.9, [295, 277, 269]
33, 2, 31.69, [295, 259, 269]
33, 3, 29.07, [295, 279, 277]
33, 4, 27.35, [295, 274, 269]
33, 5, 22.93, [295, 98, 3716]
33, 6, 22.42, [295, 261, 1080]
33, 7, 19.68, [876, 259, 269]
33, 8, 19.01, [295, 278, 558]
33, 9, 15.32, [283, 280, 269]
34, 0, 32.07, [295, 259, 269]
34, 1, 31.9, [295, 277, 269]
34, 2, 29.91, [295, 300, 269]
34, 3, 28.41, [295, 2574, 269]
34, 4, 27.52, [295, 280, 269]
34, 5, 26.53, [295, 260, 269]
34, 6, 25.39, [295, 280, 277]
34, 7, 20.74, [295, 2764, 222]
34, 8, 20.0, [295, 2513, 558]
34, 9, 17.51, [2514, 615, 269]
35, 0, 32.07, [295, 259, 269]
35, 1, 31.9, [295, 277, 269]
35, 2, 28.69, [295, 259, 279]
35, 3, 24.77, [295, 259, 3716]
35, 4, 23.71, [295, 300, 285]
35, 5, 15.81, [159, 2527, 269]
35, 6, 15.3, [2512, 3716, 269]
35, 7, 15.29, [209, 616, 269]
35, 8, 14.36, [2770, 616, 269]
35, 9, 13.79, [283, 279, 1095]
36, 0, 32.07, [295, 259, 269]
36, 1, 31.9, [295, 277, 269]
36, 2, 29.24, [295, 81, 269]
36, 3, 28.13, [295, 2764, 269]
36, 4, 27.48, [295, 280, 269]
36, 5, 19.19, [295, 244, 303]
36, 6, 18.48, [316, 277, 269]
36, 7, 18.04, [250, 277, 3716]
36, 8, 16.74, [2765, 277, 2513]
36, 9, 16.05, [159, 259, 2513]
37, 0, 32.07, [295, 259, 269]
37, 1, 31.9, [295, 277, 269]
37, 2, 27.98, [295, 277, 193]
37, 3, 21.25, [295, 154, 3716]
37, 4, 21.12, [295, 2711, 3334]
37, 5, 20.94, [295, 2764, 288]
37, 6, 20.8, [265, 277, 269]
37, 7, 12.92, [76, 541, 269]
37, 8, 11.59, [159, 316, 279]
37, 9, 10.81, [2513, 2764, 4849]
38, 0, 32.07, [295, 259, 269]
38, 1, 31.9, [295, 277, 269]
38, 2, 28.44, [295, 259, 279]
38, 3, 27.73, [295, 3135, 269]
38, 4, 26.95, [295, 280, 269]
38, 5, 26.67, [295, 277, 81]
38, 6, 23.97, [295, 259, 335]
38, 7, 19.3, [295, 278, 2515]
38, 8, 18.63, [2514, 277, 2512]
38, 9, 16.66, [295, 2527, 102]
39, 0, 32.07, [295, 259, 269]
39, 1, 31.9, [295, 277, 269]
39, 2, 29.72, [295, 2711, 269]
39, 3, 27.59, [295, 277, 98]
39, 4, 27.41, [295, 277, 380]
39, 5, 27.16, [295, 2770, 269]
39, 6, 26.68, [295, 277, 380]
39, 7, 23.19, [300, 259, 269]
39, 8, 19.28, [295, 260, 264]
39, 9, 18.32, [2593, 2711, 269]
40, 0, 32.07, [295, 259, 269]
40, 1, 31.9, [295, 277, 269]
40, 2, 24.03, [220, 277, 269]
40, 3, 23.82, [295, 277, 288]
40, 4, 16.93, [876, 226, 269]
40, 5, 15.87, [250, 259, 380]
40, 6, 14.2, [154, 380, 269]
40, 7, 14.11, [300, 226, 3716]
40, 8, 13.3, [285, 259, 260]
40, 9, 12.22, [149, 277, 4849]
41, 0, 32.07, [295, 259, 269]
41, 1, 31.9, [295, 277, 269]
41, 2, 30.79, [295, 77, 269]
41, 3, 25.88, [295, 277, 3716]
41, 4, 22.3, [2530, 277, 269]
41, 5, 21.42, [295, 273, 300]
41, 6, 20.09, [295, 280, 288]
41, 7, 18.16, [220, 280, 269]
41, 8, 15.42, [3135, 2530, 269]
41, 9, 14.9, [250, 259, 274]
42, 0, 32.07, [295, 259, 269]
42, 1, 31.9, [295, 277, 269]
42, 2, 31.55, [295, 77, 269]
42, 3, 31.52, [295, 259, 269]
42, 4, 29.69, [295, 98, 269]
42, 5, 25.55, [295, 259, 874]
42, 6, 19.18, [316, 277, 269]
42, 7, 16.64, [2530, 280, 269]
42, 8, 13.92, [250, 259, 537]
42, 9, 11.96, [616, 277, 297]
43, 0, 32.07, [295, 259, 269]
43, 1, 31.9, [295, 277, 269]
43, 2, 28.95, [295, 81, 269]
43, 3, 25.82, [295, 1069, 269]
43, 4, 25.16, [295, 2527, 269]
43, 5, 19.69, [295, 81, 275]
43, 6, 19.57, [2593, 1811, 269]
43, 7, 18.23, [295, 558, 264]
43, 8, 14.76, [297, 2527, 269]
43, 9, 14.62, [316, 277, 2515]
44, 0, 32.07, [295, 259, 269]
44, 1, 31.9, [295, 277, 269]
44, 2, 25.8, [295, 220, 2597]
44, 3, 25.75, [300, 277, 295]
44, 4, 22.76, [295, 259, 2156]
44, 5, 21.08, [295, 1095, 3155]
44, 6, 14.52, [259, 1088, 291]
44, 7, 12.2, [77, 303, 1069]
44, 8, 9.01, [275, 259, 273]
44, 9, 8.98, [2514, 278, 876]
45, 0, 32.07, [295, 259, 269]
45, 1, 31.9, [295, 277, 269]
45, 2, 29.09, [295, 209, 269]
45, 3, 25.7, [295, 300, 2597]
45, 4, 25.51, [295, 259, 285]
45, 5, 20.48, [295, 537, 261]
45, 6, 19.4, [2530, 259, 277]
45, 7, 19.39, [300, 269, 2530]
45, 8, 18.48, [277, 259, 2574]
45, 9, 14.84, [283, 259, 2597]
46, 0, 32.07, [295, 259, 269]
46, 1, 31.9, [295, 277, 269]
46, 2, 24.19, [295, 2530, 269]
46, 3, 24.13, [295, 259, 288]
46, 4, 23.99, [295, 77, 285]
46, 5, 23.72, [295, 300, 285]
46, 6, 22.3, [193, 259, 269]
46, 7, 16.97, [2599, 2593, 269]
46, 8, 16.81, [2574, 81, 269]
46, 9, 16.15, [609, 874, 269]
47, 0, 32.07, [295, 259, 269]
47, 1, 31.9, [295, 277, 269]
47, 2, 28.31, [220, 277, 295]
47, 3, 27.84, [295, 280, 269]
47, 4, 20.93, [277, 259, 2514]
47, 5, 20.35, [283, 77, 269]
47, 6, 16.95, [2065, 2530, 269]
47, 7, 13.06, [4602, 259, 2514]
47, 8, 10.81, [2532, 259, 291]
47, 9, 10.28, [2525, 2593, 288]
48, 0, 32.07, [295, 259, 269]
48, 1, 31.9, [295, 277, 269]
48, 2, 27.22, [295, 277, 220]
48, 3, 25.4, [295, 273, 269]
48, 4, 24.82, [1082, 98, 295]
48, 5, 20.42, [209, 102, 295]
48, 6, 19.69, [295, 273, 303]
48, 7, 18.7, [295, 191, 616]
48, 8, 17.49, [541, 259, 269]
48, 9, 16.99, [220, 558, 269]
49, 0, 32.07, [295, 259, 269]
49, 1, 31.9, [295, 277, 269]
49, 2, 27.6, [295, 2574, 269]
49, 3, 22.92, [295, 259, 2156]
49, 4, 21.03, [295, 154, 2525]
49, 5, 20.64, [285, 277, 279]
49, 6, 15.66, [537, 81, 269]
49, 7, 14.84, [240, 259, 279]
49, 8, 13.45, [4849, 261, 269]
49, 9, 12.45, [76, 259, 874]
50, 0, 32.07, [295, 259, 269]
50, 1, 31.9, [295, 277, 269]
50, 2, 28.91, [295, 874, 269]
50, 3, 25.88, [295, 2527, 269]
50, 4, 25.56, [295, 277, 285]
50, 5, 24.35, [295, 259, 534]
50, 6, 20.23, [295, 2156, 1082]
50, 7, 19.84, [295, 2525, 2712]
50, 8, 18.8, [103, 77, 1088]
50, 9, 16.79, [154, 1087, 269]
