generation number, pop_size, worst, best, median, avg, std, diversity, improvement, number_of_selections
0, 10, 3.0, 3.05, 3.005, 3.0089999999999995, 0.014456832294800902,0.962962962962963,0,[1.e-300]
1, 10, 3.01, 3.05, 3.03, 3.029, 0.013000000000000038,0.8518518518518519,0.0,[1.e-300]
2, 10, 3.01, 3.05, 3.025, 3.029, 0.014456832294800966,0.8592592592592593,0.0,[1.e-300]
3, 10, 3.03, 3.16, 3.04, 3.057, 0.04026164427839491,0.7407407407407407,0.03606557377049191,[1.e-300]
4, 10, 3.03, 3.16, 3.09, 3.097, 0.05119570294468084,0.7851851851851852,0.0,[1.e-300]
5, 10, 3.03, 3.26, 3.1399999999999997, 3.1270000000000002, 0.06481512169239523,0.6888888888888889,0.03164556962025305,[1.e-300]
6, 10, 3.05, 3.26, 3.13, 3.137, 0.05514526271584896,0.6222222222222222,0.0,[1.e-300]
7, 10, 3.03, 3.26, 3.18, 3.169, 0.057349803835758724,0.6,0.0,[1.e-300]
8, 10, 3.03, 3.26, 3.0999999999999996, 3.121, 0.0725878777758381,0.8074074074074074,0.0,[1.e-300]
9, 10, 3.03, 3.26, 3.12, 3.124, 0.07472616676907763,0.8,0.0,[1.e-300]
10, 10, 3.04, 3.26, 3.125, 3.127, 0.06558200972827838,0.7037037037037037,0.0,[1.e-300]
