generation number, individual number, fitness, candidate
0, 0, 17.47, [1224, 1425]
0, 1, 8.0, [905, 695]
0, 2, 7.0, [1424, 576]
0, 3, 7.0, [1351, 831]
0, 4, 6.0, [4227, 2332]
0, 5, 4.0, [2377, 1028]
0, 6, 3.62, [1715, 1230]
0, 7, 3.0, [717, 1190]
0, 8, 2.0, [1715, 1059]
0, 9, 2.0, [1090, 970]
1, 0, 19.0, [1091, 1425]
1, 1, 17.47, [1224, 1425]
1, 2, 12.0, [1351, 140]
1, 3, 12.0, [1351, 140]
1, 4, 10.0, [751, 576]
1, 5, 9.0, [1059, 1425]
1, 6, 8.0, [905, 695]
1, 7, 7.0, [1480, 831]
1, 8, 6.0, [1518, 2332]
1, 9, 5.0, [314, 1141]
2, 0, 19.0, [1091, 1425]
2, 1, 17.47, [1224, 1425]
2, 2, 13.0, [1442, 1425]
2, 3, 12.0, [1091, 1201]
2, 4, 10.5, [1224, 5684]
2, 5, 7.0, [785, 421]
2, 6, 5.0, [751, 1518]
2, 7, 5.0, [1906, 421]
2, 8, 5.0, [751, 1311]
2, 9, 4.55, [1402, 1906]
3, 0, 19.0, [1091, 1425]
3, 1, 17.47, [1224, 1425]
3, 2, 13.0, [1091, 1247]
3, 3, 12.49, [1224, 1620]
3, 4, 10.44, [1224, 1201]
3, 5, 9.5, [1430, 1990]
3, 6, 6.0, [2332, 1064]
3, 7, 5.0, [326, 1201]
3, 8, 5.0, [751, 4227]
3, 9, 2.0, [1149, 1368]
4, 0, 63.4, [717, 1509]
4, 1, 19.0, [1091, 1425]
4, 2, 17.47, [1224, 1425]
4, 3, 16.0, [1091, 2332]
4, 4, 13.0, [1091, 1475]
4, 5, 10.53, [1224, 4227]
4, 6, 10.42, [1224, 1064]
4, 7, 9.06, [1350, 1695]
4, 8, 9.0, [1311, 1425]
4, 9, 6.0, [1430, 2110]
5, 0, 65.52, [421, 1509]
5, 1, 63.4, [717, 1509]
5, 2, 19.0, [1091, 1425]
5, 3, 12.0, [1091, 3124]
5, 4, 12.0, [1091, 1064]
5, 5, 10.0, [1078, 1425]
5, 6, 9.0, [1378, 1425]
5, 7, 7.0, [1430, 1058]
5, 8, 6.0, [1424, 1025]
5, 9, 3.0, [1378, 1475]
6, 0, 65.52, [421, 1509]
6, 1, 63.4, [717, 1509]
6, 2, 61.18, [1311, 1509]
6, 3, 11.0, [695, 1068]
6, 4, 7.0, [2377, 1141]
6, 5, 7.0, [2320, 314]
6, 6, 7.0, [1025, 1403]
6, 7, 6.0, [695, 645]
6, 8, 6.0, [2332, 1212]
6, 9, 5.0, [421, 1201]
7, 0, 67.31, [695, 1509]
7, 1, 65.52, [421, 1509]
7, 2, 63.4, [717, 1509]
7, 3, 61.22, [1509, 1990]
7, 4, 12.08, [421, 1350]
7, 5, 9.0, [749, 2320]
7, 6, 7.0, [2171, 1201]
7, 7, 5.4, [1311, 1990]
7, 8, 4.0, [1058, 1368]
7, 9, 3.0, [717, 970]
8, 0, 67.31, [695, 1509]
8, 1, 65.52, [421, 1509]
8, 2, 61.96, [1064, 1509]
8, 3, 10.54, [1224, 1368]
8, 4, 9.0, [787, 1425]
8, 5, 8.0, [695, 1935]
8, 6, 7.0, [1351, 1168]
8, 7, 6.0, [717, 1141]
8, 8, 5.0, [975, 571]
8, 9, 4.5, [1378, 1328]
9, 0, 67.31, [695, 1509]
9, 1, 65.52, [421, 1509]
9, 2, 12.0, [2171, 695]
9, 3, 9.0, [695, 320]
9, 4, 8.9, [3662, 1350]
9, 5, 7.55, [1990, 571]
9, 6, 7.0, [2332, 1146]
9, 7, 7.0, [695, 5684]
9, 8, 5.0, [326, 1201]
9, 9, 5.0, [787, 905]
10, 0, 67.31, [695, 1509]
10, 1, 67.13, [695, 1509]
10, 2, 65.52, [421, 1509]
10, 3, 7.0, [2171, 1695]
10, 4, 7.0, [1378, 140]
10, 5, 5.38, [1935, 1328]
10, 6, 5.0, [1068, 1058]
10, 7, 4.0, [1287, 1247]
10, 8, 3.0, [1475, 1695]
10, 9, 2.0, [1311, 1424]
11, 0, 67.31, [695, 1509]
11, 1, 67.13, [695, 1509]
11, 2, 11.0, [1425, 1058]
11, 3, 10.0, [140, 751]
11, 4, 9.0, [1168, 1401]
11, 5, 7.0, [695, 1715]
11, 6, 5.0, [421, 1090]
11, 7, 5.0, [1068, 1378]
11, 8, 4.0, [1347, 749]
11, 9, 3.0, [1168, 1287]
12, 0, 67.31, [695, 1509]
12, 1, 67.13, [695, 1509]
12, 2, 65.27, [905, 1509]
12, 3, 61.32, [1201, 1509]
12, 4, 12.0, [695, 1480]
12, 5, 11.0, [695, 1125]
12, 6, 10.51, [1225, 1224]
12, 7, 8.0, [140, 1935]
12, 8, 6.0, [1028, 1442]
12, 9, 5.47, [1407, 1201]
13, 0, 67.31, [695, 1509]
13, 1, 67.13, [695, 1509]
13, 2, 14.0, [1025, 1091]
13, 3, 13.94, [1350, 1351]
13, 4, 11.0, [140, 1332]
13, 5, 11.0, [695, 1332]
13, 6, 8.0, [695, 585]
13, 7, 6.48, [1223, 1368]
13, 8, 3.44, [1064, 788]
13, 9, 2.0, [1190, 1279]
14, 0, 67.31, [695, 1509]
14, 1, 67.13, [695, 1509]
14, 2, 61.32, [1040, 1509]
14, 3, 45.16, [6917, 788]
14, 4, 17.0, [140, 1091]
14, 5, 14.52, [1025, 1224]
14, 6, 12.0, [140, 1351]
14, 7, 10.0, [1827, 576]
14, 8, 5.1, [1990, 1107]
14, 9, 3.0, [1619, 1652]
15, 0, 67.31, [140, 1509]
15, 1, 67.31, [695, 1509]
15, 2, 67.13, [695, 1509]
15, 3, 61.11, [1347, 1509]
15, 4, 11.0, [140, 1430]
15, 5, 8.59, [140, 788]
15, 6, 7.0, [1480, 970]
15, 7, 7.0, [1619, 1351]
15, 8, 6.0, [140, 645]
15, 9, 3.0, [1107, 775]
16, 0, 67.75, [576, 1509]
16, 1, 67.31, [140, 1509]
16, 2, 67.31, [695, 1509]
16, 3, 66.95, [576, 1509]
16, 4, 66.91, [140, 1509]
16, 5, 65.88, [1223, 1509]
16, 6, 61.29, [1437, 1509]
16, 7, 10.55, [1224, 1424]
16, 8, 7.0, [1028, 1480]
16, 9, 6.58, [751, 788]
17, 0, 67.75, [576, 1509]
17, 1, 67.34, [576, 1509]
17, 2, 67.31, [140, 1509]
17, 3, 62.13, [1509, 1168]
17, 4, 43.58, [787, 6917]
17, 5, 12.0, [140, 2171]
17, 6, 10.0, [1401, 975]
17, 7, 7.0, [576, 1090]
17, 8, 6.0, [1430, 1028]
17, 9, 5.0, [1141, 1225]
18, 0, 67.75, [576, 1509]
18, 1, 67.34, [576, 1509]
18, 2, 15.55, [140, 1224]
18, 3, 8.0, [576, 585]
18, 4, 7.0, [576, 2110]
18, 5, 7.0, [314, 2171]
18, 6, 7.0, [314, 1480]
18, 7, 6.0, [645, 1430]
18, 8, 5.0, [1226, 751]
18, 9, 4.0, [571, 1040]
19, 0, 67.75, [576, 1509]
19, 1, 67.34, [576, 1509]
19, 2, 62.22, [314, 1509]
19, 3, 14.0, [140, 1425]
19, 4, 12.59, [571, 1224]
19, 5, 12.53, [571, 1224]
19, 6, 10.5, [314, 1224]
19, 7, 9.0, [1767, 1425]
19, 8, 8.0, [576, 585]
19, 9, 8.0, [140, 1146]
20, 0, 67.75, [576, 1509]
20, 1, 67.34, [576, 1509]
20, 2, 62.34, [1475, 1509]
20, 3, 61.0, [1347, 1509]
20, 4, 12.0, [1091, 3662]
20, 5, 10.0, [695, 1141]
20, 6, 9.0, [1212, 1425]
20, 7, 6.0, [1311, 1442]
20, 8, 5.0, [905, 831]
20, 9, 2.0, [1028, 1131]
21, 0, 67.75, [576, 1509]
21, 1, 67.34, [576, 1509]
21, 2, 13.0, [1146, 1091]
21, 3, 10.0, [521, 576]
21, 4, 8.35, [905, 1990]
21, 5, 7.47, [1332, 788]
21, 6, 7.0, [576, 1695]
21, 7, 6.0, [1442, 1347]
21, 8, 4.46, [1402, 1059]
21, 9, 4.0, [1058, 5684]
22, 0, 67.75, [576, 1509]
22, 1, 67.34, [576, 1509]
22, 2, 60.87, [1437, 1509]
22, 3, 17.0, [576, 1091]
22, 4, 12.0, [645, 1091]
22, 5, 12.0, [2094, 1091]
22, 6, 12.0, [645, 1091]
22, 7, 9.0, [1040, 1401]
22, 8, 8.0, [1146, 1351]
22, 9, 6.0, [1475, 326]
23, 0, 67.75, [576, 1509]
23, 1, 67.34, [576, 1509]
23, 2, 62.67, [645, 1509]
23, 3, 61.62, [314, 1509]
23, 4, 7.0, [1475, 1125]
23, 5, 5.0, [905, 2989]
23, 6, 4.56, [1695, 1328]
23, 7, 3.0, [970, 1403]
23, 8, 2.0, [5684, 1168]
23, 9, 2.0, [1040, 1378]
24, 0, 67.75, [576, 1509]
24, 1, 67.34, [576, 1509]
24, 2, 62.14, [1279, 1509]
24, 3, 62.04, [645, 1509]
24, 4, 9.0, [576, 421]
24, 5, 7.0, [717, 2332]
24, 6, 6.0, [4227, 1025]
24, 7, 4.0, [1146, 1935]
24, 8, 3.0, [2094, 1078]
24, 9, 3.0, [645, 1247]
25, 0, 67.75, [576, 1509]
25, 1, 67.34, [576, 1509]
25, 2, 62.34, [645, 1509]
25, 3, 10.65, [576, 1990]
25, 4, 8.45, [521, 1407]
25, 5, 7.46, [576, 697]
25, 6, 7.0, [576, 1518]
25, 7, 4.0, [1212, 2377]
25, 8, 2.0, [1497, 4227]
25, 9, 2.0, [1619, 5684]
26, 0, 67.75, [576, 1509]
26, 1, 67.34, [576, 1509]
26, 2, 43.41, [6917, 2377]
26, 3, 9.0, [1424, 1401]
26, 4, 7.0, [1068, 1403]
26, 5, 5.0, [1131, 1827]
26, 6, 5.0, [1417, 1368]
26, 7, 5.0, [1497, 905]
26, 8, 4.0, [1168, 2377]
26, 9, 3.0, [775, 2094]
27, 0, 67.75, [576, 1509]
27, 1, 67.34, [576, 1509]
27, 2, 61.36, [1190, 1509]
27, 3, 44.69, [6917, 1990]
27, 4, 8.0, [1652, 1351]
27, 5, 8.0, [576, 775]
27, 6, 7.0, [2320, 1225]
27, 7, 5.0, [1518, 421]
27, 8, 5.0, [585, 2377]
27, 9, 4.0, [314, 2377]
28, 0, 67.75, [576, 1509]
28, 1, 67.34, [576, 1509]
28, 2, 64.45, [326, 1509]
28, 3, 64.45, [571, 1509]
28, 4, 48.55, [6917, 1224]
28, 5, 14.0, [576, 1401]
28, 6, 7.44, [717, 1223]
28, 7, 7.0, [1157, 1125]
28, 8, 7.0, [576, 3662]
28, 9, 5.0, [785, 975]
29, 0, 67.75, [576, 1509]
29, 1, 67.34, [576, 1509]
29, 2, 10.48, [1059, 1224]
29, 3, 7.0, [140, 1131]
29, 4, 6.0, [521, 1403]
29, 5, 6.0, [1226, 2332]
29, 6, 5.0, [785, 775]
29, 7, 5.0, [1417, 1168]
29, 8, 5.0, [1827, 5684]
29, 9, 4.0, [320, 1437]
30, 0, 67.75, [576, 1509]
30, 1, 67.34, [576, 1509]
30, 2, 10.96, [697, 1224]
30, 3, 9.0, [1417, 1025]
30, 4, 6.0, [1068, 1020]
30, 5, 6.0, [1906, 1430]
30, 6, 4.04, [1230, 2989]
30, 7, 3.0, [1190, 585]
30, 8, 3.0, [1279, 1935]
30, 9, 2.0, [645, 1715]
31, 0, 67.75, [576, 1509]
31, 1, 67.34, [576, 1509]
31, 2, 65.54, [1141, 1509]
31, 3, 64.04, [571, 1509]
31, 4, 61.31, [1078, 1509]
31, 5, 42.72, [6917, 1518]
31, 6, 10.0, [576, 1827]
31, 7, 8.0, [571, 1025]
31, 8, 7.0, [576, 1225]
31, 9, 3.0, [775, 1107]
32, 0, 67.75, [576, 1509]
32, 1, 67.34, [576, 1509]
32, 2, 9.02, [1350, 1695]
32, 3, 8.0, [1247, 1480]
32, 4, 7.0, [576, 787]
32, 5, 6.0, [1125, 1695]
32, 6, 6.0, [1058, 1025]
32, 7, 5.0, [1247, 749]
32, 8, 4.0, [571, 1028]
32, 9, 3.51, [314, 788]
33, 0, 67.75, [576, 1509]
33, 1, 67.34, [576, 1509]
33, 2, 62.39, [1064, 1509]
33, 3, 62.17, [314, 1509]
33, 4, 61.22, [1040, 1509]
33, 5, 9.0, [1401, 1040]
33, 6, 8.0, [1611, 2320]
33, 7, 7.0, [576, 1347]
33, 8, 7.0, [576, 1347]
33, 9, 4.36, [1402, 1040]
34, 0, 67.75, [576, 1509]
34, 1, 67.34, [576, 1509]
34, 2, 9.1, [1350, 1028]
34, 3, 9.0, [1064, 1425]
34, 4, 7.0, [695, 1131]
34, 5, 7.0, [1715, 1351]
34, 6, 7.0, [1351, 1028]
34, 7, 6.0, [1125, 5684]
34, 8, 5.25, [1990, 1064]
34, 9, 4.51, [645, 1402]
35, 0, 67.75, [576, 1509]
35, 1, 67.34, [576, 1509]
35, 2, 61.58, [1287, 1509]
35, 3, 14.0, [140, 1425]
35, 4, 11.0, [1068, 2171]
35, 5, 11.0, [1350, 1620]
35, 6, 5.0, [645, 521]
35, 7, 3.0, [1247, 2110]
35, 8, 2.0, [1767, 2110]
35, 9, 2.0, [1131, 1028]
36, 0, 67.75, [576, 1509]
36, 1, 67.34, [576, 1509]
36, 2, 67.08, [576, 1509]
36, 3, 62.2, [831, 1509]
36, 4, 15.46, [576, 1224]
36, 5, 13.98, [2171, 1350]
36, 6, 9.0, [1212, 1425]
36, 7, 7.0, [1403, 1990]
36, 8, 4.53, [1368, 1402]
36, 9, 3.0, [1403, 1020]
37, 0, 67.75, [576, 1509]
37, 1, 67.34, [576, 1509]
37, 2, 65.08, [421, 1509]
37, 3, 19.0, [1091, 1401]
37, 4, 15.94, [1350, 1425]
37, 5, 10.0, [1025, 1125]
37, 6, 9.14, [1350, 831]
37, 7, 7.0, [2320, 314]
37, 8, 5.0, [1190, 751]
37, 9, 2.0, [1064, 1279]
38, 0, 67.75, [576, 1509]
38, 1, 67.34, [576, 1509]
38, 2, 63.26, [1442, 1509]
38, 3, 10.52, [1223, 1332]
38, 4, 10.0, [576, 1827]
38, 5, 9.0, [645, 1401]
38, 6, 7.0, [2320, 1059]
38, 7, 7.0, [2320, 1497]
38, 8, 5.0, [421, 1518]
38, 9, 5.0, [1620, 1611]
39, 0, 67.75, [576, 1509]
39, 1, 67.34, [576, 1509]
39, 2, 64.48, [571, 1509]
39, 3, 16.0, [1091, 1332]
39, 4, 13.96, [576, 1350]
39, 5, 8.0, [576, 775]
39, 6, 6.49, [697, 1125]
39, 7, 6.0, [1442, 1715]
39, 8, 5.0, [4227, 326]
39, 9, 4.52, [1402, 2989]
40, 0, 67.75, [576, 1509]
40, 1, 67.34, [576, 1509]
40, 2, 62.02, [645, 1509]
40, 3, 43.33, [6917, 1378]
40, 4, 11.0, [1401, 1058]
40, 5, 11.0, [576, 2332]
40, 6, 8.0, [717, 2171]
40, 7, 7.0, [751, 320]
40, 8, 6.0, [1125, 1497]
40, 9, 6.0, [2332, 1225]
41, 0, 67.75, [576, 1509]
41, 1, 67.34, [576, 1509]
41, 2, 62.26, [314, 1509]
41, 3, 44.5, [6917, 1351]
41, 4, 14.0, [576, 1425]
41, 5, 12.0, [576, 2320]
41, 6, 7.96, [1230, 1068]
41, 7, 3.0, [1935, 2989]
41, 8, 2.0, [1279, 1424]
41, 9, 2.0, [1090, 1064]
42, 0, 67.75, [576, 1509]
42, 1, 67.34, [576, 1509]
42, 2, 10.48, [2320, 1407]
42, 3, 9.48, [695, 1328]
42, 4, 6.46, [1223, 1347]
42, 5, 6.0, [1025, 2989]
42, 6, 4.48, [788, 717]
42, 7, 3.0, [1906, 1475]
42, 8, 2.0, [314, 1619]
42, 9, 2.0, [1190, 1212]
43, 0, 67.75, [576, 1509]
43, 1, 67.34, [576, 1509]
43, 2, 61.6, [2094, 1509]
43, 3, 15.48, [2320, 1224]
43, 4, 9.5, [576, 1328]
43, 5, 8.42, [1407, 751]
43, 6, 8.0, [576, 1403]
43, 7, 7.0, [2320, 2332]
43, 8, 5.46, [314, 1407]
43, 9, 4.5, [314, 1402]
44, 0, 67.75, [576, 1509]
44, 1, 67.34, [576, 1509]
44, 2, 17.0, [1091, 695]
44, 3, 10.0, [576, 905]
44, 4, 8.0, [695, 717]
44, 5, 7.0, [576, 1168]
44, 6, 7.0, [2171, 1090]
44, 7, 6.0, [576, 314]
44, 8, 6.0, [2094, 1332]
44, 9, 5.51, [1407, 314]
45, 0, 67.75, [576, 1509]
45, 1, 67.34, [576, 1509]
45, 2, 63.05, [1442, 1509]
45, 3, 62.4, [1279, 1509]
45, 4, 61.42, [1311, 1509]
45, 5, 17.0, [1091, 140]
45, 6, 11.43, [1287, 1224]
45, 7, 8.0, [571, 695]
45, 8, 7.47, [905, 1328]
45, 9, 7.0, [576, 140]
46, 0, 67.75, [576, 1509]
46, 1, 67.34, [576, 1509]
46, 2, 64.38, [571, 1509]
46, 3, 64.03, [571, 1509]
46, 4, 12.96, [1442, 1350]
46, 5, 11.94, [1350, 1417]
46, 6, 11.12, [2377, 1350]
46, 7, 8.49, [1407, 421]
46, 8, 6.0, [1906, 1125]
46, 9, 6.0, [1442, 1715]
47, 0, 67.75, [576, 1509]
47, 1, 67.34, [576, 1509]
47, 2, 63.17, [1442, 1509]
47, 3, 12.0, [576, 1351]
47, 4, 11.56, [1328, 1425]
47, 5, 8.0, [571, 2332]
47, 6, 5.0, [905, 2989]
47, 7, 5.0, [326, 1378]
47, 8, 2.0, [314, 1131]
47, 9, 2.0, [1475, 1225]
48, 0, 67.75, [576, 1509]
48, 1, 67.34, [576, 1509]
48, 2, 62.23, [645, 1509]
48, 3, 61.1, [1437, 1509]
48, 4, 12.0, [1028, 1091]
48, 5, 9.0, [571, 1351]
48, 6, 5.0, [326, 1064]
48, 7, 5.0, [421, 1059]
48, 8, 2.0, [1906, 1020]
48, 9, 2.0, [1064, 1090]
49, 0, 67.75, [576, 1509]
49, 1, 67.34, [576, 1509]
49, 2, 64.44, [326, 1509]
49, 3, 9.0, [1347, 1401]
49, 4, 8.52, [1407, 521]
49, 5, 7.0, [140, 1226]
49, 6, 7.0, [645, 1351]
49, 7, 7.0, [2171, 1619]
49, 8, 5.49, [1223, 1279]
49, 9, 4.64, [2110, 1328]
50, 0, 67.75, [576, 1509]
50, 1, 67.34, [576, 1509]
50, 2, 64.95, [1025, 1509]
50, 3, 61.24, [1695, 1509]
50, 4, 14.0, [320, 1091]
50, 5, 10.0, [1141, 1351]
50, 6, 9.0, [314, 1401]
50, 7, 9.0, [1347, 1425]
50, 8, 7.42, [695, 697]
50, 9, 7.0, [2320, 1028]
