generation number, individual number, fitness, candidate
0, 0, 3.05, [1414, 2341, 2436]
0, 1, 3.05, [1025, 2436, 1414]
0, 2, 3.04, [3639, 1414, 990]
0, 3, 3.01, [78, 2341, 1353]
0, 4, 3.01, [1555, 545, 2490]
0, 5, 3.01, [731, 1229, 1414]
0, 6, 3.01, [1025, 1048, 1419]
0, 7, 3.0, [666, 1028, 809]
0, 8, 3.0, [1353, 841, 711]
0, 9, 3.0, [15, 339, 1141]
1, 0, 3.11, [711, 2436, 520]
1, 1, 3.08, [841, 2436, 1414]
1, 2, 3.05, [934, 439, 1414]
1, 3, 3.05, [1414, 2341, 2436]
1, 4, 3.05, [1025, 2436, 1414]
1, 5, 3.04, [1229, 2341, 1540]
1, 6, 3.03, [1289, 2436, 1414]
1, 7, 3.02, [1289, 2341, 2436]
1, 8, 3.01, [1025, 2490, 1229]
1, 9, 3.01, [1229, 731, 697]
2, 0, 3.12, [495, 320, 520]
2, 1, 3.11, [675, 1555, 520]
2, 2, 3.11, [666, 2436, 520]
2, 3, 3.11, [711, 2436, 520]
2, 4, 3.08, [841, 2436, 1414]
2, 5, 3.07, [785, 970, 495]
2, 6, 3.04, [1289, 2436, 1414]
2, 7, 3.04, [819, 439, 1414]
2, 8, 3.02, [711, 2436, 2340]
2, 9, 3.01, [711, 2032, 1827]
3, 0, 3.15, [666, 320, 520]
3, 1, 3.13, [609, 1555, 520]
3, 2, 3.13, [964, 587, 520]
3, 3, 3.12, [675, 439, 520]
3, 4, 3.12, [495, 320, 520]
3, 5, 3.11, [841, 320, 520]
3, 6, 3.11, [675, 1555, 520]
3, 7, 3.09, [2341, 1555, 520]
3, 8, 3.03, [495, 1394, 690]
3, 9, 3.01, [675, 2436, 1029]
4, 0, 3.17, [545, 785, 520]
4, 1, 3.15, [809, 320, 520]
4, 2, 3.15, [666, 320, 520]
4, 3, 3.13, [809, 320, 520]
4, 4, 3.13, [609, 1555, 520]
4, 5, 3.12, [2490, 1141, 520]
4, 6, 3.1, [487, 450, 520]
4, 7, 3.05, [964, 320, 1419]
4, 8, 3.04, [666, 1555, 495]
4, 9, 3.04, [1229, 78, 716]
5, 0, 3.17, [545, 785, 520]
5, 1, 3.15, [809, 320, 520]
5, 2, 3.14, [850, 785, 520]
5, 3, 3.13, [666, 735, 520]
5, 4, 3.12, [545, 1045, 520]
5, 5, 3.08, [1138, 785, 520]
5, 6, 3.07, [741, 320, 520]
5, 7, 3.04, [609, 785, 831]
5, 8, 3.03, [1414, 1394, 1540]
5, 9, 3.0, [2667, 798, 711]
6, 0, 3.17, [545, 785, 520]
6, 1, 3.15, [1138, 785, 520]
6, 2, 3.15, [809, 320, 520]
6, 3, 3.14, [816, 656, 520]
6, 4, 3.13, [545, 785, 520]
6, 5, 3.05, [974, 785, 656]
6, 6, 3.04, [850, 831, 247]
6, 7, 3.03, [666, 785, 690]
6, 8, 3.02, [545, 735, 1138]
6, 9, 3.02, [545, 850, 336]
7, 0, 3.17, [545, 785, 520]
7, 1, 3.16, [587, 785, 520]
7, 2, 3.15, [1138, 785, 520]
7, 3, 3.14, [1138, 816, 520]
7, 4, 3.14, [2846, 487, 520]
7, 5, 3.09, [809, 487, 520]
7, 6, 3.09, [439, 320, 520]
7, 7, 3.06, [934, 487, 609]
7, 8, 3.06, [1347, 785, 819]
7, 9, 3.04, [78, 429, 964]
8, 0, 3.17, [1138, 487, 520]
8, 1, 3.17, [545, 785, 520]
8, 2, 3.16, [587, 785, 520]
8, 3, 3.14, [587, 716, 520]
8, 4, 3.13, [1569, 495, 520]
8, 5, 3.05, [545, 785, 609]
8, 6, 3.03, [247, 1225, 690]
8, 7, 3.03, [2490, 785, 216]
8, 8, 3.02, [2032, 1394, 1003]
8, 9, 3.02, [1138, 735, 1025]
9, 0, 3.17, [1138, 487, 520]
9, 1, 3.17, [545, 785, 520]
9, 2, 3.15, [697, 5117, 635]
9, 3, 3.14, [1138, 735, 520]
9, 4, 3.14, [1028, 1138, 520]
9, 5, 3.13, [545, 809, 520]
9, 6, 3.09, [450, 487, 520]
9, 7, 3.09, [1138, 697, 520]
9, 8, 3.05, [545, 785, 247]
9, 9, 3.05, [339, 785, 495]
10, 0, 3.17, [1138, 487, 520]
10, 1, 3.17, [545, 785, 520]
10, 2, 3.13, [1225, 2032, 520]
10, 3, 3.12, [545, 922, 520]
10, 4, 3.07, [780, 785, 520]
10, 5, 3.06, [439, 487, 1514]
10, 6, 3.04, [439, 751, 2070]
10, 7, 3.02, [1138, 735, 741]
10, 8, 3.01, [1138, 483, 2340]
10, 9, 3.0, [1378, 2490, 1048]
