n_nodes,influence,n0,n1,n2,n3,n4
5,10418.8000,2276,7578,18725,5672,48252
5,10378.4000,2276,7578,44531,8154,32885
5,10378.4000,2276,7578,44531,8154,32885
5,10378.4000,2276,7578,44531,8154,32885
5,10363.9000,2276,18725,5672,68716,13163
5,10358.6000,2276,7578,18725,5672,48252
5,10358.6000,2276,7578,18725,5672,48252
5,10358.6000,2276,7578,18725,5672,48252
5,10355.9000,2276,68716,18725,5672,32885
5,10355.9000,2276,68716,18725,5672,32885
5,10354.2000,2276,5672,59508,43822,48252
5,10354.2000,2276,5672,59508,43822,48252
5,10354.1000,2276,18725,5672,68716,13163
5,10354.1000,2276,18725,5672,68716,13163
5,10354.1000,2276,18725,5672,68716,13163
5,10353.7000,2276,18725,5672,68716,13163
