n_nodes,influence,n0,n1,n2,n3,n4
5,701.6300,36,11,1470,2688,312
5,700.9100,36,11,1470,2688,312
5,700.8500,36,11,1470,2688,312
5,693.8200,36,11,1470,2688,312
5,685.9900,432,11,1470,2688,312
5,685.9900,432,11,1470,2688,312
5,685.9900,432,11,1470,2688,312
5,685.9900,432,11,1470,2688,312
5,685.9900,432,11,1470,2688,312
5,685.9900,432,11,1470,2688,312
5,685.9900,432,11,1470,2688,312
5,685.9900,432,11,1470,2688,312
5,678.0100,432,11,1470,2688,312
5,673.1400,2688,36,11,3569,312
5,673.1400,2688,36,11,3569,312
5,673.1400,2688,36,11,3569,312
5,673.1400,2688,36,11,3569,312
5,673.1400,2688,36,11,3569,312
5,673.1400,2688,36,11,3569,312
5,672.0800,432,11,1470,2688,312
5,672.0800,432,11,1470,2688,312
5,672.0800,432,11,1470,2688,312
5,672.0800,432,11,1470,2688,312
5,670.4000,432,11,1470,2688,312
5,669.0700,36,11,7054,2688,312
5,663.5400,36,11,7054,2688,312
5,660.2600,432,11,1470,2688,312
5,660.2600,432,11,1470,2688,312
5,660.2600,432,11,1470,2688,312
5,660.2600,432,11,1470,2688,312
5,660.2600,432,11,1470,2688,312
5,660.2600,432,11,1470,2688,312
5,660.2600,432,11,1470,2688,312
5,659.6200,2688,36,11,7327,312
5,658.6600,2688,36,11,3569,1470
5,655.7300,2688,11,7054,432,173
5,655.5600,2688,36,11,4456,312
5,655.5600,2688,36,11,4456,312
5,655.5600,2688,36,11,4456,312
5,652.1800,36,11,7054,2688,312
5,652.1800,36,11,7054,2688,312
5,652.1800,36,11,7054,2688,312
5,652.1800,36,11,7054,2688,312
5,652.1800,36,11,7054,2688,312
5,651.5500,36,11,7054,2688,1470
5,650.6900,36,11,7054,2688,312
5,644.2700,36,11,1470,2688,887
5,644.2700,36,11,1470,2688,887
5,644.2700,36,11,1470,2688,887
5,644.2700,36,11,1470,2688,887
5,644.2300,36,11,1470,2688,887
5,644.2300,36,11,1470,2688,887
5,644.2300,36,11,1470,2688,887
5,644.2300,36,11,1470,2688,887
5,644.2300,36,11,1470,2688,887
5,644.2300,36,11,1470,2688,887
5,640.5700,432,11,7054,2688,312
5,640.1700,2688,36,11,5373,1470
5,639.0200,432,11,7054,2688,312
5,637.4500,2688,11,5246,432,1470
5,631.1400,432,11,7054,2688,1470
5,631.1400,432,11,7054,2688,1470
5,630.7100,432,11,7054,2688,312
5,630.5400,2688,11,5246,432,312
