n_nodes,influence,n0,n1,n2,n3,n4
5,138.2700,0,2273,99,8220,13
5,138.2700,0,2273,99,8220,13
5,138.2700,0,2273,99,8220,13
5,137.6800,0,3882,99,13,8220
5,137.1400,0,2273,99,4549,13
5,136.8300,0,2273,99,4549,13
5,136.8300,0,2273,99,4549,13
5,136.8300,0,2273,99,4549,13
5,136.8300,0,2273,99,4549,13
5,136.8300,0,2273,99,4549,13
5,136.8300,0,2273,99,4549,13
5,136.8300,0,2273,99,4549,13
5,136.8300,0,2273,99,4549,13
5,136.8300,0,2273,99,4549,13
5,136.8300,0,2273,99,4549,13
5,136.8300,0,2273,99,4549,13
5,136.8300,0,2273,99,4549,13
5,136.8300,0,2273,99,4549,13
5,134.9700,0,2273,99,4549,13
5,126.8800,102,253,6281,99,0
5,126.5600,102,253,6281,99,0
5,126.5600,102,253,6281,99,0
5,126.0900,102,253,4998,99,0
5,126.0900,102,253,4998,99,0
5,124.8200,102,253,6281,99,0
5,124.8200,102,253,6281,99,0
5,124.8200,102,253,6281,99,0
5,124.8200,102,253,6281,99,0
5,124.8200,102,253,6281,99,0
5,124.5800,102,253,6281,99,0
5,124.3500,102,8079,820,99,0
5,124.0500,102,8079,6281,99,0
5,124.0500,102,8079,6281,99,0
5,123.7400,102,8079,6281,99,0
5,123.6700,102,8079,6281,99,0
5,123.6700,102,8079,6281,99,0
5,123.6700,102,8079,6281,99,0
5,123.6700,102,8079,6281,99,0
5,123.6700,102,8079,6281,99,0
5,123.6700,102,8079,6281,99,0
5,123.6700,102,8079,6281,99,0
5,123.6700,102,8079,6281,99,0
5,123.6700,102,8079,6281,99,0
5,123.4200,102,253,6281,99,0
5,123.3500,102,8079,820,99,0
5,123.3500,102,8079,820,99,0
5,123.3500,102,8079,820,99,0
5,123.3500,102,8079,820,99,0
5,123.3500,102,8079,820,99,0
5,123.3500,102,8079,820,99,0
5,123.3000,102,8079,820,99,0
5,123.2800,0,99,102,8079,1626
5,122.9900,0,99,102,1931,5567
5,122.6600,102,8079,6281,99,0
5,122.6600,102,8079,6281,99,0
5,122.6600,102,8079,6281,99,0
5,122.6600,102,8079,6281,99,0
5,122.6600,102,8079,6281,99,0
5,122.6600,102,8079,6281,99,0
5,122.6600,102,8079,6281,99,0
5,122.6600,102,8079,6281,99,0
5,122.6600,102,8079,6281,99,0
5,122.6600,102,8079,6281,99,0
5,122.5200,0,99,102,6281,332
