generation number, pop_size, worst, best, median, avg, std, diversity, improvement, number_of_selections
0, 10, 7.13, 15.86, 8.825, 10.05, 2.720055146499791,0.9851851851851852,0,[1.e-300]
1, 10, 12.11, 16.15, 14.025, 14.096999999999998, 1.5103843881608416,0.888888888888889,0.018284993694829707,[1.e-300]
2, 10, 13.46, 16.15, 14.425, 14.681000000000001, 1.0356780387745987,0.6888888888888889,0.0,[1.e-300]
3, 10, 10.66, 16.37, 13.594999999999999, 14.027999999999997, 1.9509064559839873,0.7407407407407407,0.013622291021671977,[1.e-300]
4, 10, 13.0, 17.29, 15.305, 15.298000000000002, 1.252603688322847,0.5703703703703704,0.05620036652412939,[1.e-300]
5, 10, 9.79, 17.57, 13.145, 13.654999999999998, 2.9246922915069202,0.8148148148148149,0.016194331983805734,[1.e-300]
6, 10, 14.14, 18.59, 16.79, 16.193, 1.5108014429434464,0.6592592592592592,0.058053500284575954,[1.e-300]
7, 10, 10.24, 18.59, 14.795000000000002, 14.689000000000002, 2.863698482731728,0.7481481481481482,0.0,[1.e-300]
8, 10, 10.07, 18.59, 13.81, 14.304999999999998, 2.8037234171722427,0.837037037037037,0.0,[1.e-300]
9, 10, 11.45, 19.57, 15.485, 15.325, 3.1988005564586235,0.8148148148148149,0.05271651425497582,[1.e-300]
10, 10, 12.0, 19.57, 14.870000000000001, 15.884, 2.581182674666789,0.674074074074074,0.0,[1.e-300]
