num_genrations,diversity,improvement,best_fitness
0,0.9996031746031746,0,80.37
1,0.9595238095238096,0.0,80.37
2,0.8188492063492063,0.007341047654597352,80.96
3,0.6461309523809524,0.05694169960474308,85.57
4,0.7266865079365079,0.020451092672665656,87.32
5,0.48065476190476175,0.012368300503893868,88.4
6,0.37430555555555567,0.1509049773755655,101.74
7,0.4196428571428572,0.0,101.74
8,0.43988095238095226,0.03735010811873414,105.54
9,0.4852182539682539,0.0,105.54
10,0.30019841269841274,0.03249952624597302,108.97
