generation number, pop_size, worst, best, median, avg, std, diversity, improvement, number_of_selections
0, 10, 4.4, 10.4, 6.355, 6.987000000000002, 2.090870871192193,0.9888888888888889,0,[1.e-300]
1, 10, 9.54, 11.35, 10.215, 10.189000000000002, 0.5318731051670128,0.8666666666666667,0.09134615384615377,[1.e-300]
2, 10, 8.05, 11.76, 9.735, 9.968999999999998, 0.999714459233235,0.8888888888888888,0.03612334801762116,[1.e-300]
3, 10, 6.6, 11.76, 9.75, 9.678999999999998, 1.6303708167162465,0.8888888888888888,0.0,[1.e-300]
4, 10, 7.62, 11.76, 8.739999999999998, 9.212, 1.3834146160858647,0.9666666666666667,0.0,[1.e-300]
5, 10, 7.94, 11.76, 9.365, 9.719999999999999, 1.2531400560192782,0.8888888888888888,0.0,[1.e-300]
6, 10, 8.48, 11.76, 9.94, 10.192000000000002, 1.1685187204319836,0.8777777777777778,0.0,[1.e-300]
7, 10, 6.15, 11.76, 9.58, 9.657, 1.6938361786194083,0.8666666666666667,0.0,[1.e-300]
8, 10, 6.87, 12.05, 9.515, 9.538, 2.074501385875652,0.9666666666666667,0.02465986394557831,[1.e-300]
9, 10, 8.98, 13.4, 11.184999999999999, 11.228000000000002, 1.4770091401206698,0.7777777777777778,0.11203319502074685,[1.e-300]
10, 10, 6.57, 13.4, 8.115, 9.081999999999999, 2.410335246392086,0.9555555555555556,0.0,[1.e-300]
