generation number, pop_size, worst, best, median, avg, std, diversity, improvement, number_of_selections
0, 10, 6.39, 14.65, 9.485, 9.334999999999999, 2.3456992560854855,0.9777777777777777,0,[1.e-300]
1, 10, 7.58, 14.65, 12.545, 11.908999999999999, 2.441329350988924,0.8777777777777778,0.0,[1.e-300]
2, 10, 7.1, 15.1, 8.145, 10.360999999999999, 3.405332436047911,0.9222222222222223,0.030716723549488005,[1.e-300]
3, 10, 5.32, 15.1, 9.23, 10.033000000000001, 3.470403578836329,0.9222222222222223,0.0,[1.e-300]
4, 10, 6.0, 15.1, 8.225, 10.196, 3.8099112850563857,0.8777777777777778,0.0,[1.e-300]
5, 10, 5.51, 15.1, 8.120000000000001, 9.299, 3.354878388257911,0.9666666666666667,0.0,[1.e-300]
6, 10, 7.04, 20.07, 13.475, 12.589000000000002, 4.193257564233326,0.9,0.3291390728476822,[1.e-300]
7, 10, 7.86, 20.07, 13.495000000000001, 13.245000000000001, 4.194620960229899,0.8777777777777778,0.0,[1.e-300]
8, 10, 5.73, 20.07, 7.615, 10.663, 5.533111330887894,0.9555555555555556,0.0,[1.e-300]
9, 10, 6.51, 20.07, 8.27, 10.922, 5.057611689325308,0.9222222222222222,0.0,[1.e-300]
10, 10, 6.0, 20.32, 14.485, 13.553, 5.874288127083997,0.8222222222222222,0.01245640259093174,[1.e-300]
