generation number, pop_size, worst, best, median, avg, std, diversity, improvement, number_of_selections
0, 10, 4.34, 10.35, 6.195, 6.658000000000001, 1.9003357598066717,0.9777777777777777,0,[1.e-300]
1, 10, 8.33, 10.35, 9.685, 9.566, 0.5518188108428346,0.8333333333333334,0.0,[1.e-300]
2, 10, 7.85, 14.51, 10.175, 10.68, 1.9725769946950107,0.8555555555555555,0.4019323671497585,[1.e-300]
3, 10, 6.6, 14.51, 9.68, 10.066999999999998, 2.2949206957975696,0.8888888888888888,0.0,[1.e-300]
4, 10, 7.59, 14.51, 9.57, 10.715, 2.2704680134280686,0.8444444444444444,0.0,[1.e-300]
5, 10, 6.73, 14.51, 8.885, 9.862, 2.5901729671973643,0.9,0.0,[1.e-300]
6, 10, 5.92, 14.51, 8.815, 9.418, 2.7334147142356575,0.8666666666666667,0.0,[1.e-300]
7, 10, 6.16, 14.51, 9.42, 10.073999999999998, 3.035869562415355,0.8555555555555555,0.0,[1.e-300]
8, 10, 5.82, 14.51, 7.43, 9.249, 3.224988217032738,0.9,0.0,[1.e-300]
9, 10, 7.45, 14.51, 11.34, 10.881, 2.3922894891714086,0.8333333333333333,0.0,[1.e-300]
10, 10, 5.05, 14.51, 10.175, 9.794, 3.270728359249664,0.8777777777777778,0.0,[1.e-300]
