n_nodes,influence,n0,n1,n2,n3,n4
5,366.7900,0,3,5,6,8
5,319.1000,8,3,242,0,5
5,319.1000,8,3,242,0,5
5,319.1000,8,3,242,0,5
5,313.4600,8,3,242,0,5
5,313.4600,8,3,242,0,5
5,312.6300,8,3,242,0,5
5,311.4700,0,3,8,242,5
5,311.4700,0,3,8,242,5
5,311.4700,0,3,8,242,5
5,311.4700,0,3,8,242,5
5,311.4700,0,3,8,242,5
5,310.0400,8,3,242,0,5
5,310.0400,8,3,242,0,5
5,310.0400,8,3,242,0,5
5,306.2100,3,1278,0,6,8
5,304.6800,0,3,5,8,3466
5,303.9300,0,3,8,3224,5
5,303.3300,0,3,8,3224,5
5,303.3300,0,3,8,3224,5
5,303.3300,0,3,8,3224,5
5,303.3300,0,3,8,3224,5
5,303.3300,0,3,8,3224,5
5,303.3300,0,3,8,3224,5
5,303.3300,0,3,8,3224,5
5,301.8600,0,3,5,8,7834
5,301.4100,3,1278,0,6,8
5,301.4100,3,1278,0,6,8
5,281.0000,0,3,8,242,16
5,271.7000,0,5658,3,6,5
5,271.7000,0,5658,3,6,5
5,271.7000,0,5658,3,6,5
5,271.5900,0,5658,3,6,5
5,268.2500,0,3,5,6,3407
5,267.5500,0,3,5,6,3407
5,267.5500,0,3,5,6,3407
5,267.5500,0,3,5,6,3407
5,267.5500,0,3,5,6,3407
5,266.3600,0,3,242,341,8
5,266.3600,0,3,242,341,8
5,266.3600,0,3,242,341,8
5,261.7400,8,3,242,724,0
5,261.7400,8,3,242,724,0
5,261.7400,8,3,242,724,0
5,261.7400,8,3,242,724,0
5,261.7400,8,3,242,724,0
5,261.7400,8,3,242,724,0
5,261.7400,8,3,242,724,0
5,261.7400,8,3,242,724,0
5,259.4400,0,3,242,341,8
5,259.4400,0,3,242,341,8
5,257.7400,3,1278,151,0,8
5,257.7400,3,1278,151,0,8
5,257.7400,3,1278,151,0,8
5,257.7400,3,1278,151,0,8
5,257.2000,3,1278,151,0,8
5,257.0500,0,3,8,5778,242
5,256.8900,3,1278,151,0,8
5,256.8900,3,1278,151,0,8
5,256.8900,3,1278,151,0,8
5,256.8900,3,1278,151,0,8
5,256.8900,3,1278,151,0,8
5,256.8900,3,1278,151,0,8
5,256.8900,3,1278,151,0,8
5,256.8900,3,1278,151,0,8
5,256.8900,3,1278,151,0,8
5,256.8900,3,1278,151,0,8
5,256.8900,3,1278,151,0,8
5,256.8900,3,1278,151,0,8
5,256.8900,3,1278,151,0,8
5,256.8900,3,1278,151,0,8
5,256.8900,3,1278,151,0,8
5,256.8900,3,1278,151,0,8
5,256.8900,3,1278,151,0,8
5,256.8800,0,3,8,2763,242
5,256.8800,0,3,8,2763,242
5,256.8800,0,3,8,2763,242
5,256.8800,0,3,8,2763,242
5,256.8800,0,3,8,2763,242
5,256.8800,0,3,8,2763,242
5,256.7500,0,3,8,3224,242
5,256.3900,7938,3,242,0,8
5,256.3900,7938,3,242,0,8
5,256.2200,0,8604,3,8,242
5,256.0100,7938,3,242,0,8
5,255.9000,3,1278,151,0,8
5,255.8800,0,3,8,242,7086
5,255.8800,0,3,8,242,7086
5,255.8800,0,3,8,242,7086
5,255.8800,0,3,8,242,7086
5,255.8800,0,3,8,242,7086
5,255.8800,0,3,8,242,7086
5,255.8800,0,3,8,242,7086
5,255.8800,0,3,8,242,7086
5,255.8800,0,3,8,242,7086
5,255.8800,0,3,8,242,7086
5,255.5600,0,3,8,242,7086
5,255.0100,0,3,8,242,9813
5,254.7800,0,3,8,1275,242
5,254.6600,3,1278,151,0,8
5,254.6200,7938,3,242,0,8
5,254.4100,7938,3,151,0,8
5,254.4100,0,3,8,242,7086
5,254.3900,7938,3,242,0,8
5,254.3900,7938,3,242,0,8
5,254.3900,7938,3,242,0,8
5,254.3900,7938,3,242,0,8
5,254.3900,7938,3,242,0,8
5,254.3500,7938,3,242,0,8
5,254.3500,7938,3,242,0,8
5,254.3500,7938,3,242,0,8
5,254.2800,7938,3,242,0,8
5,254.2800,7938,3,242,0,8
5,254.2800,7938,3,242,0,8
5,254.2800,7938,3,242,0,8
5,254.2800,7938,3,242,0,8
5,253.5100,0,3,8,9755,242
5,253.4800,3,1278,151,0,8
5,253.4800,3,1278,151,0,8
5,253.4800,3,1278,151,0,8
5,253.4800,3,1278,151,0,8
5,253.1000,0,3,8,1275,242
5,252.8500,0,3,8,2763,242
5,252.3200,7938,3,242,0,8
5,252.2600,3,1278,151,0,8
5,252.1600,7938,3,242,0,8
5,252.1000,0,3,8,151,2413
5,249.9200,0,2824,3,8,5844
