generation number, individual number, fitness, candidate
0, 0, 3.21, [1620, 576, 1509]
0, 1, 3.21, [1509, 751, 1990]
0, 2, 3.17, [1020, 1064, 1509]
0, 3, 3.13, [1157, 1480, 1509]
0, 4, 3.07, [326, 1230, 1091]
0, 5, 3.05, [2377, 785, 975]
0, 6, 3.04, [571, 1403, 320]
0, 7, 3.03, [1425, 831, 1141]
0, 8, 3.03, [1125, 1715, 751]
0, 9, 3.01, [1279, 1064, 1287]
1, 0, 3.23, [1157, 3662, 1509]
1, 1, 3.21, [1620, 576, 1509]
1, 2, 3.21, [1509, 751, 1990]
1, 3, 3.2, [1059, 1990, 1509]
1, 4, 3.17, [1620, 717, 1509]
1, 5, 3.17, [1509, 749, 1480]
1, 6, 3.14, [1509, 1131, 975]
1, 7, 3.07, [2377, 749, 1990]
1, 8, 3.06, [1091, 751, 1064]
1, 9, 3.01, [1620, 1715, 320]
2, 0, 3.23, [1620, 140, 1509]
2, 1, 3.23, [1157, 3662, 1509]
2, 2, 3.21, [1620, 576, 1509]
2, 3, 3.2, [1401, 576, 1509]
2, 4, 3.2, [975, 788, 1509]
2, 5, 3.2, [5684, 1125, 1509]
2, 6, 3.18, [320, 1020, 1509]
2, 7, 3.17, [2332, 3662, 1509]
2, 8, 3.11, [1157, 421, 1509]
2, 9, 3.07, [1157, 576, 1935]
3, 0, 3.23, [1620, 140, 1509]
3, 1, 3.23, [1157, 3662, 1509]
3, 2, 3.18, [1157, 576, 1509]
3, 3, 3.16, [1620, 2377, 1509]
3, 4, 3.16, [1620, 576, 1509]
3, 5, 3.09, [1146, 1401, 1350]
3, 6, 3.05, [1620, 3662, 1351]
3, 7, 3.04, [1157, 1230, 2989]
3, 8, 3.03, [1990, 4227, 1020]
3, 9, 3.03, [2110, 3662, 1827]
4, 0, 3.3, [1424, 140, 1509]
4, 1, 3.23, [1620, 140, 1509]
4, 2, 3.23, [1157, 3662, 1509]
4, 3, 3.17, [1475, 576, 1509]
4, 4, 3.16, [1157, 1078, 1509]
4, 5, 3.15, [1475, 3662, 1509]
4, 6, 3.1, [320, 3662, 1509]
4, 7, 3.03, [1157, 3662, 1430]
4, 8, 3.0, [905, 140, 1190]
4, 9, 3.0, [1424, 576, 970]
5, 0, 3.3, [1424, 140, 1509]
5, 1, 3.23, [1620, 140, 1509]
5, 2, 3.15, [1157, 576, 1509]
5, 3, 3.12, [2320, 3662, 1509]
5, 4, 3.03, [1351, 140, 1497]
5, 5, 3.02, [1157, 140, 1107]
5, 6, 3.02, [1157, 140, 1437]
5, 7, 3.02, [1424, 3662, 1068]
5, 8, 3.01, [1620, 1190, 695]
5, 9, 3.01, [5684, 1090, 1224]
6, 0, 3.3, [1424, 140, 1509]
6, 1, 3.24, [1157, 576, 1509]
6, 2, 3.23, [1620, 140, 1509]
6, 3, 3.19, [1620, 571, 1509]
6, 4, 3.18, [1424, 1168, 1509]
6, 5, 3.17, [1497, 140, 1509]
6, 6, 3.16, [1424, 645, 1509]
6, 7, 3.14, [1424, 576, 1509]
6, 8, 3.11, [1424, 140, 1509]
6, 9, 3.04, [975, 1149, 1401]
7, 0, 3.3, [1424, 140, 1509]
7, 1, 3.25, [1424, 571, 1509]
7, 2, 3.24, [1157, 576, 1509]
7, 3, 3.2, [1424, 140, 1509]
7, 4, 3.19, [1620, 1025, 1509]
7, 5, 3.17, [1157, 576, 1509]
7, 6, 3.16, [1347, 576, 1509]
7, 7, 3.14, [1620, 1347, 1509]
7, 8, 3.03, [1424, 1157, 1091]
7, 9, 3.03, [1131, 1058, 2320]
8, 0, 3.3, [1424, 140, 1509]
8, 1, 3.27, [1157, 576, 1509]
8, 2, 3.25, [1424, 571, 1509]
8, 3, 3.18, [1620, 1328, 1509]
8, 4, 3.18, [1424, 751, 1509]
8, 5, 3.15, [1424, 571, 1509]
8, 6, 3.11, [1442, 1401, 1509]
8, 7, 3.07, [585, 1480, 905]
8, 8, 3.05, [1620, 140, 421]
8, 9, 3.04, [1424, 571, 1401]
9, 0, 3.3, [1424, 140, 1509]
9, 1, 3.29, [1424, 314, 1509]
9, 2, 3.27, [1157, 576, 1509]
9, 3, 3.22, [1157, 970, 1509]
9, 4, 3.21, [1442, 571, 1509]
9, 5, 3.19, [1287, 140, 1509]
9, 6, 3.18, [1425, 140, 1509]
9, 7, 3.11, [1059, 1226, 1509]
9, 8, 3.05, [1620, 576, 2332]
9, 9, 3.03, [1230, 576, 2332]
10, 0, 3.3, [1424, 140, 1509]
10, 1, 3.29, [1424, 314, 1509]
10, 2, 3.17, [695, 2094, 1509]
10, 3, 3.16, [1424, 1225, 1509]
10, 4, 3.16, [1424, 140, 1509]
10, 5, 3.16, [1149, 314, 1509]
10, 6, 3.15, [1424, 1620, 1509]
10, 7, 3.13, [1424, 2320, 1509]
10, 8, 3.03, [1424, 576, 1518]
10, 9, 3.02, [1580, 314, 1230]
11, 0, 3.3, [1424, 140, 1509]
11, 1, 3.29, [1424, 314, 1509]
11, 2, 3.14, [1424, 1652, 1509]
11, 3, 3.13, [695, 1417, 1509]
11, 4, 3.13, [140, 314, 1509]
11, 5, 3.08, [1401, 571, 1425]
11, 6, 3.04, [1497, 785, 2377]
11, 7, 3.03, [326, 314, 1025]
11, 8, 3.01, [1424, 576, 975]
11, 9, 3.01, [1424, 1906, 2171]
12, 0, 3.3, [1424, 140, 1509]
12, 1, 3.29, [1424, 314, 1509]
12, 2, 3.21, [717, 140, 1509]
12, 3, 3.15, [1424, 576, 1509]
12, 4, 3.06, [1425, 1368, 3124]
12, 5, 3.04, [975, 140, 1715]
12, 6, 3.04, [1430, 140, 1990]
12, 7, 3.04, [1287, 314, 1401]
12, 8, 3.03, [1347, 314, 1990]
12, 9, 3.03, [1225, 140, 1403]
13, 0, 3.3, [1424, 140, 1509]
13, 1, 3.29, [1424, 314, 1509]
13, 2, 3.2, [1424, 571, 1509]
13, 3, 3.18, [1402, 1368, 1509]
13, 4, 3.14, [1368, 1028, 1509]
13, 5, 3.04, [1224, 576, 1311]
13, 6, 3.04, [1424, 576, 697]
13, 7, 3.02, [1424, 576, 1347]
13, 8, 3.0, [1424, 1226, 1311]
13, 9, 3.0, [1424, 314, 749]
14, 0, 3.3, [1424, 140, 1509]
14, 1, 3.29, [1424, 314, 1509]
14, 2, 3.26, [785, 1058, 1509]
14, 3, 3.21, [1212, 1190, 1509]
14, 4, 3.19, [1424, 1025, 1509]
14, 5, 3.18, [1401, 3662, 1509]
14, 6, 3.14, [1402, 576, 1509]
14, 7, 3.06, [1125, 1025, 1990]
14, 8, 3.05, [1424, 1224, 1935]
14, 9, 3.05, [1695, 1368, 1509]
15, 0, 3.3, [1424, 140, 1509]
15, 1, 3.29, [1424, 314, 1509]
15, 2, 3.23, [1212, 717, 1509]
15, 3, 3.17, [1424, 645, 1509]
15, 4, 3.16, [1424, 1402, 1509]
15, 5, 3.14, [1149, 695, 1509]
15, 6, 3.11, [1767, 140, 1509]
15, 7, 3.01, [785, 1190, 1378]
15, 8, 3.01, [585, 1580, 1378]
15, 9, 3.01, [1424, 314, 576]
16, 0, 3.3, [1424, 140, 1509]
16, 1, 3.29, [1424, 314, 1509]
16, 2, 3.2, [585, 1223, 1509]
16, 3, 3.16, [1424, 1157, 1509]
16, 4, 3.08, [1906, 1332, 1509]
16, 5, 3.03, [1424, 1827, 1230]
16, 6, 3.01, [140, 314, 695]
16, 7, 3.0, [1149, 140, 1475]
16, 8, 3.0, [1424, 314, 1368]
16, 9, 3.0, [585, 1201, 1279]
17, 0, 3.3, [1424, 140, 1509]
17, 1, 3.29, [1424, 314, 1509]
17, 2, 3.22, [1424, 905, 1509]
17, 3, 3.21, [1141, 717, 1509]
17, 4, 3.02, [1424, 4227, 1332]
17, 5, 3.02, [3124, 975, 1518]
17, 6, 3.01, [1368, 3662, 1287]
17, 7, 3.01, [1497, 1475, 1149]
17, 8, 3.0, [1424, 1347, 788]
17, 9, 3.0, [1424, 1287, 1230]
18, 0, 3.3, [1424, 140, 1509]
18, 1, 3.29, [1424, 314, 1509]
18, 2, 3.22, [1424, 576, 1509]
18, 3, 3.12, [1224, 1425, 421]
18, 4, 3.02, [1424, 905, 1350]
18, 5, 3.02, [1424, 314, 785]
18, 6, 3.02, [585, 140, 1064]
18, 7, 3.01, [140, 1497, 2320]
18, 8, 3.0, [1424, 1695, 1146]
18, 9, 3.0, [1059, 1279, 1580]
19, 0, 3.3, [1424, 140, 1509]
19, 1, 3.29, [1424, 314, 1509]
19, 2, 3.18, [1509, 140, 1141]
19, 3, 3.16, [905, 140, 1509]
19, 4, 3.05, [1201, 1425, 421]
19, 5, 3.04, [1078, 140, 1328]
19, 6, 3.04, [1224, 140, 2332]
19, 7, 3.03, [1424, 140, 1401]
19, 8, 3.03, [1424, 905, 975]
19, 9, 3.02, [1424, 576, 1064]
20, 0, 3.3, [1424, 140, 1509]
20, 1, 3.29, [1424, 314, 1509]
20, 2, 3.28, [785, 140, 1509]
20, 3, 3.17, [1091, 1332, 1509]
20, 4, 3.13, [1509, 576, 2171]
20, 5, 3.11, [1230, 645, 1509]
20, 6, 3.06, [1620, 140, 1350]
20, 7, 3.04, [1424, 2320, 697]
20, 8, 3.03, [1424, 1040, 1401]
20, 9, 3.02, [645, 314, 775]
21, 0, 3.3, [1424, 140, 1509]
21, 1, 3.29, [1424, 314, 1509]
21, 2, 3.27, [1059, 645, 1509]
21, 3, 3.08, [1424, 140, 1091]
21, 4, 3.02, [1020, 751, 1611]
21, 5, 3.02, [787, 140, 5684]
21, 6, 3.02, [1424, 1368, 775]
21, 7, 3.01, [2110, 775, 1695]
21, 8, 3.01, [1424, 314, 1935]
21, 9, 3.0, [1028, 1125, 3124]
22, 0, 3.3, [1424, 140, 1509]
22, 1, 3.29, [1424, 314, 1509]
22, 2, 3.13, [1059, 576, 1509]
22, 3, 3.12, [1424, 1090, 1509]
22, 4, 3.04, [1442, 1141, 1990]
22, 5, 3.04, [1424, 1040, 1091]
22, 6, 3.03, [751, 140, 645]
22, 7, 3.02, [787, 775, 1351]
22, 8, 3.01, [1424, 320, 1518]
22, 9, 3.01, [1424, 1287, 1767]
23, 0, 3.3, [1424, 140, 1509]
23, 1, 3.29, [1424, 314, 1509]
23, 2, 3.16, [1424, 1407, 1509]
23, 3, 3.15, [1424, 975, 1509]
23, 4, 3.14, [1059, 576, 1509]
23, 5, 3.11, [320, 1401, 1350]
23, 6, 3.06, [1059, 140, 1224]
23, 7, 3.01, [1424, 140, 1402]
23, 8, 3.01, [1190, 695, 1378]
23, 9, 3.01, [314, 140, 1279]
24, 0, 3.3, [1424, 140, 1509]
24, 1, 3.29, [1424, 314, 1509]
24, 2, 3.13, [975, 1437, 1509]
24, 3, 3.1, [1424, 645, 1509]
24, 4, 3.08, [1715, 576, 1350]
24, 5, 3.04, [1091, 314, 1407]
24, 6, 3.01, [1424, 695, 5684]
24, 7, 3.0, [1424, 314, 1247]
24, 8, 3.0, [1403, 785, 831]
24, 9, 3.0, [1424, 314, 3124]
25, 0, 3.3, [1424, 140, 1509]
25, 1, 3.29, [1424, 314, 1509]
25, 2, 3.25, [975, 1107, 1509]
25, 3, 3.22, [751, 576, 1509]
25, 4, 3.22, [1425, 1223, 1509]
25, 5, 3.15, [1424, 320, 1509]
25, 6, 3.15, [1480, 1402, 1509]
25, 7, 3.05, [975, 140, 775]
25, 8, 3.04, [775, 140, 1107]
25, 9, 3.0, [1424, 314, 1040]
26, 0, 3.3, [1424, 140, 1509]
26, 1, 3.29, [1424, 314, 1509]
26, 2, 3.19, [1224, 314, 1509]
26, 3, 3.17, [1168, 314, 1509]
26, 4, 3.14, [1424, 1990, 1509]
26, 5, 3.13, [1168, 314, 1509]
26, 6, 3.12, [1328, 1107, 1509]
26, 7, 3.04, [970, 585, 2094]
26, 8, 3.03, [576, 1131, 140]
26, 9, 3.02, [1424, 1190, 1401]
27, 0, 3.3, [1424, 140, 1509]
27, 1, 3.29, [1424, 314, 1509]
27, 2, 3.11, [1347, 1652, 1509]
27, 3, 3.11, [697, 975, 1509]
27, 4, 3.08, [1424, 749, 1350]
27, 5, 3.07, [1424, 314, 1332]
27, 6, 3.04, [1224, 140, 1990]
27, 7, 3.02, [1424, 314, 1401]
27, 8, 3.01, [1424, 314, 1223]
27, 9, 3.01, [1424, 140, 1157]
28, 0, 3.3, [1424, 140, 1509]
28, 1, 3.29, [1424, 314, 1509]
28, 2, 3.23, [1028, 140, 1509]
28, 3, 3.17, [1424, 1223, 1509]
28, 4, 3.06, [1424, 1107, 1350]
28, 5, 3.05, [1424, 749, 1442]
28, 6, 3.04, [1424, 2332, 1328]
28, 7, 3.03, [1090, 314, 1350]
28, 8, 3.03, [1424, 749, 1401]
28, 9, 3.02, [1078, 140, 1990]
29, 0, 3.3, [1424, 140, 1509]
29, 1, 3.29, [1424, 314, 1509]
29, 2, 3.16, [1402, 320, 1509]
29, 3, 3.04, [1424, 749, 1125]
29, 4, 3.04, [4227, 1020, 1091]
29, 5, 3.04, [1028, 140, 1990]
29, 6, 3.02, [2171, 576, 1518]
29, 7, 3.02, [1347, 314, 1990]
29, 8, 3.01, [1424, 140, 1403]
29, 9, 3.01, [1028, 140, 1212]
30, 0, 3.3, [1424, 140, 1509]
30, 1, 3.29, [1424, 314, 1509]
30, 2, 3.14, [2171, 1279, 1509]
30, 3, 3.14, [2377, 314, 1509]
30, 4, 3.11, [1020, 1025, 1509]
30, 5, 3.08, [1424, 1328, 717]
30, 6, 3.06, [1424, 314, 1078]
30, 7, 3.02, [970, 1906, 1351]
30, 8, 3.01, [1287, 1201, 521]
30, 9, 3.01, [1424, 1935, 1378]
31, 0, 3.3, [1424, 140, 1509]
31, 1, 3.29, [1424, 1068, 1509]
31, 2, 3.29, [1424, 314, 1509]
31, 3, 3.22, [1125, 314, 1509]
31, 4, 3.22, [2171, 5684, 1509]
31, 5, 3.21, [1424, 576, 1509]
31, 6, 3.21, [1058, 1279, 1509]
31, 7, 3.19, [775, 1025, 1509]
31, 8, 3.04, [1424, 1351, 1058]
31, 9, 3.02, [1424, 1279, 1403]
32, 0, 3.3, [1424, 140, 1509]
32, 1, 3.29, [1424, 1068, 1509]
32, 2, 3.17, [1212, 140, 1509]
32, 3, 3.05, [1424, 314, 1328]
32, 4, 3.04, [1078, 751, 1224]
32, 5, 3.04, [1040, 1425, 1201]
32, 6, 3.04, [1424, 1068, 1146]
32, 7, 3.01, [1424, 140, 1201]
32, 8, 3.01, [1518, 326, 1475]
32, 9, 3.0, [1424, 1580, 1212]
33, 0, 3.3, [1424, 140, 1509]
33, 1, 3.29, [1424, 1068, 1509]
33, 2, 3.19, [1715, 140, 1509]
33, 3, 3.19, [1424, 831, 1509]
33, 4, 3.17, [1350, 1068, 1509]
33, 5, 3.09, [1287, 645, 1509]
33, 6, 3.06, [1328, 140, 1068]
33, 7, 3.04, [905, 140, 1226]
33, 8, 3.03, [1424, 1430, 1827]
33, 9, 3.02, [1068, 2110, 905]
34, 0, 3.3, [1424, 140, 1509]
34, 1, 3.29, [1424, 1068, 1509]
34, 2, 3.17, [1401, 1403, 1509]
34, 3, 3.16, [1424, 326, 1509]
34, 4, 3.14, [1424, 1437, 1509]
34, 5, 3.12, [645, 314, 1509]
34, 6, 3.05, [1827, 5684, 1223]
34, 7, 3.03, [749, 717, 1580]
34, 8, 3.02, [1424, 1652, 1225]
34, 9, 3.01, [1715, 2989, 1332]
35, 0, 3.3, [1424, 140, 1509]
35, 1, 3.29, [1424, 1068, 1509]
35, 2, 3.21, [1424, 1025, 1509]
35, 3, 3.2, [905, 140, 1509]
35, 4, 3.13, [1401, 831, 1509]
35, 5, 3.1, [1401, 831, 1509]
35, 6, 3.09, [2094, 576, 1509]
35, 7, 3.04, [717, 140, 788]
35, 8, 3.01, [1040, 140, 831]
35, 9, 3.01, [1424, 1403, 1146]
36, 0, 3.3, [1424, 140, 1509]
36, 1, 3.29, [1424, 1068, 1509]
36, 2, 3.2, [905, 1226, 1509]
36, 3, 3.14, [1141, 1146, 1509]
36, 4, 3.07, [1328, 576, 1652]
36, 5, 3.06, [905, 1025, 1224]
36, 6, 3.02, [1424, 1417, 1990]
36, 7, 3.01, [1149, 140, 1715]
36, 8, 3.01, [1424, 140, 1125]
36, 9, 3.01, [1028, 1935, 1059]
37, 0, 3.3, [1424, 140, 1509]
37, 1, 3.29, [1424, 1068, 1509]
37, 2, 3.21, [1402, 1068, 1509]
37, 3, 3.15, [905, 576, 1509]
37, 4, 3.1, [1424, 314, 1509]
37, 5, 3.06, [1424, 1226, 1425]
37, 6, 3.06, [905, 140, 2332]
37, 7, 3.03, [1424, 1146, 1620]
37, 8, 3.03, [1652, 785, 1190]
37, 9, 3.02, [1141, 1226, 1695]
38, 0, 3.3, [1424, 140, 1509]
38, 1, 3.29, [1424, 1068, 1509]
38, 2, 3.13, [1332, 140, 1401]
38, 3, 3.13, [1141, 1068, 1509]
38, 4, 3.07, [1424, 2171, 1350]
38, 5, 3.04, [1424, 1068, 3662]
38, 6, 3.04, [1430, 576, 788]
38, 7, 3.04, [905, 140, 2989]
38, 8, 3.04, [1025, 140, 1131]
38, 9, 3.02, [1424, 576, 571]
39, 0, 3.3, [1424, 140, 1509]
39, 1, 3.29, [1424, 1068, 1509]
39, 2, 3.12, [2377, 140, 1509]
39, 3, 3.08, [1424, 1332, 576]
39, 4, 3.08, [1332, 1068, 1401]
39, 5, 3.05, [1424, 140, 1401]
39, 6, 3.04, [1424, 1068, 1767]
39, 7, 3.02, [1424, 585, 1401]
39, 8, 3.01, [1424, 1480, 1020]
39, 9, 3.01, [1424, 1141, 1518]
40, 0, 3.3, [1424, 140, 1509]
40, 1, 3.29, [1424, 1068, 1509]
40, 2, 3.2, [1424, 576, 1509]
40, 3, 3.16, [751, 1695, 1509]
40, 4, 3.14, [1424, 140, 1509]
40, 5, 3.14, [1424, 1146, 1509]
40, 6, 3.13, [1107, 1068, 1509]
40, 7, 3.07, [1350, 140, 1311]
40, 8, 3.03, [1424, 1480, 1368]
40, 9, 3.01, [1424, 140, 1149]
41, 0, 3.3, [1424, 140, 1509]
41, 1, 3.29, [1424, 1068, 1509]
41, 2, 3.21, [1368, 1068, 1509]
41, 3, 3.17, [1424, 1040, 1509]
41, 4, 3.05, [1424, 140, 576]
41, 5, 3.03, [1424, 1401, 1475]
41, 6, 3.03, [1424, 1407, 576]
41, 7, 3.02, [1058, 576, 1827]
41, 8, 3.01, [1424, 140, 1518]
41, 9, 3.01, [1424, 1497, 1402]
42, 0, 3.3, [1424, 140, 1509]
42, 1, 3.29, [1424, 1068, 1509]
42, 2, 3.18, [1247, 576, 1509]
42, 3, 3.17, [1078, 140, 1509]
42, 4, 3.14, [1368, 576, 1509]
42, 5, 3.13, [1424, 831, 1509]
42, 6, 3.05, [1424, 1068, 1767]
42, 7, 3.03, [975, 140, 1311]
42, 8, 3.02, [1149, 1620, 421]
42, 9, 3.01, [1368, 140, 1990]
43, 0, 3.3, [1424, 140, 1509]
43, 1, 3.29, [1424, 1068, 1509]
43, 2, 3.23, [1424, 576, 1509]
43, 3, 3.19, [1064, 140, 1509]
43, 4, 3.19, [1424, 1058, 1509]
43, 5, 3.11, [1064, 576, 1509]
43, 6, 3.11, [1424, 1695, 1509]
43, 7, 3.04, [1430, 576, 2989]
43, 8, 3.03, [1424, 695, 1417]
43, 9, 3.02, [1311, 140, 1190]
44, 0, 3.3, [1424, 140, 1509]
44, 1, 3.29, [1424, 1068, 1509]
44, 2, 3.26, [1424, 1580, 1509]
44, 3, 3.1, [1619, 140, 1509]
44, 4, 3.09, [1078, 140, 1509]
44, 5, 3.08, [751, 571, 1328]
44, 6, 3.03, [1064, 3662, 1350]
44, 7, 3.02, [1424, 140, 1403]
44, 8, 3.01, [320, 787, 1767]
44, 9, 3.01, [697, 1378, 1935]
45, 0, 3.3, [1424, 140, 1509]
45, 1, 3.29, [1424, 1068, 1509]
45, 2, 3.21, [1424, 1402, 1509]
45, 3, 3.21, [1424, 1619, 1509]
45, 4, 3.18, [1424, 1935, 1509]
45, 5, 3.16, [326, 831, 1509]
45, 6, 3.04, [1350, 1518, 1475]
45, 7, 3.02, [2110, 576, 1225]
45, 8, 3.02, [788, 1475, 2377]
45, 9, 3.01, [1131, 140, 1223]
46, 0, 3.3, [1424, 140, 1509]
46, 1, 3.29, [1424, 1068, 1509]
46, 2, 3.22, [1225, 905, 1509]
46, 3, 3.19, [1906, 576, 1509]
46, 4, 3.18, [1652, 140, 1509]
46, 5, 3.12, [1058, 1619, 1509]
46, 6, 3.07, [576, 1068, 1350]
46, 7, 3.05, [1620, 1068, 1695]
46, 8, 3.05, [1424, 140, 1224]
46, 9, 3.04, [1935, 140, 1226]
47, 0, 3.3, [1424, 140, 1509]
47, 1, 3.29, [1424, 1068, 1509]
47, 2, 3.26, [326, 140, 1509]
47, 3, 3.17, [1424, 421, 1509]
47, 4, 3.16, [1437, 1068, 1509]
47, 5, 3.07, [1225, 1068, 571]
47, 6, 3.07, [1425, 576, 1378]
47, 7, 3.06, [1351, 140, 326]
47, 8, 3.04, [1424, 1417, 1827]
47, 9, 3.01, [1424, 1068, 1401]
48, 0, 3.3, [1424, 140, 1509]
48, 1, 3.29, [1424, 1068, 1509]
48, 2, 3.19, [1424, 1223, 1509]
48, 3, 3.06, [1224, 140, 1402]
48, 4, 3.03, [1424, 1068, 140]
48, 5, 3.03, [326, 1068, 2332]
48, 6, 3.02, [1767, 140, 2110]
48, 7, 3.02, [1424, 1058, 1611]
48, 8, 3.01, [645, 140, 326]
48, 9, 3.0, [1424, 2110, 1715]
49, 0, 3.3, [1424, 140, 1509]
49, 1, 3.29, [1424, 1068, 1509]
49, 2, 3.22, [1224, 576, 1509]
49, 3, 3.2, [1212, 1068, 1509]
49, 4, 3.16, [1078, 576, 1509]
49, 5, 3.1, [1424, 1351, 1509]
49, 6, 3.06, [2320, 576, 1347]
49, 7, 3.05, [1424, 140, 576]
49, 8, 3.04, [1378, 140, 1212]
49, 9, 3.03, [1424, 140, 521]
50, 0, 3.3, [1424, 140, 1509]
50, 1, 3.29, [1424, 1068, 1509]
50, 2, 3.2, [1424, 785, 1509]
50, 3, 3.16, [1279, 576, 1509]
50, 4, 3.13, [1424, 576, 1509]
50, 5, 3.1, [1224, 1442, 1328]
50, 6, 3.1, [1424, 1509, 1935]
50, 7, 3.05, [1652, 1351, 775]
50, 8, 3.02, [695, 1311, 1403]
50, 9, 3.02, [1168, 1068, 571]
