n_nodes,influence,n0,n1,n2,n3,n4,n5,n6,n7,n8,n9
10,914.9000,2565,1549,15,72,737,1166,5079,2328,28,2237
10,914.6000,2565,1549,15,72,737,1166,5079,2328,28,2237
10,914.6000,2565,1549,15,72,737,1166,5079,2328,28,2237
10,914.6000,2565,1549,15,72,737,1166,5079,2328,28,2237
10,914.6000,2565,1549,15,72,737,1166,5079,2328,28,2237
10,914.6000,2565,1549,15,72,737,1166,5079,2328,28,2237
10,914.6000,2565,1549,15,72,737,1166,5079,2328,28,2237
10,914.6000,2565,1549,15,72,737,1166,5079,2328,28,2237
10,914.6000,2565,1549,15,72,737,1166,5079,2328,28,2237
10,914.6000,2565,1549,15,72,737,1166,5079,2328,28,2237
10,914.6000,2565,1549,15,72,737,1166,5079,2328,28,2237
10,914.6000,2565,1549,15,72,737,1166,5079,2328,28,2237
10,914.6000,2565,1549,15,72,737,1166,5079,2328,28,2237
10,914.6000,2565,1549,15,72,737,1166,5079,2328,28,2237
10,914.6000,2565,1549,15,72,737,1166,5079,2328,28,2237
10,914.6000,2565,1549,15,72,737,1166,5079,2328,28,2237
