n_nodes,influence,n0,n1,n2,n3,n4,n5,n6,n7,n8,n9,n10,n11,n12,n13,n14,n15,n16,n17,n18,n19,n20,n21,n22,n23,n24,n25,n26,n27,n28,n29
30,140.3900,1202,9919,165,3340,13,6543,9362,34,9252,9124,3748,8870,7090,8117,7993,7737,7364,6219,464,9432,4179,9685,3548,6245,6893,9325,365,3439,6386,501
30,140.0200,1202,9919,165,5725,13,6543,9362,34,9252,9124,3748,8870,7090,8117,7993,7737,7364,6219,464,9432,4179,9685,3548,6245,6893,9325,365,3439,6386,501
30,137.3100,1202,9919,165,3340,13,6543,9362,34,9252,9124,3748,8870,7090,8117,7993,7737,7364,6219,464,9432,4179,9685,3548,6245,6893,9325,365,3439,6386,501
30,133.2900,4993,8065,8835,3340,13,6543,9362,34,9252,9124,1972,8870,7090,8117,7993,7737,7364,6219,464,5200,4179,9685,3548,6245,6893,9325,365,3439,6386,501
30,132.9500,4993,8835,3340,13,6543,9362,34,9252,6521,3748,8870,7090,5429,8117,7993,7737,7364,6219,464,4179,9685,9432,3548,6245,6893,9325,365,3439,6386,501
30,132.6100,4993,8065,8835,3340,13,6543,9362,34,9252,9124,1972,8870,7090,8117,7993,7737,7364,6219,464,5200,4179,9685,3548,6245,6893,9325,365,3439,6386,501
30,130.8900,4993,8065,8835,3340,13,6543,9362,34,9252,9124,3748,8870,7090,8117,7993,7737,7364,6219,464,9432,4179,9685,3548,6245,6893,9325,365,3439,6386,501
30,130.3200,4993,8065,8835,3340,13,6543,9362,34,9252,9124,3748,8870,7090,8117,7993,7737,7364,6219,464,9432,4179,9685,3548,6245,6893,9325,365,3439,6386,501
30,129.7300,4993,8065,8835,3340,13,6543,9362,34,9252,9124,3748,8870,7090,8117,7737,7993,7364,6219,464,4179,9685,9432,3548,9525,6893,9325,365,3439,6386,501
30,129.6200,4993,8065,8835,3340,13,6543,9362,34,9252,9124,3748,8870,7090,8117,7993,7737,7364,6219,464,4179,9685,9432,3548,6245,6893,9325,365,3439,6386,501
30,129.6000,4993,8065,8835,3340,13,6543,9362,34,9252,9124,3748,8870,7090,8117,7737,7993,7364,6219,464,4179,9685,9432,5361,6245,6893,9325,365,3439,6386,501
30,129.6000,4993,8065,8835,3340,13,6543,9362,34,9252,9124,3748,8870,7090,8117,7737,7993,7364,6219,464,4179,9685,9432,5361,6245,6893,9325,365,3439,6386,501
30,129.2300,4993,8065,8835,3340,13,6543,9362,34,9252,9124,8098,8870,7090,8117,7993,7737,7364,6219,464,4179,9685,9432,6245,6893,9325,365,3439,5361,6386,501
30,129.1500,4993,8835,3340,13,9229,6543,9362,34,9252,9124,3748,7090,5429,8117,7737,7993,7364,9704,464,4179,9685,9432,3548,6245,6893,9325,365,3439,6386,501
30,129.0400,4993,7431,8835,3340,13,6543,9362,34,9252,9124,3748,8870,7090,8117,7737,7993,7364,6219,464,4179,9685,9432,3548,6245,6893,9325,365,3439,6386,501
30,129.0300,8065,8835,3340,13,7515,9362,34,9252,9124,3748,8870,7090,6324,8117,7993,7737,7364,6219,464,4179,9685,9432,3548,6245,6893,9325,365,3439,6386,501
30,128.9700,6324,8065,8835,3340,13,6543,9362,34,9252,9124,3748,8870,7090,8117,7737,7993,7364,6219,464,4179,9685,9432,3548,6245,6893,9325,365,3439,6386,501
30,128.7200,4993,5429,8835,3340,13,6543,9362,34,9252,9124,3748,8870,7090,8117,7737,7993,7364,6219,464,9432,4179,9685,3548,6245,6893,9325,365,3439,6386,501
30,128.5100,4993,8065,8835,3340,13,6543,9362,34,9252,9124,3748,8870,7090,8117,7993,7737,7364,6219,464,9432,4179,9685,3548,6245,6893,9325,365,3439,6386,501
30,128.3100,4993,5429,8835,3340,13,6543,9362,34,9252,9124,3748,8870,7090,8117,7737,7993,7364,6219,464,4179,9685,9432,3548,6245,6893,9325,365,3439,6386,501
30,128.3100,4993,5429,8835,3340,13,6543,9362,34,9252,9124,3748,8870,7090,8117,7737,7993,7364,6219,464,4179,9685,9432,3548,6245,6893,9325,365,3439,6386,501
30,128.3100,4993,5429,8835,3340,13,6543,9362,34,9252,9124,3748,8870,7090,8117,7737,7993,7364,6219,464,4179,9685,9432,3548,6245,6893,9325,365,3439,6386,501
30,128.3100,4993,5429,8835,3340,13,6543,9362,34,9252,9124,3748,8870,7090,8117,7737,7993,7364,6219,464,4179,9685,9432,3548,6245,6893,9325,365,3439,6386,501
30,127.8700,4993,8065,8835,3340,13,6543,9362,34,9252,9124,3748,8870,7090,8117,7993,7737,7364,6219,464,9432,4179,9685,3548,6245,6893,9325,365,3439,6386,501
30,127.7000,4993,8065,8835,3340,13,6543,9362,34,9252,9124,3748,8870,7090,8117,7993,7737,7364,6219,464,9432,4179,9685,3548,6245,6893,9325,365,3439,6386,501
30,127.6300,4993,8065,8835,3340,13,6543,9362,34,9252,9124,3748,8870,7090,8117,7993,7737,7364,6219,464,9432,4179,9685,3548,6245,6893,9325,365,3439,6386,501
30,127.3800,4993,5429,8835,3340,13,6543,9362,34,9252,9124,3748,8870,7090,8117,7737,7993,7364,6219,464,4179,9685,9432,5361,6245,6893,9325,365,3439,6386,501
30,127.0800,4993,8065,8835,3340,13,6543,9362,34,9252,9124,3748,8870,7090,8117,7993,7737,7364,6219,464,9432,4179,9685,3548,6245,6893,9325,365,3439,6386,501
30,127.0700,4993,8065,8835,3340,13,6543,9362,34,9252,9124,4745,8870,7090,8117,7737,7993,7364,6219,464,4179,9685,9432,3548,6245,6893,9325,365,3439,6386,501
30,126.9500,4993,6034,8835,3340,13,6543,9362,34,9252,9124,3748,8870,7090,8117,7993,7737,7364,6219,464,5200,4179,9685,3548,6245,6893,9325,365,3439,6386,501
30,126.4100,4993,8065,8835,3340,13,6543,9362,34,9252,9124,3748,8870,7090,8117,7993,7737,7364,6219,464,9432,4179,9685,3548,6245,6893,9325,365,3439,6386,501
30,126.4100,4993,8065,8835,3340,13,6543,9362,34,9252,9124,3748,8870,7090,8117,7993,7737,7364,6219,464,9432,4179,9685,3548,6245,6893,9325,365,3439,6386,501
