n_nodes,influence,n0,n1,n2,n3,n4
5,45.1600,36,5800,3453,1579,47
5,45.1600,36,5800,3453,1579,47
5,45.1600,36,5800,3453,1579,47
5,45.1000,36,5800,3453,1579,47
5,45.1000,36,5800,3453,1579,47
5,45.1000,36,5800,3453,1579,47
5,45.1000,36,5800,3453,1579,47
5,45.1000,36,5800,3453,1579,47
5,45.1000,36,5800,3453,1579,47
5,45.1000,36,5800,3453,1579,47
5,44.9600,36,5800,3453,1579,47
5,44.2700,36,5800,3453,1579,47
5,43.6500,36,5800,3453,1579,47
5,42.3300,36,5800,3453,1579,47
5,42.3300,36,5800,3453,1579,47
5,40.5800,36,965,5800,1579,3453
5,40.5800,36,965,5800,1579,3453
5,40.5800,36,965,5800,1579,3453
5,40.5800,36,965,5800,1579,3453
5,40.5800,36,965,5800,1579,3453
5,40.5800,36,965,5800,1579,3453
5,40.5800,36,965,5800,1579,3453
5,40.5800,36,965,5800,1579,3453
5,40.5800,36,965,5800,1579,3453
5,40.5800,36,965,5800,1579,3453
5,40.3500,36,5800,3819,37,3453
5,40.3500,36,5800,3819,37,3453
5,40.3500,36,5800,3819,37,3453
5,39.7100,36,965,5800,3819,3453
5,39.5200,3391,36,965,5800,3453
5,39.5000,36,5800,3819,37,3453
5,39.3700,36,5800,3788,955,3453
5,39.3700,36,5800,3788,955,3453
5,39.2400,5800,2236,3453,1579,47
5,39.2300,36,5800,7327,955,3453
5,39.1400,36,965,5800,3819,3453
5,39.1300,36,5800,3788,6346,3453
5,39.1300,36,5800,3788,6346,3453
5,38.9900,2731,36,965,5800,3453
5,38.9800,36,5800,3788,3819,3453
5,38.9700,5800,2236,3453,1579,47
5,38.9700,5800,2236,3453,1579,47
5,38.9700,5800,2236,3453,1579,47
5,38.9700,5800,2236,3453,1579,47
5,38.9700,5800,2236,3453,1579,47
5,38.8900,36,965,5800,5698,3453
5,38.8900,36,965,5800,5698,3453
5,38.8900,36,965,5800,5698,3453
5,38.8900,36,965,5800,5698,3453
5,38.8800,36,5800,3788,3819,3453
5,38.8200,36,5800,3788,955,3453
5,38.8200,36,5800,3788,955,3453
5,38.7700,36,965,5800,3819,3453
5,38.7700,36,965,5800,3819,3453
5,38.7300,36,965,5800,3819,3453
5,38.7300,36,965,5800,3819,3453
5,38.7300,36,965,5800,3819,3453
5,38.7300,36,965,5800,3819,3453
5,38.6900,36,965,5800,3819,3453
5,38.6600,36,5800,7327,955,3453
5,38.6600,36,5800,7327,955,3453
5,38.6600,36,5800,7327,955,3453
5,38.6400,36,5800,3819,37,3453
5,38.6400,36,5800,3788,955,3453
