n_nodes,influence,n0,n1,n2,n3,n4
5,64.0400,140,34,1934,176,919
5,63.3000,34,4363,140,1931,176
5,61.9200,140,34,4363,1934,176
5,61.9200,140,34,4363,1934,176
5,61.9200,140,34,4363,1934,176
5,61.1700,7297,34,140,1931,176
5,60.2600,34,1540,140,1934,176
5,60.2100,2748,34,1934,176,919
5,58.5600,176,34,7297,919,1934
5,58.5600,176,34,7297,919,1934
5,58.5600,176,34,7297,919,1934
5,58.5600,176,34,7297,919,1934
5,58.5600,176,34,7297,919,1934
5,58.5600,176,34,7297,919,1934
5,58.5300,176,34,7297,919,1934
5,58.2700,176,34,7297,919,1934
5,57.6500,176,34,7297,919,1934
5,57.5200,7297,34,1650,1934,176
5,57.5200,7297,34,1650,1934,176
5,57.5200,7297,34,1650,1934,176
5,57.5200,7297,34,1650,1934,176
5,57.5200,7297,34,1650,1934,176
5,57.5200,7297,34,1650,1934,176
5,57.4800,1980,34,1934,176,919
5,56.8300,176,34,7297,919,1934
5,56.7100,2123,34,1934,176,919
5,56.7000,176,34,7297,919,1934
5,56.7000,176,34,7297,919,1934
5,56.3100,176,34,7297,919,1934
5,56.2700,176,34,7297,919,1934
5,56.1600,176,34,7297,919,1934
5,56.1600,176,34,7297,919,1934
