n_nodes,influence,n0,n1,n2,n3,n4,n5,n6,n7,n8,n9,n10,n11,n12,n13,n14,n15,n16,n17,n18,n19,n20,n21,n22,n23,n24,n25,n26,n27,n28,n29
30,680.8800,5124,23560,649,66570,3604,8732,24610,290,50084,165,11302,5266,12585,53297,4149,54843,60476,63038,74699,28753,7505,48217,41947,7771,61659,2276,35813,62956,68716,1535
30,667.7400,16488,649,66570,5266,73875,3604,8732,24610,290,50084,165,11302,12585,53297,4149,54843,60476,63038,74699,28753,7505,48217,41947,7771,61659,2276,35813,62956,68716,1535
30,662.9400,23560,649,66570,73875,3604,8732,24610,290,50084,165,11302,5266,12585,53297,4149,54843,60476,63038,74699,28753,7505,48217,41947,61659,2276,35813,31847,21993,68716,1535
30,649.5400,23560,649,66570,73875,3604,8732,24610,290,50084,165,11302,21543,12585,53297,4149,54843,60476,63038,74699,28753,7505,48217,41947,7771,61659,2276,65592,62956,68716,1535
30,644.5500,23560,649,66570,73875,3604,8732,24610,290,50084,165,11302,5266,12585,53297,4149,54843,60476,63038,74699,28753,7505,48217,41947,7771,61659,2276,35813,62956,68716,1535
30,644.5500,23560,649,66570,73875,3604,8732,24610,290,50084,165,11302,5266,12585,53297,4149,54843,60476,63038,74699,28753,7505,48217,41947,7771,61659,2276,35813,62956,68716,1535
30,644.5500,23560,649,66570,73875,3604,8732,24610,290,50084,165,11302,5266,12585,53297,4149,54843,60476,63038,74699,28753,7505,48217,41947,7771,61659,2276,35813,62956,68716,1535
30,644.5500,23560,649,66570,73875,3604,8732,24610,290,50084,165,11302,5266,12585,53297,4149,54843,60476,63038,74699,28753,7505,48217,41947,7771,61659,2276,35813,62956,68716,1535
30,644.4000,23560,649,66570,73875,3604,8732,24610,290,50084,165,11302,5266,12585,53297,4149,54843,60476,63038,74699,28753,7505,48217,41947,7771,61659,2276,65592,62956,68716,62327
30,644.4000,23560,649,66570,73875,3604,8732,24610,290,50084,165,11302,5266,12585,53297,4149,54843,60476,63038,74699,28753,7505,48217,41947,7771,61659,2276,65592,62956,68716,62327
30,643.0500,23560,649,66570,73875,3604,8732,24610,290,50084,165,11302,5266,12585,53297,4149,54843,60476,63038,74699,28753,7505,48217,41947,7771,61659,2276,35813,62956,68716,62327
30,643.0500,23560,649,66570,73875,3604,8732,24610,290,50084,165,11302,5266,12585,53297,4149,54843,60476,63038,74699,28753,7505,48217,41947,7771,61659,2276,35813,62956,68716,62327
30,641.8000,23560,649,66570,5266,40807,3604,8732,24610,290,50084,165,11302,12585,53297,4149,65592,54843,60476,63038,74699,28753,7505,48217,41947,7771,61659,2276,62956,68716,62327
30,639.6100,23560,649,66570,73875,3604,8732,24610,290,50084,165,11302,21543,12585,53297,4149,54843,60476,63038,74699,28753,7505,48217,41947,7771,61659,2276,65592,62956,68716,62327
30,639.6100,23560,649,66570,73875,3604,8732,24610,290,50084,165,11302,21543,12585,53297,4149,54843,60476,63038,74699,28753,7505,48217,41947,7771,61659,2276,65592,62956,68716,62327
30,639.6100,23560,649,66570,73875,3604,8732,24610,290,50084,165,11302,21543,12585,53297,4149,54843,60476,63038,74699,28753,7505,48217,41947,7771,61659,2276,65592,62956,68716,62327
30,639.6100,23560,649,66570,73875,3604,8732,24610,290,50084,165,11302,21543,12585,53297,4149,54843,60476,63038,74699,28753,7505,48217,41947,7771,61659,2276,65592,62956,68716,62327
30,639.6100,23560,649,66570,73875,3604,8732,24610,290,50084,165,11302,21543,12585,53297,4149,54843,60476,63038,74699,28753,7505,48217,41947,7771,61659,2276,65592,62956,68716,62327
30,639.6100,23560,649,66570,73875,3604,8732,24610,290,50084,165,11302,21543,12585,53297,4149,54843,60476,63038,74699,28753,7505,48217,41947,7771,61659,2276,65592,62956,68716,62327
30,639.6100,23560,649,66570,73875,3604,8732,24610,290,50084,165,11302,21543,12585,53297,4149,54843,60476,63038,74699,28753,7505,48217,41947,7771,61659,2276,65592,62956,68716,62327
30,639.6100,23560,649,66570,73875,3604,8732,24610,290,50084,165,11302,21543,12585,53297,4149,54843,60476,63038,74699,28753,7505,48217,41947,7771,61659,2276,65592,62956,68716,62327
30,639.6100,23560,649,66570,73875,3604,8732,24610,290,50084,165,11302,21543,12585,53297,4149,54843,60476,63038,74699,28753,7505,48217,41947,7771,61659,2276,65592,62956,68716,62327
30,639.6100,23560,649,66570,73875,3604,8732,24610,290,50084,165,11302,21543,12585,53297,4149,54843,60476,63038,74699,28753,7505,48217,41947,7771,61659,2276,65592,62956,68716,62327
30,639.6100,23560,649,66570,73875,3604,8732,24610,290,50084,165,11302,21543,12585,53297,4149,54843,60476,63038,74699,28753,7505,48217,41947,7771,61659,2276,65592,62956,68716,62327
30,638.6400,5124,23560,649,66570,39312,73875,3604,8732,24610,48035,50084,74786,165,290,11302,12585,4149,55226,54843,14655,28753,7505,48217,61659,2276,35813,31847,21993,68716,1535
30,635.8700,5124,23560,649,66570,39312,73875,3604,8732,45576,48035,50084,74786,165,290,11302,12585,4149,55226,54843,14655,28753,7505,48217,61659,2276,35813,31847,21993,68716,1535
30,635.8700,5124,23560,649,66570,39312,73875,3604,8732,45576,48035,50084,74786,165,290,11302,12585,4149,55226,54843,14655,28753,7505,48217,61659,2276,35813,31847,21993,68716,1535
30,635.8700,5124,23560,649,66570,39312,73875,3604,8732,45576,48035,50084,74786,165,290,11302,12585,4149,55226,54843,14655,28753,7505,48217,61659,2276,35813,31847,21993,68716,1535
30,634.7100,5124,23560,649,66570,39312,73875,3604,8732,24610,48035,50084,74786,165,290,11302,12585,4149,55226,54843,14655,28753,7505,48217,61659,2276,35813,31847,21993,68716,1535
30,634.7100,5124,23560,649,66570,39312,73875,3604,8732,24610,48035,50084,74786,165,290,11302,12585,4149,55226,54843,14655,28753,7505,48217,61659,2276,35813,31847,21993,68716,1535
30,634.7100,5124,23560,649,66570,39312,73875,3604,8732,24610,48035,50084,74786,165,290,11302,12585,4149,55226,54843,14655,28753,7505,48217,61659,2276,35813,31847,21993,68716,1535
30,634.7100,5124,23560,649,66570,39312,73875,3604,8732,24610,48035,50084,74786,165,290,11302,12585,4149,55226,54843,14655,28753,7505,48217,61659,2276,35813,31847,21993,68716,1535
