num_genrations,diversity,improvement,best_fitness
0,0.9966666666666667,0,178.8400000000001
1,0.775,-0.20286289420711145,142.56000000000026
2,0.7,0.327230639730636,189.2099999999998
3,0.3533333333333334,0.0,189.2099999999998
4,0.04999999999999993,0.27731092436974863,241.6799999999999
5,0.10999999999999988,0.0,241.6799999999999
6,0.1483333333333332,0.0,241.6799999999999
7,0.04833333333333323,0.0,241.6799999999999
8,0.0,0.0,241.6799999999999
9,0.02499999999999991,0.05159715326050943,254.1499999999998
10,0.06499999999999995,0.0,254.1499999999998
11,0.10666666666666647,0.0,254.1499999999998
12,0.11333333333333317,0.0,254.1499999999998
13,0.0,0.0,254.1499999999998
14,0.0,0.0,254.1499999999998
15,0.02499999999999991,0.2787330316742085,324.98999999999984
