num_genrations,diversity,improvement,best_fitness
0,0.9972929292929293,0,12.52
1,0.9352727272727273,0.02715654952076676,12.86
2,0.6934545454545455,0.08009331259720072,13.89
3,0.49204040404040394,0.04103671706263501,14.46
4,0.31993939393939397,0.058782849239280746,15.31
5,0.3639393939393938,0.0,15.31
6,0.27983838383838355,0.00849118223383403,15.44
7,0.12145454545454559,0.022668393782383396,15.79
8,0.10266666666666635,0.01899936668777712,16.09
9,0.14939393939393908,0.020509633312616647,16.42
10,0.051535353535353656,0.04750304506699132,17.2
11,0.05086868686868673,0.0,17.2
12,0.01985858585858591,0.0,17.2
13,0.011939393939393694,0.0,17.2
14,0.011979797979797868,0.0,17.2
15,0.013575757575757574,0.0,17.2
16,0.019232323232323267,0.0,17.2
17,0.019797979797979814,0.0,17.2
18,0.008000000000000451,0.0,17.2
19,0.006000000000000116,0.0,17.2
20,0.01185858585858568,0.0,17.2
21,0.011919191919191552,0.0,17.2
22,0.017373737373737597,0.0,17.2
23,0.011898989898989631,0.0,17.2
24,0.009979797979798088,0.0,17.2
25,0.013959595959595728,0.0,17.2
26,0.01581818181818151,0.0,17.2
27,0.01383838383838365,0.0,17.2
28,0.023636363636363455,0.0,17.2
29,0.01773737373737405,0.0,17.2
30,0.003959595959595941,0.0,17.2
31,0.006000000000000116,0.0,17.2
32,0.011979797979797646,0.0,17.2
33,0.01395959595959595,0.0,17.2
34,0.015898989898989524,0.0,17.2
35,0.009939393939394026,0.0,17.2
36,0.010000000000000009,0.0,17.2
37,0.019818181818181957,0.0,17.2
38,0.009979797979797977,0.0,17.2
39,0.009979797979797977,0.0,17.2
40,0.009818181818181837,0.0,17.2
41,0.015939393939393476,0.0,17.2
42,0.013959595959595728,0.0,17.2
43,0.005979797979798085,0.0,17.2
44,0.009979797979798088,0.0,17.2
45,0.007959595959596388,0.0,17.2
46,0.013959595959595728,0.0,17.2
47,0.011959595959595615,0.0,17.2
48,0.015939393939393698,0.0,17.2
49,0.013959595959595728,0.0,17.2
50,0.011979797979797646,0.0,17.2
51,0.009959595959595946,0.0,17.2
52,0.009919191919192105,0.0,17.2
53,0.007979797979798198,0.0,17.2
54,0.009979797979797977,0.0,17.2
55,0.013959595959595728,0.0,17.2
56,0.009979797979797977,0.0,17.2
57,0.0019999999999995577,0.0,17.2
58,0.008000000000000451,0.0,17.2
59,0.011858585858585569,0.0,17.2
60,0.008000000000000562,0.0,17.2
61,0.010000000000000009,0.0,17.2
62,0.017919191919192223,0.0,17.2
63,0.013959595959595839,0.0,17.2
64,0.013858585858585681,0.0,17.2
65,0.010000000000000009,0.0,17.2
66,0.00987878787878782,0.0,17.2
67,0.00800000000000023,0.0,17.2
68,0.01583838383838354,0.0,17.2
69,0.007939393939394357,0.0,17.2
70,0.005999999999999561,0.0,17.2
71,0.009939393939394026,0.0,17.2
72,0.008000000000000562,0.0,17.2
73,0.015858585858585572,0.0,17.2
74,0.01597979797979776,0.0,17.2
75,0.0059595959595959425,0.0,17.2
76,0.009959595959596057,0.0,17.2
77,0.00797979797979853,0.0,17.2
78,0.005979797979798085,0.0,17.2
79,0.009979797979797977,0.0,17.2
80,0.006000000000000116,0.0,17.2
81,0.0040000000000000036,0.0,17.2
82,0.008000000000000562,0.0,17.2
83,0.01789898989898997,0.0,17.2
84,0.009959595959596057,0.0,17.2
85,0.013898989898989633,0.0,17.2
86,0.006000000000000116,0.0,17.2
87,0.008000000000000451,0.0,17.2
88,0.006000000000000116,0.0,17.2
89,0.015878787878787493,0.0,17.2
90,0.0019999999999995577,0.0,17.2
91,0.0040000000000000036,0.0,17.2
92,0.009979797979797977,0.0,17.2
93,0.005999999999999561,0.0,17.2
94,0.005999999999999561,0.0,17.2
95,0.0040000000000000036,0.0,17.2
96,0.0118787878787876,0.0,17.2
97,0.011818181818181617,0.0,17.2
98,0.0019999999999995577,0.0,17.2
99,0.009979797979797977,0.0,17.2
100,0.00800000000000023,0.0,17.2
