generation number, individual number, fitness, candidate
0, 0, 3.21, [1509, 1226, 1425]
0, 1, 3.05, [140, 3124, 1224]
0, 2, 3.05, [521, 1201, 1328]
0, 3, 3.04, [1407, 785, 1212]
0, 4, 3.04, [970, 1620, 1091]
0, 5, 3.03, [1141, 2332, 1247]
0, 6, 3.03, [1652, 1059, 140]
0, 7, 3.02, [1247, 140, 1368]
0, 8, 3.01, [326, 1935, 1695]
0, 9, 3.01, [1497, 1311, 1480]
1, 0, 3.21, [1509, 1226, 1425]
1, 1, 3.18, [1509, 1311, 1224]
1, 2, 3.17, [1091, 1224, 695]
1, 3, 3.15, [1091, 1611, 1425]
1, 4, 3.07, [140, 905, 1425]
1, 5, 3.05, [1091, 2171, 785]
1, 6, 3.05, [140, 3124, 1224]
1, 7, 3.04, [576, 788, 1368]
1, 8, 3.03, [717, 1201, 1328]
1, 9, 3.03, [521, 1480, 1279]
2, 0, 3.31, [1509, 695, 1480]
2, 1, 3.24, [1509, 1226, 1480]
2, 2, 3.23, [1509, 1311, 905]
2, 3, 3.23, [1509, 3124, 1417]
2, 4, 3.21, [1509, 1226, 1425]
2, 5, 3.18, [1509, 1311, 1224]
2, 6, 3.14, [1509, 1226, 905]
2, 7, 3.13, [1025, 1224, 1425]
2, 8, 3.09, [1091, 1480, 1311]
2, 9, 3.05, [1351, 1311, 1425]
3, 0, 3.31, [1509, 695, 1480]
3, 1, 3.24, [1509, 1226, 1480]
3, 2, 3.21, [1509, 905, 975]
3, 3, 3.15, [1509, 1230, 1407]
3, 4, 3.14, [1509, 1226, 1935]
3, 5, 3.13, [1509, 140, 1425]
3, 6, 3.06, [1224, 1226, 1480]
3, 7, 3.05, [1125, 695, 1480]
3, 8, 3.04, [521, 1226, 1480]
3, 9, 3.01, [2989, 695, 1078]
4, 0, 3.31, [1509, 695, 1480]
4, 1, 3.24, [1509, 1226, 1480]
4, 2, 3.23, [1509, 695, 1425]
4, 3, 3.21, [1509, 695, 1020]
4, 4, 3.2, [1509, 1437, 1480]
4, 5, 3.19, [1509, 1230, 1417]
4, 6, 3.15, [1509, 320, 1480]
4, 7, 3.15, [1509, 1378, 1059]
4, 8, 3.04, [1168, 1226, 1480]
4, 9, 3.04, [1442, 1226, 1424]
5, 0, 3.31, [1509, 695, 1480]
5, 1, 3.24, [1509, 1226, 1480]
5, 2, 3.19, [1509, 1475, 1480]
5, 3, 3.18, [1509, 1695, 1480]
5, 4, 3.16, [1509, 1226, 2320]
5, 5, 3.16, [1509, 320, 695]
5, 6, 3.07, [1350, 314, 1480]
5, 7, 3.04, [326, 1226, 1480]
5, 8, 3.03, [788, 140, 1480]
5, 9, 3.03, [1078, 1226, 1425]
6, 0, 3.31, [1509, 695, 1480]
6, 1, 3.24, [1509, 1226, 1480]
6, 2, 3.22, [1509, 1226, 1311]
6, 3, 3.2, [1509, 140, 1480]
6, 4, 3.18, [1509, 326, 2110]
6, 5, 3.17, [1509, 1157, 1091]
6, 6, 3.16, [1509, 1402, 1437]
6, 7, 3.07, [326, 1068, 1480]
6, 8, 3.03, [1403, 695, 585]
6, 9, 3.03, [2377, 1407, 1480]
7, 0, 3.31, [1509, 695, 1480]
7, 1, 3.24, [1509, 1226, 1480]
7, 2, 3.17, [1509, 140, 1226]
7, 3, 3.16, [1509, 140, 1212]
7, 4, 3.14, [1509, 717, 1311]
7, 5, 3.08, [1425, 1224, 1480]
7, 6, 3.05, [576, 1226, 1480]
7, 7, 3.05, [1695, 326, 905]
7, 8, 3.03, [1157, 695, 1480]
7, 9, 3.02, [1168, 695, 320]
8, 0, 3.31, [1509, 695, 1480]
8, 1, 3.24, [1509, 1226, 1480]
8, 2, 3.16, [1509, 521, 1417]
8, 3, 3.15, [1509, 1402, 1417]
8, 4, 3.11, [1224, 695, 1480]
8, 5, 3.1, [1224, 695, 2320]
8, 6, 3.05, [1990, 1025, 1480]
8, 7, 3.04, [970, 695, 1480]
8, 8, 3.04, [1906, 1226, 1480]
8, 9, 3.03, [1168, 1475, 1480]
9, 0, 3.31, [1509, 695, 1480]
9, 1, 3.25, [1509, 140, 1417]
9, 2, 3.24, [1509, 1226, 1480]
9, 3, 3.12, [2332, 521, 1480]
9, 4, 3.1, [1091, 1146, 1480]
9, 5, 3.1, [1224, 788, 1480]
9, 6, 3.07, [1157, 1226, 1480]
9, 7, 3.07, [2332, 521, 1480]
9, 8, 3.04, [1906, 1311, 1350]
9, 9, 3.03, [1328, 1906, 1497]
10, 0, 3.31, [1509, 695, 1480]
10, 1, 3.25, [1509, 140, 1417]
10, 2, 3.22, [1509, 576, 1480]
10, 3, 3.19, [1509, 1226, 1417]
10, 4, 3.18, [1509, 695, 1417]
10, 5, 3.09, [1475, 695, 1990]
10, 6, 3.07, [2332, 326, 1417]
10, 7, 3.06, [1990, 695, 1417]
10, 8, 3.04, [1064, 695, 1425]
10, 9, 3.03, [1068, 140, 1480]
11, 0, 3.31, [1509, 695, 1480]
11, 1, 3.25, [1509, 140, 1417]
11, 2, 3.2, [1509, 140, 1480]
11, 3, 3.2, [1509, 576, 1480]
11, 4, 3.16, [1509, 140, 1417]
11, 5, 3.13, [1509, 140, 1417]
11, 6, 3.09, [1401, 576, 1417]
11, 7, 3.04, [788, 695, 1247]
11, 8, 3.03, [1131, 140, 1480]
11, 9, 3.03, [1212, 695, 1695]
12, 0, 3.31, [1509, 695, 1480]
12, 1, 3.29, [1509, 3662, 1480]
12, 2, 3.25, [1509, 140, 1417]
12, 3, 3.22, [1509, 1224, 1028]
12, 4, 3.2, [1509, 1328, 1417]
12, 5, 3.15, [1509, 1497, 5684]
12, 6, 3.13, [1509, 695, 1620]
12, 7, 3.07, [1518, 140, 1480]
12, 8, 3.06, [1350, 695, 1417]
12, 9, 3.04, [1620, 576, 1064]
13, 0, 3.31, [1509, 695, 1480]
13, 1, 3.3, [1509, 3662, 1225]
13, 2, 3.29, [1509, 3662, 1480]
13, 3, 3.28, [1509, 695, 1223]
13, 4, 3.2, [1509, 1518, 1480]
13, 5, 3.16, [1509, 1424, 1090]
13, 6, 3.1, [1509, 1402, 1028]
13, 7, 3.07, [1424, 1091, 1480]
13, 8, 3.07, [1350, 3662, 1068]
13, 9, 3.07, [1090, 140, 1480]
14, 0, 3.31, [1509, 695, 1480]
14, 1, 3.3, [1509, 3662, 1225]
14, 2, 3.21, [1509, 140, 1480]
14, 3, 3.18, [1509, 3662, 1497]
14, 4, 3.17, [1509, 788, 1225]
14, 5, 3.13, [1425, 1107, 1223]
14, 6, 3.13, [1509, 3662, 1149]
14, 7, 3.03, [1287, 3662, 585]
14, 8, 3.01, [1059, 695, 1417]
14, 9, 3.01, [3124, 3662, 1417]
15, 0, 3.31, [1509, 695, 1480]
15, 1, 3.3, [1509, 3662, 1225]
15, 2, 3.23, [1509, 695, 1068]
15, 3, 3.2, [1509, 1442, 576]
15, 4, 3.19, [1509, 140, 1497]
15, 5, 3.19, [1509, 140, 1225]
15, 6, 3.15, [1509, 697, 1480]
15, 7, 3.14, [1509, 3662, 1497]
15, 8, 3.12, [1509, 1430, 2171]
15, 9, 3.05, [2332, 3662, 1480]
16, 0, 3.31, [1509, 695, 1480]
16, 1, 3.3, [1509, 3662, 1225]
16, 2, 3.21, [1509, 697, 1225]
16, 3, 3.2, [1509, 695, 1368]
16, 4, 3.17, [1509, 1442, 1141]
16, 5, 3.17, [1509, 695, 314]
16, 6, 3.15, [1509, 3662, 1131]
16, 7, 3.14, [1509, 1378, 1064]
16, 8, 3.1, [1425, 1442, 1480]
16, 9, 3.08, [1350, 3662, 1068]
17, 0, 3.31, [1509, 695, 1480]
17, 1, 3.3, [1509, 3662, 1225]
17, 2, 3.21, [1509, 140, 1225]
17, 3, 3.19, [1509, 3662, 1417]
17, 4, 3.16, [1509, 1407, 1225]
17, 5, 3.13, [1509, 3662, 1906]
17, 6, 3.12, [1509, 695, 1064]
17, 7, 3.04, [2094, 3662, 1480]
17, 8, 3.02, [1368, 697, 1827]
17, 9, 3.01, [1827, 3662, 1480]
18, 0, 3.31, [1509, 695, 1480]
18, 1, 3.3, [1509, 3662, 1225]
18, 2, 3.22, [1509, 695, 1230]
18, 3, 3.2, [1509, 140, 1225]
18, 4, 3.2, [1509, 3662, 1287]
18, 5, 3.2, [1509, 695, 1827]
18, 6, 3.16, [1509, 1064, 1497]
18, 7, 3.16, [1509, 3662, 1417]
18, 8, 3.15, [1509, 140, 1225]
18, 9, 3.11, [1509, 3662, 1347]
19, 0, 3.31, [1509, 695, 1480]
19, 1, 3.3, [1509, 3662, 1225]
19, 2, 3.18, [1509, 3662, 1146]
19, 3, 3.1, [1509, 3662, 1497]
19, 4, 3.07, [1351, 695, 1480]
19, 5, 3.06, [1401, 695, 320]
19, 6, 3.04, [571, 695, 1225]
19, 7, 3.02, [1351, 695, 1225]
19, 8, 3.02, [1695, 3662, 1480]
19, 9, 3.02, [1990, 1068, 1131]
20, 0, 3.31, [1509, 695, 1480]
20, 1, 3.3, [1509, 3662, 1225]
20, 2, 3.24, [1509, 905, 1480]
20, 3, 3.18, [1509, 571, 1141]
20, 4, 3.17, [1509, 3662, 1417]
20, 5, 3.15, [1509, 1424, 1225]
20, 6, 3.14, [1509, 1064, 1437]
20, 7, 3.06, [1351, 695, 1146]
20, 8, 3.02, [326, 3662, 1107]
20, 9, 3.02, [1224, 695, 1497]
21, 0, 3.31, [1509, 695, 1480]
21, 1, 3.3, [1509, 3662, 1225]
21, 2, 3.22, [1509, 3662, 1224]
21, 3, 3.17, [1509, 140, 1225]
21, 4, 3.15, [1509, 695, 717]
21, 5, 3.14, [1509, 1125, 1226]
21, 6, 3.07, [1475, 695, 320]
21, 7, 3.06, [1328, 695, 1225]
21, 8, 3.05, [1058, 3662, 1480]
21, 9, 3.04, [1247, 775, 1347]
22, 0, 3.31, [1509, 695, 1480]
22, 1, 3.3, [1509, 3662, 1497]
22, 2, 3.3, [1509, 3662, 1225]
22, 3, 3.2, [1509, 1225, 1480]
22, 4, 3.15, [1509, 576, 1480]
22, 5, 3.13, [1509, 1407, 140]
22, 6, 3.1, [1509, 2094, 1107]
22, 7, 3.04, [2989, 695, 1224]
22, 8, 3.03, [1146, 140, 1480]
22, 9, 3.02, [1695, 695, 1611]
23, 0, 3.31, [1509, 695, 1480]
23, 1, 3.3, [1509, 3662, 1497]
23, 2, 3.15, [1509, 140, 1497]
23, 3, 3.14, [1509, 1146, 1497]
23, 4, 3.1, [1509, 1611, 1225]
23, 5, 3.08, [1402, 3662, 1480]
23, 6, 3.07, [787, 3662, 1480]
23, 7, 3.04, [2377, 326, 1225]
23, 8, 3.03, [1225, 3662, 1480]
23, 9, 3.02, [2094, 3662, 1141]
24, 0, 3.31, [1509, 695, 1480]
24, 1, 3.3, [1509, 3662, 1497]
24, 2, 3.21, [1509, 140, 1225]
24, 3, 3.16, [1509, 3662, 1347]
24, 4, 3.13, [1509, 1212, 1347]
24, 5, 3.12, [1146, 1350, 1480]
24, 6, 3.05, [1146, 1611, 1480]
24, 7, 3.04, [576, 905, 140]
24, 8, 3.04, [1442, 695, 521]
24, 9, 3.04, [1141, 695, 1224]
25, 0, 3.31, [1509, 695, 1480]
25, 1, 3.3, [1509, 3662, 1497]
25, 2, 3.19, [1509, 695, 3124]
25, 3, 3.19, [1509, 3662, 1417]
25, 4, 3.14, [1509, 1368, 1480]
25, 5, 3.05, [1224, 785, 1480]
25, 6, 3.04, [2989, 3662, 1480]
25, 7, 3.02, [5684, 421, 1480]
25, 8, 3.02, [314, 1311, 2320]
25, 9, 3.02, [2377, 695, 1497]
26, 0, 3.31, [1509, 695, 1480]
26, 1, 3.3, [1509, 3662, 1497]
26, 2, 3.19, [1509, 140, 1497]
26, 3, 3.13, [1509, 140, 3124]
26, 4, 3.12, [1509, 751, 1497]
26, 5, 3.05, [1168, 3662, 1480]
26, 6, 3.05, [1347, 1906, 1351]
26, 7, 3.04, [1518, 3662, 1480]
26, 8, 3.04, [2989, 695, 1417]
26, 9, 3.02, [1378, 1141, 1230]
27, 0, 3.32, [1509, 3124, 1480]
27, 1, 3.31, [1509, 695, 1480]
27, 2, 3.3, [1509, 3662, 1497]
27, 3, 3.21, [1509, 3662, 1417]
27, 4, 3.18, [1509, 576, 1480]
27, 5, 3.12, [1509, 140, 1497]
27, 6, 3.09, [1350, 749, 1497]
27, 7, 3.06, [2377, 695, 1497]
27, 8, 3.04, [1332, 695, 1480]
27, 9, 3.03, [2171, 1935, 1201]
28, 0, 3.32, [1509, 3124, 1480]
28, 1, 3.31, [1509, 695, 1480]
28, 2, 3.22, [1509, 1225, 1401]
28, 3, 3.15, [1509, 1201, 1059]
28, 4, 3.13, [1509, 695, 831]
28, 5, 3.11, [1509, 697, 1906]
28, 6, 3.1, [1224, 1378, 1247]
28, 7, 3.06, [2094, 695, 1480]
28, 8, 3.04, [1028, 521, 1480]
28, 9, 3.02, [749, 695, 1497]
29, 0, 3.32, [1509, 3124, 1480]
29, 1, 3.31, [1509, 695, 1480]
29, 2, 3.23, [1509, 1125, 749]
29, 3, 3.23, [1509, 140, 1827]
29, 4, 3.2, [1509, 695, 521]
29, 5, 3.15, [1509, 1378, 1695]
29, 6, 3.12, [1509, 3124, 3662]
29, 7, 3.07, [1509, 695, 1347]
29, 8, 3.04, [1351, 1225, 1480]
29, 9, 3.02, [1417, 1230, 1347]
30, 0, 3.32, [1509, 3124, 1480]
30, 1, 3.31, [1509, 695, 1480]
30, 2, 3.23, [1509, 140, 1497]
30, 3, 3.19, [1509, 3124, 905]
30, 4, 3.19, [1509, 695, 1497]
30, 5, 3.17, [1509, 1064, 1480]
30, 6, 3.16, [1509, 140, 1827]
30, 7, 3.16, [1509, 775, 1480]
30, 8, 3.13, [1509, 3124, 775]
30, 9, 3.12, [1509, 1378, 1107]
31, 0, 3.32, [1509, 3124, 1480]
31, 1, 3.31, [1509, 695, 1480]
31, 2, 3.22, [1509, 576, 1480]
31, 3, 3.2, [1509, 3124, 1437]
31, 4, 3.16, [1509, 3124, 521]
31, 5, 3.1, [1509, 314, 1497]
31, 6, 3.09, [1350, 140, 1480]
31, 7, 3.07, [320, 1619, 1480]
31, 8, 3.05, [1767, 140, 1480]
31, 9, 3.03, [1190, 3124, 1475]
32, 0, 3.32, [1509, 3124, 1480]
32, 1, 3.31, [1509, 695, 1480]
32, 2, 3.25, [1509, 1425, 1480]
32, 3, 3.17, [1509, 3124, 1417]
32, 4, 3.16, [1509, 1378, 1480]
32, 5, 3.15, [1509, 140, 1480]
32, 6, 3.14, [1091, 576, 521]
32, 7, 3.04, [1518, 140, 1480]
32, 8, 3.03, [1767, 1990, 1611]
32, 9, 3.02, [1715, 576, 5684]
33, 0, 3.32, [1509, 3124, 1480]
33, 1, 3.31, [1509, 695, 1480]
33, 2, 3.22, [1509, 1619, 314]
33, 3, 3.18, [1509, 140, 1480]
33, 4, 3.16, [1509, 970, 1480]
33, 5, 3.15, [1509, 1620, 2377]
33, 6, 3.14, [1509, 1230, 2110]
33, 7, 3.11, [1509, 3124, 1695]
33, 8, 3.08, [1332, 3124, 1279]
33, 9, 3.02, [1403, 3124, 585]
34, 0, 3.32, [1509, 3124, 1480]
34, 1, 3.31, [1509, 695, 1480]
34, 2, 3.22, [1509, 645, 1695]
34, 3, 3.21, [1509, 1058, 1480]
34, 4, 3.18, [1509, 1401, 1480]
34, 5, 3.11, [1509, 695, 1480]
34, 6, 3.11, [1509, 1020, 314]
34, 7, 3.05, [1827, 975, 1480]
34, 8, 3.05, [1407, 1424, 1480]
34, 9, 3.04, [1580, 3124, 1091]
35, 0, 3.32, [1509, 3124, 1480]
35, 1, 3.31, [1509, 695, 1480]
35, 2, 3.15, [1509, 140, 1695]
35, 3, 3.14, [1509, 1190, 1480]
35, 4, 3.11, [1509, 645, 1497]
35, 5, 3.08, [1906, 695, 1425]
35, 6, 3.07, [2171, 3124, 1480]
35, 7, 3.03, [1767, 3124, 1480]
35, 8, 3.03, [1025, 1403, 1125]
35, 9, 3.01, [2377, 1518, 3662]
36, 0, 3.32, [1509, 3124, 1480]
36, 1, 3.31, [1509, 695, 1480]
36, 2, 3.22, [1509, 576, 1480]
36, 3, 3.1, [1401, 3124, 1480]
36, 4, 3.08, [975, 2320, 1480]
36, 5, 3.04, [645, 2989, 1480]
36, 6, 3.03, [1417, 3124, 1480]
36, 7, 3.02, [1611, 3124, 1827]
36, 8, 3.02, [1407, 1518, 4227]
36, 9, 3.02, [2989, 695, 326]
37, 0, 3.32, [1509, 3124, 1480]
37, 1, 3.31, [1509, 695, 1480]
37, 2, 3.2, [1509, 749, 1480]
37, 3, 3.1, [1401, 1328, 1480]
37, 4, 3.1, [1351, 695, 1480]
37, 5, 3.09, [1509, 421, 1417]
37, 6, 3.08, [1091, 3124, 1480]
37, 7, 3.04, [1407, 1652, 1480]
37, 8, 3.03, [1224, 3124, 1287]
37, 9, 3.02, [1212, 695, 1347]
38, 0, 3.32, [1509, 3124, 1480]
38, 1, 3.31, [1509, 695, 1480]
38, 2, 3.24, [1509, 1518, 2110]
38, 3, 3.21, [1509, 975, 1480]
38, 4, 3.16, [1509, 697, 1480]
38, 5, 3.16, [1509, 695, 1417]
38, 6, 3.13, [1509, 140, 1480]
38, 7, 3.07, [1091, 1935, 1480]
38, 8, 3.03, [1351, 3124, 1695]
38, 9, 3.02, [1068, 717, 1424]
39, 0, 3.32, [1509, 1401, 2110]
39, 1, 3.32, [1509, 3124, 1480]
39, 2, 3.31, [1509, 695, 1480]
39, 3, 3.2, [1509, 3124, 1417]
39, 4, 3.14, [1509, 1223, 2110]
39, 5, 3.12, [1509, 831, 1480]
39, 6, 3.05, [2377, 1518, 1480]
39, 7, 3.02, [2332, 1518, 1480]
39, 8, 3.02, [2989, 1279, 1480]
39, 9, 3.01, [1287, 1141, 787]
40, 0, 3.32, [1509, 1401, 2110]
40, 1, 3.32, [1509, 3124, 1480]
40, 2, 3.2, [1509, 1695, 2110]
40, 3, 3.17, [1509, 140, 2110]
40, 4, 3.16, [1509, 1715, 2110]
40, 5, 3.12, [1695, 1401, 1480]
40, 6, 3.07, [1695, 1401, 1480]
40, 7, 3.05, [2377, 1401, 1480]
40, 8, 3.02, [1378, 1401, 2110]
40, 9, 3.01, [695, 717, 2332]
41, 0, 3.32, [1509, 1401, 2110]
41, 1, 3.32, [1509, 3124, 1480]
41, 2, 3.21, [1509, 1401, 1417]
41, 3, 3.17, [1509, 320, 1480]
41, 4, 3.15, [1509, 571, 2110]
41, 5, 3.07, [2171, 140, 1480]
41, 6, 3.02, [831, 1611, 2110]
41, 7, 3.02, [1518, 1401, 2110]
41, 8, 3.01, [2332, 3124, 2110]
41, 9, 3.0, [521, 1715, 785]
42, 0, 3.32, [1509, 1401, 2110]
42, 1, 3.32, [1509, 3124, 1480]
42, 2, 3.25, [1509, 521, 1480]
42, 3, 3.21, [1509, 521, 1480]
42, 4, 3.2, [1509, 1401, 1347]
42, 5, 3.19, [1509, 320, 1402]
42, 6, 3.17, [1509, 1401, 831]
42, 7, 3.16, [1509, 1287, 1480]
42, 8, 3.16, [1509, 1279, 2110]
42, 9, 3.07, [1509, 1767, 2110]
43, 0, 3.32, [1509, 1401, 2110]
43, 1, 3.32, [1509, 3124, 1480]
43, 2, 3.18, [1509, 3124, 1417]
43, 3, 3.1, [1425, 1401, 1141]
43, 4, 3.09, [1509, 3124, 1225]
43, 5, 3.08, [1442, 5684, 1480]
43, 6, 3.05, [1695, 3124, 1350]
43, 7, 3.05, [1518, 1401, 1480]
43, 8, 3.04, [1224, 1028, 1230]
43, 9, 3.01, [785, 2989, 3124]
44, 0, 3.32, [1509, 1401, 2110]
44, 1, 3.32, [1509, 3124, 1480]
44, 2, 3.2, [1509, 1351, 2110]
44, 3, 3.15, [1509, 521, 1141]
44, 4, 3.13, [1509, 521, 1480]
44, 5, 3.12, [1509, 1401, 1417]
44, 6, 3.11, [1350, 3124, 1480]
44, 7, 3.11, [1509, 1401, 1497]
44, 8, 3.07, [1425, 1401, 1146]
44, 9, 3.06, [1091, 3124, 749]
45, 0, 3.32, [1509, 1401, 2110]
45, 1, 3.32, [1509, 3124, 1480]
45, 2, 3.23, [1509, 695, 2989]
45, 3, 3.2, [1509, 1715, 576]
45, 4, 3.14, [1509, 521, 1430]
45, 5, 3.04, [1146, 1401, 2110]
45, 6, 3.02, [1247, 3124, 787]
45, 7, 3.01, [1146, 3124, 1141]
45, 8, 3.01, [1417, 2171, 1580]
45, 9, 3.01, [775, 4227, 2989]
46, 0, 3.32, [1509, 1401, 2110]
46, 1, 3.32, [1509, 3124, 1480]
46, 2, 3.22, [1509, 1141, 2110]
46, 3, 3.17, [1509, 1401, 1347]
46, 4, 3.17, [1509, 320, 2989]
46, 5, 3.15, [1509, 140, 576]
46, 6, 3.13, [1509, 3124, 1417]
46, 7, 3.03, [2377, 695, 2110]
46, 8, 3.03, [1125, 1078, 421]
46, 9, 3.02, [1223, 1403, 1347]
47, 0, 3.32, [1509, 1401, 2110]
47, 1, 3.32, [1509, 3124, 1480]
47, 2, 3.21, [1509, 1401, 1619]
47, 3, 3.2, [1509, 314, 1480]
47, 4, 3.17, [1509, 1059, 1480]
47, 5, 3.17, [1509, 326, 1417]
47, 6, 3.04, [1125, 320, 1480]
47, 7, 3.02, [1230, 521, 2094]
47, 8, 3.02, [1347, 1401, 1190]
47, 9, 3.02, [2377, 1401, 2110]
48, 0, 3.32, [1509, 1401, 2110]
48, 1, 3.32, [1509, 3124, 1480]
48, 2, 3.27, [1509, 320, 1480]
48, 3, 3.21, [1509, 1611, 2110]
48, 4, 3.2, [1509, 1401, 314]
48, 5, 3.17, [1509, 2377, 2110]
48, 6, 3.16, [1509, 1906, 1059]
48, 7, 3.15, [1509, 1401, 1417]
48, 8, 3.12, [1509, 1401, 1347]
48, 9, 3.06, [1695, 1401, 1619]
49, 0, 3.32, [1509, 1401, 2110]
49, 1, 3.32, [1509, 3124, 1480]
49, 2, 3.24, [1509, 585, 1480]
49, 3, 3.15, [1509, 1332, 1279]
49, 4, 3.07, [1518, 1401, 1480]
49, 5, 3.05, [1518, 1401, 1480]
49, 6, 3.04, [1328, 1442, 1417]
49, 7, 3.02, [1351, 3124, 1480]
49, 8, 3.02, [1442, 314, 2094]
49, 9, 3.0, [1652, 3124, 2110]
50, 0, 3.32, [1509, 1401, 2110]
50, 1, 3.32, [1509, 3124, 1480]
50, 2, 3.18, [1509, 1401, 1417]
50, 3, 3.17, [1509, 1497, 1131]
50, 4, 3.17, [1509, 1020, 1212]
50, 5, 3.07, [1652, 1990, 975]
50, 6, 3.07, [1425, 1401, 1480]
50, 7, 3.06, [1025, 1332, 1480]
50, 8, 3.04, [1497, 1401, 2110]
50, 9, 3.02, [5684, 1401, 2110]
