generation number, pop_size, worst, best, median, avg, std, diversity, improvement, number_of_selections
0, 10, 4.0, 40.68, 7.725, 14.361, 12.846065117381276,0.8814814814814815,0,[1.e-300]
1, 10, 8.17, 40.68, 37.18, 30.567, 11.911225839517945,0.6962962962962963,0.0,[10.]
2, 10, 7.13, 41.54, 38.489999999999995, 27.536, 15.33312440437369,0.7555555555555555,0.021140609636184842,[20.]
3, 10, 10.0, 41.75, 28.494999999999997, 26.782, 14.448599101643037,0.8074074074074075,0.005055368319691884,[30.]
4, 10, 9.48, 41.75, 38.025000000000006, 28.637, 14.158216730930489,0.7777777777777778,0.0,[40.]
5, 10, 11.49, 45.32, 40.0, 32.112, 12.963118297693654,0.725925925925926,0.08550898203592815,[50.]
6, 10, 12.0, 45.32, 26.509999999999998, 27.262, 14.554702195510563,0.7481481481481481,0.0,[60.]
7, 10, 12.0, 45.32, 41.47, 33.658, 13.112901128278212,0.7703703703703704,0.0,[70.]
8, 10, 15.0, 45.32, 41.894999999999996, 36.354, 10.393065187902941,0.6962962962962963,0.0,[80.]
9, 10, 11.0, 62.65, 28.665, 30.118000000000002, 17.72095922911624,0.8296296296296297,0.3823918799646955,[90.]
10, 10, 15.0, 62.65, 39.925, 39.337, 11.137788873919273,0.7037037037037037,0.0,[100.]
