n_nodes,influence,n0,n1,n2,n3,n4
5,579.1100,329,42086,652,118,24925
5,578.0000,329,652,11637,74615,110
5,578.0000,329,652,11637,74615,110
5,578.0000,329,652,11637,74615,110
5,578.0000,329,652,11637,74615,110
5,578.0000,329,652,11637,74615,110
5,578.0000,329,652,11637,74615,110
5,578.0000,329,652,11637,74615,110
5,575.4800,329,42086,652,51392,118
5,570.8800,329,6232,652,74615,5617
5,570.8800,329,6232,652,74615,5617
5,570.8800,329,6232,652,74615,5617
5,570.8800,329,6232,652,74615,5617
5,569.9700,329,42086,652,51392,110
5,569.9700,329,42086,652,51392,110
5,569.9700,329,42086,652,51392,110
5,569.9700,329,42086,652,51392,110
5,568.6200,329,652,11637,74615,5617
5,566.0100,329,652,11637,51392,110
5,562.2400,329,42086,652,74615,110
5,558.0600,329,652,11637,74615,110
5,558.0600,329,652,11637,74615,110
5,558.0600,329,652,11637,74615,110
5,554.2200,16673,42086,329,652,110
5,549.9200,329,652,11637,74615,110
5,515.1000,329,652,18833,11637,74615
5,512.9700,10630,42086,652,118,110
5,511.6900,8175,42086,329,652,74615
5,509.0900,30921,42086,329,652,74615
5,508.4300,329,42086,652,51392,74615
5,500.6000,329,42086,652,51392,74615
5,500.6000,329,42086,652,51392,74615
5,500.6000,329,42086,652,51392,74615
5,500.6000,329,42086,652,51392,74615
5,500.6000,329,42086,652,51392,74615
5,500.6000,329,42086,652,51392,74615
5,500.6000,329,42086,652,51392,74615
5,500.6000,329,42086,652,51392,74615
5,500.6000,329,42086,652,51392,74615
5,498.8300,329,42086,652,51392,74615
5,498.8300,329,42086,652,51392,74615
5,497.3800,329,42086,652,51392,74615
5,496.8500,60834,42086,329,652,74615
5,496.8500,60834,42086,329,652,74615
5,496.8500,60834,42086,329,652,74615
5,496.8500,60834,42086,329,652,74615
5,495.9700,329,42086,652,51392,74615
5,486.7200,329,652,11637,74615,24925
5,485.4900,51392,46202,329,652,74615
5,464.0600,37988,10630,7063,652,118
5,456.0500,10630,42086,652,51392,110
5,454.3700,10630,652,11637,74615,118
5,450.7100,10630,42086,652,51392,118
5,449.5400,10630,42086,652,74615,118
5,449.5200,10630,42086,652,51392,118
5,449.5200,10630,42086,652,51392,118
5,449.5200,10630,42086,652,51392,118
5,449.5200,10630,42086,652,51392,118
5,449.5200,10630,42086,652,51392,118
5,449.5200,10630,42086,652,51392,118
5,449.5200,10630,42086,652,51392,118
5,447.4000,7487,42086,10630,652,118
5,443.1900,10630,42086,652,118,24925
5,443.1900,10630,42086,652,118,24925
