num_genrations,diversity,improvement,best_fitness
0,1.0,0,159.63999999999976
1,0.6142857142857143,0.7408544224505129,277.90999999999946
2,0.27142857142857135,0.1433917455291285,317.7599999999995
3,0.11428571428571432,0.0,317.7599999999995
4,0.0,0.0,317.7599999999995
5,0.050000000000000044,0.0002832326283988922,317.8499999999995
6,0.050000000000000044,0.0,317.8499999999995
7,0.13571428571428568,0.0,317.8499999999995
8,0.0,0.0,317.8499999999995
9,0.050000000000000044,0.02054428189397527,324.37999999999954
10,0.12142857142857144,0.026882051914421303,333.0999999999995
