num_genrations,diversity,improvement,best_fitness
0,1.0,0,18.64
1,0.8431451612903226,0.02092274678111591,19.03
2,0.37862903225806455,0.04781923279033106,19.94
3,0.33629032258064506,0.03811434302908716,20.7
4,0.3838709677419353,0.0,20.7
5,0.5104838709677421,0.0318840579710145,21.36
6,0.45524193548387104,0.051966292134831435,22.47
7,0.2637096774193546,0.04539385847797061,23.49
8,0.20201612903225796,0.0,23.49
9,0.10766129032258043,0.015325670498084419,23.85
10,0.1016129032258064,0.021802935010482163,24.37
