n_nodes,influence,n0,n1,n2,n3,n4,n5,n6,n7,n8,n9,n10,n11,n12,n13,n14,n15,n16
17,77.3300,109339,50594,85463,252677,138732,216430,188689,31673,93682,117490,230069,158070,252695,238138,171995,10876,214842
17,77.2400,109339,112257,252677,78444,138732,216430,252695,188689,246034,93682,240106,200886,158070,238138,171995,10876,214842
17,77.2400,109339,112257,252677,78444,138732,216430,252695,188689,246034,93682,240106,200886,158070,238138,171995,10876,214842
17,77.2400,109339,112257,252677,78444,138732,216430,252695,188689,246034,93682,240106,200886,158070,238138,171995,10876,214842
17,77.2400,112257,252677,171995,78444,138732,216430,188689,246034,93682,200886,230069,158070,252695,238138,109339,10876,214842
17,77.2400,112257,252677,171995,78444,138732,216430,188689,246034,93682,200886,230069,158070,252695,238138,109339,10876,214842
17,77.2400,112257,252677,171995,78444,138732,216430,188689,246034,93682,200886,230069,158070,252695,238138,109339,10876,214842
17,77.2400,112257,252677,171995,78444,138732,216430,188689,246034,93682,200886,230069,158070,252695,238138,109339,10876,214842
17,77.2400,112257,252677,171995,78444,138732,216430,188689,246034,93682,200886,230069,158070,252695,238138,109339,10876,214842
17,77.2400,112257,252677,171995,78444,138732,216430,188689,246034,93682,200886,230069,158070,252695,238138,109339,10876,214842
17,77.2400,112257,252677,171995,78444,138732,216430,188689,246034,93682,200886,230069,158070,252695,238138,109339,10876,214842
17,77.2400,112257,252677,171995,78444,138732,216430,188689,246034,93682,200886,230069,158070,252695,238138,109339,10876,214842
17,77.2400,112257,252677,171995,78444,138732,216430,188689,246034,93682,200886,230069,158070,252695,238138,109339,10876,214842
17,77.1500,109339,112257,50594,252677,138732,216430,188689,246034,93682,117490,230069,158070,252695,238138,171995,10876,37309
17,77.1500,109339,112257,50594,252677,138732,216430,188689,246034,93682,117490,230069,158070,252695,238138,171995,10876,37309
17,77.1500,109339,112257,50594,252677,138732,253538,188689,246034,93682,117490,230069,158070,252695,238138,171995,10876,214842
