n_nodes,influence,n0,n1,n2,n3,n4
5,10356.7200,35526,55167,914,10369,2167
5,10345.1200,35526,55167,914,10369,2167
5,10345.1200,35526,55167,914,10369,2167
5,10345.1200,35526,55167,914,10369,2167
5,10345.1200,35526,55167,914,10369,2167
5,10345.1200,35526,55167,914,10369,2167
5,10345.1200,35526,55167,914,10369,2167
5,10345.1200,35526,55167,914,10369,2167
5,10345.1200,35526,55167,914,10369,2167
5,10345.1200,35526,55167,914,10369,2167
5,10345.1200,35526,55167,914,10369,2167
5,10342.0400,35526,55167,914,10369,2167
5,10342.0400,35526,55167,914,10369,2167
5,10342.0400,35526,55167,914,10369,2167
5,10342.0400,35526,55167,914,10369,2167
5,10342.0400,35526,55167,914,10369,2167
