generation number, pop_size, worst, best, median, avg, std, diversity, improvement, number_of_selections
0, 10, 4.73, 12.75, 9.065000000000001, 9.184000000000001, 2.493821164398121,0.962962962962963,0,[1.e-300]
1, 10, 9.27, 14.68, 11.515, 11.519, 1.4706627757579234,0.8888888888888888,0.1513725490196078,[1.e-300]
2, 10, 10.21, 16.66, 11.71, 12.562000000000001, 2.2138915962621115,0.8666666666666667,0.1348773841961853,[1.e-300]
3, 10, 10.87, 16.66, 13.93, 13.736, 2.075033493705584,0.7481481481481481,0.0,[1.e-300]
4, 10, 10.59, 16.66, 13.79, 13.781, 2.2209252576347542,0.7925925925925925,0.0,[1.e-300]
5, 10, 11.66, 16.66, 14.975000000000001, 14.6, 1.549961289839201,0.7481481481481482,0.0,[1.e-300]
6, 10, 11.06, 18.01, 12.93, 13.684999999999999, 2.399125882483035,0.8222222222222222,0.08103241296518617,[1.e-300]
7, 10, 9.59, 18.01, 12.935, 13.486, 2.622804605760788,0.837037037037037,0.0,[1.e-300]
8, 10, 11.3, 18.01, 15.195, 14.781, 2.019992326718099,0.7703703703703704,0.0,[1.e-300]
9, 10, 11.38, 18.36, 15.825, 15.625, 2.403540097439608,0.7185185185185186,0.01943364797334802,[1.e-300]
10, 10, 12.76, 18.36, 14.765, 14.978, 1.8175081843006926,0.7851851851851852,0.0,[1.e-300]
