generation number, individual number, fitness, candidate
0, 0, 16.49, [66167, 98062, 70193]
0, 1, 15.97, [62858, 70193, 98065]
0, 2, 12.68, [70193, 47392, 73931]
0, 3, 11.58, [47500, 70193, 56237]
0, 4, 11.44, [558, 47392, 286]
0, 5, 11.18, [88, 56241, 126458]
0, 6, 10.84, [70193, 70364, 1062]
0, 7, 9.87, [73931, 280, 278]
0, 8, 9.45, [14200, 62858, 56237]
0, 9, 8.48, [280, 1062, 66078]
1, 0, 16.49, [66167, 98062, 70193]
1, 1, 15.97, [62858, 70193, 98065]
1, 2, 15.82, [94016, 70193, 98062]
1, 3, 15.6, [88, 98062, 70364]
1, 4, 15.17, [66167, 98065, 89]
1, 5, 14.6, [70193, 47392, 280]
1, 6, 14.35, [66171, 70194, 70193]
1, 7, 13.89, [66167, 56239, 70193]
1, 8, 11.39, [70196, 280, 284]
1, 9, 9.78, [66167, 1063, 66169]
2, 0, 16.49, [66167, 98062, 70193]
2, 1, 15.97, [62858, 70193, 98065]
2, 2, 15.3, [66171, 88, 73932]
2, 3, 15.23, [1060, 70193, 98062]
2, 4, 14.71, [66167, 87, 70193]
2, 5, 14.52, [126458, 70193, 98065]
2, 6, 14.48, [62858, 70364, 98062]
2, 7, 14.07, [66167, 98062, 94016]
2, 8, 13.84, [88, 98062, 14199]
2, 9, 12.79, [66167, 113478, 70193]
3, 0, 16.49, [66167, 98062, 70193]
3, 1, 16.09, [70196, 70193, 98062]
3, 2, 15.97, [62858, 70193, 98065]
3, 3, 15.93, [94016, 70193, 98062]
3, 4, 15.36, [87, 70193, 98062]
3, 5, 15.19, [46, 98065, 70193]
3, 6, 14.27, [66167, 56239, 70193]
3, 7, 14.25, [66167, 66079, 70193]
3, 8, 13.76, [66167, 70199, 70193]
3, 9, 13.24, [66167, 73931, 73932]
4, 0, 16.49, [66167, 98062, 70193]
4, 1, 16.09, [70196, 70193, 98062]
4, 2, 14.39, [278, 70193, 98065]
4, 3, 13.25, [70365, 98062, 70199]
4, 4, 12.77, [62858, 70193, 558]
4, 5, 12.66, [62858, 70193, 40787]
4, 6, 11.56, [1062, 70193, 1061]
4, 7, 11.38, [278, 98062, 93407]
4, 8, 11.37, [87, 11925, 98062]
4, 9, 10.85, [66167, 77088, 1063]
5, 0, 17.76, [66167, 88, 70193]
5, 1, 16.49, [66167, 98062, 70193]
5, 2, 16.09, [70196, 70193, 98062]
5, 3, 15.78, [62858, 70193, 13042]
5, 4, 14.37, [70196, 70193, 278]
5, 5, 13.97, [66167, 98062, 87]
5, 6, 13.47, [76776, 286, 70193]
5, 7, 12.7, [70196, 100807, 98062]
5, 8, 12.55, [14201, 1062, 70193]
5, 9, 10.27, [80450, 6376, 283]
6, 0, 17.93, [14201, 88, 66076]
6, 1, 17.76, [66167, 88, 70193]
6, 2, 16.49, [66167, 98062, 70193]
6, 3, 14.65, [66169, 70193, 88]
6, 4, 13.59, [66167, 88, 148118]
6, 5, 13.38, [66167, 96144, 285]
6, 6, 12.52, [66167, 98062, 80450]
6, 7, 12.43, [70196, 1063, 88]
6, 8, 11.97, [66167, 98062, 66169]
6, 9, 11.46, [100807, 88, 221360]
7, 0, 17.93, [14201, 88, 66076]
7, 1, 17.76, [66167, 88, 70193]
7, 2, 16.86, [278, 70193, 66076]
7, 3, 16.0, [11388, 88, 89]
7, 4, 15.98, [66167, 88, 70364]
7, 5, 13.39, [56241, 66078, 66076]
7, 6, 11.46, [66167, 88, 279]
7, 7, 11.13, [14201, 88, 14199]
7, 8, 9.87, [66169, 1060, 88]
7, 9, 9.35, [14201, 284, 14197]
8, 0, 17.93, [14201, 88, 66076]
8, 1, 17.76, [66167, 88, 70193]
8, 2, 16.85, [77088, 88, 66076]
8, 3, 16.57, [278, 13042, 66076]
8, 4, 14.35, [14201, 279, 70193]
8, 5, 14.25, [66167, 88, 100807]
8, 6, 14.02, [14201, 70193, 94016]
8, 7, 13.78, [62858, 88, 89]
8, 8, 11.6, [558, 70196, 80450]
8, 9, 10.22, [113478, 88, 70194]
9, 0, 17.93, [14201, 88, 66076]
9, 1, 17.76, [66167, 88, 70193]
9, 2, 16.89, [66167, 1061, 66076]
9, 3, 15.27, [90, 88, 70193]
9, 4, 14.2, [66167, 88, 14198]
9, 5, 13.83, [14201, 88, 76776]
9, 6, 13.69, [77088, 278, 70193]
9, 7, 13.24, [66167, 88, 70195]
9, 8, 12.56, [66167, 88, 1061]
9, 9, 11.75, [14201, 113478, 70193]
10, 0, 17.93, [14201, 88, 66076]
10, 1, 17.76, [66167, 88, 70193]
10, 2, 15.74, [14201, 70365, 66076]
10, 3, 15.61, [14197, 88, 70193]
10, 4, 14.95, [90, 77088, 66076]
10, 5, 14.76, [66078, 88, 70193]
10, 6, 14.6, [66167, 88, 66078]
10, 7, 14.04, [278, 40787, 66076]
10, 8, 12.13, [14201, 88, 126458]
10, 9, 12.12, [14201, 70364, 70193]
