generation number, pop_size, worst, best, median, avg, std, diversity, improvement, number_of_selections
0, 10, 2.0, 2.05, 2.025, 2.023, 0.016763054614240207,0.9888888888888889,0,[1.e-300]
1, 10, 2.0, 2.14, 2.0300000000000002, 2.0379999999999994, 0.03789459064299289,0.9555555555555556,0.043902439024390394,[1.e-300]
2, 10, 2.03, 2.23, 2.075, 2.103, 0.06723838189605705,0.9,0.04205607476635507,[1.e-300]
3, 10, 2.01, 2.23, 2.02, 2.0589999999999997, 0.07917701686727034,0.9555555555555556,0.0,[1.e-300]
4, 10, 2.0, 2.23, 2.02, 2.057, 0.07975587752636172,0.9333333333333333,0.0,[1.e-300]
5, 10, 2.0, 2.23, 2.025, 2.069, 0.08300000000000007,0.9555555555555556,0.0,[1.e-300]
6, 10, 2.01, 2.23, 2.04, 2.094, 0.09035485598461224,0.8777777777777778,0.0,[1.e-300]
7, 10, 2.0, 2.23, 2.025, 2.0729999999999995, 0.0927415764368927,0.9333333333333333,0.0,[1.e-300]
8, 10, 2.01, 2.23, 2.085, 2.097, 0.08210359310042406,0.8777777777777778,0.0,[1.e-300]
9, 10, 2.0, 2.23, 2.02, 2.056, 0.08284926070883192,0.9444444444444444,0.0,[1.e-300]
10, 10, 2.0, 2.23, 2.0199999999999996, 2.064, 0.08511169132381288,0.9555555555555556,0.0,[1.e-300]
