generation number, pop_size, worst, best, median, avg, std, diversity, improvement, number_of_selections
0, 10, 2.0, 9.0, 5.5, 5.179, 2.0361652683414477,0.9888888888888889,0,[1.e-300]
1, 10, 3.0, 10.0, 5.5, 5.9, 2.4269322199023193,0.9555555555555556,0.1111111111111111,[1.e-300]
2, 10, 5.0, 10.0, 8.0, 7.8, 1.7204650534085253,0.9,0.0,[1.e-300]
3, 10, 7.0, 11.94, 10.0, 9.794, 1.1549562762286716,0.7555555555555555,0.19399999999999995,[1.e-300]
4, 10, 4.44, 13.98, 10.0, 8.516, 3.248615705188904,0.8888888888888888,0.170854271356784,[1.e-300]
5, 10, 5.0, 13.98, 8.5, 9.094, 2.692137440770809,0.9111111111111111,0.0,[1.e-300]
6, 10, 3.49, 13.98, 7.0, 7.654999999999999, 3.529224419047335,0.9,0.0,[1.e-300]
7, 10, 3.0, 14.04, 7.574999999999999, 8.519, 3.636428055111224,0.9,0.00429184549356214,[1.e-300]
8, 10, 3.0, 14.04, 9.0, 8.716999999999999, 3.7387485874286868,0.9555555555555556,0.0,[1.e-300]
9, 10, 3.0, 14.04, 8.780000000000001, 9.264, 3.7188794011099633,0.8555555555555556,0.0,[1.e-300]
10, 10, 4.0, 14.04, 10.5, 9.928, 3.5331481712489783,0.9333333333333333,0.0,[1.e-300]
