n_nodes,influence,n0,n1,n2,n3,n4,n5,n6,n7,n8,n9,n10,n11,n12,n13,n14
15,52.4356,155904,136673,192547,99427,260103,197736,175912,130588,60915,4308,93652,29910,139317,195899,164477
15,52.4356,155904,136673,192547,99427,260103,197736,175912,130588,60915,4308,93652,29910,139317,195899,164477
15,52.4356,155904,136673,192547,99427,260103,197736,175912,130588,60915,4308,93652,29910,139317,195899,164477
15,52.4356,155904,136673,192547,99427,260103,197736,175912,130588,60915,4308,93652,29910,139317,195899,164477
15,51.8265,155904,136673,192547,99427,260103,22807,175912,60915,4308,93652,29910,139317,195899,130588,164477
15,51.4446,155904,136673,192547,99427,260103,197736,175912,60915,4308,93652,29910,139317,195899,130588,77539
15,51.3928,155904,136673,192547,99427,260103,223035,175912,13840,60915,4308,93652,29910,139317,195899,164477
15,50.9803,155904,136673,192547,225129,260103,197736,175912,13840,60915,4308,93652,29910,139317,195899,164477
15,50.6401,155904,136673,99427,192547,260103,197736,175912,195899,13840,60915,4308,93652,29910,139317,164477
15,50.6401,155904,136673,99427,192547,260103,197736,175912,195899,13840,60915,4308,93652,29910,139317,164477
15,50.6401,155904,136673,99427,192547,260103,197736,175912,195899,13840,60915,4308,93652,29910,139317,164477
15,50.6401,155904,136673,99427,192547,260103,197736,175912,195899,13840,60915,4308,93652,29910,139317,164477
15,50.6401,155904,136673,99427,192547,260103,197736,175912,195899,13840,60915,4308,93652,29910,139317,164477
15,50.6401,155904,136673,99427,192547,260103,197736,175912,195899,13840,60915,4308,93652,29910,139317,164477
15,50.6401,155904,136673,99427,192547,260103,197736,175912,195899,13840,60915,4308,93652,29910,139317,164477
15,50.6401,155904,136673,99427,192547,260103,197736,175912,195899,13840,60915,4308,93652,29910,139317,164477
