n_nodes,influence,n0,n1,n2,n3,n4
5,193.6300,269,1734,1112,3642,4543
5,189.4120,5317,1734,1112,3642,4652
5,185.8170,5317,1734,1112,3642,6126
5,185.5440,5317,1734,1112,3642,4543
5,185.5440,5317,1734,1112,3642,4543
5,185.5440,5317,1734,1112,3642,4543
5,185.5440,5317,1734,1112,3642,4543
5,185.5440,5317,1734,1112,3642,4543
5,185.5440,5317,1734,1112,3642,4543
5,185.5440,5317,1734,1112,3642,4543
5,185.1790,5317,1734,1112,3642,4543
5,185.1290,5317,1734,1112,3642,6126
5,185.1290,5317,1734,1112,3642,6126
5,184.9510,5317,1734,1112,3642,4543
5,184.9510,5317,1734,1112,3642,4543
5,184.7770,5317,1734,1112,3642,6126
