n_nodes,influence,n0,n1,n2,n3,n4,n5,n6,n7,n8,n9,n10,n11,n12,n13,n14,n15,n16,n17,n18,n19
20,2177.8800,64388,645,3850,2065,6008,27,550,26024,4017,14899,3124,4162,1619,88,737,26086,39014,629,4984,2815
20,2175.4100,64388,14899,4162,2815,645,26086,4017,39014,2065,3540,737,550,27,6008,26024,4984,3850,3124,88,629
20,2175.4100,64388,14899,4162,2815,645,26086,4017,39014,2065,3540,737,550,27,6008,26024,4984,3850,3124,88,629
20,2175.4100,64388,14899,4162,2815,645,26086,4017,39014,2065,3540,737,550,27,6008,26024,4984,3850,3124,88,629
20,2165.9200,64388,14899,4162,2815,645,26086,4017,39014,2065,3540,737,550,27,6008,26024,4984,3850,3124,88,629
20,2165.2100,64388,14899,4162,2815,645,26086,4017,39014,2065,3540,737,550,27,6008,26024,4984,3850,3124,88,629
20,2164.5100,64388,14899,4162,2815,645,26086,4017,39014,2065,3540,737,550,27,6008,26024,4984,3850,3124,88,629
20,2157.0200,64388,645,3850,2065,6008,27,550,26024,4017,14899,3124,4162,3540,88,737,26086,39014,629,4984,67818
20,2157.0000,64388,14899,4162,2815,645,26086,4017,39014,2065,3540,737,550,27,6008,26024,4984,3850,3124,88,629
20,2157.0000,64388,14899,4162,2815,645,26086,4017,39014,2065,3540,737,550,27,6008,26024,4984,3850,3124,88,629
20,2155.9700,64388,14899,4162,2815,645,26086,4017,39014,2065,3540,737,550,27,6008,26024,4984,3850,3124,88,629
20,2153.8800,64388,14899,4162,2815,645,26086,4017,39014,2065,3540,737,550,27,6008,26024,4984,3850,3124,88,629
20,2153.8800,64388,14899,4162,2815,645,26086,4017,39014,2065,3540,737,550,27,6008,26024,4984,3850,3124,88,629
20,2153.8800,64388,14899,4162,2815,645,26086,4017,39014,2065,3540,737,550,27,6008,26024,4984,3850,3124,88,629
20,2145.3400,64388,14899,4162,2815,645,26086,4017,39014,2065,3540,737,550,27,3112,13464,1254,3850,3124,88,629
20,2143.0700,64388,14899,4162,2815,645,26086,4017,39014,2065,3540,737,550,27,3112,13464,1254,3850,3124,88,629
20,2142.8900,64388,14899,4162,2815,645,26086,4017,39014,2065,3540,737,550,27,3112,13464,1254,3850,3124,88,629
20,2141.8100,64388,14899,4162,2815,645,26086,4017,39014,2065,3540,737,550,27,3112,13464,1254,3850,3124,88,629
20,2139.0500,64388,14899,4162,2815,645,26086,4017,39014,2065,3540,737,550,27,3112,13464,1254,3850,3124,88,629
20,2138.5200,64388,14899,4162,2815,645,26086,4017,39014,2065,3540,737,550,27,6008,26024,4984,3850,3124,88,629
20,2137.9700,64388,14899,4162,2815,645,26086,4017,39014,2065,3540,737,550,27,6008,26024,4984,3850,3124,88,629
20,2137.9700,64388,14899,4162,2815,645,26086,4017,39014,2065,3540,737,550,27,6008,26024,4984,3850,3124,88,629
20,2137.9700,64388,14899,4162,2815,645,26086,4017,39014,2065,3540,737,550,27,6008,26024,4984,3850,3124,88,629
20,2137.8300,64388,14899,4162,2815,645,26086,4017,39014,2065,3540,737,550,27,3112,13464,1254,3850,3124,88,629
20,2137.8300,64388,14899,4162,2815,645,26086,4017,39014,2065,3540,737,550,27,3112,13464,1254,3850,3124,88,629
20,2137.8300,64388,14899,4162,2815,645,26086,4017,39014,2065,3540,737,550,27,3112,13464,1254,3850,3124,88,629
20,2137.8300,64388,14899,4162,2815,645,26086,4017,39014,2065,3540,737,550,27,3112,13464,1254,3850,3124,88,629
20,2130.2400,64388,14899,4162,2815,645,26086,4017,39014,2065,3540,737,550,27,3112,13464,1254,3850,3124,88,629
20,2130.2400,64388,14899,4162,2815,645,26086,4017,39014,2065,3540,737,550,27,3112,13464,1254,3850,3124,88,629
20,2130.2400,64388,14899,4162,2815,645,26086,4017,39014,2065,3540,737,550,27,3112,13464,1254,3850,3124,88,629
20,2130.2400,64388,14899,4162,2815,645,26086,4017,39014,2065,3540,737,550,27,3112,13464,1254,3850,3124,88,629
20,2130.2400,64388,14899,4162,2815,645,26086,4017,39014,2065,3540,737,550,27,3112,13464,1254,3850,3124,88,629
