generation number, individual number, fitness, candidate
0, 0, 3.12, [1353, 5117, 697]
0, 1, 3.07, [934, 1025, 450]
0, 2, 3.05, [339, 841, 336]
0, 3, 3.04, [741, 483, 1289]
0, 4, 3.03, [78, 1378, 1574]
0, 5, 3.03, [2070, 1580, 1555]
0, 6, 3.03, [1394, 450, 780]
0, 7, 3.02, [247, 694, 487]
0, 8, 3.01, [1028, 834, 656]
0, 9, 3.0, [1048, 1569, 247]
1, 0, 3.16, [339, 5117, 1289]
1, 1, 3.12, [1353, 5117, 697]
1, 2, 3.1, [934, 483, 841]
1, 3, 3.08, [1353, 5117, 1048]
1, 4, 3.07, [934, 1025, 1569]
1, 5, 3.07, [934, 1025, 450]
1, 6, 3.04, [741, 1025, 339]
1, 7, 3.03, [1353, 1028, 336]
1, 8, 3.02, [1353, 666, 922]
1, 9, 3.02, [1003, 831, 662]
2, 0, 3.16, [339, 5117, 1289]
2, 1, 3.12, [3639, 5117, 2846]
2, 2, 3.12, [1353, 5117, 697]
2, 3, 3.08, [710, 5117, 1289]
2, 4, 3.06, [666, 5117, 697]
2, 5, 3.04, [339, 3, 1289]
2, 6, 3.03, [662, 336, 964]
2, 7, 3.03, [339, 1967, 780]
2, 8, 3.01, [2341, 731, 1543]
2, 9, 3.0, [1353, 786, 990]
3, 0, 3.16, [339, 5117, 1289]
3, 1, 3.15, [339, 5117, 1394]
3, 2, 3.12, [690, 5117, 697]
3, 3, 3.12, [3639, 5117, 2846]
3, 4, 3.11, [1353, 5117, 841]
3, 5, 3.09, [1353, 5117, 2070]
3, 6, 3.07, [339, 5117, 1569]
3, 7, 3.06, [816, 5117, 2846]
3, 8, 3.04, [974, 710, 1289]
3, 9, 3.04, [339, 216, 841]
4, 0, 3.17, [2032, 5117, 1543]
4, 1, 3.16, [339, 5117, 1289]
4, 2, 3.15, [1419, 5117, 1394]
4, 3, 3.15, [339, 5117, 1394]
4, 4, 3.13, [339, 5117, 2846]
4, 5, 3.09, [690, 5117, 1430]
4, 6, 3.03, [690, 1029, 1394]
4, 7, 3.02, [339, 336, 1289]
4, 8, 3.02, [339, 970, 697]
4, 9, 3.01, [339, 2667, 934]
5, 0, 3.17, [2032, 5117, 1543]
5, 1, 3.16, [339, 5117, 1289]
5, 2, 3.15, [1414, 5117, 1048]
5, 3, 3.13, [15, 5117, 922]
5, 4, 3.08, [339, 5117, 495]
5, 5, 3.06, [336, 5117, 1394]
5, 6, 3.05, [1157, 751, 1543]
5, 7, 3.05, [697, 1157, 1289]
5, 8, 3.03, [339, 970, 1543]
5, 9, 3.03, [2032, 1574, 1289]
6, 0, 3.17, [1414, 5117, 1967]
6, 1, 3.17, [2032, 5117, 1543]
6, 2, 3.16, [339, 5117, 1289]
6, 3, 3.12, [483, 1353, 520]
6, 4, 3.12, [339, 5117, 2846]
6, 5, 3.09, [990, 5117, 1289]
6, 6, 3.07, [2340, 5117, 922]
6, 7, 3.03, [2032, 1567, 320]
6, 8, 3.02, [2032, 336, 1048]
6, 9, 3.02, [15, 905, 1289]
7, 0, 3.17, [1414, 5117, 1967]
7, 1, 3.17, [2032, 5117, 1543]
7, 2, 3.14, [2070, 5117, 1967]
7, 3, 3.14, [3147, 5117, 1543]
7, 4, 3.13, [1414, 5117, 545]
7, 5, 3.11, [1414, 5117, 545]
7, 6, 3.09, [2032, 5117, 691]
7, 7, 3.08, [2032, 5117, 691]
7, 8, 3.07, [716, 5117, 1543]
7, 9, 3.07, [1414, 336, 1543]
8, 0, 3.17, [1414, 5117, 1967]
8, 1, 3.17, [2032, 5117, 1543]
8, 2, 3.16, [1219, 5117, 690]
8, 3, 3.14, [1157, 5117, 1543]
8, 4, 3.13, [2070, 5117, 545]
8, 5, 3.12, [834, 5117, 785]
8, 6, 3.09, [1414, 970, 1543]
8, 7, 3.09, [2341, 5117, 1967]
8, 8, 3.04, [2032, 1029, 1967]
8, 9, 3.03, [3147, 545, 1967]
9, 0, 3.17, [1414, 5117, 1967]
9, 1, 3.17, [2032, 5117, 1543]
9, 2, 3.15, [2032, 5117, 545]
9, 3, 3.13, [520, 5117, 1514]
9, 4, 3.12, [1603, 5117, 1543]
9, 5, 3.05, [2032, 1157, 1543]
9, 6, 3.04, [1414, 216, 2846]
9, 7, 3.03, [2032, 751, 690]
9, 8, 3.03, [1028, 1029, 216]
9, 9, 3.03, [439, 819, 1029]
10, 0, 3.17, [1414, 5117, 1967]
10, 1, 3.17, [2032, 5117, 1543]
10, 2, 3.14, [666, 5117, 1219]
10, 3, 3.13, [336, 5117, 1967]
10, 4, 3.11, [2032, 5117, 545]
10, 5, 3.11, [1229, 5117, 1543]
10, 6, 3.09, [2032, 5117, 1967]
10, 7, 3.04, [1225, 1157, 990]
10, 8, 3.03, [1414, 3, 1967]
10, 9, 3.03, [2070, 834, 1543]
11, 0, 3.17, [666, 5117, 691]
11, 1, 3.17, [1414, 5117, 1967]
11, 2, 3.17, [2032, 5117, 1543]
11, 3, 3.13, [1414, 5117, 545]
11, 4, 3.09, [3147, 5117, 1219]
11, 5, 3.07, [2070, 5117, 1967]
11, 6, 3.04, [809, 694, 1347]
11, 7, 3.04, [741, 609, 1967]
11, 8, 3.03, [1509, 666, 1967]
11, 9, 3.02, [3147, 786, 1967]
12, 0, 3.18, [666, 5117, 691]
12, 1, 3.17, [666, 5117, 691]
12, 2, 3.17, [1414, 5117, 1967]
12, 3, 3.11, [1414, 5117, 545]
12, 4, 3.11, [2070, 5117, 691]
12, 5, 3.1, [2032, 5117, 691]
12, 6, 3.07, [1414, 5117, 545]
12, 7, 3.05, [666, 697, 1543]
12, 8, 3.04, [609, 5117, 691]
12, 9, 3.03, [1414, 1567, 635]
13, 0, 3.18, [666, 5117, 691]
13, 1, 3.17, [1967, 5117, 691]
13, 2, 3.17, [666, 5117, 691]
13, 3, 3.16, [520, 5117, 1580]
13, 4, 3.13, [2340, 5117, 1419]
13, 5, 3.12, [1414, 5117, 2667]
13, 6, 3.11, [666, 5117, 1381]
13, 7, 3.11, [786, 5117, 1603]
13, 8, 3.05, [247, 1029, 902]
13, 9, 3.04, [666, 5117, 691]
14, 0, 3.18, [666, 5117, 691]
14, 1, 3.17, [1967, 5117, 691]
14, 2, 3.15, [691, 5117, 1569]
14, 3, 3.05, [666, 5117, 15]
14, 4, 3.04, [666, 2070, 1138]
14, 5, 3.02, [2436, 690, 786]
14, 6, 3.02, [666, 780, 1347]
14, 7, 3.01, [1219, 609, 710]
14, 8, 3.0, [487, 1555, 691]
14, 9, 3.0, [666, 545, 905]
15, 0, 3.18, [666, 5117, 691]
15, 1, 3.17, [1967, 5117, 691]
15, 2, 3.16, [850, 5117, 691]
15, 3, 3.12, [545, 5117, 1569]
15, 4, 3.1, [3639, 5117, 691]
15, 5, 3.09, [691, 786, 5117]
15, 6, 3.03, [2340, 831, 710]
15, 7, 3.03, [666, 934, 1138]
15, 8, 3.01, [850, 2032, 1569]
15, 9, 3.01, [2070, 1569, 691]
16, 0, 3.18, [666, 5117, 691]
16, 1, 3.17, [1967, 5117, 691]
16, 2, 3.13, [666, 5117, 990]
16, 3, 3.12, [1967, 15, 5117]
16, 4, 3.1, [690, 5117, 691]
16, 5, 3.09, [483, 5117, 450]
16, 6, 3.09, [1967, 5117, 587]
16, 7, 3.05, [666, 834, 216]
16, 8, 3.03, [798, 1219, 1378]
16, 9, 3.03, [1967, 3, 545]
17, 0, 3.18, [666, 5117, 691]
17, 1, 3.17, [1967, 5117, 691]
17, 2, 3.15, [819, 5117, 691]
17, 3, 3.11, [1028, 5117, 691]
17, 4, 3.1, [1003, 5117, 2032]
17, 5, 3.09, [666, 5117, 731]
17, 6, 3.08, [1157, 1029, 780]
17, 7, 3.06, [1967, 450, 809]
17, 8, 3.02, [710, 1029, 2490]
17, 9, 3.02, [1141, 902, 934]
18, 0, 3.19, [1603, 5117, 476]
18, 1, 3.18, [666, 5117, 691]
18, 2, 3.17, [1967, 5117, 691]
18, 3, 3.16, [691, 5117, 751]
18, 4, 3.15, [964, 5117, 2070]
18, 5, 3.1, [1141, 5117, 2436]
18, 6, 3.07, [873, 5117, 691]
18, 7, 3.04, [691, 2032, 1414]
18, 8, 3.03, [666, 336, 691]
18, 9, 3.02, [1967, 2032, 731]
19, 0, 3.19, [1603, 5117, 476]
19, 1, 3.18, [666, 5117, 691]
19, 2, 3.16, [1967, 5117, 98]
19, 3, 3.15, [964, 5117, 98]
19, 4, 3.13, [1967, 5117, 1514]
19, 5, 3.13, [666, 5117, 786]
19, 6, 3.04, [666, 751, 476]
19, 7, 3.03, [656, 487, 691]
19, 8, 3.02, [1603, 216, 691]
19, 9, 3.01, [1603, 3, 691]
20, 0, 3.19, [934, 5117, 476]
20, 1, 3.19, [1603, 5117, 476]
20, 2, 3.18, [666, 5117, 691]
20, 3, 3.15, [666, 5117, 78]
20, 4, 3.15, [1394, 5117, 476]
20, 5, 3.11, [1603, 5117, 78]
20, 6, 3.09, [964, 5117, 1567]
20, 7, 3.05, [1603, 5117, 3147]
20, 8, 3.04, [697, 905, 691]
20, 9, 3.03, [1967, 1574, 786]
21, 0, 3.19, [934, 5117, 476]
21, 1, 3.19, [1603, 5117, 476]
21, 2, 3.14, [711, 5117, 587]
21, 3, 3.13, [1394, 5117, 1574]
21, 4, 3.09, [1603, 5117, 587]
21, 5, 3.05, [716, 1138, 476]
21, 6, 3.04, [694, 336, 666]
21, 7, 3.04, [78, 1225, 476]
21, 8, 3.04, [450, 1514, 98]
21, 9, 3.04, [666, 831, 476]
22, 0, 3.19, [934, 5117, 476]
22, 1, 3.19, [1603, 5117, 476]
22, 2, 3.16, [934, 5117, 98]
22, 3, 3.1, [934, 5117, 1555]
22, 4, 3.08, [666, 5117, 476]
22, 5, 3.05, [816, 487, 476]
22, 6, 3.04, [711, 905, 902]
22, 7, 3.04, [711, 751, 476]
22, 8, 3.02, [1603, 78, 450]
22, 9, 3.02, [2340, 831, 476]
23, 0, 3.19, [934, 5117, 476]
23, 1, 3.19, [1603, 5117, 476]
23, 2, 3.14, [1603, 5117, 487]
23, 3, 3.13, [798, 5117, 1555]
23, 4, 3.09, [934, 1029, 476]
23, 5, 3.08, [934, 5117, 587]
23, 6, 3.04, [934, 666, 78]
23, 7, 3.04, [934, 216, 1414]
23, 8, 3.02, [1603, 819, 476]
23, 9, 3.02, [873, 216, 320]
24, 0, 3.19, [934, 5117, 476]
24, 1, 3.19, [1603, 5117, 476]
24, 2, 3.16, [1028, 5117, 476]
24, 3, 3.15, [934, 970, 487]
24, 4, 3.13, [1603, 5117, 98]
24, 5, 3.12, [1827, 1514, 5117]
24, 6, 3.1, [1603, 5117, 841]
24, 7, 3.09, [798, 5117, 1567]
24, 8, 3.09, [798, 5117, 1003]
24, 9, 3.06, [780, 476, 1827]
25, 0, 3.19, [934, 5117, 476]
25, 1, 3.19, [1603, 5117, 476]
25, 2, 3.14, [495, 5117, 1543]
25, 3, 3.14, [841, 5117, 1138]
25, 4, 3.11, [1603, 5117, 476]
25, 5, 3.1, [1603, 5117, 98]
25, 6, 3.09, [666, 5117, 476]
25, 7, 3.03, [1028, 905, 2490]
25, 8, 3.03, [1028, 816, 587]
25, 9, 3.03, [1603, 905, 476]
26, 0, 3.19, [934, 5117, 476]
26, 1, 3.19, [1603, 5117, 476]
26, 2, 3.17, [1225, 5117, 476]
26, 3, 3.17, [809, 520, 476]
26, 4, 3.17, [339, 5117, 476]
26, 5, 3.17, [1603, 5117, 545]
26, 6, 3.09, [3147, 1029, 741]
26, 7, 3.05, [934, 2032, 476]
26, 8, 3.05, [1603, 1574, 1138]
26, 9, 3.04, [495, 1029, 476]
27, 0, 3.19, [934, 5117, 476]
27, 1, 3.19, [1603, 5117, 476]
27, 2, 3.17, [1514, 5117, 476]
27, 3, 3.12, [1378, 5117, 662]
27, 4, 3.12, [339, 5117, 1569]
27, 5, 3.07, [711, 5117, 635]
27, 6, 3.04, [934, 831, 786]
27, 7, 3.04, [2340, 1045, 98]
27, 8, 3.04, [690, 710, 476]
27, 9, 3.03, [697, 751, 476]
28, 0, 3.19, [934, 5117, 476]
28, 1, 3.19, [1603, 5117, 476]
28, 2, 3.17, [1003, 5117, 476]
28, 3, 3.14, [2340, 5117, 662]
28, 4, 3.14, [1378, 5117, 1574]
28, 5, 3.13, [2340, 5117, 662]
28, 6, 3.12, [1141, 5117, 587]
28, 7, 3.08, [339, 5117, 1225]
28, 8, 3.07, [1603, 5117, 735]
28, 9, 3.05, [1603, 934, 1569]
29, 0, 3.19, [934, 5117, 476]
29, 1, 3.19, [1603, 5117, 476]
29, 2, 3.11, [2340, 5117, 476]
29, 3, 3.09, [934, 5117, 786]
29, 4, 3.09, [1430, 5117, 429]
29, 5, 3.06, [1003, 336, 476]
29, 6, 3.06, [934, 1003, 587]
29, 7, 3.04, [1603, 3147, 476]
29, 8, 3.03, [964, 1419, 98]
29, 9, 3.03, [964, 247, 476]
30, 0, 3.19, [934, 5117, 476]
30, 1, 3.19, [1603, 5117, 476]
30, 2, 3.14, [1827, 5117, 476]
30, 3, 3.12, [934, 5117, 731]
30, 4, 3.07, [1430, 5117, 587]
30, 5, 3.06, [934, 990, 751]
30, 6, 3.06, [934, 1574, 429]
30, 7, 3.06, [2340, 5117, 656]
30, 8, 3.05, [2340, 2032, 476]
30, 9, 3.03, [487, 78, 476]
31, 0, 3.19, [934, 5117, 476]
31, 1, 3.19, [1603, 5117, 476]
31, 2, 3.14, [1603, 5117, 476]
31, 3, 3.1, [1555, 5117, 1414]
31, 4, 3.08, [216, 5117, 476]
31, 5, 3.06, [934, 1414, 731]
31, 6, 3.03, [1827, 2070, 902]
31, 7, 3.03, [798, 780, 731]
31, 8, 3.03, [1353, 819, 320]
31, 9, 3.03, [1827, 1029, 476]
32, 0, 3.21, [1347, 5117, 98]
32, 1, 3.19, [934, 5117, 476]
32, 2, 3.19, [1603, 5117, 476]
32, 3, 3.18, [216, 5117, 1414]
32, 4, 3.13, [735, 5117, 1381]
32, 5, 3.13, [216, 5117, 98]
32, 6, 3.09, [1555, 5117, 98]
32, 7, 3.08, [1603, 5117, 98]
32, 8, 3.06, [711, 1543, 476]
32, 9, 3.03, [816, 2032, 476]
33, 0, 3.21, [1347, 5117, 98]
33, 1, 3.2, [1347, 5117, 1025]
33, 2, 3.19, [785, 5117, 587]
33, 3, 3.19, [934, 5117, 476]
33, 4, 3.11, [1347, 5117, 98]
33, 5, 3.1, [934, 2032, 98]
33, 6, 3.09, [934, 476, 98]
33, 7, 3.09, [1347, 5117, 98]
33, 8, 3.08, [675, 5117, 476]
33, 9, 3.06, [934, 483, 98]
34, 0, 3.21, [1347, 5117, 98]
34, 1, 3.2, [1347, 5117, 1025]
34, 2, 3.17, [247, 5117, 98]
34, 3, 3.13, [1347, 5117, 1543]
34, 4, 3.13, [1347, 1509, 1414]
34, 5, 3.11, [1347, 5117, 785]
34, 6, 3.11, [934, 5117, 78]
34, 7, 3.06, [690, 5117, 2341]
34, 8, 3.03, [1347, 751, 587]
34, 9, 3.03, [1347, 751, 78]
35, 0, 3.21, [1347, 5117, 98]
35, 1, 3.2, [1347, 5117, 1025]
35, 2, 3.11, [675, 5117, 934]
35, 3, 3.1, [1347, 476, 78]
35, 4, 3.08, [780, 5117, 1574]
35, 5, 3.06, [1347, 905, 1289]
35, 6, 3.05, [662, 1157, 710]
35, 7, 3.05, [1347, 1394, 970]
35, 8, 3.03, [1347, 1509, 780]
35, 9, 3.02, [694, 1574, 2846]
36, 0, 3.21, [1347, 5117, 98]
36, 1, 3.2, [1347, 5117, 1025]
36, 2, 3.14, [974, 5117, 487]
36, 3, 3.12, [2490, 5117, 934]
36, 4, 3.11, [1580, 5117, 1514]
36, 5, 3.11, [675, 5117, 934]
36, 6, 3.11, [819, 5117, 98]
36, 7, 3.03, [741, 1603, 1025]
36, 8, 3.02, [1967, 1574, 98]
36, 9, 3.02, [1347, 1029, 78]
37, 0, 3.21, [1347, 5117, 98]
37, 1, 3.2, [1347, 5117, 1025]
37, 2, 3.15, [1347, 5117, 635]
37, 3, 3.14, [974, 5117, 78]
37, 4, 3.14, [675, 5117, 487]
37, 5, 3.06, [1347, 5117, 78]
37, 6, 3.04, [339, 970, 1514]
37, 7, 3.04, [697, 247, 98]
37, 8, 3.04, [78, 1157, 339]
37, 9, 3.04, [1347, 1509, 990]
38, 0, 3.21, [1347, 5117, 98]
38, 1, 3.2, [1347, 5117, 1025]
38, 2, 3.15, [1048, 5117, 2341]
38, 3, 3.08, [675, 5117, 78]
38, 4, 3.07, [1347, 1003, 98]
38, 5, 3.05, [1347, 841, 780]
38, 6, 3.04, [675, 934, 98]
38, 7, 3.04, [1347, 336, 666]
38, 8, 3.04, [1347, 751, 98]
38, 9, 3.04, [974, 1025, 635]
39, 0, 3.21, [1347, 5117, 98]
39, 1, 3.2, [1347, 5117, 1025]
39, 2, 3.15, [905, 5117, 1569]
39, 3, 3.12, [1219, 5117, 216]
39, 4, 3.11, [675, 5117, 98]
39, 5, 3.1, [1045, 5117, 1381]
39, 6, 3.09, [1347, 5117, 78]
39, 7, 3.07, [675, 5117, 691]
39, 8, 3.03, [1347, 1229, 834]
39, 9, 3.02, [1347, 1580, 587]
40, 0, 3.21, [1347, 5117, 98]
40, 1, 3.2, [1347, 5117, 1025]
40, 2, 3.11, [905, 5117, 78]
40, 3, 3.09, [675, 5117, 1569]
40, 4, 3.08, [1347, 5117, 78]
40, 5, 3.08, [905, 5117, 487]
40, 6, 3.07, [905, 336, 98]
40, 7, 3.06, [1219, 336, 1025]
40, 8, 3.04, [1347, 2032, 1569]
40, 9, 3.02, [751, 2667, 1025]
41, 0, 3.21, [1347, 5117, 98]
41, 1, 3.2, [1347, 5117, 1025]
41, 2, 3.07, [741, 1141, 816]
41, 3, 3.04, [1347, 336, 78]
41, 4, 3.04, [1347, 216, 1574]
41, 5, 3.03, [1347, 15, 78]
41, 6, 3.03, [905, 1567, 98]
41, 7, 3.02, [1347, 2032, 1025]
41, 8, 3.01, [905, 336, 98]
41, 9, 3.01, [1347, 1567, 78]
42, 0, 3.21, [1347, 5117, 98]
42, 1, 3.2, [1347, 5117, 1025]
42, 2, 3.16, [741, 5117, 1289]
42, 3, 3.09, [1003, 5117, 816]
42, 4, 3.06, [1347, 98, 1567]
42, 5, 3.05, [1138, 1025, 710]
42, 6, 3.03, [1543, 1141, 1025]
42, 7, 3.03, [1555, 2341, 785]
42, 8, 3.03, [1555, 735, 336]
42, 9, 3.01, [1347, 339, 816]
43, 0, 3.21, [1347, 5117, 98]
43, 1, 3.2, [1347, 5117, 1025]
43, 2, 3.17, [741, 5117, 78]
43, 3, 3.16, [1378, 5117, 3639]
43, 4, 3.13, [1347, 5117, 841]
43, 5, 3.13, [1543, 5117, 1025]
43, 6, 3.1, [1414, 5117, 1381]
43, 7, 3.08, [1347, 1574, 1567]
43, 8, 3.07, [1347, 1414, 1289]
43, 9, 3.02, [741, 3, 694]
44, 0, 3.21, [1347, 5117, 98]
44, 1, 3.2, [1347, 5117, 1025]
44, 2, 3.14, [1347, 5117, 78]
44, 3, 3.11, [450, 5117, 98]
44, 4, 3.11, [1543, 5117, 3639]
44, 5, 3.07, [1347, 5117, 1029]
44, 6, 3.04, [1347, 98, 1025]
44, 7, 3.04, [1543, 666, 98]
44, 8, 3.03, [873, 831, 1025]
44, 9, 3.03, [1394, 816, 1157]
45, 0, 3.21, [1347, 5117, 98]
45, 1, 3.2, [1347, 5117, 1025]
45, 2, 3.13, [2667, 5117, 905]
45, 3, 3.12, [850, 5117, 429]
45, 4, 3.11, [3147, 5117, 429]
45, 5, 3.1, [662, 5117, 1289]
45, 6, 3.04, [1347, 1567, 98]
45, 7, 3.03, [1347, 483, 98]
45, 8, 3.03, [1555, 905, 98]
45, 9, 3.03, [786, 1048, 2070]
46, 0, 3.21, [1347, 5117, 98]
46, 1, 3.2, [1347, 5117, 1025]
46, 2, 3.18, [1555, 5117, 98]
46, 3, 3.15, [1574, 5117, 98]
46, 4, 3.11, [1555, 5117, 905]
46, 5, 3.09, [850, 5117, 78]
46, 6, 3.07, [1827, 5117, 429]
46, 7, 3.04, [905, 656, 1029]
46, 8, 3.03, [2667, 1347, 98]
46, 9, 3.03, [1347, 666, 1569]
47, 0, 3.21, [1347, 5117, 98]
47, 1, 3.2, [1347, 5117, 1025]
47, 2, 3.11, [1347, 5117, 1141]
47, 3, 3.07, [216, 5117, 15]
47, 4, 3.05, [635, 902, 964]
47, 5, 3.04, [1347, 798, 98]
47, 6, 3.04, [1347, 247, 990]
47, 7, 3.02, [1347, 656, 1045]
47, 8, 3.02, [3147, 2436, 98]
47, 9, 3.02, [1347, 1603, 691]
48, 0, 3.21, [1347, 5117, 98]
48, 1, 3.2, [1347, 5117, 1025]
48, 2, 3.14, [2341, 5117, 439]
48, 3, 3.11, [831, 5117, 1289]
48, 4, 3.09, [1347, 741, 3147]
48, 5, 3.09, [1347, 5117, 495]
48, 6, 3.05, [635, 336, 98]
48, 7, 3.05, [1347, 3, 98]
48, 8, 3.04, [1347, 1353, 483]
48, 9, 3.04, [1347, 902, 1229]
49, 0, 3.21, [1347, 5117, 98]
49, 1, 3.2, [1347, 5117, 1025]
49, 2, 3.16, [1347, 5117, 841]
49, 3, 3.13, [1347, 5117, 731]
49, 4, 3.1, [2341, 5117, 2490]
49, 5, 3.08, [831, 5117, 1003]
49, 6, 3.07, [320, 5117, 1025]
49, 7, 3.06, [1347, 902, 247]
49, 8, 3.04, [1347, 786, 974]
49, 9, 3.03, [1003, 841, 1378]
50, 0, 3.21, [1347, 5117, 98]
50, 1, 3.2, [1347, 5117, 1025]
50, 2, 3.15, [831, 5117, 78]
50, 3, 3.1, [675, 5117, 1225]
50, 4, 3.09, [1347, 2032, 98]
50, 5, 3.08, [1347, 905, 1003]
50, 6, 3.07, [2846, 5117, 1141]
50, 7, 3.04, [1289, 785, 635]
50, 8, 3.03, [798, 487, 902]
50, 9, 3.01, [675, 339, 1025]
