num_genrations,diversity,improvement,best_fitness
0,1.0,0,1580.704
1,0.905,0.010446611130230675,1597.217
2,0.7483333333333333,0.05076454858669791,1678.299
3,0.2466666666666666,0.0,1678.299
4,0.22666666666666657,0.0,1678.299
5,0.06833333333333313,0.0032979820639826886,1683.834
6,0.02499999999999991,0.0008534095403703086,1685.271
7,0.08499999999999996,0.03466742144141802,1743.695
8,0.09666666666666657,0.17026085410579261,2040.578
9,0.14,0.0,2040.578
10,0.2416666666666667,0.041498046141828365,2125.258
