n_nodes,influence,n0,n1,n2,n3,n4,n5,n6,n7,n8
9,52.6159,10528,2561,26408,26666,20713,1633,44379,58042,29118
9,50.6159,10528,2561,71565,26666,20713,1633,44379,58042,29118
9,50.6159,10528,2561,71565,26666,20713,1633,44379,58042,29118
9,50.6159,10528,2561,71565,26666,20713,1633,44379,58042,29118
9,49.6301,10528,2561,1633,26408,26666,65326,58042,71403,29118
9,49.6301,10528,2561,1633,26408,26666,65326,58042,71403,29118
9,49.6301,10528,2561,1633,26408,26666,65326,58042,71403,29118
9,48.5688,10528,2561,1633,26408,26666,71403,65326,58042,52240
9,45.3414,7894,2561,1633,26408,26666,65326,58042,44379,29118
9,45.1698,10528,2561,1633,26408,26666,65326,58042,31196,29118
9,45.1698,10528,2561,1633,26408,26666,65326,58042,31196,29118
9,45.1698,10528,2561,1633,26408,26666,65326,58042,31196,29118
9,44.9446,10528,2561,26408,26666,65326,1633,44379,31196,29118
9,44.9389,31791,2561,1633,26408,26666,65326,58042,31196,29118
9,44.7530,10528,2561,26408,26666,65326,1633,44379,58042,29118
9,44.7530,10528,2561,26408,26666,65326,1633,44379,58042,29118
