num_genrations,diversity,improvement,best_fitness
0,0.9995816929133858,0,1242.33
1,0.9694635826771654,0.2088012041889032,1501.73
2,0.9201033464566929,0.0,1501.73
3,0.7894438976377953,0.0021708296431449,1504.99
4,0.6475885826771652,0.03712317025362288,1560.86
5,0.6606791338582676,-0.035794369770511064,1504.99
6,0.5609498031496063,0.09689100924258628,1650.81
7,0.2906003937007875,0.0,1650.81
8,0.18937007874015754,-0.011679115101071579,1631.53
9,0.24057578740157481,0.013061359582722932,1652.84
10,0.22536909448818898,0.0,1652.84
