num_genrations,diversity,improvement,best_fitness
0,0.9969393939393939,0,40.11
1,0.935070707070707,0.018698578908002993,40.86
2,0.6571010101010102,0.24473813020068527,50.86
3,0.3961414141414141,0.11285882815572162,56.6
4,0.23975757575757572,0.013250883392226149,57.35
5,0.0939393939393941,0.13949433304272002,65.35
6,0.18512121212121213,0.015761285386381045,66.38
7,0.062090909090909197,0.025007532389274043,68.04
8,0.09785858585858587,0.02028218694885355,69.42
9,0.07954545454545425,0.0,69.42
10,0.06851515151515142,0.0,69.42
11,0.05158585858585851,0.014405070584845865,70.42
12,0.02463636363636368,0.0,70.42
13,0.03288888888888897,0.0,70.42
14,0.029070707070707025,0.0,70.42
15,0.010949494949495042,0.0,70.42
16,0.005989898989899323,0.0,70.42
17,0.008949494949494707,0.0,70.42
18,0.004999999999999671,0.001988071570576549,70.56
19,0.006999999999999895,-0.0019841269841269923,70.42
20,0.008959595959595723,0.0,70.42
21,0.004989898989898767,0.0,70.42
22,0.004969696969696735,0.0,70.42
23,0.006000000000000116,0.001278046009656396,70.51
24,0.020222222222222253,0.0,70.51
25,0.028979797979797883,0.0012764146929512012,70.6
26,0.021434343434343694,0.013597733711048273,71.56
27,0.012181818181818516,0.01579094466182218,72.69
28,0.025979797979798214,0.0,72.69
29,0.026797979797979377,0.0,72.69
30,0.025666666666666615,0.0,72.69
31,0.012555555555555764,0.0,72.69
32,0.008878787878787597,0.0,72.69
33,0.0019999999999995577,0.0,72.69
34,0.0040000000000000036,0.0,72.69
35,0.007989898989899324,0.0,72.69
36,0.0040000000000000036,0.0,72.69
37,0.0030000000000001137,0.0,72.69
38,0.0030000000000002247,0.0,72.69
39,0.005969696969697069,0.0,72.69
40,0.006939393939393912,0.0,72.69
41,0.0,0.0,72.69
42,0.008979797979797866,0.0,72.69
43,0.003979797979797861,0.0,72.69
44,0.005989898989899101,0.0,72.69
45,0.00696969696969707,0.0,72.69
46,0.003969696969696956,0.0,72.69
47,0.004999999999999671,0.0,72.69
48,0.012717171717172016,0.0,72.69
49,0.006878787878787929,0.0,72.69
50,0.010858585858586345,0.0,72.69
51,0.005989898989899101,0.0,72.69
52,0.008939393939393803,0.0,72.69
53,0.0019797979797977483,0.0,72.69
54,0.0019999999999995577,0.0,72.69
55,0.0069898989898988795,0.0,72.69
56,0.004999999999999671,0.0,72.69
57,0.002989898989899209,0.0,72.69
58,0.003989898989898988,0.0,72.69
59,0.005989898989899101,0.0,72.69
60,0.005979797979798085,0.0,72.69
61,0.006939393939393912,0.0,72.69
62,0.0059595959595961645,0.0,72.69
63,0.004989898989898767,0.0,72.69
64,0.003989898989899099,0.0,72.69
65,0.004999999999999671,0.0,72.69
66,0.0069898989898987685,0.0,72.69
67,0.00790909090909142,0.0,72.69
68,0.003989898989898988,0.0,72.69
69,0.00797979797979853,0.07360022011280794,78.04
70,0.021494949494949456,0.02447462839569447,79.95
71,0.010272727272727544,0.02088805503439652,81.62
72,0.01866666666666672,0.012619456015682444,82.65
73,0.03267676767676764,0.0033877797943133833,82.93
74,0.03407070707070703,0.0,82.93
75,0.0029393939393941304,0.0002411672494874716,82.95
76,0.0040000000000000036,0.01157323688969251,83.91
77,0.016646464646464687,0.0025026814444048143,84.12
78,0.00941414141414143,0.0,84.12
79,0.021313131313131173,0.008796956728483058,84.86
80,0.020797979797979704,0.0,84.86
81,0.024606060606060853,0.0,84.86
82,0.014545454545454195,0.0,84.86
83,0.012636363636363668,0.0,84.86
84,0.0069898989898988795,0.0,84.86
85,0.007969696969697404,0.0,84.86
86,0.004989898989898656,0.0007070469007777783,84.92
87,0.007989898989899435,0.008360810174281603,85.63
88,0.005969696969697069,0.0,85.63
89,0.0040000000000000036,0.0,85.63
90,0.0040000000000000036,0.0,85.63
91,0.0030000000000002247,0.0,85.63
92,0.0040000000000000036,0.0,85.63
93,0.005969696969697069,0.05009926427653867,89.92
94,0.011252525252524959,0.037255338078291754,93.27
95,0.023909090909091213,0.009434973732175509,94.15
96,0.015080808080807917,0.0025491237387147625,94.39
97,0.01884848484848467,0.0,94.39
98,0.020161616161616158,0.010912172899671587,95.42
99,0.025262626262626542,0.0,95.42
100,0.04932323232323188,0.0,95.42
