generation number, individual number, fitness, candidate
0, 0, 2.14, [3754, 3752]
0, 1, 2.13, [101, 3100]
0, 2, 2.12, [1825, 3105]
0, 3, 2.08, [3743, 3735]
0, 4, 2.06, [3756, 1541]
0, 5, 2.05, [2490, 996]
0, 6, 2.03, [693, 4108]
0, 7, 2.03, [1987, 3105]
0, 8, 2.02, [77, 1686]
0, 9, 2.01, [1828, 359]
1, 0, 2.16, [3754, 4128]
1, 1, 2.15, [279, 3752]
1, 2, 2.14, [3754, 3752]
1, 3, 2.13, [3746, 3100]
1, 4, 2.13, [101, 3100]
1, 5, 2.12, [72, 3752]
1, 6, 2.11, [1825, 3749]
1, 7, 2.09, [3755, 3747]
1, 8, 2.09, [3743, 3742]
1, 9, 2.08, [3749, 1828]
2, 0, 2.16, [3758, 3752]
2, 1, 2.16, [3754, 4128]
2, 2, 2.15, [279, 3752]
2, 3, 2.12, [3754, 3740]
2, 4, 2.11, [72, 3752]
2, 5, 2.09, [101, 3100]
2, 6, 2.09, [4184, 3742]
2, 7, 2.08, [101, 4128]
2, 8, 2.07, [3758, 3759]
2, 9, 2.06, [1831, 119]
3, 0, 2.22, [3746, 3752]
3, 1, 2.16, [3758, 3752]
3, 2, 2.16, [3754, 4128]
3, 3, 2.13, [3746, 3752]
3, 4, 2.12, [3754, 3749]
3, 5, 2.12, [3739, 3752]
3, 6, 2.08, [3758, 3759]
3, 7, 2.07, [279, 4130]
3, 8, 2.05, [101, 4128]
3, 9, 2.05, [3758, 1032]
4, 0, 2.22, [3746, 3752]
4, 1, 2.18, [3746, 3756]
4, 2, 2.16, [3758, 3752]
4, 3, 2.15, [3750, 3736]
4, 4, 2.13, [3737, 3758]
4, 5, 2.09, [3747, 1831]
4, 6, 2.08, [1896, 4128]
4, 7, 2.06, [3105, 1605]
4, 8, 2.05, [3746, 282]
4, 9, 2.03, [3747, 2261]
5, 0, 2.22, [3746, 3752]
5, 1, 2.18, [3746, 4131]
5, 2, 2.18, [3746, 3756]
5, 3, 2.16, [3758, 3742]
5, 4, 2.16, [689, 1829]
5, 5, 2.16, [689, 2229]
5, 6, 2.16, [2229, 3752]
5, 7, 2.14, [159, 3742]
5, 8, 2.09, [119, 3760]
5, 9, 2.07, [1829, 3760]
6, 0, 2.22, [3746, 3752]
6, 1, 2.18, [3746, 4131]
6, 2, 2.17, [3752, 3743]
6, 3, 2.15, [3750, 2229]
6, 4, 2.14, [3747, 3741]
6, 5, 2.1, [1315, 3742]
6, 6, 2.09, [3747, 1825]
6, 7, 2.07, [3755, 279]
6, 8, 2.03, [3777, 2400]
6, 9, 2.03, [2229, 1032]
7, 0, 2.22, [3746, 3752]
7, 1, 2.2, [3755, 3752]
7, 2, 2.18, [3746, 4131]
7, 3, 2.17, [3741, 3736]
7, 4, 2.14, [279, 3752]
7, 5, 2.1, [689, 4129]
7, 6, 2.09, [3745, 2229]
7, 7, 2.08, [275, 3753]
7, 8, 2.04, [1006, 4131]
7, 9, 2.03, [3749, 1605]
8, 0, 2.22, [3746, 3752]
8, 1, 2.2, [3755, 3752]
8, 2, 2.19, [3747, 3752]
8, 3, 2.16, [3752, 3736]
8, 4, 2.16, [3736, 3744]
8, 5, 2.11, [181, 689]
8, 6, 2.1, [3741, 4130]
8, 7, 2.1, [2229, 3755]
8, 8, 2.05, [3745, 2598]
8, 9, 2.04, [3756, 3753]
9, 0, 2.22, [3746, 3752]
9, 1, 2.21, [3736, 3739]
9, 2, 2.2, [3755, 3752]
9, 3, 2.17, [3746, 3749]
9, 4, 2.15, [3100, 3760]
9, 5, 2.14, [3736, 3758]
9, 6, 2.09, [3755, 3744]
9, 7, 2.07, [3750, 1588]
9, 8, 2.06, [3755, 2598]
9, 9, 2.03, [279, 229]
10, 0, 2.22, [3736, 3741]
10, 1, 2.22, [3746, 3752]
10, 2, 2.21, [3736, 3739]
10, 3, 2.19, [3736, 3739]
10, 4, 2.14, [3752, 2260]
10, 5, 2.11, [3754, 3752]
10, 6, 2.1, [3748, 3752]
10, 7, 2.08, [3741, 72]
10, 8, 2.08, [3755, 1829]
10, 9, 2.07, [3755, 3777]
11, 0, 2.22, [3736, 3741]
11, 1, 2.22, [3746, 3752]
11, 2, 2.18, [3736, 3739]
11, 3, 2.15, [3756, 3746]
11, 4, 2.15, [3752, 693]
11, 5, 2.13, [3749, 3741]
11, 6, 2.12, [3750, 3741]
11, 7, 2.1, [3756, 270]
11, 8, 2.08, [4128, 3741]
11, 9, 2.06, [3739, 702]
12, 0, 2.22, [3736, 3741]
12, 1, 2.22, [3746, 3752]
12, 2, 2.14, [3736, 3753]
12, 3, 2.11, [3754, 1834]
12, 4, 2.1, [3105, 3755]
12, 5, 2.09, [3758, 2598]
12, 6, 2.08, [181, 3752]
12, 7, 2.07, [1006, 1825]
12, 8, 2.06, [3756, 77]
12, 9, 2.06, [3746, 1834]
13, 0, 2.22, [3736, 3741]
13, 1, 2.22, [3746, 3752]
13, 2, 2.21, [3736, 4131]
13, 3, 2.17, [3736, 3741]
13, 4, 2.13, [3755, 3752]
13, 5, 2.12, [3746, 3754]
13, 6, 2.12, [3746, 3754]
13, 7, 2.1, [3736, 3741]
13, 8, 2.09, [1315, 4129]
13, 9, 2.09, [3736, 3739]
14, 0, 2.22, [3736, 3741]
14, 1, 2.22, [3746, 3752]
14, 2, 2.19, [3736, 3741]
14, 3, 2.18, [3100, 4131]
14, 4, 2.17, [3750, 3752]
14, 5, 2.12, [3736, 546]
14, 6, 2.11, [3736, 3746]
14, 7, 2.08, [1541, 4128]
14, 8, 2.07, [3746, 3754]
14, 9, 2.06, [24, 77]
15, 0, 2.22, [3736, 3741]
15, 1, 2.22, [3746, 3752]
15, 2, 2.16, [3736, 3756]
15, 3, 2.15, [3752, 4131]
15, 4, 2.12, [3736, 3741]
15, 5, 2.12, [3100, 3749]
15, 6, 2.11, [3746, 3754]
15, 7, 2.09, [72, 3741]
15, 8, 2.09, [3739, 3736]
15, 9, 2.09, [2490, 3752]
16, 0, 2.22, [3736, 3741]
16, 1, 2.22, [3746, 3752]
16, 2, 2.14, [3744, 3752]
16, 3, 2.12, [3746, 2598]
16, 4, 2.1, [3746, 3754]
16, 5, 2.09, [229, 3747]
16, 6, 2.08, [3760, 3743]
16, 7, 2.08, [3736, 693]
16, 8, 2.07, [3754, 3761]
16, 9, 2.06, [3749, 4131]
17, 0, 2.22, [3746, 3752]
17, 1, 2.22, [3736, 3741]
17, 2, 2.22, [3746, 3752]
17, 3, 2.19, [3746, 3744]
17, 4, 2.18, [3755, 3741]
17, 5, 2.15, [3758, 3741]
17, 6, 2.14, [4128, 2156]
17, 7, 2.12, [3755, 3752]
17, 8, 2.09, [1321, 3752]
17, 9, 2.08, [3750, 1896]
18, 0, 2.22, [3746, 3752]
18, 1, 2.22, [3736, 3741]
18, 2, 2.21, [3736, 3739]
18, 3, 2.16, [1829, 3754]
18, 4, 2.11, [3742, 4128]
18, 5, 2.11, [2229, 3754]
18, 6, 2.09, [4128, 3752]
18, 7, 2.08, [3750, 1605]
18, 8, 2.07, [2229, 2261]
18, 9, 2.06, [3746, 4108]
19, 0, 2.22, [3746, 3752]
19, 1, 2.22, [3736, 3741]
19, 2, 2.19, [3750, 4128]
19, 3, 2.17, [689, 3752]
19, 4, 2.16, [3746, 3760]
19, 5, 2.12, [3736, 3756]
19, 6, 2.11, [3745, 3741]
19, 7, 2.11, [1829, 3760]
19, 8, 2.1, [3736, 3740]
19, 9, 2.09, [3749, 3754]
20, 0, 2.22, [3746, 3752]
20, 1, 2.22, [3736, 3741]
20, 2, 2.17, [3752, 3741]
20, 3, 2.17, [3746, 3742]
20, 4, 2.13, [3750, 3736]
20, 5, 2.13, [3755, 3752]
20, 6, 2.12, [3758, 4128]
20, 7, 2.11, [3750, 1987]
20, 8, 2.11, [3758, 4128]
20, 9, 2.07, [3746, 2261]
21, 0, 2.22, [3746, 3752]
21, 1, 2.22, [3736, 3741]
21, 2, 2.17, [3746, 3754]
21, 3, 2.17, [3750, 3741]
21, 4, 2.16, [3753, 3741]
21, 5, 2.14, [3742, 1825]
21, 6, 2.13, [3743, 3752]
21, 7, 2.12, [3736, 3744]
21, 8, 2.12, [3754, 3752]
21, 9, 2.1, [3105, 3750]
22, 0, 2.22, [3746, 3752]
22, 1, 2.22, [3736, 3741]
22, 2, 2.16, [3746, 3744]
22, 3, 2.15, [287, 3741]
22, 4, 2.13, [3750, 3749]
22, 5, 2.13, [159, 3741]
22, 6, 2.12, [3750, 3740]
22, 7, 2.11, [3100, 3741]
22, 8, 2.1, [1315, 3755]
22, 9, 2.1, [3745, 3752]
23, 0, 2.23, [3746, 3742]
23, 1, 2.22, [3746, 3752]
23, 2, 2.22, [3736, 3741]
23, 3, 2.21, [3736, 3741]
23, 4, 2.18, [3733, 3752]
23, 5, 2.14, [3755, 3741]
23, 6, 2.12, [3744, 3752]
23, 7, 2.09, [3746, 3761]
23, 8, 2.08, [1032, 3752]
23, 9, 2.05, [3749, 996]
24, 0, 2.23, [3746, 3742]
24, 1, 2.22, [3746, 3752]
24, 2, 2.18, [3746, 3761]
24, 3, 2.15, [996, 3752]
24, 4, 2.15, [3736, 3739]
24, 5, 2.14, [3758, 3752]
24, 6, 2.13, [3736, 3749]
24, 7, 2.1, [3740, 3753]
24, 8, 2.1, [3746, 3754]
24, 9, 2.09, [3100, 3741]
25, 0, 2.23, [3746, 3742]
25, 1, 2.22, [3746, 3752]
25, 2, 2.16, [3736, 3761]
25, 3, 2.15, [3736, 3745]
25, 4, 2.13, [3736, 3739]
25, 5, 2.13, [4128, 3736]
25, 6, 2.12, [3746, 271]
25, 7, 2.08, [4131, 3105]
25, 8, 2.06, [702, 3755]
25, 9, 2.05, [3100, 3735]
26, 0, 2.23, [3746, 3742]
26, 1, 2.22, [3746, 3752]
26, 2, 2.12, [3746, 3739]
26, 3, 2.12, [3100, 3105]
26, 4, 2.12, [3755, 3752]
26, 5, 2.11, [181, 3747]
26, 6, 2.1, [3752, 3742]
26, 7, 2.1, [4130, 3742]
26, 8, 2.08, [3754, 4108]
26, 9, 2.08, [359, 3742]
27, 0, 2.23, [3746, 3742]
27, 1, 2.22, [3746, 3752]
27, 2, 2.16, [3746, 3754]
27, 3, 2.14, [3746, 4129]
27, 4, 2.11, [1831, 3760]
27, 5, 2.09, [3745, 3742]
27, 6, 2.08, [1825, 3747]
27, 7, 2.08, [3746, 295]
27, 8, 2.07, [72, 295]
27, 9, 2.07, [1987, 3758]
28, 0, 2.23, [3746, 3742]
28, 1, 2.22, [3746, 3752]
28, 2, 2.15, [3746, 271]
28, 3, 2.15, [3746, 3750]
28, 4, 2.12, [3750, 3748]
28, 5, 2.08, [282, 3754]
28, 6, 2.07, [359, 3758]
28, 7, 2.07, [3747, 3742]
28, 8, 2.06, [3755, 3748]
28, 9, 2.05, [263, 3742]
29, 0, 2.23, [3746, 3742]
29, 1, 2.22, [3746, 3752]
29, 2, 2.19, [3758, 3752]
29, 3, 2.16, [1032, 3742]
29, 4, 2.14, [3746, 1831]
29, 5, 2.11, [3752, 3750]
29, 6, 2.1, [3746, 3739]
29, 7, 2.1, [3761, 3749]
29, 8, 2.1, [3744, 3740]
29, 9, 2.05, [275, 3105]
30, 0, 2.23, [3746, 3742]
30, 1, 2.22, [3746, 3752]
30, 2, 2.18, [3100, 3752]
30, 3, 2.17, [3747, 3742]
30, 4, 2.16, [3100, 3752]
30, 5, 2.15, [3750, 3742]
30, 6, 2.15, [3736, 4128]
30, 7, 2.11, [3759, 3742]
30, 8, 2.1, [3746, 3736]
30, 9, 2.06, [3746, 3740]
31, 0, 2.23, [3746, 3742]
31, 1, 2.22, [3746, 3752]
31, 2, 2.15, [119, 3752]
31, 3, 2.14, [3739, 3736]
31, 4, 2.14, [159, 3742]
31, 5, 2.09, [996, 3742]
31, 6, 2.09, [3753, 1321]
31, 7, 2.08, [1831, 3742]
31, 8, 2.08, [3735, 3758]
31, 9, 2.08, [702, 3742]
32, 0, 2.23, [3746, 3742]
32, 1, 2.22, [3746, 3752]
32, 2, 2.21, [3746, 3742]
32, 3, 2.09, [689, 3744]
32, 4, 2.07, [3753, 1541]
32, 5, 2.07, [77, 2463]
32, 6, 2.06, [1032, 1825]
32, 7, 2.06, [3100, 2261]
32, 8, 2.06, [3746, 3754]
32, 9, 2.05, [119, 3739]
33, 0, 2.23, [3746, 3742]
33, 1, 2.22, [3746, 3752]
33, 2, 2.18, [3105, 3742]
33, 3, 2.16, [3750, 3736]
33, 4, 2.13, [3746, 3754]
33, 5, 2.11, [3746, 119]
33, 6, 2.07, [3756, 3741]
33, 7, 2.07, [702, 3742]
33, 8, 2.07, [3753, 3750]
33, 9, 2.04, [3743, 359]
34, 0, 2.23, [3746, 3742]
34, 1, 2.22, [3746, 3752]
34, 2, 2.16, [3746, 3744]
34, 3, 2.14, [3752, 3742]
34, 4, 2.13, [3741, 3742]
34, 5, 2.07, [1541, 1831]
34, 6, 2.06, [3755, 3742]
34, 7, 2.05, [1605, 1830]
34, 8, 2.04, [287, 3740]
34, 9, 2.03, [3746, 3735]
35, 0, 2.23, [3746, 3742]
35, 1, 2.22, [3746, 3752]
35, 2, 2.17, [275, 3752]
35, 3, 2.17, [4128, 3739]
35, 4, 2.14, [3754, 3744]
35, 5, 2.09, [3750, 3736]
35, 6, 2.09, [2229, 284]
35, 7, 2.09, [3746, 3740]
35, 8, 2.06, [1006, 3742]
35, 9, 2.06, [3755, 2229]
36, 0, 2.23, [3746, 3742]
36, 1, 2.22, [3746, 3752]
36, 2, 2.15, [3754, 3746]
36, 3, 2.15, [3746, 3736]
36, 4, 2.11, [2463, 1825]
36, 5, 2.06, [1032, 3741]
36, 6, 2.06, [2490, 3750]
36, 7, 2.06, [4131, 1322]
36, 8, 2.04, [284, 1605]
36, 9, 2.03, [159, 1541]
37, 0, 2.23, [3746, 3742]
37, 1, 2.22, [3746, 3752]
37, 2, 2.13, [3754, 2156]
37, 3, 2.12, [3105, 1829]
37, 4, 2.12, [1686, 3742]
37, 5, 2.09, [3752, 1686]
37, 6, 2.09, [1826, 1831]
37, 7, 2.08, [3755, 3742]
37, 8, 2.08, [1605, 3752]
37, 9, 2.07, [3736, 3753]
38, 0, 2.23, [3746, 3742]
38, 1, 2.22, [3746, 3752]
38, 2, 2.19, [3758, 3742]
38, 3, 2.16, [3741, 3752]
38, 4, 2.12, [3746, 3743]
38, 5, 2.12, [1315, 689]
38, 6, 2.1, [3105, 1831]
38, 7, 2.09, [229, 3105]
38, 8, 2.09, [3746, 2229]
38, 9, 2.05, [3100, 1541]
39, 0, 2.23, [3746, 3742]
39, 1, 2.22, [3746, 3752]
39, 2, 2.16, [3752, 3742]
39, 3, 2.13, [3746, 689]
39, 4, 2.11, [284, 3736]
39, 5, 2.1, [72, 3742]
39, 6, 2.09, [3752, 2261]
39, 7, 2.07, [229, 3758]
39, 8, 2.07, [3734, 3752]
39, 9, 2.07, [2598, 3743]
40, 0, 2.23, [3746, 3742]
40, 1, 2.22, [3746, 3752]
40, 2, 2.19, [3746, 3736]
40, 3, 2.19, [3759, 3744]
40, 4, 2.19, [3746, 689]
40, 5, 2.14, [3746, 3750]
40, 6, 2.12, [3755, 3744]
40, 7, 2.11, [181, 3752]
40, 8, 2.08, [282, 3742]
40, 9, 2.07, [4128, 1987]
41, 0, 2.23, [3746, 3742]
41, 1, 2.22, [3747, 3742]
41, 2, 2.22, [3746, 3752]
41, 3, 2.18, [3746, 689]
41, 4, 2.14, [1825, 3740]
41, 5, 2.13, [3736, 693]
41, 6, 2.13, [24, 3752]
41, 7, 2.12, [693, 3754]
41, 8, 2.08, [282, 3742]
41, 9, 2.07, [3743, 2598]
42, 0, 2.23, [3746, 3742]
42, 1, 2.22, [3747, 3742]
42, 2, 2.16, [279, 3742]
42, 3, 2.15, [3736, 689]
42, 4, 2.13, [3744, 3759]
42, 5, 2.11, [271, 3742]
42, 6, 2.11, [2229, 3754]
42, 7, 2.11, [3736, 3105]
42, 8, 2.1, [1315, 689]
42, 9, 2.08, [1987, 3756]
43, 0, 2.23, [3746, 3742]
43, 1, 2.22, [3747, 3742]
43, 2, 2.19, [3736, 689]
43, 3, 2.11, [1831, 3742]
43, 4, 2.11, [3746, 4131]
43, 5, 2.11, [3745, 689]
43, 6, 2.09, [3747, 3758]
43, 7, 2.09, [3756, 3750]
43, 8, 2.08, [3752, 270]
43, 9, 2.05, [3735, 2598]
44, 0, 2.23, [3746, 3742]
44, 1, 2.22, [3747, 3742]
44, 2, 2.19, [3736, 689]
44, 3, 2.14, [3747, 3736]
44, 4, 2.11, [4131, 1825]
44, 5, 2.08, [101, 3744]
44, 6, 2.07, [3746, 1315]
44, 7, 2.04, [1831, 3746]
44, 8, 2.04, [3749, 3754]
44, 9, 2.03, [285, 3742]
45, 0, 2.23, [3746, 3742]
45, 1, 2.22, [3747, 3742]
45, 2, 2.21, [3736, 689]
45, 3, 2.16, [3745, 689]
45, 4, 2.14, [3736, 689]
45, 5, 2.12, [3733, 3742]
45, 6, 2.09, [3745, 689]
45, 7, 2.09, [3748, 689]
45, 8, 2.05, [1828, 3741]
45, 9, 2.05, [1321, 3761]
46, 0, 2.23, [3746, 3742]
46, 1, 2.22, [3747, 3742]
46, 2, 2.15, [3736, 1829]
46, 3, 2.15, [3737, 3742]
46, 4, 2.13, [3100, 693]
46, 5, 2.12, [3739, 689]
46, 6, 2.09, [3747, 3739]
46, 7, 2.08, [270, 3742]
46, 8, 2.07, [3754, 3777]
46, 9, 2.05, [3753, 4184]
47, 0, 2.23, [3746, 3742]
47, 1, 2.22, [3747, 3742]
47, 2, 2.19, [3750, 4128]
47, 3, 2.18, [3754, 3742]
47, 4, 2.14, [1605, 3746]
47, 5, 2.12, [3747, 3750]
47, 6, 2.09, [3742, 2598]
47, 7, 2.09, [1831, 3759]
47, 8, 2.07, [3737, 159]
47, 9, 2.05, [3746, 3734]
48, 0, 2.23, [3746, 3742]
48, 1, 2.22, [3747, 3742]
48, 2, 2.14, [1831, 3742]
48, 3, 2.13, [3747, 3742]
48, 4, 2.11, [3100, 77]
48, 5, 2.09, [1686, 3736]
48, 6, 2.07, [3736, 3777]
48, 7, 2.06, [3746, 3736]
48, 8, 2.05, [4131, 2261]
48, 9, 2.03, [2400, 3743]
49, 0, 2.23, [3746, 3742]
49, 1, 2.22, [3747, 3742]
49, 2, 2.15, [3746, 3761]
49, 3, 2.13, [3746, 3740]
49, 4, 2.11, [295, 3744]
49, 5, 2.1, [1321, 3742]
49, 6, 2.08, [3754, 229]
49, 7, 2.08, [3744, 3750]
49, 8, 2.08, [1686, 3742]
49, 9, 2.07, [689, 3748]
50, 0, 2.23, [3746, 3742]
50, 1, 2.22, [3747, 3742]
50, 2, 2.21, [3736, 3742]
50, 3, 2.14, [3747, 3742]
50, 4, 2.14, [3746, 3749]
50, 5, 2.09, [3747, 3741]
50, 6, 2.09, [3752, 3756]
50, 7, 2.08, [1605, 3750]
50, 8, 2.07, [271, 3742]
50, 9, 2.06, [2261, 181]
