generation number, individual number, fitness, candidate
0, 0, 10.08, [11388, 100807]
0, 1, 8.87, [56240, 14197]
0, 2, 8.68, [283, 47392]
0, 3, 7.48, [56239, 11387]
0, 4, 7.29, [90, 86]
0, 5, 6.59, [113477, 286]
0, 6, 6.23, [70197, 80450]
0, 7, 5.69, [87, 40787]
0, 8, 5.0, [96147, 93408]
0, 9, 3.72, [1063, 40787]
1, 0, 10.34, [11388, 86]
1, 1, 10.08, [11388, 100807]
1, 2, 9.72, [11388, 14199]
1, 3, 9.63, [11388, 14199]
1, 4, 9.2, [70364, 100807]
1, 5, 8.87, [56240, 14197]
1, 6, 8.44, [56240, 127088]
1, 7, 8.23, [88, 14201]
1, 8, 7.44, [46, 283]
1, 9, 7.37, [66079, 14198]
2, 0, 13.49, [66076, 286]
2, 1, 10.34, [11388, 86]
2, 2, 10.08, [11388, 100807]
2, 3, 9.54, [11388, 127088]
2, 4, 8.03, [73932, 150655]
2, 5, 7.25, [87, 11387]
2, 6, 6.87, [11925, 86]
2, 7, 6.87, [11387, 100807]
2, 8, 5.98, [56239, 66169]
2, 9, 5.19, [12067, 124712]
3, 0, 13.49, [66076, 286]
3, 1, 12.05, [66076, 127088]
3, 2, 10.34, [11388, 86]
3, 3, 9.94, [11388, 285]
3, 4, 9.19, [85839, 86]
3, 5, 8.61, [90, 88]
3, 6, 8.33, [11388, 126458]
3, 7, 7.41, [11387, 286]
3, 8, 7.05, [70195, 86]
3, 9, 6.22, [86543, 86]
4, 0, 13.49, [66076, 286]
4, 1, 12.67, [66076, 283]
4, 2, 12.05, [66076, 127088]
4, 3, 10.59, [11388, 285]
4, 4, 10.06, [11388, 127089]
4, 5, 9.29, [11388, 90]
4, 6, 7.77, [66079, 86]
4, 7, 6.91, [90, 127088]
4, 8, 6.81, [14198, 11387]
4, 9, 6.76, [1061, 66078]
5, 0, 13.49, [66076, 286]
5, 1, 12.67, [66076, 283]
5, 2, 10.49, [70193, 283]
5, 3, 7.95, [282, 13042]
5, 4, 6.78, [14200, 284]
5, 5, 6.59, [77088, 14197]
5, 6, 6.56, [86, 66170]
5, 7, 5.4, [40786, 286]
5, 8, 4.55, [121382, 1927]
5, 9, 4.51, [14201, 81178]
6, 0, 13.74, [66076, 282]
6, 1, 13.49, [66076, 286]
6, 2, 13.29, [66076, 90]
6, 3, 12.67, [66076, 283]
6, 4, 10.72, [70193, 286]
6, 5, 9.96, [70194, 73932]
6, 6, 9.2, [62858, 286]
6, 7, 7.44, [66079, 286]
6, 8, 6.65, [279, 283]
6, 9, 4.95, [14199, 40788]
7, 0, 13.74, [66076, 282]
7, 1, 13.49, [66076, 286]
7, 2, 12.1, [66076, 284]
7, 3, 8.13, [96144, 282]
7, 4, 7.59, [88, 94015]
7, 5, 6.39, [286, 90]
7, 6, 6.06, [221360, 282]
7, 7, 6.0, [85839, 81178]
7, 8, 5.94, [80449, 282]
7, 9, 5.7, [821, 90]
8, 0, 13.74, [66076, 282]
8, 1, 13.49, [66076, 286]
8, 2, 11.59, [66076, 148118]
8, 3, 9.43, [70196, 282]
8, 4, 8.91, [98065, 286]
8, 5, 8.86, [14197, 76776]
8, 6, 8.22, [14198, 286]
8, 7, 8.01, [66079, 282]
8, 8, 7.18, [96147, 284]
8, 9, 6.51, [96144, 1063]
9, 0, 13.74, [66076, 282]
9, 1, 13.55, [66076, 56239]
9, 2, 13.49, [66076, 286]
9, 3, 11.53, [66076, 94015]
9, 4, 11.33, [70193, 282]
9, 5, 9.33, [130282, 88]
9, 6, 8.41, [98062, 284]
9, 7, 7.94, [56239, 280]
9, 8, 6.62, [124712, 66078]
9, 9, 6.55, [70195, 100807]
10, 0, 13.74, [66076, 282]
10, 1, 13.55, [66076, 56239]
10, 2, 13.16, [66076, 62858]
10, 3, 12.81, [66076, 70365]
10, 4, 9.82, [70193, 121382]
10, 5, 9.39, [46, 56239]
10, 6, 9.07, [70193, 94015]
10, 7, 8.86, [70364, 70194]
10, 8, 8.19, [70364, 284]
10, 9, 7.83, [70196, 11387]
11, 0, 13.88, [66076, 66167]
11, 1, 13.74, [66076, 282]
11, 2, 13.55, [66076, 56239]
11, 3, 12.44, [66076, 14199]
11, 4, 12.33, [70193, 66167]
11, 5, 12.18, [66076, 90]
11, 6, 8.59, [76776, 70365]
11, 7, 8.39, [70365, 66167]
11, 8, 7.49, [88, 1062]
11, 9, 7.39, [70195, 56239]
12, 0, 13.88, [66076, 66167]
12, 1, 13.74, [66076, 282]
12, 2, 12.45, [66076, 90]
12, 3, 11.71, [66076, 90]
12, 4, 9.96, [144434, 56240]
12, 5, 9.67, [70364, 282]
12, 6, 9.11, [70364, 90]
12, 7, 8.72, [66167, 94016]
12, 8, 7.84, [85838, 66167]
12, 9, 6.55, [93407, 90]
13, 0, 13.88, [66076, 66167]
13, 1, 13.74, [66076, 282]
13, 2, 10.9, [70193, 66167]
13, 3, 10.1, [70194, 66167]
13, 4, 9.42, [73932, 70199]
13, 5, 8.84, [70193, 821]
13, 6, 8.42, [100807, 98065]
13, 7, 7.5, [14197, 90]
13, 8, 6.96, [70195, 56239]
13, 9, 6.13, [47500, 283]
14, 0, 13.88, [66076, 66167]
14, 1, 13.74, [66076, 282]
14, 2, 13.68, [66076, 56239]
14, 3, 11.88, [66076, 66171]
14, 4, 11.24, [66076, 66169]
14, 5, 10.46, [70196, 66167]
14, 6, 8.47, [1061, 89]
14, 7, 6.2, [70198, 282]
14, 8, 5.83, [94017, 121382]
14, 9, 5.49, [76776, 42918]
15, 0, 13.88, [66076, 66167]
15, 1, 13.74, [66076, 282]
15, 2, 13.15, [66076, 283]
15, 3, 13.05, [66076, 46]
15, 4, 13.01, [66076, 56240]
15, 5, 8.7, [70196, 14200]
15, 6, 8.6, [70194, 86]
15, 7, 7.88, [66078, 285]
15, 8, 7.51, [94016, 279]
15, 9, 7.26, [96148, 56241]
16, 0, 13.88, [66076, 66167]
16, 1, 13.74, [66076, 282]
16, 2, 12.28, [66076, 56241]
16, 3, 9.52, [70193, 77088]
16, 4, 9.17, [70194, 46]
16, 5, 9.03, [70193, 80449]
16, 6, 8.44, [70194, 283]
16, 7, 6.07, [11388, 11387]
16, 8, 6.05, [76776, 40787]
16, 9, 6.01, [66169, 285]
17, 0, 13.88, [66076, 66167]
17, 1, 13.82, [66076, 62858]
17, 2, 13.74, [66076, 282]
17, 3, 11.43, [70193, 282]
17, 4, 9.87, [11388, 56241]
17, 5, 9.4, [70364, 46]
17, 6, 8.17, [70196, 90]
17, 7, 7.55, [66079, 80450]
17, 8, 7.27, [86, 94015]
17, 9, 6.0, [66079, 56241]
18, 0, 13.88, [66076, 66167]
18, 1, 13.82, [66076, 62858]
18, 2, 12.86, [66076, 127089]
18, 3, 9.75, [285, 144434]
18, 4, 9.0, [96147, 85839]
18, 5, 8.6, [70194, 62858]
18, 6, 7.69, [66167, 1062]
18, 7, 7.49, [70195, 56240]
18, 8, 6.74, [87, 93406]
18, 9, 5.96, [70194, 40787]
19, 0, 13.88, [66076, 66167]
19, 1, 13.82, [66076, 62858]
19, 2, 13.32, [66076, 66167]
19, 3, 13.03, [66076, 70193]
19, 4, 12.89, [66076, 100807]
19, 5, 8.77, [90, 89]
19, 6, 8.11, [90, 66167]
19, 7, 6.86, [56239, 66167]
19, 8, 6.45, [1062, 127089]
19, 9, 5.66, [14198, 70197]
20, 0, 13.88, [66076, 66167]
20, 1, 13.82, [66076, 62858]
20, 2, 11.05, [144434, 88]
20, 3, 9.51, [86, 70364]
20, 4, 8.76, [127088, 66167]
20, 5, 8.51, [46, 66079]
20, 6, 8.18, [62858, 283]
20, 7, 7.92, [59751, 100807]
20, 8, 7.87, [279, 14198]
20, 9, 6.15, [1061, 124712]
21, 0, 14.46, [73932, 66076]
21, 1, 13.88, [66076, 66167]
21, 2, 13.82, [66076, 62858]
21, 3, 12.73, [66076, 278]
21, 4, 12.58, [144434, 70193]
21, 5, 10.28, [144434, 56239]
21, 6, 8.12, [80449, 73932]
21, 7, 7.98, [90, 88]
21, 8, 6.81, [6376, 286]
21, 9, 6.7, [11387, 66079]
22, 0, 14.46, [73932, 66076]
22, 1, 13.88, [66076, 66167]
22, 2, 12.51, [66076, 94016]
22, 3, 11.67, [66076, 70199]
22, 4, 10.17, [66078, 66076]
22, 5, 9.84, [80450, 66167]
22, 6, 8.55, [144434, 66171]
22, 7, 7.75, [279, 96144]
22, 8, 6.69, [76776, 40787]
22, 9, 5.0, [81178, 91978]
23, 0, 14.46, [73932, 66076]
23, 1, 13.88, [66076, 66167]
23, 2, 10.46, [98065, 66167]
23, 3, 8.86, [86, 85839]
23, 4, 8.65, [70194, 70199]
23, 5, 7.29, [823, 66167]
23, 6, 7.16, [278, 59751]
23, 7, 6.93, [70196, 70198]
23, 8, 6.86, [93407, 90]
23, 9, 5.0, [96144, 96147]
24, 0, 14.46, [73932, 66076]
24, 1, 13.88, [66076, 66167]
24, 2, 10.46, [85839, 66167]
24, 3, 10.13, [86, 70196]
24, 4, 9.93, [98065, 70196]
24, 5, 9.61, [76776, 66167]
24, 6, 9.5, [70198, 66076]
24, 7, 8.94, [73932, 70199]
24, 8, 8.53, [76776, 85839]
24, 9, 8.04, [76776, 70199]
25, 0, 14.68, [11388, 66076]
25, 1, 14.46, [73932, 66076]
25, 2, 13.88, [66076, 66167]
25, 3, 13.3, [76776, 66076]
25, 4, 10.03, [47392, 66167]
25, 5, 10.01, [85839, 70196]
25, 6, 7.58, [87, 91978]
25, 7, 7.42, [285, 66171]
25, 8, 7.05, [98065, 70195]
25, 9, 6.78, [76776, 150655]
26, 0, 14.68, [11388, 66076]
26, 1, 14.46, [73932, 66076]
26, 2, 11.24, [11387, 66076]
26, 3, 10.37, [144434, 70194]
26, 4, 8.62, [73932, 66079]
26, 5, 8.02, [56241, 46]
26, 6, 7.91, [94016, 96148]
26, 7, 6.81, [40787, 70196]
26, 8, 6.53, [11925, 14201]
26, 9, 5.69, [14200, 14198]
27, 0, 14.68, [11388, 66076]
27, 1, 14.46, [73932, 66076]
27, 2, 13.89, [98062, 66076]
27, 3, 11.39, [11388, 98062]
27, 4, 10.45, [70193, 90]
27, 5, 10.06, [11388, 59751]
27, 6, 8.57, [76776, 96148]
27, 7, 7.77, [98065, 66079]
27, 8, 7.43, [73932, 70197]
27, 9, 5.97, [11387, 66079]
28, 0, 14.68, [11388, 66076]
28, 1, 14.46, [73932, 66076]
28, 2, 12.52, [76776, 66076]
28, 3, 10.31, [11388, 62858]
28, 4, 10.06, [66079, 66076]
28, 5, 9.8, [56239, 98062]
28, 6, 8.41, [62858, 14198]
28, 7, 8.01, [73932, 1060]
28, 8, 7.76, [73932, 96648]
28, 9, 6.22, [11925, 90]
29, 0, 14.68, [11388, 66076]
29, 1, 14.46, [73932, 66076]
29, 2, 11.52, [11925, 66076]
29, 3, 11.44, [66076, 85838]
29, 4, 8.84, [284, 47392]
29, 5, 8.33, [94016, 70364]
29, 6, 8.07, [85839, 14200]
29, 7, 7.89, [76776, 70195]
29, 8, 7.4, [70198, 98062]
29, 9, 7.33, [14200, 96144]
30, 0, 14.68, [11388, 66076]
30, 1, 14.67, [66076, 11388]
30, 2, 14.46, [73932, 66076]
30, 3, 11.05, [70193, 100807]
30, 4, 10.76, [11388, 70194]
30, 5, 10.62, [73932, 70194]
30, 6, 8.52, [85839, 94016]
30, 7, 8.32, [73932, 1060]
30, 8, 7.44, [14200, 76776]
30, 9, 6.37, [127088, 93407]
31, 0, 14.68, [11388, 66076]
31, 1, 14.67, [66076, 11388]
31, 2, 12.88, [76776, 66076]
31, 3, 12.53, [70199, 66076]
31, 4, 11.85, [12067, 66076]
31, 5, 10.78, [11388, 70194]
31, 6, 9.62, [11388, 127088]
31, 7, 7.9, [150655, 11388]
31, 8, 7.18, [62858, 94015]
31, 9, 5.48, [127088, 86543]
32, 0, 14.68, [11388, 66076]
32, 1, 14.67, [66076, 11388]
32, 2, 9.52, [76776, 70196]
32, 3, 9.32, [66076, 70197]
32, 4, 8.63, [283, 70194]
32, 5, 8.26, [94016, 62858]
32, 6, 8.23, [70199, 70193]
32, 7, 6.65, [96147, 6376]
32, 8, 6.51, [94017, 62858]
32, 9, 6.34, [93406, 56241]
33, 0, 14.68, [11388, 66076]
33, 1, 14.67, [66076, 11388]
33, 2, 14.38, [88, 66076]
33, 3, 9.47, [70196, 14197]
33, 4, 8.96, [56241, 70196]
33, 5, 8.9, [96148, 70196]
33, 6, 8.65, [113478, 66076]
33, 7, 7.36, [70364, 12067]
33, 8, 7.32, [76776, 70195]
33, 9, 7.06, [11388, 113478]
34, 0, 15.05, [11388, 66076]
34, 1, 14.68, [11388, 66076]
34, 2, 14.67, [66076, 11388]
34, 3, 11.54, [11925, 66076]
34, 4, 9.67, [66079, 66076]
34, 5, 7.44, [282, 94016]
34, 6, 7.0, [85838, 85839]
34, 7, 6.75, [90, 278]
34, 8, 6.61, [70199, 70198]
34, 9, 6.21, [823, 73931]
35, 0, 15.05, [11388, 66076]
35, 1, 14.68, [11388, 66076]
35, 2, 12.42, [56241, 66076]
35, 3, 11.67, [11925, 66076]
35, 4, 11.26, [821, 66076]
35, 5, 11.2, [66076, 77088]
35, 6, 9.01, [56239, 96144]
35, 7, 8.8, [11388, 148118]
35, 8, 8.7, [70364, 70194]
35, 9, 8.64, [70194, 62858]
36, 0, 15.05, [11388, 66076]
36, 1, 14.68, [11388, 66076]
36, 2, 12.2, [70365, 66076]
36, 3, 10.04, [11388, 100807]
36, 4, 9.97, [11388, 59751]
36, 5, 7.22, [13042, 70365]
36, 6, 7.05, [11388, 42918]
36, 7, 6.55, [11925, 56241]
36, 8, 5.8, [59751, 86543]
36, 9, 5.32, [96648, 279]
37, 0, 15.05, [11388, 66076]
37, 1, 14.68, [11388, 66076]
37, 2, 13.47, [100807, 66076]
37, 3, 12.65, [284, 66076]
37, 4, 9.0, [100807, 85839]
37, 5, 8.64, [86, 85839]
37, 6, 7.82, [98065, 124712]
37, 7, 7.39, [89, 86543]
37, 8, 6.54, [70365, 70195]
37, 9, 6.53, [87, 86]
38, 0, 15.05, [11388, 66076]
38, 1, 14.68, [11388, 66076]
38, 2, 11.95, [70364, 66076]
38, 3, 9.0, [96148, 47392]
38, 4, 8.38, [85839, 90]
38, 5, 7.64, [100807, 66079]
38, 6, 6.7, [40787, 66167]
38, 7, 6.46, [221360, 80450]
38, 8, 6.19, [11387, 70195]
38, 9, 6.1, [96144, 12067]
39, 0, 15.05, [11388, 66076]
39, 1, 14.94, [89, 66076]
39, 2, 14.68, [11388, 66076]
39, 3, 13.35, [47392, 66076]
39, 4, 12.9, [66076, 14199]
39, 5, 12.2, [11925, 66076]
39, 6, 10.45, [70193, 124712]
39, 7, 8.33, [11388, 1063]
39, 8, 7.87, [11387, 47392]
39, 9, 6.54, [11387, 90]
40, 0, 15.05, [11388, 66076]
40, 1, 14.94, [89, 66076]
40, 2, 13.24, [66076, 285]
40, 3, 11.99, [90, 66076]
40, 4, 9.54, [11388, 90]
40, 5, 7.83, [47392, 70195]
40, 6, 6.57, [46, 86543]
40, 7, 6.49, [823, 80450]
40, 8, 5.13, [66169, 93407]
40, 9, 4.64, [66078, 14223]
41, 0, 15.05, [11388, 66076]
41, 1, 14.94, [89, 66076]
41, 2, 13.09, [96147, 66076]
41, 3, 9.94, [98065, 88]
41, 4, 9.09, [11388, 70195]
41, 5, 8.93, [89, 66079]
41, 6, 8.14, [127089, 14197]
41, 7, 6.75, [11387, 285]
41, 8, 5.9, [280, 1061]
41, 9, 5.8, [6376, 85838]
42, 0, 15.05, [11388, 66076]
42, 1, 14.94, [89, 66076]
42, 2, 10.91, [89, 70196]
42, 3, 10.85, [11388, 70194]
42, 4, 9.77, [89, 62858]
42, 5, 9.12, [96147, 70196]
42, 6, 8.73, [11388, 148118]
42, 7, 8.3, [96148, 286]
42, 8, 7.15, [121382, 59751]
42, 9, 6.63, [40788, 56240]
43, 0, 15.05, [11388, 66076]
43, 1, 14.94, [89, 66076]
43, 2, 13.26, [46, 66076]
43, 3, 12.28, [89, 70193]
43, 4, 10.98, [85839, 70193]
43, 5, 10.48, [11388, 70194]
43, 6, 8.42, [96147, 70194]
43, 7, 8.33, [14198, 76776]
43, 8, 7.06, [11388, 113478]
43, 9, 6.97, [66171, 148118]
44, 0, 15.05, [11388, 66076]
44, 1, 14.94, [89, 66076]
44, 2, 12.0, [46, 70193]
44, 3, 9.52, [89, 70194]
44, 4, 9.37, [89, 284]
44, 5, 9.33, [62858, 46]
44, 6, 8.91, [279, 70196]
44, 7, 8.86, [11388, 93407]
44, 8, 7.17, [62858, 70195]
44, 9, 6.98, [283, 86]
45, 0, 15.05, [11388, 66076]
45, 1, 14.94, [89, 66076]
45, 2, 13.73, [88, 66076]
45, 3, 13.09, [86, 66076]
45, 4, 11.91, [86, 70193]
45, 5, 9.15, [70193, 66170]
45, 6, 8.64, [279, 70364]
45, 7, 8.5, [11388, 94015]
45, 8, 7.37, [148118, 56240]
45, 9, 6.36, [94016, 1063]
46, 0, 15.05, [11388, 66076]
46, 1, 14.94, [89, 66076]
46, 2, 12.89, [14198, 66076]
46, 3, 9.23, [282, 70194]
46, 4, 7.96, [821, 11388]
46, 5, 7.69, [73931, 70365]
46, 6, 6.97, [14198, 98063]
46, 7, 6.62, [70199, 70195]
46, 8, 6.4, [70195, 278]
46, 9, 5.24, [286, 1062]
47, 0, 15.05, [11388, 66076]
47, 1, 14.94, [89, 66076]
47, 2, 12.96, [89, 70193]
47, 3, 11.93, [283, 66076]
47, 4, 9.52, [66076, 70198]
47, 5, 8.22, [282, 70194]
47, 6, 8.07, [11388, 70198]
47, 7, 8.06, [89, 70195]
47, 8, 7.47, [11387, 70194]
47, 9, 7.18, [11925, 70194]
48, 0, 15.05, [11388, 66076]
48, 1, 14.94, [89, 66076]
48, 2, 13.29, [86, 66076]
48, 3, 12.43, [90, 66076]
48, 4, 11.18, [11388, 76776]
48, 5, 10.56, [88, 76776]
48, 6, 9.85, [11388, 66167]
48, 7, 9.31, [11387, 70193]
48, 8, 7.68, [279, 96144]
48, 9, 6.48, [126458, 279]
49, 0, 15.05, [11388, 66076]
49, 1, 15.03, [11388, 66076]
49, 2, 14.94, [89, 66076]
49, 3, 12.24, [76776, 66076]
49, 4, 9.81, [11388, 283]
49, 5, 9.45, [96144, 88]
49, 6, 8.49, [88, 70365]
49, 7, 8.22, [89, 70195]
49, 8, 7.83, [47392, 70195]
49, 9, 6.74, [90, 66078]
50, 0, 15.05, [11388, 66076]
50, 1, 15.03, [11388, 66076]
50, 2, 13.07, [91978, 66076]
50, 3, 10.59, [11388, 70194]
50, 4, 7.88, [285, 96144]
50, 5, 7.46, [81178, 70193]
50, 6, 7.01, [11387, 279]
50, 7, 6.76, [1060, 94016]
50, 8, 5.51, [94015, 96147]
50, 9, 5.48, [284, 150655]
