generation number, pop_size, worst, best, median, avg, std, diversity, improvement, number_of_selections
0, 10, 3.03, 3.18, 3.08, 3.091, 0.042532340636273536,0.962962962962963,0,[1.e-300]
1, 10, 3.07, 3.19, 3.1399999999999997, 3.1310000000000002, 0.04182104733265298,0.8074074074074074,0.0031446540880502474,[10.]
2, 10, 3.09, 3.19, 3.135, 3.141, 0.035341194094144615,0.7703703703703704,0.0,[20.]
3, 10, 3.08, 3.19, 3.105, 3.1229999999999998, 0.03796050579220458,0.6888888888888889,0.0,[30.]
4, 10, 3.05, 3.19, 3.105, 3.1100000000000003, 0.04626013402488153,0.8666666666666667,0.0,[40.]
5, 10, 3.07, 3.21, 3.115, 3.1270000000000002, 0.04920365840057017,0.725925925925926,0.006269592476489034,[50.]
6, 10, 3.07, 3.21, 3.135, 3.1379999999999995, 0.04489988864128733,0.8148148148148149,0.0,[60.]
7, 10, 3.06, 3.21, 3.16, 3.138, 0.05015974481593784,0.7481481481481481,0.0,[70.]
8, 10, 3.06, 3.21, 3.075, 3.104, 0.05295280917949492,0.837037037037037,0.0,[80.]
9, 10, 3.07, 3.21, 3.15, 3.136, 0.044988887516808004,0.8074074074074074,0.0,[90.]
10, 10, 3.05, 3.21, 3.125, 3.121, 0.054671747731346594,0.9111111111111111,0.0,[100.]
