generation number, individual number, fitness, candidate
0, 0, 3.18, [87, 11925, 65897]
0, 1, 3.15, [144434, 283, 66170]
0, 2, 3.1, [150654, 150653, 123524]
0, 3, 3.1, [91277, 150654, 279]
0, 4, 3.09, [33297, 33298, 127089]
0, 5, 3.07, [11926, 73703, 56239]
0, 6, 3.07, [134362, 88, 80661]
0, 7, 3.06, [11388, 823, 33298]
0, 8, 3.06, [66169, 33298, 123524]
0, 9, 3.03, [127088, 80662, 221360]
1, 0, 3.19, [11388, 150653, 65897]
1, 1, 3.18, [87, 11925, 65897]
1, 2, 3.17, [144434, 283, 66059]
1, 3, 3.15, [1063, 150653, 65897]
1, 4, 3.15, [144434, 283, 66170]
1, 5, 3.13, [87, 11925, 11387]
1, 6, 3.11, [87, 150653, 91276]
1, 7, 3.08, [91277, 11925, 65897]
1, 8, 3.08, [118602, 280, 65897]
1, 9, 3.07, [87, 144434, 123524]
2, 0, 3.19, [87, 150653, 10375]
2, 1, 3.19, [11388, 150653, 65897]
2, 2, 3.18, [87, 11925, 65897]
2, 3, 3.16, [144434, 87, 65897]
2, 4, 3.14, [150652, 285, 1063]
2, 5, 3.13, [144434, 118602, 65897]
2, 6, 3.12, [87, 88, 66059]
2, 7, 3.11, [87, 11925, 14223]
2, 8, 3.1, [11388, 127089, 65897]
2, 9, 3.09, [150015, 11925, 65897]
3, 0, 3.19, [87, 150653, 10375]
3, 1, 3.19, [11388, 150653, 65897]
3, 2, 3.15, [11388, 66166, 10375]
3, 3, 3.12, [87, 150653, 66166]
3, 4, 3.11, [100807, 150653, 65897]
3, 5, 3.1, [98063, 150653, 10375]
3, 6, 3.1, [87, 11925, 88]
3, 7, 3.1, [70638, 150653, 10375]
3, 8, 3.09, [284, 150653, 10375]
3, 9, 3.08, [87, 12067, 65897]
4, 0, 3.19, [87, 150653, 10375]
4, 1, 3.19, [11388, 150653, 65897]
4, 2, 3.13, [31634, 285, 150655]
4, 3, 3.11, [56241, 91277, 10375]
4, 4, 3.11, [87, 1062, 65897]
4, 5, 3.1, [148118, 6376, 558]
4, 6, 3.09, [87, 285, 80662]
4, 7, 3.07, [91276, 150653, 134362]
4, 8, 3.06, [11388, 118602, 10375]
4, 9, 3.05, [87, 66059, 10375]
5, 0, 3.21, [11388, 150653, 56239]
5, 1, 3.19, [87, 150653, 10375]
5, 2, 3.19, [11388, 150653, 65897]
5, 3, 3.13, [87, 86, 65897]
5, 4, 3.12, [31634, 87, 65897]
5, 5, 3.11, [56241, 150653, 70639]
5, 6, 3.09, [6376, 65899, 65897]
5, 7, 3.08, [87, 150653, 14223]
5, 8, 3.08, [11388, 150653, 144434]
5, 9, 3.07, [98062, 150653, 10375]
6, 0, 3.21, [11388, 150653, 56239]
6, 1, 3.19, [87, 150653, 10375]
6, 2, 3.18, [87, 56237, 56239]
6, 3, 3.16, [11388, 1060, 10375]
6, 4, 3.15, [90, 1061, 56239]
6, 5, 3.12, [56241, 65901, 56239]
6, 6, 3.11, [71858, 150653, 56239]
6, 7, 3.11, [221360, 150653, 66171]
6, 8, 3.08, [1063, 150653, 156909]
6, 9, 3.07, [11388, 70638, 823]
7, 0, 3.21, [11388, 150653, 56239]
7, 1, 3.19, [87, 150653, 10375]
7, 2, 3.18, [279, 150653, 56239]
7, 3, 3.16, [11388, 150653, 80656]
7, 4, 3.16, [66169, 150653, 86]
7, 5, 3.16, [283, 279, 56239]
7, 6, 3.09, [11388, 87, 144434]
7, 7, 3.09, [98062, 150653, 56239]
7, 8, 3.08, [98065, 150652, 80450]
7, 9, 3.06, [87, 150653, 118606]
8, 0, 3.21, [11388, 150653, 56239]
8, 1, 3.19, [87, 150653, 10375]
8, 2, 3.14, [87, 1063, 56239]
8, 3, 3.09, [80656, 150653, 10375]
8, 4, 3.08, [11925, 66171, 80656]
8, 5, 3.07, [11388, 66059, 10375]
8, 6, 3.07, [87, 77358, 10375]
8, 7, 3.07, [11388, 70639, 285]
8, 8, 3.06, [144434, 284, 46]
8, 9, 3.06, [91276, 150653, 56239]
9, 0, 3.21, [11388, 150653, 56239]
9, 1, 3.19, [87, 150653, 10375]
9, 2, 3.16, [87, 150653, 73703]
9, 3, 3.15, [284, 150653, 56239]
9, 4, 3.15, [71858, 150652, 284]
9, 5, 3.15, [90, 66167, 10375]
9, 6, 3.11, [80656, 282, 144434]
9, 7, 3.1, [87, 56237, 10375]
9, 8, 3.07, [87, 73703, 10375]
9, 9, 3.07, [80656, 1063, 87]
10, 0, 3.21, [11388, 150653, 56239]
10, 1, 3.19, [87, 150653, 10375]
10, 2, 3.15, [87, 62858, 1062]
10, 3, 3.15, [87, 150653, 281]
10, 4, 3.15, [90, 66167, 33296]
10, 5, 3.1, [11388, 65899, 46]
10, 6, 3.1, [148118, 100140, 56239]
10, 7, 3.06, [65900, 221360, 100140]
10, 8, 3.05, [118606, 70640, 100140]
10, 9, 3.05, [12067, 77358, 10375]
