generation number, individual number, fitness, candidate
0, 0, 11.49, [70193, 85839]
0, 1, 10.71, [70193, 94016]
0, 2, 9.56, [47392, 86]
0, 3, 7.84, [86, 14198]
0, 4, 7.68, [80450, 94016]
0, 5, 7.6, [91978, 14198]
0, 6, 6.4, [66169, 91978]
0, 7, 6.1, [284, 90]
0, 8, 5.5, [14200, 66170]
0, 9, 4.0, [86543, 558]
1, 0, 11.49, [70193, 85839]
1, 1, 10.99, [70193, 90]
1, 2, 10.8, [70193, 14197]
1, 3, 10.75, [89, 85839]
1, 4, 10.71, [70193, 94016]
1, 5, 9.68, [46, 85839]
1, 6, 9.36, [76776, 86]
1, 7, 8.43, [70193, 126458]
1, 8, 7.94, [70199, 86]
1, 9, 7.39, [47392, 1060]
2, 0, 11.49, [70193, 85839]
2, 1, 10.99, [70193, 90]
2, 2, 9.72, [56239, 47392]
2, 3, 9.32, [47392, 80450]
2, 4, 7.15, [12067, 47392]
2, 5, 7.11, [14201, 59751]
2, 6, 7.09, [281, 47392]
2, 7, 6.66, [87, 90]
2, 8, 6.15, [66079, 77088]
2, 9, 5.9, [40787, 66171]
3, 0, 11.49, [70193, 85839]
3, 1, 11.17, [56239, 70193]
3, 2, 10.99, [70193, 90]
3, 3, 10.75, [70193, 73931]
3, 4, 10.18, [81178, 66076]
3, 5, 10.09, [11388, 130282]
3, 6, 10.0, [56239, 47392]
3, 7, 9.75, [70193, 98063]
3, 8, 7.85, [70193, 42918]
3, 9, 7.0, [73931, 85839]
4, 0, 11.49, [70193, 85839]
4, 1, 11.17, [56239, 70193]
4, 2, 9.12, [56239, 286]
4, 3, 8.29, [77088, 76776]
4, 4, 7.34, [70198, 47392]
4, 5, 6.08, [14223, 85839]
4, 6, 5.58, [221360, 14197]
4, 7, 5.49, [66079, 1062]
4, 8, 5.21, [66079, 56237]
4, 9, 4.97, [1927, 14197]
5, 0, 11.49, [70193, 85839]
5, 1, 11.17, [56239, 70193]
5, 2, 9.78, [62858, 76776]
5, 3, 9.13, [73932, 66079]
5, 4, 9.01, [59751, 85839]
5, 5, 8.54, [76776, 14198]
5, 6, 7.71, [80450, 90]
5, 7, 7.53, [280, 47392]
5, 8, 7.34, [284, 70199]
5, 9, 6.5, [93406, 76776]
6, 0, 12.84, [62858, 66076]
6, 1, 11.49, [70193, 85839]
6, 2, 11.17, [56239, 70193]
6, 3, 10.25, [70194, 73932]
6, 4, 9.87, [62858, 47392]
6, 5, 9.34, [56240, 76776]
6, 6, 9.21, [66079, 76776]
6, 7, 9.01, [283, 85839]
6, 8, 8.48, [73932, 14200]
6, 9, 8.2, [70193, 821]
7, 0, 12.84, [62858, 66076]
7, 1, 11.54, [70193, 47392]
7, 2, 11.49, [70193, 85839]
7, 3, 11.35, [70364, 66076]
7, 4, 11.07, [70193, 70194]
7, 5, 10.12, [62858, 47392]
7, 6, 9.79, [62858, 47392]
7, 7, 9.52, [66079, 66076]
7, 8, 9.46, [70198, 66076]
7, 9, 9.17, [62858, 76776]
8, 0, 13.11, [66167, 66076]
8, 1, 12.84, [62858, 66076]
8, 2, 12.17, [94016, 66076]
8, 3, 11.54, [70193, 47392]
8, 4, 11.05, [70193, 70194]
8, 5, 9.58, [62858, 47392]
8, 6, 9.5, [88, 73931]
8, 7, 8.0, [85838, 70194]
8, 8, 7.82, [59751, 14201]
8, 9, 5.89, [70365, 823]
9, 0, 13.89, [56239, 66076]
9, 1, 13.11, [66167, 66076]
9, 2, 12.84, [62858, 66076]
9, 3, 11.1, [66076, 56237]
9, 4, 9.5, [86, 62858]
9, 5, 9.36, [62858, 70194]
9, 6, 7.77, [59751, 96144]
9, 7, 7.7, [85839, 6376]
9, 8, 7.14, [96144, 14200]
9, 9, 5.99, [47500, 70365]
10, 0, 13.89, [56239, 66076]
10, 1, 13.11, [66167, 66076]
10, 2, 13.0, [14197, 66076]
10, 3, 8.83, [66167, 127088]
10, 4, 8.45, [70199, 96148]
10, 5, 8.28, [73932, 77088]
10, 6, 7.43, [66167, 70197]
10, 7, 7.39, [66079, 56241]
10, 8, 6.63, [56239, 86543]
10, 9, 6.06, [40787, 56239]
