n_nodes,influence,n0,n1,n2,n3,n4,n5,n6
7,184.7000,2565,1549,766,11,1166,457,2688
7,184.7000,2565,1549,766,11,1166,457,2688
7,184.5800,2565,1549,766,11,1166,457,2688
7,184.5800,2565,1549,766,11,1166,457,2688
7,184.5800,2565,1549,766,11,1166,457,2688
7,184.2600,2565,1549,766,11,1166,457,2688
7,184.2600,2565,1549,766,11,1166,457,2688
7,184.2600,2565,1549,766,11,1166,457,2688
7,184.2600,2565,1549,766,11,1166,457,2688
7,184.2600,2565,1549,766,11,1166,457,2688
7,184.2600,2565,1549,766,11,1166,457,2688
7,184.2600,2565,1549,766,11,1166,457,2688
7,184.2600,2565,1549,766,11,1166,457,2688
7,184.2600,2565,1549,766,11,1166,457,2688
7,183.6100,2565,1549,766,11,1166,457,2688
7,182.7500,2565,1549,766,11,1166,457,2688
