generation number, individual number, fitness, candidate
0, 0, 2.03, [1141, 1064]
0, 1, 2.01, [5684, 749]
0, 2, 2.01, [1064, 697]
0, 3, 2.01, [1715, 1475]
0, 4, 2.0, [3124, 645]
0, 5, 2.0, [1226, 1695]
0, 6, 2.0, [831, 1347]
0, 7, 2.0, [2094, 1040]
0, 8, 2.0, [2094, 1212]
0, 9, 2.0, [1906, 2094]
1, 0, 2.04, [1225, 1990]
1, 1, 2.03, [6917, 1475]
1, 2, 2.03, [1368, 751]
1, 3, 2.03, [1146, 1990]
1, 4, 2.03, [1141, 1064]
1, 5, 2.02, [717, 1064]
1, 6, 2.02, [1402, 749]
1, 7, 2.01, [5684, 1146]
1, 8, 2.01, [1141, 314]
1, 9, 2.01, [5684, 749]
2, 0, 2.21, [1509, 775]
2, 1, 2.06, [1125, 1990]
2, 2, 2.04, [905, 1990]
2, 3, 2.04, [1225, 1990]
2, 4, 2.03, [6917, 1475]
2, 5, 2.02, [1368, 585]
2, 6, 2.01, [1403, 1497]
2, 7, 2.0, [1402, 751]
2, 8, 2.0, [1212, 1990]
2, 9, 2.0, [1311, 1279]
3, 0, 2.21, [1509, 775]
3, 1, 2.17, [1509, 1906]
3, 2, 2.1, [1401, 1990]
3, 3, 2.09, [1509, 3662]
3, 4, 2.08, [1480, 1906]
3, 5, 2.06, [1125, 1990]
3, 6, 2.03, [1328, 1430]
3, 7, 2.01, [1378, 785]
3, 8, 2.01, [970, 326]
3, 9, 2.01, [1767, 1990]
4, 0, 2.21, [1509, 775]
4, 1, 2.18, [1509, 1518]
4, 2, 2.17, [1509, 1906]
4, 3, 2.13, [1509, 1368]
4, 4, 2.04, [1064, 1332]
4, 5, 2.03, [1990, 775]
4, 6, 2.01, [1028, 975]
4, 7, 2.01, [1475, 1695]
4, 8, 2.0, [1040, 1064]
4, 9, 2.0, [1368, 3662]
5, 0, 2.21, [1509, 775]
5, 1, 2.18, [1509, 1518]
5, 2, 2.17, [1475, 1509]
5, 3, 2.14, [1509, 1906]
5, 4, 2.09, [1351, 1332]
5, 5, 2.02, [749, 1906]
5, 6, 2.01, [1827, 1518]
5, 7, 2.01, [1401, 831]
5, 8, 2.01, [521, 1107]
5, 9, 2.0, [1064, 4227]
6, 0, 2.23, [1509, 3662]
6, 1, 2.21, [1509, 775]
6, 2, 2.18, [1509, 1518]
6, 3, 2.13, [1509, 1247]
6, 4, 2.13, [1509, 1906]
6, 5, 2.05, [1332, 1058]
6, 6, 2.03, [1028, 695]
6, 7, 2.01, [421, 1279]
6, 8, 2.0, [1212, 1906]
6, 9, 2.0, [1157, 1619]
7, 0, 2.23, [1509, 3662]
7, 1, 2.21, [1509, 775]
7, 2, 2.05, [1091, 775]
7, 3, 2.04, [1990, 775]
7, 4, 2.04, [1328, 1518]
7, 5, 2.04, [1350, 1906]
7, 6, 2.03, [1347, 2320]
7, 7, 2.03, [788, 585]
7, 8, 2.03, [751, 1935]
7, 9, 2.02, [1401, 1078]
8, 0, 2.23, [1509, 3662]
8, 1, 2.21, [1509, 775]
8, 2, 2.06, [1425, 1350]
8, 3, 2.03, [1157, 1480]
8, 4, 2.03, [1351, 775]
8, 5, 2.02, [1403, 785]
8, 6, 2.02, [1224, 1226]
8, 7, 2.01, [140, 1378]
8, 8, 2.0, [1149, 1652]
8, 9, 2.0, [3662, 788]
9, 0, 2.23, [1509, 3662]
9, 1, 2.21, [1509, 775]
9, 2, 2.18, [1509, 1497]
9, 3, 2.07, [1224, 421]
9, 4, 2.06, [1695, 1350]
9, 5, 2.04, [749, 1442]
9, 6, 2.04, [1437, 1480]
9, 7, 2.03, [320, 1224]
9, 8, 2.01, [1715, 1402]
9, 9, 2.0, [1695, 1225]
10, 0, 2.23, [1509, 3662]
10, 1, 2.21, [1509, 775]
10, 2, 2.2, [1509, 1906]
10, 3, 2.1, [1350, 1497]
10, 4, 2.1, [1509, 645]
10, 5, 2.08, [1509, 421]
10, 6, 2.04, [785, 717]
10, 7, 2.02, [1224, 1025]
10, 8, 2.01, [2377, 2320]
10, 9, 2.01, [1518, 775]
