n_nodes,influence,n0,n1,n2,n3,n4,n5,n6,n7,n8,n9,n10,n11,n12,n13,n14,n15,n16
17,2240.4500,61152,2561,28932,12294,2153,26666,54122,70288,47311,13072,23218,2067,25623,28409,42940,42526,20255
17,2232.6900,61152,2561,28932,12294,26666,54122,13072,2153,23218,48011,47311,2067,25623,28409,42940,42526,20255
17,2232.6900,61152,2561,28932,12294,26666,54122,13072,2153,23218,48011,47311,2067,25623,28409,42940,42526,20255
17,2223.5200,61152,2561,28932,12294,26666,54122,13072,2153,23218,48011,47311,2067,25623,28409,42940,42526,20255
17,2223.1700,61152,2561,28932,12294,26666,54122,13072,2153,23218,48011,47311,2067,25623,28409,42940,42526,20255
17,2210.2500,61152,2561,28932,12294,26666,54122,13072,2153,23218,48011,47311,2067,25623,28409,42940,42526,20255
17,2210.2500,61152,2561,28932,12294,26666,54122,13072,2153,23218,48011,47311,2067,25623,28409,42940,42526,20255
17,2210.2500,61152,2561,28932,12294,26666,54122,13072,2153,23218,48011,47311,2067,25623,28409,42940,42526,20255
17,2209.5200,61152,2561,28932,67612,2153,26666,54122,48011,47311,13072,23218,2067,25623,28409,42940,42526,20255
17,2207.2800,61152,2561,28932,12294,2153,26666,54122,48011,32964,13072,23218,2067,25623,28409,42940,42526,20255
17,2201.6200,61152,2561,28932,12294,26666,54122,13072,2153,23218,48011,47311,2067,25623,28409,42940,42526,20255
17,2201.6200,61152,2561,28932,12294,26666,54122,13072,2153,23218,48011,47311,2067,25623,28409,42940,42526,20255
17,2196.6400,61152,2561,28932,12294,26666,54122,13072,2153,23218,48011,47311,2067,25623,28409,42940,42526,20255
17,2194.3800,61152,2561,28932,12294,26666,54122,13072,2153,23218,48011,47311,2067,25623,28409,42940,42526,20255
17,2193.4400,61152,2561,28932,12294,26666,54122,13072,2153,23218,48011,47311,2067,25623,28409,42940,42526,20255
17,2192.9000,61152,2561,28932,12294,26666,54122,13072,2153,23218,48011,47311,2067,25623,28409,42940,42526,20255
