generation number, pop_size, worst, best, median, avg, std, diversity, improvement, number_of_selections
0, 10, 5.53, 9.06, 7.0, 7.162999999999999, 1.0864165867658686,0.9777777777777777,0,[1.e-300]
1, 10, 6.62, 10.56, 8.635, 8.606000000000002, 0.9173897753953879,0.9222222222222223,0.16556291390728475,[1.e-300]
2, 10, 5.85, 11.15, 8.940000000000001, 8.718, 1.520064472316882,0.8555555555555555,0.055871212121212106,[1.e-300]
3, 10, 7.8, 11.15, 9.004999999999999, 9.316, 1.2535086756779945,0.7888888888888889,0.0,[1.e-300]
4, 10, 7.88, 11.38, 10.02, 9.725, 1.392941132998807,0.9222222222222223,0.020627802690582998,[1.e-300]
5, 10, 5.45, 11.38, 9.030000000000001, 8.78, 1.986121849232821,0.9222222222222223,0.0,[1.e-300]
6, 10, 7.28, 11.76, 10.43, 10.022, 1.5107071191994825,0.8111111111111111,0.033391915641476186,[1.e-300]
7, 10, 6.11, 11.76, 9.3, 9.026, 2.012829848745293,0.8666666666666667,0.0,[1.e-300]
8, 10, 5.66, 11.76, 8.805, 8.956, 2.381743898911048,0.8888888888888888,0.0,[1.e-300]
9, 10, 6.37, 11.76, 9.57, 9.637, 1.6966735101368207,0.9222222222222223,0.0,[1.e-300]
10, 10, 6.01, 11.76, 7.375, 8.327, 2.065681727662807,0.8444444444444444,0.0,[1.e-300]
