generation number, pop_size, worst, best, median, avg, std, diversity, improvement, number_of_selections
0, 10, 2.01, 2.11, 2.035, 2.0439999999999996, 0.02973213749463707,0.9444444444444444,0,[1.e-300]
1, 10, 2.03, 2.13, 2.0599999999999996, 2.069, 0.03176476034853722,0.9111111111111111,0.009478672985782,[1.e-300]
2, 10, 2.01, 2.13, 2.06, 2.06, 0.037416573867739396,0.9333333333333333,0.0,[1.e-300]
3, 10, 2.02, 2.13, 2.04, 2.0610000000000004, 0.04182104733265296,0.9111111111111111,0.0,[1.e-300]
4, 10, 2.02, 2.13, 2.035, 2.059, 0.0452658811910251,0.8666666666666667,0.0,[1.e-300]
5, 10, 2.02, 2.13, 2.045, 2.062, 0.03969886648255838,0.8888888888888888,0.0,[1.e-300]
6, 10, 2.04, 2.16, 2.06, 2.083, 0.04001249804748513,0.8333333333333333,0.01408450704225364,[1.e-300]
7, 10, 2.02, 2.16, 2.075, 2.079, 0.042296571965113244,0.8333333333333333,0.0,[1.e-300]
8, 10, 2.0, 2.16, 2.04, 2.0580000000000003, 0.05455272678794345,0.9333333333333333,0.0,[1.e-300]
9, 10, 2.01, 2.16, 2.06, 2.065, 0.0535256947642906,0.9111111111111111,0.0,[1.e-300]
10, 10, 2.0, 2.16, 2.045, 2.061, 0.04825971404805465,0.9111111111111111,0.0,[1.e-300]
