num_genrations,diversity,improvement,best_fitness
0,1.0,0,662.7100000000023
1,0.7119047619047619,0.14852650480601887,761.1399999999994
2,0.555952380952381,0.36825025619465923,1041.430000000002
3,0.5261904761904762,0.0,1041.430000000002
4,0.05238095238095242,0.05020980766830188,1093.7200000000018
5,0.10952380952380947,0.0,1093.7200000000018
6,0.14880952380952372,0.0,1093.7200000000018
7,0.07023809523809521,0.5803496324470613,1728.4600000000028
8,0.017857142857142794,0.007480647512812796,1741.3899999999992
9,0.10119047619047616,0.0,1741.3899999999992
10,0.16785714285714282,0.0,1741.3899999999992
