generation number, individual number, fitness, candidate
0, 0, 13.66, [277, 3716, 275]
0, 1, 13.16, [226, 615, 2711]
0, 2, 12.0, [226, 154, 2065]
0, 3, 11.89, [159, 260, 302]
0, 4, 11.63, [1086, 91, 2530]
0, 5, 9.94, [2712, 302, 2593]
0, 6, 9.17, [81, 275, 1080]
0, 7, 7.57, [2770, 149, 2530]
0, 8, 6.52, [2065, 149, 2711]
0, 9, 6.47, [76, 343, 2513]
1, 0, 22.12, [226, 295, 2065]
1, 1, 21.69, [277, 279, 2711]
1, 2, 15.85, [277, 2597, 261]
1, 3, 13.66, [277, 3716, 275]
1, 4, 13.56, [226, 154, 2513]
1, 5, 13.16, [226, 615, 2711]
1, 6, 12.03, [3716, 615, 2711]
1, 7, 11.79, [226, 154, 2065]
1, 8, 11.4, [226, 3716, 81]
1, 9, 10.42, [300, 3716, 275]
2, 0, 22.64, [260, 295, 380]
2, 1, 22.13, [615, 295, 2596]
2, 2, 22.12, [226, 295, 2065]
2, 3, 21.69, [277, 279, 2711]
2, 4, 17.53, [277, 279, 76]
2, 5, 16.58, [283, 295, 275]
2, 6, 14.87, [277, 343, 2065]
2, 7, 14.1, [260, 2597, 2711]
2, 8, 13.6, [2530, 279, 2065]
2, 9, 12.73, [226, 274, 2711]
3, 0, 23.32, [615, 279, 295]
3, 1, 22.64, [260, 295, 380]
3, 2, 22.29, [261, 295, 2596]
3, 3, 22.13, [615, 295, 2596]
3, 4, 21.61, [260, 295, 279]
3, 5, 21.22, [615, 295, 274]
3, 6, 18.76, [2525, 295, 278]
3, 7, 18.27, [541, 295, 283]
3, 8, 16.94, [615, 77, 380]
3, 9, 13.86, [259, 874, 1087]
4, 0, 26.35, [615, 259, 295]
4, 1, 25.79, [1095, 295, 279]
4, 2, 24.59, [615, 295, 3155]
4, 3, 23.54, [260, 295, 2711]
4, 4, 23.32, [615, 279, 295]
4, 5, 22.65, [380, 295, 2596]
4, 6, 22.64, [260, 295, 380]
4, 7, 21.67, [274, 295, 380]
4, 8, 21.48, [615, 4602, 295]
4, 9, 21.16, [260, 295, 222]
5, 0, 26.35, [615, 259, 295]
5, 1, 25.91, [81, 295, 279]
5, 2, 25.79, [1095, 295, 279]
5, 3, 22.29, [104, 295, 3155]
5, 4, 21.45, [615, 2525, 295]
5, 5, 21.16, [615, 295, 278]
5, 6, 20.5, [295, 1080, 275]
5, 7, 17.59, [615, 302, 269]
5, 8, 16.9, [1095, 1811, 259]
5, 9, 12.12, [615, 259, 541]
6, 0, 26.35, [615, 259, 295]
6, 1, 25.91, [81, 295, 279]
6, 2, 23.52, [615, 2595, 295]
6, 3, 23.31, [91, 295, 81]
6, 4, 23.13, [76, 279, 295]
6, 5, 23.07, [1095, 295, 615]
6, 6, 21.43, [81, 295, 2762]
6, 7, 20.93, [2065, 277, 279]
6, 8, 12.68, [2764, 91, 250]
6, 9, 11.99, [615, 259, 541]
7, 0, 26.35, [615, 259, 295]
7, 1, 25.91, [81, 295, 279]
7, 2, 25.47, [2065, 295, 279]
7, 3, 23.47, [380, 81, 295]
7, 4, 22.29, [81, 295, 291]
7, 5, 20.48, [615, 250, 295]
7, 6, 13.82, [91, 2711, 2595]
7, 7, 12.58, [250, 256, 259]
7, 8, 11.71, [615, 226, 2525]
7, 9, 11.61, [2513, 280, 1086]
8, 0, 31.02, [1811, 269, 295]
8, 1, 26.35, [615, 259, 295]
8, 2, 25.91, [81, 295, 279]
8, 3, 23.56, [2762, 295, 259]
8, 4, 20.88, [615, 149, 295]
8, 5, 17.94, [77, 259, 874]
8, 6, 14.48, [300, 2599, 154]
8, 7, 13.51, [256, 285, 279]
8, 8, 13.44, [81, 1811, 259]
8, 9, 10.92, [81, 1086, 222]
9, 0, 31.02, [1811, 269, 295]
9, 1, 27.25, [2712, 269, 295]
9, 2, 26.35, [615, 259, 295]
9, 3, 25.15, [1811, 154, 295]
9, 4, 24.92, [154, 259, 295]
9, 5, 24.85, [2770, 279, 295]
9, 6, 23.99, [615, 226, 295]
9, 7, 22.52, [81, 295, 2065]
9, 8, 22.22, [615, 1087, 295]
9, 9, 21.97, [615, 274, 295]
10, 0, 31.02, [1811, 269, 295]
10, 1, 27.25, [2712, 269, 295]
10, 2, 23.7, [1811, 1087, 295]
10, 3, 21.94, [1811, 269, 2512]
10, 4, 17.5, [615, 269, 274]
10, 5, 16.88, [615, 269, 2595]
10, 6, 16.0, [1811, 259, 104]
10, 7, 14.57, [1080, 269, 285]
10, 8, 13.69, [2712, 259, 1095]
10, 9, 11.76, [2712, 154, 159]
