num_genrations,diversity,improvement,best_fitness
5,0.09012096774193545,0.006984987489574614,289.77
6,0.14973118279569897,0.01815232770818232,295.03
7,0.15658602150537648,0.023692505846863065,302.02
0,0.9996639784946236,0,267.0
8,0.033736559139784905,0.0,302.02
9,0.03165322580645147,0.0,302.02
1,0.8782258064516129,0.0,267.0
10,0.03313172043010748,0.0,302.02
2,0.6057123655913978,0.06771535580524339,285.08
3,0.42123655913978486,0.009400869931247394,287.76
4,0.4336693548387097,0.0,287.76
5,0.09012096774193545,0.006984987489574614,289.77
6,0.14973118279569897,0.01815232770818232,295.03
7,0.15658602150537648,0.023692505846863065,302.02
8,0.033736559139784905,0.0,302.02
9,0.03165322580645147,0.0,302.02
10,0.03313172043010748,0.0,302.02
