n_nodes,influence,n0,n1,n2,n3,n4
5,52.9107,1510,71387,18350,7896,4876
5,52.9107,1510,71387,18350,7896,4876
5,52.9107,1510,71387,18350,7896,4876
5,52.9107,1510,71387,18350,7896,4876
5,52.9107,1510,71387,18350,7896,4876
5,52.9107,1510,71387,18350,7896,4876
5,52.9107,1510,71387,18350,7896,4876
5,52.9107,1510,71387,18350,7896,4876
5,52.9107,1510,71387,18350,7896,4876
5,52.9107,1510,71387,18350,7896,4876
5,52.9107,1510,71387,18350,7896,4876
5,52.9107,1510,71387,18350,7896,4876
5,52.9107,1510,71387,18350,7896,4876
5,52.9107,1510,71387,18350,7896,4876
5,52.9107,1510,71387,18350,7896,4876
5,52.9107,1510,71387,18350,7896,4876
