num_genrations,diversity,improvement,best_fitness
0,1.0,0,22.76
1,0.8366666666666667,0.0,22.76
2,0.7033333333333334,0.0,22.76
3,0.5633333333333332,0.0197715289982425,23.21
4,0.5833333333333334,0.00387763894872899,23.3
5,0.41666666666666674,0.0,23.3
6,0.2483333333333334,0.0,23.3
7,0.02499999999999991,0.0,23.3
8,0.0,0.0,23.3
9,0.0,0.0,23.3
10,0.02499999999999991,0.0,23.3
11,0.02499999999999991,0.0,23.3
12,0.050000000000000044,0.0,23.3
13,0.09333333333333327,0.0,23.3
14,0.1383333333333332,0.0,23.3
15,0.08999999999999986,0.0,23.3
16,0.07999999999999985,0.0,23.3
17,0.11499999999999999,0.0,23.3
18,0.1333333333333333,0.0,23.3
19,0.16333333333333322,0.0038626609442060024,23.39
20,0.1499999999999999,-0.003847798204360832,23.3
