generation number, individual number, fitness, candidate
0, 0, 3.3, [3736, 3742, 689]
0, 1, 3.17, [2463, 4131, 77]
0, 2, 3.12, [1833, 77, 3748]
0, 3, 3.11, [270, 3750, 1830]
0, 4, 3.08, [2490, 287, 3746]
0, 5, 3.06, [996, 3753, 229]
0, 6, 3.06, [4108, 1834, 4128]
0, 7, 3.05, [3105, 693, 1826]
0, 8, 3.04, [4184, 3744, 4301]
0, 9, 3.01, [263, 1605, 270]
1, 0, 3.3, [3736, 3742, 689]
1, 1, 3.18, [3749, 3742, 3748]
1, 2, 3.17, [1831, 4131, 3739]
1, 3, 3.17, [2463, 4131, 77]
1, 4, 3.16, [3736, 3761, 1829]
1, 5, 3.12, [1833, 3742, 3734]
1, 6, 3.11, [3736, 77, 3753]
1, 7, 3.1, [263, 689, 996]
1, 8, 3.09, [2463, 3756, 1040]
1, 9, 3.07, [2260, 4129, 77]
2, 0, 3.3, [3736, 3742, 689]
2, 1, 3.27, [3736, 3742, 689]
2, 2, 3.24, [1987, 3742, 689]
2, 3, 3.21, [3743, 3761, 689]
2, 4, 3.21, [3745, 3742, 689]
2, 5, 3.18, [3749, 3742, 3748]
2, 6, 3.17, [2463, 3742, 3755]
2, 7, 3.16, [3736, 4128, 77]
2, 8, 3.15, [3754, 4131, 77]
2, 9, 3.15, [3754, 3742, 1829]
3, 0, 3.3, [3736, 3742, 689]
3, 1, 3.27, [3736, 3742, 689]
3, 2, 3.25, [3736, 3748, 689]
3, 3, 3.2, [4131, 3742, 689]
3, 4, 3.2, [77, 3742, 689]
3, 5, 3.17, [3758, 2229, 3756]
3, 6, 3.17, [3756, 3748, 689]
3, 7, 3.16, [3740, 3742, 996]
3, 8, 3.11, [3777, 3742, 2595]
3, 9, 3.1, [3736, 285, 1831]
4, 0, 3.3, [3736, 3742, 689]
4, 1, 3.27, [3736, 3742, 689]
4, 2, 3.18, [359, 3742, 3760]
4, 3, 3.17, [2595, 3742, 3759]
4, 4, 3.16, [271, 3755, 181]
4, 5, 3.13, [1987, 3742, 3734]
4, 6, 3.12, [3736, 24, 1825]
4, 7, 3.11, [2463, 4129, 689]
4, 8, 3.11, [3105, 159, 72]
4, 9, 3.07, [702, 3748, 3736]
5, 0, 3.3, [3736, 3742, 689]
5, 1, 3.27, [3736, 3742, 689]
5, 2, 3.21, [2595, 3742, 4128]
5, 3, 3.21, [3736, 546, 689]
5, 4, 3.19, [3736, 291, 689]
5, 5, 3.13, [3758, 3742, 3759]
5, 6, 3.12, [1006, 3756, 4128]
5, 7, 3.12, [3755, 3742, 996]
5, 8, 3.1, [2463, 3742, 1588]
5, 9, 3.08, [1605, 3739, 1322]
6, 0, 3.31, [3736, 3740, 689]
6, 1, 3.3, [3736, 3742, 689]
6, 2, 3.27, [3736, 3742, 689]
6, 3, 3.26, [4128, 689, 3746]
6, 4, 3.2, [3736, 3742, 4301]
6, 5, 3.19, [3758, 702, 3742]
6, 6, 3.15, [3744, 3742, 2598]
6, 7, 3.11, [3744, 1826, 3742]
6, 8, 3.1, [3749, 1032, 4130]
6, 9, 3.09, [3736, 1040, 693]
7, 0, 3.31, [3736, 3740, 689]
7, 1, 3.3, [3736, 3742, 689]
7, 2, 3.28, [3736, 3742, 3759]
7, 3, 3.26, [3736, 3741, 689]
7, 4, 3.16, [3736, 3739, 689]
7, 5, 3.15, [3105, 285, 3749]
7, 6, 3.15, [293, 3742, 1321]
7, 7, 3.1, [295, 4108, 689]
7, 8, 3.09, [2400, 1605, 3749]
7, 9, 3.09, [1321, 3740, 689]
8, 0, 3.31, [3736, 3740, 689]
8, 1, 3.3, [3736, 3742, 689]
8, 2, 3.24, [3736, 3741, 2595]
8, 3, 3.23, [3754, 1825, 689]
8, 4, 3.19, [3739, 3102, 689]
8, 5, 3.18, [4184, 3742, 689]
8, 6, 3.16, [3737, 3740, 689]
8, 7, 3.15, [693, 1315, 3744]
8, 8, 3.13, [2261, 1825, 689]
8, 9, 3.12, [279, 3740, 689]
9, 0, 3.31, [3736, 3740, 689]
9, 1, 3.3, [3736, 3742, 689]
9, 2, 3.25, [3746, 1825, 689]
9, 3, 3.23, [3736, 3750, 689]
9, 4, 3.23, [3737, 1825, 689]
9, 5, 3.2, [3754, 3744, 689]
9, 6, 3.17, [3754, 1541, 689]
9, 7, 3.14, [3733, 3740, 689]
9, 8, 3.12, [3733, 3740, 689]
9, 9, 3.09, [2595, 3742, 1831]
10, 0, 3.31, [3736, 3740, 689]
10, 1, 3.3, [3736, 3742, 689]
10, 2, 3.21, [3736, 3750, 689]
10, 3, 3.2, [3736, 1831, 689]
10, 4, 3.17, [3736, 263, 689]
10, 5, 3.15, [3736, 3750, 77]
10, 6, 3.15, [3748, 693, 1825]
10, 7, 3.11, [2598, 3742, 263]
10, 8, 3.11, [3735, 3740, 689]
10, 9, 3.09, [3736, 1040, 295]
