num_genrations,diversity,improvement,best_fitness
0,0.999561403508772,0,32.76000000000001
1,0.8592105263157894,0.0,32.76000000000001
2,0.5675438596491228,0.0,32.76000000000001
3,0.3543859649122807,0.0,32.76000000000001
4,0.08464912280701753,0.0,32.76000000000001
5,0.01885964912280691,0.0003052503052502444,32.77000000000001
6,0.04999999999999993,0.0006103143118707086,32.79000000000001
7,0.07368421052631557,0.0,32.79000000000001
8,0.07675438596491224,0.00030497102775251943,32.80000000000002
9,0.08114035087719296,0.0009146341463412809,32.83000000000001
10,0.12587719298245625,0.0,32.83000000000001
