generation number, individual number, fitness, candidate
0, 0, 3.12, [277, 295, 279]
0, 1, 3.11, [2527, 295, 380]
0, 2, 3.08, [269, 274, 4602]
0, 3, 3.08, [2527, 2762, 256]
0, 4, 3.06, [259, 288, 256]
0, 5, 3.05, [285, 2593, 244]
0, 6, 3.01, [2527, 240, 154]
0, 7, 3.01, [288, 278, 2950]
0, 8, 3.01, [2527, 244, 380]
0, 9, 3.0, [98, 4602, 3334]
1, 0, 3.14, [277, 295, 2593]
1, 1, 3.14, [277, 295, 154]
1, 2, 3.13, [303, 295, 256]
1, 3, 3.12, [277, 295, 279]
1, 4, 3.11, [2527, 295, 380]
1, 5, 3.1, [277, 2767, 2525]
1, 6, 3.1, [2527, 2514, 279]
1, 7, 3.08, [269, 275, 279]
1, 8, 3.05, [2527, 874, 380]
1, 9, 3.05, [2527, 295, 343]
2, 0, 3.15, [277, 295, 240]
2, 1, 3.14, [277, 295, 2593]
2, 2, 3.14, [277, 295, 154]
2, 3, 3.13, [297, 295, 2596]
2, 4, 3.12, [277, 278, 2764]
2, 5, 3.12, [534, 295, 3334]
2, 6, 3.1, [277, 2950, 4602]
2, 7, 3.08, [277, 316, 154]
2, 8, 3.07, [219, 295, 149]
2, 9, 3.06, [2525, 98, 265]
3, 0, 3.19, [277, 295, 2593]
3, 1, 3.15, [277, 295, 240]
3, 2, 3.15, [277, 2767, 269]
3, 3, 3.15, [277, 295, 240]
3, 4, 3.14, [277, 295, 2593]
3, 5, 3.11, [277, 283, 2596]
3, 6, 3.1, [273, 295, 2596]
3, 7, 3.08, [277, 250, 2593]
3, 8, 3.07, [303, 260, 2512]
3, 9, 3.05, [277, 193, 1069]
4, 0, 3.19, [277, 295, 2593]
4, 1, 3.15, [277, 295, 240]
4, 2, 3.14, [77, 295, 269]
4, 3, 3.11, [277, 149, 269]
4, 4, 3.1, [2156, 295, 537]
4, 5, 3.1, [277, 2596, 240]
4, 6, 3.07, [277, 209, 288]
4, 7, 3.07, [303, 2767, 2593]
4, 8, 3.07, [2599, 103, 2593]
4, 9, 3.05, [277, 335, 240]
5, 0, 3.19, [277, 295, 2593]
5, 1, 3.15, [77, 295, 4602]
5, 2, 3.15, [277, 295, 240]
5, 3, 3.13, [277, 226, 269]
5, 4, 3.13, [277, 295, 265]
5, 5, 3.12, [277, 316, 269]
5, 6, 3.09, [277, 103, 154]
5, 7, 3.08, [277, 609, 2593]
5, 8, 3.08, [277, 609, 2593]
5, 9, 3.04, [279, 316, 2764]
6, 0, 3.19, [277, 295, 2593]
6, 1, 3.15, [77, 295, 4602]
6, 2, 3.14, [77, 295, 4602]
6, 3, 3.14, [2765, 295, 269]
6, 4, 3.1, [240, 295, 302]
6, 5, 3.1, [277, 295, 380]
6, 6, 3.1, [2711, 295, 609]
6, 7, 3.08, [277, 2762, 3155]
6, 8, 3.05, [303, 295, 240]
6, 9, 3.05, [277, 1095, 4602]
7, 0, 3.19, [277, 295, 2593]
7, 1, 3.17, [77, 295, 380]
7, 2, 3.17, [77, 295, 2599]
7, 3, 3.15, [77, 295, 4602]
7, 4, 3.09, [2593, 295, 193]
7, 5, 3.09, [3716, 295, 2156]
7, 6, 3.08, [273, 295, 2530]
7, 7, 3.08, [2950, 295, 285]
7, 8, 3.07, [275, 295, 4602]
7, 9, 3.06, [261, 2515, 302]
8, 0, 3.19, [277, 295, 2593]
8, 1, 3.17, [277, 295, 2597]
8, 2, 3.17, [77, 295, 380]
8, 3, 3.16, [77, 295, 1086]
8, 4, 3.12, [3716, 295, 2593]
8, 5, 3.09, [77, 2513, 2593]
8, 6, 3.09, [277, 295, 222]
8, 7, 3.08, [277, 1088, 2599]
8, 8, 3.08, [77, 295, 81]
8, 9, 3.08, [300, 295, 2599]
9, 0, 3.21, [277, 874, 380]
9, 1, 3.19, [277, 295, 2593]
9, 2, 3.17, [277, 295, 2597]
9, 3, 3.14, [77, 295, 4602]
9, 4, 3.13, [77, 288, 380]
9, 5, 3.11, [277, 2514, 380]
9, 6, 3.1, [3135, 295, 2593]
9, 7, 3.1, [277, 2765, 380]
9, 8, 3.08, [269, 2514, 2574]
9, 9, 3.05, [77, 285, 2593]
10, 0, 3.21, [277, 874, 380]
10, 1, 3.19, [277, 295, 2593]
10, 2, 3.18, [277, 295, 154]
10, 3, 3.12, [277, 259, 2593]
10, 4, 3.12, [277, 295, 154]
10, 5, 3.09, [277, 874, 4602]
10, 6, 3.09, [277, 874, 159]
10, 7, 3.08, [277, 226, 380]
10, 8, 3.05, [316, 874, 285]
10, 9, 3.04, [277, 250, 380]
11, 0, 3.21, [277, 874, 380]
11, 1, 3.19, [277, 295, 2593]
11, 2, 3.17, [77, 295, 222]
11, 3, 3.14, [296, 295, 1811]
11, 4, 3.11, [295, 273, 154]
11, 5, 3.1, [277, 295, 4602]
11, 6, 3.09, [277, 2950, 2593]
11, 7, 3.07, [273, 295, 265]
11, 8, 3.07, [300, 259, 2593]
11, 9, 3.06, [77, 874, 154]
12, 0, 3.21, [277, 874, 380]
12, 1, 3.19, [277, 295, 2593]
12, 2, 3.14, [77, 295, 380]
12, 3, 3.14, [277, 2770, 2593]
12, 4, 3.11, [77, 295, 4602]
12, 5, 3.11, [277, 295, 154]
12, 6, 3.1, [295, 874, 2593]
12, 7, 3.1, [277, 2770, 102]
12, 8, 3.09, [277, 295, 154]
12, 9, 3.08, [277, 316, 222]
13, 0, 3.21, [277, 874, 380]
13, 1, 3.19, [277, 295, 2593]
13, 2, 3.13, [277, 275, 1095]
13, 3, 3.13, [277, 874, 4602]
13, 4, 3.12, [303, 295, 380]
13, 5, 3.08, [277, 316, 380]
13, 6, 3.08, [277, 250, 380]
13, 7, 3.08, [277, 874, 4602]
13, 8, 3.07, [303, 874, 2593]
13, 9, 3.06, [77, 2514, 2593]
14, 0, 3.21, [277, 874, 380]
14, 1, 3.19, [277, 295, 2593]
14, 2, 3.11, [2712, 295, 615]
14, 3, 3.1, [269, 295, 226]
14, 4, 3.09, [303, 874, 1095]
14, 5, 3.09, [295, 874, 159]
14, 6, 3.08, [277, 265, 104]
14, 7, 3.07, [303, 295, 558]
14, 8, 3.06, [98, 295, 2593]
14, 9, 3.05, [277, 219, 380]
15, 0, 3.21, [277, 874, 380]
15, 1, 3.19, [277, 295, 2593]
15, 2, 3.18, [277, 295, 279]
15, 3, 3.08, [316, 295, 191]
15, 4, 3.08, [277, 295, 154]
15, 5, 3.08, [273, 874, 159]
15, 6, 3.08, [2514, 874, 380]
15, 7, 3.06, [1811, 874, 380]
15, 8, 3.06, [261, 295, 2156]
15, 9, 3.05, [2513, 295, 2574]
16, 0, 3.21, [277, 874, 380]
16, 1, 3.19, [277, 295, 2593]
16, 2, 3.14, [295, 874, 279]
16, 3, 3.13, [2574, 874, 297]
16, 4, 3.09, [277, 283, 380]
16, 5, 3.08, [277, 283, 380]
16, 6, 3.07, [277, 2512, 380]
16, 7, 3.06, [303, 874, 2593]
16, 8, 3.05, [615, 295, 380]
16, 9, 3.04, [301, 2770, 380]
17, 0, 3.21, [277, 874, 380]
17, 1, 3.19, [277, 295, 2593]
17, 2, 3.12, [277, 295, 154]
17, 3, 3.11, [295, 874, 154]
17, 4, 3.1, [277, 278, 295]
17, 5, 3.09, [277, 2762, 2593]
17, 6, 3.08, [300, 3155, 380]
17, 7, 3.07, [300, 2595, 380]
17, 8, 3.07, [277, 259, 279]
17, 9, 3.04, [77, 263, 616]
18, 0, 3.21, [277, 874, 380]
18, 1, 3.19, [277, 295, 2593]
18, 2, 3.16, [277, 295, 261]
18, 3, 3.16, [277, 295, 154]
18, 4, 3.15, [277, 1080, 154]
18, 5, 3.14, [277, 295, 154]
18, 6, 3.09, [277, 2767, 2593]
18, 7, 3.08, [295, 1095, 2593]
18, 8, 3.06, [300, 874, 2593]
18, 9, 3.05, [303, 874, 2593]
19, 0, 3.21, [277, 874, 380]
19, 1, 3.19, [277, 295, 154]
19, 2, 3.19, [277, 295, 2593]
19, 3, 3.16, [277, 874, 77]
19, 4, 3.12, [2525, 295, 77]
19, 5, 3.11, [277, 295, 154]
19, 6, 3.09, [303, 295, 380]
19, 7, 3.08, [277, 2767, 2593]
19, 8, 3.08, [4849, 622, 269]
19, 9, 3.07, [277, 288, 2593]
20, 0, 3.21, [277, 874, 380]
20, 1, 3.19, [277, 295, 154]
20, 2, 3.15, [277, 295, 2764]
20, 3, 3.14, [277, 295, 301]
20, 4, 3.1, [2512, 874, 380]
20, 5, 3.08, [303, 295, 77]
20, 6, 3.07, [300, 874, 2593]
20, 7, 3.06, [277, 2767, 380]
20, 8, 3.06, [269, 291, 380]
20, 9, 3.05, [303, 274, 2512]
21, 0, 3.21, [277, 874, 380]
21, 1, 3.19, [277, 295, 154]
21, 2, 3.16, [2596, 295, 2593]
21, 3, 3.15, [277, 295, 1086]
21, 4, 3.14, [277, 295, 154]
21, 5, 3.11, [277, 295, 154]
21, 6, 3.1, [303, 874, 2764]
21, 7, 3.07, [277, 2762, 301]
21, 8, 3.06, [300, 874, 301]
21, 9, 3.06, [277, 874, 2767]
22, 0, 3.21, [277, 874, 380]
22, 1, 3.19, [277, 295, 154]
22, 2, 3.17, [277, 295, 191]
22, 3, 3.11, [277, 295, 103]
22, 4, 3.1, [622, 874, 154]
22, 5, 3.09, [2596, 295, 2065]
22, 6, 3.08, [2593, 874, 154]
22, 7, 3.05, [91, 1086, 2593]
22, 8, 3.05, [2596, 2530, 380]
22, 9, 3.05, [1082, 191, 1080]
23, 0, 3.21, [277, 874, 380]
23, 1, 3.19, [300, 295, 380]
23, 2, 3.19, [277, 295, 154]
23, 3, 3.14, [277, 295, 2711]
23, 4, 3.14, [277, 874, 193]
23, 5, 3.11, [277, 2762, 191]
23, 6, 3.11, [77, 874, 154]
23, 7, 3.1, [277, 222, 1080]
23, 8, 3.08, [277, 2513, 273]
23, 9, 3.07, [2712, 295, 343]
24, 0, 3.21, [277, 874, 380]
24, 1, 3.19, [300, 295, 380]
24, 2, 3.13, [209, 1086, 154]
24, 3, 3.13, [277, 295, 154]
24, 4, 3.1, [209, 295, 154]
24, 5, 3.1, [277, 874, 296]
24, 6, 3.09, [277, 874, 154]
24, 7, 3.07, [209, 874, 380]
24, 8, 3.05, [2596, 4602, 154]
24, 9, 3.05, [2595, 2596, 558]
25, 0, 3.21, [277, 874, 380]
25, 1, 3.19, [300, 295, 380]
25, 2, 3.13, [277, 2762, 102]
25, 3, 3.1, [256, 275, 2599]
25, 4, 3.09, [256, 874, 222]
25, 5, 3.07, [76, 295, 1087]
25, 6, 3.06, [277, 283, 154]
25, 7, 3.06, [264, 295, 380]
25, 8, 3.03, [609, 1087, 380]
25, 9, 3.02, [244, 2770, 380]
26, 0, 3.21, [277, 874, 380]
26, 1, 3.19, [300, 295, 380]
26, 2, 3.13, [77, 295, 380]
26, 3, 3.1, [277, 2514, 380]
26, 4, 3.09, [277, 2513, 380]
26, 5, 3.09, [300, 874, 154]
26, 6, 3.07, [300, 874, 2513]
26, 7, 3.07, [277, 2762, 103]
26, 8, 3.05, [300, 874, 154]
26, 9, 3.03, [277, 193, 2532]
27, 0, 3.21, [277, 874, 380]
27, 1, 3.19, [300, 295, 380]
27, 2, 3.18, [277, 295, 154]
27, 3, 3.17, [277, 295, 154]
27, 4, 3.12, [300, 2595, 154]
27, 5, 3.08, [277, 874, 2950]
27, 6, 3.06, [277, 876, 380]
27, 7, 3.05, [265, 874, 380]
27, 8, 3.04, [77, 2767, 380]
27, 9, 3.03, [300, 2762, 380]
28, 0, 3.21, [277, 874, 380]
28, 1, 3.19, [300, 295, 380]
28, 2, 3.16, [77, 2597, 269]
28, 3, 3.13, [277, 295, 2530]
28, 4, 3.11, [277, 295, 154]
28, 5, 3.1, [302, 874, 380]
28, 6, 3.1, [277, 260, 297]
28, 7, 3.09, [300, 295, 316]
28, 8, 3.08, [277, 874, 296]
28, 9, 3.07, [277, 154, 380]
29, 0, 3.21, [277, 874, 380]
29, 1, 3.19, [300, 295, 380]
29, 2, 3.16, [277, 295, 103]
29, 3, 3.13, [273, 295, 380]
29, 4, 3.11, [4602, 295, 380]
29, 5, 3.09, [300, 874, 154]
29, 6, 3.08, [615, 874, 380]
29, 7, 3.07, [303, 295, 380]
29, 8, 3.07, [302, 295, 2530]
29, 9, 3.07, [277, 2767, 2530]
30, 0, 3.21, [277, 874, 380]
30, 1, 3.19, [300, 295, 380]
30, 2, 3.18, [277, 874, 269]
30, 3, 3.16, [300, 295, 154]
30, 4, 3.11, [277, 874, 269]
30, 5, 3.1, [277, 2513, 380]
30, 6, 3.1, [277, 295, 154]
30, 7, 3.07, [300, 874, 279]
30, 8, 3.06, [277, 316, 380]
30, 9, 3.06, [277, 2514, 380]
31, 0, 3.21, [277, 874, 380]
31, 1, 3.19, [300, 295, 380]
31, 2, 3.17, [277, 2767, 269]
31, 3, 3.14, [277, 81, 154]
31, 4, 3.12, [277, 295, 154]
31, 5, 3.12, [1811, 874, 285]
31, 6, 3.05, [264, 291, 2595]
31, 7, 3.05, [277, 2599, 380]
31, 8, 3.04, [2764, 874, 222]
31, 9, 3.04, [261, 874, 380]
32, 0, 3.21, [277, 874, 380]
32, 1, 3.19, [300, 295, 380]
32, 2, 3.16, [277, 2770, 269]
32, 3, 3.12, [303, 874, 269]
32, 4, 3.1, [300, 874, 154]
32, 5, 3.08, [277, 2530, 380]
32, 6, 3.08, [277, 2596, 380]
32, 7, 3.07, [277, 2767, 154]
32, 8, 3.07, [278, 874, 380]
32, 9, 3.06, [300, 316, 269]
33, 0, 3.21, [277, 874, 380]
33, 1, 3.19, [300, 295, 380]
33, 2, 3.13, [277, 874, 3716]
33, 3, 3.12, [277, 1087, 269]
33, 4, 3.1, [273, 295, 380]
33, 5, 3.09, [295, 876, 2515]
33, 6, 3.09, [302, 874, 380]
33, 7, 3.08, [277, 874, 154]
33, 8, 3.06, [303, 874, 269]
33, 9, 3.05, [300, 2530, 154]
34, 0, 3.21, [277, 874, 380]
34, 1, 3.19, [300, 295, 380]
34, 2, 3.11, [277, 77, 263]
34, 3, 3.09, [77, 874, 3716]
34, 4, 3.08, [300, 226, 335]
34, 5, 3.08, [277, 266, 263]
34, 6, 3.07, [277, 2762, 2765]
34, 7, 3.07, [3334, 874, 2595]
34, 8, 3.05, [277, 2530, 2156]
34, 9, 3.04, [3135, 2596, 154]
35, 0, 3.21, [277, 874, 380]
35, 1, 3.19, [300, 295, 380]
35, 2, 3.15, [277, 295, 2530]
35, 3, 3.13, [277, 2530, 380]
35, 4, 3.08, [300, 874, 154]
35, 5, 3.07, [273, 295, 380]
35, 6, 3.07, [302, 874, 380]
35, 7, 3.07, [277, 2514, 380]
35, 8, 3.07, [300, 77, 291]
35, 9, 3.06, [77, 297, 2599]
36, 0, 3.21, [277, 874, 380]
36, 1, 3.19, [300, 295, 380]
36, 2, 3.14, [300, 295, 380]
36, 3, 3.13, [277, 295, 154]
36, 4, 3.12, [277, 295, 154]
36, 5, 3.08, [226, 335, 209]
36, 6, 3.06, [274, 159, 380]
36, 7, 3.06, [300, 874, 2530]
36, 8, 3.05, [300, 874, 154]
36, 9, 3.05, [277, 2767, 264]
37, 0, 3.21, [277, 874, 380]
37, 1, 3.19, [300, 295, 380]
37, 2, 3.11, [277, 874, 154]
37, 3, 3.1, [277, 2514, 380]
37, 4, 3.07, [303, 295, 380]
37, 5, 3.06, [277, 316, 380]
37, 6, 3.05, [300, 3155, 380]
37, 7, 3.05, [277, 81, 250]
37, 8, 3.05, [302, 874, 380]
37, 9, 3.03, [266, 277, 380]
38, 0, 3.21, [277, 874, 380]
38, 1, 3.19, [300, 295, 380]
38, 2, 3.17, [300, 295, 380]
38, 3, 3.11, [260, 295, 220]
38, 4, 3.1, [91, 295, 380]
38, 5, 3.08, [303, 874, 154]
38, 6, 3.04, [1088, 2525, 380]
38, 7, 3.03, [277, 303, 154]
38, 8, 3.02, [300, 4849, 380]
38, 9, 3.02, [288, 263, 154]
39, 0, 3.21, [277, 874, 380]
39, 1, 3.19, [300, 295, 380]
39, 2, 3.11, [302, 295, 220]
39, 3, 3.1, [264, 874, 380]
39, 4, 3.09, [277, 343, 380]
39, 5, 3.09, [291, 295, 380]
39, 6, 3.07, [1086, 300, 278]
39, 7, 3.07, [277, 295, 193]
39, 8, 3.06, [277, 295, 3716]
39, 9, 3.06, [259, 874, 380]
40, 0, 3.21, [277, 874, 380]
40, 1, 3.19, [300, 295, 380]
40, 2, 3.16, [302, 295, 154]
40, 3, 3.12, [77, 295, 380]
40, 4, 3.11, [277, 295, 256]
40, 5, 3.1, [277, 2762, 220]
40, 6, 3.09, [277, 159, 380]
40, 7, 3.07, [302, 874, 380]
40, 8, 3.07, [300, 103, 380]
40, 9, 3.06, [300, 874, 154]
41, 0, 3.21, [277, 874, 380]
41, 1, 3.19, [300, 295, 380]
41, 2, 3.13, [277, 302, 154]
41, 3, 3.13, [277, 2595, 2512]
41, 4, 3.11, [277, 615, 269]
41, 5, 3.1, [277, 295, 154]
41, 6, 3.09, [302, 2512, 876]
41, 7, 3.09, [77, 250, 380]
41, 8, 3.07, [300, 380, 159]
41, 9, 3.06, [4602, 874, 1069]
42, 0, 3.21, [277, 874, 380]
42, 1, 3.19, [300, 295, 380]
42, 2, 3.13, [277, 295, 154]
42, 3, 3.11, [277, 874, 269]
42, 4, 3.11, [273, 295, 380]
42, 5, 3.11, [302, 874, 380]
42, 6, 3.08, [300, 874, 154]
42, 7, 3.07, [300, 302, 2593]
42, 8, 3.06, [277, 2599, 77]
42, 9, 3.05, [277, 2514, 380]
43, 0, 3.21, [277, 874, 380]
43, 1, 3.19, [300, 295, 380]
43, 2, 3.12, [277, 295, 316]
43, 3, 3.1, [302, 295, 154]
43, 4, 3.09, [77, 295, 380]
43, 5, 3.07, [300, 380, 149]
43, 6, 3.06, [264, 874, 380]
43, 7, 3.05, [300, 874, 154]
43, 8, 3.04, [273, 874, 154]
43, 9, 3.04, [302, 102, 380]
44, 0, 3.21, [277, 874, 380]
44, 1, 3.19, [300, 295, 380]
44, 2, 3.11, [277, 3334, 380]
44, 3, 3.1, [2764, 874, 91]
44, 4, 3.09, [277, 874, 266]
44, 5, 3.08, [622, 874, 154]
44, 6, 3.07, [261, 295, 316]
44, 7, 3.07, [77, 874, 316]
44, 8, 3.06, [277, 2156, 250]
44, 9, 3.06, [277, 316, 380]
45, 0, 3.21, [277, 874, 380]
45, 1, 3.19, [277, 874, 104]
45, 2, 3.19, [300, 295, 380]
45, 3, 3.12, [277, 874, 259]
45, 4, 3.12, [277, 283, 259]
45, 5, 3.07, [273, 295, 380]
45, 6, 3.06, [2764, 874, 154]
45, 7, 3.05, [2711, 2767, 283]
45, 8, 3.03, [220, 874, 154]
45, 9, 3.02, [316, 266, 380]
46, 0, 3.21, [277, 874, 380]
46, 1, 3.19, [277, 874, 104]
46, 2, 3.16, [277, 295, 154]
46, 3, 3.15, [295, 874, 380]
46, 4, 3.1, [277, 2514, 154]
46, 5, 3.08, [300, 874, 154]
46, 6, 3.06, [2762, 874, 558]
46, 7, 3.04, [2762, 874, 263]
46, 8, 3.04, [277, 2574, 219]
46, 9, 3.04, [220, 874, 154]
47, 0, 3.21, [277, 874, 380]
47, 1, 3.19, [277, 874, 104]
47, 2, 3.09, [250, 874, 2711]
47, 3, 3.09, [277, 874, 296]
47, 4, 3.09, [277, 2514, 380]
47, 5, 3.07, [277, 2770, 380]
47, 6, 3.07, [277, 263, 1086]
47, 7, 3.05, [2532, 874, 2599]
47, 8, 3.05, [279, 2574, 104]
47, 9, 3.03, [240, 874, 558]
48, 0, 3.21, [277, 874, 380]
48, 1, 3.19, [277, 874, 104]
48, 2, 3.12, [277, 77, 380]
48, 3, 3.11, [277, 1811, 104]
48, 4, 3.1, [277, 159, 380]
48, 5, 3.07, [277, 874, 154]
48, 6, 3.07, [303, 874, 2595]
48, 7, 3.05, [277, 874, 3334]
48, 8, 3.05, [2065, 874, 277]
48, 9, 3.02, [380, 874, 76]
49, 0, 3.21, [277, 874, 380]
49, 1, 3.19, [277, 874, 104]
49, 2, 3.16, [277, 874, 154]
49, 3, 3.1, [277, 874, 616]
49, 4, 3.1, [277, 874, 295]
49, 5, 3.1, [277, 297, 265]
49, 6, 3.07, [259, 220, 222]
49, 7, 3.07, [277, 76, 2770]
49, 8, 3.07, [226, 1087, 104]
49, 9, 3.05, [280, 81, 343]
50, 0, 3.21, [277, 874, 380]
50, 1, 3.19, [277, 874, 104]
50, 2, 3.12, [295, 303, 380]
50, 3, 3.08, [615, 256, 1087]
50, 4, 3.06, [244, 874, 266]
50, 5, 3.06, [277, 2950, 558]
50, 6, 3.06, [2764, 876, 154]
50, 7, 3.06, [2513, 874, 2593]
50, 8, 3.03, [4602, 874, 154]
50, 9, 3.03, [296, 874, 558]
