generation number, individual number, fitness, candidate
0, 0, 3.08, [96147, 144434, 91978]
0, 1, 3.08, [12067, 823, 56240]
0, 2, 3.08, [14201, 281, 96648]
0, 3, 3.08, [100807, 73932, 14199]
0, 4, 3.05, [150655, 126458, 70195]
0, 5, 3.03, [94016, 86543, 70198]
0, 6, 3.02, [113478, 93408, 14200]
0, 7, 3.02, [11925, 47392, 94017]
0, 8, 3.02, [47392, 93408, 98063]
0, 9, 3.01, [81178, 113478, 80449]
1, 0, 3.13, [14197, 281, 14199]
1, 1, 3.13, [14201, 76776, 14199]
1, 2, 3.12, [12067, 821, 14199]
1, 3, 3.09, [100807, 76776, 96648]
1, 4, 3.09, [100807, 76776, 14199]
1, 5, 3.08, [93407, 11388, 89]
1, 6, 3.08, [96147, 144434, 91978]
1, 7, 3.08, [12067, 823, 56240]
1, 8, 3.05, [88, 86, 40787]
1, 9, 3.05, [100807, 85839, 56240]
2, 0, 3.16, [14201, 14200, 70364]
2, 1, 3.13, [14197, 281, 14199]
2, 2, 3.13, [14201, 76776, 14199]
2, 3, 3.09, [14197, 70365, 14199]
2, 4, 3.09, [14197, 76776, 14200]
2, 5, 3.09, [14197, 281, 14199]
2, 6, 3.09, [100807, 821, 14198]
2, 7, 3.08, [14197, 823, 14199]
2, 8, 3.07, [12067, 281, 13042]
2, 9, 3.07, [14223, 281, 14199]
3, 0, 3.16, [14201, 70365, 14199]
3, 1, 3.16, [14201, 14200, 70364]
3, 2, 3.13, [14223, 14200, 14199]
3, 3, 3.13, [823, 14200, 70196]
3, 4, 3.13, [14197, 281, 14199]
3, 5, 3.12, [14197, 87, 70364]
3, 6, 3.12, [14201, 14200, 70193]
3, 7, 3.11, [59751, 73932, 14199]
3, 8, 3.1, [14223, 70198, 88]
3, 9, 3.06, [126458, 100807, 70364]
4, 0, 3.16, [14197, 87, 70364]
4, 1, 3.16, [14198, 70365, 14199]
4, 2, 3.16, [14201, 70365, 14199]
4, 3, 3.16, [14201, 14200, 70364]
4, 4, 3.11, [221360, 1061, 70194]
4, 5, 3.11, [14198, 70365, 70196]
4, 6, 3.11, [14200, 70365, 70364]
4, 7, 3.08, [14201, 281, 42918]
4, 8, 3.08, [221360, 94017, 278]
4, 9, 3.08, [823, 14200, 14197]
5, 0, 3.16, [14197, 87, 70364]
5, 1, 3.16, [14198, 70365, 14199]
5, 2, 3.13, [14201, 89, 70364]
5, 3, 3.11, [14198, 59751, 14199]
5, 4, 3.1, [14197, 14200, 93408]
5, 5, 3.09, [40787, 14200, 14199]
5, 6, 3.09, [86, 286, 76776]
5, 7, 3.08, [14200, 89, 14199]
5, 8, 3.07, [14201, 70365, 1061]
5, 9, 3.07, [56240, 12067, 14199]
6, 0, 3.16, [14197, 87, 70364]
6, 1, 3.16, [14198, 70365, 14199]
6, 2, 3.15, [284, 285, 11388]
6, 3, 3.14, [14197, 88, 14223]
6, 4, 3.13, [13042, 87, 14199]
6, 5, 3.12, [14197, 89, 70193]
6, 6, 3.09, [40786, 87, 14199]
6, 7, 3.08, [14201, 59751, 47392]
6, 8, 3.07, [14201, 87, 86543]
6, 9, 3.07, [40787, 70365, 70364]
7, 0, 3.16, [14197, 87, 70364]
7, 1, 3.16, [14198, 70365, 14199]
7, 2, 3.15, [14198, 70365, 93408]
7, 3, 3.14, [14198, 47392, 14199]
7, 4, 3.12, [14197, 87, 70193]
7, 5, 3.12, [14197, 86, 14199]
7, 6, 3.11, [14197, 70365, 285]
7, 7, 3.1, [14197, 80450, 70364]
7, 8, 3.09, [93407, 66169, 14199]
7, 9, 3.08, [130282, 11388, 280]
8, 0, 3.18, [14198, 87, 70193]
8, 1, 3.16, [14198, 87, 94016]
8, 2, 3.16, [98065, 86543, 70364]
8, 3, 3.16, [14197, 87, 70364]
8, 4, 3.16, [14198, 70365, 14199]
8, 5, 3.14, [14197, 70365, 14200]
8, 6, 3.12, [14197, 70365, 14201]
8, 7, 3.12, [13042, 70365, 14199]
8, 8, 3.12, [14197, 70365, 14199]
8, 9, 3.11, [13042, 70195, 124712]
9, 0, 3.2, [14199, 87, 70364]
9, 1, 3.19, [14198, 87, 77088]
9, 2, 3.18, [62858, 46, 70199]
9, 3, 3.18, [14198, 89, 70364]
9, 4, 3.18, [14198, 87, 70193]
9, 5, 3.17, [14197, 90, 70193]
9, 6, 3.16, [14198, 89, 14199]
9, 7, 3.16, [14198, 87, 94016]
9, 8, 3.15, [14197, 56239, 70193]
9, 9, 3.14, [98062, 86543, 70193]
10, 0, 3.2, [14199, 87, 70364]
10, 1, 3.19, [14198, 87, 77088]
10, 2, 3.15, [14198, 87, 70193]
10, 3, 3.15, [13042, 87, 77088]
10, 4, 3.14, [13042, 87, 77088]
10, 5, 3.12, [73932, 87, 70364]
10, 6, 3.11, [62858, 46, 59751]
10, 7, 3.1, [14199, 14200, 1927]
10, 8, 3.1, [14198, 88, 70199]
10, 9, 3.09, [14198, 121382, 77088]
