num_genrations,diversity,improvement,best_fitness
0,1.0,0,896.51
1,0.8528225806451613,0.1100266589329734,995.15
2,0.6203629032258065,0.02741295282118271,1022.43
3,0.6600806451612904,0.0,1022.43
4,0.48205645161290334,0.4213687000577057,1453.25
5,0.15705645161290338,-0.07569929468432822,1343.24
6,0.3330645161290322,0.008308269557190138,1354.4
7,0.28145161290322585,0.0343325457767277,1400.9
8,0.29415322580645165,0.0,1400.9
9,0.286491935483871,0.000720965093868221,1401.91
10,0.025000000000000022,0.00689773237939657,1411.58
