generation number, pop_size, worst, best, median, avg, std, diversity, improvement, number_of_selections
0, 10, 2.0, 2.12, 2.02, 2.027, 0.033181320046074166,0.9666666666666667,0,[1.e-300]
1, 10, 2.0, 2.12, 2.0199999999999996, 2.036, 0.04223742416388578,0.9333333333333333,0.0,[1.e-300]
2, 10, 2.0, 2.16, 2.035, 2.0629999999999997, 0.05728001396647879,0.9222222222222223,0.018867924528301903,[1.e-300]
3, 10, 2.0, 2.16, 2.04, 2.061, 0.053563046963368326,0.9333333333333333,0.0,[1.e-300]
4, 10, 2.01, 2.16, 2.075, 2.0789999999999997, 0.055937465083788045,0.9444444444444444,0.0,[1.e-300]
5, 10, 2.0, 2.16, 2.03, 2.06, 0.057619441163551756,0.9555555555555556,0.0,[1.e-300]
6, 10, 2.0, 2.16, 2.07, 2.072, 0.0686731388535576,0.8666666666666667,0.0,[1.e-300]
7, 10, 2.0, 2.16, 2.0700000000000003, 2.0780000000000003, 0.05996665740225985,0.8888888888888888,0.0,[1.e-300]
8, 10, 2.01, 2.16, 2.025, 2.0589999999999997, 0.057697486947006715,0.9,0.0,[1.e-300]
9, 10, 2.0, 2.19, 2.0149999999999997, 2.0599999999999996, 0.07238784428341545,0.9222222222222223,0.013888888888888798,[1.e-300]
10, 10, 2.0, 2.19, 2.025, 2.0509999999999997, 0.06363175307973219,0.9666666666666667,0.0,[1.e-300]
