n_nodes,influence,n0,n1,n2,n3,n4,n5,n6,n7,n8,n9,n10,n11,n12,n13,n14,n15,n16,n17,n18,n19,n20
21,91.0400,60796,89527,40289,189156,107589,146176,202368,18441,24678,156309,69307,248438,98733,176332,207855,122314,64374,126286,69875,79362,260935
21,91.0400,60796,89527,40289,189156,107589,146176,202368,18441,24678,156309,69307,248438,98733,176332,207855,122314,64374,126286,69875,79362,260935
21,91.0400,60796,89527,40289,189156,107589,146176,202368,18441,24678,156309,69307,248438,98733,176332,207855,122314,64374,126286,69875,79362,260935
21,91.0400,60796,89527,40289,189156,107589,146176,202368,18441,24678,156309,69307,248438,98733,176332,207855,122314,64374,126286,69875,79362,260935
21,91.0400,60796,89527,40289,189156,107589,146176,202368,18441,24678,156309,69307,248438,98733,176332,207855,122314,64374,126286,69875,79362,260935
21,91.0400,60796,89527,40289,189156,107589,146176,202368,18441,24678,156309,69307,248438,98733,176332,207855,122314,64374,126286,69875,79362,260935
21,91.0400,60796,89527,40289,189156,107589,146176,202368,18441,24678,156309,69307,248438,98733,176332,207855,122314,64374,126286,69875,79362,260935
21,91.0400,60796,89527,40289,189156,107589,146176,202368,18441,24678,156309,69307,248438,98733,176332,207855,122314,64374,126286,69875,79362,260935
21,91.0400,60796,89527,40289,189156,107589,146176,202368,18441,24678,156309,69307,248438,98733,176332,207855,122314,64374,126286,69875,79362,260935
21,91.0400,60796,89527,40289,189156,107589,146176,202368,18441,24678,156309,69307,248438,98733,176332,207855,122314,64374,126286,69875,79362,260935
21,91.0400,60796,89527,40289,189156,107589,146176,202368,18441,24678,156309,69307,248438,98733,176332,207855,122314,64374,126286,69875,79362,260935
21,91.0400,60796,89527,40289,189156,107589,146176,202368,18441,24678,156309,69307,248438,98733,176332,207855,122314,64374,126286,69875,79362,260935
21,91.0400,60796,89527,40289,189156,107589,146176,202368,18441,24678,156309,69307,248438,98733,176332,207855,122314,64374,126286,69875,79362,260935
21,91.0400,60796,89527,40289,189156,107589,146176,202368,18441,24678,156309,69307,248438,98733,176332,207855,122314,64374,126286,69875,79362,260935
21,91.0400,60796,89527,40289,189156,107589,146176,202368,18441,24678,156309,69307,248438,98733,176332,207855,122314,64374,126286,69875,79362,260935
21,91.0400,60796,89527,40289,189156,107589,146176,202368,18441,24678,156309,69307,248438,98733,176332,207855,122314,64374,126286,69875,79362,260935
