n_nodes,influence,n0,n1,n2,n3,n4
5,2142.5800,305,6645,3583,954,574
5,2141.9600,305,6645,5625,6650,4415
5,2141.7200,305,6926,3583,954,574
5,2141.7200,305,6926,3583,954,574
5,2141.7200,305,6926,3583,954,574
5,2141.6700,305,6645,5625,6650,4415
5,2141.6700,305,6645,5625,6650,4415
5,2141.6700,305,6645,5625,6650,4415
5,2141.6700,305,6645,5625,6650,4415
5,2141.6700,305,6645,5625,6650,4415
5,2141.6700,305,6645,5625,6650,4415
5,2141.6700,305,6645,5625,6650,4415
5,2141.6700,305,6645,5625,6650,4415
5,2141.6700,305,6645,5625,6650,4415
5,2141.6700,305,6645,5625,6650,4415
5,2141.6700,305,6645,5625,6650,4415
5,2141.6700,305,6645,5625,6650,4415
5,2141.6700,305,6645,5625,6650,4415
5,2141.6700,305,6645,5625,6650,4415
5,2141.6700,305,6645,5625,6650,4415
5,2141.6700,305,6645,5625,6650,4415
5,2141.6700,305,6645,5625,6650,4415
5,2141.6700,305,6645,5625,6650,4415
5,2141.6700,305,6645,5625,6650,4415
5,2141.6700,305,6645,5625,6650,4415
5,2141.6700,305,6645,5625,6650,4415
5,2141.6700,305,6645,5625,6650,4415
5,2141.6700,305,6645,5625,6650,4415
5,2141.6700,305,6645,5625,6650,4415
5,2141.6700,305,6645,5625,6650,4415
5,2141.6000,305,6645,3583,954,574
5,2141.4400,305,6645,5625,6650,4415
