n_nodes,influence,n0,n1,n2,n3,n4,n5,n6,n7,n8,n9
10,67.3700,65,1,100,111,51,118,56,31,413,95
10,67.3700,65,1,100,111,51,118,56,31,413,95
10,67.3700,65,1,100,111,51,118,56,31,413,95
10,67.3700,65,1,100,111,51,118,56,31,413,95
10,67.3700,65,1,100,111,51,118,56,31,413,95
10,67.3700,65,1,100,111,51,118,56,31,413,95
10,67.3700,65,1,100,111,51,118,56,31,413,95
10,67.3700,65,1,100,111,51,118,56,31,413,95
10,67.3700,65,1,100,111,51,118,56,31,413,95
10,67.3700,65,1,100,111,51,118,56,31,413,95
10,67.3700,65,1,100,111,51,118,56,31,413,95
10,67.3700,65,1,100,111,51,118,56,31,413,95
10,67.3700,65,1,100,111,51,118,56,31,413,95
10,67.3700,65,1,100,111,51,118,56,31,413,95
10,67.3700,65,1,100,111,51,118,56,31,413,95
10,67.1400,65,1,100,111,51,118,56,31,413,95
