generation number, individual number, fitness, candidate
0, 0, 10.65, [3752, 3105]
0, 1, 10.04, [3752, 3742]
0, 2, 10.02, [1321, 1831]
0, 3, 9.92, [282, 3777]
0, 4, 9.38, [3777, 282]
0, 5, 8.01, [1322, 287]
0, 6, 7.72, [3755, 3752]
0, 7, 5.02, [1686, 1322]
0, 8, 3.37, [1686, 3759]
0, 9, 3.32, [1828, 285]
1, 0, 10.65, [3752, 3105]
1, 1, 10.59, [3742, 3105]
1, 2, 10.33, [3752, 1829]
1, 3, 10.04, [3752, 3742]
1, 4, 9.51, [4129, 1831]
1, 5, 8.89, [3752, 3743]
1, 6, 8.16, [1605, 3742]
1, 7, 8.15, [2598, 3105]
1, 8, 7.61, [3752, 3735]
1, 9, 7.22, [3777, 3754]
2, 0, 12.06, [3742, 282]
2, 1, 10.85, [181, 3105]
2, 2, 10.65, [3752, 3105]
2, 3, 10.59, [3742, 3105]
2, 4, 10.28, [3752, 101]
2, 5, 9.33, [3105, 3747]
2, 6, 9.19, [3105, 3744]
2, 7, 9.15, [2229, 3759]
2, 8, 8.32, [3742, 285]
2, 9, 7.65, [3750, 3397]
3, 0, 12.06, [3742, 282]
3, 1, 11.49, [2229, 3105]
3, 2, 10.85, [181, 3105]
3, 3, 9.29, [2229, 1834]
3, 4, 9.28, [270, 282]
3, 5, 9.15, [3749, 3105]
3, 6, 9.0, [1040, 3752]
3, 7, 8.99, [1829, 1541]
3, 8, 8.52, [996, 282]
3, 9, 8.3, [3752, 1040]
4, 0, 12.06, [3742, 282]
4, 1, 11.49, [2229, 3105]
4, 2, 10.84, [3736, 229]
4, 3, 10.46, [181, 3105]
4, 4, 9.53, [3744, 3736]
4, 5, 9.24, [181, 1322]
4, 6, 8.72, [3100, 4130]
4, 7, 8.14, [3742, 1834]
4, 8, 7.25, [1829, 1040]
4, 9, 7.15, [3752, 1828]
5, 0, 12.06, [3742, 282]
5, 1, 11.49, [2229, 3105]
5, 2, 10.74, [77, 1834]
5, 3, 10.55, [1322, 282]
5, 4, 8.98, [1825, 996]
5, 5, 8.37, [359, 3752]
5, 6, 8.35, [3742, 3737]
5, 7, 7.71, [271, 282]
5, 8, 6.29, [4129, 3105]
5, 9, 6.24, [1987, 546]
6, 0, 12.06, [3742, 282]
6, 1, 11.49, [2229, 3105]
6, 2, 9.8, [77, 996]
6, 3, 9.73, [101, 3105]
6, 4, 9.72, [2598, 282]
6, 5, 9.6, [3742, 287]
6, 6, 9.54, [3758, 282]
6, 7, 8.96, [3756, 3105]
6, 8, 8.06, [159, 282]
6, 9, 7.45, [3742, 3748]
7, 0, 12.34, [3736, 3100]
7, 1, 12.06, [3742, 282]
7, 2, 11.6, [1831, 3105]
7, 3, 11.49, [2229, 3105]
7, 4, 10.15, [3748, 77]
7, 5, 9.51, [2229, 3745]
7, 6, 9.41, [1040, 282]
7, 7, 9.31, [3743, 3105]
7, 8, 8.94, [2229, 1834]
7, 9, 7.49, [1834, 3743]
8, 0, 12.34, [3736, 3100]
8, 1, 12.06, [3742, 282]
8, 2, 10.42, [4128, 282]
8, 3, 9.99, [3753, 282]
8, 4, 9.47, [3742, 3397]
8, 5, 9.16, [3736, 1605]
8, 6, 8.96, [3100, 271]
8, 7, 7.65, [1686, 3100]
8, 8, 7.25, [3741, 996]
8, 9, 7.25, [3742, 2490]
9, 0, 13.66, [1825, 282]
9, 1, 12.34, [3736, 3100]
9, 2, 12.06, [3742, 282]
9, 3, 10.63, [3752, 3100]
9, 4, 9.39, [3745, 3100]
9, 5, 9.15, [3742, 4128]
9, 6, 9.04, [159, 3749]
9, 7, 8.58, [1321, 3100]
9, 8, 8.14, [1605, 282]
9, 9, 8.01, [3755, 3100]
10, 0, 13.66, [1825, 282]
10, 1, 13.03, [3742, 1825]
10, 2, 12.48, [3736, 181]
10, 3, 12.34, [3736, 3100]
10, 4, 10.92, [3736, 101]
10, 5, 10.33, [3736, 4130]
10, 6, 10.22, [3744, 3100]
10, 7, 10.1, [3743, 282]
10, 8, 9.56, [3754, 3100]
10, 9, 9.27, [1987, 282]
