n_nodes,influence,n0,n1,n2,n3,n4,n5,n6,n7,n8
9,290.9600,26496,75171,7076,15462,2285,12192,17492,63255,16282
9,286.0700,1796,75171,7076,15462,2285,50479,17492,61370,16282
9,284.2300,4710,75171,7076,15462,2285,50479,17492,63255,16282
9,281.7900,26496,75171,7076,15462,2285,50479,17492,63255,16282
9,281.7900,26496,75171,7076,15462,2285,50479,17492,63255,16282
9,281.7900,26496,75171,7076,15462,2285,50479,17492,63255,16282
9,281.3800,4710,75171,7076,15462,2285,50479,17492,63255,16282
9,281.3800,4710,75171,7076,15462,2285,50479,17492,63255,16282
9,281.3800,4710,75171,7076,15462,2285,50479,17492,63255,16282
9,281.3800,4710,75171,7076,15462,2285,50479,17492,63255,16282
9,281.3800,4710,75171,7076,15462,2285,50479,17492,63255,16282
9,280.4000,26496,75171,7076,2285,50479,17492,15462,61370,16282
9,279.4400,26496,75171,7076,15462,2285,12192,17492,63255,16282
9,279.4400,26496,75171,7076,15462,2285,12192,17492,63255,16282
9,279.4400,26496,75171,7076,15462,2285,12192,17492,63255,16282
9,278.4800,26496,75171,7076,2285,50479,17492,15462,61370,16282
