num_genrations,diversity,improvement,best_fitness
0,0.9997047244094488,0,738.79
1,0.9788385826771654,0.1956442290772751,883.33
2,0.9386564960629922,0.035705795116207945,914.87
3,0.8806102362204724,0.18421196454141034,1083.4
4,0.7425688976377952,0.20982093409636324,1310.72
5,0.6802165354330708,0.0716476440429688,1404.63
6,0.5531496062992125,0.03598812498665126,1455.18
7,0.4757627952755905,0.05956651410822018,1541.86
8,0.3632627952755909,0.0,1541.86
9,0.35912893700787407,0.0,1541.86
10,0.1507874015748032,0.0006615386610977711,1542.88
