n_nodes,influence,n0,n1,n2,n3,n4,n5,n6,n7,n8,n9,n10,n11,n12,n13,n14,n15,n16,n17,n18,n19,n20
21,37.0400,164614,8206,251407,144641,150295,4375,167580,159266,47656,108848,3901,23487,203715,211278,238159,102879,101344,97639,363,192119,63608
21,37.0400,164614,8206,251407,144641,150295,4375,167580,159266,47656,108848,3901,23487,203715,211278,238159,102879,101344,97639,363,192119,63608
21,37.0400,164614,8206,251407,144641,150295,4375,167580,159266,47656,108848,3901,23487,203715,211278,238159,102879,101344,97639,363,192119,63608
21,37.0400,164614,8206,251407,144641,150295,4375,167580,159266,47656,108848,3901,23487,203715,211278,238159,102879,101344,97639,363,192119,63608
21,37.0400,164614,8206,251407,144641,150295,4375,167580,159266,47656,108848,3901,23487,203715,211278,238159,102879,101344,97639,363,192119,63608
21,37.0400,164614,8206,251407,144641,150295,4375,167580,159266,47656,108848,3901,23487,203715,211278,238159,102879,101344,97639,363,192119,63608
21,37.0000,102879,101344,164614,192119,184595,363,167580,97639,108848,203715,211278,47656,150295,251407,23487,238159,63608,8206,3901,4375,159266
21,36.8200,102879,101344,164614,192119,184595,363,167580,97639,108848,203715,211278,47656,150295,251407,23487,238159,63608,8206,3901,4375,159266
21,36.7900,102879,101344,164614,192119,184595,363,167580,97639,108848,203715,211278,47656,150295,251407,23487,238159,63608,8206,3901,4375,159266
21,36.7900,102879,101344,164614,192119,184595,363,167580,97639,108848,203715,211278,47656,150295,251407,23487,238159,63608,8206,3901,4375,159266
21,36.7900,102879,101344,164614,192119,184595,363,167580,97639,108848,203715,211278,47656,150295,251407,23487,238159,63608,8206,3901,4375,159266
21,36.6800,102879,101344,164614,192119,184595,363,167580,97639,108848,203715,211278,47656,150295,251407,23487,238159,63608,8206,3901,4375,159266
21,36.6800,102879,101344,164614,192119,184595,363,167580,97639,108848,203715,211278,47656,150295,251407,23487,238159,63608,8206,3901,4375,159266
21,36.6800,102879,101344,164614,192119,184595,363,167580,97639,108848,203715,211278,47656,150295,251407,23487,238159,63608,8206,3901,4375,159266
21,36.6400,102879,101344,164614,192119,184595,363,167580,97639,108848,203715,211278,47656,150295,251407,23487,238159,63608,8206,3901,4375,159266
21,36.6200,102879,101344,164614,192119,184595,363,167580,97639,108848,203715,211278,47656,150295,251407,23487,238159,63608,8206,3901,4375,159266
