generation number, pop_size, worst, best, median, avg, std, diversity, improvement, number_of_selections
0, 10, 6.0, 10.0, 7.359999999999999, 7.892, 1.4957392820943094,0.9666666666666667,0,[1.e-300]
1, 10, 5.38, 11.74, 8.285, 8.193, 2.0023838293394203,0.9333333333333333,0.17400000000000002,[1.e-300]
2, 10, 8.42, 11.92, 10.065000000000001, 10.065000000000001, 1.4232094013180214,0.8333333333333333,0.015332197614991458,[1.e-300]
3, 10, 6.8, 13.9, 10.765, 10.412, 2.051213299488866,0.8666666666666667,0.1661073825503356,[1.e-300]
4, 10, 6.97, 14.35, 10.015, 10.614, 2.550761454938505,0.9333333333333333,0.03237410071942441,[1.e-300]
5, 10, 7.39, 19.52, 13.355, 12.681000000000001, 3.164134794853089,0.9,0.36027874564459933,[1.e-300]
6, 10, 7.02, 21.68, 9.765, 12.524, 5.615021282239276,0.9111111111111111,0.11065573770491804,[1.e-300]
7, 10, 8.01, 21.68, 10.675, 13.084, 5.057163631918588,0.9111111111111111,0.0,[1.e-300]
8, 10, 5.9, 21.68, 13.344999999999999, 14.212, 5.434517089861803,0.8555555555555556,0.0,[1.e-300]
9, 10, 7.74, 21.68, 14.315000000000001, 14.404000000000002, 5.162691546083303,0.8666666666666667,0.0,[1.e-300]
10, 10, 3.41, 21.68, 9.29, 11.775, 6.487397398032589,0.9111111111111111,0.0,[1.e-300]
