num_genrations,diversity,improvement,best_fitness
0,0.9972446236559139,0,179.5
1,0.8916666666666666,0.023231197771587674,183.67
2,0.6632392473118279,0.07393695214242943,197.25
3,0.3069892473118281,0.0008111533586818585,197.41
4,0.4477150537634409,0.05045337115647641,207.37
5,0.2737903225806453,0.005256305155036907,208.46
6,0.34482526881720443,0.007051712558764266,209.93
7,0.2620967741935484,0.01248035059305485,212.55
8,0.21176075268817218,0.0004704775346976914,212.65
9,0.17614247311827969,0.0012226663531624308,212.91
10,0.18077956989247324,0.008454276454840128,214.71
