num_genrations,diversity,improvement,best_fitness
0,0.996875,0,167.48
1,0.889616935483871,0.0,167.48
2,0.7280241935483871,0.08496536899928361,181.71
3,0.23034274193548387,0.0,181.71
4,0.2755040322580645,0.0,181.71
5,0.2881048387096774,0.037972593693247514,188.61
6,0.10030241935483875,0.0013785059116695345,188.87
7,0.050907258064516236,-0.001376608249060152,188.61
8,0.03427419354838723,0.004506653941996682,189.46
9,0.04889112903225823,0.036366515359442554,196.35
10,0.04092741935483879,0.0,196.35
