num_genrations,diversity,improvement,best_fitness
4,0.04180107526881727,0.023484848484848494,175.63
0,0.9918682795698924,0,167.3
5,0.05067204301075279,0.0,175.63
6,0.041129032258064635,0.02687467972442065,180.35
1,0.8688172043010753,0.025702331141661584,171.6
7,0.05100806451612927,0.006986415303576487,181.61
2,0.6591397849462366,0.0,171.6
8,0.05295698924731207,0.0,181.61
9,0.048790322580645196,0.04729915753537787,190.2
3,0.3378360215053764,0.0,171.6
10,0.048521505376344365,0.0,190.2
4,0.04180107526881727,0.023484848484848494,175.63
5,0.05067204301075279,0.0,175.63
6,0.041129032258064635,0.02687467972442065,180.35
7,0.05100806451612927,0.006986415303576487,181.61
8,0.05295698924731207,0.0,181.61
9,0.048790322580645196,0.04729915753537787,190.2
10,0.048521505376344365,0.0,190.2
