n_nodes,influence,n0,n1,n2,n3,n4
5,82.6100,19,5066,20,38,1
5,82.0700,19,20,284,38,1
5,80.7000,19,5066,20,38,433
5,80.7000,19,5066,20,38,433
5,80.5800,19,5066,20,38,1
5,79.5800,19,20,5066,38,433
5,79.5800,19,20,5066,38,433
5,79.3100,19,20,284,38,55
5,79.2900,19,20,284,38,433
5,79.2900,19,20,5066,38,433
5,79.0700,19,20,284,38,433
5,77.9800,5066,19,20,38,433
5,77.6100,19,20,5066,38,433
5,77.6100,19,20,5066,38,433
5,77.4600,19,20,5066,38,433
5,77.4600,19,20,5066,38,433
5,77.4600,19,20,5066,38,433
5,77.4600,19,20,5066,38,433
5,77.2700,5066,19,20,38,433
5,77.2700,5066,19,20,38,433
5,77.1500,19,20,284,38,433
5,77.0700,19,20,284,38,433
5,76.9600,19,20,5066,38,433
5,76.7300,19,20,284,38,433
5,76.7300,19,20,284,38,433
5,76.7300,19,20,284,38,433
5,76.7300,19,20,284,38,433
5,76.7300,19,20,284,38,433
5,76.7300,19,20,284,38,433
5,76.7300,19,20,284,38,433
5,76.7300,19,20,284,38,433
5,76.7300,19,20,284,38,433
5,76.7300,19,20,284,38,433
5,76.7300,19,20,284,38,433
5,76.7300,19,20,284,38,433
5,76.0200,19,20,284,38,55
5,76.0200,19,20,284,38,55
5,76.0200,19,20,284,38,55
5,76.0200,19,20,284,38,55
5,76.0200,19,20,284,38,55
5,74.4800,19,20,5066,38,433
5,74.0100,19,20,5066,38,433
5,74.0100,19,20,5066,38,433
5,73.7200,55,20,284,38,1
5,72.9100,19,20,5066,38,433
5,72.4900,19,20,284,38,55
5,72.2100,19,20,5066,38,284
5,70.2100,19,20,284,38,8656
5,69.8100,55,20,284,38,1
5,69.7700,38,5066,8232,19,20
5,69.3400,55,20,284,38,1
5,69.1200,19,20,5066,38,699
5,68.9200,38,5622,19,20,284
5,68.5100,55,20,284,38,1
5,68.5100,699,433,20,38,1
5,68.5100,699,433,20,38,1
5,68.4900,55,20,284,38,1
5,68.4900,55,20,284,38,1
5,68.4900,55,20,284,38,1
5,68.4900,55,20,284,38,1
5,68.4900,55,20,284,38,1
5,68.4900,55,20,284,38,1
5,68.4900,55,20,284,38,1
5,68.4900,55,20,284,38,1
5,68.4900,55,20,284,38,1
5,68.4900,55,20,284,38,1
5,68.4900,55,20,284,38,1
5,68.4900,55,20,284,38,1
5,68.4800,3136,433,20,38,1
5,68.3300,55,20,5066,38,433
5,68.0900,38,5030,19,20,284
5,68.0100,55,20,284,38,1
5,67.4500,55,20,284,38,1
5,67.4500,55,20,284,38,1
5,67.4500,55,20,284,38,1
5,67.4500,55,20,284,38,1
5,67.4500,55,20,284,38,1
5,67.4100,55,20,5066,38,1
5,67.0600,19,5066,20,55,433
5,67.0600,19,5066,20,55,433
5,67.0600,19,5066,20,55,433
5,66.8700,55,20,284,38,433
5,66.8100,19,20,284,38,8656
5,66.8100,19,20,284,38,8656
5,66.8000,1,38,20,55,3909
5,66.7500,1,38,20,55,4789
5,66.7200,55,20,5066,38,433
5,66.7200,55,20,5066,38,433
5,66.7200,55,20,5066,38,433
5,66.7200,55,20,5066,38,433
5,66.7200,55,20,5066,38,433
5,66.7200,55,20,5066,38,433
5,66.7200,55,20,5066,38,433
5,66.5700,1,38,20,4043,433
5,66.5100,1,38,7189,20,284
5,66.5100,1,38,7189,20,284
5,66.2000,55,20,284,38,433
5,65.8400,1,38,20,4043,284
5,65.8400,1,38,20,4043,284
5,65.8400,1,38,20,4043,284
5,65.8400,1,38,20,4043,284
5,65.8400,1,38,20,4043,284
5,65.8400,1,38,20,4043,284
5,65.8100,55,20,284,38,433
5,65.6000,5066,19,20,55,2128
5,65.4100,3265,609,19,20,433
5,65.1300,55,20,284,38,433
5,64.8200,55,20,284,38,433
5,64.7600,1,38,20,55,8799
5,64.7600,1,38,20,55,8799
5,64.7100,55,20,5066,38,433
5,64.3300,55,20,5066,38,433
5,64.3100,55,20,5066,38,433
5,64.3100,55,20,5066,38,433
5,64.3100,55,20,5066,38,433
5,64.3000,55,20,284,38,433
5,64.2700,1,38,20,4043,433
5,64.1700,55,20,5066,38,433
5,64.1700,55,20,5066,38,433
5,64.1700,55,20,5066,38,433
5,64.1700,55,20,5066,38,433
5,64.1700,55,20,5066,38,433
5,64.1700,55,20,5066,38,433
5,64.1700,55,20,5066,38,433
5,64.1700,55,20,5066,38,433
5,64.1700,55,20,5066,38,433
5,64.1700,55,20,5066,38,433
5,64.1700,55,20,5066,38,433
