num_genrations,diversity,improvement,best_fitness
0,1.0,0,46.92
1,0.9116935483870968,0.017476555839727202,47.74
2,0.6936827956989247,0.0010473397570171167,47.79
3,0.5260752688172043,0.015693659761456372,48.54
4,0.5904569892473117,0.03605274000824063,50.29
5,0.5434139784946236,0.018691588785046682,51.23
6,0.49489247311827955,0.010735896935389504,51.78
7,0.4532258064516129,0.05388180764774042,54.57
8,0.3447580645161291,0.020524097489463027,55.69
9,0.2002688172043009,0.0,55.69
10,0.18185483870967722,0.01310827796731916,56.42
