n_nodes,influence,n0,n1,n2,n3,n4,n5,n6,n7,n8,n9,n10,n11,n12,n13,n14
15,660.3000,3360,2688,1210,2485,4336,5609,5611,1613,1166,8175,248,7448,2587,796,6013
15,660.3000,3360,2688,1210,2485,4336,5609,5611,1613,1166,8175,248,7448,2587,796,6013
15,660.3000,3360,2688,1210,2485,4336,5609,5611,1613,1166,8175,248,7448,2587,796,6013
15,660.3000,3360,2688,1210,2485,4336,5609,5611,1613,1166,8175,248,7448,2587,796,6013
15,660.3000,3360,2688,1210,2485,4336,5609,5611,1613,1166,8175,248,7448,2587,796,6013
15,660.3000,3360,2688,1210,2485,4336,5609,5611,1613,1166,8175,248,7448,2587,796,6013
15,660.3000,3360,2688,1210,2485,4336,5609,5611,1613,1166,8175,248,7448,2587,796,6013
15,660.3000,3360,2688,1210,2485,4336,5609,5611,1613,1166,8175,248,7448,2587,796,6013
15,660.3000,3360,2688,1210,2485,4336,5609,5611,1613,1166,8175,248,7448,2587,796,6013
15,660.3000,3360,2688,1210,2485,4336,5609,5611,1613,1166,8175,248,7448,2587,796,6013
15,660.3000,3360,2688,1210,2485,4336,5609,5611,1613,1166,8175,248,7448,2587,796,6013
15,660.3000,3360,2688,1210,2485,4336,5609,5611,1613,1166,8175,248,7448,2587,796,6013
15,660.3000,3360,2688,1210,2485,4336,5609,5611,1613,1166,8175,248,7448,2587,796,6013
15,660.3000,3360,2688,1210,2485,4336,5609,5611,1613,1166,8175,248,7448,2587,796,6013
15,660.3000,3360,2688,1210,2485,4336,5609,5611,1613,1166,8175,248,7448,2587,796,6013
15,660.3000,3360,2688,1210,2485,4336,5609,5611,1613,1166,8175,248,7448,2587,796,6013
15,660.3000,3360,2688,1210,2485,4336,5609,5611,1613,1166,8175,248,7448,2587,796,6013
15,660.3000,3360,2688,1210,2485,4336,5609,5611,1613,1166,8175,248,7448,2587,796,6013
15,660.3000,3360,2688,1210,2485,4336,5609,5611,1613,1166,8175,248,7448,2587,796,6013
15,660.3000,3360,2688,1210,2485,4336,5609,5611,1613,1166,8175,248,7448,2587,796,6013
15,660.3000,3360,2688,1210,2485,4336,5609,5611,1613,1166,8175,248,7448,2587,796,6013
15,660.3000,3360,2688,1210,2485,4336,5609,5611,1613,1166,8175,248,7448,2587,796,6013
15,660.3000,3360,2688,1210,2485,4336,5609,5611,1613,1166,8175,248,7448,2587,796,6013
15,660.3000,3360,2688,1210,2485,4336,5609,5611,1613,1166,8175,248,7448,2587,796,6013
15,660.3000,3360,2688,1210,2485,4336,5609,5611,1613,1166,8175,248,7448,2587,796,6013
15,660.3000,3360,2688,1210,2485,4336,5609,5611,1613,1166,8175,248,7448,2587,796,6013
15,660.3000,3360,2688,1210,2485,4336,5609,5611,1613,1166,8175,248,7448,2587,796,6013
15,660.3000,3360,2688,1210,2485,4336,5609,5611,1613,1166,8175,248,7448,2587,796,6013
15,660.3000,3360,2688,1210,2485,4336,5609,5611,1613,1166,8175,248,7448,2587,796,6013
15,653.2700,3360,2688,7448,5609,870,1613,1166,8175,4336,2485,248,1210,2587,796,6013
15,653.2400,3360,2688,1210,2485,4336,5609,5611,1613,1166,8175,248,7448,2587,796,6013
15,653.2400,3360,2688,1210,2485,4336,5609,5611,1613,1166,8175,248,7448,2587,796,6013
