generation number, individual number, fitness, candidate
0, 0, 64.09, [1509, 571]
0, 1, 63.09, [1509, 717]
0, 2, 16.1, [1350, 1401]
0, 3, 14.0, [2320, 1425]
0, 4, 12.0, [1480, 695]
0, 5, 10.0, [1401, 1403]
0, 6, 10.0, [1401, 717]
0, 7, 7.0, [571, 751]
0, 8, 6.46, [1407, 1403]
0, 9, 3.0, [1078, 1518]
1, 0, 64.82, [1509, 1402]
1, 1, 64.09, [1509, 571]
1, 2, 63.09, [1509, 717]
1, 3, 61.32, [1509, 1059]
1, 4, 61.07, [1509, 4227]
1, 5, 60.42, [1509, 1059]
1, 6, 9.12, [1350, 1378]
1, 7, 8.0, [2320, 1247]
1, 8, 5.0, [1611, 571]
1, 9, 3.53, [788, 1040]
2, 0, 65.41, [1509, 421]
2, 1, 64.82, [1509, 1402]
2, 2, 64.09, [1509, 571]
2, 3, 13.42, [1425, 1223]
2, 4, 11.5, [1425, 1402]
2, 5, 9.0, [1125, 1417]
2, 6, 7.0, [576, 1279]
2, 7, 4.39, [697, 571]
2, 8, 3.45, [1767, 788]
2, 9, 3.0, [1652, 645]
3, 0, 65.41, [1509, 421]
3, 1, 65.04, [1509, 905]
3, 2, 64.82, [1509, 1402]
3, 3, 45.43, [6917, 571]
3, 4, 11.46, [1402, 1401]
3, 5, 7.09, [1990, 788]
3, 6, 7.0, [140, 695]
3, 7, 5.59, [1287, 1328]
3, 8, 5.0, [1020, 421]
3, 9, 3.47, [2110, 788]
4, 0, 65.41, [1509, 421]
4, 1, 65.04, [1509, 905]
4, 2, 63.18, [1509, 1247]
4, 3, 48.45, [6917, 695]
4, 4, 48.44, [6917, 695]
4, 5, 9.0, [1351, 571]
4, 6, 8.51, [1407, 905]
4, 7, 6.48, [788, 905]
4, 8, 6.0, [1287, 421]
4, 9, 2.0, [1715, 1090]
5, 0, 65.41, [1509, 421]
5, 1, 65.04, [1509, 905]
5, 2, 17.0, [1091, 695]
5, 3, 15.0, [1091, 905]
5, 4, 12.0, [1401, 421]
5, 5, 9.0, [1125, 905]
5, 6, 6.48, [1407, 775]
5, 7, 5.75, [1990, 1368]
5, 8, 4.0, [2094, 571]
5, 9, 2.0, [3662, 1131]
6, 0, 67.36, [1509, 695]
6, 1, 67.07, [1509, 140]
6, 2, 65.41, [1509, 421]
6, 3, 65.04, [1509, 905]
6, 4, 62.3, [314, 1509]
6, 5, 15.0, [1091, 421]
6, 6, 8.0, [1403, 695]
6, 7, 6.0, [421, 1827]
6, 8, 6.0, [1078, 905]
6, 9, 3.0, [975, 1619]
7, 0, 67.36, [1509, 695]
7, 1, 67.19, [1509, 695]
7, 2, 67.07, [1509, 140]
7, 3, 13.92, [1350, 140]
7, 4, 10.0, [1401, 1611]
7, 5, 8.0, [717, 576]
7, 6, 5.0, [1141, 1715]
7, 7, 2.0, [1906, 1767]
7, 8, 2.0, [1090, 4227]
7, 9, 2.0, [1190, 831]
8, 0, 67.36, [1509, 695]
8, 1, 67.19, [1509, 695]
8, 2, 61.8, [1509, 1168]
8, 3, 44.59, [975, 6917]
8, 4, 12.0, [1351, 695]
8, 5, 12.0, [1351, 140]
8, 6, 11.0, [1442, 2171]
8, 7, 8.0, [1403, 695]
8, 8, 7.0, [1767, 576]
8, 9, 5.55, [1990, 787]
9, 0, 67.36, [1509, 695]
9, 1, 67.19, [1509, 695]
9, 2, 61.24, [1509, 1518]
9, 3, 44.61, [1350, 6917]
9, 4, 42.56, [1767, 6917]
9, 5, 8.0, [975, 140]
9, 6, 8.0, [975, 140]
9, 7, 8.0, [975, 140]
9, 8, 8.0, [775, 140]
9, 9, 5.5, [1990, 970]
10, 0, 67.36, [1509, 695]
10, 1, 67.19, [1509, 695]
10, 2, 61.88, [1509, 1131]
10, 3, 61.51, [1509, 1020]
10, 4, 44.89, [1350, 6917]
10, 5, 14.04, [1350, 140]
10, 6, 8.94, [1350, 1497]
10, 7, 8.0, [576, 695]
10, 8, 7.0, [787, 576]
10, 9, 6.0, [1767, 2332]
