num_genrations,diversity,improvement,best_fitness
0,0.9993356299212598,0,2141.44
1,0.9797490157480315,0.0003035340705320209,2142.09
2,0.9363927165354331,0.000322115317283613,2142.78
3,0.8783464566929133,0.0,2142.78
4,0.8618602362204725,0.0,2142.78
5,0.8201525590551181,0.0005133518139985948,2143.88
6,0.6857037401574804,0.00040580629512840775,2144.75
7,0.6862942913385826,-0.0006900571162140194,2143.27
8,0.5534694881889763,0.0002659487605388792,2143.84
9,0.3427903543307086,0.0005130979923874491,2144.94
10,0.3957923228346457,0.0,2144.94
