generation number, individual number, fitness, candidate
0, 0, 9.0, [834, 656]
0, 1, 7.45, [990, 841]
0, 2, 6.15, [905, 1025]
0, 3, 6.0, [1381, 1048]
0, 4, 6.0, [1003, 487]
0, 5, 6.0, [834, 691]
0, 6, 5.41, [3, 809]
0, 7, 3.48, [841, 1353]
0, 8, 3.25, [1289, 1048]
0, 9, 3.0, [1394, 1029]
1, 0, 12.0, [873, 476]
1, 1, 9.0, [990, 816]
1, 2, 9.0, [834, 656]
1, 3, 8.0, [1543, 786]
1, 4, 8.0, [1414, 656]
1, 5, 7.45, [990, 841]
1, 6, 6.56, [1414, 841]
1, 7, 6.0, [834, 1028]
1, 8, 5.0, [1003, 656]
1, 9, 5.0, [1225, 656]
2, 0, 12.0, [1381, 476]
2, 1, 12.0, [873, 476]
2, 2, 9.25, [1555, 476]
2, 3, 9.0, [1514, 816]
2, 4, 9.0, [990, 656]
2, 5, 9.0, [990, 816]
2, 6, 8.0, [990, 98]
2, 7, 8.0, [1543, 694]
2, 8, 8.0, [873, 816]
2, 9, 8.0, [834, 98]
3, 0, 30.44, [1555, 5117]
3, 1, 12.0, [834, 476]
3, 2, 12.0, [1381, 476]
3, 3, 12.0, [873, 476]
3, 4, 8.0, [990, 587]
3, 5, 5.0, [1580, 816]
3, 6, 5.0, [873, 2341]
3, 7, 4.0, [1574, 3639]
3, 8, 3.87, [1289, 710]
3, 9, 2.0, [711, 1225]
4, 0, 34.27, [1514, 5117]
4, 1, 30.44, [1555, 5117]
4, 2, 12.0, [834, 476]
4, 3, 9.53, [841, 476]
4, 4, 8.0, [873, 98]
4, 5, 7.0, [247, 816]
4, 6, 6.0, [834, 2490]
4, 7, 6.0, [1543, 850]
4, 8, 6.0, [1381, 831]
4, 9, 5.21, [1555, 98]
5, 0, 34.27, [1514, 5117]
5, 1, 33.39, [1414, 5117]
5, 2, 33.18, [2340, 5117]
5, 3, 30.44, [1555, 5117]
5, 4, 30.0, [1028, 5117]
5, 5, 29.83, [1028, 5117]
5, 6, 11.0, [2340, 476]
5, 7, 8.0, [1514, 587]
5, 8, 7.0, [1514, 450]
5, 9, 6.4, [1555, 1567]
6, 0, 34.27, [1514, 5117]
6, 1, 33.39, [1414, 5117]
6, 2, 33.33, [819, 5117]
6, 3, 32.93, [2340, 5117]
6, 4, 30.08, [798, 5117]
6, 5, 8.0, [1514, 1574]
6, 6, 7.0, [785, 339]
6, 7, 6.0, [873, 1580]
6, 8, 4.0, [1048, 751]
6, 9, 3.0, [831, 690]
7, 0, 34.27, [1514, 5117]
7, 1, 33.88, [873, 5117]
7, 2, 33.39, [1414, 5117]
7, 3, 8.0, [751, 741]
7, 4, 7.0, [1514, 819]
7, 5, 6.0, [1229, 2070]
7, 6, 5.0, [662, 1229]
7, 7, 3.0, [850, 635]
7, 8, 2.43, [320, 1141]
7, 9, 2.0, [483, 1229]
8, 0, 38.47, [819, 520]
8, 1, 34.27, [1514, 5117]
8, 2, 33.88, [873, 5117]
8, 3, 33.81, [1514, 5117]
8, 4, 12.0, [934, 2032]
8, 5, 9.0, [816, 2070]
8, 6, 8.0, [1419, 934]
8, 7, 7.0, [834, 1157]
8, 8, 5.0, [741, 1543]
8, 9, 5.0, [483, 694]
9, 0, 38.83, [2340, 520]
9, 1, 38.47, [819, 520]
9, 2, 38.41, [2340, 520]
9, 3, 34.27, [1514, 5117]
9, 4, 33.99, [873, 5117]
9, 5, 30.03, [1569, 5117]
9, 6, 13.4, [1514, 964]
9, 7, 7.0, [1514, 697]
9, 8, 5.0, [819, 831]
9, 9, 3.51, [831, 1555]
10, 0, 38.83, [2340, 520]
10, 1, 38.47, [819, 520]
10, 2, 37.32, [716, 5117]
10, 3, 35.62, [1048, 520]
10, 4, 35.41, [798, 520]
10, 5, 9.0, [873, 662]
10, 6, 7.0, [656, 974]
10, 7, 5.56, [841, 905]
10, 8, 5.45, [819, 1141]
10, 9, 3.0, [710, 545]
11, 0, 38.83, [2340, 520]
11, 1, 38.47, [819, 520]
11, 2, 35.74, [2341, 520]
11, 3, 35.59, [2341, 520]
11, 4, 35.56, [429, 520]
11, 5, 35.53, [2341, 520]
11, 6, 34.75, [873, 5117]
11, 7, 5.0, [2340, 2436]
11, 8, 4.39, [1229, 1025]
11, 9, 3.0, [710, 2667]
12, 0, 38.83, [2340, 520]
12, 1, 38.47, [819, 520]
12, 2, 35.56, [2341, 520]
12, 3, 9.0, [1543, 487]
12, 4, 8.0, [2340, 656]
12, 5, 7.59, [1219, 336]
12, 6, 6.0, [2341, 834]
12, 7, 6.0, [429, 873]
12, 8, 6.0, [873, 1378]
12, 9, 5.0, [1003, 662]
13, 0, 39.71, [1514, 520]
13, 1, 38.83, [2340, 520]
13, 2, 38.47, [819, 520]
13, 3, 36.44, [1157, 520]
13, 4, 35.5, [1378, 520]
13, 5, 6.0, [819, 690]
13, 6, 6.0, [873, 1229]
13, 7, 6.0, [834, 675]
13, 8, 4.0, [751, 1603]
13, 9, 4.0, [1574, 1028]
14, 0, 39.71, [1514, 520]
14, 1, 38.83, [2340, 520]
14, 2, 38.65, [816, 520]
14, 3, 36.71, [1157, 520]
14, 4, 8.0, [439, 798]
14, 5, 7.5, [2070, 841]
14, 6, 7.0, [662, 98]
14, 7, 7.0, [1514, 690]
14, 8, 6.0, [970, 2436]
14, 9, 6.0, [990, 1378]
15, 0, 39.71, [1514, 520]
15, 1, 38.83, [2340, 520]
15, 2, 34.68, [731, 520]
15, 3, 13.3, [964, 990]
15, 4, 12.0, [1514, 476]
15, 5, 9.0, [1543, 873]
15, 6, 8.0, [476, 798]
15, 7, 8.0, [1514, 247]
15, 8, 6.0, [495, 786]
15, 9, 3.42, [1225, 1289]
16, 0, 39.71, [1514, 520]
16, 1, 38.95, [2340, 520]
16, 2, 38.83, [2340, 520]
16, 3, 36.32, [1157, 520]
16, 4, 35.32, [1045, 520]
16, 5, 12.0, [1543, 716]
16, 6, 10.0, [850, 716]
16, 7, 9.0, [15, 1138]
16, 8, 8.0, [934, 1419]
16, 9, 6.57, [809, 1430]
17, 0, 39.71, [1514, 520]
17, 1, 38.95, [2340, 520]
17, 2, 35.44, [697, 520]
17, 3, 11.0, [439, 751]
17, 4, 9.46, [439, 1141]
17, 5, 6.0, [834, 635]
17, 6, 6.0, [1514, 483]
17, 7, 5.0, [831, 662]
17, 8, 5.0, [662, 2341]
17, 9, 5.0, [819, 666]
18, 0, 39.71, [1514, 520]
18, 1, 38.95, [2340, 520]
18, 2, 38.56, [2340, 520]
18, 3, 36.47, [1219, 520]
18, 4, 34.32, [609, 520]
18, 5, 9.0, [656, 1514]
18, 6, 7.0, [785, 1003]
18, 7, 7.0, [216, 1381]
18, 8, 6.0, [2340, 1540]
18, 9, 5.0, [819, 831]
19, 0, 39.71, [1514, 520]
19, 1, 39.56, [1381, 520]
19, 2, 38.95, [2340, 520]
19, 3, 36.53, [450, 520]
19, 4, 35.59, [2341, 520]
19, 5, 35.29, [2341, 520]
19, 6, 8.0, [609, 934]
19, 7, 7.0, [1514, 1967]
19, 8, 6.0, [656, 1567]
19, 9, 4.0, [2340, 3639]
20, 0, 39.71, [1514, 520]
20, 1, 39.56, [1381, 520]
20, 2, 38.65, [2340, 520]
20, 3, 35.71, [697, 520]
20, 4, 8.0, [1048, 934]
20, 5, 7.51, [450, 336]
20, 6, 7.0, [2340, 98]
20, 7, 6.19, [2340, 1289]
20, 8, 5.0, [2340, 483]
20, 9, 5.0, [2340, 666]
21, 0, 39.71, [1514, 520]
21, 1, 39.56, [1381, 520]
21, 2, 38.5, [694, 520]
21, 3, 38.23, [2340, 520]
21, 4, 36.23, [3147, 520]
21, 5, 7.0, [741, 495]
21, 6, 6.0, [78, 662]
21, 7, 6.0, [1514, 2436]
21, 8, 6.0, [429, 834]
21, 9, 4.0, [1574, 3639]
22, 0, 39.71, [1514, 520]
22, 1, 39.56, [1381, 520]
22, 2, 38.41, [819, 520]
22, 3, 36.86, [841, 520]
22, 4, 13.0, [1514, 1138]
22, 5, 7.0, [694, 809]
22, 6, 6.0, [1378, 741]
22, 7, 6.0, [545, 2070]
22, 8, 6.0, [1381, 1225]
22, 9, 5.0, [902, 905]
23, 0, 39.71, [1514, 520]
23, 1, 39.65, [834, 520]
23, 2, 39.56, [1381, 520]
23, 3, 36.59, [710, 520]
23, 4, 13.0, [1514, 716]
23, 5, 12.0, [934, 1514]
23, 6, 7.0, [834, 495]
23, 7, 6.0, [1381, 1580]
23, 8, 6.0, [735, 487]
23, 9, 6.0, [2340, 690]
24, 0, 39.71, [1514, 520]
24, 1, 39.65, [834, 520]
24, 2, 38.53, [2340, 520]
24, 3, 38.17, [656, 520]
24, 4, 9.45, [964, 429]
24, 5, 9.0, [2340, 2070]
24, 6, 6.0, [1381, 1378]
24, 7, 5.47, [3, 1827]
24, 8, 5.0, [798, 694]
24, 9, 5.0, [662, 15]
25, 0, 39.71, [1514, 520]
25, 1, 39.65, [834, 520]
25, 2, 38.41, [816, 520]
25, 3, 35.68, [1229, 520]
25, 4, 35.41, [2667, 520]
25, 5, 9.0, [2340, 741]
25, 6, 7.16, [1025, 2340]
25, 7, 6.0, [786, 450]
25, 8, 6.0, [834, 2436]
25, 9, 5.0, [1414, 1580]
26, 0, 39.71, [1514, 520]
26, 1, 39.65, [834, 520]
26, 2, 38.53, [2340, 520]
26, 3, 9.0, [662, 1514]
26, 4, 7.0, [834, 1540]
26, 5, 6.0, [809, 247]
26, 6, 6.0, [1514, 1419]
26, 7, 5.0, [1414, 2490]
26, 8, 4.0, [780, 1219]
26, 9, 4.0, [3147, 902]
27, 0, 39.71, [1514, 520]
27, 1, 39.65, [834, 520]
27, 2, 38.32, [2340, 520]
27, 3, 9.0, [834, 816]
27, 4, 9.0, [1514, 816]
27, 5, 7.0, [834, 495]
27, 6, 5.0, [809, 922]
27, 7, 3.0, [1229, 1540]
27, 8, 3.0, [15, 1540]
27, 9, 2.0, [1394, 1419]
28, 0, 39.71, [1514, 520]
28, 1, 39.65, [834, 520]
28, 2, 38.62, [1414, 520]
28, 3, 35.56, [520, 1225]
28, 4, 12.0, [2340, 716]
28, 5, 7.09, [1827, 1347]
28, 6, 7.0, [2032, 1540]
28, 7, 7.0, [1514, 1540]
28, 8, 6.0, [2340, 450]
28, 9, 5.0, [1394, 1543]
29, 0, 39.71, [1514, 520]
29, 1, 39.65, [834, 520]
29, 2, 36.85, [1555, 520]
29, 3, 36.62, [1157, 520]
29, 4, 35.38, [1967, 520]
29, 5, 12.0, [2340, 716]
29, 6, 7.0, [694, 1574]
29, 7, 6.0, [487, 15]
29, 8, 3.55, [841, 1229]
29, 9, 3.2, [1555, 1048]
30, 0, 39.71, [1514, 520]
30, 1, 39.65, [834, 520]
30, 2, 38.53, [2340, 520]
30, 3, 35.29, [697, 520]
30, 4, 11.0, [2340, 934]
30, 5, 11.0, [934, 1543]
30, 6, 7.19, [1555, 1381]
30, 7, 6.0, [2340, 3147]
30, 8, 5.0, [1028, 1567]
30, 9, 5.0, [587, 216]
31, 0, 39.74, [439, 520]
31, 1, 39.71, [1514, 520]
31, 2, 39.65, [834, 520]
31, 3, 38.41, [1414, 520]
31, 4, 35.56, [2341, 520]
31, 5, 9.0, [1514, 1567]
31, 6, 7.35, [1347, 1827]
31, 7, 7.13, [1414, 1025]
31, 8, 6.0, [1514, 711]
31, 9, 5.0, [662, 1353]
32, 0, 39.74, [439, 520]
32, 1, 39.71, [1514, 520]
32, 2, 35.14, [662, 520]
32, 3, 34.47, [15, 520]
32, 4, 13.0, [1514, 716]
32, 5, 9.0, [716, 1003]
32, 6, 6.0, [731, 2032]
32, 7, 5.0, [834, 1414]
32, 8, 4.58, [841, 1540]
32, 9, 4.0, [1419, 1574]
33, 0, 39.74, [439, 520]
33, 1, 39.71, [1514, 520]
33, 2, 9.0, [439, 1509]
33, 3, 9.0, [439, 1603]
33, 4, 6.0, [873, 711]
33, 5, 6.0, [15, 2070]
33, 6, 6.0, [1514, 1580]
33, 7, 5.56, [3, 1025]
33, 8, 5.22, [1347, 1509]
33, 9, 3.1, [731, 1555]
34, 0, 39.74, [439, 520]
34, 1, 39.71, [1514, 520]
34, 2, 10.0, [439, 495]
34, 3, 9.46, [336, 656]
34, 4, 9.4, [1045, 964]
34, 5, 8.19, [1347, 816]
34, 6, 8.0, [785, 780]
34, 7, 6.0, [1381, 429]
34, 8, 6.0, [1514, 635]
34, 9, 5.0, [2340, 1509]
35, 0, 39.74, [439, 520]
35, 1, 39.71, [1514, 520]
35, 2, 36.32, [1157, 520]
35, 3, 35.44, [1569, 520]
35, 4, 27.37, [2340, 2846]
35, 5, 14.0, [1514, 964]
35, 6, 8.0, [934, 1394]
35, 7, 7.0, [785, 635]
35, 8, 6.0, [990, 320]
35, 9, 4.0, [1827, 711]
36, 0, 39.74, [439, 520]
36, 1, 39.71, [1514, 520]
36, 2, 39.32, [439, 520]
36, 3, 38.53, [2340, 520]
36, 4, 10.49, [439, 841]
36, 5, 9.0, [439, 1569]
36, 6, 8.0, [476, 1509]
36, 7, 7.0, [785, 545]
36, 8, 5.0, [2340, 2436]
36, 9, 5.0, [751, 850]
37, 0, 39.74, [439, 520]
37, 1, 39.71, [1514, 520]
37, 2, 38.41, [2340, 520]
37, 3, 13.4, [964, 2070]
37, 4, 9.49, [934, 841]
37, 5, 9.0, [439, 1028]
37, 6, 9.0, [439, 831]
37, 7, 8.53, [1430, 873]
37, 8, 7.46, [841, 990]
37, 9, 5.0, [819, 691]
38, 0, 39.74, [439, 520]
38, 1, 39.71, [1514, 520]
38, 2, 34.2, [1419, 520]
38, 3, 25.44, [710, 2846]
38, 4, 16.6, [964, 1138]
38, 5, 9.0, [2340, 2070]
38, 6, 6.0, [816, 495]
38, 7, 6.0, [487, 545]
38, 8, 5.33, [1025, 697]
38, 9, 5.0, [731, 1543]
39, 0, 40.41, [934, 520]
39, 1, 39.74, [439, 520]
39, 2, 39.71, [1514, 520]
39, 3, 12.45, [656, 964]
39, 4, 8.0, [247, 990]
39, 5, 8.0, [934, 1229]
39, 6, 7.0, [2340, 751]
39, 7, 6.0, [216, 694]
39, 8, 4.0, [1394, 1827]
39, 9, 3.0, [731, 780]
40, 0, 40.56, [934, 520]
40, 1, 40.41, [934, 520]
40, 2, 39.74, [439, 520]
40, 3, 38.26, [2340, 520]
40, 4, 35.5, [1028, 520]
40, 5, 8.0, [934, 1229]
40, 6, 8.0, [666, 1138]
40, 7, 8.0, [934, 2490]
40, 8, 8.0, [1514, 694]
40, 9, 4.28, [850, 1289]
41, 0, 40.56, [934, 520]
41, 1, 40.41, [934, 520]
41, 2, 35.59, [666, 520]
41, 3, 23.48, [711, 2846]
41, 4, 9.0, [934, 1540]
41, 5, 8.0, [476, 1419]
41, 6, 8.0, [934, 545]
41, 7, 7.0, [934, 666]
41, 8, 7.0, [1543, 98]
41, 9, 7.0, [2340, 809]
42, 0, 40.56, [934, 520]
42, 1, 40.41, [934, 520]
42, 2, 38.65, [819, 520]
42, 3, 30.74, [5117, 1157]
42, 4, 11.2, [1025, 1138]
42, 5, 10.8, [1347, 964]
42, 6, 6.92, [1141, 336]
42, 7, 6.0, [2667, 990]
42, 8, 5.0, [694, 609]
42, 9, 3.0, [78, 339]
43, 0, 40.56, [934, 520]
43, 1, 40.41, [934, 520]
43, 2, 38.02, [1430, 520]
43, 3, 30.77, [5117, 690]
43, 4, 7.0, [3639, 785]
43, 5, 6.0, [666, 970]
43, 6, 5.0, [662, 545]
43, 7, 4.0, [216, 690]
43, 8, 4.0, [1827, 711]
43, 9, 3.36, [691, 1289]
44, 0, 40.56, [934, 520]
44, 1, 40.41, [934, 520]
44, 2, 37.84, [1025, 520]
44, 3, 35.53, [798, 520]
44, 4, 35.38, [1045, 520]
44, 5, 12.52, [336, 934]
44, 6, 12.0, [819, 716]
44, 7, 9.0, [934, 439]
44, 8, 8.0, [934, 1394]
44, 9, 7.0, [587, 662]
45, 0, 40.56, [934, 520]
45, 1, 40.41, [934, 520]
45, 2, 39.29, [520, 2032]
45, 3, 36.96, [1289, 520]
45, 4, 9.0, [934, 78]
45, 5, 6.0, [3639, 2032]
45, 6, 6.0, [1353, 990]
45, 7, 6.0, [1045, 990]
45, 8, 5.5, [1430, 841]
45, 9, 4.0, [1419, 587]
46, 0, 40.56, [934, 520]
46, 1, 40.41, [934, 520]
46, 2, 36.26, [520, 1029]
46, 3, 35.14, [1394, 520]
46, 4, 12.0, [934, 2070]
46, 5, 9.0, [716, 545]
46, 6, 6.0, [819, 780]
46, 7, 6.0, [609, 990]
46, 8, 5.0, [974, 495]
46, 9, 4.0, [905, 1419]
47, 0, 40.56, [934, 520]
47, 1, 40.41, [934, 520]
47, 2, 38.54, [1347, 520]
47, 3, 35.38, [798, 520]
47, 4, 35.29, [666, 520]
47, 5, 10.5, [964, 216]
47, 6, 9.0, [934, 450]
47, 7, 6.0, [2032, 731]
47, 8, 6.0, [834, 1378]
47, 9, 4.0, [809, 831]
48, 0, 40.56, [934, 520]
48, 1, 40.41, [934, 520]
48, 2, 38.44, [1138, 520]
48, 3, 34.41, [922, 520]
48, 4, 11.0, [934, 1414]
48, 5, 9.49, [1141, 439]
48, 6, 5.0, [809, 1540]
48, 7, 4.0, [902, 1157]
48, 8, 4.0, [798, 247]
48, 9, 3.54, [3, 320]
49, 0, 40.56, [934, 520]
49, 1, 40.41, [934, 520]
49, 2, 39.56, [2070, 520]
49, 3, 35.29, [798, 520]
49, 4, 9.0, [934, 1540]
49, 5, 7.0, [587, 816]
49, 6, 6.0, [990, 2436]
49, 7, 6.0, [1514, 691]
49, 8, 5.0, [694, 1509]
49, 9, 4.0, [1967, 495]
50, 0, 40.56, [934, 520]
50, 1, 40.41, [934, 520]
50, 2, 36.74, [450, 520]
50, 3, 13.0, [716, 2032]
50, 4, 8.0, [934, 429]
50, 5, 7.0, [934, 902]
50, 6, 6.32, [1347, 3147]
50, 7, 6.0, [786, 216]
50, 8, 4.0, [247, 2490]
50, 9, 3.74, [1141, 1555]
