num_genrations,diversity,improvement,best_fitness
0,0.9952380952380953,0,139.24999999999994
1,0.6988095238095238,-0.24868940754039465,104.62
2,0.3285714285714286,0.06614414069967503,111.54
3,0.0,-0.06204052357898513,104.62
4,0.03571428571428559,0.25817243356910713,131.63
5,0.14880952380952372,0.0,131.63
6,0.08690476190476182,0.007597052343690864,132.63000000000002
7,0.05119047619047623,0.5417326396742816,204.48000000000002
8,0.18452380952380953,0.0,204.48000000000002
9,0.017857142857142794,0.03232589984350554,211.09000000000003
10,0.0,-0.03131365768155769,204.48000000000002
