n_nodes,influence,n0,n1,n2,n3,n4,n5,n6,n7,n8,n9,n10,n11,n12,n13,n14,n15,n16,n17,n18
19,44.9356,7170,1552,678,5800,5543,5046,955,7742,5055,5952,5445,965,6736,615,7017,492,242,7293,126
19,41.2081,7170,395,1552,678,5800,4777,3508,5046,955,3603,5055,5445,965,615,7017,492,242,7293,126
19,41.2081,7170,395,1552,678,5800,4777,3508,5046,955,3603,5055,5445,965,615,7017,492,242,7293,126
19,41.2081,7170,395,1552,678,5800,4777,3508,5046,955,3603,5055,5445,965,615,7017,492,242,7293,126
19,41.2081,7170,395,1552,678,5800,4777,3508,5046,955,3603,5055,5445,965,615,7017,492,242,7293,126
19,41.2081,7170,395,1552,678,5800,4777,3508,5046,955,3603,5055,5445,965,615,7017,492,242,7293,126
19,41.0255,7170,6736,1552,678,5800,4777,5046,955,7742,5055,5952,5445,965,615,7017,492,4567,7293,126
19,41.0201,7170,6736,1552,678,5800,4777,5952,5046,955,7742,5055,5445,965,615,7017,492,242,7293,126
19,41.0201,7170,6736,1552,678,5800,4777,5046,955,7742,5055,5952,5445,965,615,7017,492,242,7293,126
19,41.0201,7170,6736,1552,678,5800,4777,5046,955,7742,5055,5952,5445,965,615,7017,492,242,7293,126
19,41.0201,7170,6736,1552,678,5800,4777,5046,955,7742,5055,5952,5445,965,615,7017,492,242,7293,126
19,41.0201,7170,6736,1552,678,5800,4777,5046,955,7742,5055,5952,5445,965,615,7017,492,242,7293,126
19,40.9207,7170,1552,678,5800,3550,5046,955,7742,5055,5952,5445,965,6736,615,7017,492,242,7293,126
19,40.9113,7170,395,1552,678,5800,4777,5046,955,7742,4431,5952,5445,965,615,7017,492,242,7293,126
19,40.9113,7170,395,1552,678,5800,4777,5046,955,7742,4431,5952,5445,965,615,7017,492,242,7293,126
19,40.9113,7170,395,1552,678,5800,4777,5046,955,7742,4431,5952,5445,965,615,7017,492,242,7293,126
