generation number, pop_size, worst, best, median, avg, std, diversity, improvement, number_of_selections
0, 10, 2.02, 2.1, 2.05, 2.0589999999999997, 0.03144837038703278,0.9888888888888889,0,[1.e-300]
1, 10, 2.06, 2.12, 2.08, 2.0829999999999997, 0.020024984394500817,0.8888888888888888,0.009523809523809532,[1.e-300]
2, 10, 2.04, 2.12, 2.085, 2.0799999999999996, 0.0232379000772445,0.8666666666666667,0.0,[1.e-300]
3, 10, 2.02, 2.12, 2.08, 2.0700000000000003, 0.03464101615137763,0.9333333333333333,0.0,[1.e-300]
4, 10, 2.05, 2.12, 2.08, 2.0770000000000004, 0.023259406699226114,0.9444444444444444,0.0,[1.e-300]
5, 10, 2.02, 2.18, 2.0949999999999998, 2.0940000000000003, 0.042941821107167814,0.8555555555555555,0.028301886792452855,[1.e-300]
6, 10, 2.04, 2.18, 2.065, 2.0829999999999997, 0.04539823785126467,0.8555555555555556,0.0,[1.e-300]
7, 10, 2.02, 2.18, 2.105, 2.096, 0.04841487374764089,0.9333333333333333,0.0,[1.e-300]
8, 10, 2.03, 2.18, 2.0700000000000003, 2.096, 0.0544426303552649,0.8555555555555555,0.0,[1.e-300]
9, 10, 2.04, 2.18, 2.09, 2.101, 0.04205948168962623,0.8555555555555556,0.0,[1.e-300]
10, 10, 2.05, 2.18, 2.12, 2.116, 0.04103656905736648,0.888888888888889,0.0,[1.e-300]
