generation number, individual number, fitness, candidate
0, 0, 3.08, [1091, 717, 521]
0, 1, 3.07, [788, 1350, 975]
0, 2, 3.03, [1107, 785, 751]
0, 3, 3.03, [645, 1078, 521]
0, 4, 3.03, [2989, 775, 717]
0, 5, 3.03, [905, 1141, 1247]
0, 6, 3.02, [1131, 1157, 1279]
0, 7, 3.02, [1146, 1040, 1223]
0, 8, 3.0, [3662, 1223, 1715]
0, 9, 3.0, [1695, 1107, 2989]
1, 0, 3.13, [1091, 1224, 751]
1, 1, 3.08, [1279, 1350, 975]
1, 2, 3.08, [1091, 717, 521]
1, 3, 3.07, [788, 1350, 975]
1, 4, 3.05, [1091, 1347, 975]
1, 5, 3.05, [788, 717, 975]
1, 6, 3.04, [1091, 1107, 975]
1, 7, 3.03, [1107, 785, 1157]
1, 8, 3.02, [1619, 1078, 717]
1, 9, 3.02, [788, 717, 1225]
2, 0, 3.27, [1279, 1350, 1509]
2, 1, 3.24, [751, 1430, 1509]
2, 2, 3.13, [1091, 1224, 751]
2, 3, 3.1, [1223, 1509, 905]
2, 4, 3.08, [1425, 717, 975]
2, 5, 3.08, [1279, 1350, 975]
2, 6, 3.07, [1091, 785, 751]
2, 7, 3.06, [1091, 775, 1425]
2, 8, 3.06, [1141, 717, 751]
2, 9, 3.03, [1078, 1224, 751]
3, 0, 3.27, [1279, 1350, 1509]
3, 1, 3.24, [751, 1430, 1509]
3, 2, 3.21, [1347, 717, 1509]
3, 3, 3.19, [1091, 1652, 1509]
3, 4, 3.17, [751, 905, 1509]
3, 5, 3.15, [1190, 1430, 1509]
3, 6, 3.15, [1040, 1580, 1509]
3, 7, 3.1, [695, 1350, 1078]
3, 8, 3.07, [751, 1350, 717]
3, 9, 3.03, [1279, 1350, 1287]
4, 0, 3.27, [1279, 1350, 1509]
4, 1, 3.24, [751, 1430, 1509]
4, 2, 3.21, [1025, 1350, 1509]
4, 3, 3.2, [1279, 1715, 1509]
4, 4, 3.18, [1091, 326, 1509]
4, 5, 3.18, [1715, 1652, 1509]
4, 6, 3.17, [1091, 1350, 1224]
4, 7, 3.13, [1190, 1020, 1509]
4, 8, 3.07, [1279, 1328, 1125]
4, 9, 3.04, [1279, 1350, 1225]
5, 0, 3.27, [1279, 1350, 1509]
5, 1, 3.24, [751, 1430, 1509]
5, 2, 3.22, [2989, 1430, 1509]
5, 3, 3.2, [831, 1430, 1509]
5, 4, 3.19, [751, 1025, 1509]
5, 5, 3.18, [751, 1125, 1509]
5, 6, 3.16, [751, 1091, 1509]
5, 7, 3.12, [1437, 1430, 1509]
5, 8, 3.11, [1028, 1350, 775]
5, 9, 3.07, [1430, 1350, 1028]
6, 0, 3.27, [1279, 1350, 1509]
6, 1, 3.24, [751, 1430, 1509]
6, 2, 3.22, [576, 1430, 1509]
6, 3, 3.19, [1020, 1350, 1509]
6, 4, 3.12, [2989, 785, 1509]
6, 5, 3.09, [1131, 1225, 1509]
6, 6, 3.09, [2989, 3662, 1509]
6, 7, 3.07, [1279, 1350, 576]
6, 8, 3.03, [1146, 1224, 1225]
6, 9, 3.03, [751, 1652, 1028]
7, 0, 3.27, [1279, 1350, 1509]
7, 1, 3.24, [751, 1430, 1509]
7, 2, 3.18, [1190, 1028, 1509]
7, 3, 3.17, [576, 788, 1509]
7, 4, 3.13, [1131, 1430, 1509]
7, 5, 3.13, [751, 1157, 1509]
7, 6, 3.1, [1425, 1350, 788]
7, 7, 3.1, [788, 1430, 1509]
7, 8, 3.09, [751, 775, 1425]
7, 9, 3.07, [751, 1350, 1025]
8, 0, 3.27, [1028, 1350, 1509]
8, 1, 3.27, [1279, 1350, 1509]
8, 2, 3.24, [751, 1430, 1509]
8, 3, 3.21, [751, 576, 1509]
8, 4, 3.17, [751, 1157, 1509]
8, 5, 3.17, [1279, 1028, 1509]
8, 6, 3.16, [1225, 1430, 1509]
8, 7, 3.12, [1279, 1020, 1509]
8, 8, 3.07, [751, 1028, 1425]
8, 9, 3.04, [751, 1350, 1040]
9, 0, 3.27, [1028, 1350, 1509]
9, 1, 3.27, [1279, 1350, 1509]
9, 2, 3.23, [1425, 576, 1509]
9, 3, 3.11, [1279, 2989, 1509]
9, 4, 3.09, [2989, 1350, 1028]
9, 5, 3.09, [751, 1350, 788]
9, 6, 3.08, [1279, 1350, 326]
9, 7, 3.05, [751, 1350, 975]
9, 8, 3.05, [1279, 1350, 1652]
9, 9, 3.04, [751, 1652, 1025]
10, 0, 3.27, [1028, 1350, 1509]
10, 1, 3.27, [1279, 1350, 1509]
10, 2, 3.14, [1425, 1350, 1131]
10, 3, 3.14, [1157, 576, 1509]
10, 4, 3.11, [1425, 1350, 785]
10, 5, 3.1, [1279, 1350, 1430]
10, 6, 3.1, [1028, 1350, 1247]
10, 7, 3.04, [1028, 1350, 1715]
10, 8, 3.03, [1020, 785, 905]
10, 9, 3.03, [1279, 576, 1028]
