generation number, pop_size, worst, best, median, avg, std, diversity, improvement, number_of_selections
0, 10, 4.33, 9.54, 6.105, 6.436, 1.6632209714887556,0.9888888888888889,0,[1.e-300]
1, 10, 6.51, 10.07, 8.82, 8.685, 1.1080365517436688,0.9333333333333333,0.05555555555555568,[1.e-300]
2, 10, 6.88, 11.43, 9.015, 9.131999999999998, 1.4131369360398163,0.8444444444444444,0.1350546176762661,[1.e-300]
3, 10, 7.55, 11.43, 9.2, 9.373999999999999, 1.289986046436162,0.8888888888888888,0.0,[1.e-300]
4, 10, 6.49, 11.43, 9.325, 9.128, 1.649216783809818,0.9333333333333333,0.0,[1.e-300]
5, 10, 7.95, 11.43, 9.645, 9.588, 1.1979799664435127,0.8333333333333333,0.0,[1.e-300]
6, 10, 4.78, 11.43, 10.565, 9.094, 2.534980078817189,0.7666666666666666,0.0,[1.e-300]
7, 10, 5.43, 11.43, 10.645, 9.713999999999999, 1.96868585609792,0.8666666666666667,0.0,[1.e-300]
8, 10, 5.08, 11.43, 6.92, 7.827, 2.223169134366524,0.9,0.0,[1.e-300]
9, 10, 5.76, 11.43, 8.865, 8.89, 1.727842585422642,0.8777777777777778,0.0,[1.e-300]
10, 10, 6.31, 12.08, 9.55, 9.475, 1.8913447596881963,0.8333333333333333,0.056867891513560836,[1.e-300]
