generation number, individual number, fitness, candidate
0, 0, 13.51, [159, 277]
0, 1, 11.93, [2512, 1811]
0, 2, 9.9, [1811, 191]
0, 3, 9.36, [1811, 264]
0, 4, 7.5, [191, 874]
0, 5, 7.29, [2514, 1080]
0, 6, 6.65, [2770, 1086]
0, 7, 5.98, [876, 2599]
0, 8, 5.76, [2770, 303]
0, 9, 5.07, [261, 285]
1, 0, 22.74, [295, 277]
1, 1, 20.03, [295, 220]
1, 2, 19.97, [1088, 295]
1, 3, 14.9, [226, 277]
1, 4, 13.51, [159, 277]
1, 5, 11.93, [2512, 1811]
1, 6, 10.72, [2595, 1080]
1, 7, 10.5, [343, 277]
1, 8, 9.54, [159, 193]
1, 9, 8.56, [2512, 265]
2, 0, 22.74, [295, 277]
2, 1, 20.66, [295, 1811]
2, 2, 20.03, [295, 220]
2, 3, 19.36, [295, 380]
2, 4, 16.49, [98, 277]
2, 5, 13.22, [77, 302]
2, 6, 10.75, [1095, 300]
2, 7, 10.01, [103, 209]
2, 8, 8.77, [226, 874]
2, 9, 8.32, [2593, 220]
3, 0, 22.74, [295, 277]
3, 1, 20.66, [295, 1811]
3, 2, 12.49, [277, 159]
3, 3, 11.83, [300, 1811]
3, 4, 9.12, [874, 98]
3, 5, 8.0, [2764, 226]
3, 6, 7.94, [300, 303]
3, 7, 6.59, [2574, 1811]
3, 8, 6.28, [283, 303]
3, 9, 6.23, [2599, 335]
4, 0, 22.74, [295, 277]
4, 1, 22.38, [295, 277]
4, 2, 20.66, [295, 1811]
4, 3, 20.56, [295, 2711]
4, 4, 17.79, [295, 303]
4, 5, 11.42, [2593, 77]
4, 6, 10.87, [2597, 2711]
4, 7, 7.99, [154, 2950]
4, 8, 5.89, [191, 291]
4, 9, 5.63, [2527, 2515]
5, 0, 22.74, [295, 277]
5, 1, 22.38, [295, 277]
5, 2, 18.01, [295, 260]
5, 3, 17.61, [295, 2515]
5, 4, 13.85, [269, 1086]
5, 5, 7.78, [1082, 260]
5, 6, 7.21, [91, 191]
5, 7, 6.35, [2530, 296]
5, 8, 6.08, [291, 265]
5, 9, 5.93, [2513, 240]
6, 0, 22.74, [295, 277]
6, 1, 22.38, [295, 277]
6, 2, 18.39, [295, 266]
6, 3, 18.0, [269, 277]
6, 4, 15.88, [295, 273]
6, 5, 12.83, [876, 277]
6, 6, 9.69, [220, 159]
6, 7, 8.95, [874, 91]
6, 8, 6.86, [297, 256]
6, 9, 6.8, [1811, 343]
7, 0, 22.74, [295, 277]
7, 1, 22.38, [295, 277]
7, 2, 19.16, [295, 380]
7, 3, 14.55, [250, 277]
7, 4, 11.82, [283, 277]
7, 5, 11.68, [1811, 2512]
7, 6, 8.1, [380, 266]
7, 7, 6.02, [209, 609]
7, 8, 5.82, [2950, 2712]
7, 9, 4.87, [1069, 1086]
8, 0, 22.74, [295, 277]
8, 1, 22.38, [295, 277]
8, 2, 16.51, [295, 275]
8, 3, 11.52, [219, 277]
8, 4, 10.73, [269, 1069]
8, 5, 10.67, [240, 277]
8, 6, 7.26, [291, 91]
8, 7, 6.77, [256, 266]
8, 8, 6.36, [876, 1095]
8, 9, 6.0, [1069, 193]
9, 0, 22.74, [295, 277]
9, 1, 22.38, [295, 277]
9, 2, 17.39, [295, 303]
9, 3, 17.28, [269, 77]
9, 4, 16.47, [295, 537]
9, 5, 8.76, [250, 274]
9, 6, 6.69, [283, 2514]
9, 7, 6.42, [265, 2950]
9, 8, 6.19, [2597, 275]
9, 9, 5.69, [222, 2574]
10, 0, 22.74, [295, 277]
10, 1, 22.38, [295, 277]
10, 2, 15.73, [295, 273]
10, 3, 14.13, [2513, 277]
10, 4, 13.2, [2514, 277]
10, 5, 8.15, [2513, 2065]
10, 6, 7.79, [279, 219]
10, 7, 7.55, [876, 2711]
10, 8, 7.23, [303, 2593]
10, 9, 6.62, [266, 2530]
11, 0, 22.74, [295, 277]
11, 1, 22.38, [295, 277]
11, 2, 21.82, [295, 259]
11, 3, 17.61, [295, 2515]
11, 4, 15.01, [874, 277]
11, 5, 14.09, [250, 277]
11, 6, 11.5, [876, 277]
11, 7, 10.79, [2597, 1811]
11, 8, 8.26, [209, 1080]
11, 9, 4.29, [1069, 260]
12, 0, 22.74, [295, 277]
12, 1, 22.38, [295, 277]
12, 2, 21.02, [295, 300]
12, 3, 12.55, [302, 277]
12, 4, 12.32, [876, 277]
12, 5, 10.69, [2514, 259]
12, 6, 10.57, [263, 77]
12, 7, 10.22, [2593, 259]
12, 8, 9.36, [193, 2514]
12, 9, 8.49, [2512, 303]
13, 0, 22.74, [295, 277]
13, 1, 22.38, [295, 277]
13, 2, 21.03, [295, 77]
13, 3, 13.42, [291, 277]
13, 4, 11.84, [103, 1088]
13, 5, 10.69, [2513, 300]
13, 6, 10.63, [1088, 2512]
13, 7, 8.43, [2711, 2530]
13, 8, 8.24, [2595, 280]
13, 9, 5.93, [537, 263]
14, 0, 22.74, [295, 277]
14, 1, 22.38, [295, 277]
14, 2, 21.2, [295, 77]
14, 3, 17.83, [269, 77]
14, 4, 8.92, [2950, 1811]
14, 5, 6.94, [2530, 303]
14, 6, 6.08, [297, 541]
14, 7, 6.04, [609, 81]
14, 8, 5.99, [261, 297]
14, 9, 5.58, [2770, 3716]
15, 0, 22.78, [295, 277]
15, 1, 22.74, [295, 277]
15, 2, 22.38, [295, 277]
15, 3, 21.24, [295, 77]
15, 4, 10.38, [277, 288]
15, 5, 9.81, [77, 2574]
15, 6, 9.39, [193, 380]
15, 7, 7.13, [1082, 303]
15, 8, 6.76, [297, 303]
15, 9, 4.89, [4602, 2574]
16, 0, 22.78, [295, 277]
16, 1, 22.74, [295, 277]
16, 2, 17.79, [295, 534]
16, 3, 13.57, [269, 2764]
16, 4, 10.22, [2593, 300]
16, 5, 9.07, [103, 265]
16, 6, 7.8, [283, 1080]
16, 7, 6.65, [222, 2593]
16, 8, 6.43, [2599, 558]
16, 9, 6.38, [288, 297]
17, 0, 22.78, [295, 277]
17, 1, 22.74, [295, 277]
17, 2, 14.27, [2514, 277]
17, 3, 8.27, [250, 266]
17, 4, 7.6, [159, 280]
17, 5, 6.4, [265, 2764]
17, 6, 6.19, [2156, 2597]
17, 7, 4.86, [622, 534]
17, 8, 4.74, [4602, 3716]
17, 9, 4.08, [219, 2770]
18, 0, 22.78, [295, 277]
18, 1, 22.74, [295, 277]
18, 2, 16.23, [244, 295]
18, 3, 16.06, [277, 1811]
18, 4, 15.35, [220, 277]
18, 5, 13.45, [274, 277]
18, 6, 12.7, [2514, 277]
18, 7, 12.4, [269, 2525]
18, 8, 10.32, [2530, 300]
18, 9, 8.96, [302, 159]
19, 0, 22.78, [295, 277]
19, 1, 22.74, [295, 277]
19, 2, 16.14, [295, 273]
19, 3, 13.09, [2593, 277]
19, 4, 10.01, [154, 2513]
19, 5, 7.3, [300, 244]
19, 6, 6.66, [541, 226]
19, 7, 6.31, [256, 622]
19, 8, 6.0, [244, 2711]
19, 9, 5.56, [609, 280]
20, 0, 22.78, [295, 277]
20, 1, 22.74, [295, 277]
20, 2, 19.32, [295, 226]
20, 3, 11.96, [98, 300]
20, 4, 8.5, [2513, 104]
20, 5, 7.87, [274, 2770]
20, 6, 7.21, [876, 220]
20, 7, 6.92, [1082, 4849]
20, 8, 6.55, [2764, 222]
20, 9, 6.0, [273, 193]
21, 0, 22.78, [295, 277]
21, 1, 22.74, [295, 277]
21, 2, 15.12, [2512, 277]
21, 3, 14.29, [380, 277]
21, 4, 13.55, [269, 209]
21, 5, 11.14, [316, 277]
21, 6, 10.73, [316, 277]
21, 7, 8.68, [81, 2514]
21, 8, 8.66, [2767, 2512]
21, 9, 5.25, [154, 273]
22, 0, 22.78, [295, 277]
22, 1, 22.75, [295, 277]
22, 2, 22.74, [295, 277]
22, 3, 22.32, [295, 279]
22, 4, 20.95, [295, 300]
22, 5, 20.1, [295, 193]
22, 6, 16.73, [259, 277]
22, 7, 8.14, [2512, 558]
22, 8, 7.98, [3155, 280]
22, 9, 6.48, [280, 2593]
23, 0, 22.78, [295, 277]
23, 1, 22.75, [295, 277]
23, 2, 13.87, [534, 277]
23, 3, 13.52, [297, 269]
23, 4, 10.53, [1087, 77]
23, 5, 7.29, [1095, 283]
23, 6, 7.14, [3135, 1811]
23, 7, 6.66, [1080, 4602]
23, 8, 5.35, [2156, 380]
23, 9, 4.83, [1086, 76]
24, 0, 22.78, [295, 277]
24, 1, 22.75, [295, 277]
24, 2, 16.33, [297, 295]
24, 3, 14.76, [2595, 277]
24, 4, 13.65, [266, 277]
24, 5, 12.98, [283, 269]
24, 6, 9.3, [193, 380]
24, 7, 8.04, [250, 280]
24, 8, 5.43, [291, 261]
24, 9, 4.26, [260, 273]
25, 0, 22.78, [295, 277]
25, 1, 22.75, [295, 277]
25, 2, 18.14, [2596, 295]
25, 3, 13.8, [261, 277]
25, 4, 11.42, [283, 277]
25, 5, 10.67, [297, 259]
25, 6, 9.13, [303, 300]
25, 7, 7.37, [250, 264]
25, 8, 5.31, [219, 91]
25, 9, 4.18, [2525, 316]
26, 0, 22.78, [295, 277]
26, 1, 22.75, [295, 277]
26, 2, 21.49, [295, 259]
26, 3, 19.09, [295, 81]
26, 4, 16.81, [295, 278]
26, 5, 16.08, [295, 256]
26, 6, 13.65, [302, 277]
26, 7, 10.78, [1069, 277]
26, 8, 8.35, [81, 91]
26, 9, 7.79, [283, 874]
27, 0, 22.78, [295, 277]
27, 1, 22.75, [295, 277]
27, 2, 15.92, [295, 616]
27, 3, 14.83, [250, 277]
27, 4, 10.53, [77, 288]
27, 5, 8.72, [2595, 260]
27, 6, 7.99, [250, 2596]
27, 7, 6.92, [2770, 1095]
27, 8, 6.83, [2764, 2599]
27, 9, 6.15, [154, 622]
28, 0, 22.78, [295, 277]
28, 1, 22.75, [295, 277]
28, 2, 19.11, [295, 380]
28, 3, 17.66, [222, 295]
28, 4, 14.1, [2593, 277]
28, 5, 13.62, [2065, 269]
28, 6, 12.09, [250, 77]
28, 7, 8.56, [2711, 2593]
28, 8, 6.79, [2596, 291]
28, 9, 5.0, [616, 209]
29, 0, 22.78, [295, 277]
29, 1, 22.75, [295, 277]
29, 2, 11.12, [876, 277]
29, 3, 10.14, [2593, 300]
29, 4, 7.71, [1082, 303]
29, 5, 7.05, [297, 2515]
29, 6, 6.87, [1082, 301]
29, 7, 6.48, [2156, 2595]
29, 8, 6.12, [876, 1086]
29, 9, 6.06, [264, 285]
30, 0, 22.78, [295, 277]
30, 1, 22.75, [295, 277]
30, 2, 13.1, [2530, 277]
30, 3, 12.85, [269, 609]
30, 4, 11.65, [264, 277]
30, 5, 11.27, [876, 277]
30, 6, 9.9, [1088, 159]
30, 7, 7.64, [2530, 380]
30, 8, 4.22, [1069, 291]
30, 9, 4.08, [149, 2770]
31, 0, 22.78, [295, 277]
31, 1, 22.75, [295, 277]
31, 2, 17.77, [295, 265]
31, 3, 13.12, [3716, 277]
31, 4, 12.14, [2513, 300]
31, 5, 11.21, [244, 277]
31, 6, 5.89, [3135, 283]
31, 7, 5.59, [876, 2525]
31, 8, 5.54, [263, 609]
31, 9, 4.97, [2525, 4602]
32, 0, 22.78, [295, 277]
32, 1, 22.75, [295, 277]
32, 2, 19.7, [295, 226]
32, 3, 9.47, [2512, 615]
32, 4, 8.26, [2513, 335]
32, 5, 8.21, [283, 220]
32, 6, 7.71, [250, 2525]
32, 7, 6.44, [283, 2764]
32, 8, 5.77, [222, 534]
32, 9, 5.0, [2156, 226]
33, 0, 23.47, [295, 277]
33, 1, 22.78, [295, 277]
33, 2, 22.75, [295, 277]
33, 3, 19.51, [295, 91]
33, 4, 14.5, [2530, 277]
33, 5, 10.0, [98, 2711]
33, 6, 9.07, [2513, 209]
33, 7, 7.88, [380, 2950]
33, 8, 7.8, [1095, 2764]
33, 9, 7.59, [2712, 159]
34, 0, 23.47, [295, 277]
34, 1, 22.78, [295, 277]
34, 2, 20.73, [295, 300]
34, 3, 17.96, [295, 303]
34, 4, 14.09, [1086, 269]
34, 5, 10.59, [316, 277]
34, 6, 9.62, [1811, 288]
34, 7, 7.84, [2515, 615]
34, 8, 6.76, [2530, 2574]
34, 9, 6.3, [291, 2065]
35, 0, 23.47, [295, 277]
35, 1, 22.78, [295, 277]
35, 2, 17.46, [103, 277]
35, 3, 14.51, [615, 277]
35, 4, 9.0, [98, 1095]
35, 5, 7.93, [3334, 259]
35, 6, 7.24, [1080, 264]
35, 7, 6.99, [274, 280]
35, 8, 6.4, [1082, 301]
35, 9, 5.28, [876, 303]
36, 0, 23.47, [295, 277]
36, 1, 22.78, [295, 277]
36, 2, 20.94, [295, 77]
36, 3, 12.78, [265, 277]
36, 4, 9.18, [259, 622]
36, 5, 8.57, [2765, 300]
36, 6, 7.8, [615, 303]
36, 7, 7.24, [1811, 149]
36, 8, 6.0, [191, 193]
36, 9, 5.77, [283, 265]
37, 0, 23.47, [295, 277]
37, 1, 22.78, [295, 277]
37, 2, 15.92, [295, 273]
37, 3, 11.68, [91, 300]
37, 4, 10.0, [220, 98]
37, 5, 9.99, [250, 1088]
37, 6, 8.95, [541, 103]
37, 7, 7.46, [154, 261]
37, 8, 7.08, [265, 2514]
37, 9, 6.7, [622, 874]
38, 0, 23.47, [295, 277]
38, 1, 22.78, [295, 277]
38, 2, 17.96, [295, 303]
38, 3, 12.34, [2765, 277]
38, 4, 10.0, [193, 2711]
38, 5, 8.88, [876, 300]
38, 6, 8.0, [2711, 222]
38, 7, 6.61, [3716, 1086]
38, 8, 6.05, [264, 558]
38, 9, 6.01, [250, 273]
39, 0, 23.47, [295, 277]
39, 1, 22.78, [295, 277]
39, 2, 17.47, [2765, 295]
39, 3, 12.52, [876, 277]
39, 4, 11.07, [240, 277]
39, 5, 9.35, [279, 2527]
39, 6, 8.55, [226, 1082]
39, 7, 7.69, [250, 2712]
39, 8, 7.4, [1082, 2525]
39, 9, 6.94, [103, 534]
40, 0, 23.47, [295, 277]
40, 1, 22.78, [295, 277]
40, 2, 16.92, [295, 274]
40, 3, 15.07, [1088, 277]
40, 4, 14.5, [615, 277]
40, 5, 8.81, [265, 1811]
40, 6, 8.67, [1087, 1811]
40, 7, 7.58, [1088, 2712]
40, 8, 7.54, [4849, 250]
40, 9, 5.85, [302, 2156]
41, 0, 23.47, [295, 277]
41, 1, 22.78, [295, 277]
41, 2, 19.33, [615, 295]
41, 3, 18.1, [295, 2712]
41, 4, 13.41, [876, 277]
41, 5, 13.35, [296, 277]
41, 6, 11.49, [240, 277]
41, 7, 11.41, [874, 300]
41, 8, 6.79, [222, 274]
41, 9, 5.93, [2530, 876]
42, 0, 23.47, [295, 277]
42, 1, 22.78, [295, 277]
42, 2, 20.22, [295, 220]
42, 3, 13.66, [2514, 277]
42, 4, 11.05, [615, 300]
42, 5, 8.7, [615, 209]
42, 6, 8.3, [615, 1080]
42, 7, 8.19, [1088, 266]
42, 8, 7.49, [283, 1082]
42, 9, 7.36, [104, 1082]
43, 0, 23.47, [295, 277]
43, 1, 22.78, [295, 277]
43, 2, 21.68, [295, 77]
43, 3, 10.48, [273, 277]
43, 4, 8.12, [302, 288]
43, 5, 7.62, [876, 3155]
43, 6, 6.7, [876, 380]
43, 7, 6.2, [2527, 291]
43, 8, 6.18, [222, 266]
43, 9, 5.75, [159, 273]
44, 0, 23.47, [295, 277]
44, 1, 22.78, [295, 277]
44, 2, 19.32, [874, 295]
44, 3, 19.16, [295, 154]
44, 4, 12.79, [277, 2596]
44, 5, 10.73, [2770, 77]
44, 6, 6.66, [260, 2514]
44, 7, 6.0, [219, 1088]
44, 8, 5.77, [102, 874]
44, 9, 5.15, [3716, 2765]
45, 0, 23.47, [295, 277]
45, 1, 22.78, [295, 277]
45, 2, 21.68, [259, 295]
45, 3, 20.99, [295, 2597]
45, 4, 19.05, [269, 277]
45, 5, 13.83, [2770, 277]
45, 6, 13.2, [285, 277]
45, 7, 12.14, [2712, 269]
45, 8, 10.73, [274, 300]
45, 9, 7.96, [259, 219]
46, 0, 23.47, [295, 277]
46, 1, 22.78, [295, 277]
46, 2, 22.44, [295, 277]
46, 3, 20.49, [295, 2595]
46, 4, 12.74, [283, 277]
46, 5, 11.18, [2595, 1811]
46, 6, 9.69, [2514, 2597]
46, 7, 8.77, [159, 81]
46, 8, 7.81, [159, 2515]
46, 9, 5.46, [343, 2530]
47, 0, 23.47, [295, 277]
47, 1, 22.78, [295, 277]
47, 2, 14.85, [250, 277]
47, 3, 10.03, [609, 277]
47, 4, 8.87, [259, 4602]
47, 5, 7.91, [302, 154]
47, 6, 7.61, [266, 2599]
47, 7, 7.16, [209, 303]
47, 8, 5.52, [335, 263]
47, 9, 5.26, [159, 1069]
48, 0, 23.47, [295, 277]
48, 1, 22.78, [295, 277]
48, 2, 19.99, [2711, 295]
48, 3, 14.72, [2515, 277]
48, 4, 12.17, [301, 277]
48, 5, 9.29, [265, 259]
48, 6, 9.06, [288, 300]
48, 7, 7.45, [2599, 263]
48, 8, 6.91, [2596, 615]
48, 9, 6.66, [2513, 219]
49, 0, 23.47, [295, 277]
49, 1, 22.78, [295, 277]
49, 2, 18.15, [2767, 295]
49, 3, 16.99, [295, 335]
49, 4, 11.1, [269, 76]
49, 5, 8.64, [2515, 1088]
49, 6, 7.87, [244, 259]
49, 7, 7.52, [2574, 91]
49, 8, 6.12, [2770, 2525]
49, 9, 6.0, [343, 98]
50, 0, 23.47, [295, 277]
50, 1, 22.78, [295, 277]
50, 2, 17.63, [2513, 295]
50, 3, 13.89, [154, 277]
50, 4, 13.15, [81, 277]
50, 5, 11.75, [876, 277]
50, 6, 11.43, [269, 219]
50, 7, 10.11, [2595, 1088]
50, 8, 7.61, [2514, 303]
50, 9, 6.3, [91, 1088]
