generation number, individual number, fitness, candidate
0, 0, 2.15, [1509, 1287]
0, 1, 2.12, [1509, 1157]
0, 2, 2.06, [1401, 1652]
0, 3, 2.06, [751, 1351]
0, 4, 2.06, [576, 905]
0, 5, 2.05, [1611, 1091]
0, 6, 2.03, [1131, 1224]
0, 7, 2.01, [1767, 421]
0, 8, 2.01, [1141, 1226]
0, 9, 2.01, [1402, 1225]
1, 0, 2.15, [1509, 1287]
1, 1, 2.12, [1509, 1157]
1, 2, 2.08, [1425, 1247]
1, 3, 2.08, [576, 1424]
1, 4, 2.02, [2377, 1351]
1, 5, 2.02, [1935, 1497]
1, 6, 2.02, [975, 1906]
1, 7, 2.01, [1058, 1078]
1, 8, 2.0, [751, 1212]
1, 9, 2.0, [1652, 1497]
2, 0, 2.15, [1509, 1212]
2, 1, 2.15, [1509, 1064]
2, 2, 2.15, [1509, 1287]
2, 3, 2.12, [1509, 1157]
2, 4, 2.04, [1620, 1287]
2, 5, 2.03, [1125, 1157]
2, 6, 2.03, [576, 1351]
2, 7, 2.01, [1146, 1247]
2, 8, 2.01, [571, 697]
2, 9, 2.01, [1518, 585]
3, 0, 2.19, [1509, 2332]
3, 1, 2.15, [1509, 1212]
3, 2, 2.15, [1509, 1212]
3, 3, 2.15, [1509, 1064]
3, 4, 2.01, [775, 1064]
3, 5, 2.01, [1223, 1064]
3, 6, 2.01, [788, 1040]
3, 7, 2.0, [1767, 1212]
3, 8, 2.0, [3124, 785]
3, 9, 2.0, [695, 1437]
4, 0, 2.19, [1509, 2332]
4, 1, 2.15, [1509, 1212]
4, 2, 2.12, [1509, 645]
4, 3, 2.06, [1351, 1223]
4, 4, 2.02, [1827, 1347]
4, 5, 2.01, [1190, 697]
4, 6, 2.01, [6917, 1695]
4, 7, 2.01, [1619, 751]
4, 8, 2.0, [1201, 970]
4, 9, 2.0, [751, 2332]
5, 0, 2.19, [1509, 2320]
5, 1, 2.19, [1509, 2332]
5, 2, 2.15, [1509, 1212]
5, 3, 2.04, [1425, 2332]
5, 4, 2.04, [905, 1223]
5, 5, 2.03, [1430, 775]
5, 6, 2.02, [1224, 645]
5, 7, 2.01, [1767, 1223]
5, 8, 2.01, [1351, 1064]
5, 9, 2.0, [1131, 751]
6, 0, 2.22, [1509, 1157]
6, 1, 2.19, [1509, 2320]
6, 2, 2.19, [1509, 2332]
6, 3, 2.18, [1509, 1168]
6, 4, 2.02, [785, 2320]
6, 5, 2.01, [1497, 2320]
6, 6, 2.01, [1620, 1028]
6, 7, 2.01, [1146, 2332]
6, 8, 2.01, [1141, 1287]
6, 9, 2.0, [1580, 1212]
7, 0, 2.22, [1509, 1157]
7, 1, 2.19, [1509, 2320]
7, 2, 2.03, [1328, 1157]
7, 3, 2.02, [1247, 1149]
7, 4, 2.01, [1068, 1417]
7, 5, 2.01, [788, 2171]
7, 6, 2.01, [1580, 1157]
7, 7, 2.0, [1767, 1906]
7, 8, 2.0, [1131, 1424]
7, 9, 2.0, [1190, 314]
8, 0, 2.22, [1509, 1157]
8, 1, 2.19, [1509, 2320]
8, 2, 2.15, [1509, 1424]
8, 3, 2.06, [1401, 1078]
8, 4, 2.06, [2320, 1347]
8, 5, 2.04, [1695, 2320]
8, 6, 2.02, [751, 1247]
8, 7, 2.02, [1403, 1157]
8, 8, 2.0, [1990, 1157]
8, 9, 2.0, [1497, 1279]
9, 0, 2.22, [1509, 1157]
9, 1, 2.19, [1509, 2320]
9, 2, 2.05, [2320, 1157]
9, 3, 2.03, [697, 1442]
9, 4, 2.01, [1695, 1157]
9, 5, 2.01, [785, 4227]
9, 6, 2.0, [1767, 831]
9, 7, 2.0, [1403, 1424]
9, 8, 2.0, [751, 585]
9, 9, 2.0, [6917, 1475]
10, 0, 2.22, [1509, 1157]
10, 1, 2.19, [1509, 2320]
10, 2, 2.04, [1767, 2320]
10, 3, 2.04, [585, 1695]
10, 4, 2.03, [1906, 1402]
10, 5, 2.02, [1351, 1157]
10, 6, 2.02, [1328, 1311]
10, 7, 2.01, [1028, 1157]
10, 8, 2.01, [2320, 1223]
10, 9, 2.01, [1131, 1247]
