generation number, individual number, fitness, candidate
0, 0, 2.12, [56239, 66169]
0, 1, 2.11, [56241, 86]
0, 2, 2.09, [144434, 150015]
0, 3, 2.09, [6376, 66171]
0, 4, 2.08, [88, 1063]
0, 5, 2.08, [98065, 279]
0, 6, 2.07, [1061, 134361]
0, 7, 2.04, [66170, 65901]
0, 8, 2.04, [127089, 33300]
0, 9, 2.03, [65897, 95674]
1, 0, 2.13, [62858, 1063]
1, 1, 2.13, [56239, 150654]
1, 2, 2.12, [56239, 66169]
1, 3, 2.11, [100141, 65899]
1, 4, 2.11, [56239, 90]
1, 5, 2.11, [56241, 86]
1, 6, 2.1, [66167, 66169]
1, 7, 2.09, [127089, 66169]
1, 8, 2.09, [66171, 66169]
1, 9, 2.08, [88, 87]
2, 0, 2.14, [56241, 150654]
2, 1, 2.13, [56239, 90]
2, 2, 2.13, [62858, 1063]
2, 3, 2.13, [56239, 150654]
2, 4, 2.11, [1062, 282]
2, 5, 2.11, [62858, 150015]
2, 6, 2.1, [80450, 90]
2, 7, 2.09, [66167, 285]
2, 8, 2.09, [62858, 148118]
2, 9, 2.08, [56240, 1063]
3, 0, 2.17, [56239, 286]
3, 1, 2.15, [56239, 150655]
3, 2, 2.14, [127089, 284]
3, 3, 2.14, [56241, 150654]
3, 4, 2.13, [56239, 90]
3, 5, 2.1, [66169, 150654]
3, 6, 2.09, [66166, 90]
3, 7, 2.09, [66167, 150654]
3, 8, 2.07, [56239, 1063]
3, 9, 2.04, [98063, 150654]
4, 0, 2.17, [56239, 286]
4, 1, 2.16, [148118, 284]
4, 2, 2.15, [56239, 150655]
4, 3, 2.1, [282, 33298]
4, 4, 2.09, [56241, 285]
4, 5, 2.08, [56239, 156909]
4, 6, 2.08, [33300, 65899]
4, 7, 2.07, [56239, 150652]
4, 8, 2.07, [66169, 286]
4, 9, 2.05, [77358, 150654]
5, 0, 2.17, [56239, 286]
5, 1, 2.16, [148118, 284]
5, 2, 2.15, [1060, 150655]
5, 3, 2.09, [56239, 65899]
5, 4, 2.09, [65899, 90]
5, 5, 2.09, [62858, 66170]
5, 6, 2.08, [56239, 14223]
5, 7, 2.08, [148118, 150655]
5, 8, 2.06, [144434, 282]
5, 9, 2.03, [100141, 11387]
6, 0, 2.17, [56239, 286]
6, 1, 2.16, [148118, 284]
6, 2, 2.1, [56237, 150655]
6, 3, 2.09, [148118, 90]
6, 4, 2.08, [80656, 221360]
6, 5, 2.08, [56239, 156909]
6, 6, 2.08, [283, 286]
6, 7, 2.08, [1060, 66167]
6, 8, 2.07, [70638, 286]
6, 9, 2.07, [282, 286]
7, 0, 2.17, [56239, 286]
7, 1, 2.16, [148118, 284]
7, 2, 2.15, [56237, 90]
7, 3, 2.13, [148118, 282]
7, 4, 2.1, [80656, 285]
7, 5, 2.09, [62858, 46]
7, 6, 2.09, [56237, 284]
7, 7, 2.08, [282, 284]
7, 8, 2.07, [95674, 56237]
7, 9, 2.07, [56239, 285]
8, 0, 2.17, [56239, 286]
8, 1, 2.16, [148118, 284]
8, 2, 2.15, [56237, 283]
8, 3, 2.14, [148118, 90]
8, 4, 2.12, [62858, 282]
8, 5, 2.12, [150652, 286]
8, 6, 2.1, [80661, 284]
8, 7, 2.08, [156909, 286]
8, 8, 2.07, [62858, 284]
8, 9, 2.07, [150655, 90]
9, 0, 2.17, [56239, 286]
9, 1, 2.16, [56239, 284]
9, 2, 2.16, [148118, 284]
9, 3, 2.13, [150655, 286]
9, 4, 2.12, [56237, 283]
9, 5, 2.11, [148118, 1061]
9, 6, 2.1, [62858, 1061]
9, 7, 2.1, [56240, 282]
9, 8, 2.1, [66166, 286]
9, 9, 2.1, [56241, 90]
10, 0, 2.17, [56239, 286]
10, 1, 2.16, [127089, 286]
10, 2, 2.16, [56239, 284]
10, 3, 2.15, [56239, 1061]
10, 4, 2.14, [62858, 284]
10, 5, 2.13, [56239, 1061]
10, 6, 2.13, [148118, 284]
10, 7, 2.13, [156909, 286]
10, 8, 2.11, [150015, 821]
10, 9, 2.08, [56241, 33298]
11, 0, 2.17, [56239, 286]
11, 1, 2.16, [127089, 286]
11, 2, 2.1, [62858, 284]
11, 3, 2.08, [62858, 1063]
11, 4, 2.08, [80450, 65897]
11, 5, 2.07, [56239, 62858]
11, 6, 2.06, [95674, 286]
11, 7, 2.06, [11388, 282]
11, 8, 2.04, [100807, 62858]
11, 9, 2.03, [33300, 284]
12, 0, 2.17, [56239, 286]
12, 1, 2.16, [127089, 286]
12, 2, 2.15, [90, 56239]
12, 3, 2.1, [80450, 286]
12, 4, 2.08, [127089, 1061]
12, 5, 2.07, [80450, 1063]
12, 6, 2.07, [821, 286]
12, 7, 2.06, [33298, 66171]
12, 8, 2.05, [56241, 87]
12, 9, 2.05, [33298, 98063]
13, 0, 2.17, [66167, 150015]
13, 1, 2.17, [56239, 286]
13, 2, 2.16, [127089, 286]
13, 3, 2.15, [150653, 90]
13, 4, 2.11, [80450, 286]
13, 5, 2.09, [56241, 65901]
13, 6, 2.06, [65901, 144434]
13, 7, 2.05, [148118, 71858]
13, 8, 2.04, [127089, 87893]
13, 9, 2.04, [100140, 12067]
14, 0, 2.17, [66167, 150015]
14, 1, 2.17, [56239, 286]
14, 2, 2.14, [66167, 1063]
14, 3, 2.12, [66167, 284]
14, 4, 2.11, [66167, 150015]
14, 5, 2.08, [56239, 150654]
14, 6, 2.07, [33298, 286]
14, 7, 2.07, [66167, 282]
14, 8, 2.05, [100807, 150015]
14, 9, 2.03, [113173, 127089]
15, 0, 2.2, [66167, 150015]
15, 1, 2.17, [66167, 150015]
15, 2, 2.17, [56239, 286]
15, 3, 2.08, [56239, 70639]
15, 4, 2.06, [66167, 284]
15, 5, 2.05, [73700, 148118]
15, 6, 2.05, [56241, 1063]
15, 7, 2.05, [66171, 286]
15, 8, 2.04, [66059, 87]
15, 9, 2.03, [14223, 123523]
16, 0, 2.2, [66167, 150015]
16, 1, 2.17, [66167, 150015]
16, 2, 2.16, [56239, 286]
16, 3, 2.15, [127089, 86]
16, 4, 2.14, [66167, 282]
16, 5, 2.1, [56239, 150654]
16, 6, 2.09, [127089, 70638]
16, 7, 2.07, [56239, 150652]
16, 8, 2.06, [66171, 33296]
16, 9, 2.03, [65901, 67332]
17, 0, 2.2, [66167, 150015]
17, 1, 2.17, [66167, 150015]
17, 2, 2.14, [56239, 148118]
17, 3, 2.13, [56241, 150015]
17, 4, 2.12, [127089, 150654]
17, 5, 2.07, [56239, 86]
17, 6, 2.06, [113171, 46]
17, 7, 2.05, [127088, 221360]
17, 8, 2.05, [144434, 148118]
17, 9, 2.05, [66167, 285]
18, 0, 2.2, [66167, 150015]
18, 1, 2.17, [66167, 150015]
18, 2, 2.13, [62858, 148118]
18, 3, 2.11, [150655, 56241]
18, 4, 2.11, [66167, 11387]
18, 5, 2.1, [56237, 150015]
18, 6, 2.07, [144436, 148118]
18, 7, 2.05, [56237, 33299]
18, 8, 2.04, [88, 73700]
18, 9, 2.04, [80449, 14223]
19, 0, 2.2, [66167, 150015]
19, 1, 2.17, [66167, 150015]
19, 2, 2.11, [62858, 150652]
19, 3, 2.1, [66167, 118606]
19, 4, 2.08, [66171, 148118]
19, 5, 2.08, [148118, 66059]
19, 6, 2.06, [66167, 70638]
19, 7, 2.05, [284, 70640]
19, 8, 2.05, [66171, 11387]
19, 9, 2.05, [67332, 56241]
20, 0, 2.21, [66167, 150655]
20, 1, 2.2, [66167, 150015]
20, 2, 2.17, [66167, 150015]
20, 3, 2.09, [66167, 80450]
20, 4, 2.09, [11926, 284]
20, 5, 2.07, [66169, 150015]
20, 6, 2.07, [118602, 90]
20, 7, 2.07, [66167, 150653]
20, 8, 2.05, [70639, 150015]
20, 9, 2.04, [33299, 80450]
21, 0, 2.21, [66167, 150655]
21, 1, 2.2, [66167, 150015]
21, 2, 2.14, [62858, 150655]
21, 3, 2.13, [66167, 282]
21, 4, 2.1, [88, 148118]
21, 5, 2.09, [67332, 86]
21, 6, 2.07, [80449, 67331]
21, 7, 2.06, [1062, 150015]
21, 8, 2.06, [11935, 150015]
21, 9, 2.02, [70640, 150015]
22, 0, 2.21, [66167, 150655]
22, 1, 2.2, [66167, 150015]
22, 2, 2.13, [56237, 87]
22, 3, 2.11, [66167, 118602]
22, 4, 2.1, [66167, 11387]
22, 5, 2.1, [66167, 148118]
22, 6, 2.08, [118606, 150652]
22, 7, 2.08, [56237, 150655]
22, 8, 2.07, [66167, 150015]
22, 9, 2.06, [11388, 56239]
23, 0, 2.21, [66167, 150655]
23, 1, 2.2, [66167, 150015]
23, 2, 2.12, [66167, 148118]
23, 3, 2.09, [66167, 80449]
23, 4, 2.07, [1927, 285]
23, 5, 2.07, [118602, 6376]
23, 6, 2.07, [11926, 90]
23, 7, 2.06, [80656, 150654]
23, 8, 2.06, [95674, 284]
23, 9, 2.05, [66167, 150015]
24, 0, 2.21, [66167, 150655]
24, 1, 2.2, [66167, 150015]
24, 2, 2.13, [56240, 1060]
24, 3, 2.13, [56240, 148118]
24, 4, 2.11, [286, 73700]
24, 5, 2.11, [66171, 150655]
24, 6, 2.08, [33296, 56240]
24, 7, 2.07, [284, 282]
24, 8, 2.07, [66167, 123523]
24, 9, 2.06, [56240, 150655]
25, 0, 2.21, [66167, 150655]
25, 1, 2.2, [66167, 150015]
25, 2, 2.14, [56240, 150015]
25, 3, 2.12, [66167, 283]
25, 4, 2.1, [56241, 33296]
25, 5, 2.1, [100141, 90]
25, 6, 2.09, [66167, 156909]
25, 7, 2.07, [66170, 150015]
25, 8, 2.07, [62858, 56240]
25, 9, 2.07, [150653, 284]
26, 0, 2.21, [66167, 150655]
26, 1, 2.2, [66167, 150015]
26, 2, 2.13, [66167, 148118]
26, 3, 2.13, [62858, 150015]
26, 4, 2.11, [62858, 150654]
26, 5, 2.09, [31634, 87]
26, 6, 2.09, [56239, 150655]
26, 7, 2.07, [56239, 284]
26, 8, 2.06, [70640, 66166]
26, 9, 2.05, [66167, 65899]
27, 0, 2.21, [66167, 150655]
27, 1, 2.2, [66167, 150015]
27, 2, 2.09, [150652, 31634]
27, 3, 2.09, [66167, 150015]
27, 4, 2.09, [33297, 150015]
27, 5, 2.09, [821, 56240]
27, 6, 2.08, [285, 77358]
27, 7, 2.06, [118602, 11925]
27, 8, 2.05, [100141, 65897]
27, 9, 2.02, [118602, 100141]
28, 0, 2.21, [66167, 150655]
28, 1, 2.2, [66167, 150015]
28, 2, 2.13, [62858, 150015]
28, 3, 2.1, [56239, 150655]
28, 4, 2.08, [33298, 150655]
28, 5, 2.08, [66171, 56240]
28, 6, 2.07, [66167, 148118]
28, 7, 2.06, [33297, 73703]
28, 8, 2.05, [33298, 71858]
28, 9, 2.05, [821, 150654]
29, 0, 2.21, [66167, 150655]
29, 1, 2.2, [66167, 150015]
29, 2, 2.15, [66171, 150654]
29, 3, 2.13, [66167, 86]
29, 4, 2.12, [66167, 150652]
29, 5, 2.11, [66167, 150015]
29, 6, 2.09, [80449, 88]
29, 7, 2.09, [62858, 150655]
29, 8, 2.07, [56241, 89]
29, 9, 2.03, [67331, 80450]
30, 0, 2.21, [66167, 150655]
30, 1, 2.2, [66167, 150015]
30, 2, 2.14, [66171, 150015]
30, 3, 2.12, [56237, 150655]
30, 4, 2.1, [11388, 150655]
30, 5, 2.08, [77358, 46]
30, 6, 2.08, [66167, 156909]
30, 7, 2.07, [1062, 150654]
30, 8, 2.07, [66167, 150654]
30, 9, 2.07, [113173, 150015]
31, 0, 2.21, [66167, 150655]
31, 1, 2.2, [66167, 150015]
31, 2, 2.14, [100140, 89]
31, 3, 2.12, [66167, 150652]
31, 4, 2.12, [56240, 150655]
31, 5, 2.12, [86, 150652]
31, 6, 2.1, [73703, 150652]
31, 7, 2.08, [285, 56240]
31, 8, 2.07, [11387, 118602]
31, 9, 2.05, [10375, 1061]
32, 0, 2.21, [66167, 150655]
32, 1, 2.2, [66167, 150015]
32, 2, 2.11, [62858, 150015]
32, 3, 2.11, [66167, 86]
32, 4, 2.11, [90, 150652]
32, 5, 2.08, [66167, 46]
32, 6, 2.08, [66167, 150652]
32, 7, 2.07, [80662, 150015]
32, 8, 2.07, [100140, 150652]
32, 9, 2.06, [56240, 89]
33, 0, 2.21, [66167, 150655]
33, 1, 2.2, [66167, 150015]
33, 2, 2.13, [66169, 286]
33, 3, 2.12, [90, 150652]
33, 4, 2.1, [66167, 148118]
33, 5, 2.1, [150015, 86]
33, 6, 2.1, [66167, 1061]
33, 7, 2.1, [66167, 150652]
33, 8, 2.08, [62858, 150653]
33, 9, 2.06, [86, 33297]
34, 0, 2.21, [66167, 150655]
34, 1, 2.2, [66167, 150015]
34, 2, 2.09, [286, 150015]
34, 3, 2.09, [80661, 150655]
34, 4, 2.08, [87, 150015]
34, 5, 2.08, [66166, 150652]
34, 6, 2.07, [89, 11387]
34, 7, 2.06, [33297, 1063]
34, 8, 2.06, [90, 1063]
34, 9, 2.05, [86, 33298]
35, 0, 2.21, [66167, 150655]
35, 1, 2.2, [66167, 150015]
35, 2, 2.15, [286, 148118]
35, 3, 2.13, [56237, 150655]
35, 4, 2.11, [56239, 150652]
35, 5, 2.09, [56239, 282]
35, 6, 2.09, [33297, 150654]
35, 7, 2.09, [66167, 150654]
35, 8, 2.08, [66166, 150015]
35, 9, 2.07, [279, 150015]
36, 0, 2.21, [66167, 150655]
36, 1, 2.2, [66167, 150015]
36, 2, 2.15, [286, 148118]
36, 3, 2.15, [150652, 150015]
36, 4, 2.12, [56240, 148118]
36, 5, 2.11, [66167, 148118]
36, 6, 2.1, [284, 150655]
36, 7, 2.09, [66167, 150654]
36, 8, 2.05, [14223, 150655]
36, 9, 2.04, [278, 71858]
37, 0, 2.21, [66167, 150655]
37, 1, 2.2, [66167, 150015]
37, 2, 2.18, [286, 150654]
37, 3, 2.07, [286, 148118]
37, 4, 2.07, [65897, 65901]
37, 5, 2.06, [56237, 70638]
37, 6, 2.06, [56239, 65897]
37, 7, 2.06, [56240, 77358]
37, 8, 2.05, [1062, 149059]
37, 9, 2.05, [113171, 14223]
38, 0, 2.21, [66167, 150655]
38, 1, 2.2, [66167, 150015]
38, 2, 2.12, [118602, 150655]
38, 3, 2.11, [46, 33296]
38, 4, 2.09, [56239, 150654]
38, 5, 2.08, [31634, 150655]
38, 6, 2.08, [56239, 150655]
38, 7, 2.07, [282, 150015]
38, 8, 2.07, [80449, 282]
38, 9, 2.05, [98065, 150653]
39, 0, 2.21, [66167, 150655]
39, 1, 2.2, [66167, 150015]
39, 2, 2.15, [89, 46]
39, 3, 2.1, [62858, 150655]
39, 4, 2.07, [56241, 150015]
39, 5, 2.06, [149059, 150654]
39, 6, 2.06, [33297, 150655]
39, 7, 2.06, [87, 150652]
39, 8, 2.05, [6376, 144434]
39, 9, 2.05, [66166, 823]
40, 0, 2.21, [66167, 150655]
40, 1, 2.2, [66167, 150015]
40, 2, 2.17, [90, 150655]
40, 3, 2.16, [62858, 46]
40, 4, 2.12, [66171, 148118]
40, 5, 2.11, [89, 150654]
40, 6, 2.11, [89, 156909]
40, 7, 2.1, [284, 823]
40, 8, 2.1, [56237, 134362]
40, 9, 2.09, [66167, 156909]
41, 0, 2.21, [66167, 150655]
41, 1, 2.2, [66167, 150015]
41, 2, 2.11, [56240, 150015]
41, 3, 2.08, [100141, 80450]
41, 4, 2.07, [66167, 113172]
41, 5, 2.07, [66167, 113172]
41, 6, 2.07, [90, 150655]
41, 7, 2.06, [66167, 144436]
41, 8, 2.04, [100140, 113173]
41, 9, 2.04, [149059, 66171]
42, 0, 2.21, [66167, 150655]
42, 1, 2.2, [66167, 150015]
42, 2, 2.17, [66167, 221360]
42, 3, 2.15, [56237, 150655]
42, 4, 2.09, [100141, 148118]
42, 5, 2.08, [62858, 150015]
42, 6, 2.07, [62858, 80450]
42, 7, 2.07, [66171, 80450]
42, 8, 2.06, [113171, 150015]
42, 9, 2.05, [11387, 66167]
43, 0, 2.21, [66167, 150655]
43, 1, 2.2, [66167, 150015]
43, 2, 2.11, [31634, 150655]
43, 3, 2.07, [33298, 150654]
43, 4, 2.07, [87, 150655]
43, 5, 2.07, [66167, 150653]
43, 6, 2.05, [33300, 14223]
43, 7, 2.03, [73700, 150015]
43, 8, 2.03, [33300, 11935]
43, 9, 2.03, [156909, 33296]
44, 0, 2.21, [66167, 150655]
44, 1, 2.2, [66167, 150015]
44, 2, 2.17, [150652, 150015]
44, 3, 2.15, [66169, 150015]
44, 4, 2.12, [98063, 65897]
44, 5, 2.12, [56240, 150015]
44, 6, 2.11, [66167, 118602]
44, 7, 2.05, [66167, 33300]
44, 8, 2.04, [221360, 10375]
44, 9, 2.04, [80661, 80662]
45, 0, 2.21, [66167, 150655]
45, 1, 2.2, [66167, 150015]
45, 2, 2.13, [283, 148118]
45, 3, 2.1, [284, 118602]
45, 4, 2.1, [56239, 150015]
45, 5, 2.09, [148118, 150655]
45, 6, 2.08, [12067, 62858]
45, 7, 2.05, [1062, 98063]
45, 8, 2.02, [113171, 66166]
45, 9, 2.02, [33296, 150654]
46, 0, 2.21, [66167, 150655]
46, 1, 2.2, [66167, 150015]
46, 2, 2.16, [283, 150654]
46, 3, 2.16, [283, 150655]
46, 4, 2.11, [56237, 150655]
46, 5, 2.11, [56239, 148118]
46, 6, 2.1, [66167, 33296]
46, 7, 2.09, [56240, 150655]
46, 8, 2.09, [66167, 150655]
46, 9, 2.08, [66167, 123524]
47, 0, 2.21, [66167, 150655]
47, 1, 2.2, [66167, 150015]
47, 2, 2.16, [56239, 150015]
47, 3, 2.11, [90, 150015]
47, 4, 2.09, [56240, 100140]
47, 5, 2.06, [65899, 127088]
47, 6, 2.05, [73700, 150654]
47, 7, 2.05, [65900, 150653]
47, 8, 2.04, [33298, 150652]
47, 9, 2.04, [87893, 150655]
48, 0, 2.22, [56237, 150015]
48, 1, 2.21, [66167, 150655]
48, 2, 2.2, [66167, 150015]
48, 3, 2.09, [123524, 150655]
48, 4, 2.09, [56240, 150654]
48, 5, 2.08, [80449, 150653]
48, 6, 2.08, [1060, 66167]
48, 7, 2.06, [73703, 118602]
48, 8, 2.05, [66167, 80662]
48, 9, 2.04, [66171, 134365]
49, 0, 2.22, [56237, 150015]
49, 1, 2.21, [66167, 150655]
49, 2, 2.13, [33300, 150655]
49, 3, 2.11, [66167, 150654]
49, 4, 2.11, [56240, 150015]
49, 5, 2.11, [66167, 150654]
49, 6, 2.09, [1060, 77358]
49, 7, 2.08, [56240, 150655]
49, 8, 2.07, [56237, 6376]
49, 9, 2.07, [56237, 150654]
50, 0, 2.22, [56237, 150015]
50, 1, 2.21, [66167, 150655]
50, 2, 2.12, [66167, 156909]
50, 3, 2.11, [62858, 150655]
50, 4, 2.1, [56237, 150015]
50, 5, 2.1, [66167, 150015]
50, 6, 2.1, [56237, 148118]
50, 7, 2.1, [62858, 150015]
50, 8, 2.09, [56240, 150015]
50, 9, 2.08, [56237, 150654]
