n_nodes,influence,n0,n1,n2,n3,n4,n5,n6,n7,n8,n9,n10,n11,n12,n13,n14,n15,n16,n17,n18,n19,n20,n21,n22,n23,n24,n25,n26,n27,n28,n29,n30,n31,n32,n33,n34,n35,n36,n37,n38,n39
40,50.1900,7632,18751,18000,21630,19961,13526,20562,15571,23137,24412,13469,6610,1910,161,17655,18866,22269,3073,20100,2566,21024,8185,2952,17161,9869,22312,8718,10004,7956,4793,22937,1051,22433,12710,19495,5466,21031,17600,7648,21491
40,50.1900,7632,18751,18000,21630,19961,13526,20562,15571,23137,24412,13469,6610,1910,161,17655,18866,22269,3073,20100,2566,21024,8185,2952,17161,9869,22312,8718,10004,7956,4793,22937,1051,22433,12710,19495,5466,21031,17600,7648,21491
40,50.1900,7632,18751,18000,21630,19961,13526,20562,15571,23137,24412,13469,6610,1910,161,17655,18866,22269,3073,20100,2566,21024,8185,2952,17161,9869,22312,8718,10004,7956,4793,22937,1051,22433,12710,19495,5466,21031,17600,7648,21491
40,50.1900,7632,18751,18000,21630,19961,13526,20562,15571,23137,24412,13469,6610,1910,161,17655,18866,22269,3073,20100,2566,21024,8185,2952,17161,9869,22312,8718,10004,7956,4793,22937,1051,22433,12710,19495,5466,21031,17600,7648,21491
40,50.1900,7632,18751,18000,21630,19961,13526,20562,15571,23137,24412,13469,6610,1910,161,17655,18866,22269,3073,20100,2566,21024,8185,2952,17161,9869,22312,8718,10004,7956,4793,22937,1051,22433,12710,19495,5466,21031,17600,7648,21491
40,50.1900,7632,18751,18000,21630,19961,13526,20562,15571,23137,24412,13469,6610,1910,161,17655,18866,22269,3073,20100,2566,21024,8185,2952,17161,9869,22312,8718,10004,7956,4793,22937,1051,22433,12710,19495,5466,21031,17600,7648,21491
40,50.1900,7632,18751,18000,21630,19961,13526,20562,15571,23137,24412,13469,6610,1910,161,17655,18866,22269,3073,20100,2566,21024,8185,2952,17161,9869,22312,8718,10004,7956,4793,22937,1051,22433,12710,19495,5466,21031,17600,7648,21491
40,50.1900,7632,18751,18000,21630,19961,13526,20562,15571,23137,24412,13469,6610,1910,161,17655,18866,22269,3073,20100,2566,21024,8185,2952,17161,9869,22312,8718,10004,7956,4793,22937,1051,22433,12710,19495,5466,21031,17600,7648,21491
40,50.1900,7632,18751,18000,21630,19961,13526,20562,15571,23137,24412,13469,6610,1910,161,17655,18866,22269,3073,20100,2566,21024,8185,2952,17161,9869,22312,8718,10004,7956,4793,22937,1051,22433,12710,19495,5466,21031,17600,7648,21491
40,50.1900,7632,18751,18000,21630,19961,13526,20562,15571,23137,24412,13469,6610,1910,161,17655,18866,22269,3073,20100,2566,21024,8185,2952,17161,9869,22312,8718,10004,7956,4793,22937,1051,22433,12710,19495,5466,21031,17600,7648,21491
40,50.1900,7632,18751,18000,21630,19961,13526,20562,15571,23137,24412,13469,6610,1910,161,17655,18866,22269,3073,20100,2566,21024,8185,2952,17161,9869,22312,8718,10004,7956,4793,22937,1051,22433,12710,19495,5466,21031,17600,7648,21491
40,50.1900,7632,18751,18000,21630,19961,13526,20562,15571,23137,24412,13469,6610,1910,161,17655,18866,22269,3073,20100,2566,21024,8185,2952,17161,9869,22312,8718,10004,7956,4793,22937,1051,22433,12710,19495,5466,21031,17600,7648,21491
40,50.1900,7632,18751,18000,21630,19961,13526,20562,15571,23137,24412,13469,6610,1910,161,17655,18866,22269,3073,20100,2566,21024,8185,2952,17161,9869,22312,8718,10004,7956,4793,22937,1051,22433,12710,19495,5466,21031,17600,7648,21491
40,50.1900,7632,18751,18000,21630,19961,13526,20562,15571,23137,24412,13469,6610,1910,161,17655,18866,22269,3073,20100,2566,21024,8185,2952,17161,9869,22312,8718,10004,7956,4793,22937,1051,22433,12710,19495,5466,21031,17600,7648,21491
40,50.1900,7632,18751,18000,21630,19961,13526,20562,15571,23137,24412,13469,6610,1910,161,17655,18866,22269,3073,20100,2566,21024,8185,2952,17161,9869,22312,8718,10004,7956,4793,22937,1051,22433,12710,19495,5466,21031,17600,7648,21491
40,50.1900,7632,18751,18000,21630,19961,13526,20562,15571,23137,24412,13469,6610,1910,161,17655,18866,22269,3073,20100,2566,21024,8185,2952,17161,9869,22312,8718,10004,7956,4793,22937,1051,22433,12710,19495,5466,21031,17600,7648,21491
40,50.1900,7632,18751,18000,21630,19961,13526,20562,15571,23137,24412,13469,6610,1910,161,17655,18866,22269,3073,20100,2566,21024,8185,2952,17161,9869,22312,8718,10004,7956,4793,22937,1051,22433,12710,19495,5466,21031,17600,7648,21491
40,50.1900,7632,18751,18000,21630,19961,13526,20562,15571,23137,24412,13469,6610,1910,161,17655,18866,22269,3073,20100,2566,21024,8185,2952,17161,9869,22312,8718,10004,7956,4793,22937,1051,22433,12710,19495,5466,21031,17600,7648,21491
40,50.1900,7632,18751,18000,21630,19961,13526,20562,15571,23137,24412,13469,6610,1910,161,17655,18866,22269,3073,20100,2566,21024,8185,2952,17161,9869,22312,8718,10004,7956,4793,22937,1051,22433,12710,19495,5466,21031,17600,7648,21491
40,50.1900,7632,18751,18000,21630,19961,13526,20562,15571,23137,24412,13469,6610,1910,161,17655,18866,22269,3073,20100,2566,21024,8185,2952,17161,9869,22312,8718,10004,7956,4793,22937,1051,22433,12710,19495,5466,21031,17600,7648,21491
40,50.1900,7632,18751,18000,21630,19961,13526,20562,15571,23137,24412,13469,6610,1910,161,17655,18866,22269,3073,20100,2566,21024,8185,2952,17161,9869,22312,8718,10004,7956,4793,22937,1051,22433,12710,19495,5466,21031,17600,7648,21491
40,50.1900,7632,18751,18000,21630,19961,13526,20562,15571,23137,24412,13469,6610,1910,161,17655,18866,22269,3073,20100,2566,21024,8185,2952,17161,9869,22312,8718,10004,7956,4793,22937,1051,22433,12710,19495,5466,21031,17600,7648,21491
40,50.1900,7632,18751,18000,21630,19961,13526,20562,15571,23137,24412,13469,6610,1910,161,17655,18866,22269,3073,20100,2566,21024,8185,2952,17161,9869,22312,8718,10004,7956,4793,22937,1051,22433,12710,19495,5466,21031,17600,7648,21491
40,50.1900,7632,18751,18000,21630,19961,13526,20562,15571,23137,24412,13469,6610,1910,161,17655,18866,22269,3073,20100,2566,21024,8185,2952,17161,9869,22312,8718,10004,7956,4793,22937,1051,22433,12710,19495,5466,21031,17600,7648,21491
40,50.1900,7632,18751,18000,21630,19961,13526,20562,15571,23137,24412,13469,6610,1910,161,17655,18866,22269,3073,20100,2566,21024,8185,2952,17161,9869,22312,8718,10004,7956,4793,22937,1051,22433,12710,19495,5466,21031,17600,7648,21491
40,50.1900,7632,18751,18000,21630,19961,13526,20562,15571,23137,24412,13469,6610,1910,161,17655,18866,22269,3073,20100,2566,21024,8185,2952,17161,9869,22312,8718,10004,7956,4793,22937,1051,22433,12710,19495,5466,21031,17600,7648,21491
40,50.1900,7632,18751,18000,21630,19961,13526,20562,15571,23137,24412,13469,6610,1910,161,17655,18866,22269,3073,20100,2566,21024,8185,2952,17161,9869,22312,8718,10004,7956,4793,22937,1051,22433,12710,19495,5466,21031,17600,7648,21491
40,50.1900,7632,18751,18000,21630,19961,13526,20562,15571,23137,24412,13469,6610,1910,161,17655,18866,22269,3073,20100,2566,21024,8185,2952,17161,9869,22312,8718,10004,7956,4793,22937,1051,22433,12710,19495,5466,21031,17600,7648,21491
40,50.1900,7632,18751,18000,21630,19961,13526,20562,15571,23137,24412,13469,6610,1910,161,17655,18866,22269,3073,20100,2566,21024,8185,2952,17161,9869,22312,8718,10004,7956,4793,22937,1051,22433,12710,19495,5466,21031,17600,7648,21491
40,50.1900,7632,18751,18000,21630,19961,13526,20562,15571,23137,24412,13469,6610,1910,161,17655,18866,22269,3073,20100,2566,21024,8185,2952,17161,9869,22312,8718,10004,7956,4793,22937,1051,22433,12710,19495,5466,21031,17600,7648,21491
40,50.1900,7632,18751,18000,21630,19961,13526,20562,15571,23137,24412,13469,6610,1910,161,17655,18866,22269,3073,20100,2566,21024,8185,2952,17161,9869,22312,8718,10004,7956,4793,22937,1051,22433,12710,19495,5466,21031,17600,7648,21491
40,50.1900,7632,18751,18000,21630,19961,13526,20562,15571,23137,24412,13469,6610,1910,161,17655,18866,22269,3073,20100,2566,21024,8185,2952,17161,9869,22312,8718,10004,7956,4793,22937,1051,22433,12710,19495,5466,21031,17600,7648,21491
40,50.1900,7632,18751,18000,21630,19961,13526,20562,15571,23137,24412,13469,6610,1910,161,17655,18866,22269,3073,20100,2566,21024,8185,2952,17161,9869,22312,8718,10004,7956,4793,22937,1051,22433,12710,19495,5466,21031,17600,7648,21491
40,50.1900,7632,18751,18000,21630,19961,13526,20562,15571,23137,24412,13469,6610,1910,161,17655,18866,22269,3073,20100,2566,21024,8185,2952,17161,9869,22312,8718,10004,7956,4793,22937,1051,22433,12710,19495,5466,21031,17600,7648,21491
40,50.1900,7632,18751,18000,21630,19961,13526,20562,15571,23137,24412,13469,6610,1910,161,17655,18866,22269,3073,20100,2566,21024,8185,2952,17161,9869,22312,8718,10004,7956,4793,22937,1051,22433,12710,19495,5466,21031,17600,7648,21491
40,50.1900,7632,18751,18000,21630,19961,13526,20562,15571,23137,24412,13469,6610,1910,161,17655,18866,22269,3073,20100,2566,21024,8185,2952,17161,9869,22312,8718,10004,7956,4793,22937,1051,22433,12710,19495,5466,21031,17600,7648,21491
40,50.1900,7632,18751,18000,21630,19961,13526,20562,15571,23137,24412,13469,6610,1910,161,17655,18866,22269,3073,20100,2566,21024,8185,2952,17161,9869,22312,8718,10004,7956,4793,22937,1051,22433,12710,19495,5466,21031,17600,7648,21491
40,50.1900,7632,18751,18000,21630,19961,13526,20562,15571,23137,24412,13469,6610,1910,161,17655,18866,22269,3073,20100,2566,21024,8185,2952,17161,9869,22312,8718,10004,7956,4793,22937,1051,22433,12710,19495,5466,21031,17600,7648,21491
40,50.1900,7632,18751,18000,21630,19961,13526,20562,15571,23137,24412,13469,6610,1910,161,17655,18866,22269,3073,20100,2566,21024,8185,2952,17161,9869,22312,8718,10004,7956,4793,22937,1051,22433,12710,19495,5466,21031,17600,7648,21491
40,50.1900,7632,18751,18000,21630,19961,13526,20562,15571,23137,24412,13469,6610,1910,161,17655,18866,22269,3073,20100,2566,21024,8185,2952,17161,9869,22312,8718,10004,7956,4793,22937,1051,22433,12710,19495,5466,21031,17600,7648,21491
40,50.1900,7632,18751,18000,21630,19961,13526,20562,15571,23137,24412,13469,6610,1910,161,17655,18866,22269,3073,20100,2566,21024,8185,2952,17161,9869,22312,8718,10004,7956,4793,22937,1051,22433,12710,19495,5466,21031,17600,7648,21491
40,50.1900,7632,18751,18000,21630,19961,13526,20562,15571,23137,24412,13469,6610,1910,161,17655,18866,22269,3073,20100,2566,21024,8185,2952,17161,9869,22312,8718,10004,7956,4793,22937,1051,22433,12710,19495,5466,21031,17600,7648,21491
40,50.1900,7632,18751,18000,21630,19961,13526,20562,15571,23137,24412,13469,6610,1910,161,17655,18866,22269,3073,20100,2566,21024,8185,2952,17161,9869,22312,8718,10004,7956,4793,22937,1051,22433,12710,19495,5466,21031,17600,7648,21491
40,50.1900,7632,18751,18000,21630,19961,13526,20562,15571,23137,24412,13469,6610,1910,161,17655,18866,22269,3073,20100,2566,21024,8185,2952,17161,9869,22312,8718,10004,7956,4793,22937,1051,22433,12710,19495,5466,21031,17600,7648,21491
40,50.1900,7632,18751,18000,21630,19961,13526,20562,15571,23137,24412,13469,6610,1910,161,17655,18866,22269,3073,20100,2566,21024,8185,2952,17161,9869,22312,8718,10004,7956,4793,22937,1051,22433,12710,19495,5466,21031,17600,7648,21491
40,50.1900,7632,18751,18000,21630,19961,13526,20562,15571,23137,24412,13469,6610,1910,161,17655,18866,22269,3073,20100,2566,21024,8185,2952,17161,9869,22312,8718,10004,7956,4793,22937,1051,22433,12710,19495,5466,21031,17600,7648,21491
40,50.1900,7632,18751,18000,21630,19961,13526,20562,15571,23137,24412,13469,6610,1910,161,17655,18866,22269,3073,20100,2566,21024,8185,2952,17161,9869,22312,8718,10004,7956,4793,22937,1051,22433,12710,19495,5466,21031,17600,7648,21491
40,50.1900,7632,18751,18000,21630,19961,13526,20562,15571,23137,24412,13469,6610,1910,161,17655,18866,22269,3073,20100,2566,21024,8185,2952,17161,9869,22312,8718,10004,7956,4793,22937,1051,22433,12710,19495,5466,21031,17600,7648,21491
40,49.9700,11241,20100,2566,2952,17161,9869,8718,10004,7956,22937,1051,13469,21024,161,22433,12710,19495,22312,21031,18866,4793,18751,17600,7632,18000,20562,15571,6610,13526,5466,24412,8185,7648,23137,21491,1910,17655,19961,22269,21630
40,49.8500,7632,18751,18000,21630,19961,13526,20562,15571,23137,24412,13469,6610,1910,161,17655,18866,22269,3073,20100,2566,21024,8185,2952,17161,9869,22312,8718,10004,7956,4793,22937,1051,22433,12710,19495,5466,21031,17600,7648,21491
40,49.6400,7632,18751,18000,21630,19961,13526,20562,15571,23137,24412,13469,6610,1910,161,17655,18866,22269,3073,20100,2566,21024,8185,2952,17161,9869,22312,8718,10004,7956,4793,22937,1051,22433,12710,19495,5466,21031,17600,7648,21491
40,49.5700,7632,18751,18000,21630,19961,13526,20562,15571,23137,24412,13469,6610,1910,161,17655,18866,22269,3073,20100,2566,21024,8185,2952,17161,9869,22312,8718,10004,7956,4793,22937,1051,22433,12710,19495,5466,21031,17600,7648,21491
40,49.4800,3073,20100,2566,2952,17161,9869,8718,10004,7956,22937,1051,13469,21024,161,22433,12710,19495,22312,21031,18866,2449,18751,17600,7632,18000,20562,15571,6610,13526,5466,24412,8185,7648,23137,21491,1910,17655,19961,22269,21630
40,49.3500,7632,18751,18000,21630,19961,13526,20562,15571,23137,24412,13469,6610,1910,161,17655,18866,22269,3073,20100,2566,21024,8185,2952,17161,9869,22312,8718,10004,7956,4793,22937,1051,22433,12710,19495,5466,21031,17600,7648,21491
40,49.3300,7632,18751,18000,21630,19961,13526,20562,15571,23137,24412,13469,6610,1910,161,17655,18866,22269,3073,20100,2566,21024,8185,2952,17161,9869,22312,8718,10004,7956,4793,22937,1051,22433,12710,19495,5466,21031,17600,7648,21491
40,49.2400,7632,18751,18000,21630,19961,13526,20562,15571,23137,24412,13469,6610,1910,161,17655,18866,22269,3073,20100,2566,21024,8185,2952,17161,9869,22312,8718,10004,7956,4793,22937,1051,22433,12710,19495,5466,21031,17600,7648,21491
40,49.1700,7632,18751,18000,21630,19961,13526,20562,15571,23137,24412,13469,6610,1910,161,17655,18866,22269,3073,20100,2566,21024,8185,2952,17161,9869,22312,8718,10004,7956,4793,22937,1051,22433,12710,19495,5466,21031,17600,7648,21491
40,49.1500,7632,18751,18000,21630,19961,13526,20562,15571,23137,24412,13469,6610,1910,161,17655,18866,22269,3073,20100,2566,21024,8185,2952,17161,9869,22312,8718,10004,7956,4793,22937,1051,22433,12710,19495,5466,21031,17600,7648,21491
40,49.1200,7632,18751,18000,21630,19961,13526,20562,15571,23137,24412,13469,6610,1910,161,17655,18866,22269,3073,20100,2566,21024,8185,2952,17161,9869,22312,8718,10004,7956,4793,22937,1051,22433,12710,19495,5466,21031,17600,7648,21491
40,49.0900,7632,18751,18000,21630,19961,13526,20562,15571,23137,24412,13469,6610,1910,161,17655,18866,22269,3073,20100,2566,21024,8185,2952,17161,9869,22312,8718,10004,7956,4793,22937,1051,22433,12710,19495,5466,21031,17600,7648,21491
40,49.0800,7632,18751,18000,21630,19961,13526,20562,15571,23137,24412,13469,6610,1910,161,17655,18866,22269,3073,20100,2566,21024,8185,2952,17161,9869,22312,8718,10004,7956,4793,22937,1051,22433,12710,19495,5466,21031,17600,7648,21491
40,49.0700,7632,18751,18000,21630,19961,13526,20562,15571,23137,24412,13469,6610,1910,161,17655,18866,22269,3073,20100,2566,21024,8185,2952,17161,9869,22312,8718,10004,7956,4793,22937,1051,22433,12710,19495,5466,21031,17600,7648,21491
40,49.0600,3073,20100,2566,2952,17161,9869,8718,10004,7956,22937,1051,13469,21024,161,22433,12710,19495,22312,21031,18866,4793,18751,17600,3174,18000,20562,15571,6610,13526,5466,24412,8185,7648,23137,21491,1910,17655,19961,22269,21630
40,49.0400,7632,18751,18000,21630,19961,13526,20562,15571,23137,24412,13469,6610,1910,161,17655,18866,22269,3073,20100,2566,21024,8185,2952,17161,9869,22312,8718,10004,7956,4793,22937,1051,22433,12710,19495,5466,21031,17600,7648,21491
40,49.0300,7632,18751,18000,21630,19961,13526,20562,15571,23137,24412,13469,6610,1910,161,17655,18866,22269,3073,20100,2566,21024,8185,2952,17161,9869,22312,8718,10004,7956,4793,22937,1051,22433,12710,19495,5466,21031,17600,7648,21491
40,49.0200,7632,18751,18000,21630,19961,13526,20562,15571,23137,24412,13469,6610,1910,161,17655,18866,22269,3073,20100,2566,21024,8185,2952,17161,9869,22312,8718,10004,7956,4793,22937,1051,22433,12710,19495,5466,21031,17600,7648,21491
40,49.0000,7632,18751,18000,21630,19961,13526,20562,15571,23137,24412,13469,6610,1910,161,17655,18866,22269,3073,20100,2566,21024,8185,2952,17161,9869,22312,8718,10004,7956,4793,22937,1051,22433,12710,19495,5466,21031,17600,7648,21491
40,48.9300,7632,18751,18000,21630,19961,13526,20562,15571,23137,24412,13469,6610,1910,161,17655,18866,22269,3073,20100,2566,21024,8185,2952,17161,9869,22312,8718,10004,7956,4793,22937,1051,22433,12710,19495,5466,21031,17600,7648,21491
40,48.9200,7632,18751,18000,21630,19961,13526,20562,15571,23137,24412,13469,6610,1910,161,17655,18866,22269,3073,20100,2566,21024,8185,2952,17161,9869,22312,8718,10004,7956,4793,22937,1051,22433,12710,19495,5466,21031,17600,7648,21491
40,48.9200,7632,18751,18000,21630,19961,13526,20562,15571,23137,24412,13469,6610,1910,161,17655,18866,22269,3073,20100,2566,21024,8185,2952,17161,9869,22312,8718,10004,7956,4793,22937,1051,22433,12710,19495,5466,21031,17600,7648,21491
40,48.9100,7632,18751,18000,21630,19961,13526,20562,15571,23137,24412,13469,6610,1910,161,17655,18866,22269,3073,20100,2566,21024,8185,2952,17161,9869,22312,8718,10004,7956,4793,22937,1051,22433,12710,19495,5466,21031,17600,7648,21491
40,48.8900,7632,18751,18000,21630,19961,13526,20562,15571,23137,24412,13469,6610,1910,161,17655,18866,22269,3073,20100,2566,21024,8185,2952,17161,9869,22312,8718,10004,7956,4793,22937,1051,22433,12710,19495,5466,21031,17600,7648,21491
40,48.8400,7632,18751,18000,21630,19961,13526,20562,15571,23137,24412,13469,6610,1910,161,17655,18866,22269,3073,20100,2566,21024,8185,2952,17161,9869,22312,8718,10004,7956,4793,22937,1051,22433,12710,19495,5466,21031,17600,7648,21491
40,48.8000,7632,18751,18000,21630,19961,13526,20562,15571,23137,24412,13469,6610,1910,161,17655,18866,22269,3073,20100,2566,21024,8185,2952,17161,9869,22312,8718,10004,7956,4793,22937,1051,22433,12710,19495,5466,21031,17600,7648,21491
40,48.8000,7632,18751,18000,21630,19961,13526,20562,15571,23137,24412,13469,6610,1910,161,17655,18866,22269,3073,20100,2566,21024,8185,2952,17161,9869,22312,8718,10004,7956,4793,22937,1051,22433,12710,19495,5466,21031,17600,7648,21491
40,48.7900,7632,18751,18000,21630,19961,13526,20562,15571,23137,24412,13469,6610,1910,161,17655,18866,22269,3073,20100,2566,21024,8185,2952,17161,9869,22312,8718,10004,7956,4793,22937,1051,22433,12710,19495,5466,21031,17600,7648,21491
40,48.7600,7632,18751,18000,21630,19961,13526,20562,15571,23137,24412,13469,6610,1910,161,17655,18866,22269,3073,20100,2566,21024,8185,2952,17161,9869,22312,8718,10004,7956,4793,22937,1051,22433,12710,19495,5466,21031,17600,7648,21491
40,48.7600,7632,18751,18000,21630,19961,13526,20562,15571,23137,24412,13469,6610,1910,161,17655,18866,22269,3073,20100,2566,21024,8185,2952,17161,9869,22312,8718,10004,7956,4793,22937,1051,22433,12710,19495,5466,21031,17600,7648,21491
40,48.7500,7632,18751,18000,21630,19961,13526,20562,15571,23137,24412,13469,6610,1910,161,17655,18866,22269,3073,20100,2566,21024,8185,2952,17161,9869,22312,8718,10004,7956,4793,22937,1051,22433,12710,19495,5466,21031,17600,7648,21491
40,48.7400,7632,18751,18000,21630,19961,13526,20562,15571,23137,24412,13469,6610,1910,161,17655,18866,22269,3073,20100,2566,21024,8185,2952,17161,9869,22312,8718,10004,7956,4793,22937,1051,22433,12710,19495,5466,21031,17600,7648,21491
40,48.7300,3073,20100,2566,2952,17161,9869,8718,10004,7956,22937,1051,13469,21024,161,22433,12710,19495,22312,21031,18866,4793,18751,17600,7632,18000,20562,15571,6610,13526,5466,24412,8185,7648,23137,21491,1910,17655,21450,22269,21630
40,48.7300,3073,20100,2566,2952,17161,9869,8718,10004,19216,22937,1051,13469,21024,161,22433,12710,19495,22312,21031,18866,4793,18751,17600,7632,18000,20562,15571,6610,13526,5466,24412,8185,7648,23137,21491,1910,17655,19961,22269,21630
40,48.7200,7632,18751,18000,21630,19961,13526,20562,15571,23137,24412,13469,6610,1910,161,17655,18866,22269,3073,20100,2566,21024,8185,2952,17161,9869,22312,8718,10004,7956,4793,22937,1051,22433,12710,19495,5466,21031,17600,7648,21491
40,48.7100,7632,18751,18000,21630,19961,13526,20562,15571,23137,24412,13469,6610,1910,161,17655,18866,22269,3073,20100,2566,21024,8185,2952,17161,9869,22312,8718,10004,7956,4793,22937,1051,22433,12710,19495,5466,21031,17600,7648,21491
40,48.7000,7632,18751,18000,21630,19961,13526,20562,15571,23137,24412,13469,6610,1910,161,17655,18866,22269,3073,20100,2566,21024,8185,2952,17161,9869,22312,8718,10004,7956,4793,22937,1051,22433,12710,19495,5466,21031,17600,7648,21491
40,48.7000,3073,20100,2566,2952,17161,9869,8718,10004,7956,22937,1051,13469,21024,161,22433,12710,19495,22312,1403,18866,4793,18751,17600,7632,18000,20562,15571,6610,13526,5466,24412,8185,7648,23137,21491,1910,17655,19961,22269,21630
40,48.6700,7632,18751,18000,21630,19961,13526,20562,15571,23137,24412,13469,6610,1910,161,17655,18866,22269,3073,20100,2566,21024,8185,2952,17161,9869,22312,8718,10004,7956,4793,22937,1051,22433,12710,19495,5466,21031,17600,7648,21491
40,48.6700,7632,18751,18000,21630,19961,13526,20562,15571,23137,24412,13469,6610,1910,161,17655,18866,22269,3073,20100,2566,21024,8185,2952,17161,9869,22312,8718,10004,7956,4793,22937,1051,22433,12710,19495,5466,21031,17600,7648,21491
40,48.6600,7632,18751,18000,21630,19961,13526,20562,15571,23137,24412,13469,6610,1910,161,17655,18866,22269,3073,20100,2566,21024,8185,2952,17161,9869,22312,8718,10004,7956,4793,22937,1051,22433,12710,19495,5466,21031,17600,7648,21491
40,48.6400,7632,18751,18000,21630,19961,13526,20562,15571,23137,24412,13469,6610,1910,161,17655,18866,22269,3073,20100,2566,21024,8185,2952,17161,9869,22312,8718,10004,7956,4793,22937,1051,22433,12710,19495,5466,21031,17600,7648,21491
40,48.6100,7632,18751,18000,21630,19961,13526,20562,15571,23137,24412,13469,6610,1910,161,17655,18866,22269,3073,20100,2566,21024,8185,2952,17161,9869,22312,8718,10004,7956,4793,22937,1051,22433,12710,19495,5466,21031,17600,7648,21491
40,48.5600,3073,20100,2566,2952,17161,9869,8718,10004,13628,22937,1051,13469,21024,161,22433,12710,19495,22312,21031,18866,4793,18751,17600,7632,18000,20562,15571,6610,13526,5466,24412,8185,7648,23137,21491,1910,17655,19961,22269,21630
40,48.5500,21297,20100,2566,2952,17161,9869,8718,10004,7956,22937,1051,13469,21024,161,22433,12710,19495,22312,21031,18866,4793,18751,17600,7632,18000,20562,15571,6610,13526,5466,24412,8185,7648,23137,21491,1910,17655,19961,22269,21630
40,48.5200,7632,18751,18000,21630,19961,13526,20562,15571,23137,24412,13469,6610,1910,161,17655,18866,22269,3073,20100,2566,21024,8185,2952,17161,9869,22312,8718,10004,7956,4793,22937,1051,22433,12710,19495,5466,21031,17600,7648,21491
40,48.4600,7632,18751,18000,21630,19961,13526,20562,15571,23137,24412,13469,6610,1910,161,17655,18866,22269,3073,20100,2566,21024,8185,2952,17161,9869,22312,8718,10004,7956,4793,22937,1051,22433,12710,19495,5466,21031,17600,7648,21491
40,48.4100,7632,18751,18000,21630,19961,13526,20562,15571,23137,24412,13469,6610,1910,161,17655,18866,22269,3073,20100,2566,21024,8185,2952,17161,9869,22312,8718,10004,7956,4793,22937,1051,22433,12710,19495,5466,21031,17600,7648,21491
40,48.3900,7632,18751,18000,21630,19961,13526,20562,15571,23137,24412,13469,6610,1910,161,17655,18866,22269,3073,20100,2566,21024,8185,2952,17161,9869,22312,8718,10004,7956,4793,22937,1051,22433,12710,19495,5466,21031,17600,7648,21491
40,48.3900,7632,18751,18000,21630,19961,13526,20562,15571,23137,24412,13469,6610,1910,161,17655,18866,22269,3073,20100,2566,21024,8185,2952,17161,9869,22312,8718,10004,7956,4793,22937,1051,22433,12710,19495,5466,21031,17600,7648,21491
40,48.3700,7632,18751,18000,21630,19961,13526,20562,15571,23137,24412,13469,6610,1910,161,17655,18866,22269,3073,20100,2566,21024,8185,2952,17161,9869,22312,8718,10004,7956,4793,22937,1051,22433,12710,19495,5466,21031,17600,7648,21491
40,48.3600,7632,18751,18000,21630,19961,13526,20562,15571,23137,24412,13469,6610,1910,161,17655,18866,22269,3073,20100,2566,21024,8185,2952,17161,9869,22312,8718,10004,7956,4793,22937,1051,22433,12710,19495,5466,21031,17600,7648,21491
