n_nodes,influence,n0,n1,n2,n3,n4,n5,n6,n7,n8,n9,n10,n11,n12,n13,n14,n15,n16,n17,n18,n19,n20,n21,n22,n23,n24,n25,n26,n27,n28,n29,n30,n31,n32,n33,n34,n35,n36,n37,n38,n39
40,52.2500,8195,17655,9020,25758,13190,13966,2338,6185,4125,15435,22284,23514,17807,915,20574,12786,18866,4372,21012,715,18453,13682,12312,18719,21281,22320,22691,9267,2741,8768,2516,4293,24398,13008,11379,12496,4182,25050,25439,12654
40,52.2500,8195,17655,9020,25758,13190,13966,2338,6185,4125,15435,22284,23514,17807,915,20574,12786,18866,4372,21012,715,18453,13682,12312,18719,21281,22320,22691,9267,2741,8768,2516,4293,24398,13008,11379,12496,4182,25050,25439,12654
40,52.2500,8195,17655,9020,25758,13190,13966,2338,6185,4125,15435,22284,23514,17807,915,20574,12786,18866,4372,21012,715,18453,13682,12312,18719,21281,22320,22691,9267,2741,8768,2516,4293,24398,13008,11379,12496,4182,25050,25439,12654
40,52.2500,8195,17655,9020,25758,13190,13966,2338,6185,4125,15435,22284,23514,17807,915,20574,12786,18866,4372,21012,715,18453,13682,12312,18719,21281,22320,22691,9267,2741,8768,2516,4293,24398,13008,11379,12496,4182,25050,25439,12654
40,52.2500,8195,17655,9020,25758,13190,13966,2338,6185,4125,15435,22284,23514,17807,915,20574,12786,18866,4372,21012,715,18453,13682,12312,18719,21281,22320,22691,9267,2741,8768,2516,4293,24398,13008,11379,12496,4182,25050,25439,12654
40,52.2500,8195,17655,9020,25758,13190,13966,2338,6185,4125,15435,22284,23514,17807,915,20574,12786,18866,4372,21012,715,18453,13682,12312,18719,21281,22320,22691,9267,2741,8768,2516,4293,24398,13008,11379,12496,4182,25050,25439,12654
40,52.2500,8195,17655,9020,25758,13190,13966,2338,6185,4125,15435,22284,23514,17807,915,20574,12786,18866,4372,21012,715,18453,13682,12312,18719,21281,22320,22691,9267,2741,8768,2516,4293,24398,13008,11379,12496,4182,25050,25439,12654
40,52.2500,8195,17655,9020,25758,13190,13966,2338,6185,4125,15435,22284,23514,17807,915,20574,12786,18866,4372,21012,715,18453,13682,12312,18719,21281,22320,22691,9267,2741,8768,2516,4293,24398,13008,11379,12496,4182,25050,25439,12654
40,52.2500,8195,17655,9020,25758,13190,13966,2338,6185,4125,15435,22284,23514,17807,915,20574,12786,18866,4372,21012,715,18453,13682,12312,18719,21281,22320,22691,9267,2741,8768,2516,4293,24398,13008,11379,12496,4182,25050,25439,12654
40,52.2500,8195,17655,9020,25758,13190,13966,2338,6185,4125,15435,22284,23514,17807,915,20574,12786,18866,4372,21012,715,18453,13682,12312,18719,21281,22320,22691,9267,2741,8768,2516,4293,24398,13008,11379,12496,4182,25050,25439,12654
40,52.2500,8195,17655,9020,25758,13190,13966,2338,6185,4125,15435,22284,23514,17807,915,20574,12786,18866,4372,21012,715,18453,13682,12312,18719,21281,22320,22691,9267,2741,8768,2516,4293,24398,13008,11379,12496,4182,25050,25439,12654
40,52.2500,8195,17655,9020,25758,13190,13966,2338,6185,4125,15435,22284,23514,17807,915,20574,12786,18866,4372,21012,715,18453,13682,12312,18719,21281,22320,22691,9267,2741,8768,2516,4293,24398,13008,11379,12496,4182,25050,25439,12654
40,52.2500,8195,17655,9020,25758,13190,13966,2338,6185,4125,15435,22284,23514,17807,915,20574,12786,18866,4372,21012,715,18453,13682,12312,18719,21281,22320,22691,9267,2741,8768,2516,4293,24398,13008,11379,12496,4182,25050,25439,12654
40,52.2500,8195,17655,9020,25758,13190,13966,2338,6185,4125,15435,22284,23514,17807,915,20574,12786,18866,4372,21012,715,18453,13682,12312,18719,21281,22320,22691,9267,2741,8768,2516,4293,24398,13008,11379,12496,4182,25050,25439,12654
40,52.2500,8195,17655,9020,25758,13190,13966,2338,6185,4125,15435,22284,23514,17807,915,20574,12786,18866,4372,21012,715,18453,13682,12312,18719,21281,22320,22691,9267,2741,8768,2516,4293,24398,13008,11379,12496,4182,25050,25439,12654
40,52.2500,8195,17655,9020,25758,13190,13966,2338,6185,4125,15435,22284,23514,17807,915,20574,12786,18866,4372,21012,715,18453,13682,12312,18719,21281,22320,22691,9267,2741,8768,2516,4293,24398,13008,11379,12496,4182,25050,25439,12654
40,52.2500,8195,17655,9020,25758,13190,13966,2338,6185,4125,15435,22284,23514,17807,915,20574,12786,18866,4372,21012,715,18453,13682,12312,18719,21281,22320,22691,9267,2741,8768,2516,4293,24398,13008,11379,12496,4182,25050,25439,12654
40,52.2500,8195,17655,9020,25758,13190,13966,2338,6185,4125,15435,22284,23514,17807,915,20574,12786,18866,4372,21012,715,18453,13682,12312,18719,21281,22320,22691,9267,2741,8768,2516,4293,24398,13008,11379,12496,4182,25050,25439,12654
40,52.2500,8195,17655,9020,25758,13190,13966,2338,6185,4125,15435,22284,23514,17807,915,20574,12786,18866,4372,21012,715,18453,13682,12312,18719,21281,22320,22691,9267,2741,8768,2516,4293,24398,13008,11379,12496,4182,25050,25439,12654
40,52.2500,8195,17655,9020,25758,13190,13966,2338,6185,4125,15435,22284,23514,17807,915,20574,12786,18866,4372,21012,715,18453,13682,12312,18719,21281,22320,22691,9267,2741,8768,2516,4293,24398,13008,11379,12496,4182,25050,25439,12654
40,52.2500,8195,17655,9020,25758,13190,13966,2338,6185,4125,15435,22284,23514,17807,915,20574,12786,18866,4372,21012,715,18453,13682,12312,18719,21281,22320,22691,9267,2741,8768,2516,4293,24398,13008,11379,12496,4182,25050,25439,12654
40,52.2500,8195,17655,9020,25758,13190,13966,2338,6185,4125,15435,22284,23514,17807,915,20574,12786,18866,4372,21012,715,18453,13682,12312,18719,21281,22320,22691,9267,2741,8768,2516,4293,24398,13008,11379,12496,4182,25050,25439,12654
40,52.2500,8195,17655,9020,25758,13190,13966,2338,6185,4125,15435,22284,23514,17807,915,20574,12786,18866,4372,21012,715,18453,13682,12312,18719,21281,22320,22691,9267,2741,8768,2516,4293,24398,13008,11379,12496,4182,25050,25439,12654
40,52.2500,8195,17655,9020,25758,13190,13966,2338,6185,4125,15435,22284,23514,17807,915,20574,12786,18866,4372,21012,715,18453,13682,12312,18719,21281,22320,22691,9267,2741,8768,2516,4293,24398,13008,11379,12496,4182,25050,25439,12654
40,52.2500,8195,17655,9020,25758,13190,13966,2338,6185,4125,15435,22284,23514,17807,915,20574,12786,18866,4372,21012,715,18453,13682,12312,18719,21281,22320,22691,9267,2741,8768,2516,4293,24398,13008,11379,12496,4182,25050,25439,12654
40,52.2500,8195,17655,9020,25758,13190,13966,2338,6185,4125,15435,22284,23514,17807,915,20574,12786,18866,4372,21012,715,18453,13682,12312,18719,21281,22320,22691,9267,2741,8768,2516,4293,24398,13008,11379,12496,4182,25050,25439,12654
40,52.2500,8195,17655,9020,25758,13190,13966,2338,6185,4125,15435,22284,23514,17807,915,20574,12786,18866,4372,21012,715,18453,13682,12312,18719,21281,22320,22691,9267,2741,8768,2516,4293,24398,13008,11379,12496,4182,25050,25439,12654
40,52.2500,8195,17655,9020,25758,13190,13966,2338,6185,4125,15435,22284,23514,17807,915,20574,12786,18866,4372,21012,715,18453,13682,12312,18719,21281,22320,22691,9267,2741,8768,2516,4293,24398,13008,11379,12496,4182,25050,25439,12654
40,52.2500,8195,17655,9020,25758,13190,13966,2338,6185,4125,15435,22284,23514,17807,915,20574,12786,18866,4372,21012,715,18453,13682,12312,18719,21281,22320,22691,9267,2741,8768,2516,4293,24398,13008,11379,12496,4182,25050,25439,12654
40,52.2500,8195,17655,9020,25758,13190,13966,2338,6185,4125,15435,22284,23514,17807,915,20574,12786,18866,4372,21012,715,18453,13682,12312,18719,21281,22320,22691,9267,2741,8768,2516,4293,24398,13008,11379,12496,4182,25050,25439,12654
40,52.2500,8195,17655,9020,25758,13190,13966,2338,6185,4125,15435,22284,23514,17807,915,20574,12786,18866,4372,21012,715,18453,13682,12312,18719,21281,22320,22691,9267,2741,8768,2516,4293,24398,13008,11379,12496,4182,25050,25439,12654
40,52.2500,8195,17655,9020,25758,13190,13966,2338,6185,4125,15435,22284,23514,17807,915,20574,12786,18866,4372,21012,715,18453,13682,12312,18719,21281,22320,22691,9267,2741,8768,2516,4293,24398,13008,11379,12496,4182,25050,25439,12654
40,52.2500,8195,17655,9020,25758,13190,13966,2338,6185,4125,15435,22284,23514,17807,915,20574,12786,18866,4372,21012,715,18453,13682,12312,18719,21281,22320,22691,9267,2741,8768,2516,4293,24398,13008,11379,12496,4182,25050,25439,12654
40,52.2500,8195,17655,9020,25758,13190,13966,2338,6185,4125,15435,22284,23514,17807,915,20574,12786,18866,4372,21012,715,18453,13682,12312,18719,21281,22320,22691,9267,2741,8768,2516,4293,24398,13008,11379,12496,4182,25050,25439,12654
40,52.2500,8195,17655,9020,25758,13190,13966,2338,6185,4125,15435,22284,23514,17807,915,20574,12786,18866,4372,21012,715,18453,13682,12312,18719,21281,22320,22691,9267,2741,8768,2516,4293,24398,13008,11379,12496,4182,25050,25439,12654
40,52.2500,8195,17655,9020,25758,13190,13966,2338,6185,4125,15435,22284,23514,17807,915,20574,12786,18866,4372,21012,715,18453,13682,12312,18719,21281,22320,22691,9267,2741,8768,2516,4293,24398,13008,11379,12496,4182,25050,25439,12654
40,52.2500,8195,17655,9020,25758,13190,13966,2338,6185,4125,15435,22284,23514,17807,915,20574,12786,18866,4372,21012,715,18453,13682,12312,18719,21281,22320,22691,9267,2741,8768,2516,4293,24398,13008,11379,12496,4182,25050,25439,12654
40,52.2500,8195,17655,9020,25758,13190,13966,2338,6185,4125,15435,22284,23514,17807,915,20574,12786,18866,4372,21012,715,18453,13682,12312,18719,21281,22320,22691,9267,2741,8768,2516,4293,24398,13008,11379,12496,4182,25050,25439,12654
40,52.2500,8195,17655,9020,25758,13190,13966,2338,6185,4125,15435,22284,23514,17807,915,20574,12786,18866,4372,21012,715,18453,13682,12312,18719,21281,22320,22691,9267,2741,8768,2516,4293,24398,13008,11379,12496,4182,25050,25439,12654
40,52.2500,8195,17655,9020,25758,13190,13966,2338,6185,4125,15435,22284,23514,17807,915,20574,12786,18866,4372,21012,715,18453,13682,12312,18719,21281,22320,22691,9267,2741,8768,2516,4293,24398,13008,11379,12496,4182,25050,25439,12654
40,52.2500,8195,17655,9020,25758,13190,13966,2338,6185,4125,15435,22284,23514,17807,915,20574,12786,18866,4372,21012,715,18453,13682,12312,18719,21281,22320,22691,9267,2741,8768,2516,4293,24398,13008,11379,12496,4182,25050,25439,12654
40,52.2500,8195,17655,9020,25758,13190,13966,2338,6185,4125,15435,22284,23514,17807,915,20574,12786,18866,4372,21012,715,18453,13682,12312,18719,21281,22320,22691,9267,2741,8768,2516,4293,24398,13008,11379,12496,4182,25050,25439,12654
40,52.2500,8195,17655,9020,25758,13190,13966,2338,6185,4125,15435,22284,23514,17807,915,20574,12786,18866,4372,21012,715,18453,13682,12312,18719,21281,22320,22691,9267,2741,8768,2516,4293,24398,13008,11379,12496,4182,25050,25439,12654
40,52.2500,8195,17655,9020,25758,13190,13966,2338,6185,4125,15435,22284,23514,17807,915,20574,12786,18866,4372,21012,715,18453,13682,12312,18719,21281,22320,22691,9267,2741,8768,2516,4293,24398,13008,11379,12496,4182,25050,25439,12654
40,52.2500,8195,17655,9020,25758,13190,13966,2338,6185,4125,15435,22284,23514,17807,915,20574,12786,18866,4372,21012,715,18453,13682,12312,18719,21281,22320,22691,9267,2741,8768,2516,4293,24398,13008,11379,12496,4182,25050,25439,12654
40,52.2500,8195,17655,9020,25758,13190,13966,2338,6185,4125,15435,22284,23514,17807,915,20574,12786,18866,4372,21012,715,18453,13682,12312,18719,21281,22320,22691,9267,2741,8768,2516,4293,24398,13008,11379,12496,4182,25050,25439,12654
40,52.2500,8195,17655,9020,25758,13190,13966,2338,6185,4125,15435,22284,23514,17807,915,20574,12786,18866,4372,21012,715,18453,13682,12312,18719,21281,22320,22691,9267,2741,8768,2516,4293,24398,13008,11379,12496,4182,25050,25439,12654
40,52.2500,8195,17655,9020,25758,13190,13966,2338,6185,4125,15435,22284,23514,17807,915,20574,12786,18866,4372,21012,715,18453,13682,12312,18719,21281,22320,22691,9267,2741,8768,2516,4293,24398,13008,11379,12496,4182,25050,25439,12654
40,52.2400,8195,17655,9020,25758,13190,13966,2338,6185,4125,15435,22284,23514,17807,915,20574,12786,18866,4372,21012,715,18453,13682,12312,18719,21281,22320,22691,9267,2741,8768,2516,4293,24398,13008,11379,12496,4182,25050,25439,12654
40,51.6300,8195,17655,9020,25758,13190,13966,2338,6185,4125,15435,22284,23514,17807,915,20574,12786,18866,4372,21012,715,18453,13682,12312,18719,21281,22320,22691,9267,2741,8768,2516,4293,24398,13008,11379,12496,4182,25050,25439,12654
40,51.5200,8195,17655,9020,25758,13190,13966,2338,6185,4125,15435,22284,23514,17807,915,20574,12786,18866,4372,21012,715,18453,13682,12312,18719,21281,22320,22691,9267,2741,8768,2516,4293,24398,13008,11379,12496,4182,25050,25439,12654
40,51.4600,8195,17655,9020,25758,13190,13966,2338,6185,4125,15435,22284,23514,17807,915,20574,12786,18866,4372,21012,715,18453,13682,12312,18719,21281,22320,22691,9267,2741,8768,2516,4293,24398,13008,11379,12496,4182,25050,25439,12654
40,51.4500,8195,17655,9020,25758,13190,13966,2338,6185,4125,15435,22284,23514,17807,915,20574,12786,18866,4372,21012,715,18453,13682,12312,18719,21281,22320,22691,9267,2741,8768,2516,4293,24398,13008,11379,12496,4182,25050,25439,12654
40,51.3900,8195,13190,22284,13966,17807,915,4372,21012,18453,12312,4125,25758,18719,21281,2338,22691,6185,22320,18866,9267,2741,9020,8768,4293,15435,715,2335,13008,12496,2516,4182,23514,25050,20574,25439,12654,12786,13682,11379,17655
40,51.3300,8195,17655,9020,25758,13190,13966,2338,6185,4125,15435,22284,23514,17807,915,20574,12786,18866,4372,21012,715,18453,13682,12312,18719,21281,22320,22691,9267,2741,8768,2516,4293,24398,13008,11379,12496,4182,25050,25439,12654
40,51.3200,8195,17655,9020,25758,13190,13966,2338,6185,4125,15435,22284,23514,17807,915,20574,12786,18866,4372,21012,715,18453,13682,12312,18719,21281,22320,22691,9267,2741,8768,2516,4293,24398,13008,11379,12496,4182,25050,25439,12654
40,51.3100,8195,17655,9020,25758,13190,13966,2338,6185,4125,15435,22284,23514,17807,915,20574,12786,18866,4372,21012,715,18453,13682,12312,18719,21281,22320,22691,9267,2741,8768,2516,4293,24398,13008,11379,12496,4182,25050,25439,12654
40,51.2800,8195,17655,9020,25758,13190,13966,2338,6185,4125,15435,22284,23514,17807,915,20574,12786,18866,4372,21012,715,18453,13682,12312,18719,21281,22320,22691,9267,2741,8768,2516,4293,24398,13008,11379,12496,4182,25050,25439,12654
40,51.2700,8195,17655,9020,25758,13190,13966,2338,6185,4125,15435,22284,23514,17807,915,20574,12786,18866,4372,21012,715,18453,13682,12312,18719,21281,22320,22691,9267,2741,8768,2516,4293,24398,13008,11379,12496,4182,25050,25439,12654
40,51.2700,8195,13190,22284,13966,17807,915,4372,21012,18453,12312,4125,25758,18719,21281,2338,22691,6185,22320,18866,9267,2741,9020,8768,4293,15435,715,24398,13008,12496,2516,4182,23514,25050,20574,17392,12654,12786,13682,11379,17655
40,51.2500,8195,17655,9020,25758,13190,13966,2338,6185,4125,15435,22284,23514,17807,915,20574,12786,18866,4372,21012,715,18453,13682,12312,18719,21281,22320,22691,9267,2741,8768,2516,4293,24398,13008,11379,12496,4182,25050,25439,12654
40,51.2500,8195,17655,9020,25758,13190,13966,2338,6185,4125,15435,22284,23514,17807,915,20574,12786,18866,4372,21012,715,18453,13682,12312,18719,21281,22320,22691,9267,2741,8768,2516,4293,24398,13008,11379,12496,4182,25050,25439,12654
40,51.2300,8195,17655,9020,25758,13190,13966,2338,6185,4125,15435,22284,23514,17807,915,20574,12786,18866,4372,21012,715,18453,13682,12312,18719,21281,22320,22691,9267,2741,8768,2516,4293,24398,13008,11379,12496,4182,25050,25439,12654
40,51.2100,8195,13190,22284,13966,17807,915,4372,21012,18453,12312,4125,25758,18719,21281,2338,22691,6185,22320,18866,9267,2741,9020,8768,4293,15435,23458,24398,13008,12496,2516,4182,23514,25050,20574,25439,12654,12786,13682,11379,17655
40,51.1600,8195,17655,9020,25758,13190,13966,2338,6185,4125,15435,22284,23514,17807,915,20574,12786,18866,4372,21012,715,18453,13682,12312,18719,21281,22320,22691,9267,2741,8768,2516,4293,24398,13008,11379,12496,4182,25050,25439,12654
40,51.1300,8195,17655,9020,25758,13190,13966,2338,6185,4125,15435,22284,23514,17807,915,20574,12786,18866,4372,21012,715,18453,13682,12312,18719,21281,22320,22691,9267,2741,8768,2516,4293,24398,13008,11379,12496,4182,25050,25439,12654
40,51.1000,8195,17655,9020,25758,13190,13966,2338,6185,4125,15435,22284,23514,17807,915,20574,12786,18866,4372,21012,715,18453,13682,12312,18719,21281,22320,22691,9267,2741,8768,2516,4293,24398,13008,11379,12496,4182,25050,25439,12654
40,51.0600,8195,17655,9020,25758,13190,13966,2338,6185,4125,15435,22284,23514,17807,915,20574,12786,18866,4372,21012,715,18453,13682,12312,18719,21281,22320,22691,9267,2741,8768,2516,4293,24398,13008,11379,12496,4182,25050,25439,12654
40,51.0300,8195,17655,9020,25758,13190,13966,2338,6185,4125,15435,22284,23514,17807,915,20574,12786,18866,4372,21012,715,18453,13682,12312,18719,21281,22320,22691,9267,2741,8768,2516,4293,24398,13008,11379,12496,4182,25050,25439,12654
40,51.0000,8195,17655,9020,25758,13190,13966,2338,6185,4125,15435,22284,23514,17807,915,20574,12786,18866,4372,21012,715,18453,13682,12312,18719,21281,22320,22691,9267,2741,8768,2516,4293,24398,13008,11379,12496,4182,25050,25439,12654
40,50.9800,8195,17655,9020,25758,13190,13966,2338,6185,4125,15435,22284,23514,17807,915,20574,12786,18866,4372,21012,715,18453,13682,12312,18719,21281,22320,22691,9267,2741,8768,2516,4293,24398,13008,11379,12496,4182,25050,25439,12654
40,50.9300,8195,17655,9020,25758,13190,13966,2338,6185,4125,15435,22284,23514,17807,915,20574,12786,18866,4372,21012,715,18453,13682,12312,18719,21281,22320,22691,9267,2741,8768,2516,4293,24398,13008,11379,12496,4182,25050,25439,12654
40,50.9100,8195,17655,9020,25758,13190,13966,2338,6185,4125,15435,22284,23514,17807,915,20574,12786,18866,4372,21012,715,18453,13682,12312,18719,21281,22320,22691,9267,2741,8768,2516,4293,24398,13008,11379,12496,4182,25050,25439,12654
40,50.9100,8195,17655,9020,25758,13190,13966,2338,6185,4125,15435,22284,23514,17807,915,20574,12786,18866,4372,21012,715,18453,13682,12312,18719,21281,22320,22691,9267,2741,8768,2516,4293,24398,13008,11379,12496,4182,25050,25439,12654
40,50.8900,8195,17655,9020,25758,13190,13966,2338,6185,4125,15435,22284,23514,17807,915,20574,12786,18866,4372,21012,715,18453,13682,12312,18719,21281,22320,22691,9267,2741,8768,2516,4293,24398,13008,11379,12496,4182,25050,25439,12654
40,50.8800,8195,17655,9020,25758,13190,13966,2338,6185,4125,15435,22284,23514,17807,915,20574,12786,18866,4372,21012,715,18453,13682,12312,18719,21281,22320,22691,9267,2741,8768,2516,4293,24398,13008,11379,12496,4182,25050,25439,12654
40,50.8800,8195,13190,22284,13966,17807,915,4372,21012,18453,12312,4125,25758,18719,21281,2338,22691,6185,22320,18866,9267,2741,9020,8768,4293,15435,715,20533,13008,12496,2516,4182,23514,25050,20574,25439,12654,12786,13682,11379,17655
40,50.8600,8195,17655,9020,25758,13190,13966,2338,6185,4125,15435,22284,23514,17807,915,20574,12786,18866,4372,21012,715,18453,13682,12312,18719,21281,22320,22691,9267,2741,8768,2516,4293,24398,13008,11379,12496,4182,25050,25439,12654
40,50.8300,8195,13190,22284,13966,17807,915,4372,21012,18453,12312,4125,25758,18719,21281,2338,22691,6185,22320,18866,9267,2741,9020,22837,4293,15435,715,24398,13008,12496,2516,4182,23514,25050,20574,25439,12654,12786,13682,11379,17655
40,50.8200,8195,17655,9020,25758,13190,13966,2338,6185,4125,15435,22284,23514,17807,915,20574,12786,18866,4372,21012,715,18453,13682,12312,18719,21281,22320,22691,9267,2741,8768,2516,4293,24398,13008,11379,12496,4182,25050,25439,12654
40,50.8100,8195,17655,9020,25758,13190,13966,2338,6185,4125,15435,22284,23514,17807,915,20574,12786,18866,4372,21012,715,18453,13682,12312,18719,21281,22320,22691,9267,2741,8768,2516,4293,24398,13008,11379,12496,4182,25050,25439,12654
40,50.7900,8195,13190,22284,13966,17807,915,4372,21012,18453,12312,4125,25758,6813,21281,2338,22691,6185,22320,18866,9267,2741,9020,8768,4293,15435,715,24398,13008,12496,2516,4182,23514,25050,20574,25439,12654,12786,13682,11379,17655
40,50.7800,8195,17655,9020,25758,13190,13966,2338,6185,4125,15435,22284,23514,17807,915,20574,12786,18866,4372,21012,715,18453,13682,12312,18719,21281,22320,22691,9267,2741,8768,2516,4293,24398,13008,11379,12496,4182,25050,25439,12654
40,50.7700,8195,17655,9020,25758,13190,13966,2338,6185,4125,15435,22284,23514,17807,915,20574,12786,18866,4372,21012,715,18453,13682,12312,18719,21281,22320,22691,9267,2741,8768,2516,4293,24398,13008,11379,12496,4182,25050,25439,12654
40,50.7600,8195,17655,9020,25758,13190,13966,2338,6185,4125,15435,22284,23514,17807,915,20574,12786,18866,4372,21012,715,18453,13682,12312,18719,21281,22320,22691,9267,2741,8768,2516,4293,24398,13008,11379,12496,4182,25050,25439,12654
40,50.7300,8195,17655,9020,25758,13190,13966,2338,6185,4125,15435,22284,23514,17807,915,20574,12786,18866,4372,21012,715,18453,13682,12312,18719,21281,22320,22691,9267,2741,8768,2516,4293,24398,13008,11379,12496,4182,25050,25439,12654
40,50.7200,8195,17655,9020,25758,13190,13966,2338,6185,4125,15435,22284,23514,17807,915,20574,12786,18866,4372,21012,715,18453,13682,12312,18719,21281,22320,22691,9267,2741,8768,2516,4293,24398,13008,11379,12496,4182,25050,25439,12654
40,50.6900,8195,17655,9020,25758,13190,13966,2338,6185,4125,15435,22284,23514,17807,915,20574,12786,18866,4372,21012,715,18453,13682,12312,18719,21281,22320,22691,9267,2741,8768,2516,4293,24398,13008,11379,12496,4182,25050,25439,12654
40,50.6700,8195,17655,9020,25758,13190,13966,2338,6185,4125,15435,22284,23514,17807,915,20574,12786,18866,4372,21012,715,18453,13682,12312,18719,21281,22320,22691,9267,2741,8768,2516,4293,24398,13008,11379,12496,4182,25050,25439,12654
40,50.6500,8195,13190,18196,13966,17807,915,4372,21012,18453,12312,4125,25758,18719,21281,2338,22691,6185,22320,18866,9267,2741,9020,8768,4293,15435,715,24398,13008,12496,2516,4182,23514,25050,20574,25439,12654,12786,13682,11379,17655
40,50.6500,8195,17655,9020,25758,13190,13966,2338,6185,4125,15435,22284,23514,17807,915,20574,12786,18866,4372,21012,715,18453,13682,12312,18719,21281,22320,22691,9267,2741,8768,2516,4293,24398,13008,11379,12496,4182,25050,25439,12654
40,50.5800,8195,17655,9020,25758,13190,13966,2338,6185,4125,15435,22284,23514,17807,915,20574,12786,18866,4372,21012,715,18453,13682,12312,18719,21281,22320,22691,9267,2741,8768,2516,4293,24398,13008,11379,12496,4182,25050,25439,12654
40,50.5700,8195,17655,9020,25758,13190,13966,2338,6185,4125,15435,22284,23514,17807,915,20574,12786,18866,4372,21012,715,18453,13682,12312,18719,21281,22320,22691,9267,2741,8768,2516,4293,24398,13008,11379,12496,4182,25050,25439,12654
40,50.5600,8195,17655,9020,25758,13190,13966,2338,6185,4125,15435,22284,23514,17807,915,20574,12786,18866,4372,21012,715,18453,13682,12312,18719,21281,22320,22691,9267,2741,8768,2516,4293,24398,13008,11379,12496,4182,25050,25439,12654
40,50.5600,8195,13190,22284,13966,17807,915,4372,21012,18453,12312,4125,25758,18719,21281,2338,22691,6185,22320,18866,9267,2741,9020,8768,4293,15435,715,24398,13008,12496,13649,4182,23514,25050,20574,25439,12654,12786,13682,11379,17655
40,50.5300,8195,13190,22284,13966,17807,915,4372,21012,18140,12312,4125,25758,18719,21281,2338,22691,6185,22320,18866,9267,2741,9020,8768,4293,15435,715,24398,13008,12496,2516,4182,23514,25050,20574,25439,12654,12786,13682,11379,17655
40,50.5200,8195,17655,9020,25758,13190,13966,2338,6185,4125,15435,22284,23514,17807,915,20574,12786,18866,4372,21012,715,18453,13682,12312,18719,21281,22320,22691,9267,2741,8768,2516,4293,24398,13008,11379,12496,4182,25050,25439,12654
40,50.5200,8195,17655,9020,25758,13190,13966,2338,6185,4125,15435,22284,23514,17807,915,20574,12786,18866,4372,21012,715,18453,13682,12312,18719,21281,22320,22691,9267,2741,8768,2516,4293,24398,13008,11379,12496,4182,25050,25439,12654
40,50.5100,8195,17655,9020,25758,13190,13966,2338,6185,4125,15435,22284,23514,17807,915,20574,12786,18866,4372,21012,715,18453,13682,12312,18719,21281,22320,22691,9267,2741,8768,2516,4293,24398,13008,11379,12496,4182,25050,25439,12654
40,50.5000,8195,13190,22284,13966,17807,915,4372,21012,18453,12312,4125,25758,18719,21281,2338,22691,6185,22320,18866,9267,2741,9020,8768,4293,15435,715,24398,13008,12496,2516,4182,23514,10352,20574,25439,12654,12786,13682,11379,17655
