num_genrations,diversity,improvement,best_fitness
0,0.9983333333333333,0,287.31
1,0.6483333333333333,0.008144512895478665,289.65
2,0.2074999999999999,0.10826860003452449,321.01
3,0.43833333333333324,0.0,321.01
4,0.07166666666666655,0.09389115603875264,351.15
5,0.13916666666666666,0.0,351.15
6,0.2383333333333334,0.011391143386017372,355.15
7,0.13250000000000006,0.002477826270589879,356.03
8,0.057499999999999996,0.010223857540095058,359.67
9,0.02499999999999991,0.032223983095615354,371.26
10,0.03749999999999987,-0.011447503097559661,367.01
