n_nodes,influence,n0,n1,n2,n3,n4
5,91.0500,41,831,816,44,83
5,88.8700,47,473,816,44,83
5,88.8700,47,473,816,44,83
5,88.8700,47,473,816,44,83
5,88.8700,47,473,816,44,83
5,88.8700,47,473,816,44,83
5,88.8700,47,473,816,44,83
5,88.8700,47,473,816,44,83
5,88.8700,47,473,816,44,83
5,88.8700,47,473,816,44,83
5,88.8700,47,473,816,44,83
5,88.8700,47,473,816,44,83
5,88.8700,47,473,816,44,83
5,88.8700,47,473,816,44,83
5,88.8700,47,473,816,44,83
5,88.8500,41,831,816,44,83
5,88.8500,41,831,816,44,83
5,88.8500,41,831,816,44,83
5,88.8500,41,831,816,44,83
5,88.8500,41,831,816,44,83
5,88.8500,41,831,816,44,83
5,88.8500,41,831,816,44,83
5,88.8500,41,831,816,44,83
5,88.8500,41,831,816,44,83
5,88.8500,41,831,816,44,83
5,88.8500,41,831,816,44,83
5,88.8500,41,831,816,44,83
5,88.8500,41,831,816,44,83
5,88.8500,41,831,816,44,83
5,88.8500,41,831,816,44,83
5,88.8500,41,831,816,44,83
5,88.8500,41,831,816,44,83
5,88.8500,41,831,816,44,83
5,88.8500,41,831,816,44,83
5,88.8500,41,831,816,44,83
5,88.8500,41,831,816,44,83
5,88.8500,41,831,816,44,83
5,88.8500,41,831,816,44,83
5,88.8500,41,831,816,44,83
5,88.8500,41,831,816,44,83
5,88.8500,41,831,816,44,83
5,88.8500,41,831,816,44,83
5,88.8500,41,831,816,44,83
5,88.8500,41,831,816,44,83
5,88.8500,41,831,816,44,83
5,88.8500,41,831,816,44,83
5,88.8500,41,831,816,44,83
5,88.8500,41,831,816,44,83
5,88.8500,41,831,816,44,83
5,88.8500,41,831,816,44,83
5,88.8500,41,831,816,44,83
5,88.8500,41,831,816,44,83
5,88.8500,41,831,816,44,83
5,88.8500,41,831,816,44,83
5,88.8500,41,831,816,44,83
5,88.8500,41,831,816,44,83
5,88.8500,41,831,816,44,83
5,88.8500,41,831,816,44,83
5,88.8500,41,831,816,44,83
5,88.8500,41,831,816,44,83
5,88.8500,41,831,816,44,83
5,88.8500,41,831,816,44,83
5,88.8500,41,831,816,44,83
5,88.8500,41,831,816,44,83
