generation number, individual number, fitness, candidate
0, 0, 3.21, [3747, 3100, 3736]
0, 1, 3.18, [1896, 1834, 3100]
0, 2, 3.11, [1896, 3755, 3746]
0, 3, 3.08, [2464, 2229, 3733]
0, 4, 3.08, [1896, 3102, 3100]
0, 5, 3.05, [1831, 3740, 3102]
0, 6, 3.02, [282, 1541, 4301]
0, 7, 3.02, [1896, 1006, 3734]
0, 8, 3.01, [546, 4301, 1040]
0, 9, 3.0, [159, 2464, 3734]
1, 0, 3.28, [3736, 3100, 1834]
1, 1, 3.25, [3747, 3749, 3746]
1, 2, 3.21, [3747, 3100, 3736]
1, 3, 3.2, [1896, 3745, 3100]
1, 4, 3.18, [1896, 3736, 3746]
1, 5, 3.18, [1896, 1834, 3100]
1, 6, 3.17, [1896, 3100, 3744]
1, 7, 3.17, [1896, 3747, 3100]
1, 8, 3.17, [263, 3102, 3736]
1, 9, 3.14, [2490, 1834, 3746]
2, 0, 3.28, [3736, 3100, 1834]
2, 1, 3.25, [3747, 3749, 3746]
2, 2, 3.21, [3736, 3100, 352]
2, 3, 3.15, [3759, 3100, 546]
2, 4, 3.13, [2261, 3749, 181]
2, 5, 3.09, [2261, 3741, 1834]
2, 6, 3.09, [996, 3100, 2261]
2, 7, 3.08, [284, 3100, 1834]
2, 8, 3.08, [3754, 271, 2595]
2, 9, 3.05, [2463, 1833, 3744]
3, 0, 3.28, [3736, 3100, 1834]
3, 1, 3.26, [3736, 3752, 3747]
3, 2, 3.25, [3736, 3752, 3746]
3, 3, 3.25, [3747, 3749, 3746]
3, 4, 3.17, [3747, 3741, 1834]
3, 5, 3.17, [3754, 3100, 352]
3, 6, 3.16, [3747, 689, 1834]
3, 7, 3.15, [3736, 1006, 1831]
3, 8, 3.13, [3733, 3100, 546]
3, 9, 3.1, [3736, 4794, 1834]
4, 0, 3.28, [3736, 3100, 1831]
4, 1, 3.28, [3736, 3100, 1834]
4, 2, 3.26, [3736, 3752, 3747]
4, 3, 3.22, [3760, 3752, 2463]
4, 4, 3.18, [3736, 3740, 119]
4, 5, 3.17, [2261, 3752, 3747]
4, 6, 3.17, [3744, 3100, 3747]
4, 7, 3.17, [3736, 2260, 3754]
4, 8, 3.16, [3736, 3754, 1834]
4, 9, 3.15, [699, 3752, 3746]
5, 0, 3.28, [3733, 3100, 1834]
5, 1, 3.28, [3736, 3100, 1831]
5, 2, 3.28, [3736, 3100, 1834]
5, 3, 3.24, [3746, 3100, 3747]
5, 4, 3.19, [3736, 3752, 1605]
5, 5, 3.19, [3736, 3758, 3747]
5, 6, 3.19, [3733, 3752, 1831]
5, 7, 3.12, [3746, 3100, 3747]
5, 8, 3.12, [1987, 3758, 3747]
5, 9, 3.11, [3736, 3740, 1831]
6, 0, 3.28, [3733, 3100, 1834]
6, 1, 3.28, [3736, 3100, 1831]
6, 2, 3.23, [3743, 3100, 1834]
6, 3, 3.22, [3736, 3760, 1831]
6, 4, 3.2, [3736, 1831, 1605]
6, 5, 3.18, [3746, 3100, 3747]
6, 6, 3.15, [3737, 3100, 3740]
6, 7, 3.14, [3733, 279, 1987]
6, 8, 3.14, [3744, 3758, 1831]
6, 9, 3.13, [4131, 3397, 1834]
7, 0, 3.28, [3733, 3100, 1834]
7, 1, 3.28, [3736, 3100, 1831]
7, 2, 3.23, [3744, 3100, 1834]
7, 3, 3.19, [3737, 3100, 1834]
7, 4, 3.18, [3750, 3100, 1831]
7, 5, 3.17, [3743, 3100, 1834]
7, 6, 3.17, [3736, 3741, 1834]
7, 7, 3.14, [3758, 3100, 1834]
7, 8, 3.14, [3733, 689, 1831]
7, 9, 3.09, [3733, 3100, 1829]
8, 0, 3.28, [3733, 3100, 1834]
8, 1, 3.28, [3736, 3100, 1831]
8, 2, 3.26, [3736, 699, 1831]
8, 3, 3.25, [3733, 3100, 1834]
8, 4, 3.17, [3736, 689, 1834]
8, 5, 3.16, [4184, 3100, 3746]
8, 6, 3.15, [4128, 3100, 1605]
8, 7, 3.13, [3742, 1006, 72]
8, 8, 3.13, [1830, 3744, 3756]
8, 9, 3.09, [3736, 4301, 1829]
9, 0, 3.28, [3733, 3100, 1834]
9, 1, 3.28, [3736, 3100, 1831]
9, 2, 3.19, [3736, 3742, 1831]
9, 3, 3.19, [3744, 4184, 3100]
9, 4, 3.18, [3733, 3100, 1830]
9, 5, 3.15, [3736, 3100, 1605]
9, 6, 3.15, [3736, 3100, 1831]
9, 7, 3.15, [291, 3100, 3759]
9, 8, 3.13, [3736, 699, 3756]
9, 9, 3.12, [3733, 3758, 1831]
10, 0, 3.28, [3733, 3100, 1834]
10, 1, 3.28, [3736, 3100, 1831]
10, 2, 3.25, [3736, 689, 1831]
10, 3, 3.19, [3740, 3742, 1831]
10, 4, 3.17, [3736, 3739, 1834]
10, 5, 3.17, [3733, 3100, 181]
10, 6, 3.15, [3736, 4794, 1834]
10, 7, 3.14, [3733, 3100, 1834]
10, 8, 3.12, [3733, 3100, 1829]
10, 9, 3.11, [352, 3100, 1830]
11, 0, 3.28, [3733, 3100, 1834]
11, 1, 3.28, [3736, 3100, 1831]
11, 2, 3.19, [3736, 3758, 1834]
11, 3, 3.18, [3736, 4130, 1831]
11, 4, 3.16, [3740, 689, 1831]
11, 5, 3.16, [3736, 3742, 1321]
11, 6, 3.13, [996, 3100, 1321]
11, 7, 3.12, [3733, 689, 1322]
11, 8, 3.12, [3736, 3755, 1831]
11, 9, 3.12, [3744, 3745, 699]
12, 0, 3.28, [3733, 3100, 1834]
12, 1, 3.28, [3736, 3100, 1831]
12, 2, 3.19, [3105, 3100, 1834]
12, 3, 3.13, [3746, 3758, 2260]
12, 4, 3.1, [3736, 4130, 1588]
12, 5, 3.1, [2490, 3100, 1315]
12, 6, 3.09, [101, 359, 1831]
12, 7, 3.08, [3733, 3758, 33]
12, 8, 3.03, [263, 269, 1834]
12, 9, 3.03, [3737, 2464, 269]
13, 0, 3.28, [3733, 3100, 1834]
13, 1, 3.28, [3736, 3100, 1831]
13, 2, 3.23, [3736, 3100, 1831]
13, 3, 3.23, [3733, 689, 1831]
13, 4, 3.18, [181, 3100, 3759]
13, 5, 3.18, [689, 3100, 1831]
13, 6, 3.16, [2156, 3100, 1834]
13, 7, 3.16, [3105, 3100, 1834]
13, 8, 3.15, [287, 689, 3739]
13, 9, 3.12, [3744, 3100, 1834]
14, 0, 3.28, [3733, 3100, 1834]
14, 1, 3.28, [3736, 3100, 1831]
14, 2, 3.17, [4128, 3100, 33]
14, 3, 3.15, [3743, 3100, 1834]
14, 4, 3.13, [3736, 3100, 546]
14, 5, 3.11, [3735, 3100, 1831]
14, 6, 3.09, [3733, 3100, 3734]
14, 7, 3.09, [287, 3750, 352]
14, 8, 3.07, [1833, 1830, 101]
14, 9, 3.05, [4301, 1829, 352]
15, 0, 3.28, [3733, 3100, 1834]
15, 1, 3.28, [3736, 3100, 1831]
15, 2, 3.26, [3736, 3100, 3102]
15, 3, 3.21, [3733, 3758, 1831]
15, 4, 3.18, [4128, 3100, 1831]
15, 5, 3.17, [3105, 3100, 1834]
15, 6, 3.15, [3733, 3100, 291]
15, 7, 3.15, [3733, 3100, 3102]
15, 8, 3.15, [4128, 3100, 1831]
15, 9, 3.13, [4128, 3100, 1829]
16, 0, 3.28, [3733, 3100, 1834]
16, 1, 3.28, [3736, 3100, 1831]
16, 2, 3.27, [3736, 3100, 3756]
16, 3, 3.16, [3736, 3758, 1834]
16, 4, 3.14, [3733, 3100, 1834]
16, 5, 3.13, [3733, 3758, 1831]
16, 6, 3.11, [3733, 3100, 1588]
16, 7, 3.09, [3754, 3100, 1834]
16, 8, 3.08, [3733, 3100, 1605]
16, 9, 3.08, [3733, 4301, 295]
17, 0, 3.28, [3733, 3100, 1834]
17, 1, 3.28, [3736, 3100, 1831]
17, 2, 3.2, [3736, 3100, 1605]
17, 3, 3.2, [3736, 101, 1831]
17, 4, 3.2, [3736, 3748, 1831]
17, 5, 3.16, [33, 3100, 1829]
17, 6, 3.16, [4131, 3748, 3756]
17, 7, 3.13, [3754, 24, 3756]
17, 8, 3.12, [3733, 3758, 2400]
17, 9, 3.11, [3733, 3100, 3748]
18, 0, 3.28, [3733, 3100, 1834]
18, 1, 3.28, [3736, 3100, 1831]
18, 2, 3.19, [3733, 3100, 3760]
18, 3, 3.18, [3758, 3100, 1831]
18, 4, 3.17, [3736, 159, 1040]
18, 5, 3.16, [3736, 3760, 1834]
18, 6, 3.14, [2464, 3100, 1831]
18, 7, 3.13, [3756, 2490, 287]
18, 8, 3.12, [3736, 3748, 1830]
18, 9, 3.11, [1833, 1321, 3100]
19, 0, 3.28, [3733, 3100, 1834]
19, 1, 3.28, [3736, 3100, 1831]
19, 2, 3.2, [1829, 3100, 1831]
19, 3, 3.17, [3755, 3100, 1834]
19, 4, 3.16, [3733, 3100, 1588]
19, 5, 3.14, [3736, 4301, 1834]
19, 6, 3.12, [3758, 3100, 1831]
19, 7, 3.12, [3736, 3761, 352]
19, 8, 3.11, [3736, 282, 284]
19, 9, 3.1, [1834, 3758, 546]
20, 0, 3.28, [3733, 3100, 1834]
20, 1, 3.28, [3736, 3100, 1831]
20, 2, 3.22, [3736, 689, 1834]
20, 3, 3.17, [1829, 3100, 1605]
20, 4, 3.17, [1825, 3100, 1831]
20, 5, 3.14, [3735, 3100, 1831]
20, 6, 3.14, [3733, 3100, 3744]
20, 7, 3.14, [3736, 4130, 3750]
20, 8, 3.13, [2464, 3100, 1834]
20, 9, 3.1, [3733, 3100, 284]
21, 0, 3.28, [3733, 3100, 1834]
21, 1, 3.28, [3736, 3100, 1831]
21, 2, 3.17, [1588, 3100, 1831]
21, 3, 3.17, [3736, 3100, 1605]
21, 4, 3.15, [3733, 689, 1831]
21, 5, 3.13, [3733, 3100, 1834]
21, 6, 3.11, [279, 3100, 1834]
21, 7, 3.09, [3743, 1834, 1831]
21, 8, 3.09, [3745, 2595, 1830]
21, 9, 3.09, [2463, 1828, 1829]
22, 0, 3.28, [3733, 3100, 1834]
22, 1, 3.28, [3736, 3100, 1831]
22, 2, 3.23, [3736, 3100, 1831]
22, 3, 3.17, [699, 3100, 1831]
22, 4, 3.17, [3736, 3760, 1834]
22, 5, 3.12, [1987, 3100, 291]
22, 6, 3.12, [3733, 3100, 1834]
22, 7, 3.11, [3733, 3760, 1834]
22, 8, 3.09, [3735, 3100, 1834]
22, 9, 3.07, [3733, 295, 3743]
23, 0, 3.28, [3733, 3100, 1834]
23, 1, 3.28, [3736, 3100, 1831]
23, 2, 3.22, [3736, 3100, 1588]
23, 3, 3.13, [181, 3760, 1831]
23, 4, 3.12, [3737, 3100, 1834]
23, 5, 3.11, [3758, 3100, 1831]
23, 6, 3.1, [1588, 3100, 1834]
23, 7, 3.1, [3735, 3760, 1834]
23, 8, 3.05, [3733, 3100, 1006]
23, 9, 3.05, [1315, 295, 4184]
24, 0, 3.28, [3733, 3100, 1834]
24, 1, 3.28, [3736, 3100, 1831]
24, 2, 3.17, [3744, 3100, 1831]
24, 3, 3.17, [3736, 275, 1834]
24, 4, 3.15, [3736, 291, 1834]
24, 5, 3.15, [3734, 3100, 1831]
24, 6, 3.12, [2463, 3100, 1588]
24, 7, 3.1, [3736, 3100, 1605]
24, 8, 3.09, [3755, 291, 1834]
24, 9, 3.07, [3733, 1322, 1831]
25, 0, 3.28, [3733, 3100, 1834]
25, 1, 3.28, [3736, 3100, 1831]
25, 2, 3.22, [3736, 2490, 3746]
25, 3, 3.22, [3736, 3100, 1829]
25, 4, 3.21, [3736, 3100, 1831]
25, 5, 3.17, [3743, 3100, 1834]
25, 6, 3.14, [3733, 3100, 1831]
25, 7, 3.11, [3736, 2463, 4794]
25, 8, 3.09, [3733, 3100, 1834]
25, 9, 3.07, [3733, 275, 1831]
26, 0, 3.28, [3733, 3100, 1834]
26, 1, 3.28, [3736, 3100, 1831]
26, 2, 3.19, [3736, 4131, 1834]
26, 3, 3.18, [3748, 3100, 1831]
26, 4, 3.15, [3733, 3100, 1830]
26, 5, 3.14, [3736, 3760, 1834]
26, 6, 3.12, [3733, 3744, 1829]
26, 7, 3.12, [3736, 3397, 3746]
26, 8, 3.09, [1321, 3100, 1834]
26, 9, 3.08, [3754, 284, 4794]
27, 0, 3.32, [3736, 689, 1834]
27, 1, 3.28, [3733, 3100, 1834]
27, 2, 3.28, [3736, 3100, 1831]
27, 3, 3.23, [3749, 3100, 3761]
27, 4, 3.15, [3750, 1541, 1831]
27, 5, 3.14, [3736, 3100, 1831]
27, 6, 3.13, [3733, 3741, 1831]
27, 7, 3.11, [3747, 1833, 1831]
27, 8, 3.1, [3733, 4131, 1605]
27, 9, 3.08, [3754, 3102, 1834]
28, 0, 3.32, [3736, 689, 1834]
28, 1, 3.28, [3733, 3100, 1834]
28, 2, 3.27, [3749, 3100, 1831]
28, 3, 3.24, [3736, 3100, 1831]
28, 4, 3.2, [3736, 3100, 1831]
28, 5, 3.15, [3736, 3749, 3761]
28, 6, 3.15, [3737, 689, 1831]
28, 7, 3.14, [3733, 3760, 3761]
28, 8, 3.14, [3733, 689, 1831]
28, 9, 3.12, [285, 3741, 3759]
29, 0, 3.32, [3736, 689, 1834]
29, 1, 3.28, [3733, 3100, 1834]
29, 2, 3.25, [3736, 3750, 1831]
29, 3, 3.19, [3736, 689, 1605]
29, 4, 3.19, [3736, 3100, 1605]
29, 5, 3.18, [3733, 3755, 1834]
29, 6, 3.15, [3735, 689, 1834]
29, 7, 3.13, [3746, 689, 1831]
29, 8, 3.11, [2595, 3100, 1834]
29, 9, 3.11, [3736, 3760, 1834]
30, 0, 3.32, [3736, 689, 1834]
30, 1, 3.28, [3733, 3100, 1834]
30, 2, 3.23, [3754, 689, 3737]
30, 3, 3.21, [3736, 270, 3742]
30, 4, 3.16, [3747, 689, 3744]
30, 5, 3.12, [3736, 3741, 1834]
30, 6, 3.12, [3733, 3100, 1834]
30, 7, 3.12, [3736, 3747, 1834]
30, 8, 3.1, [689, 3737, 263]
30, 9, 3.09, [3733, 3734, 1834]
31, 0, 3.32, [3736, 689, 1834]
31, 1, 3.3, [1825, 689, 3746]
31, 2, 3.28, [3733, 3100, 1834]
31, 3, 3.16, [3735, 3100, 4131]
31, 4, 3.14, [3736, 3100, 1605]
31, 5, 3.14, [3733, 689, 1605]
31, 6, 3.12, [3736, 3758, 1834]
31, 7, 3.11, [3737, 689, 1834]
31, 8, 3.1, [4130, 1987, 689]
31, 9, 3.08, [3733, 3747, 1834]
32, 0, 3.32, [3736, 689, 1834]
32, 1, 3.3, [1825, 689, 3746]
32, 2, 3.21, [1831, 689, 4131]
32, 3, 3.19, [1825, 3742, 1834]
32, 4, 3.18, [3736, 101, 3746]
32, 5, 3.16, [3754, 3100, 1834]
32, 6, 3.14, [1825, 689, 1605]
32, 7, 3.13, [2490, 689, 3105]
32, 8, 3.13, [3736, 4301, 3746]
32, 9, 3.12, [3736, 2400, 1831]
33, 0, 3.32, [3736, 689, 1834]
33, 1, 3.3, [1825, 689, 3746]
33, 2, 3.24, [3737, 689, 3746]
33, 3, 3.19, [229, 3756, 3746]
33, 4, 3.18, [1541, 3755, 693]
33, 5, 3.18, [3733, 689, 3746]
33, 6, 3.18, [1825, 3750, 1834]
33, 7, 3.18, [3736, 689, 3750]
33, 8, 3.16, [3736, 3734, 3746]
33, 9, 3.12, [1831, 689, 1834]
34, 0, 3.32, [3736, 689, 1834]
34, 1, 3.3, [1825, 689, 3746]
34, 2, 3.24, [3752, 689, 284]
34, 3, 3.21, [3736, 3759, 3746]
34, 4, 3.18, [3736, 3742, 3746]
34, 5, 3.1, [1825, 3758, 1834]
34, 6, 3.1, [1321, 2260, 3753]
34, 7, 3.09, [1686, 2229, 3746]
34, 8, 3.09, [699, 689, 1834]
34, 9, 3.07, [1825, 3102, 359]
35, 0, 3.32, [3736, 689, 1834]
35, 1, 3.3, [1825, 689, 3746]
35, 2, 3.25, [3736, 689, 3755]
35, 3, 3.25, [3752, 3760, 3746]
35, 4, 3.18, [1825, 3756, 1834]
35, 5, 3.18, [1825, 689, 1605]
35, 6, 3.18, [3736, 3743, 1834]
35, 7, 3.15, [3736, 3759, 1834]
35, 8, 3.11, [3756, 3743, 1831]
35, 9, 3.1, [1828, 689, 284]
36, 0, 3.32, [3736, 689, 1834]
36, 1, 3.3, [1825, 689, 3746]
36, 2, 3.25, [3736, 3100, 3746]
36, 3, 3.2, [3744, 689, 3746]
36, 4, 3.16, [269, 3100, 3750]
36, 5, 3.14, [1830, 689, 1834]
36, 6, 3.14, [3752, 3755, 1834]
36, 7, 3.13, [996, 3741, 1834]
36, 8, 3.13, [4794, 689, 3105]
36, 9, 3.12, [4130, 1588, 3744]
37, 0, 3.32, [3736, 689, 1834]
37, 1, 3.3, [1825, 689, 3746]
37, 2, 3.27, [3758, 689, 3746]
37, 3, 3.24, [3744, 689, 3741]
37, 4, 3.21, [3749, 689, 3746]
37, 5, 3.21, [1831, 3743, 3100]
37, 6, 3.16, [1040, 3754, 3750]
37, 7, 3.13, [4130, 689, 1322]
37, 8, 3.12, [3737, 3100, 1834]
37, 9, 3.11, [287, 689, 1834]
38, 0, 3.32, [3736, 689, 1834]
38, 1, 3.3, [1825, 689, 3746]
38, 2, 3.18, [3758, 689, 3755]
38, 3, 3.17, [3758, 3750, 1834]
38, 4, 3.16, [3755, 689, 3746]
38, 5, 3.15, [546, 689, 3742]
38, 6, 3.14, [1825, 689, 1896]
38, 7, 3.12, [275, 689, 1834]
38, 8, 3.12, [3736, 4128, 3741]
38, 9, 3.12, [4129, 2261, 3746]
39, 0, 3.32, [3736, 689, 1834]
39, 1, 3.3, [1825, 689, 3746]
39, 2, 3.19, [3758, 3750, 1834]
39, 3, 3.14, [3746, 689, 3755]
39, 4, 3.14, [3746, 1322, 1834]
39, 5, 3.14, [3733, 689, 3746]
39, 6, 3.13, [1686, 689, 1834]
39, 7, 3.12, [3736, 3759, 3755]
39, 8, 3.11, [3736, 699, 3746]
39, 9, 3.11, [24, 2595, 1831]
40, 0, 3.32, [3736, 689, 1834]
40, 1, 3.3, [1825, 689, 3746]
40, 2, 3.22, [3736, 3749, 3746]
40, 3, 3.18, [3753, 689, 1322]
40, 4, 3.18, [3749, 689, 3746]
40, 5, 3.17, [3749, 689, 3755]
40, 6, 3.16, [3744, 3750, 1834]
40, 7, 3.15, [3746, 3742, 1834]
40, 8, 3.14, [3102, 689, 3736]
40, 9, 3.14, [1686, 689, 1834]
41, 0, 3.32, [3736, 689, 1834]
41, 1, 3.3, [1825, 689, 3746]
41, 2, 3.24, [3736, 689, 1605]
41, 3, 3.23, [3736, 689, 3749]
41, 4, 3.18, [3741, 689, 1834]
41, 5, 3.18, [3758, 3755, 3737]
41, 6, 3.17, [2400, 689, 3746]
41, 7, 3.16, [3754, 689, 101]
41, 8, 3.1, [295, 689, 2490]
41, 9, 3.09, [1825, 3755, 1834]
42, 0, 3.32, [3736, 689, 1834]
42, 1, 3.3, [1825, 689, 3746]
42, 2, 3.28, [3736, 689, 3750]
42, 3, 3.23, [3736, 3742, 3746]
42, 4, 3.17, [1825, 689, 1833]
42, 5, 3.14, [1825, 689, 1831]
42, 6, 3.12, [3736, 352, 3746]
42, 7, 3.09, [2400, 689, 1322]
42, 8, 3.08, [1825, 270, 4129]
42, 9, 3.08, [1830, 689, 1834]
43, 0, 3.32, [3736, 689, 1834]
43, 1, 3.3, [1825, 689, 3746]
43, 2, 3.23, [1825, 689, 229]
43, 3, 3.2, [3736, 1006, 3746]
43, 4, 3.18, [3736, 3760, 3746]
43, 5, 3.13, [33, 689, 1831]
43, 6, 3.12, [3754, 3749, 3759]
43, 7, 3.11, [2400, 689, 3743]
43, 8, 3.09, [263, 689, 1834]
43, 9, 3.09, [1830, 3743, 2400]
44, 0, 3.32, [3736, 689, 1834]
44, 1, 3.3, [1825, 689, 3746]
44, 2, 3.23, [3743, 689, 3746]
44, 3, 3.2, [3755, 689, 3746]
44, 4, 3.19, [352, 689, 3745]
44, 5, 3.18, [699, 3758, 3754]
44, 6, 3.15, [263, 689, 1834]
44, 7, 3.13, [3736, 1006, 1831]
44, 8, 3.08, [3777, 689, 3753]
44, 9, 3.08, [1825, 3750, 1830]
45, 0, 3.32, [3736, 689, 1834]
45, 1, 3.3, [1825, 689, 3746]
45, 2, 3.23, [3736, 689, 3739]
45, 3, 3.18, [2156, 3750, 3100]
45, 4, 3.16, [3742, 1006, 3746]
45, 5, 3.16, [3743, 689, 3755]
45, 6, 3.13, [1825, 1588, 3755]
45, 7, 3.12, [1825, 295, 3746]
45, 8, 3.11, [2598, 689, 1834]
45, 9, 3.11, [1825, 3749, 159]
46, 0, 3.32, [3736, 3742, 3100]
46, 1, 3.32, [3736, 689, 1834]
46, 2, 3.3, [1825, 689, 3746]
46, 3, 3.28, [3736, 689, 3100]
46, 4, 3.28, [3736, 3749, 3746]
46, 5, 3.21, [1825, 689, 1605]
46, 6, 3.17, [3755, 689, 3739]
46, 7, 3.13, [3736, 699, 282]
46, 8, 3.12, [2229, 3750, 1834]
46, 9, 3.1, [1830, 689, 3739]
47, 0, 3.32, [3736, 3742, 3100]
47, 1, 3.32, [3736, 689, 1834]
47, 2, 3.25, [3736, 3742, 1831]
47, 3, 3.24, [1825, 689, 3100]
47, 4, 3.21, [3736, 689, 4794]
47, 5, 3.2, [3736, 3742, 1605]
47, 6, 3.2, [3736, 3742, 3746]
47, 7, 3.19, [3736, 689, 4794]
47, 8, 3.19, [1825, 3733, 3100]
47, 9, 3.18, [3737, 3742, 1834]
48, 0, 3.32, [3736, 689, 1834]
48, 1, 3.32, [3736, 3742, 3100]
48, 2, 3.32, [3736, 689, 1834]
48, 3, 3.3, [3736, 689, 1834]
48, 4, 3.2, [3754, 3742, 1831]
48, 5, 3.19, [77, 3742, 3100]
48, 6, 3.15, [3736, 3734, 1834]
48, 7, 3.15, [3736, 1605, 3100]
48, 8, 3.14, [3736, 3742, 1605]
48, 9, 3.12, [3734, 3742, 3105]
49, 0, 3.32, [3736, 689, 1834]
49, 1, 3.32, [3736, 3742, 3100]
49, 2, 3.28, [3736, 3755, 3100]
49, 3, 3.21, [3736, 3742, 996]
49, 4, 3.2, [3754, 689, 3100]
49, 5, 3.18, [4131, 689, 3100]
49, 6, 3.16, [3749, 3742, 1834]
49, 7, 3.15, [3736, 3739, 1834]
49, 8, 3.14, [3736, 3761, 1834]
49, 9, 3.13, [3736, 693, 1834]
50, 0, 3.32, [3736, 689, 1834]
50, 1, 3.32, [3736, 3742, 3100]
50, 2, 3.29, [3736, 689, 4301]
50, 3, 3.25, [3758, 3742, 3100]
50, 4, 3.22, [3736, 291, 3100]
50, 5, 3.17, [24, 3744, 3100]
50, 6, 3.17, [159, 3742, 3741]
50, 7, 3.16, [72, 3742, 1834]
50, 8, 3.12, [1032, 3742, 1834]
50, 9, 3.11, [3736, 295, 3100]
