generation number, pop_size, worst, best, median, avg, std, diversity, improvement, number_of_selections
0, 10, 2.01, 2.13, 2.04, 2.056, 0.03979949748426482,0.9888888888888889,0,[1.e-300]
1, 10, 2.06, 2.14, 2.09, 2.0949999999999998, 0.029068883707497273,0.9222222222222223,0.004694835680751282,[10.]
2, 10, 2.05, 2.16, 2.085, 2.095, 0.03612478373637693,0.9,0.009345794392523372,[20.]
3, 10, 2.04, 2.16, 2.105, 2.0959999999999996, 0.03638681079732057,0.8555555555555556,0.0,[30.]
4, 10, 2.06, 2.16, 2.075, 2.09, 0.033166247903554054,0.9222222222222223,0.0,[40.]
5, 10, 2.05, 2.16, 2.09, 2.0970000000000004, 0.03132091952673172,0.9,0.0,[50.]
6, 10, 2.03, 2.16, 2.105, 2.111, 0.03806573262134868,0.8555555555555556,0.0,[60.]
7, 10, 2.06, 2.16, 2.08, 2.0989999999999998, 0.037536648758247027,0.9111111111111111,0.0,[70.]
8, 10, 2.04, 2.16, 2.08, 2.085, 0.04055859958134657,0.9333333333333333,0.0,[80.]
9, 10, 2.05, 2.16, 2.075, 2.091, 0.039610604640676825,0.9,0.0,[90.]
10, 10, 2.02, 2.16, 2.09, 2.088, 0.0477074417675063,0.9333333333333333,0.0,[100.]
