n_nodes,influence,n0,n1,n2,n3,n4
5,389.0600,8,3,7,0,9
5,389.0600,8,3,7,0,9
5,389.0600,8,3,7,0,9
5,389.0600,8,3,7,0,9
5,389.0600,8,3,7,0,9
5,389.0600,8,3,7,0,9
5,389.0600,8,3,7,0,9
5,389.0600,8,3,7,0,9
5,389.0600,8,3,7,0,9
5,389.0600,8,3,7,0,9
5,389.0600,8,3,7,0,9
5,388.3000,8,3,7,0,9
5,388.3000,8,3,7,0,9
5,388.3000,8,3,7,0,9
5,388.3000,8,3,7,0,9
5,387.6700,8,3,7,0,9
5,387.6100,8,3,7,0,9
5,387.6100,8,3,7,0,9
5,387.6100,8,3,7,0,9
5,387.6100,8,3,7,0,9
5,387.6100,8,3,7,0,9
5,387.6100,8,3,7,0,9
5,387.3300,8,3,7,0,9
5,387.3300,8,3,7,0,9
5,387.0800,8,3,7,0,9
5,387.0600,8,3,7,0,9
5,386.7500,8,3,7,0,9
5,386.7500,8,3,7,0,9
5,386.7500,8,3,7,0,9
5,386.7500,8,3,7,0,9
5,386.7500,8,3,7,0,9
5,386.7500,8,3,7,0,9
5,386.7500,8,3,7,0,9
5,386.7500,8,3,7,0,9
5,386.6500,8,3,7,0,9
5,386.6500,8,3,7,0,9
5,386.6500,8,3,7,0,9
5,386.6100,8,3,7,0,9
5,386.6100,8,3,7,0,9
5,386.6100,8,3,7,0,9
5,386.6100,8,3,7,0,9
5,386.6100,8,3,7,0,9
5,386.6100,8,3,7,0,9
5,386.6100,8,3,7,0,9
5,386.6100,8,3,7,0,9
5,386.6100,8,3,7,0,9
5,386.6100,8,3,7,0,9
5,386.6100,8,3,7,0,9
5,386.6100,8,3,7,0,9
5,386.6100,8,3,7,0,9
5,386.6100,8,3,7,0,9
5,386.6100,8,3,7,0,9
5,386.6100,8,3,7,0,9
5,386.6100,8,3,7,0,9
5,386.6100,8,3,7,0,9
5,386.6100,8,3,7,0,9
5,386.6100,8,3,7,0,9
5,386.6100,8,3,7,0,9
5,386.6100,8,3,7,0,9
5,386.6100,8,3,7,0,9
5,386.4600,8,3,7,0,9
5,386.4600,8,3,7,0,9
5,386.4600,8,3,7,0,9
5,386.4600,8,3,7,0,9
5,386.4600,8,3,7,0,9
5,386.4600,8,3,7,0,9
5,386.3300,8,3,7,0,9
5,386.2200,8,3,7,0,9
5,385.6500,8,3,7,0,9
5,385.6500,8,3,7,0,9
5,385.6500,8,3,7,0,9
5,385.6500,8,3,7,0,9
5,384.5900,8,3,7,0,9
5,384.5900,8,3,7,0,9
5,384.5900,8,3,7,0,9
5,384.5900,8,3,7,0,9
5,384.5900,8,3,7,0,9
5,384.5600,8,3,7,0,9
5,384.4800,8,3,7,0,9
5,384.4800,8,3,7,0,9
5,384.4500,8,3,7,0,9
5,384.4500,8,3,7,0,9
5,384.3200,8,3,7,0,9
5,384.3200,8,3,7,0,9
5,384.3200,8,3,7,0,9
5,384.2600,8,3,7,0,9
5,384.2600,8,3,7,0,9
5,384.1700,8,3,7,0,9
5,384.1700,8,3,7,0,9
5,384.1700,8,3,7,0,9
5,384.1700,8,3,7,0,9
5,384.1700,8,3,7,0,9
5,383.9800,8,3,7,0,9
5,383.9800,8,3,7,0,9
5,383.9800,8,3,7,0,9
5,383.9800,8,3,7,0,9
5,383.9100,8,3,7,0,9
5,383.8800,8,3,7,0,9
5,383.8600,8,3,7,0,9
5,383.8600,8,3,7,0,9
5,383.7300,8,3,7,0,9
5,383.7300,8,3,7,0,9
5,383.7300,8,3,7,0,9
5,383.7300,8,3,7,0,9
5,383.7300,8,3,7,0,9
5,383.7200,8,3,7,0,9
5,383.7200,8,3,7,0,9
5,383.7200,8,3,7,0,9
5,383.6200,8,3,7,0,9
5,383.6200,8,3,7,0,9
5,383.6200,8,3,7,0,9
5,383.6200,8,3,7,0,9
5,383.6200,8,3,7,0,9
5,383.6200,8,3,7,0,9
5,383.6200,8,3,7,0,9
5,383.6100,8,3,7,0,9
5,383.5800,8,3,7,0,9
5,383.5500,8,3,7,0,9
5,383.5500,8,3,7,0,9
5,383.5500,8,3,7,0,9
5,383.5500,8,3,7,0,9
5,383.5500,8,3,7,0,9
5,383.3100,8,3,7,0,9
5,383.2900,8,3,7,0,9
5,383.2500,8,3,7,0,9
5,383.2200,8,3,7,0,9
5,383.2100,8,3,7,0,9
5,383.2100,8,3,7,0,9
