num_genrations,diversity,improvement,best_fitness
0,0.995,0,411.09
1,0.8766666666666667,0.026928409837262038,422.16
2,0.7941666666666667,0.025914345271934803,433.1
3,0.5875,0.04578619256522739,452.93
4,0.28916666666666657,0.0,452.93
5,0.28916666666666657,0.004415693374252092,454.93
6,0.2600000000000001,0.0042204295166289665,456.85
7,0.24,0.014643756156287616,463.54
8,0.1166666666666667,0.01067869008068341,468.49
9,0.26916666666666667,0.07923328139341289,505.61
10,0.06000000000000005,-0.07131979193449497,469.55
