num_genrations,diversity,improvement,best_fitness
0,0.9984848484848485,0,1008.38
1,0.8393939393939394,-0.11696979313354097,890.43
2,0.7583333333333333,0.14689532023853652,1021.23
3,0.5265151515151516,0.014159396022443559,1035.69
4,0.17954545454545467,0.0016221070011295236,1037.37
5,0.22196969696969693,0.005031955811330603,1042.59
6,0.19772727272727275,0.10756865114762285,1154.74
7,0.21818181818181825,0.01418501134454499,1171.12
8,0.28560606060606064,0.0,1171.12
9,0.13560606060606084,0.014720950884623276,1188.36
10,0.06363636363636394,-0.01450738833350164,1171.12
