num_genrations,diversity,improvement,best_fitness
0,1.0,0,1936.97
0,1.0,0,1936.97
1,0.8516666666666667,0.0,1936.97
1,0.8516666666666667,0.0,1936.97
2,0.635,0.0,1936.97
2,0.635,0.0,1936.97
3,0.1366666666666665,0.007940236555031767,1952.35
3,0.1366666666666665,0.007940236555031767,1952.35
4,0.0,0.0004353727559096148,1953.2
4,0.0,0.0004353727559096148,1953.2
5,0.0,0.0,1953.2
5,0.0,0.0,1953.2
6,0.0,0.0,1953.2
7,0.0,0.00590313331968051,1964.73
6,0.0,0.0,1953.2
8,0.0,0.0,1964.73
7,0.0,0.00590313331968051,1964.73
9,0.02499999999999991,0.0,1964.73
8,0.0,0.0,1964.73
10,0.0,0.0,1964.73
9,0.02499999999999991,0.0,1964.73
10,0.0,0.0,1964.73
