generation number, pop_size, worst, best, median, avg, std, diversity, improvement, number_of_selections
0, 10, 3.0, 3.16, 3.03, 3.0460000000000003, 0.048000000000000057,0.9777777777777777,0,[1.e-300]
1, 10, 3.03, 3.17, 3.105, 3.092, 0.05095095681142809,0.8296296296296296,0.0031645569620252488,[1.e-300]
2, 10, 3.01, 3.19, 3.06, 3.086, 0.06343500610861487,0.8518518518518519,0.006309148264984233,[1.e-300]
3, 10, 3.02, 3.19, 3.0949999999999998, 3.0919999999999996, 0.056885850613311605,0.7333333333333334,0.0,[1.e-300]
4, 10, 3.01, 3.19, 3.04, 3.0759999999999996, 0.0637495098020369,0.8296296296296297,0.0,[1.e-300]
5, 10, 3.03, 3.19, 3.1100000000000003, 3.1100000000000003, 0.05440588203494183,0.7185185185185186,0.0,[1.e-300]
6, 10, 3.02, 3.19, 3.075, 3.089, 0.06833008122342606,0.8,0.0,[1.e-300]
7, 10, 3.01, 3.19, 3.04, 3.0799999999999996, 0.06648308055437875,0.8148148148148149,0.0,[1.e-300]
8, 10, 3.01, 3.19, 3.115, 3.1090000000000004, 0.06284106937345998,0.6444444444444445,0.0,[1.e-300]
9, 10, 3.02, 3.19, 3.12, 3.109, 0.05430469592954191,0.725925925925926,0.0,[1.e-300]
10, 10, 3.02, 3.19, 3.0599999999999996, 3.088, 0.06690291473471098,0.8814814814814815,0.0,[1.e-300]
