n_nodes,influence,n0,n1,n2,n3,n4
5,26.2500,169767,42601,16342,89433,259869
5,25.2300,259869,238221,16342,169767,42601
5,25.2300,259869,238221,16342,169767,42601
5,25.2300,259869,238221,16342,169767,42601
5,25.2300,259869,238221,16342,169767,42601
5,25.1200,259869,238221,16342,169767,42601
5,24.7900,169767,42601,238221,16342,259869
5,24.7200,259869,238221,16342,169767,42601
5,24.6600,259869,238221,16342,169767,42601
5,24.6600,259869,238221,16342,169767,42601
5,24.6600,259869,238221,16342,169767,42601
5,24.6600,259869,238221,16342,169767,42601
5,24.6600,259869,238221,16342,169767,42601
5,24.6600,259869,238221,16342,169767,42601
5,24.6600,259869,238221,16342,169767,42601
5,24.6600,259869,238221,16342,169767,42601
5,24.6600,259869,238221,16342,169767,42601
5,24.6600,259869,238221,16342,169767,42601
5,24.6600,259869,238221,16342,169767,42601
5,24.6600,259869,238221,16342,169767,42601
5,24.6600,259869,238221,16342,169767,42601
5,24.6600,259869,238221,16342,169767,42601
5,24.6500,169767,48750,229225,238221,42601
5,24.6400,259869,238221,16342,169767,42601
5,24.4900,169767,42601,238221,16342,259869
5,24.4800,259869,238221,16342,169767,42601
5,24.4700,259869,238221,16342,169767,42601
5,24.3800,259869,238221,16342,169767,42601
5,23.9600,42601,153990,16342,20088,259869
5,23.7100,169767,48750,16342,89433,259869
5,23.7000,169767,195664,42601,48750,16342
5,23.7000,169767,195664,42601,48750,16342
5,23.6700,169767,48750,16342,20088,42601
5,23.6700,169767,48750,16342,20088,42601
5,23.6700,169767,48750,16342,20088,42601
5,23.6700,169767,48750,16342,20088,42601
5,23.6700,169767,48750,16342,20088,42601
5,23.5900,169767,227286,16342,89433,259869
5,23.5300,169767,42601,140702,16342,259869
5,23.5300,169767,42601,140702,16342,259869
5,23.5300,169767,42601,140702,16342,259869
5,23.5300,169767,42601,140702,16342,259869
5,23.3400,169767,195664,42601,48750,16342
5,23.3000,169767,48750,16342,238221,42601
5,23.3000,169767,195664,42601,48750,16342
5,23.3000,169767,195664,42601,48750,16342
5,23.2700,167426,42601,238221,16342,259869
5,23.2700,167426,42601,238221,16342,259869
5,23.2600,42601,227286,16342,89433,259869
5,23.2600,42601,227286,16342,89433,259869
5,23.2600,42601,227286,16342,89433,259869
5,23.2300,169767,231719,42601,48750,16342
5,23.2300,169767,231719,42601,48750,16342
5,23.1600,42601,16342,234226,20088,259869
5,23.1400,259869,37302,16342,169767,42601
5,23.1400,259869,37302,16342,169767,42601
5,23.1400,259869,37302,16342,169767,42601
5,23.1400,259869,37302,16342,169767,42601
5,23.1400,259869,37302,16342,169767,42601
5,23.0600,259869,238221,16342,20088,42601
5,22.9200,65086,175497,42601,48750,16342
5,22.8700,259869,37302,16342,169767,42601
5,22.8200,169767,37302,229225,238221,42601
5,22.8200,169767,37302,229225,238221,42601
