generation number, individual number, fitness, candidate
0, 0, 3.17, [150015, 62858, 66166]
0, 1, 3.13, [62858, 80661, 1063]
0, 2, 3.11, [278, 282, 149059]
0, 3, 3.1, [150654, 80661, 66166]
0, 4, 3.1, [284, 56240, 98065]
0, 5, 3.09, [80661, 150653, 282]
0, 6, 3.07, [33296, 280, 80661]
0, 7, 3.03, [80661, 134361, 134365]
0, 8, 3.02, [279, 134361, 14223]
0, 9, 3.01, [134365, 278, 1062]
1, 0, 3.2, [150652, 62858, 66166]
1, 1, 3.18, [150653, 80661, 66166]
1, 2, 3.17, [150015, 62858, 66166]
1, 3, 3.15, [11388, 150653, 62858]
1, 4, 3.13, [62858, 56241, 1063]
1, 5, 3.13, [62858, 80661, 1063]
1, 6, 3.12, [73700, 62858, 149059]
1, 7, 3.12, [70638, 62858, 1063]
1, 8, 3.08, [56241, 80661, 66166]
1, 9, 3.06, [65897, 100140, 123523]
2, 0, 3.21, [150015, 62858, 66166]
2, 1, 3.2, [150652, 62858, 66166]
2, 2, 3.19, [150652, 62858, 66166]
2, 3, 3.18, [150653, 80661, 66166]
2, 4, 3.16, [1060, 56240, 148118]
2, 5, 3.15, [150653, 62858, 56237]
2, 6, 3.15, [150653, 62858, 56240]
2, 7, 3.14, [150015, 100140, 66166]
2, 8, 3.13, [150652, 80661, 62858]
2, 9, 3.12, [150652, 98063, 66166]
3, 0, 3.21, [150015, 62858, 66166]
3, 1, 3.2, [150652, 62858, 66166]
3, 2, 3.18, [1060, 62858, 1061]
3, 3, 3.17, [150653, 62858, 56237]
3, 4, 3.16, [127089, 62858, 66166]
3, 5, 3.15, [150652, 90, 56239]
3, 6, 3.12, [150015, 62858, 56240]
3, 7, 3.12, [123523, 62858, 46]
3, 8, 3.12, [150655, 62858, 66166]
3, 9, 3.1, [1061, 150015, 70640]
4, 0, 3.21, [150015, 62858, 66166]
4, 1, 3.2, [150652, 62858, 66166]
4, 2, 3.15, [56237, 62858, 89]
4, 3, 3.15, [150652, 280, 56240]
4, 4, 3.15, [150652, 56239, 1061]
4, 5, 3.14, [150015, 62858, 56240]
4, 6, 3.13, [150652, 56241, 66166]
4, 7, 3.13, [65899, 150015, 66169]
4, 8, 3.09, [127089, 62858, 66166]
4, 9, 3.08, [150652, 80450, 56237]
5, 0, 3.21, [150015, 62858, 66166]
5, 1, 3.2, [150652, 56241, 66166]
5, 2, 3.2, [150652, 62858, 66166]
5, 3, 3.16, [150652, 62858, 86]
5, 4, 3.16, [150015, 66170, 62858]
5, 5, 3.15, [88, 62858, 66166]
5, 6, 3.13, [80450, 56241, 56237]
5, 7, 3.13, [150652, 123523, 144434]
5, 8, 3.13, [150015, 127089, 66166]
5, 9, 3.12, [148118, 80450, 150653]
6, 0, 3.21, [150015, 62858, 66166]
6, 1, 3.2, [150652, 56241, 66166]
6, 2, 3.18, [150015, 66171, 62858]
6, 3, 3.17, [150652, 62858, 56237]
6, 4, 3.17, [150015, 62858, 87]
6, 5, 3.16, [90, 100141, 88]
6, 6, 3.14, [150652, 66167, 66166]
6, 7, 3.13, [1063, 98065, 66166]
6, 8, 3.12, [148118, 1061, 66166]
6, 9, 3.11, [284, 118602, 66166]
7, 0, 3.21, [150015, 66169, 66166]
7, 1, 3.21, [150015, 62858, 66166]
7, 2, 3.2, [150652, 56241, 66166]
7, 3, 3.18, [90, 221360, 66166]
7, 4, 3.16, [150015, 56241, 56240]
7, 5, 3.14, [150015, 62858, 66166]
7, 6, 3.13, [150652, 56239, 66166]
7, 7, 3.13, [150652, 66171, 66169]
7, 8, 3.12, [150652, 62858, 56240]
7, 9, 3.12, [150015, 62858, 11388]
8, 0, 3.21, [150015, 66169, 66166]
8, 1, 3.21, [150015, 62858, 66166]
8, 2, 3.15, [150015, 56241, 56237]
8, 3, 3.12, [150015, 56239, 66166]
8, 4, 3.12, [150015, 62858, 56237]
8, 5, 3.12, [150655, 1062, 98065]
8, 6, 3.11, [150015, 113171, 66166]
8, 7, 3.1, [46, 62858, 558]
8, 8, 3.09, [285, 91277, 123523]
8, 9, 3.09, [148118, 62858, 66166]
9, 0, 3.21, [150015, 66169, 66166]
9, 1, 3.21, [150015, 62858, 66166]
9, 2, 3.17, [127089, 285, 66166]
9, 3, 3.17, [56240, 62858, 66166]
9, 4, 3.12, [12067, 56240, 66169]
9, 5, 3.12, [150015, 134361, 89]
9, 6, 3.11, [150653, 156909, 11387]
9, 7, 3.1, [65899, 66169, 33297]
9, 8, 3.1, [150653, 56241, 66166]
9, 9, 3.09, [150015, 134365, 56237]
10, 0, 3.26, [127089, 62858, 56240]
10, 1, 3.21, [150015, 66169, 66166]
10, 2, 3.21, [150015, 62858, 66166]
10, 3, 3.16, [150015, 285, 62858]
10, 4, 3.14, [56240, 66169, 56237]
10, 5, 3.13, [56241, 31634, 66166]
10, 6, 3.13, [150015, 66167, 66166]
10, 7, 3.12, [56241, 66167, 56240]
10, 8, 3.11, [150015, 66166, 1061]
10, 9, 3.1, [14223, 66167, 66170]
11, 0, 3.26, [127089, 62858, 56240]
11, 1, 3.21, [150015, 66169, 66166]
11, 2, 3.18, [150015, 90, 56237]
11, 3, 3.16, [150015, 150655, 33297]
11, 4, 3.15, [127089, 286, 66166]
11, 5, 3.14, [66169, 148118, 33297]
11, 6, 3.11, [150653, 91277, 66166]
11, 7, 3.1, [127089, 62858, 134361]
11, 8, 3.1, [150015, 62858, 66166]
11, 9, 3.1, [150015, 62858, 66170]
12, 0, 3.26, [127089, 62858, 56240]
12, 1, 3.21, [150015, 66169, 66166]
12, 2, 3.15, [127089, 86, 66171]
12, 3, 3.14, [150015, 62858, 66169]
12, 4, 3.13, [127089, 77358, 56240]
12, 5, 3.12, [127089, 66169, 62858]
12, 6, 3.1, [150653, 62858, 56240]
12, 7, 3.1, [80450, 150655, 33297]
12, 8, 3.1, [150653, 66169, 56240]
12, 9, 3.09, [150015, 87893, 66169]
13, 0, 3.26, [127089, 62858, 56240]
13, 1, 3.21, [150015, 66169, 66166]
13, 2, 3.16, [148118, 66169, 56240]
13, 3, 3.15, [148118, 80449, 62858]
13, 4, 3.14, [127089, 66167, 87]
13, 5, 3.14, [150015, 62858, 66170]
13, 6, 3.13, [286, 148118, 100807]
13, 7, 3.13, [127089, 90, 56240]
13, 8, 3.13, [127089, 56240, 66166]
13, 9, 3.09, [127089, 80450, 66166]
14, 0, 3.26, [127089, 62858, 56240]
14, 1, 3.21, [150015, 66169, 66166]
14, 2, 3.16, [127089, 90, 56240]
14, 3, 3.14, [150652, 66169, 56240]
14, 4, 3.13, [284, 62858, 56240]
14, 5, 3.12, [66167, 66169, 56239]
14, 6, 3.12, [127089, 56241, 66169]
14, 7, 3.11, [148118, 67331, 66166]
14, 8, 3.09, [127089, 62858, 56240]
14, 9, 3.08, [150655, 80449, 62858]
15, 0, 3.26, [127089, 62858, 56240]
15, 1, 3.21, [150015, 66169, 66166]
15, 2, 3.18, [148118, 66169, 56240]
15, 3, 3.17, [150652, 66167, 56240]
15, 4, 3.17, [150652, 62858, 56239]
15, 5, 3.14, [127089, 100141, 56240]
15, 6, 3.14, [150652, 66169, 56240]
15, 7, 3.1, [127089, 66169, 56239]
15, 8, 3.09, [127089, 62858, 56237]
15, 9, 3.09, [127089, 286, 56240]
16, 0, 3.26, [127089, 62858, 56240]
16, 1, 3.21, [150015, 66169, 66166]
16, 2, 3.17, [127089, 66169, 56237]
16, 3, 3.16, [127089, 66167, 56239]
16, 4, 3.13, [150652, 70638, 65900]
16, 5, 3.13, [148118, 66169, 286]
16, 6, 3.12, [148118, 56239, 56240]
16, 7, 3.11, [150015, 62858, 56237]
16, 8, 3.11, [150654, 66169, 56240]
16, 9, 3.1, [127089, 66169, 80449]
17, 0, 3.26, [127089, 62858, 56240]
17, 1, 3.21, [150015, 66169, 66166]
17, 2, 3.18, [150652, 62858, 66166]
17, 3, 3.18, [127089, 46, 66169]
17, 4, 3.14, [11387, 86, 56240]
17, 5, 3.13, [150654, 66169, 56240]
17, 6, 3.12, [100807, 88, 56240]
17, 7, 3.12, [285, 66171, 150653]
17, 8, 3.07, [98065, 62858, 14223]
17, 9, 3.06, [123523, 66169, 56240]
18, 0, 3.26, [127089, 62858, 56240]
18, 1, 3.21, [150015, 62858, 66169]
18, 2, 3.21, [150015, 66169, 66166]
18, 3, 3.14, [150654, 86, 285]
18, 4, 3.13, [113173, 62858, 80449]
18, 5, 3.12, [127089, 62858, 56240]
18, 6, 3.12, [127089, 56241, 65899]
18, 7, 3.1, [14223, 66169, 56240]
18, 8, 3.09, [127089, 67331, 66166]
18, 9, 3.08, [127089, 62858, 56240]
19, 0, 3.26, [127089, 62858, 56240]
19, 1, 3.21, [148118, 66169, 56240]
19, 2, 3.21, [150015, 62858, 66169]
19, 3, 3.18, [127089, 56241, 66166]
19, 4, 3.16, [148118, 56239, 56240]
19, 5, 3.13, [221360, 62858, 73703]
19, 6, 3.12, [282, 67332, 56237]
19, 7, 3.1, [279, 56240, 66167]
19, 8, 3.1, [118606, 86, 285]
19, 9, 3.1, [127089, 62858, 56240]
20, 0, 3.26, [127089, 62858, 56240]
20, 1, 3.21, [148118, 66169, 56240]
20, 2, 3.18, [148118, 62858, 56237]
20, 3, 3.18, [46, 66169, 56237]
20, 4, 3.16, [127089, 98063, 56240]
20, 5, 3.15, [127089, 56241, 66166]
20, 6, 3.13, [127089, 56241, 56237]
20, 7, 3.13, [80450, 66169, 56240]
20, 8, 3.13, [148118, 62858, 56239]
20, 9, 3.11, [156909, 62858, 56240]
21, 0, 3.26, [127089, 62858, 56240]
21, 1, 3.21, [148118, 66169, 56240]
21, 2, 3.18, [150652, 66169, 56240]
21, 3, 3.17, [150654, 62858, 56240]
21, 4, 3.16, [127089, 66169, 56237]
21, 5, 3.11, [46, 67331, 56240]
21, 6, 3.11, [148118, 98063, 66170]
21, 7, 3.1, [86, 66169, 56240]
21, 8, 3.1, [127089, 67332, 56237]
21, 9, 3.09, [127089, 66167, 56237]
22, 0, 3.26, [127089, 62858, 56240]
22, 1, 3.21, [148118, 66169, 56240]
22, 2, 3.17, [282, 46, 56240]
22, 3, 3.16, [88, 62858, 56240]
22, 4, 3.13, [56239, 1062, 118602]
22, 5, 3.13, [1927, 56240, 1062]
22, 6, 3.12, [65897, 62858, 65899]
22, 7, 3.12, [127089, 66169, 62858]
22, 8, 3.11, [150652, 98065, 56240]
22, 9, 3.08, [148118, 67332, 56240]
23, 0, 3.26, [127089, 62858, 56240]
23, 1, 3.21, [148118, 66169, 56240]
23, 2, 3.15, [127089, 66169, 150655]
23, 3, 3.15, [88, 56240, 6376]
23, 4, 3.15, [150652, 283, 144434]
23, 5, 3.14, [148118, 66167, 56240]
23, 6, 3.13, [148118, 66169, 118602]
23, 7, 3.11, [282, 62858, 66169]
23, 8, 3.1, [88, 46, 56237]
23, 9, 3.07, [100807, 80661, 56240]
24, 0, 3.26, [127089, 62858, 56240]
24, 1, 3.21, [148118, 66169, 56240]
24, 2, 3.19, [148118, 66169, 56240]
24, 3, 3.19, [150654, 283, 56240]
24, 4, 3.16, [148118, 66169, 56240]
24, 5, 3.14, [150652, 62858, 56240]
24, 6, 3.13, [148118, 62858, 144434]
24, 7, 3.12, [150655, 62858, 56240]
24, 8, 3.12, [11387, 66169, 56240]
24, 9, 3.12, [150652, 66169, 66170]
25, 0, 3.26, [127089, 62858, 56240]
25, 1, 3.21, [148118, 66169, 56240]
25, 2, 3.19, [65899, 62858, 70638]
25, 3, 3.13, [150654, 62858, 123523]
25, 4, 3.13, [33296, 66169, 56237]
25, 5, 3.12, [11388, 66169, 80449]
25, 6, 3.11, [1061, 80450, 156909]
25, 7, 3.1, [127089, 283, 98065]
25, 8, 3.08, [127089, 62858, 134361]
25, 9, 3.05, [156909, 66169, 56240]
26, 0, 3.26, [127089, 62858, 56240]
26, 1, 3.21, [148118, 66169, 56240]
26, 2, 3.15, [65899, 1062, 56240]
26, 3, 3.14, [65899, 56239, 56240]
26, 4, 3.14, [150652, 118602, 285]
26, 5, 3.13, [127089, 56239, 70638]
26, 6, 3.11, [70640, 62858, 56240]
26, 7, 3.09, [113173, 98065, 221360]
26, 8, 3.08, [100807, 62858, 70638]
26, 9, 3.08, [127089, 156909, 56240]
27, 0, 3.26, [127089, 62858, 56240]
27, 1, 3.21, [148118, 66169, 56240]
27, 2, 3.18, [148118, 88, 56240]
27, 3, 3.17, [286, 66167, 70638]
27, 4, 3.15, [148118, 1062, 56237]
27, 5, 3.12, [65899, 62858, 33297]
27, 6, 3.12, [100807, 1062, 56240]
27, 7, 3.12, [65899, 66169, 89]
27, 8, 3.1, [90, 118602, 6376]
27, 9, 3.1, [127089, 33300, 56240]
28, 0, 3.26, [127089, 62858, 56240]
28, 1, 3.21, [148118, 66169, 56240]
28, 2, 3.17, [11388, 1061, 150652]
28, 3, 3.17, [148118, 88, 150655]
28, 4, 3.15, [286, 66171, 62858]
28, 5, 3.12, [127089, 62858, 56240]
28, 6, 3.12, [91277, 66166, 56240]
28, 7, 3.11, [80449, 150015, 62858]
28, 8, 3.09, [80450, 66169, 56240]
28, 9, 3.09, [148118, 66167, 77358]
29, 0, 3.26, [127089, 62858, 56240]
29, 1, 3.23, [148118, 62858, 98063]
29, 2, 3.21, [148118, 66169, 56240]
29, 3, 3.15, [127089, 62858, 11388]
29, 4, 3.13, [286, 56240, 56241]
29, 5, 3.13, [127089, 62858, 56239]
29, 6, 3.12, [148118, 1063, 56239]
29, 7, 3.12, [156909, 62858, 31634]
29, 8, 3.12, [148118, 56241, 56240]
29, 9, 3.09, [127089, 66169, 56239]
30, 0, 3.26, [127089, 62858, 56240]
30, 1, 3.23, [148118, 62858, 98063]
30, 2, 3.18, [150652, 66169, 56240]
30, 3, 3.17, [148118, 65897, 56240]
30, 4, 3.16, [148118, 46, 98063]
30, 5, 3.14, [127089, 56240, 98063]
30, 6, 3.14, [127089, 62858, 144436]
30, 7, 3.13, [150655, 62858, 56240]
30, 8, 3.11, [148118, 62858, 70638]
30, 9, 3.1, [150654, 62858, 14223]
31, 0, 3.26, [127089, 62858, 56240]
31, 1, 3.23, [148118, 62858, 98063]
31, 2, 3.14, [148118, 66167, 56240]
31, 3, 3.13, [90, 127089, 98063]
31, 4, 3.11, [127089, 62858, 56240]
31, 5, 3.11, [127089, 62858, 98062]
31, 6, 3.1, [150652, 11387, 98063]
31, 7, 3.09, [156909, 134365, 279]
31, 8, 3.08, [148118, 73703, 149059]
31, 9, 3.08, [87893, 62858, 56240]
32, 0, 3.26, [127089, 62858, 56240]
32, 1, 3.23, [148118, 62858, 98063]
32, 2, 3.2, [148118, 62858, 56241]
32, 3, 3.17, [150652, 66167, 56240]
32, 4, 3.15, [127089, 66169, 98063]
32, 5, 3.15, [148118, 62858, 56239]
32, 6, 3.14, [86, 56241, 98063]
32, 7, 3.12, [148118, 150652, 150653]
32, 8, 3.1, [148118, 56239, 56240]
32, 9, 3.09, [148118, 66167, 144436]
33, 0, 3.26, [127089, 62858, 56240]
33, 1, 3.23, [148118, 62858, 98063]
33, 2, 3.17, [150015, 62858, 98063]
33, 3, 3.16, [11387, 90, 56240]
33, 4, 3.15, [127089, 66169, 98063]
33, 5, 3.12, [127089, 95674, 56240]
33, 6, 3.12, [148118, 150654, 56240]
33, 7, 3.12, [66166, 62858, 56240]
33, 8, 3.12, [150652, 62858, 98063]
33, 9, 3.09, [66169, 73700, 283]
34, 0, 3.26, [127089, 62858, 56240]
34, 1, 3.23, [148118, 62858, 98063]
34, 2, 3.17, [150015, 56239, 56240]
34, 3, 3.15, [127089, 56241, 98063]
34, 4, 3.14, [148118, 90, 56240]
34, 5, 3.13, [148118, 144434, 56240]
34, 6, 3.11, [127089, 56241, 98063]
34, 7, 3.11, [148118, 56241, 56240]
34, 8, 3.1, [65899, 62858, 98063]
34, 9, 3.09, [284, 66169, 56240]
35, 0, 3.26, [127089, 62858, 56240]
35, 1, 3.23, [148118, 62858, 98063]
35, 2, 3.17, [127089, 56239, 62858]
35, 3, 3.15, [148118, 66167, 56240]
35, 4, 3.13, [127089, 286, 56240]
35, 5, 3.11, [148118, 62858, 66170]
35, 6, 3.11, [127089, 98065, 98063]
35, 7, 3.1, [127089, 62858, 70638]
35, 8, 3.09, [150015, 62858, 73700]
35, 9, 3.09, [148118, 62858, 56237]
36, 0, 3.26, [127089, 62858, 56240]
36, 1, 3.23, [148118, 62858, 98063]
36, 2, 3.21, [56237, 66170, 62858]
36, 3, 3.19, [11387, 62858, 56239]
36, 4, 3.17, [148118, 56241, 56240]
36, 5, 3.15, [127089, 56237, 56240]
36, 6, 3.13, [87, 66167, 56240]
36, 7, 3.11, [66166, 62858, 56237]
36, 8, 3.11, [46, 62858, 56240]
36, 9, 3.1, [127089, 62858, 67332]
37, 0, 3.26, [127089, 62858, 56240]
37, 1, 3.23, [148118, 62858, 98063]
37, 2, 3.17, [80450, 148118, 56240]
37, 3, 3.15, [150655, 284, 56240]
37, 4, 3.15, [150652, 56241, 91277]
37, 5, 3.11, [127089, 62858, 1063]
37, 6, 3.11, [80450, 62858, 56240]
37, 7, 3.1, [88, 66167, 56237]
37, 8, 3.09, [282, 278, 56240]
37, 9, 3.08, [66166, 56240, 62858]
38, 0, 3.26, [127089, 62858, 56240]
38, 1, 3.23, [148118, 62858, 98063]
38, 2, 3.19, [127089, 150655, 87]
38, 3, 3.17, [150652, 62858, 98063]
38, 4, 3.16, [127089, 148118, 56239]
38, 5, 3.11, [98063, 62858, 56240]
38, 6, 3.1, [148118, 62858, 98065]
38, 7, 3.08, [148118, 56239, 56240]
38, 8, 3.08, [150655, 12067, 98063]
38, 9, 3.07, [80450, 148118, 144436]
39, 0, 3.26, [127089, 62858, 56240]
39, 1, 3.23, [148118, 62858, 98063]
39, 2, 3.17, [80450, 62858, 87]
39, 3, 3.16, [100807, 11387, 56240]
39, 4, 3.15, [150652, 148118, 98063]
39, 5, 3.14, [127089, 56240, 98063]
39, 6, 3.13, [150652, 62858, 98063]
39, 7, 3.11, [90, 285, 33297]
39, 8, 3.1, [148118, 62858, 66170]
39, 9, 3.09, [127089, 150655, 66169]
40, 0, 3.26, [127089, 62858, 56240]
40, 1, 3.23, [148118, 62858, 98063]
40, 2, 3.17, [11388, 62858, 56240]
40, 3, 3.15, [150655, 62858, 56240]
40, 4, 3.12, [148118, 62858, 98063]
40, 5, 3.12, [148118, 86, 87893]
40, 6, 3.11, [284, 150654, 12067]
40, 7, 3.11, [118602, 56241, 134361]
40, 8, 3.1, [127089, 62858, 98062]
40, 9, 3.09, [100807, 56241, 56240]
41, 0, 3.26, [127089, 62858, 56240]
41, 1, 3.23, [148118, 62858, 98063]
41, 2, 3.19, [148118, 62858, 66170]
41, 3, 3.17, [156909, 62858, 56240]
41, 4, 3.16, [127089, 62858, 221360]
41, 5, 3.14, [127089, 62858, 11387]
41, 6, 3.14, [80656, 62858, 66169]
41, 7, 3.12, [33297, 62858, 66059]
41, 8, 3.09, [134362, 62858, 127089]
41, 9, 3.08, [70638, 65900, 286]
42, 0, 3.26, [127089, 62858, 56240]
42, 1, 3.23, [148118, 62858, 98063]
42, 2, 3.14, [100807, 100141, 283]
42, 3, 3.14, [148118, 62858, 56239]
42, 4, 3.13, [127089, 283, 80449]
42, 5, 3.12, [66170, 221360, 56240]
42, 6, 3.12, [86, 62858, 284]
42, 7, 3.11, [282, 56240, 66167]
42, 8, 3.1, [88, 62858, 127089]
42, 9, 3.09, [11387, 62858, 98063]
43, 0, 3.26, [127089, 62858, 56240]
43, 1, 3.23, [148118, 62858, 98063]
43, 2, 3.15, [148118, 62858, 80449]
43, 3, 3.15, [148118, 284, 56239]
43, 4, 3.15, [11387, 62858, 56240]
43, 5, 3.13, [127089, 66167, 56239]
43, 6, 3.12, [148118, 98065, 98063]
43, 7, 3.12, [100807, 62858, 98063]
43, 8, 3.09, [80450, 283, 56240]
43, 9, 3.09, [148118, 150655, 56240]
44, 0, 3.26, [127089, 62858, 56240]
44, 1, 3.23, [148118, 62858, 98063]
44, 2, 3.16, [284, 150653, 56240]
44, 3, 3.15, [127089, 66169, 98063]
44, 4, 3.14, [279, 90, 56240]
44, 5, 3.14, [127089, 283, 56240]
44, 6, 3.13, [127089, 66171, 88]
44, 7, 3.11, [56239, 62858, 100141]
44, 8, 3.1, [150652, 62858, 98063]
44, 9, 3.09, [148118, 62858, 66170]
45, 0, 3.26, [127089, 62858, 56240]
45, 1, 3.23, [148118, 62858, 98063]
45, 2, 3.17, [148118, 278, 56240]
45, 3, 3.14, [284, 148118, 11387]
45, 4, 3.14, [150655, 31634, 134361]
45, 5, 3.12, [156909, 62858, 56240]
45, 6, 3.12, [100807, 1061, 66167]
45, 7, 3.08, [66170, 33298, 98063]
45, 8, 3.08, [100807, 62858, 56240]
45, 9, 3.07, [127089, 62858, 98062]
46, 0, 3.26, [127089, 62858, 56240]
46, 1, 3.24, [150652, 62858, 56240]
46, 2, 3.23, [148118, 62858, 98063]
46, 3, 3.17, [284, 150652, 56240]
46, 4, 3.14, [150652, 62858, 56240]
46, 5, 3.14, [127089, 1061, 100140]
46, 6, 3.11, [127089, 279, 56240]
46, 7, 3.11, [148118, 62858, 66170]
46, 8, 3.1, [80450, 278, 56240]
46, 9, 3.1, [127089, 33298, 558]
47, 0, 3.26, [127089, 62858, 56240]
47, 1, 3.24, [150652, 62858, 56240]
47, 2, 3.19, [148118, 56239, 56240]
47, 3, 3.16, [127089, 62858, 65899]
47, 4, 3.13, [285, 66059, 66170]
47, 5, 3.13, [11388, 62858, 144434]
47, 6, 3.12, [148118, 62858, 33297]
47, 7, 3.11, [150652, 66167, 98063]
47, 8, 3.11, [1927, 11388, 56240]
47, 9, 3.09, [127089, 150652, 12067]
48, 0, 3.26, [127089, 62858, 56240]
48, 1, 3.24, [150652, 62858, 56240]
48, 2, 3.2, [66170, 62858, 33300]
48, 3, 3.19, [127089, 1062, 56240]
48, 4, 3.19, [150652, 279, 65899]
48, 5, 3.16, [148118, 62858, 66167]
48, 6, 3.15, [150654, 282, 56240]
48, 7, 3.14, [150652, 62858, 285]
48, 8, 3.13, [100807, 62858, 56240]
48, 9, 3.11, [11388, 62858, 56239]
49, 0, 3.26, [127089, 62858, 56240]
49, 1, 3.24, [150652, 62858, 56240]
49, 2, 3.17, [150015, 1062, 56240]
49, 3, 3.14, [150652, 80450, 66166]
49, 4, 3.11, [127089, 62858, 1927]
49, 5, 3.1, [127089, 123523, 56237]
49, 6, 3.1, [150652, 62858, 118602]
49, 7, 3.08, [67331, 62858, 65899]
49, 8, 3.07, [150655, 279, 33300]
49, 9, 3.07, [127089, 62858, 56237]
50, 0, 3.26, [127089, 62858, 56240]
50, 1, 3.24, [150652, 62858, 56240]
50, 2, 3.21, [150652, 56239, 46]
50, 3, 3.19, [150655, 1062, 56240]
50, 4, 3.19, [150652, 62858, 56240]
50, 5, 3.16, [100807, 62858, 89]
50, 6, 3.14, [127089, 149059, 56240]
50, 7, 3.14, [127089, 62858, 88]
50, 8, 3.1, [80661, 62858, 1063]
50, 9, 3.08, [156909, 62858, 56237]
