n_nodes,influence,n0,n1,n2,n3,n4,n5,n6
7,51.3700,5801,7276,3381,4760,3642,4310,3454
7,51.3700,5801,7276,3381,4760,3642,4310,3454
7,51.3700,5801,7276,3381,4760,3642,4310,3454
7,51.3700,5801,7276,3381,4760,3642,4310,3454
7,51.3700,5801,7276,3381,4760,3642,4310,3454
7,50.9300,4879,7276,3381,4760,3642,4310,3454
7,50.4500,4467,7276,3381,4760,3642,4310,3454
7,50.4500,4467,7276,3381,4760,3642,4310,3454
7,48.4400,4467,7276,3381,4760,3642,4310,3454
7,48.3200,4879,7276,3381,4310,4760,3642,3454
7,48.3200,4879,7276,3381,4310,4760,3642,3454
7,48.3200,4879,7276,3381,4310,4760,3642,3454
7,48.3200,4879,7276,3381,4310,4760,3642,3454
7,48.2300,5801,7276,3381,4760,3642,4310,3454
7,48.1600,4879,7276,3381,4310,4760,3642,3454
7,48.0800,5801,7276,3381,4760,3642,4310,3454
