generation number, individual number, fitness, candidate
0, 0, 2.11, [295, 269]
0, 1, 2.07, [2762, 2512]
0, 2, 2.07, [259, 104]
0, 3, 2.04, [103, 191]
0, 4, 2.04, [1087, 3716]
0, 5, 2.03, [98, 1095]
0, 6, 2.03, [2770, 380]
0, 7, 2.03, [2530, 222]
0, 8, 2.02, [615, 260]
0, 9, 2.01, [285, 316]
1, 0, 2.11, [295, 269]
1, 1, 2.09, [295, 269]
1, 2, 2.08, [874, 104]
1, 3, 2.07, [537, 2512]
1, 4, 2.07, [874, 104]
1, 5, 2.07, [2762, 2512]
1, 6, 2.05, [1088, 269]
1, 7, 2.03, [103, 285]
1, 8, 2.02, [259, 2515]
1, 9, 2.01, [874, 191]
2, 0, 2.11, [295, 2065]
2, 1, 2.11, [295, 269]
2, 2, 2.09, [295, 269]
2, 3, 2.08, [874, 279]
2, 4, 2.08, [295, 616]
2, 5, 2.04, [274, 316]
2, 6, 2.03, [273, 3155]
2, 7, 2.03, [615, 81]
2, 8, 2.02, [2513, 220]
2, 9, 2.02, [244, 154]
3, 0, 2.13, [295, 103]
3, 1, 2.11, [295, 2065]
3, 2, 2.11, [295, 269]
3, 3, 2.09, [316, 77]
3, 4, 2.06, [277, 288]
3, 5, 2.05, [283, 269]
3, 6, 2.04, [278, 2513]
3, 7, 2.03, [263, 2950]
3, 8, 2.02, [2593, 343]
3, 9, 2.02, [285, 240]
4, 0, 2.13, [295, 103]
4, 1, 2.11, [295, 2065]
4, 2, 2.1, [295, 2764]
4, 3, 2.07, [2574, 295]
4, 4, 2.05, [279, 2530]
4, 5, 2.05, [295, 537]
4, 6, 2.05, [2514, 220]
4, 7, 2.03, [261, 537]
4, 8, 2.03, [159, 616]
4, 9, 2.0, [209, 3334]
5, 0, 2.13, [295, 103]
5, 1, 2.11, [2595, 295]
5, 2, 2.11, [295, 2065]
5, 3, 2.05, [1811, 2764]
5, 4, 2.04, [260, 91]
5, 5, 2.04, [261, 288]
5, 6, 2.03, [250, 2764]
5, 7, 2.02, [301, 2514]
5, 8, 2.02, [1087, 288]
5, 9, 2.02, [81, 159]
6, 0, 2.15, [295, 2950]
6, 1, 2.13, [295, 103]
6, 2, 2.11, [2595, 295]
6, 3, 2.09, [295, 2764]
6, 4, 2.07, [2513, 103]
6, 5, 2.06, [2530, 297]
6, 6, 2.04, [2599, 103]
6, 7, 2.03, [2595, 259]
6, 8, 2.02, [4849, 266]
6, 9, 2.02, [2525, 874]
7, 0, 2.15, [295, 2950]
7, 1, 2.13, [295, 103]
7, 2, 2.1, [295, 191]
7, 3, 2.06, [103, 1095]
7, 4, 2.05, [316, 269]
7, 5, 2.04, [295, 2767]
7, 6, 2.04, [2599, 2764]
7, 7, 2.04, [278, 2950]
7, 8, 2.04, [380, 537]
7, 9, 2.04, [81, 222]
8, 0, 2.15, [295, 2950]
8, 1, 2.13, [295, 103]
8, 2, 2.07, [2765, 269]
8, 3, 2.07, [295, 2950]
8, 4, 2.04, [250, 103]
8, 5, 2.03, [250, 2950]
8, 6, 2.03, [263, 159]
8, 7, 2.02, [261, 537]
8, 8, 2.01, [3135, 622]
8, 9, 2.01, [303, 4602]
9, 0, 2.15, [295, 2950]
9, 1, 2.13, [295, 300]
9, 2, 2.13, [295, 103]
9, 3, 2.09, [288, 609]
9, 4, 2.06, [295, 279]
9, 5, 2.05, [2770, 103]
9, 6, 2.04, [4602, 2762]
9, 7, 2.04, [2595, 3716]
9, 8, 2.03, [283, 103]
9, 9, 2.03, [622, 191]
10, 0, 2.15, [295, 2950]
10, 1, 2.13, [295, 300]
10, 2, 2.1, [295, 191]
10, 3, 2.06, [876, 103]
10, 4, 2.04, [222, 300]
10, 5, 2.03, [220, 1082]
10, 6, 2.02, [103, 2950]
10, 7, 2.02, [1088, 300]
10, 8, 2.01, [244, 4849]
10, 9, 2.01, [219, 296]
