generation number, pop_size, worst, best, median, avg, std, diversity, improvement, number_of_selections
0, 10, 3.0, 38.56, 7.225, 9.619, 9.881219003746452,0.9888888888888889,0,[1.e-300]
1, 10, 3.0, 38.56, 8.1, 11.05, 9.711231641764087,0.9666666666666667,0.0,[1.e-300]
2, 10, 5.0, 38.56, 10.98, 16.017, 11.487293023162595,0.9,0.0,[1.e-300]
3, 10, 3.0, 38.56, 6.5, 15.511000000000001, 14.883909735012503,0.9555555555555556,0.0,[1.e-300]
4, 10, 3.0, 38.56, 9.405000000000001, 16.128, 14.379817662265404,0.9222222222222223,0.0,[1.e-300]
5, 10, 4.47, 38.56, 9.0, 19.285999999999998, 14.958275435356846,0.9333333333333333,0.0,[1.e-300]
6, 10, 3.0, 38.56, 6.77, 17.878, 15.931914385911067,0.9111111111111111,0.0,[1.e-300]
7, 10, 5.0, 38.56, 7.73, 13.739, 12.540758709105283,0.9222222222222222,0.0,[1.e-300]
8, 10, 4.0, 39.38, 8.625, 19.359, 15.46187921955155,0.888888888888889,0.02126556016597511,[1.e-300]
9, 10, 5.0, 39.38, 9.0, 17.128, 14.075193639875796,0.9444444444444444,0.0,[1.e-300]
10, 10, 3.0, 39.38, 9.0, 16.343, 14.4850185018867,0.9111111111111111,0.0,[1.e-300]
