generation number, individual number, fitness, candidate
0, 0, 2.11, [150652, 87]
0, 1, 2.11, [11388, 56241]
0, 2, 2.1, [56240, 62858]
0, 3, 2.09, [80661, 90]
0, 4, 2.08, [1063, 127089]
0, 5, 2.06, [1061, 70640]
0, 6, 2.05, [283, 11387]
0, 7, 2.05, [100140, 91276]
0, 8, 2.05, [100141, 33298]
0, 9, 2.04, [80449, 823]
1, 0, 2.13, [127089, 56241]
1, 1, 2.11, [150652, 87]
1, 2, 2.11, [11388, 56241]
1, 3, 2.1, [150652, 62858]
1, 4, 2.09, [80661, 62858]
1, 5, 2.09, [11387, 90]
1, 6, 2.08, [12067, 87]
1, 7, 2.08, [11388, 86]
1, 8, 2.07, [156909, 56241]
1, 9, 2.07, [1063, 56239]
2, 0, 2.13, [127089, 56241]
2, 1, 2.11, [127089, 89]
2, 2, 2.11, [66169, 11388]
2, 3, 2.11, [150652, 87]
2, 4, 2.1, [150655, 56241]
2, 5, 2.08, [821, 56240]
2, 6, 2.08, [118602, 80450]
2, 7, 2.08, [80450, 87]
2, 8, 2.06, [127089, 86]
2, 9, 2.06, [148118, 56241]
3, 0, 2.13, [150652, 46]
3, 1, 2.13, [127089, 56241]
3, 2, 2.12, [127089, 46]
3, 3, 2.11, [150653, 90]
3, 4, 2.11, [127089, 89]
3, 5, 2.09, [66169, 56240]
3, 6, 2.08, [65901, 56240]
3, 7, 2.06, [67331, 89]
3, 8, 2.06, [127089, 90]
3, 9, 2.05, [66169, 66171]
4, 0, 2.13, [150652, 46]
4, 1, 2.13, [127089, 56241]
4, 2, 2.12, [127089, 90]
4, 3, 2.11, [70638, 127089]
4, 4, 2.11, [127089, 148118]
4, 5, 2.09, [150652, 70638]
4, 6, 2.09, [127089, 282]
4, 7, 2.07, [88, 46]
4, 8, 2.05, [33297, 134361]
4, 9, 2.04, [150655, 10375]
5, 0, 2.21, [150652, 283]
5, 1, 2.13, [150652, 46]
5, 2, 2.13, [127089, 56241]
5, 3, 2.12, [86, 148118]
5, 4, 2.09, [148118, 46]
5, 5, 2.08, [127089, 286]
5, 6, 2.08, [821, 150655]
5, 7, 2.06, [70638, 90]
5, 8, 2.05, [150652, 100807]
5, 9, 2.04, [66171, 149059]
6, 0, 2.21, [150652, 283]
6, 1, 2.13, [150652, 46]
6, 2, 2.08, [150652, 46]
6, 3, 2.08, [150652, 56241]
6, 4, 2.07, [284, 66059]
6, 5, 2.07, [150652, 62858]
6, 6, 2.07, [134361, 150654]
6, 7, 2.06, [33296, 46]
6, 8, 2.04, [11925, 118602]
6, 9, 2.04, [558, 282]
7, 0, 2.21, [150652, 283]
7, 1, 2.14, [150655, 56241]
7, 2, 2.13, [150652, 46]
7, 3, 2.12, [286, 100141]
7, 4, 2.08, [150652, 87]
7, 5, 2.08, [286, 46]
7, 6, 2.07, [148118, 283]
7, 7, 2.05, [56239, 282]
7, 8, 2.04, [123524, 66171]
7, 9, 2.03, [12067, 118602]
8, 0, 2.21, [150652, 283]
8, 1, 2.16, [150655, 282]
8, 2, 2.14, [150655, 56241]
8, 3, 2.12, [150654, 56241]
8, 4, 2.11, [150655, 56240]
8, 5, 2.11, [150655, 90]
8, 6, 2.09, [150655, 284]
8, 7, 2.09, [150653, 62858]
8, 8, 2.09, [127089, 56241]
8, 9, 2.06, [1062, 56241]
9, 0, 2.21, [150652, 283]
9, 1, 2.2, [150655, 56240]
9, 2, 2.16, [150655, 282]
9, 3, 2.15, [150654, 282]
9, 4, 2.13, [150655, 90]
9, 5, 2.1, [150652, 33300]
9, 6, 2.1, [150655, 282]
9, 7, 2.09, [150654, 283]
9, 8, 2.09, [33297, 98062]
9, 9, 2.07, [148118, 283]
10, 0, 2.21, [150652, 283]
10, 1, 2.2, [150655, 56240]
10, 2, 2.15, [285, 90]
10, 3, 2.13, [150652, 66169]
10, 4, 2.12, [144436, 88]
10, 5, 2.11, [150652, 283]
10, 6, 2.11, [150655, 56239]
10, 7, 2.09, [150654, 56240]
10, 8, 2.09, [66166, 66169]
10, 9, 2.08, [150655, 90]
