generation number, individual number, fitness, candidate
0, 0, 15.51, [2595, 874, 2513]
0, 1, 15.02, [300, 2530, 220]
0, 2, 14.37, [343, 2065, 269]
0, 3, 13.09, [3155, 220, 2712]
0, 4, 11.73, [874, 3716, 2595]
0, 5, 10.09, [874, 2599, 2712]
0, 6, 10.05, [291, 159, 2599]
0, 7, 8.28, [159, 1087, 275]
0, 8, 6.67, [275, 874, 343]
0, 9, 5.99, [278, 280, 261]
1, 0, 24.37, [300, 874, 295]
1, 1, 19.15, [343, 2065, 295]
1, 2, 17.96, [2595, 222, 269]
1, 3, 15.51, [2595, 874, 2513]
1, 4, 15.19, [300, 2530, 2512]
1, 5, 15.02, [300, 2530, 220]
1, 6, 13.82, [615, 874, 220]
1, 7, 13.39, [2595, 2530, 209]
1, 8, 12.07, [2595, 209, 2712]
1, 9, 10.88, [2595, 209, 2712]
2, 0, 24.78, [300, 81, 295]
2, 1, 24.37, [300, 874, 295]
2, 2, 24.34, [380, 874, 295]
2, 3, 23.57, [380, 874, 295]
2, 4, 22.72, [2597, 222, 295]
2, 5, 19.46, [264, 2065, 295]
2, 6, 19.15, [343, 2065, 295]
2, 7, 16.73, [343, 2762, 295]
2, 8, 14.78, [300, 874, 3716]
2, 9, 13.83, [300, 2065, 2530]
3, 0, 24.78, [300, 81, 295]
3, 1, 24.37, [300, 874, 295]
3, 2, 21.86, [300, 149, 295]
3, 3, 21.51, [300, 219, 295]
3, 4, 21.08, [300, 343, 295]
3, 5, 20.35, [264, 874, 295]
3, 6, 19.44, [2530, 874, 295]
3, 7, 14.78, [264, 259, 615]
3, 8, 13.3, [302, 874, 2711]
3, 9, 12.22, [300, 81, 278]
4, 0, 24.78, [300, 81, 295]
4, 1, 24.37, [300, 874, 295]
4, 2, 23.03, [300, 541, 295]
4, 3, 22.15, [191, 615, 295]
4, 4, 21.47, [541, 874, 295]
4, 5, 21.14, [1080, 301, 295]
4, 6, 15.2, [300, 81, 250]
4, 7, 14.35, [300, 81, 2514]
4, 8, 13.67, [300, 2597, 2762]
4, 9, 12.31, [300, 2762, 191]
5, 0, 24.78, [300, 81, 295]
5, 1, 24.37, [300, 874, 295]
5, 2, 22.68, [302, 2525, 295]
5, 3, 21.06, [265, 81, 295]
5, 4, 17.86, [280, 2530, 295]
5, 5, 15.8, [300, 277, 4849]
5, 6, 14.1, [191, 81, 103]
5, 7, 13.61, [300, 874, 876]
5, 8, 12.83, [300, 616, 3155]
5, 9, 12.72, [302, 874, 222]
6, 0, 28.61, [269, 1095, 295]
6, 1, 24.78, [300, 81, 295]
6, 2, 24.37, [300, 874, 295]
6, 3, 24.14, [300, 2593, 295]
6, 4, 22.29, [302, 2596, 295]
6, 5, 21.75, [263, 874, 295]
6, 6, 18.21, [264, 2525, 295]
6, 7, 14.95, [300, 2767, 193]
6, 8, 13.21, [300, 2525, 2530]
6, 9, 12.42, [302, 874, 2514]
7, 0, 28.61, [269, 1095, 295]
7, 1, 26.29, [269, 616, 295]
7, 2, 26.17, [269, 616, 295]
7, 3, 25.11, [300, 1082, 295]
7, 4, 24.78, [300, 81, 295]
7, 5, 23.77, [302, 1095, 295]
7, 6, 21.79, [300, 275, 295]
7, 7, 16.08, [269, 2762, 279]
7, 8, 15.58, [300, 1095, 250]
7, 9, 15.2, [269, 81, 316]
8, 0, 30.02, [269, 220, 295]
8, 1, 28.61, [269, 1095, 295]
8, 2, 26.29, [269, 616, 295]
8, 3, 20.03, [874, 616, 295]
8, 4, 18.12, [269, 1082, 2514]
8, 5, 15.94, [269, 1095, 876]
8, 6, 11.07, [300, 616, 2065]
8, 7, 10.38, [285, 300, 76]
8, 8, 8.89, [3716, 1095, 2712]
8, 9, 8.8, [300, 616, 316]
9, 0, 30.02, [269, 220, 295]
9, 1, 28.61, [269, 1095, 295]
9, 2, 25.19, [2595, 220, 295]
9, 3, 24.47, [2595, 209, 295]
9, 4, 21.47, [288, 1095, 295]
9, 5, 20.55, [2597, 343, 295]
9, 6, 17.84, [277, 274, 380]
9, 7, 16.61, [2762, 220, 269]
9, 8, 12.76, [91, 2065, 250]
9, 9, 12.04, [302, 209, 274]
10, 0, 30.02, [269, 220, 295]
10, 1, 29.91, [269, 3155, 295]
10, 2, 28.61, [269, 1095, 295]
10, 3, 26.26, [269, 2513, 295]
10, 4, 26.12, [269, 263, 295]
10, 5, 24.77, [1080, 295, 103]
10, 6, 21.16, [102, 220, 295]
10, 7, 20.35, [76, 226, 295]
10, 8, 16.29, [103, 2512, 209]
10, 9, 10.95, [2530, 1095, 2770]
11, 0, 30.02, [269, 220, 295]
11, 1, 29.91, [269, 3155, 295]
11, 2, 22.48, [302, 274, 295]
11, 3, 20.93, [4602, 874, 295]
11, 4, 19.57, [269, 2595, 2514]
11, 5, 19.03, [269, 1086, 250]
11, 6, 17.11, [269, 209, 2525]
11, 7, 15.52, [269, 2512, 3716]
11, 8, 13.97, [269, 2765, 2762]
11, 9, 12.42, [260, 193, 874]
12, 0, 30.02, [269, 220, 295]
12, 1, 29.91, [269, 3155, 295]
12, 2, 26.3, [279, 220, 295]
12, 3, 23.65, [2593, 220, 295]
12, 4, 22.98, [269, 209, 277]
12, 5, 22.97, [615, 874, 295]
12, 6, 20.88, [4602, 209, 295]
12, 7, 20.4, [2156, 874, 295]
12, 8, 20.3, [269, 1095, 300]
12, 9, 16.83, [269, 3155, 266]
13, 0, 30.02, [269, 220, 295]
13, 1, 29.91, [269, 3155, 295]
13, 2, 25.82, [2595, 3155, 295]
13, 3, 24.19, [260, 3155, 295]
13, 4, 20.6, [380, 295, 2156]
13, 5, 20.52, [269, 220, 2513]
13, 6, 20.37, [269, 220, 250]
13, 7, 19.87, [269, 220, 2514]
13, 8, 15.06, [300, 2595, 335]
13, 9, 14.88, [269, 335, 278]
14, 0, 30.02, [269, 220, 295]
14, 1, 29.91, [269, 3155, 295]
14, 2, 24.57, [226, 3155, 295]
14, 3, 24.25, [615, 220, 295]
14, 4, 22.56, [2712, 220, 295]
14, 5, 19.0, [269, 3155, 2530]
14, 6, 17.77, [269, 3155, 876]
14, 7, 17.64, [269, 1095, 159]
14, 8, 16.78, [269, 3155, 316]
14, 9, 13.28, [2595, 220, 280]
15, 0, 30.02, [269, 220, 295]
15, 1, 29.91, [269, 3155, 295]
15, 2, 26.44, [226, 259, 295]
15, 3, 22.69, [269, 2514, 277]
15, 4, 20.75, [269, 300, 250]
15, 5, 19.19, [269, 3155, 2530]
15, 6, 18.07, [277, 220, 541]
15, 7, 16.55, [269, 3155, 4602]
15, 8, 13.15, [260, 300, 2764]
15, 9, 9.71, [226, 3334, 2711]
16, 0, 30.02, [269, 220, 295]
16, 1, 29.91, [269, 3155, 295]
16, 2, 25.57, [269, 3334, 295]
16, 3, 22.72, [274, 300, 295]
16, 4, 22.36, [3716, 3155, 295]
16, 5, 19.32, [1087, 2762, 295]
16, 6, 18.94, [269, 209, 250]
16, 7, 17.88, [263, 283, 295]
16, 8, 17.53, [269, 280, 220]
16, 9, 16.36, [269, 3155, 1095]
17, 0, 30.02, [269, 220, 295]
17, 1, 29.91, [269, 3155, 295]
17, 2, 27.1, [277, 3155, 295]
17, 3, 26.07, [269, 264, 295]
17, 4, 22.8, [279, 3334, 295]
17, 5, 21.32, [558, 302, 295]
17, 6, 18.44, [269, 3155, 2530]
17, 7, 16.77, [259, 1080, 2513]
17, 8, 15.7, [269, 275, 2595]
17, 9, 15.2, [2065, 279, 250]
18, 0, 30.02, [269, 220, 295]
18, 1, 29.91, [269, 3155, 295]
18, 2, 28.73, [269, 209, 295]
18, 3, 22.45, [2593, 1086, 295]
18, 4, 16.44, [76, 250, 295]
18, 5, 14.59, [259, 220, 1087]
18, 6, 14.39, [250, 302, 220]
18, 7, 13.2, [269, 541, 275]
18, 8, 12.05, [291, 316, 77]
18, 9, 11.87, [250, 220, 2762]
19, 0, 30.02, [269, 220, 295]
19, 1, 29.91, [269, 3155, 295]
19, 2, 25.96, [279, 209, 295]
19, 3, 25.84, [259, 209, 295]
19, 4, 22.8, [1095, 2065, 295]
19, 5, 22.59, [209, 2599, 295]
19, 6, 20.75, [2156, 3155, 295]
19, 7, 17.22, [269, 2593, 2599]
19, 8, 12.04, [274, 220, 283]
19, 9, 10.52, [280, 220, 1087]
20, 0, 30.02, [269, 220, 295]
20, 1, 29.91, [269, 3155, 295]
20, 2, 28.09, [269, 2599, 295]
20, 3, 27.81, [269, 558, 295]
20, 4, 26.56, [279, 3155, 295]
20, 5, 25.56, [279, 209, 295]
20, 6, 14.36, [279, 3155, 876]
20, 7, 13.86, [279, 209, 2525]
20, 8, 12.45, [77, 209, 274]
20, 9, 9.65, [302, 2762, 4849]
21, 0, 30.02, [269, 220, 295]
21, 1, 29.91, [269, 3155, 295]
21, 2, 26.03, [269, 3334, 295]
21, 3, 23.88, [288, 3155, 295]
21, 4, 23.31, [104, 3155, 295]
21, 5, 21.56, [2765, 220, 295]
21, 6, 17.0, [269, 220, 537]
21, 7, 15.78, [279, 3155, 226]
21, 8, 15.73, [300, 220, 2593]
21, 9, 12.86, [1095, 256, 2512]
22, 0, 30.02, [269, 220, 295]
22, 1, 29.91, [269, 3155, 295]
22, 2, 27.55, [269, 104, 295]
22, 3, 23.22, [1095, 209, 295]
22, 4, 23.15, [277, 3334, 295]
22, 5, 22.36, [288, 220, 295]
22, 6, 22.21, [2595, 2599, 295]
22, 7, 21.67, [81, 104, 295]
22, 8, 20.69, [3716, 222, 295]
22, 9, 20.16, [269, 3155, 2514]
23, 0, 30.02, [269, 220, 295]
23, 1, 29.91, [269, 3155, 295]
23, 2, 27.34, [269, 2525, 295]
23, 3, 26.87, [277, 1095, 295]
23, 4, 22.04, [380, 104, 295]
23, 5, 21.51, [149, 2597, 295]
23, 6, 19.53, [1095, 2530, 295]
23, 7, 18.8, [269, 209, 279]
23, 8, 18.22, [269, 220, 2514]
23, 9, 17.88, [269, 3155, 876]
24, 0, 30.35, [269, 874, 295]
24, 1, 30.02, [269, 220, 295]
24, 2, 29.91, [269, 3155, 295]
24, 3, 27.93, [277, 220, 295]
24, 4, 25.77, [300, 3155, 295]
24, 5, 21.57, [3716, 1095, 295]
24, 6, 19.05, [269, 209, 2711]
24, 7, 17.43, [250, 2762, 295]
24, 8, 16.51, [277, 2525, 81]
24, 9, 15.67, [300, 220, 81]
25, 0, 30.35, [269, 874, 295]
25, 1, 30.02, [269, 220, 295]
25, 2, 29.57, [269, 209, 295]
25, 3, 28.48, [269, 209, 295]
25, 4, 26.78, [277, 209, 295]
25, 5, 26.11, [277, 1095, 295]
25, 6, 25.47, [279, 2596, 295]
25, 7, 20.47, [291, 265, 295]
25, 8, 19.01, [269, 3155, 2530]
25, 9, 18.76, [269, 1082, 2513]
26, 0, 30.35, [269, 874, 295]
26, 1, 30.02, [269, 220, 295]
26, 2, 22.64, [220, 3716, 295]
26, 3, 20.97, [2156, 220, 295]
26, 4, 18.29, [269, 874, 159]
26, 5, 17.08, [269, 874, 2514]
26, 6, 16.47, [269, 874, 541]
26, 7, 14.48, [269, 256, 316]
26, 8, 11.52, [2711, 874, 4602]
26, 9, 10.73, [2593, 2764, 274]
27, 0, 30.35, [269, 874, 295]
27, 1, 30.02, [269, 220, 295]
27, 2, 26.04, [269, 219, 295]
27, 3, 22.11, [220, 2762, 295]
27, 4, 21.85, [1095, 3716, 295]
27, 5, 19.18, [269, 220, 2513]
27, 6, 16.41, [269, 874, 2764]
27, 7, 13.59, [288, 259, 2764]
27, 8, 13.0, [269, 4602, 275]
27, 9, 12.68, [266, 874, 2513]
28, 0, 30.35, [269, 874, 295]
28, 1, 30.02, [269, 220, 295]
28, 2, 23.24, [1080, 2599, 295]
28, 3, 22.77, [285, 220, 295]
28, 4, 20.54, [2593, 279, 277]
28, 5, 20.5, [3716, 274, 295]
28, 6, 17.32, [269, 240, 1811]
28, 7, 16.05, [269, 219, 250]
28, 8, 13.86, [269, 219, 274]
28, 9, 12.01, [615, 3716, 2597]
29, 0, 30.35, [269, 874, 295]
29, 1, 30.32, [269, 193, 295]
29, 2, 30.02, [269, 220, 295]
29, 3, 27.58, [269, 2770, 295]
29, 4, 24.63, [269, 291, 295]
29, 5, 20.98, [3716, 260, 295]
29, 6, 19.14, [269, 220, 2596]
29, 7, 15.38, [1086, 874, 279]
29, 8, 14.16, [269, 2712, 2574]
29, 9, 10.56, [2530, 2593, 2513]
30, 0, 30.35, [269, 874, 295]
30, 1, 30.32, [269, 193, 295]
30, 2, 24.13, [2595, 874, 295]
30, 3, 21.94, [269, 259, 250]
30, 4, 21.55, [3716, 874, 295]
30, 5, 20.94, [3716, 2770, 295]
30, 6, 16.9, [269, 1086, 283]
30, 7, 15.67, [269, 2597, 266]
30, 8, 14.28, [302, 874, 250]
30, 9, 10.91, [104, 2530, 2065]
31, 0, 30.35, [269, 874, 295]
31, 1, 30.32, [269, 193, 295]
31, 2, 29.26, [2595, 269, 295]
31, 3, 25.12, [2597, 193, 295]
31, 4, 24.81, [615, 193, 295]
31, 5, 19.98, [269, 259, 876]
31, 6, 19.04, [269, 874, 2513]
31, 7, 19.0, [269, 874, 2514]
31, 8, 18.8, [269, 874, 250]
31, 9, 17.97, [269, 2512, 260]
32, 0, 30.58, [269, 295, 300]
32, 1, 30.35, [269, 874, 295]
32, 2, 30.32, [269, 193, 295]
32, 3, 21.22, [2767, 874, 295]
32, 4, 20.5, [149, 874, 295]
32, 5, 19.3, [2065, 269, 250]
32, 6, 17.89, [269, 193, 876]
32, 7, 17.35, [269, 193, 876]
32, 8, 15.28, [2597, 874, 2512]
32, 9, 13.57, [269, 3716, 2530]
33, 0, 30.58, [269, 295, 300]
33, 1, 30.56, [269, 295, 302]
33, 2, 30.35, [269, 874, 295]
33, 3, 21.6, [269, 2513, 300]
33, 4, 18.15, [81, 874, 269]
33, 5, 17.62, [269, 316, 300]
33, 6, 17.58, [149, 256, 295]
33, 7, 16.65, [220, 2711, 279]
33, 8, 13.48, [2596, 874, 300]
33, 9, 12.39, [2597, 2762, 250]
34, 0, 32.12, [269, 295, 259]
34, 1, 30.58, [269, 295, 300]
34, 2, 30.56, [269, 295, 302]
34, 3, 26.69, [279, 295, 300]
34, 4, 23.43, [77, 295, 3716]
34, 5, 19.71, [2712, 295, 541]
34, 6, 18.58, [278, 2513, 295]
34, 7, 18.28, [269, 2512, 264]
34, 8, 14.29, [81, 274, 300]
34, 9, 13.56, [285, 874, 300]
35, 0, 32.12, [269, 295, 259]
35, 1, 30.58, [269, 295, 300]
35, 2, 28.53, [279, 295, 259]
35, 3, 23.43, [2762, 295, 259]
35, 4, 22.15, [3716, 295, 302]
35, 5, 19.5, [104, 295, 264]
35, 6, 16.4, [269, 3155, 343]
35, 7, 16.31, [1069, 295, 343]
35, 8, 15.47, [269, 222, 191]
35, 9, 13.07, [220, 343, 259]
36, 0, 32.12, [269, 295, 259]
36, 1, 30.58, [269, 295, 300]
36, 2, 30.0, [269, 295, 302]
36, 3, 29.32, [269, 295, 81]
36, 4, 23.69, [279, 295, 3716]
36, 5, 19.61, [3155, 77, 259]
36, 6, 18.16, [269, 2711, 280]
36, 7, 17.66, [269, 2595, 104]
36, 8, 13.13, [2762, 250, 300]
36, 9, 12.99, [2770, 250, 2711]
37, 0, 32.12, [269, 295, 259]
37, 1, 30.58, [269, 295, 300]
37, 2, 29.53, [269, 295, 193]
37, 3, 20.15, [269, 2530, 193]
37, 4, 20.04, [269, 259, 264]
37, 5, 18.98, [256, 295, 280]
37, 6, 18.49, [264, 295, 2712]
37, 7, 17.68, [269, 541, 259]
37, 8, 14.62, [2513, 1095, 300]
37, 9, 12.92, [226, 278, 300]
38, 0, 32.12, [269, 295, 259]
38, 1, 30.58, [269, 295, 300]
38, 2, 24.72, [269, 77, 259]
38, 3, 23.65, [1811, 295, 280]
38, 4, 19.98, [2514, 295, 81]
38, 5, 18.33, [295, 2712, 76]
38, 6, 17.69, [269, 316, 300]
38, 7, 16.5, [269, 275, 220]
38, 8, 14.05, [220, 876, 300]
38, 9, 13.71, [269, 266, 1087]
39, 0, 32.12, [269, 295, 259]
39, 1, 31.75, [269, 295, 259]
39, 2, 30.58, [269, 295, 300]
39, 3, 26.49, [269, 295, 278]
39, 4, 25.87, [269, 295, 278]
39, 5, 25.84, [269, 295, 264]
39, 6, 21.1, [269, 77, 81]
39, 7, 17.07, [269, 2712, 81]
39, 8, 16.02, [1811, 2530, 300]
39, 9, 15.48, [220, 2530, 300]
40, 0, 32.12, [269, 295, 259]
40, 1, 31.75, [269, 295, 259]
40, 2, 27.47, [269, 295, 280]
40, 3, 21.58, [2513, 295, 193]
40, 4, 20.43, [269, 2530, 259]
40, 5, 20.15, [269, 154, 259]
40, 6, 18.9, [269, 380, 2597]
40, 7, 15.53, [269, 2770, 280]
40, 8, 15.02, [615, 2514, 259]
40, 9, 13.91, [76, 300, 259]
41, 0, 32.12, [269, 295, 259]
41, 1, 31.75, [269, 295, 259]
41, 2, 22.93, [2156, 295, 259]
41, 3, 21.8, [295, 1080, 291]
41, 4, 21.49, [3155, 269, 259]
41, 5, 20.99, [288, 295, 280]
41, 6, 15.18, [2595, 261, 259]
41, 7, 14.65, [541, 77, 259]
41, 8, 11.82, [2711, 81, 280]
41, 9, 10.89, [2156, 104, 259]
42, 0, 32.12, [269, 295, 259]
42, 1, 31.75, [269, 295, 259]
42, 2, 28.86, [279, 295, 259]
42, 3, 26.7, [269, 295, 335]
42, 4, 22.43, [279, 295, 250]
42, 5, 22.25, [277, 3155, 259]
42, 6, 20.76, [3716, 104, 295]
42, 7, 19.77, [269, 2530, 259]
42, 8, 18.68, [191, 2514, 295]
42, 9, 14.28, [104, 615, 259]
43, 0, 32.12, [269, 295, 259]
43, 1, 31.75, [269, 295, 259]
43, 2, 26.57, [269, 295, 558]
43, 3, 25.13, [2593, 295, 259]
43, 4, 20.24, [260, 295, 261]
43, 5, 19.65, [274, 295, 280]
43, 6, 17.86, [269, 3334, 259]
43, 7, 16.61, [274, 1811, 259]
43, 8, 15.32, [77, 2712, 1080]
43, 9, 12.36, [2514, 876, 259]
44, 0, 32.12, [269, 295, 259]
44, 1, 31.75, [269, 295, 259]
44, 2, 25.09, [266, 295, 259]
44, 3, 24.42, [534, 295, 259]
44, 4, 24.36, [2597, 295, 220]
44, 5, 24.2, [279, 295, 2762]
44, 6, 15.98, [269, 222, 280]
44, 7, 13.74, [269, 615, 261]
44, 8, 13.57, [1811, 259, 81]
44, 9, 13.06, [2711, 275, 259]
45, 0, 32.12, [269, 295, 259]
45, 1, 31.75, [269, 295, 259]
45, 2, 27.89, [279, 295, 259]
45, 3, 23.47, [2762, 295, 259]
45, 4, 21.17, [269, 256, 259]
45, 5, 20.18, [277, 269, 622]
45, 6, 16.42, [277, 280, 81]
45, 7, 14.49, [534, 2513, 259]
45, 8, 12.23, [302, 250, 291]
45, 9, 12.02, [261, 2065, 250]
46, 0, 32.12, [269, 295, 259]
46, 1, 31.75, [269, 295, 259]
46, 2, 23.64, [154, 295, 1080]
46, 3, 22.84, [149, 295, 259]
46, 4, 18.6, [537, 269, 259]
46, 5, 18.53, [279, 250, 259]
46, 6, 17.93, [269, 2530, 2595]
46, 7, 16.32, [2593, 2596, 269]
46, 8, 15.96, [269, 191, 280]
46, 9, 15.32, [874, 1080, 259]
47, 0, 32.12, [269, 295, 259]
47, 1, 31.89, [269, 295, 259]
47, 2, 31.75, [269, 295, 259]
47, 3, 25.7, [1080, 295, 259]
47, 4, 22.68, [260, 295, 81]
47, 5, 20.44, [2156, 295, 1080]
47, 6, 18.42, [269, 2530, 1080]
47, 7, 16.68, [269, 2712, 302]
47, 8, 15.39, [154, 2513, 259]
47, 9, 13.57, [2599, 2525, 259]
48, 0, 32.12, [269, 295, 259]
48, 1, 31.89, [269, 295, 259]
48, 2, 24.61, [291, 295, 259]
48, 3, 23.67, [104, 295, 3155]
48, 4, 22.43, [2711, 295, 4602]
48, 5, 20.45, [269, 2596, 259]
48, 6, 17.38, [149, 295, 2514]
48, 7, 15.61, [269, 278, 81]
48, 8, 13.98, [269, 316, 191]
48, 9, 13.05, [76, 220, 259]
49, 0, 32.12, [269, 295, 259]
49, 1, 31.89, [269, 295, 259]
49, 2, 30.03, [269, 295, 2711]
49, 3, 28.98, [269, 295, 1095]
49, 4, 24.0, [2525, 295, 259]
49, 5, 22.61, [81, 295, 2512]
49, 6, 17.72, [269, 2530, 81]
49, 7, 16.67, [269, 2530, 380]
49, 8, 14.98, [291, 2512, 259]
49, 9, 14.86, [269, 2530, 261]
50, 0, 32.12, [269, 295, 259]
50, 1, 31.89, [269, 295, 259]
50, 2, 28.31, [269, 295, 2596]
50, 3, 24.71, [1080, 295, 2711]
50, 4, 23.32, [380, 295, 874]
50, 5, 22.82, [2156, 295, 259]
50, 6, 21.84, [269, 2513, 1811]
50, 7, 21.27, [2525, 295, 81]
50, 8, 21.17, [2156, 295, 2711]
50, 9, 14.74, [279, 193, 2065]
