n_nodes,influence,n0,n1,n2,n3,n4
5,22556.9600,48088,10408,12334,24019,3903
5,22556.9600,48088,10408,12334,24019,3903
5,22556.9600,48088,10408,12334,24019,3903
5,22556.9600,48088,10408,12334,24019,3903
5,22556.9600,48088,10408,12334,24019,3903
5,22556.9600,48088,10408,12334,24019,3903
5,22553.2800,48088,10408,12334,24019,3903
5,22553.2800,48088,10408,12334,24019,3903
5,22553.2800,48088,10408,12334,24019,3903
5,22553.2800,48088,10408,12334,24019,3903
5,22553.2800,48088,10408,12334,24019,3903
5,22553.2800,48088,10408,12334,24019,3903
5,22553.2800,48088,10408,12334,24019,3903
5,22553.2800,48088,10408,12334,24019,3903
5,22553.2800,48088,10408,12334,24019,3903
5,22553.2800,48088,10408,12334,24019,3903
5,22553.2800,48088,10408,12334,24019,3903
5,22553.2800,48088,10408,12334,24019,3903
5,22553.2800,48088,10408,12334,24019,3903
5,22553.2800,48088,10408,12334,24019,3903
5,22553.2800,48088,10408,12334,24019,3903
5,22553.2800,48088,10408,12334,24019,3903
5,22553.2800,48088,10408,12334,24019,3903
5,22553.2800,48088,10408,12334,24019,3903
5,22553.2800,48088,10408,12334,24019,3903
5,22553.2800,48088,10408,12334,24019,3903
5,22553.2800,48088,10408,12334,24019,3903
5,22553.2800,48088,10408,12334,24019,3903
5,22553.2800,48088,10408,12334,24019,3903
5,22553.2800,48088,10408,12334,24019,3903
5,22553.2800,48088,10408,12334,24019,3903
5,22553.2800,48088,10408,12334,24019,3903
5,22553.2800,48088,10408,12334,24019,3903
5,22553.2800,48088,10408,12334,24019,3903
5,22553.2800,48088,10408,12334,24019,3903
5,22553.2800,48088,10408,12334,24019,3903
5,22553.2800,48088,10408,12334,24019,3903
5,22553.2800,48088,10408,12334,24019,3903
5,22553.2800,48088,10408,12334,24019,3903
5,22553.2800,48088,10408,12334,24019,3903
5,22553.2800,48088,10408,12334,24019,3903
5,22553.2800,48088,10408,12334,24019,3903
5,22553.2800,48088,10408,12334,24019,3903
5,22553.2800,48088,10408,12334,24019,3903
5,22553.2800,48088,10408,12334,24019,3903
5,22553.2800,48088,10408,12334,24019,3903
5,22553.2800,48088,10408,12334,24019,3903
5,22553.2800,48088,10408,12334,24019,3903
5,22553.2800,48088,10408,12334,24019,3903
5,22553.2800,48088,10408,12334,24019,3903
5,22553.2800,48088,10408,12334,24019,3903
5,22553.2800,48088,10408,12334,24019,3903
5,22553.2800,48088,10408,12334,24019,3903
5,22553.2800,48088,10408,12334,24019,3903
5,22553.2800,48088,10408,12334,24019,3903
5,22553.2800,48088,10408,12334,24019,3903
5,22553.2800,48088,10408,12334,24019,3903
5,22553.2800,48088,10408,12334,24019,3903
5,22553.2800,48088,10408,12334,24019,3903
5,22553.2800,48088,10408,12334,24019,3903
5,22553.2800,48088,10408,12334,24019,3903
5,22553.2800,48088,10408,12334,24019,3903
5,22553.2800,48088,10408,12334,24019,3903
5,22553.2800,48088,10408,12334,24019,3903
