generation number, individual number, fitness, candidate
0, 0, 2.14, [279, 148118]
0, 1, 2.1, [284, 283]
0, 2, 2.1, [286, 279]
0, 3, 2.1, [150015, 127089]
0, 4, 2.09, [283, 11387]
0, 5, 2.08, [150015, 12067]
0, 6, 2.07, [31634, 80662]
0, 7, 2.04, [56241, 134361]
0, 8, 2.04, [134365, 12067]
0, 9, 2.02, [144434, 127089]
1, 0, 2.18, [286, 148118]
1, 1, 2.14, [284, 150652]
1, 2, 2.14, [279, 148118]
1, 3, 2.13, [284, 150652]
1, 4, 2.12, [88, 283]
1, 5, 2.1, [156909, 283]
1, 6, 2.1, [284, 283]
1, 7, 2.08, [150652, 148118]
1, 8, 2.08, [88, 283]
1, 9, 2.06, [279, 150652]
2, 0, 2.2, [286, 148118]
2, 1, 2.18, [286, 148118]
2, 2, 2.16, [282, 148118]
2, 3, 2.16, [284, 150655]
2, 4, 2.14, [284, 150652]
2, 5, 2.13, [286, 56239]
2, 6, 2.09, [113171, 150652]
2, 7, 2.06, [279, 91276]
2, 8, 2.05, [90, 148118]
2, 9, 2.05, [285, 113172]
3, 0, 2.2, [286, 148118]
3, 1, 2.18, [286, 148118]
3, 2, 2.14, [11925, 87]
3, 3, 2.14, [284, 150654]
3, 4, 2.12, [286, 280]
3, 5, 2.1, [286, 98065]
3, 6, 2.08, [56239, 62858]
3, 7, 2.07, [1063, 150653]
3, 8, 2.06, [1061, 90]
3, 9, 2.04, [66166, 56240]
4, 0, 2.21, [11387, 148118]
4, 1, 2.2, [286, 148118]
4, 2, 2.18, [286, 148118]
4, 3, 2.1, [11925, 150654]
4, 4, 2.09, [156909, 148118]
4, 5, 2.09, [98065, 87]
4, 6, 2.08, [100807, 148118]
4, 7, 2.08, [286, 150655]
4, 8, 2.07, [284, 87]
4, 9, 2.07, [286, 148118]
5, 0, 2.21, [11387, 148118]
5, 1, 2.2, [286, 148118]
5, 2, 2.13, [90, 66167]
5, 3, 2.11, [280, 150655]
5, 4, 2.09, [80450, 283]
5, 5, 2.08, [113171, 148118]
5, 6, 2.07, [1061, 33297]
5, 7, 2.05, [100140, 127089]
5, 8, 2.05, [67332, 150655]
5, 9, 2.05, [10375, 65899]
6, 0, 2.21, [11387, 148118]
6, 1, 2.2, [286, 148118]
6, 2, 2.16, [150015, 46]
6, 3, 2.14, [11387, 282]
6, 4, 2.11, [98065, 148118]
6, 5, 2.1, [11387, 150654]
6, 6, 2.07, [282, 127088]
6, 7, 2.06, [56241, 87893]
6, 8, 2.03, [279, 88]
6, 9, 2.03, [80661, 281]
7, 0, 2.21, [11387, 148118]
7, 1, 2.2, [286, 148118]
7, 2, 2.18, [286, 89]
7, 3, 2.08, [11387, 148118]
7, 4, 2.07, [285, 284]
7, 5, 2.06, [10375, 46]
7, 6, 2.06, [10375, 148118]
7, 7, 2.05, [150015, 6376]
7, 8, 2.05, [286, 90]
7, 9, 2.05, [150654, 148118]
8, 0, 2.21, [11387, 148118]
8, 1, 2.2, [286, 148118]
8, 2, 2.15, [90, 148118]
8, 3, 2.13, [56237, 65900]
8, 4, 2.08, [286, 6376]
8, 5, 2.07, [11388, 80450]
8, 6, 2.07, [11925, 148118]
8, 7, 2.07, [11387, 149059]
8, 8, 2.06, [150653, 12067]
8, 9, 2.06, [11387, 280]
9, 0, 2.21, [11387, 148118]
9, 1, 2.2, [286, 148118]
9, 2, 2.14, [284, 148118]
9, 3, 2.09, [286, 150015]
9, 4, 2.09, [11388, 148118]
9, 5, 2.08, [90, 66059]
9, 6, 2.08, [80656, 148118]
9, 7, 2.06, [66167, 134361]
9, 8, 2.05, [98063, 87893]
9, 9, 2.03, [66167, 134365]
10, 0, 2.21, [11387, 148118]
10, 1, 2.2, [286, 148118]
10, 2, 2.14, [285, 148118]
10, 3, 2.1, [11387, 148118]
10, 4, 2.1, [62858, 285]
10, 5, 2.09, [286, 56239]
10, 6, 2.07, [821, 66170]
10, 7, 2.04, [558, 65897]
10, 8, 2.03, [70638, 113172]
10, 9, 2.03, [6376, 65897]
11, 0, 2.21, [11387, 148118]
11, 1, 2.2, [286, 148118]
11, 2, 2.12, [127089, 118602]
11, 3, 2.11, [11387, 150654]
11, 4, 2.08, [558, 66167]
11, 5, 2.08, [1063, 150655]
11, 6, 2.08, [56240, 150654]
11, 7, 2.07, [148118, 33297]
11, 8, 2.07, [558, 86]
11, 9, 2.07, [98065, 66167]
12, 0, 2.21, [11387, 148118]
12, 1, 2.2, [286, 148118]
12, 2, 2.08, [56240, 118602]
12, 3, 2.07, [70638, 118606]
12, 4, 2.07, [80450, 148118]
12, 5, 2.05, [127089, 150652]
12, 6, 2.04, [11387, 12067]
12, 7, 2.03, [279, 62858]
12, 8, 2.02, [11388, 123524]
12, 9, 2.02, [113172, 46]
13, 0, 2.21, [11387, 148118]
13, 1, 2.2, [286, 148118]
13, 2, 2.1, [11388, 148118]
13, 3, 2.09, [286, 113172]
13, 4, 2.09, [33300, 87]
13, 5, 2.07, [11925, 148118]
13, 6, 2.06, [56240, 150654]
13, 7, 2.06, [14223, 150652]
13, 8, 2.04, [123523, 46]
13, 9, 2.03, [65901, 90]
14, 0, 2.21, [11387, 148118]
14, 1, 2.2, [286, 148118]
14, 2, 2.16, [90, 148118]
14, 3, 2.12, [46, 80450]
14, 4, 2.12, [33298, 150655]
14, 5, 2.11, [90, 56240]
14, 6, 2.09, [100141, 148118]
14, 7, 2.08, [282, 66171]
14, 8, 2.07, [6376, 150655]
14, 9, 2.05, [11388, 80661]
15, 0, 2.21, [11387, 148118]
15, 1, 2.2, [286, 148118]
15, 2, 2.16, [90, 11387]
15, 3, 2.12, [285, 148118]
15, 4, 2.12, [90, 127089]
15, 5, 2.1, [11387, 150653]
15, 6, 2.08, [11387, 33297]
15, 7, 2.07, [33299, 33298]
15, 8, 2.05, [98065, 144436]
15, 9, 2.04, [65901, 67332]
16, 0, 2.21, [11387, 148118]
16, 1, 2.2, [286, 148118]
16, 2, 2.09, [284, 148118]
16, 3, 2.09, [90, 127089]
16, 4, 2.07, [113173, 70638]
16, 5, 2.07, [11925, 148118]
16, 6, 2.06, [11925, 80450]
16, 7, 2.05, [11387, 66167]
16, 8, 2.04, [11925, 1060]
16, 9, 2.04, [90, 127088]
17, 0, 2.21, [11387, 148118]
17, 1, 2.2, [286, 148118]
17, 2, 2.1, [1063, 148118]
17, 3, 2.1, [1062, 90]
17, 4, 2.09, [282, 127089]
17, 5, 2.08, [66171, 98065]
17, 6, 2.07, [286, 127089]
17, 7, 2.07, [283, 148118]
17, 8, 2.05, [90, 127089]
17, 9, 2.03, [286, 150655]
18, 0, 2.21, [11387, 148118]
18, 1, 2.2, [286, 148118]
18, 2, 2.12, [11388, 148118]
18, 3, 2.11, [1062, 150652]
18, 4, 2.07, [150654, 148118]
18, 5, 2.06, [33297, 156909]
18, 6, 2.06, [1063, 148118]
18, 7, 2.04, [91277, 149059]
18, 8, 2.04, [11935, 286]
18, 9, 2.03, [11387, 144434]
19, 0, 2.21, [11387, 148118]
19, 1, 2.2, [286, 148118]
19, 2, 2.15, [286, 150654]
19, 3, 2.12, [86, 11388]
19, 4, 2.1, [46, 71858]
19, 5, 2.08, [150015, 150655]
19, 6, 2.07, [86, 33298]
19, 7, 2.07, [33300, 148118]
19, 8, 2.07, [118602, 144436]
19, 9, 2.05, [1062, 134361]
20, 0, 2.21, [11387, 148118]
20, 1, 2.2, [286, 148118]
20, 2, 2.13, [286, 150652]
20, 3, 2.12, [90, 134361]
20, 4, 2.09, [285, 148118]
20, 5, 2.07, [90, 821]
20, 6, 2.06, [286, 150654]
20, 7, 2.05, [118602, 283]
20, 8, 2.05, [80662, 98063]
20, 9, 2.04, [10375, 150654]
21, 0, 2.21, [11387, 148118]
21, 1, 2.2, [286, 148118]
21, 2, 2.14, [90, 156909]
21, 3, 2.12, [150654, 148118]
21, 4, 2.1, [280, 150652]
21, 5, 2.09, [100141, 148118]
21, 6, 2.08, [282, 148118]
21, 7, 2.07, [282, 148118]
21, 8, 2.05, [286, 134362]
21, 9, 2.03, [86, 823]
22, 0, 2.21, [11387, 148118]
22, 1, 2.2, [286, 148118]
22, 2, 2.16, [285, 148118]
22, 3, 2.09, [134361, 56241]
22, 4, 2.09, [150655, 156909]
22, 5, 2.08, [113173, 148118]
22, 6, 2.08, [31634, 118602]
22, 7, 2.04, [118606, 134361]
22, 8, 2.04, [118602, 100141]
22, 9, 2.02, [11925, 80656]
23, 0, 2.21, [11387, 148118]
23, 1, 2.2, [286, 148118]
23, 2, 2.11, [11925, 148118]
23, 3, 2.1, [66170, 148118]
23, 4, 2.09, [11387, 150654]
23, 5, 2.08, [283, 148118]
23, 6, 2.06, [821, 278]
23, 7, 2.06, [134362, 33296]
23, 8, 2.06, [1060, 821]
23, 9, 2.05, [66167, 127088]
24, 0, 2.21, [11387, 148118]
24, 1, 2.2, [286, 148118]
24, 2, 2.1, [11925, 66167]
24, 3, 2.09, [11387, 156909]
24, 4, 2.08, [66059, 80450]
24, 5, 2.08, [80450, 127089]
24, 6, 2.07, [286, 89]
24, 7, 2.07, [150654, 73700]
24, 8, 2.06, [11387, 1063]
24, 9, 2.06, [11925, 1062]
25, 0, 2.21, [11387, 148118]
25, 1, 2.2, [286, 148118]
25, 2, 2.12, [62858, 286]
25, 3, 2.1, [11387, 65899]
25, 4, 2.1, [56237, 821]
25, 5, 2.1, [73703, 150655]
25, 6, 2.06, [11387, 118602]
25, 7, 2.06, [1063, 148118]
25, 8, 2.06, [1063, 11388]
25, 9, 2.04, [11387, 66059]
26, 0, 2.21, [11387, 148118]
26, 1, 2.2, [286, 148118]
26, 2, 2.17, [150653, 150652]
26, 3, 2.15, [56239, 148118]
26, 4, 2.09, [66059, 148118]
26, 5, 2.08, [11387, 284]
26, 6, 2.07, [286, 150655]
26, 7, 2.05, [100807, 80450]
26, 8, 2.05, [284, 12067]
26, 9, 2.05, [66059, 150655]
27, 0, 2.21, [11387, 148118]
27, 1, 2.2, [286, 148118]
27, 2, 2.09, [70638, 148118]
27, 3, 2.09, [80656, 148118]
27, 4, 2.08, [33299, 148118]
27, 5, 2.08, [278, 86]
27, 6, 2.07, [150652, 148118]
27, 7, 2.05, [70639, 150653]
27, 8, 2.04, [90, 11935]
27, 9, 2.02, [1063, 80662]
28, 0, 2.21, [11387, 148118]
28, 1, 2.2, [286, 148118]
28, 2, 2.13, [11387, 150654]
28, 3, 2.08, [77358, 156909]
28, 4, 2.07, [80661, 148118]
28, 5, 2.06, [86, 11387]
28, 6, 2.06, [90, 86]
28, 7, 2.05, [65901, 156909]
28, 8, 2.05, [278, 127089]
28, 9, 2.04, [33299, 156909]
29, 0, 2.21, [11387, 148118]
29, 1, 2.2, [286, 148118]
29, 2, 2.15, [46, 1060]
29, 3, 2.09, [11387, 156909]
29, 4, 2.09, [286, 150652]
29, 5, 2.08, [118602, 33299]
29, 6, 2.08, [286, 156909]
29, 7, 2.07, [281, 66167]
29, 8, 2.06, [46, 148118]
29, 9, 2.06, [66169, 65900]
30, 0, 2.21, [11387, 148118]
30, 1, 2.2, [286, 148118]
30, 2, 2.14, [11387, 150654]
30, 3, 2.1, [98063, 148118]
30, 4, 2.1, [33297, 150015]
30, 5, 2.09, [284, 278]
30, 6, 2.09, [113172, 148118]
30, 7, 2.08, [88, 73703]
30, 8, 2.08, [6376, 148118]
30, 9, 2.06, [11387, 100140]
31, 0, 2.21, [11387, 148118]
31, 1, 2.2, [286, 148118]
31, 2, 2.12, [11387, 70638]
31, 3, 2.1, [286, 150654]
31, 4, 2.09, [6376, 148118]
31, 5, 2.09, [90, 134361]
31, 6, 2.08, [286, 156909]
31, 7, 2.08, [33297, 156909]
31, 8, 2.06, [11925, 148118]
31, 9, 2.06, [284, 150015]
32, 0, 2.21, [11387, 148118]
32, 1, 2.2, [286, 148118]
32, 2, 2.16, [56237, 150015]
32, 3, 2.11, [282, 148118]
32, 4, 2.09, [56240, 11388]
32, 5, 2.08, [11387, 150655]
32, 6, 2.06, [150652, 150653]
32, 7, 2.05, [11387, 150655]
32, 8, 2.05, [286, 91277]
32, 9, 2.05, [118602, 148118]
33, 0, 2.21, [11387, 148118]
33, 1, 2.2, [286, 148118]
33, 2, 2.1, [6376, 150015]
33, 3, 2.09, [11387, 148118]
33, 4, 2.09, [11387, 150653]
33, 5, 2.09, [66166, 148118]
33, 6, 2.07, [56237, 127089]
33, 7, 2.06, [11925, 33299]
33, 8, 2.06, [56237, 150654]
33, 9, 2.05, [558, 150654]
34, 0, 2.21, [11387, 148118]
34, 1, 2.2, [286, 148118]
34, 2, 2.16, [62858, 148118]
34, 3, 2.14, [88, 65897]
34, 4, 2.08, [90, 148118]
34, 5, 2.08, [11388, 148118]
34, 6, 2.07, [134362, 282]
34, 7, 2.06, [90, 71858]
34, 8, 2.04, [66166, 150654]
34, 9, 2.04, [100807, 67332]
35, 0, 2.21, [11387, 148118]
35, 1, 2.2, [286, 148118]
35, 2, 2.12, [1062, 87]
35, 3, 2.11, [282, 148118]
35, 4, 2.1, [88, 150655]
35, 5, 2.1, [66169, 65899]
35, 6, 2.09, [1063, 150654]
35, 7, 2.09, [66169, 148118]
35, 8, 2.05, [98063, 221360]
35, 9, 2.04, [280, 113172]
36, 0, 2.21, [11387, 148118]
36, 1, 2.2, [286, 148118]
36, 2, 2.16, [66169, 46]
36, 3, 2.11, [56237, 144436]
36, 4, 2.09, [11387, 90]
36, 5, 2.09, [286, 148118]
36, 6, 2.09, [285, 65899]
36, 7, 2.08, [11387, 127089]
36, 8, 2.05, [67331, 150652]
36, 9, 2.02, [11935, 11925]
37, 0, 2.21, [11387, 148118]
37, 1, 2.2, [286, 148118]
37, 2, 2.13, [56239, 148118]
37, 3, 2.11, [278, 88]
37, 4, 2.09, [66169, 156909]
37, 5, 2.08, [65899, 77358]
37, 6, 2.08, [10375, 148118]
37, 7, 2.08, [286, 31634]
37, 8, 2.06, [286, 98063]
37, 9, 2.05, [286, 150654]
38, 0, 2.21, [11387, 148118]
38, 1, 2.2, [286, 148118]
38, 2, 2.14, [87, 148118]
38, 3, 2.12, [70638, 150652]
38, 4, 2.09, [285, 65897]
38, 5, 2.09, [56237, 90]
38, 6, 2.07, [66170, 118602]
38, 7, 2.07, [11387, 56240]
38, 8, 2.07, [6376, 65897]
38, 9, 2.05, [87, 33298]
39, 0, 2.21, [11387, 148118]
39, 1, 2.2, [286, 148118]
39, 2, 2.13, [284, 148118]
39, 3, 2.1, [282, 148118]
39, 4, 2.09, [70639, 148118]
39, 5, 2.07, [286, 282]
39, 6, 2.07, [56237, 156909]
39, 7, 2.07, [144436, 56237]
39, 8, 2.04, [98065, 70638]
39, 9, 2.02, [134365, 33298]
40, 0, 2.21, [11387, 148118]
40, 1, 2.2, [286, 148118]
40, 2, 2.18, [284, 56241]
40, 3, 2.12, [150654, 278]
40, 4, 2.11, [150015, 148118]
40, 5, 2.11, [56240, 98065]
40, 6, 2.08, [286, 70638]
40, 7, 2.07, [11387, 156909]
40, 8, 2.06, [284, 127089]
40, 9, 2.03, [144434, 56241]
41, 0, 2.21, [11387, 148118]
41, 1, 2.2, [284, 150654]
41, 2, 2.2, [286, 148118]
41, 3, 2.16, [286, 56240]
41, 4, 2.09, [286, 56239]
41, 5, 2.07, [56237, 67331]
41, 6, 2.07, [150655, 148118]
41, 7, 2.07, [1061, 148118]
41, 8, 2.07, [11387, 56239]
41, 9, 2.07, [11387, 56239]
42, 0, 2.21, [11387, 148118]
42, 1, 2.2, [284, 150654]
42, 2, 2.14, [286, 127089]
42, 3, 2.13, [284, 150655]
42, 4, 2.11, [56240, 285]
42, 5, 2.1, [10375, 66169]
42, 6, 2.06, [286, 80450]
42, 7, 2.05, [284, 33298]
42, 8, 2.04, [11387, 77358]
42, 9, 2.04, [95674, 118602]
43, 0, 2.21, [11387, 148118]
43, 1, 2.2, [284, 150654]
43, 2, 2.13, [56239, 148118]
43, 3, 2.11, [286, 127089]
43, 4, 2.11, [11925, 150654]
43, 5, 2.1, [11388, 127089]
43, 6, 2.1, [1063, 90]
43, 7, 2.09, [282, 89]
43, 8, 2.07, [286, 127089]
43, 9, 2.06, [286, 150655]
44, 0, 2.21, [11387, 148118]
44, 1, 2.2, [284, 150654]
44, 2, 2.14, [11388, 150654]
44, 3, 2.08, [284, 150654]
44, 4, 2.06, [134362, 280]
44, 5, 2.05, [11387, 281]
44, 6, 2.05, [281, 286]
44, 7, 2.04, [70640, 150652]
44, 8, 2.04, [118602, 279]
44, 9, 2.02, [33299, 65901]
45, 0, 2.21, [11387, 148118]
45, 1, 2.2, [284, 150654]
45, 2, 2.11, [11925, 150654]
45, 3, 2.1, [286, 148118]
45, 4, 2.1, [6376, 150654]
45, 5, 2.08, [6376, 150654]
45, 6, 2.07, [11387, 156909]
45, 7, 2.06, [284, 150654]
45, 8, 2.06, [73700, 150654]
45, 9, 2.06, [12067, 148118]
46, 0, 2.21, [11387, 148118]
46, 1, 2.2, [284, 150654]
46, 2, 2.1, [283, 148118]
46, 3, 2.08, [11387, 150655]
46, 4, 2.08, [11388, 148118]
46, 5, 2.07, [11925, 156909]
46, 6, 2.07, [11387, 150655]
46, 7, 2.06, [11388, 150654]
46, 8, 2.06, [150653, 148118]
46, 9, 2.05, [14223, 150654]
47, 0, 2.21, [11387, 148118]
47, 1, 2.2, [284, 150654]
47, 2, 2.12, [88, 148118]
47, 3, 2.1, [283, 56241]
47, 4, 2.09, [282, 148118]
47, 5, 2.08, [11387, 150652]
47, 6, 2.08, [11387, 65899]
47, 7, 2.08, [283, 148118]
47, 8, 2.07, [11387, 100141]
47, 9, 2.06, [134362, 127089]
48, 0, 2.21, [11387, 148118]
48, 1, 2.2, [284, 150654]
48, 2, 2.12, [11387, 150652]
48, 3, 2.12, [1061, 148118]
48, 4, 2.11, [1062, 89]
48, 5, 2.1, [86, 148118]
48, 6, 2.09, [283, 148118]
48, 7, 2.06, [11387, 65900]
48, 8, 2.06, [10375, 148118]
48, 9, 2.04, [134361, 150015]
49, 0, 2.21, [11387, 148118]
49, 1, 2.2, [284, 150654]
49, 2, 2.18, [1061, 148118]
49, 3, 2.13, [56240, 150654]
49, 4, 2.09, [33297, 56241]
49, 5, 2.08, [1061, 148118]
49, 6, 2.07, [90, 33297]
49, 7, 2.07, [6376, 150654]
49, 8, 2.06, [11925, 80449]
49, 9, 2.06, [66059, 11388]
50, 0, 2.21, [11387, 148118]
50, 1, 2.2, [284, 150654]
50, 2, 2.17, [283, 150654]
50, 3, 2.16, [282, 56241]
50, 4, 2.13, [284, 150655]
50, 5, 2.13, [284, 150655]
50, 6, 2.11, [10375, 150654]
50, 7, 2.1, [286, 150654]
50, 8, 2.07, [284, 156909]
50, 9, 2.06, [56240, 66170]
