num_genrations,diversity,improvement,best_fitness
0,1.0,0,33.08
1,0.9094758064516129,0.0,33.08
2,0.7973790322580645,0.08555018137847638,35.91
3,0.7506048387096774,-0.03842940685045936,34.53
4,0.5078629032258064,0.0008688097306690164,34.56
5,0.35181451612903225,0.030092592592592567,35.6
6,0.2925403225806451,0.0,35.6
7,0.2588709677419354,0.008426966292134751,35.9
8,0.25020161290322585,0.037047353760445635,37.23
9,0.22318548387096782,0.0005372011818426841,37.25
10,0.3046370967741936,0.029530201342281917,38.35
