generation number, individual number, fitness, candidate
0, 0, 11.63, [283, 33298, 80662]
0, 1, 11.15, [66169, 127089, 33300]
0, 2, 10.83, [65901, 144434, 150015]
0, 3, 10.0, [88, 1063, 66170]
0, 4, 9.9, [87, 278, 282]
0, 5, 9.64, [1061, 134361, 56241]
0, 6, 9.04, [90, 66170, 87]
0, 7, 8.8, [86, 65897, 95674]
0, 8, 8.28, [98065, 279, 134365]
0, 9, 8.14, [6376, 66171, 56239]
1, 0, 14.24, [66169, 33298, 100141]
1, 1, 13.72, [88, 127089, 33300]
1, 2, 13.39, [88, 11387, 80662]
1, 3, 13.29, [66169, 127089, 100141]
1, 4, 12.63, [283, 11387, 33300]
1, 5, 12.35, [283, 156909, 100141]
1, 6, 11.64, [70638, 144434, 33300]
1, 7, 11.63, [283, 33298, 80662]
1, 8, 11.15, [66169, 127089, 33300]
1, 9, 9.97, [66169, 148118, 150015]
2, 0, 16.42, [88, 11387, 100141]
2, 1, 15.89, [86, 11387, 100141]
2, 2, 15.8, [66169, 65899, 100141]
2, 3, 14.24, [66169, 33298, 100141]
2, 4, 13.72, [80656, 56240, 91277]
2, 5, 13.72, [150015, 33298, 88]
2, 6, 13.72, [88, 127089, 33300]
2, 7, 13.59, [66169, 65899, 80662]
2, 8, 12.42, [88, 33298, 113171]
2, 9, 12.02, [87, 6376, 100141]
3, 0, 16.42, [88, 11387, 100141]
3, 1, 15.89, [86, 11387, 100141]
3, 2, 15.6, [88, 65899, 113173]
3, 3, 14.59, [282, 11387, 70638]
3, 4, 13.02, [88, 134361, 100141]
3, 5, 12.68, [88, 70638, 66166]
3, 6, 12.62, [150015, 283, 100141]
3, 7, 11.67, [86, 11388, 11935]
3, 8, 11.46, [66169, 10375, 100141]
3, 9, 10.69, [86, 11387, 14223]
4, 0, 16.42, [88, 11387, 100141]
4, 1, 16.25, [88, 65899, 113173]
4, 2, 15.89, [86, 11387, 100141]
4, 3, 13.14, [89, 71858, 100141]
4, 4, 12.6, [86, 70640, 100141]
4, 5, 12.25, [558, 65899, 113173]
4, 6, 12.1, [88, 10375, 100141]
4, 7, 11.68, [127088, 73703, 100141]
4, 8, 11.64, [88, 285, 113171]
4, 9, 11.16, [86, 11925, 113173]
5, 0, 16.76, [46, 65899, 100141]
5, 1, 16.42, [88, 11387, 100141]
5, 2, 16.25, [88, 65899, 113173]
5, 3, 14.59, [91276, 11387, 33297]
5, 4, 13.68, [88, 11387, 100807]
5, 5, 13.28, [100140, 11387, 87]
5, 6, 12.45, [282, 11387, 71858]
5, 7, 12.36, [279, 11925, 100141]
5, 8, 10.94, [88, 12067, 113173]
5, 9, 10.91, [1062, 11387, 113173]
6, 0, 17.87, [88, 33297, 100141]
6, 1, 16.76, [46, 65899, 100141]
6, 2, 16.42, [88, 11387, 100141]
6, 3, 15.95, [88, 11387, 100141]
6, 4, 15.55, [88, 65899, 113171]
6, 5, 14.6, [88, 62858, 100141]
6, 6, 13.9, [88, 11387, 113171]
6, 7, 12.52, [134362, 11388, 150652]
6, 8, 11.97, [46, 6376, 100141]
6, 9, 11.46, [46, 70640, 113173]
7, 0, 17.87, [88, 33297, 100141]
7, 1, 16.81, [33296, 65899, 100141]
7, 2, 16.76, [46, 65899, 100141]
7, 3, 16.61, [279, 65899, 100141]
7, 4, 16.51, [88, 65899, 100140]
7, 5, 15.15, [90, 33297, 100141]
7, 6, 14.63, [98062, 65899, 66171]
7, 7, 13.87, [46, 11387, 80661]
7, 8, 13.46, [80450, 11387, 66167]
7, 9, 12.28, [118606, 33297, 100141]
8, 0, 17.87, [88, 33297, 100141]
8, 1, 16.81, [33296, 65899, 100141]
8, 2, 16.69, [86, 65899, 100141]
8, 3, 16.36, [279, 65899, 100141]
8, 4, 15.94, [278, 65899, 100141]
8, 5, 15.61, [65897, 33297, 100141]
8, 6, 15.54, [278, 65899, 56240]
8, 7, 15.21, [33296, 33298, 100141]
8, 8, 14.32, [33296, 65899, 113173]
8, 9, 13.33, [279, 11387, 56239]
9, 0, 17.87, [88, 33297, 100141]
9, 1, 16.81, [33296, 65899, 100141]
9, 2, 16.37, [90, 65899, 100141]
9, 3, 15.99, [65897, 33297, 100141]
9, 4, 15.57, [65897, 33297, 100141]
9, 5, 15.45, [88, 56240, 100141]
9, 6, 14.32, [33296, 65899, 156909]
9, 7, 14.09, [33296, 150655, 100141]
9, 8, 13.49, [56241, 65899, 6376]
9, 9, 12.97, [65901, 284, 100141]
10, 0, 17.87, [88, 33297, 100141]
10, 1, 17.18, [46, 65899, 100141]
10, 2, 16.81, [33296, 65899, 100141]
10, 3, 16.44, [285, 33297, 100141]
10, 4, 15.03, [80656, 127089, 100141]
10, 5, 14.13, [88, 11388, 65900]
10, 6, 13.39, [56241, 33297, 66167]
10, 7, 13.08, [33296, 33299, 100141]
10, 8, 12.55, [33296, 33300, 100141]
10, 9, 9.24, [86, 113171, 100141]
