num_genrations,diversity,improvement,best_fitness
0,1.0,0,104.30947834508726
1,0.6144736842105263,0.038253259333725434,108.2996558711875
2,0.4122807017543859,0.013885280055644642,109.80342692288887
3,0.25701754385964914,0.0003717743467961013,109.8442490202091
4,0.15833333333333344,0.013690029884265625,111.34802007191048
5,0.10921052631578942,0.024504149167531172,114.07650856526183
6,0.09166666666666679,0.0,114.07650856526183
7,0.10789473684210527,0.0006104171897668983,114.14614282703866
8,0.012280701754385781,0.0,114.14614282703866
9,0.032017543859649056,0.008118701750873326,115.07286131666397
10,0.07982456140350858,0.0006051319223322617,115.1424955784408
