num_genrations,diversity,improvement,best_fitness
0,0.9933333333333333,0,992.38
1,0.7183333333333333,0.0002216892722546074,992.6
2,0.5533333333333333,0.00015111827523672905,992.75
3,0.5783333333333334,6.0438176781612115e-05,992.81
4,0.2933333333333332,0.0005136934559483734,993.32
5,0.09166666666666645,0.0,993.32
6,0.1299999999999999,0.00031208472596942115,993.63
7,0.16833333333333322,5.032054185154889e-05,993.68
8,0.1499999999999999,0.0,993.68
9,0.11833333333333318,0.00039248047661228974,994.07
10,0.046666666666666634,0.00019113342118758325,994.26
11,0.0,-0.00019109689618403725,994.07
12,0.0,0.0,994.07
13,0.0,0.0,994.07
14,0.0,0.0,994.07
15,0.0,0.0,994.07
