n_nodes,influence,n0,n1,n2,n3,n4,n5,n6,n7,n8,n9,n10,n11,n12,n13,n14
15,2232.4300,290,2276,165,11302,41349,23560,66570,68716,7505,73875,4149,48217,16730,8548,8732
15,2232.4300,290,2276,165,11302,41349,23560,66570,68716,7505,73875,4149,48217,16730,8548,8732
15,2192.4700,290,2276,165,11302,41349,23560,8548,66570,68716,7505,73875,23718,48217,16730,8732
15,2178.7000,290,2276,165,11302,41349,23560,66570,68716,7505,73875,4149,48217,16730,8548,8732
15,2052.9400,290,2276,16730,165,11302,23560,66570,68716,28753,7505,73875,4149,48217,61659,8732
15,2052.9400,290,2276,16730,165,11302,23560,66570,68716,28753,7505,73875,4149,48217,61659,8732
15,2052.9400,290,2276,16730,165,11302,23560,66570,68716,28753,7505,73875,4149,48217,61659,8732
15,2052.4800,290,2276,165,45221,23560,66570,68716,62517,7505,73875,4149,48217,16730,61659,8732
15,2044.2500,290,2276,165,11302,23560,66570,68716,41349,7505,73875,4149,48217,16730,61659,8732
15,2044.2500,290,2276,165,11302,23560,66570,68716,41349,7505,73875,4149,48217,16730,61659,8732
15,2044.2500,290,2276,165,11302,23560,66570,68716,41349,7505,73875,4149,48217,16730,61659,8732
15,2044.2500,290,2276,165,11302,23560,66570,68716,41349,7505,73875,4149,48217,16730,61659,8732
15,2044.2500,290,2276,165,11302,23560,66570,68716,41349,7505,73875,4149,48217,16730,61659,8732
15,2034.7700,290,2276,165,11302,23560,66570,68716,41349,7505,73875,4149,48217,16730,61659,8732
15,2034.7700,290,2276,165,11302,23560,66570,68716,41349,7505,73875,4149,48217,16730,61659,8732
15,2022.9000,290,2276,16730,165,11302,23560,66570,68716,28753,7505,73875,4149,48217,61659,8732
