n_nodes,influence,n0,n1,n2,n3,n4
5,184.1700,5184,3394,6619,7834,187
5,166.5800,187,3394,5184,1144,7834
5,166.5800,187,3394,5184,1144,7834
5,166.5800,187,3394,5184,1144,7834
5,166.5800,187,3394,5184,1144,7834
5,166.1700,187,3394,5184,1144,7834
5,163.3200,187,3394,5184,1144,7834
5,163.1200,187,3394,5184,1144,7834
5,163.1200,187,3394,5184,1144,7834
5,163.1200,187,3394,5184,1144,7834
5,163.1200,187,3394,5184,1144,7834
5,163.1200,187,3394,5184,1144,7834
5,163.1200,187,3394,5184,1144,7834
5,163.1200,187,3394,5184,1144,7834
5,163.1200,187,3394,5184,1144,7834
5,163.1200,187,3394,5184,1144,7834
