generation number, individual number, fitness, candidate
0, 0, 11.0, [1351, 2332]
0, 1, 8.55, [1620, 1223]
0, 2, 8.0, [2171, 1475]
0, 3, 6.0, [1068, 1906]
0, 4, 3.0, [1168, 1935]
0, 5, 3.0, [1652, 1906]
0, 6, 3.0, [1518, 1247]
0, 7, 2.0, [2989, 3662]
0, 8, 2.0, [2094, 1201]
0, 9, 2.0, [1715, 1028]
1, 0, 11.51, [576, 1223]
1, 1, 11.0, [1351, 2332]
1, 2, 8.55, [1620, 1223]
1, 3, 8.0, [1620, 1025]
1, 4, 7.54, [1475, 1223]
1, 5, 7.0, [1247, 1332]
1, 6, 7.0, [1168, 140]
1, 7, 6.44, [1107, 1223]
1, 8, 5.0, [751, 1028]
1, 9, 4.0, [1620, 645]
2, 0, 11.51, [576, 1223]
2, 1, 11.0, [140, 2332]
2, 2, 11.0, [1351, 2332]
2, 3, 10.48, [1068, 1223]
2, 4, 10.45, [1332, 1223]
2, 5, 8.0, [1351, 717]
2, 6, 7.0, [1351, 1149]
2, 7, 6.0, [1279, 2332]
2, 8, 5.58, [1279, 1223]
2, 9, 5.0, [1620, 1935]
3, 0, 14.44, [1091, 1223]
3, 1, 11.51, [576, 1223]
3, 2, 11.0, [140, 2332]
3, 3, 9.0, [1351, 749]
3, 4, 9.0, [576, 1620]
3, 5, 8.46, [320, 1223]
3, 6, 5.0, [421, 1212]
3, 7, 3.0, [1619, 1935]
3, 8, 3.0, [314, 1247]
3, 9, 3.0, [1107, 1078]
4, 0, 14.44, [1091, 1223]
4, 1, 12.0, [1091, 1347]
4, 2, 11.51, [576, 1223]
4, 3, 9.0, [1141, 1430]
4, 4, 7.0, [140, 1131]
4, 5, 7.0, [140, 2094]
4, 6, 6.84, [1230, 1417]
4, 7, 6.0, [1695, 2332]
4, 8, 4.0, [320, 5684]
4, 9, 4.0, [975, 1935]
5, 0, 14.44, [1091, 1223]
5, 1, 12.0, [421, 1401]
5, 2, 12.0, [1091, 1378]
5, 3, 12.0, [1091, 1347]
5, 4, 8.4, [1141, 1990]
5, 5, 7.0, [576, 140]
5, 6, 7.0, [1226, 695]
5, 7, 6.0, [1935, 905]
5, 8, 5.0, [1141, 1064]
5, 9, 4.0, [2094, 2377]
6, 0, 15.0, [1091, 1068]
6, 1, 14.44, [1091, 1223]
6, 2, 14.14, [1350, 2320]
6, 3, 14.0, [1091, 571]
6, 4, 13.0, [1091, 1247]
6, 5, 12.0, [1091, 1347]
6, 6, 12.0, [421, 1401]
6, 7, 7.0, [576, 1201]
6, 8, 6.53, [788, 1827]
6, 9, 5.0, [1157, 1332]
7, 0, 17.0, [1091, 1351]
7, 1, 16.0, [1091, 1332]
7, 2, 15.0, [1091, 1068]
7, 3, 14.44, [1091, 1223]
7, 4, 12.0, [1091, 1518]
7, 5, 11.0, [1401, 571]
7, 6, 10.0, [751, 2320]
7, 7, 9.47, [1350, 697]
7, 8, 9.18, [1350, 1580]
7, 9, 9.0, [1480, 320]
8, 0, 17.0, [1091, 2320]
8, 1, 17.0, [1091, 1351]
8, 2, 16.0, [1091, 1332]
8, 3, 9.0, [521, 1068]
8, 4, 9.0, [1619, 1425]
8, 5, 8.98, [1350, 970]
8, 6, 7.0, [1311, 1351]
8, 7, 6.0, [1020, 1068]
8, 8, 6.0, [1125, 5684]
8, 9, 5.0, [326, 970]
9, 0, 17.0, [1091, 2320]
9, 1, 17.0, [1091, 1351]
9, 2, 15.0, [521, 1091]
9, 3, 13.0, [1091, 1652]
9, 4, 8.53, [1223, 749]
9, 5, 7.0, [4227, 695]
9, 6, 7.0, [576, 1279]
9, 7, 5.0, [1141, 5684]
9, 8, 2.0, [1225, 2110]
9, 9, 2.0, [2989, 1064]
10, 0, 17.0, [1091, 2320]
10, 1, 17.0, [1091, 1351]
10, 2, 13.5, [1425, 1223]
10, 3, 13.07, [1224, 1402]
10, 4, 13.0, [1091, 975]
10, 5, 9.0, [1332, 521]
10, 6, 8.0, [1157, 2171]
10, 7, 7.0, [314, 1351]
10, 8, 7.0, [645, 1351]
10, 9, 5.0, [1059, 1417]
