n_nodes,influence,n0,n1,n2,n3,n4,n5,n6,n7,n8,n9,n10,n11,n12,n13,n14,n15,n16,n17,n18,n19
20,295.2900,46592,9985,386,770,47110,3850,65292,31894,23959,5277,34473,47029,37188,9161,33536,33899,2796,27892,373,39291
20,295.2900,46592,9985,386,770,47110,3850,65292,31894,23959,5277,34473,47029,37188,9161,33536,33899,2796,27892,373,39291
20,295.2900,46592,9985,386,770,47110,3850,65292,31894,23959,5277,34473,47029,37188,9161,33536,33899,2796,27892,373,39291
20,295.2900,46592,9985,386,770,47110,3850,65292,31894,23959,5277,34473,47029,37188,9161,33536,33899,2796,27892,373,39291
20,295.2900,46592,9985,386,770,47110,3850,65292,31894,23959,5277,34473,47029,37188,9161,33536,33899,2796,27892,373,39291
20,295.2900,46592,9985,386,770,47110,3850,65292,31894,23959,5277,34473,47029,37188,9161,33536,33899,2796,27892,373,39291
20,295.1900,46592,9985,386,770,47110,3850,65292,31894,23959,5277,34473,47029,37188,9161,31312,27892,33899,2796,373,39291
20,295.1900,46592,9985,386,770,47110,3850,65292,31894,23959,5277,34473,47029,37188,9161,31312,27892,33899,2796,373,39291
20,294.6500,46592,9985,386,47110,11273,3850,65292,31894,23959,5277,34473,47029,770,37188,31312,29776,33899,2796,373,39291
20,294.6500,46592,9985,386,47110,11273,3850,65292,31894,23959,5277,34473,47029,770,37188,31312,29776,33899,2796,373,39291
20,294.6500,46592,9985,386,47110,11273,3850,65292,31894,23959,5277,34473,47029,770,37188,31312,29776,33899,2796,373,39291
20,294.6500,46592,9985,386,47110,11273,3850,65292,31894,23959,5277,34473,47029,770,37188,31312,29776,33899,2796,373,39291
20,293.9800,46592,9985,5276,770,47110,11273,3850,65292,31894,23959,5277,34473,47029,37188,31312,29776,33899,2796,373,39291
20,293.9800,46592,9985,5276,770,47110,11273,3850,65292,31894,23959,5277,34473,47029,37188,31312,29776,33899,2796,373,39291
20,292.4200,46592,9985,386,47110,11273,3850,65292,31894,23959,5277,34473,47029,770,37188,31312,29776,33899,2796,373,39291
20,292.4200,46592,9985,386,47110,11273,3850,65292,31894,23959,5277,34473,47029,770,37188,31312,29776,33899,2796,373,39291
20,292.4200,46592,9985,386,47110,11273,3850,65292,31894,23959,5277,34473,47029,770,37188,31312,29776,33899,2796,373,39291
20,292.4200,46592,9985,386,47110,11273,3850,65292,31894,23959,5277,34473,47029,770,37188,31312,29776,33899,2796,373,39291
20,292.4200,46592,9985,386,47110,11273,3850,65292,31894,23959,5277,34473,47029,770,37188,31312,29776,33899,2796,373,39291
20,292.4200,46592,9985,386,47110,11273,3850,65292,31894,23959,5277,34473,47029,770,37188,31312,29776,33899,2796,373,39291
20,292.4200,46592,9985,386,47110,11273,3850,65292,31894,23959,5277,34473,47029,770,37188,31312,29776,33899,2796,373,39291
20,292.4200,46592,9985,386,47110,11273,3850,65292,31894,23959,5277,34473,47029,770,37188,31312,29776,33899,2796,373,39291
20,292.4200,46592,9985,386,47110,11273,3850,65292,31894,23959,5277,34473,47029,770,37188,31312,29776,33899,2796,373,39291
20,292.4200,46592,9985,386,47110,11273,3850,65292,31894,23959,5277,34473,47029,770,37188,31312,29776,33899,2796,373,39291
20,292.4200,46592,9985,386,47110,11273,3850,65292,31894,23959,5277,34473,47029,770,37188,31312,29776,33899,2796,373,39291
20,292.1400,46592,9985,386,47110,11273,3850,65292,31894,23959,5277,34473,47029,770,37188,31312,29776,33899,2796,373,39291
20,292.1400,46592,9985,386,47110,11273,3850,65292,31894,23959,5277,34473,47029,770,37188,31312,29776,33899,2796,373,39291
20,292.1400,46592,9985,386,47110,11273,3850,65292,31894,23959,5277,34473,47029,770,37188,31312,29776,33899,2796,373,39291
20,292.1400,46592,9985,386,47110,11273,3850,65292,31894,23959,5277,34473,47029,770,37188,31312,29776,33899,2796,373,39291
20,292.1400,46592,9985,386,47110,11273,3850,65292,31894,23959,5277,34473,47029,770,37188,31312,29776,33899,2796,373,39291
20,292.1400,46592,9985,386,47110,11273,3850,65292,31894,23959,5277,34473,47029,770,37188,31312,29776,33899,2796,373,39291
20,292.0100,46592,9985,386,47110,11273,3850,65292,31894,23959,5277,34473,47029,770,37188,31312,29776,33899,2796,373,39291
