n_nodes,influence,n0,n1,n2,n3,n4,n5,n6,n7,n8,n9,n10,n11,n12,n13,n14,n15,n16
17,30.0100,55562,115193,33354,167841,96076,127958,34747,24437,17320,5489,133310,117916,243341,89482,221414,259785,197776
17,30.0100,55562,115193,33354,167841,96076,127958,34747,24437,17320,5489,133310,117916,243341,89482,221414,259785,197776
17,29.7800,55562,115193,33354,167841,96076,127958,34747,24437,17320,5489,133310,117916,243341,89482,221414,259785,197776
17,29.7800,55562,115193,33354,167841,96076,127958,34747,24437,17320,5489,133310,117916,243341,89482,221414,259785,197776
17,29.7800,55562,115193,33354,167841,96076,127958,34747,24437,17320,5489,133310,117916,243341,89482,221414,259785,197776
17,29.7800,55562,115193,33354,167841,96076,127958,34747,24437,17320,5489,133310,117916,243341,89482,221414,259785,197776
17,29.7800,55562,115193,33354,167841,96076,127958,34747,24437,17320,5489,133310,117916,243341,89482,221414,259785,197776
17,29.7800,55562,115193,33354,167841,96076,127958,34747,24437,17320,5489,133310,117916,243341,89482,221414,259785,197776
17,29.7800,55562,115193,33354,167841,96076,127958,34747,24437,17320,5489,133310,117916,243341,89482,221414,259785,197776
17,29.7800,55562,115193,33354,167841,96076,127958,34747,24437,17320,5489,133310,117916,243341,89482,221414,259785,197776
17,29.7800,55562,115193,33354,167841,96076,127958,34747,24437,17320,5489,133310,117916,243341,89482,221414,259785,197776
17,29.7800,55562,115193,33354,167841,96076,127958,34747,24437,17320,5489,133310,117916,243341,89482,221414,259785,197776
17,29.7800,55562,115193,33354,167841,96076,127958,34747,24437,17320,5489,133310,117916,243341,89482,221414,259785,197776
17,29.7800,55562,115193,33354,167841,96076,127958,34747,24437,17320,5489,133310,117916,243341,89482,221414,259785,197776
17,29.7800,55562,115193,33354,167841,96076,127958,34747,24437,17320,5489,133310,117916,243341,89482,221414,259785,197776
17,29.7800,55562,115193,33354,167841,96076,127958,34747,24437,17320,5489,133310,117916,243341,89482,221414,259785,197776
