generation number, individual number, fitness, candidate
0, 0, 3.13, [1811, 2514, 277]
0, 1, 3.1, [295, 2513, 2514]
0, 2, 3.06, [191, 2525, 274]
0, 3, 3.05, [265, 280, 4849]
0, 4, 3.05, [77, 1080, 1082]
0, 5, 3.04, [154, 2712, 301]
0, 6, 3.04, [2595, 256, 2762]
0, 7, 3.03, [4602, 2156, 1080]
0, 8, 3.03, [244, 2597, 2515]
0, 9, 3.02, [1087, 104, 102]
1, 0, 3.15, [1811, 295, 277]
1, 1, 3.14, [295, 277, 2527]
1, 2, 3.13, [2513, 277, 2514]
1, 3, 3.13, [1811, 2514, 277]
1, 4, 3.12, [1811, 2527, 2513]
1, 5, 3.11, [1811, 2514, 295]
1, 6, 3.1, [295, 269, 159]
1, 7, 3.1, [295, 277, 2527]
1, 8, 3.1, [1811, 2514, 2512]
1, 9, 3.1, [295, 2513, 2514]
2, 0, 3.15, [1811, 295, 277]
2, 1, 3.14, [541, 295, 277]
2, 2, 3.14, [295, 277, 2527]
2, 3, 3.13, [269, 256, 277]
2, 4, 3.12, [1811, 2514, 295]
2, 5, 3.12, [2513, 273, 295]
2, 6, 3.1, [541, 277, 2527]
2, 7, 3.09, [1811, 2514, 285]
2, 8, 3.09, [295, 277, 2527]
2, 9, 3.05, [2513, 277, 541]
3, 0, 3.17, [2711, 295, 277]
3, 1, 3.15, [1811, 295, 277]
3, 2, 3.14, [541, 295, 277]
3, 3, 3.13, [295, 609, 303]
3, 4, 3.11, [81, 295, 2514]
3, 5, 3.1, [2593, 295, 219]
3, 6, 3.09, [541, 2525, 277]
3, 7, 3.08, [303, 2765, 277]
3, 8, 3.07, [541, 266, 277]
3, 9, 3.06, [244, 1069, 277]
4, 0, 3.17, [2711, 295, 277]
4, 1, 3.16, [295, 159, 277]
4, 2, 3.15, [1811, 2530, 277]
4, 3, 3.15, [1811, 295, 277]
4, 4, 3.11, [2599, 876, 277]
4, 5, 3.1, [226, 295, 261]
4, 6, 3.09, [274, 874, 277]
4, 7, 3.08, [2711, 295, 259]
4, 8, 3.07, [558, 301, 277]
4, 9, 3.04, [104, 2767, 2950]
5, 0, 3.17, [2711, 295, 277]
5, 1, 3.16, [295, 159, 277]
5, 2, 3.11, [2711, 285, 277]
5, 3, 3.1, [1811, 295, 303]
5, 4, 3.1, [295, 291, 2527]
5, 5, 3.08, [295, 193, 343]
5, 6, 3.07, [2711, 2530, 295]
5, 7, 3.06, [1811, 2530, 154]
5, 8, 3.06, [2711, 283, 277]
5, 9, 3.04, [244, 285, 277]
6, 0, 3.17, [2711, 295, 277]
6, 1, 3.16, [295, 159, 277]
6, 2, 3.11, [1811, 295, 2514]
6, 3, 3.1, [295, 244, 277]
6, 4, 3.09, [2156, 295, 103]
6, 5, 3.08, [295, 291, 259]
6, 6, 3.07, [149, 285, 277]
6, 7, 3.06, [2711, 295, 2514]
6, 8, 3.05, [3135, 159, 277]
6, 9, 3.04, [250, 291, 277]
7, 0, 3.17, [2711, 295, 277]
7, 1, 3.16, [226, 295, 277]
7, 2, 3.16, [295, 159, 277]
7, 3, 3.15, [380, 295, 300]
7, 4, 3.14, [2065, 295, 103]
7, 5, 3.1, [2156, 2514, 277]
7, 6, 3.08, [2711, 295, 537]
7, 7, 3.06, [295, 159, 541]
7, 8, 3.06, [274, 273, 277]
7, 9, 3.05, [2711, 876, 2514]
8, 0, 3.17, [2711, 2513, 277]
8, 1, 3.17, [2711, 295, 277]
8, 2, 3.16, [226, 295, 277]
8, 3, 3.13, [2711, 295, 77]
8, 4, 3.12, [295, 4849, 274]
8, 5, 3.09, [2767, 295, 277]
8, 6, 3.09, [2711, 295, 300]
8, 7, 3.05, [2711, 558, 622]
8, 8, 3.05, [2711, 2525, 301]
8, 9, 3.03, [302, 2950, 303]
9, 0, 3.17, [2711, 2513, 277]
9, 1, 3.17, [2711, 295, 277]
9, 2, 3.16, [2065, 295, 277]
9, 3, 3.16, [2711, 244, 277]
9, 4, 3.11, [259, 193, 277]
9, 5, 3.09, [295, 2513, 273]
9, 6, 3.07, [2711, 2514, 277]
9, 7, 3.07, [1082, 2513, 277]
9, 8, 3.04, [2711, 291, 277]
9, 9, 3.04, [2711, 2764, 273]
10, 0, 3.17, [2711, 2513, 277]
10, 1, 3.17, [2711, 295, 277]
10, 2, 3.15, [2595, 2513, 2767]
10, 3, 3.14, [2711, 295, 261]
10, 4, 3.11, [2711, 2513, 295]
10, 5, 3.09, [2950, 2513, 277]
10, 6, 3.06, [3135, 2599, 2530]
10, 7, 3.05, [191, 2513, 301]
10, 8, 3.04, [2711, 2513, 303]
10, 9, 3.03, [240, 291, 277]
11, 0, 3.17, [2711, 2513, 277]
11, 1, 3.17, [2711, 295, 277]
11, 2, 3.13, [2065, 295, 2767]
11, 3, 3.12, [259, 2513, 2767]
11, 4, 3.11, [300, 295, 2764]
11, 5, 3.1, [2599, 2513, 277]
11, 6, 3.1, [2595, 2950, 277]
11, 7, 3.07, [2527, 265, 302]
11, 8, 3.04, [1811, 244, 534]
11, 9, 3.04, [2711, 240, 2767]
12, 0, 3.2, [2711, 295, 2596]
12, 1, 3.17, [2711, 2513, 277]
12, 2, 3.17, [2711, 295, 277]
12, 3, 3.13, [2711, 2765, 2596]
12, 4, 3.11, [149, 295, 301]
12, 5, 3.09, [3135, 295, 277]
12, 6, 3.08, [2711, 2513, 303]
12, 7, 3.08, [343, 295, 277]
12, 8, 3.08, [2065, 250, 277]
12, 9, 3.07, [280, 2513, 277]
13, 0, 3.2, [2711, 295, 2596]
13, 1, 3.17, [2711, 2513, 277]
13, 2, 3.12, [2711, 295, 81]
13, 3, 3.09, [278, 295, 81]
13, 4, 3.09, [244, 295, 2596]
13, 5, 3.09, [3135, 295, 301]
13, 6, 3.08, [2711, 103, 343]
13, 7, 3.07, [2711, 104, 295]
13, 8, 3.06, [2711, 2765, 2599]
13, 9, 3.04, [2532, 91, 3135]
14, 0, 3.2, [2711, 295, 2596]
14, 1, 3.17, [2711, 2513, 277]
14, 2, 3.14, [3135, 295, 277]
14, 3, 3.14, [98, 295, 2593]
14, 4, 3.12, [3135, 295, 615]
14, 5, 3.1, [2711, 295, 273]
14, 6, 3.09, [3135, 295, 81]
14, 7, 3.06, [2711, 2514, 277]
14, 8, 3.05, [2711, 2512, 2596]
14, 9, 3.02, [2065, 2513, 81]
15, 0, 3.2, [2711, 295, 2596]
15, 1, 3.17, [2711, 2513, 277]
15, 2, 3.13, [2065, 295, 277]
15, 3, 3.1, [1095, 295, 277]
15, 4, 3.09, [2711, 2527, 295]
15, 5, 3.09, [269, 380, 2596]
15, 6, 3.08, [3135, 2513, 2596]
15, 7, 3.06, [3334, 558, 2595]
15, 8, 3.05, [2765, 250, 275]
15, 9, 3.04, [3135, 4602, 265]
16, 0, 3.2, [2711, 295, 2596]
16, 1, 3.19, [244, 295, 277]
16, 2, 3.18, [2512, 295, 277]
16, 3, 3.17, [2711, 295, 303]
16, 4, 3.17, [2711, 2513, 277]
16, 5, 3.11, [1082, 295, 2596]
16, 6, 3.08, [2711, 876, 277]
16, 7, 3.05, [2065, 2513, 2596]
16, 8, 3.04, [2065, 250, 2596]
16, 9, 3.04, [2515, 2764, 102]
17, 0, 3.2, [2711, 295, 2596]
17, 1, 3.19, [244, 295, 277]
17, 2, 3.14, [291, 295, 2596]
17, 3, 3.14, [191, 295, 222]
17, 4, 3.12, [2711, 191, 277]
17, 5, 3.12, [2767, 295, 2596]
17, 6, 3.11, [3135, 288, 2512]
17, 7, 3.11, [3135, 295, 277]
17, 8, 3.1, [269, 2513, 2596]
17, 9, 3.08, [4602, 316, 2596]
18, 0, 3.2, [2711, 295, 2596]
18, 1, 3.19, [244, 295, 277]
18, 2, 3.15, [2065, 295, 277]
18, 3, 3.11, [2767, 295, 2596]
18, 4, 3.08, [244, 295, 2513]
18, 5, 3.06, [191, 876, 2596]
18, 6, 3.06, [2711, 295, 300]
18, 7, 3.05, [2711, 295, 149]
18, 8, 3.04, [244, 209, 159]
18, 9, 3.04, [2595, 2513, 537]
19, 0, 3.2, [2711, 295, 2596]
19, 1, 3.19, [244, 295, 277]
19, 2, 3.1, [2711, 250, 277]
19, 3, 3.1, [244, 295, 2599]
19, 4, 3.1, [244, 295, 2525]
19, 5, 3.09, [3135, 295, 277]
19, 6, 3.08, [2514, 295, 2599]
19, 7, 3.07, [2711, 295, 3716]
19, 8, 3.07, [2593, 874, 2596]
19, 9, 3.05, [2065, 295, 222]
20, 0, 3.2, [2711, 295, 2596]
20, 1, 3.19, [244, 295, 277]
20, 2, 3.14, [1811, 295, 2596]
20, 3, 3.11, [244, 2593, 277]
20, 4, 3.1, [2712, 295, 1082]
20, 5, 3.1, [2711, 283, 277]
20, 6, 3.09, [2711, 295, 273]
20, 7, 3.07, [244, 2574, 2593]
20, 8, 3.07, [244, 274, 277]
20, 9, 3.06, [244, 296, 277]
21, 0, 3.2, [2711, 295, 2596]
21, 1, 3.19, [244, 295, 277]
21, 2, 3.15, [2711, 295, 77]
21, 3, 3.14, [302, 295, 277]
21, 4, 3.09, [244, 2530, 2596]
21, 5, 3.07, [1811, 2764, 2596]
21, 6, 3.07, [2065, 2595, 104]
21, 7, 3.07, [4849, 222, 277]
21, 8, 3.06, [2513, 283, 260]
21, 9, 3.05, [2711, 288, 240]
22, 0, 3.2, [2711, 295, 2596]
22, 1, 3.19, [244, 295, 277]
22, 2, 3.12, [2711, 295, 2764]
22, 3, 3.12, [2065, 295, 277]
22, 4, 3.09, [269, 874, 2596]
22, 5, 3.07, [244, 295, 2595]
22, 6, 3.07, [2711, 295, 2595]
22, 7, 3.06, [2711, 295, 2596]
22, 8, 3.06, [278, 209, 77]
22, 9, 3.05, [244, 295, 283]
23, 0, 3.2, [2711, 295, 2596]
23, 1, 3.19, [2711, 2530, 277]
23, 2, 3.19, [244, 295, 277]
23, 3, 3.17, [244, 295, 335]
23, 4, 3.17, [3135, 295, 277]
23, 5, 3.14, [240, 295, 277]
23, 6, 3.1, [2711, 2513, 277]
23, 7, 3.1, [2599, 295, 2596]
23, 8, 3.06, [2711, 259, 2596]
23, 9, 3.04, [2065, 261, 2764]
24, 0, 3.2, [2711, 295, 2596]
24, 1, 3.19, [2711, 2530, 277]
24, 2, 3.12, [2065, 295, 277]
24, 3, 3.09, [2711, 295, 273]
24, 4, 3.08, [297, 295, 277]
24, 5, 3.08, [220, 296, 295]
24, 6, 3.07, [2711, 2530, 2595]
24, 7, 3.07, [2762, 2530, 295]
24, 8, 3.07, [244, 295, 300]
24, 9, 3.06, [2711, 2532, 277]
25, 0, 3.2, [2711, 295, 2596]
25, 1, 3.19, [2711, 2530, 277]
25, 2, 3.11, [2711, 295, 219]
25, 3, 3.1, [3135, 295, 277]
25, 4, 3.1, [2065, 2530, 2596]
25, 5, 3.09, [874, 2530, 2514]
25, 6, 3.09, [3135, 295, 277]
25, 7, 3.08, [3135, 2530, 2596]
25, 8, 3.07, [297, 104, 277]
25, 9, 3.06, [2950, 2527, 277]
26, 0, 3.2, [2711, 295, 2596]
26, 1, 3.19, [2711, 2530, 277]
26, 2, 3.13, [2711, 295, 2596]
26, 3, 3.11, [260, 295, 1087]
26, 4, 3.1, [615, 295, 2596]
26, 5, 3.08, [3135, 295, 277]
26, 6, 3.06, [3135, 250, 2596]
26, 7, 3.06, [259, 297, 2596]
26, 8, 3.05, [2711, 876, 277]
26, 9, 3.05, [256, 250, 2596]
27, 0, 3.2, [2711, 295, 2596]
27, 1, 3.19, [2711, 2530, 277]
27, 2, 3.14, [2711, 316, 277]
27, 3, 3.14, [2596, 295, 277]
27, 4, 3.08, [2711, 2765, 2596]
27, 5, 3.08, [2599, 2764, 277]
27, 6, 3.07, [2711, 2530, 2595]
27, 7, 3.05, [2950, 343, 295]
27, 8, 3.03, [2711, 2156, 2596]
27, 9, 3.03, [2065, 219, 2596]
28, 0, 3.2, [2711, 295, 2596]
28, 1, 3.19, [2711, 2530, 277]
28, 2, 3.11, [2711, 295, 303]
28, 3, 3.1, [2599, 2530, 295]
28, 4, 3.08, [2711, 2767, 277]
28, 5, 3.07, [2711, 2514, 277]
28, 6, 3.06, [3135, 295, 209]
28, 7, 3.06, [2711, 876, 277]
28, 8, 3.05, [2711, 263, 2596]
28, 9, 3.04, [240, 295, 3334]
29, 0, 3.2, [2711, 295, 2596]
29, 1, 3.19, [2711, 2530, 277]
29, 2, 3.15, [2597, 303, 295]
29, 3, 3.13, [2711, 2513, 277]
29, 4, 3.1, [2711, 295, 154]
29, 5, 3.09, [534, 295, 303]
29, 6, 3.09, [3135, 295, 2530]
29, 7, 3.08, [2711, 1811, 2596]
29, 8, 3.08, [296, 295, 2593]
29, 9, 3.08, [2711, 534, 1811]
30, 0, 3.2, [193, 295, 2595]
30, 1, 3.2, [2711, 295, 2596]
30, 2, 3.19, [2711, 2530, 277]
30, 3, 3.17, [2711, 295, 259]
30, 4, 3.1, [2065, 295, 277]
30, 5, 3.08, [279, 222, 154]
30, 6, 3.06, [2597, 2596, 2514]
30, 7, 3.05, [3135, 558, 2596]
30, 8, 3.03, [2950, 2712, 1811]
30, 9, 3.02, [2711, 4602, 2596]
31, 0, 3.2, [193, 295, 2595]
31, 1, 3.2, [2711, 295, 2596]
31, 2, 3.12, [2711, 2514, 2595]
31, 3, 3.11, [193, 295, 2595]
31, 4, 3.11, [3135, 295, 2595]
31, 5, 3.1, [193, 295, 191]
31, 6, 3.09, [2711, 2530, 2599]
31, 7, 3.05, [193, 2530, 300]
31, 8, 3.04, [2711, 2530, 2595]
31, 9, 3.04, [2711, 295, 219]
32, 0, 3.2, [193, 295, 2595]
32, 1, 3.2, [2711, 295, 2596]
32, 2, 3.16, [1069, 295, 193]
32, 3, 3.15, [193, 295, 2597]
32, 4, 3.15, [3135, 295, 2595]
32, 5, 3.15, [558, 295, 1086]
32, 6, 3.12, [2711, 295, 2574]
32, 7, 3.11, [77, 2597, 302]
32, 8, 3.1, [226, 279, 2595]
32, 9, 3.1, [220, 295, 2596]
33, 0, 3.2, [193, 295, 2595]
33, 1, 3.2, [2711, 295, 2596]
33, 2, 3.13, [609, 295, 541]
33, 3, 3.09, [4602, 2514, 2764]
33, 4, 3.09, [193, 295, 2599]
33, 5, 3.08, [2711, 283, 193]
33, 6, 3.08, [220, 295, 2514]
33, 7, 3.07, [193, 295, 81]
33, 8, 3.07, [193, 295, 615]
33, 9, 3.06, [2711, 2530, 2595]
34, 0, 3.2, [193, 295, 2595]
34, 1, 3.2, [2711, 295, 2596]
34, 2, 3.14, [615, 295, 2596]
34, 3, 3.1, [2711, 193, 250]
34, 4, 3.1, [609, 295, 2595]
34, 5, 3.07, [609, 295, 2599]
34, 6, 3.05, [2711, 250, 541]
34, 7, 3.05, [2711, 2596, 285]
34, 8, 3.05, [2711, 261, 2595]
34, 9, 3.04, [609, 316, 2596]
35, 0, 3.2, [193, 295, 2595]
35, 1, 3.2, [2711, 295, 2596]
35, 2, 3.15, [2065, 295, 2595]
35, 3, 3.14, [622, 295, 2595]
35, 4, 3.12, [2065, 295, 2595]
35, 5, 3.11, [615, 2530, 77]
35, 6, 3.1, [159, 295, 2596]
35, 7, 3.07, [2711, 250, 280]
35, 8, 3.07, [193, 250, 2596]
35, 9, 3.06, [4849, 295, 2596]
36, 0, 3.2, [193, 295, 2595]
36, 1, 3.2, [2711, 295, 2596]
36, 2, 3.19, [2065, 295, 2595]
36, 3, 3.1, [2711, 2514, 2595]
36, 4, 3.09, [2711, 295, 2599]
36, 5, 3.09, [2711, 259, 2595]
36, 6, 3.06, [2065, 295, 256]
36, 7, 3.05, [335, 250, 2513]
36, 8, 3.05, [291, 2512, 2599]
36, 9, 3.04, [2065, 876, 2596]
37, 0, 3.2, [193, 295, 2595]
37, 1, 3.2, [2711, 295, 2596]
37, 2, 3.13, [220, 295, 2595]
37, 3, 3.1, [2065, 295, 1082]
37, 4, 3.07, [193, 876, 2596]
37, 5, 3.07, [2711, 2514, 2595]
37, 6, 3.07, [2065, 295, 2595]
37, 7, 3.07, [2711, 876, 2595]
37, 8, 3.04, [2156, 260, 2595]
37, 9, 3.04, [2712, 250, 2596]
38, 0, 3.2, [193, 295, 2595]
38, 1, 3.2, [2711, 295, 2596]
38, 2, 3.15, [193, 295, 263]
38, 3, 3.14, [2065, 295, 2599]
38, 4, 3.12, [193, 335, 2512]
38, 5, 3.11, [2065, 295, 2595]
38, 6, 3.09, [2711, 295, 2599]
38, 7, 3.08, [209, 295, 2596]
38, 8, 3.05, [2065, 616, 269]
38, 9, 3.04, [193, 250, 2596]
39, 0, 3.25, [193, 295, 2595]
39, 1, 3.2, [193, 295, 2595]
39, 2, 3.2, [2711, 295, 2596]
39, 3, 3.17, [2711, 295, 2597]
39, 4, 3.14, [2597, 295, 2595]
39, 5, 3.14, [2711, 295, 261]
39, 6, 3.12, [193, 534, 295]
39, 7, 3.1, [343, 295, 2596]
39, 8, 3.1, [193, 295, 2595]
39, 9, 3.06, [3135, 81, 2596]
40, 0, 3.25, [193, 295, 2595]
40, 1, 3.2, [193, 295, 2595]
40, 2, 3.17, [2762, 295, 2764]
40, 3, 3.1, [2593, 295, 2711]
40, 4, 3.1, [4849, 295, 2596]
40, 5, 3.1, [3135, 295, 2595]
40, 6, 3.07, [316, 295, 2595]
40, 7, 3.07, [259, 295, 266]
40, 8, 3.05, [193, 264, 2599]
40, 9, 3.04, [193, 301, 149]
41, 0, 3.25, [193, 295, 2595]
41, 1, 3.2, [193, 295, 2595]
41, 2, 3.15, [1811, 295, 4849]
41, 3, 3.12, [874, 295, 2599]
41, 4, 3.12, [269, 295, 2595]
41, 5, 3.1, [266, 295, 209]
41, 6, 3.09, [1080, 295, 2599]
41, 7, 3.09, [193, 2532, 2764]
41, 8, 3.05, [154, 250, 2595]
41, 9, 3.04, [193, 219, 622]
42, 0, 3.25, [193, 295, 2595]
42, 1, 3.21, [2711, 295, 2595]
42, 2, 3.2, [193, 295, 2595]
42, 3, 3.16, [269, 295, 2765]
42, 4, 3.1, [283, 295, 2595]
42, 5, 3.08, [193, 2770, 2599]
42, 6, 3.07, [264, 275, 2595]
42, 7, 3.05, [193, 295, 2514]
42, 8, 3.05, [4849, 1811, 260]
42, 9, 3.04, [193, 154, 4849]
43, 0, 3.25, [193, 295, 2595]
43, 1, 3.21, [2711, 295, 2595]
43, 2, 3.14, [1082, 295, 2595]
43, 3, 3.11, [159, 295, 2595]
43, 4, 3.1, [2596, 295, 3155]
43, 5, 3.1, [2764, 279, 2595]
43, 6, 3.09, [193, 297, 300]
43, 7, 3.08, [2711, 876, 2595]
43, 8, 3.07, [2770, 295, 616]
43, 9, 3.06, [2711, 2599, 260]
44, 0, 3.25, [193, 295, 2595]
44, 1, 3.21, [2711, 295, 2595]
44, 2, 3.15, [2764, 295, 2595]
44, 3, 3.12, [159, 295, 279]
44, 4, 3.07, [1080, 295, 159]
44, 5, 3.06, [380, 295, 280]
44, 6, 3.06, [876, 3716, 1811]
44, 7, 3.06, [3135, 149, 2595]
44, 8, 3.05, [193, 295, 2599]
44, 9, 3.04, [193, 263, 2595]
45, 0, 3.25, [193, 295, 2595]
45, 1, 3.21, [2711, 295, 2595]
45, 2, 3.1, [220, 295, 81]
45, 3, 3.09, [193, 1080, 103]
45, 4, 3.08, [2764, 273, 2599]
45, 5, 3.08, [2764, 193, 2514]
45, 6, 3.08, [2597, 295, 283]
45, 7, 3.06, [2711, 2525, 2595]
45, 8, 3.05, [193, 2530, 2156]
45, 9, 3.04, [296, 2530, 226]
46, 0, 3.25, [193, 295, 2595]
46, 1, 3.21, [2711, 295, 2595]
46, 2, 3.15, [193, 295, 2574]
46, 3, 3.11, [193, 295, 537]
46, 4, 3.07, [2597, 1086, 81]
46, 5, 3.06, [4849, 1080, 2595]
46, 6, 3.05, [244, 534, 81]
46, 7, 3.05, [4849, 1080, 2595]
46, 8, 3.04, [2711, 2530, 615]
46, 9, 3.03, [193, 303, 2595]
47, 0, 3.25, [193, 295, 2595]
47, 1, 3.21, [2711, 295, 2595]
47, 2, 3.15, [220, 295, 2574]
47, 3, 3.13, [193, 277, 335]
47, 4, 3.13, [2711, 295, 2599]
47, 5, 3.12, [2711, 295, 103]
47, 6, 3.1, [193, 250, 2595]
47, 7, 3.1, [3135, 295, 2574]
47, 8, 3.1, [220, 295, 2595]
47, 9, 3.07, [4849, 274, 256]
48, 0, 3.25, [193, 295, 2595]
48, 1, 3.21, [2711, 295, 2595]
48, 2, 3.15, [193, 295, 2599]
48, 3, 3.14, [2065, 295, 2595]
48, 4, 3.13, [2764, 295, 4602]
48, 5, 3.11, [193, 295, 2532]
48, 6, 3.09, [4849, 295, 77]
48, 7, 3.08, [209, 295, 2595]
48, 8, 3.07, [193, 295, 2595]
48, 9, 3.06, [220, 295, 2595]
49, 0, 3.25, [193, 295, 2595]
49, 1, 3.21, [2711, 295, 2595]
49, 2, 3.14, [193, 295, 2599]
49, 3, 3.12, [220, 295, 2595]
49, 4, 3.12, [269, 259, 2595]
49, 5, 3.07, [220, 1095, 2595]
49, 6, 3.06, [3135, 1080, 2595]
49, 7, 3.06, [256, 2597, 2514]
49, 8, 3.05, [193, 1811, 1095]
49, 9, 3.03, [193, 876, 2595]
50, 0, 3.25, [193, 295, 2595]
50, 1, 3.21, [2711, 295, 2595]
50, 2, 3.14, [193, 295, 615]
50, 3, 3.13, [2711, 295, 2597]
50, 4, 3.08, [193, 295, 273]
50, 5, 3.08, [3135, 2711, 278]
50, 6, 3.08, [103, 274, 615]
50, 7, 3.08, [149, 2711, 2595]
50, 8, 3.06, [2156, 2515, 2595]
50, 9, 3.05, [193, 1069, 2599]
