generation number, individual number, fitness, candidate
0, 0, 14.86, [56239, 89, 11387]
0, 1, 12.19, [33298, 98062, 150652]
0, 2, 11.7, [65899, 134361, 127088]
0, 3, 11.11, [156909, 100141, 80449]
0, 4, 11.02, [286, 56237, 150653]
0, 5, 9.98, [278, 65901, 1062]
0, 6, 9.31, [66059, 66170, 280]
0, 7, 8.97, [221360, 123523, 127088]
0, 8, 7.66, [12067, 70639, 134361]
0, 9, 7.0, [73700, 134361, 134362]
1, 0, 15.72, [33298, 98062, 11388]
1, 1, 14.86, [56239, 89, 11387]
1, 2, 14.4, [65899, 89, 10375]
1, 3, 12.32, [56239, 89, 150654]
1, 4, 12.19, [33298, 98062, 150652]
1, 5, 11.83, [56239, 89, 70639]
1, 6, 11.8, [62858, 89, 156909]
1, 7, 9.85, [56240, 134361, 127088]
1, 8, 9.68, [65897, 127088, 150655]
1, 9, 9.18, [56239, 80450, 67332]
2, 0, 16.43, [285, 70638, 11388]
2, 1, 15.72, [33298, 98062, 11388]
2, 2, 15.56, [56241, 89, 11388]
2, 3, 14.86, [56239, 89, 11387]
2, 4, 14.46, [65899, 89, 10375]
2, 5, 14.36, [65899, 98062, 31634]
2, 6, 13.1, [33298, 98062, 148118]
2, 7, 12.7, [70639, 98062, 11388]
2, 8, 12.1, [90, 100141, 33300]
2, 9, 12.05, [66167, 89, 11925]
2, 10, 10.38, [33298, 98062, 10375]
3, 0, 19.06, [65899, 70638, 11388]
3, 1, 16.43, [285, 70638, 11388]
3, 2, 15.72, [33298, 98062, 11388]
3, 3, 15.01, [285, 80450, 11388]
3, 4, 14.98, [56239, 70638, 11388]
3, 5, 14.39, [33298, 90, 11388]
3, 6, 14.07, [285, 70640, 11388]
3, 7, 13.88, [11387, 70638, 11388]
3, 8, 13.75, [11387, 70638, 11388]
3, 9, 12.62, [66171, 98062, 11388]
3, 10, 11.65, [285, 98062, 11925]
4, 0, 19.06, [65899, 70638, 11388]
4, 1, 16.43, [285, 70638, 11388]
4, 2, 15.78, [278, 70638, 11388]
4, 3, 15.51, [285, 80450, 11388]
4, 4, 13.93, [285, 56239, 11388]
4, 5, 13.74, [285, 280, 11388]
4, 6, 13.48, [98063, 558, 11388]
4, 7, 12.77, [31634, 70638, 66169]
4, 8, 11.41, [285, 70638, 1061]
4, 9, 8.03, [31634, 77358, 87893]
4, 10, 7.3, [11926, 1062, 66171]
5, 0, 19.06, [65899, 70638, 11388]
5, 1, 18.48, [65899, 91277, 11388]
5, 2, 17.66, [65899, 98065, 11388]
5, 3, 16.43, [285, 70638, 11388]
5, 4, 14.62, [87, 66167, 11388]
5, 5, 14.05, [1062, 70638, 11388]
5, 6, 13.9, [123524, 70638, 11388]
5, 7, 13.83, [65900, 80450, 11388]
5, 8, 13.72, [70639, 70638, 11388]
5, 9, 13.68, [285, 77358, 11388]
5, 10, 11.78, [91277, 1927, 11388]
6, 0, 19.06, [65899, 70638, 11388]
6, 1, 18.48, [65899, 91277, 11388]
6, 2, 17.41, [65899, 134361, 11388]
6, 3, 15.09, [65899, 98065, 282]
6, 4, 14.17, [65899, 70638, 11926]
6, 5, 13.28, [65899, 6376, 73700]
6, 6, 12.94, [148118, 144436, 11388]
6, 7, 12.94, [65899, 98065, 113171]
6, 8, 12.32, [65899, 91277, 14223]
6, 9, 11.07, [65897, 91276, 150655]
6, 10, 10.55, [281, 70638, 150652]
7, 0, 19.06, [65899, 70638, 11388]
7, 1, 18.48, [65899, 91277, 11388]
7, 2, 16.95, [65899, 280, 11388]
7, 3, 16.77, [65899, 91276, 11388]
7, 4, 16.02, [65899, 286, 118602]
7, 5, 15.48, [65899, 73703, 56237]
7, 6, 13.74, [73703, 70638, 31634]
7, 7, 13.66, [70640, 91277, 11388]
7, 8, 12.8, [65900, 91277, 11388]
7, 9, 12.61, [70639, 91277, 11388]
7, 10, 12.42, [65899, 70638, 91276]
7, 11, 10.94, [98065, 134361, 80661]
8, 0, 19.06, [65899, 70638, 11388]
8, 1, 18.48, [65899, 91277, 11388]
8, 2, 18.09, [33297, 286, 11388]
8, 3, 17.88, [65899, 86, 11388]
8, 4, 17.01, [65899, 134361, 11388]
8, 5, 14.29, [286, 91276, 11388]
8, 6, 13.63, [150653, 286, 11388]
8, 7, 13.41, [65899, 91277, 11926]
8, 8, 13.18, [65899, 80661, 33300]
8, 9, 12.61, [65899, 95674, 46]
8, 10, 12.59, [281, 86, 11388]
8, 11, 12.13, [100807, 134361, 11388]
8, 12, 11.12, [70639, 91277, 118602]
9, 0, 19.06, [65899, 70638, 11388]
9, 1, 18.48, [65899, 91277, 11388]
9, 2, 17.61, [65899, 11388, 150015]
9, 3, 17.06, [46, 100141, 11388]
9, 4, 17.03, [65899, 284, 11388]
9, 5, 16.83, [33297, 134361, 11388]
9, 6, 16.83, [11388, 89, 65901]
9, 7, 16.81, [33297, 134361, 11388]
9, 8, 16.49, [87, 70638, 11388]
9, 9, 16.43, [65899, 149059, 11388]
9, 10, 15.43, [56237, 70638, 11388]
9, 11, 15.22, [33298, 86, 11388]
9, 12, 14.06, [65899, 70638, 11926]
9, 13, 13.79, [65901, 134361, 11388]
10, 0, 19.2, [65899, 98063, 11388]
10, 1, 19.06, [65899, 70638, 11388]
10, 2, 18.48, [65899, 91277, 11388]
10, 3, 16.7, [65899, 70638, 282]
10, 4, 16.39, [33297, 91276, 11388]
10, 5, 16.28, [65899, 11388, 134362]
10, 6, 15.15, [46, 62858, 11388]
10, 7, 15.14, [65899, 285, 150015]
10, 8, 14.15, [66167, 90, 11388]
10, 9, 13.97, [282, 71858, 11388]
10, 10, 12.87, [70639, 91277, 11388]
10, 11, 12.79, [1063, 150015, 11388]
10, 12, 12.27, [91276, 70638, 11388]
10, 13, 11.91, [65899, 70640, 46]
10, 14, 11.54, [150654, 70638, 90]
11, 0, 19.2, [65899, 98063, 11388]
11, 1, 19.06, [65899, 70638, 11388]
11, 2, 17.68, [33297, 285, 11388]
11, 3, 16.44, [86, 70638, 11388]
11, 4, 14.83, [65899, 98063, 11925]
11, 5, 14.3, [285, 66169, 11388]
11, 6, 13.72, [33297, 91277, 12067]
11, 7, 13.56, [65899, 87, 33297]
11, 8, 12.81, [67331, 70638, 11388]
11, 9, 12.68, [118602, 70638, 66171]
11, 10, 12.46, [33300, 91276, 11388]
11, 11, 12.33, [65899, 148118, 67331]
11, 12, 11.46, [56239, 100141, 134362]
11, 13, 10.49, [70640, 98063, 1061]
11, 14, 10.09, [56239, 91277, 11926]
11, 15, 9.93, [66167, 283, 282]
12, 0, 19.2, [65899, 98063, 11388]
12, 1, 19.06, [65899, 70638, 11388]
12, 2, 18.97, [65899, 70638, 11388]
12, 3, 18.04, [33297, 66169, 11388]
12, 4, 17.36, [65899, 90, 11388]
12, 5, 17.18, [33297, 134361, 11388]
12, 6, 17.08, [65897, 70638, 11388]
12, 7, 16.81, [65899, 285, 11387]
12, 8, 16.43, [33297, 77358, 11388]
12, 9, 16.18, [65899, 66169, 11387]
12, 10, 15.94, [33297, 144436, 11388]
12, 11, 15.46, [65899, 98063, 11925]
12, 12, 14.38, [33297, 98063, 12067]
12, 13, 11.61, [285, 98063, 11925]
12, 14, 11.32, [285, 98063, 12067]
12, 15, 9.5, [281, 65901, 89]
13, 0, 19.2, [65899, 98063, 11388]
13, 1, 19.06, [65899, 70638, 11388]
13, 2, 15.59, [31634, 98063, 11388]
13, 3, 15.4, [33296, 66169, 11388]
13, 4, 15.31, [65899, 80450, 56239]
13, 5, 15.25, [65899, 70638, 12067]
13, 6, 14.02, [65899, 127089, 11926]
13, 7, 13.15, [33299, 70638, 11388]
13, 8, 12.51, [65900, 90, 11388]
13, 9, 12.17, [100141, 98063, 123523]
13, 10, 11.83, [150654, 278, 70638]
13, 11, 11.78, [65899, 71858, 66171]
13, 12, 11.77, [134362, 70638, 88]
13, 13, 11.4, [87, 80661, 144434]
13, 14, 11.04, [66170, 70639, 11388]
13, 15, 10.42, [148118, 98063, 11926]
14, 0, 19.2, [65899, 98063, 11388]
14, 1, 19.06, [65899, 70638, 11388]
14, 2, 17.5, [65899, 80450, 11387]
14, 3, 17.17, [33297, 66169, 11388]
14, 4, 16.05, [65897, 98063, 11388]
14, 5, 15.36, [65899, 98063, 62858]
14, 6, 15.02, [284, 98063, 11388]
14, 7, 14.98, [33300, 70638, 11388]
14, 8, 14.04, [70640, 80450, 11388]
14, 9, 13.78, [65899, 66169, 12067]
14, 10, 13.3, [65900, 98063, 11388]
14, 11, 13.01, [33296, 87893, 11388]
14, 12, 11.73, [56239, 67332, 11388]
14, 13, 11.16, [1063, 70638, 56239]
14, 14, 10.99, [558, 11388, 144436]
14, 15, 10.05, [11935, 87, 11388]
14, 16, 9.97, [33300, 11926, 11388]
15, 0, 19.2, [65899, 98063, 11388]
15, 1, 19.06, [65899, 70638, 11388]
15, 2, 16.66, [65899, 144436, 11388]
15, 3, 16.18, [65899, 11387, 144434]
15, 4, 16.03, [33297, 281, 11388]
15, 5, 15.14, [65897, 80449, 11388]
15, 6, 14.78, [284, 98063, 11388]
15, 7, 14.41, [65897, 77358, 11388]
15, 8, 14.12, [70640, 98063, 11388]
15, 9, 13.77, [65900, 98063, 11388]
15, 10, 13.71, [65900, 98063, 11388]
15, 11, 13.67, [65897, 66169, 11387]
15, 12, 13.1, [70638, 98063, 66169]
15, 13, 12.0, [70640, 70639, 11388]
15, 14, 11.86, [11387, 123523, 11388]
15, 15, 11.37, [65897, 70638, 11926]
15, 16, 10.61, [821, 66171, 11388]
15, 17, 9.63, [95674, 98063, 62858]
16, 0, 19.2, [65899, 98063, 11388]
16, 1, 19.06, [65899, 70638, 11388]
16, 2, 16.81, [65899, 70638, 127089]
16, 3, 15.45, [65899, 91277, 144434]
16, 4, 15.24, [65899, 10375, 11388]
16, 5, 15.23, [91277, 80449, 11388]
16, 6, 15.0, [33297, 98063, 150655]
16, 7, 14.63, [65899, 10375, 11388]
16, 8, 14.58, [65899, 11387, 11926]
16, 9, 13.67, [71858, 98063, 11388]
16, 10, 13.28, [100807, 285, 11388]
16, 11, 12.99, [33297, 144436, 144434]
16, 12, 12.26, [95674, 98063, 11388]
16, 13, 12.12, [65899, 281, 11925]
16, 14, 11.73, [33297, 98063, 70639]
16, 15, 11.31, [70639, 281, 11388]
16, 16, 11.06, [65900, 11387, 11388]
16, 17, 10.78, [65897, 66169, 10375]
16, 18, 10.71, [284, 67332, 11387]
17, 0, 19.2, [65899, 98063, 11388]
17, 1, 19.06, [65899, 70638, 11388]
17, 2, 17.23, [65899, 221360, 11388]
17, 3, 15.82, [65899, 87, 144434]
17, 4, 15.69, [65899, 86, 148118]
17, 5, 15.67, [65899, 70638, 144434]
17, 6, 15.37, [33298, 98063, 11388]
17, 7, 15.03, [65899, 70638, 11925]
17, 8, 14.76, [65899, 91277, 56237]
17, 9, 14.62, [285, 70638, 11387]
17, 10, 14.58, [33297, 70638, 144434]
17, 11, 13.77, [88, 91277, 127089]
17, 12, 12.45, [823, 70638, 11387]
17, 13, 12.26, [1060, 77358, 11388]
17, 14, 11.43, [150655, 14223, 33297]
17, 15, 10.81, [70640, 10375, 11388]
17, 16, 10.08, [70640, 70638, 65900]
17, 17, 9.92, [70639, 70638, 150655]
17, 18, 9.8, [91277, 70638, 12067]
17, 19, 8.34, [70639, 10375, 127089]
18, 0, 19.2, [65899, 98063, 11388]
18, 1, 19.06, [65899, 70638, 11388]
18, 2, 18.82, [65899, 86, 11388]
18, 3, 17.83, [65899, 221360, 11388]
18, 4, 16.83, [65899, 70638, 127089]
18, 5, 16.17, [65899, 70638, 98065]
18, 6, 16.08, [65899, 98063, 127089]
18, 7, 15.42, [65899, 70638, 150654]
18, 8, 15.03, [70640, 86, 11388]
18, 9, 14.13, [65899, 70638, 11926]
18, 10, 14.08, [70640, 91277, 11388]
18, 11, 13.87, [65899, 87, 11925]
18, 12, 13.87, [98065, 98063, 11388]
18, 13, 13.85, [65900, 70638, 11388]
18, 14, 13.84, [66059, 150655, 11388]
18, 15, 13.83, [65899, 221360, 66167]
18, 16, 13.29, [65900, 87, 11388]
18, 17, 13.2, [87, 33298, 127089]
18, 18, 12.83, [100141, 127088, 11387]
18, 19, 12.08, [65899, 98062, 144434]
18, 20, 9.89, [70640, 98063, 144434]
19, 0, 19.2, [65899, 98063, 11388]
19, 1, 19.06, [65899, 70638, 11388]
19, 2, 18.24, [33297, 98063, 11388]
19, 3, 17.37, [33297, 98063, 11388]
19, 4, 16.16, [65899, 86, 150652]
19, 5, 15.7, [150015, 70638, 11388]
19, 6, 15.29, [65899, 70638, 11925]
19, 7, 15.18, [285, 80661, 11388]
19, 8, 15.01, [65899, 65901, 113173]
19, 9, 14.95, [70640, 86, 11388]
19, 10, 14.89, [65899, 70638, 11925]
19, 11, 14.78, [88, 70639, 11388]
19, 12, 14.68, [65899, 221360, 150652]
19, 13, 14.54, [33297, 70638, 123523]
19, 14, 14.04, [65899, 70638, 11926]
19, 15, 13.84, [65899, 221360, 134361]
19, 16, 13.37, [65899, 144436, 86]
19, 17, 13.18, [65899, 33298, 282]
19, 18, 12.79, [65899, 67332, 66167]
19, 19, 12.71, [73703, 86, 98065]
19, 20, 12.62, [65899, 1062, 144434]
19, 21, 12.26, [88, 280, 127089]
20, 0, 19.33, [65899, 98063, 11388]
20, 1, 19.2, [65899, 98063, 11388]
20, 2, 19.06, [65899, 70638, 11388]
20, 3, 18.69, [65899, 86, 11388]
20, 4, 18.57, [65899, 91277, 11388]
20, 5, 18.17, [65899, 65897, 11388]
20, 6, 17.81, [65899, 66169, 11388]
20, 7, 17.55, [33297, 91277, 11388]
20, 8, 16.26, [33298, 86, 11388]
20, 9, 15.65, [66059, 86, 11388]
20, 10, 15.48, [62858, 98063, 11388]
20, 11, 15.0, [70640, 98062, 11388]
20, 12, 14.98, [150652, 98063, 11388]
20, 13, 14.53, [150655, 98063, 11388]
20, 14, 14.29, [33297, 70638, 65899]
20, 15, 13.82, [56240, 87, 80656]
20, 16, 13.67, [33299, 70638, 11388]
20, 17, 13.27, [70639, 98063, 11388]
20, 18, 13.08, [65901, 70638, 11388]
20, 19, 12.94, [65899, 70638, 70640]
20, 20, 12.67, [33297, 91276, 113173]
20, 21, 12.24, [285, 100140, 150652]
20, 22, 10.81, [65900, 70638, 150652]
21, 0, 19.33, [65899, 98063, 11388]
21, 1, 19.23, [65899, 70638, 11388]
21, 2, 19.2, [65899, 98063, 11388]
21, 3, 18.02, [65899, 150652, 11388]
21, 4, 17.26, [65899, 98063, 11387]
21, 5, 17.02, [33297, 65897, 11388]
21, 6, 15.83, [65899, 118602, 66059]
21, 7, 15.51, [65899, 98063, 90]
21, 8, 15.3, [65899, 98063, 11925]
21, 9, 14.74, [33297, 1927, 11388]
21, 10, 14.67, [33297, 67332, 11388]
21, 11, 14.3, [33300, 91277, 11388]
21, 12, 13.92, [70639, 70638, 11388]
21, 13, 13.51, [65899, 89, 67331]
21, 14, 12.96, [11387, 80449, 150015]
21, 15, 12.95, [65900, 91277, 11388]
21, 16, 12.57, [65899, 70640, 98063]
21, 17, 12.35, [65899, 98062, 71858]
21, 18, 11.85, [91277, 10375, 11388]
21, 19, 11.57, [286, 86, 66169]
21, 20, 11.23, [100807, 91277, 80656]
21, 21, 10.73, [70640, 56237, 279]
21, 22, 10.61, [66059, 86, 11926]
21, 23, 8.5, [65900, 98062, 281]
22, 0, 19.33, [65899, 98063, 11388]
22, 1, 19.23, [65899, 70638, 11388]
22, 2, 18.84, [65899, 70638, 11388]
22, 3, 18.31, [65899, 98062, 11388]
22, 4, 18.02, [65899, 70638, 11387]
22, 5, 16.82, [33298, 70638, 11388]
22, 6, 16.78, [65899, 123524, 11388]
22, 7, 16.53, [65899, 80449, 11387]
22, 8, 16.21, [65899, 144436, 11388]
22, 9, 15.03, [70640, 118602, 11388]
22, 10, 14.49, [65899, 62858, 56240]
22, 11, 14.41, [65899, 98062, 66170]
22, 12, 14.36, [33297, 70638, 11925]
22, 13, 14.2, [65899, 150652, 144434]
22, 14, 14.18, [65899, 118606, 286]
22, 15, 13.99, [65899, 98063, 11925]
22, 16, 13.96, [65899, 98063, 6376]
22, 17, 13.91, [65899, 70638, 10375]
22, 18, 13.73, [65899, 113173, 280]
22, 19, 13.31, [65899, 65897, 12067]
22, 20, 12.88, [70639, 98063, 11388]
22, 21, 12.31, [65899, 67332, 66059]
22, 22, 11.16, [70640, 70638, 66059]
22, 23, 9.33, [12067, 77358, 150015]
23, 0, 19.33, [65899, 98063, 11388]
23, 1, 19.23, [65899, 70638, 11388]
23, 2, 18.1, [65899, 286, 11388]
23, 3, 18.04, [33297, 70638, 11388]
23, 4, 17.9, [33297, 70638, 11388]
23, 5, 17.58, [65899, 66059, 11388]
23, 6, 15.64, [33296, 98065, 11388]
23, 7, 15.5, [283, 70638, 11388]
23, 8, 15.31, [65899, 77358, 56240]
23, 9, 15.15, [65899, 70638, 11925]
23, 10, 14.28, [33297, 70638, 6376]
23, 11, 13.85, [65899, 98062, 6376]
23, 12, 13.7, [65899, 123524, 282]
23, 13, 13.66, [144434, 98063, 11388]
23, 14, 13.57, [65900, 98063, 11388]
23, 15, 13.39, [65899, 62858, 6376]
23, 16, 13.32, [65899, 12067, 1060]
23, 17, 12.88, [127088, 98063, 11388]
23, 18, 12.51, [65900, 98063, 11387]
23, 19, 11.23, [33298, 33300, 11387]
23, 20, 10.78, [70639, 123524, 11388]
23, 21, 10.49, [65900, 70638, 150654]
23, 22, 10.44, [65900, 70638, 11925]
23, 23, 10.0, [14223, 70638, 66169]
24, 0, 19.33, [65899, 98063, 11388]
24, 1, 19.23, [65899, 70638, 11388]
24, 2, 18.27, [65899, 98062, 11388]
24, 3, 18.15, [65899, 91277, 11388]
24, 4, 18.01, [65899, 65901, 11388]
24, 5, 17.6, [33297, 98062, 11388]
24, 6, 16.26, [65899, 65897, 70638]
24, 7, 15.68, [33298, 98063, 11388]
24, 8, 15.41, [33298, 286, 11388]
24, 9, 15.37, [33298, 150015, 11388]
24, 10, 15.25, [65899, 70638, 12067]
24, 11, 14.83, [65899, 150653, 80661]
24, 12, 14.23, [33300, 98063, 11388]
24, 13, 13.82, [65899, 66059, 12067]
24, 14, 13.81, [558, 70638, 11388]
24, 15, 13.57, [156909, 70638, 11387]
24, 16, 13.4, [98065, 98063, 11388]
24, 17, 13.2, [33297, 77358, 282]
24, 18, 13.07, [70639, 89, 33297]
24, 19, 12.93, [65899, 123524, 11925]
24, 20, 11.56, [33296, 91277, 6376]
24, 21, 11.55, [62858, 70638, 33300]
24, 22, 9.55, [33299, 70638, 11925]
24, 23, 9.35, [87893, 98063, 66167]
24, 24, 8.72, [14223, 221360, 33300]
25, 0, 19.33, [65899, 98063, 11388]
25, 1, 19.23, [65899, 70638, 11388]
25, 2, 18.84, [65899, 80450, 11388]
25, 3, 18.26, [33297, 70638, 11388]
25, 4, 17.87, [65899, 90, 11388]
25, 5, 17.48, [65899, 98063, 11387]
25, 6, 16.83, [65899, 134361, 11388]
25, 7, 16.57, [65899, 98063, 11387]
25, 8, 16.55, [65899, 98063, 11387]
25, 9, 15.04, [33297, 70638, 73700]
25, 10, 14.56, [285, 31634, 11388]
25, 11, 14.56, [65899, 98062, 12067]
25, 12, 14.45, [33297, 65897, 279]
25, 13, 14.03, [65899, 98062, 80450]
25, 14, 13.95, [33298, 113171, 11388]
25, 15, 13.57, [65899, 77358, 90]
25, 16, 13.08, [65899, 100140, 134362]
25, 17, 12.77, [65899, 144436, 148118]
25, 18, 12.77, [33297, 113173, 113171]
25, 19, 12.64, [33298, 31634, 11387]
25, 20, 12.3, [33297, 98063, 65900]
25, 21, 11.87, [65901, 127089, 80450]
25, 22, 11.51, [65900, 118606, 11388]
25, 23, 11.47, [150015, 67331, 11388]
25, 24, 11.12, [12067, 91277, 285]
25, 25, 10.82, [65899, 67332, 823]
26, 0, 19.33, [65899, 98063, 11388]
26, 1, 19.23, [65899, 70638, 11388]
26, 2, 17.45, [33297, 134361, 11388]
26, 3, 17.18, [65899, 280, 11388]
26, 4, 17.08, [33297, 98065, 11388]
26, 5, 16.74, [65899, 77358, 11388]
26, 6, 16.01, [65899, 144436, 11388]
26, 7, 15.13, [65899, 77358, 11387]
26, 8, 14.94, [65899, 123524, 11387]
26, 9, 14.9, [33297, 98063, 11925]
26, 10, 14.83, [65899, 90, 65897]
26, 11, 14.79, [65899, 98062, 11925]
26, 12, 14.51, [65899, 282, 123523]
26, 13, 14.36, [65899, 98063, 1060]
26, 14, 14.34, [33298, 113171, 11388]
26, 15, 14.33, [11387, 70638, 73700]
26, 16, 14.2, [65900, 70638, 11388]
26, 17, 13.91, [65900, 70638, 11388]
26, 18, 13.91, [70639, 70638, 11388]
26, 19, 13.9, [33299, 80450, 11388]
26, 20, 13.68, [33297, 134361, 156909]
26, 21, 13.54, [65899, 91276, 150655]
26, 22, 12.87, [70640, 33297, 46]
26, 23, 12.61, [150653, 98062, 11387]
26, 24, 12.1, [56241, 98063, 11925]
26, 25, 11.72, [70639, 98063, 88]
26, 26, 11.46, [65899, 558, 33299]
27, 0, 19.33, [65899, 98063, 11388]
27, 1, 19.23, [65899, 70638, 11388]
27, 2, 19.18, [65899, 118602, 11388]
27, 3, 18.66, [65899, 80450, 11388]
27, 4, 18.42, [65899, 98063, 11388]
27, 5, 18.28, [65899, 98062, 11388]
27, 6, 18.0, [33297, 46, 11388]
27, 7, 18.0, [65899, 91277, 11388]
27, 8, 17.61, [65899, 150652, 11388]
27, 9, 17.04, [33297, 66059, 11388]
27, 10, 16.93, [65899, 280, 11388]
27, 11, 16.76, [33297, 70638, 11387]
27, 12, 16.28, [65899, 33300, 11388]
27, 13, 16.24, [65899, 134362, 11388]
27, 14, 15.69, [33297, 91277, 11387]
27, 15, 15.69, [65899, 134362, 11388]
27, 16, 15.38, [65899, 134361, 11387]
27, 17, 15.11, [33297, 144436, 11388]
27, 18, 14.84, [65899, 144436, 11387]
27, 19, 14.7, [65899, 134361, 73703]
27, 20, 14.18, [33297, 98063, 12067]
27, 21, 13.83, [65899, 80661, 123524]
27, 22, 13.56, [33297, 280, 144434]
27, 23, 13.44, [65899, 134361, 11925]
27, 24, 13.33, [33298, 144436, 11388]
27, 25, 12.3, [65900, 134361, 11388]
27, 26, 12.24, [65899, 134361, 11926]
27, 27, 10.76, [134362, 77358, 11388]
28, 0, 19.33, [65899, 98063, 11388]
28, 1, 19.23, [65899, 70638, 11388]
28, 2, 18.34, [65899, 90, 11388]
28, 3, 17.2, [65899, 134361, 11388]
28, 4, 16.9, [65899, 77358, 11388]
28, 5, 16.58, [65899, 144436, 11388]
28, 6, 15.82, [65899, 150655, 11387]
28, 7, 15.81, [65899, 33300, 11388]
28, 8, 15.62, [65899, 123524, 11387]
28, 9, 14.91, [65899, 10375, 11388]
28, 10, 14.85, [65899, 80450, 113173]
28, 11, 14.81, [70640, 118602, 11388]
28, 12, 14.2, [65899, 98062, 77358]
28, 13, 13.95, [221360, 70638, 33298]
28, 14, 13.38, [33297, 98062, 12067]
28, 15, 13.31, [118602, 80450, 278]
28, 16, 12.94, [70639, 91277, 11388]
28, 17, 12.42, [98062, 46, 286]
28, 18, 12.23, [278, 70638, 80449]
28, 19, 12.06, [65899, 80662, 156909]
28, 20, 12.03, [134362, 65901, 89]
28, 21, 11.92, [56240, 127088, 11387]
28, 22, 11.07, [31634, 80450, 98062]
28, 23, 10.85, [70639, 46, 33296]
28, 24, 10.81, [65899, 6376, 134365]
28, 25, 10.75, [100141, 150652, 67332]
28, 26, 9.72, [70639, 118602, 71858]
28, 27, 7.45, [70640, 283, 134365]
28, 28, 6.32, [91277, 91276, 134365]
29, 0, 19.33, [65899, 98063, 11388]
29, 1, 19.23, [65899, 70638, 11388]
29, 2, 17.26, [65899, 80450, 11387]
29, 3, 17.08, [33297, 150655, 11388]
29, 4, 16.53, [65899, 91277, 11387]
29, 5, 16.28, [65899, 144436, 11388]
29, 6, 15.95, [65899, 134362, 11388]
29, 7, 14.86, [70640, 98063, 11388]
29, 8, 14.83, [65899, 123524, 11387]
29, 9, 14.7, [65899, 65901, 278]
29, 10, 14.55, [65899, 66171, 87]
29, 11, 14.49, [70640, 65901, 11388]
29, 12, 14.04, [134361, 98063, 11388]
29, 13, 13.77, [65899, 285, 283]
29, 14, 13.77, [65900, 118602, 11388]
29, 15, 13.66, [89, 1063, 11387]
29, 16, 13.33, [65899, 98063, 80449]
29, 17, 13.32, [65899, 6376, 113173]
29, 18, 13.19, [150015, 66166, 11388]
29, 19, 12.92, [148118, 144436, 11388]
29, 20, 12.79, [65899, 123524, 11925]
29, 21, 12.76, [65899, 144436, 66171]
29, 22, 12.71, [149059, 90, 11388]
29, 23, 12.53, [65900, 70638, 11387]
29, 24, 12.14, [65899, 1062, 150653]
29, 25, 11.56, [70640, 33300, 11387]
29, 26, 11.19, [65899, 14223, 11925]
29, 27, 10.99, [70639, 123524, 11388]
29, 28, 10.2, [70640, 144436, 11387]
29, 29, 9.33, [56240, 62858, 123524]
30, 0, 19.33, [65899, 98063, 11388]
30, 1, 19.23, [65899, 70638, 11388]
30, 2, 18.87, [65899, 98063, 11388]
30, 3, 18.86, [65899, 98063, 11388]
30, 4, 18.73, [65899, 98063, 11388]
30, 5, 18.11, [33297, 98063, 11388]
30, 6, 17.81, [65899, 150015, 11388]
30, 7, 17.71, [65899, 98065, 11388]
30, 8, 17.66, [65899, 80450, 11387]
30, 9, 17.48, [65899, 70638, 11387]
30, 10, 17.17, [33297, 65901, 11388]
30, 11, 17.11, [33297, 150655, 11388]
30, 12, 16.5, [33297, 65901, 11388]
30, 13, 16.19, [33297, 77358, 11388]
30, 14, 15.6, [65899, 67332, 11388]
30, 15, 15.45, [65899, 80450, 90]
30, 16, 15.28, [65899, 77358, 11387]
30, 17, 15.16, [87, 80661, 11388]
30, 18, 13.69, [148118, 98063, 11387]
30, 19, 12.78, [65899, 33296, 1927]
30, 20, 12.59, [33297, 91277, 6376]
30, 21, 12.4, [71858, 98063, 11387]
30, 22, 12.09, [70640, 98065, 11387]
30, 23, 11.95, [65899, 134365, 278]
30, 24, 11.92, [33299, 134362, 11388]
30, 25, 11.65, [65899, 123524, 11926]
30, 26, 11.36, [100141, 66171, 156909]
30, 27, 10.81, [134361, 144436, 11387]
30, 28, 10.64, [70640, 80450, 11925]
30, 29, 10.36, [70640, 144436, 11387]
30, 30, 9.96, [65900, 66171, 11387]
31, 0, 19.33, [65899, 98063, 11388]
31, 1, 19.23, [65899, 70638, 11388]
31, 2, 18.49, [65899, 100140, 11388]
31, 3, 17.94, [65899, 283, 11388]
31, 4, 17.1, [65899, 98063, 11387]
31, 5, 16.96, [100141, 80450, 11388]
31, 6, 16.02, [65897, 98063, 11388]
31, 7, 15.91, [33297, 77358, 11388]
31, 8, 15.36, [150652, 100140, 11388]
31, 9, 14.99, [33297, 98063, 66171]
31, 10, 14.93, [65899, 33296, 11925]
31, 11, 14.86, [65899, 80450, 11925]
31, 12, 14.03, [65899, 80450, 6376]
31, 13, 13.76, [150655, 11388, 56237]
31, 14, 13.53, [33297, 98063, 12067]
31, 15, 13.42, [65899, 65901, 11926]
31, 16, 13.28, [65899, 98065, 11926]
31, 17, 13.21, [65899, 98063, 10375]
31, 18, 12.73, [33297, 221360, 11926]
31, 19, 12.43, [65900, 31634, 11388]
31, 20, 12.18, [88, 98063, 144434]
31, 21, 12.17, [87, 67332, 11388]
31, 22, 12.1, [65899, 66169, 1927]
31, 23, 11.97, [134361, 33297, 71858]
31, 24, 11.88, [100140, 98063, 150654]
31, 25, 11.71, [33299, 98063, 46]
31, 26, 11.59, [65900, 66171, 11388]
31, 27, 11.2, [87, 70638, 278]
31, 28, 10.75, [56239, 118602, 62858]
31, 29, 10.75, [11387, 144436, 11388]
31, 30, 8.49, [95674, 87, 73700]
31, 31, 8.05, [56237, 67332, 98065]
32, 0, 19.33, [65899, 98063, 11388]
32, 1, 19.23, [65899, 70638, 11388]
32, 2, 18.39, [33297, 98063, 11388]
32, 3, 17.24, [65899, 98063, 89]
32, 4, 16.3, [31634, 80450, 11388]
32, 5, 15.94, [65899, 67332, 11388]
32, 6, 15.94, [65899, 71858, 11388]
32, 7, 15.75, [65899, 150655, 11387]
32, 8, 15.72, [33297, 33300, 11388]
32, 9, 15.44, [65899, 98063, 73700]
32, 10, 15.17, [33296, 98063, 11387]
32, 11, 15.11, [100141, 33297, 11925]
32, 12, 14.75, [284, 98063, 11388]
32, 13, 14.46, [33297, 98063, 150654]
32, 14, 14.08, [33297, 100140, 11925]
32, 15, 13.88, [70640, 80450, 11388]
32, 16, 13.73, [70639, 98063, 11388]
32, 17, 13.56, [65899, 98063, 11926]
32, 18, 13.52, [33297, 65897, 11925]
32, 19, 13.19, [113171, 100140, 11388]
32, 20, 13.09, [148118, 77358, 11388]
32, 21, 12.99, [70639, 283, 11388]
32, 22, 12.96, [65897, 70638, 12067]
32, 23, 12.35, [56237, 1060, 11388]
32, 24, 11.98, [95674, 100140, 11388]
32, 25, 11.96, [95674, 283, 11388]
32, 26, 11.23, [100140, 98063, 11925]
32, 27, 11.15, [100141, 11935, 127089]
32, 28, 10.46, [14223, 62858, 11387]
32, 29, 10.17, [70639, 283, 80450]
32, 30, 9.03, [70639, 98063, 66171]
32, 31, 8.35, [118606, 98063, 11926]
32, 32, 8.06, [11935, 98063, 11925]
33, 0, 19.33, [65899, 98063, 11388]
33, 1, 19.23, [65899, 70638, 11388]
33, 2, 18.68, [33297, 98063, 11388]
33, 3, 17.74, [65899, 98063, 89]
33, 4, 17.66, [33297, 221360, 11388]
33, 5, 16.84, [65899, 98063, 11387]
33, 6, 16.77, [65899, 156909, 11388]
33, 7, 16.42, [65899, 66059, 89]
33, 8, 16.25, [65899, 144436, 11388]
33, 9, 15.84, [31634, 98062, 11388]
33, 10, 15.66, [65899, 67332, 11388]
33, 11, 15.56, [65899, 98063, 91277]
33, 12, 15.39, [33297, 98063, 86]
33, 13, 15.36, [65899, 71858, 11388]
33, 14, 15.1, [65899, 70638, 90]
33, 15, 14.71, [65899, 33300, 11387]
33, 16, 14.56, [33297, 70638, 11925]
33, 17, 14.55, [65899, 98063, 11925]
33, 18, 14.32, [70640, 98063, 11388]
33, 19, 13.81, [65899, 70638, 281]
33, 20, 13.64, [33296, 67332, 11388]
33, 21, 13.63, [113171, 98063, 11388]
33, 22, 13.61, [33298, 71858, 11388]
33, 23, 13.47, [65899, 98063, 11926]
33, 24, 13.32, [33300, 66167, 65899]
33, 25, 13.31, [65899, 113173, 12067]
33, 26, 13.23, [11387, 98063, 11388]
33, 27, 13.06, [65900, 62858, 11388]
33, 28, 12.43, [31634, 67332, 11388]
33, 29, 12.35, [65899, 33299, 11925]
33, 30, 12.09, [86, 56240, 113171]
33, 31, 11.85, [65899, 33300, 11925]
33, 32, 10.8, [33298, 33300, 73700]
33, 33, 10.73, [284, 80450, 12067]
34, 0, 19.33, [65899, 98063, 11388]
34, 1, 19.23, [65899, 70638, 11388]
34, 2, 18.4, [65899, 100140, 11388]
34, 3, 18.11, [33297, 150652, 11388]
34, 4, 18.07, [33297, 70638, 11388]
34, 5, 18.05, [65899, 286, 11388]
34, 6, 17.88, [65899, 98063, 11388]
34, 7, 17.54, [65899, 98063, 11387]
34, 8, 17.1, [65899, 98062, 11387]
34, 9, 17.07, [33297, 65901, 11388]
34, 10, 17.07, [65899, 98062, 11387]
34, 11, 16.93, [65899, 33297, 11388]
34, 12, 16.7, [33297, 98062, 11387]
34, 13, 15.46, [278, 70638, 11388]
34, 14, 15.19, [65899, 1927, 11388]
34, 15, 14.68, [150654, 98063, 11388]
34, 16, 14.66, [285, 46, 11388]
34, 17, 14.31, [70640, 98063, 11388]
34, 18, 14.25, [150653, 98063, 11388]
34, 19, 13.82, [70639, 70638, 11388]
34, 20, 13.53, [70639, 98063, 11388]
34, 21, 13.25, [65900, 98063, 11388]
34, 22, 13.13, [65899, 98062, 11926]
34, 23, 13.09, [33297, 98063, 281]
34, 24, 12.24, [90, 144436, 11388]
34, 25, 12.03, [65899, 77358, 91277]
34, 26, 11.49, [65899, 71858, 11925]
34, 27, 10.59, [65897, 70638, 67331]
34, 28, 10.53, [65899, 70640, 12067]
34, 29, 10.49, [150652, 98063, 65900]
34, 30, 10.45, [65899, 821, 10375]
34, 31, 10.43, [156909, 70638, 66166]
34, 32, 9.67, [65897, 98063, 113172]
34, 33, 9.64, [33296, 67332, 150655]
34, 34, 8.23, [70639, 33299, 91277]
35, 0, 19.33, [65899, 98063, 11388]
35, 1, 19.23, [65899, 70638, 11388]
35, 2, 18.58, [65899, 98063, 11388]
35, 3, 18.46, [65899, 80450, 11388]
35, 4, 18.41, [65899, 148118, 11388]
35, 5, 18.2, [33297, 150652, 11388]
35, 6, 17.95, [65899, 66167, 11388]
35, 7, 17.79, [65899, 98062, 11388]
35, 8, 17.03, [65899, 150654, 11388]
35, 9, 16.48, [88, 33297, 98063]
35, 10, 16.26, [65899, 65897, 46]
35, 11, 16.06, [65899, 80662, 11388]
35, 12, 15.88, [33298, 100140, 11388]
35, 13, 15.63, [100140, 286, 11388]
35, 14, 15.39, [65899, 80662, 11387]
35, 15, 15.27, [65899, 70638, 11925]
35, 16, 15.24, [33297, 150655, 11387]
35, 17, 15.21, [65899, 87893, 11388]
35, 18, 14.53, [70640, 98062, 11388]
35, 19, 14.46, [70640, 98063, 11388]
35, 20, 14.44, [65899, 98062, 12067]
35, 21, 14.42, [65899, 150652, 12067]
35, 22, 14.36, [65899, 148118, 144434]
35, 23, 14.35, [87, 100140, 11388]
35, 24, 13.99, [282, 98062, 11387]
35, 25, 13.77, [280, 150652, 11388]
35, 26, 13.75, [65900, 98063, 11388]
35, 27, 13.52, [156909, 100140, 11388]
35, 28, 13.48, [65899, 100140, 10375]
35, 29, 13.21, [56239, 150652, 11387]
35, 30, 13.21, [283, 156909, 11388]
35, 31, 13.11, [70639, 98062, 11388]
35, 32, 12.87, [65899, 150652, 33298]
35, 33, 12.41, [150654, 1063, 11388]
35, 34, 12.34, [65900, 70638, 11387]
35, 35, 9.52, [558, 98062, 12067]
36, 0, 19.43, [65899, 100141, 11388]
36, 1, 19.33, [65899, 98063, 11388]
36, 2, 19.23, [65899, 70638, 11388]
36, 3, 18.59, [65899, 127089, 11388]
36, 4, 18.1, [65899, 144434, 11388]
36, 5, 17.79, [65899, 150654, 11388]
36, 6, 17.47, [65899, 98063, 11387]
36, 7, 17.11, [65899, 91277, 89]
36, 8, 16.88, [65899, 156909, 11388]
36, 9, 16.74, [88, 33297, 221360]
36, 10, 15.97, [65899, 98065, 80656]
36, 11, 15.34, [65899, 70638, 12067]
36, 12, 15.29, [65899, 87893, 11388]
36, 13, 15.15, [65899, 70638, 98065]
36, 14, 15.03, [65899, 148118, 98062]
36, 15, 14.77, [65899, 148118, 11925]
36, 16, 14.38, [65900, 70638, 11388]
36, 17, 14.15, [65899, 148118, 11925]
36, 18, 13.83, [65899, 65897, 11925]
36, 19, 13.54, [91277, 70638, 11388]
36, 20, 13.42, [65899, 144436, 46]
36, 21, 13.38, [65899, 156909, 144434]
36, 22, 13.38, [11387, 80450, 11388]
36, 23, 13.26, [65899, 113173, 33297]
36, 24, 13.2, [33297, 98063, 10375]
36, 25, 13.0, [90, 283, 11388]
36, 26, 12.94, [70640, 1061, 11388]
36, 27, 12.88, [65899, 66167, 10375]
36, 28, 12.5, [70640, 77358, 11388]
36, 29, 11.91, [65899, 33299, 123524]
36, 30, 11.7, [65899, 80662, 11926]
36, 31, 11.42, [12067, 148118, 11388]
36, 32, 11.42, [65899, 67332, 11925]
36, 33, 11.39, [65900, 80662, 11388]
36, 34, 11.11, [65899, 65900, 11925]
36, 35, 7.69, [70639, 98063, 95674]
36, 36, 7.61, [65900, 98063, 95674]
37, 0, 19.43, [65899, 100141, 11388]
37, 1, 19.33, [65899, 98063, 11388]
37, 2, 18.43, [65899, 98062, 11388]
37, 3, 18.42, [33297, 98063, 11388]
37, 4, 17.72, [65899, 127089, 11387]
37, 5, 17.1, [33297, 144434, 11388]
37, 6, 17.0, [33297, 100141, 80656]
37, 7, 16.97, [278, 33297, 11388]
37, 8, 16.62, [65899, 33299, 11388]
37, 9, 16.13, [65899, 144436, 11388]
37, 10, 16.11, [65899, 67332, 11388]
37, 11, 15.27, [65899, 127089, 80450]
37, 12, 15.0, [65899, 77358, 11387]
37, 13, 14.63, [70640, 70638, 11388]
37, 14, 14.47, [65899, 98063, 91276]
37, 15, 14.44, [65899, 100141, 11926]
37, 16, 14.09, [88, 67332, 11388]
37, 17, 13.72, [65899, 148118, 11926]
37, 18, 13.6, [65899, 148118, 10375]
37, 19, 13.47, [123523, 70638, 11387]
37, 20, 13.4, [33297, 70638, 91277]
37, 21, 13.04, [98062, 98063, 11387]
37, 22, 13.0, [70639, 98063, 11388]
37, 23, 12.57, [70640, 33297, 221360]
37, 24, 12.46, [65900, 150654, 11388]
37, 25, 12.39, [286, 283, 11387]
37, 26, 12.21, [65899, 144436, 11925]
37, 27, 12.14, [65899, 150654, 10375]
37, 28, 11.88, [65899, 98065, 67331]
37, 29, 11.55, [11387, 156909, 11388]
37, 30, 11.28, [65899, 33297, 33298]
37, 31, 11.07, [12067, 283, 11388]
37, 32, 10.81, [65899, 150653, 1927]
37, 33, 10.54, [66171, 98063, 156909]
37, 34, 10.36, [65900, 144434, 221360]
37, 35, 9.63, [65900, 127089, 98065]
37, 36, 8.24, [113173, 87893, 80656]
37, 37, 7.46, [87893, 33299, 90]
38, 0, 19.71, [65899, 56240, 11388]
38, 1, 19.43, [65899, 100141, 11388]
38, 2, 19.33, [65899, 98063, 11388]
38, 3, 18.53, [65899, 127089, 11388]
38, 4, 17.82, [65899, 91277, 11388]
38, 5, 17.26, [65899, 113171, 11388]
38, 6, 17.18, [65899, 33297, 11388]
38, 7, 17.18, [65899, 144434, 11387]
38, 8, 17.14, [33297, 65901, 11388]
38, 9, 17.1, [33297, 113173, 11388]
38, 10, 16.77, [33298, 100141, 11388]
38, 11, 16.38, [65899, 66059, 11387]
38, 12, 16.23, [65899, 11388, 11387]
38, 13, 16.2, [65899, 33299, 11388]
38, 14, 15.95, [46, 98063, 11388]
38, 15, 15.87, [65899, 67332, 11388]
38, 16, 15.35, [65899, 67332, 11388]
38, 17, 15.01, [33298, 98062, 11388]
38, 18, 14.83, [286, 144434, 11388]
38, 19, 14.82, [65899, 98063, 11925]
38, 20, 14.53, [70640, 98063, 11388]
38, 21, 14.24, [33297, 144436, 11387]
38, 22, 13.68, [70640, 100141, 80656]
38, 23, 13.56, [70639, 33297, 11388]
38, 24, 13.56, [33297, 98063, 80449]
38, 25, 13.49, [33297, 77358, 46]
38, 26, 13.47, [65899, 144436, 87]
38, 27, 13.38, [65899, 127089, 150653]
38, 28, 13.37, [65899, 65901, 11926]
38, 29, 13.32, [70640, 144434, 11388]
38, 30, 13.32, [65899, 98062, 11926]
38, 31, 13.3, [33297, 127089, 144436]
38, 32, 13.25, [65899, 821, 73703]
38, 33, 13.13, [65900, 148118, 11388]
38, 34, 13.06, [33297, 98063, 11926]
38, 35, 12.37, [66169, 100141, 150015]
38, 36, 11.43, [278, 100141, 11925]
38, 37, 11.32, [14223, 98063, 11388]
39, 0, 19.71, [65899, 56240, 11388]
39, 1, 19.43, [65899, 100141, 11388]
39, 2, 18.41, [65899, 127089, 11388]
39, 3, 18.01, [33297, 62858, 11388]
39, 4, 17.45, [65899, 113173, 11388]
39, 5, 17.19, [65899, 134361, 11388]
39, 6, 17.08, [65899, 150653, 11388]
39, 7, 16.9, [65899, 65901, 11387]
39, 8, 16.84, [65899, 66170, 11388]
39, 9, 16.45, [33298, 70638, 11388]
39, 10, 16.26, [33297, 65901, 11388]
39, 11, 16.11, [33297, 65901, 11388]
39, 12, 15.63, [65899, 98063, 150652]
39, 13, 15.59, [65899, 100141, 33297]
39, 14, 15.55, [65899, 95674, 11388]
39, 15, 15.55, [65899, 91277, 56239]
39, 16, 15.22, [33299, 100141, 11388]
39, 17, 15.13, [65899, 98063, 11925]
39, 18, 14.07, [65899, 12067, 11388]
39, 19, 14.06, [33297, 100141, 11925]
39, 20, 13.76, [65899, 150652, 33297]
39, 21, 13.71, [150655, 56240, 11387]
39, 22, 13.7, [66170, 65899, 73700]
39, 23, 13.45, [65899, 113171, 33297]
39, 24, 13.12, [65899, 127089, 10375]
39, 25, 13.11, [1062, 100141, 88]
39, 26, 12.78, [150655, 66170, 11388]
39, 27, 12.28, [33298, 33297, 11925]
39, 28, 11.91, [221360, 56240, 12067]
39, 29, 11.86, [65899, 67331, 66169]
39, 30, 11.73, [66166, 33299, 11388]
39, 31, 11.26, [65899, 67332, 1063]
39, 32, 10.99, [150653, 100141, 11925]
39, 33, 10.71, [62858, 127089, 823]
39, 34, 10.64, [70639, 821, 11388]
39, 35, 10.11, [90, 100141, 1927]
39, 36, 9.82, [80450, 113173, 65900]
39, 37, 9.73, [150015, 80449, 12067]
40, 0, 19.71, [65899, 56240, 11388]
40, 1, 19.43, [65899, 100141, 11388]
40, 2, 19.17, [65899, 100141, 11388]
40, 3, 18.17, [65899, 66169, 11388]
40, 4, 18.17, [65899, 62858, 11388]
40, 5, 18.15, [65899, 282, 11388]
40, 6, 17.66, [33297, 98063, 11388]
40, 7, 17.65, [65899, 279, 11388]
40, 8, 17.37, [65899, 113173, 11388]
40, 9, 16.99, [65899, 77358, 11388]
40, 10, 16.16, [33298, 56240, 11388]
40, 11, 16.13, [33297, 156909, 11388]
40, 12, 16.02, [65899, 113173, 11387]
40, 13, 15.99, [11387, 80449, 65899]
40, 14, 15.57, [283, 100141, 11388]
40, 15, 15.54, [65899, 80450, 150654]
40, 16, 15.46, [65899, 67332, 11388]
40, 17, 15.46, [65899, 67332, 11388]
40, 18, 15.13, [65899, 62858, 12067]
40, 19, 14.91, [70640, 100141, 11388]
40, 20, 14.86, [65899, 80450, 33297]
40, 21, 14.82, [65899, 113172, 11388]
40, 22, 14.42, [33297, 70638, 12067]
40, 23, 14.32, [65897, 65901, 11387]
40, 24, 13.7, [70640, 91277, 11388]
40, 25, 13.5, [70640, 56240, 11387]
40, 26, 13.5, [65899, 113173, 11925]
40, 27, 13.12, [70640, 113173, 11388]
40, 28, 13.06, [65899, 66170, 11925]
40, 29, 12.85, [65899, 134362, 150652]
40, 30, 12.18, [65899, 221360, 33300]
40, 31, 12.16, [70640, 91277, 118602]
40, 32, 10.52, [33298, 95674, 11387]
40, 33, 9.82, [70640, 113173, 56239]
40, 34, 9.19, [134362, 56240, 71858]
40, 35, 8.8, [65900, 134361, 150652]
40, 36, 8.46, [66170, 56239, 1061]
40, 37, 8.17, [1061, 150652, 150654]
41, 0, 19.71, [65899, 56240, 11388]
41, 1, 19.43, [65899, 100141, 11388]
41, 2, 18.4, [65899, 98063, 11388]
41, 3, 17.95, [33297, 62858, 11388]
41, 4, 17.76, [33297, 56240, 11387]
41, 5, 17.69, [65899, 148118, 11388]
41, 6, 17.38, [65899, 113173, 11388]
41, 7, 16.76, [65899, 98063, 11387]
41, 8, 16.04, [65899, 118606, 11388]
41, 9, 15.74, [118602, 56240, 11387]
41, 10, 15.39, [65899, 56240, 11925]
41, 11, 15.15, [33297, 73703, 90]
41, 12, 14.83, [65899, 56239, 80449]
41, 13, 14.78, [33298, 90, 11388]
41, 14, 14.71, [33297, 65900, 11388]
41, 15, 14.59, [33298, 98063, 11387]
41, 16, 14.54, [65899, 56240, 11926]
41, 17, 14.51, [70640, 56240, 11388]
41, 18, 14.49, [11387, 12067, 65899]
41, 19, 14.49, [33297, 282, 150654]
41, 20, 14.44, [65899, 98063, 12067]
41, 21, 14.33, [70639, 33297, 11388]
41, 22, 14.27, [65899, 279, 11925]
41, 23, 14.08, [65899, 113173, 80449]
41, 24, 14.05, [11387, 12067, 65899]
41, 25, 14.05, [33297, 56240, 11926]
41, 26, 14.04, [33297, 56240, 12067]
41, 27, 13.91, [65900, 80450, 11388]
41, 28, 13.8, [33298, 62858, 11387]
41, 29, 13.67, [70640, 100141, 11387]
41, 30, 13.6, [65899, 113171, 80449]
41, 31, 12.9, [65900, 279, 11388]
41, 32, 12.7, [65899, 150652, 33298]
41, 33, 12.25, [11387, 66169, 11388]
41, 34, 11.34, [11387, 11388, 65900]
41, 35, 10.84, [67331, 100141, 80450]
41, 36, 10.04, [33299, 113172, 11388]
41, 37, 9.99, [278, 14223, 11387]
42, 0, 19.71, [65899, 56240, 11388]
42, 1, 19.43, [65899, 100141, 11388]
42, 2, 18.62, [33297, 56240, 11388]
42, 3, 18.54, [65899, 98063, 11388]
42, 4, 18.05, [33297, 66059, 11388]
42, 5, 17.72, [65899, 150654, 11388]
42, 6, 16.98, [100141, 73703, 11388]
42, 7, 16.96, [65899, 56239, 11387]
42, 8, 16.64, [33297, 66170, 11388]
42, 9, 16.62, [33297, 98063, 11387]
42, 10, 16.53, [65899, 118606, 11388]
42, 11, 16.26, [65899, 144436, 11388]
42, 12, 16.21, [66167, 100141, 11388]
42, 13, 15.83, [65899, 56240, 282]
42, 14, 15.28, [65899, 148118, 283]
42, 15, 15.19, [118602, 66169, 11388]
42, 16, 15.09, [65899, 156909, 11387]
42, 17, 14.27, [33299, 100141, 11388]
42, 18, 14.25, [134361, 98063, 11388]
42, 19, 14.15, [70640, 56240, 11387]
42, 20, 13.94, [65899, 90, 11925]
42, 21, 13.81, [33298, 98063, 11387]
42, 22, 13.8, [33297, 283, 90]
42, 23, 13.75, [65899, 62858, 11926]
42, 24, 13.35, [33298, 113171, 11388]
42, 25, 13.25, [65899, 66166, 80449]
42, 26, 13.09, [11926, 88, 11388]
42, 27, 12.79, [66170, 113173, 11388]
42, 28, 12.78, [70639, 98063, 11388]
42, 29, 12.76, [70639, 56239, 11388]
42, 30, 12.53, [100141, 11925, 278]
42, 31, 12.47, [56239, 100141, 90]
42, 32, 12.43, [65899, 113173, 33298]
42, 33, 12.35, [65899, 91276, 1063]
42, 34, 11.97, [70639, 56241, 11388]
42, 35, 11.96, [65899, 33297, 558]
42, 36, 11.43, [6376, 148118, 11388]
42, 37, 10.86, [33297, 113173, 95674]
42, 38, 10.22, [65900, 118606, 11387]
43, 0, 19.71, [65899, 56240, 11388]
43, 1, 19.43, [65899, 100141, 11388]
43, 2, 17.92, [65899, 62858, 11388]
43, 3, 17.65, [65899, 56240, 11387]
43, 4, 17.61, [33297, 144434, 11388]
43, 5, 17.34, [33297, 56240, 100141]
43, 6, 17.26, [65899, 56239, 11387]
43, 7, 17.07, [33297, 113173, 11388]
43, 8, 16.51, [33297, 66170, 11388]
43, 9, 16.34, [100141, 66169, 11388]
43, 10, 16.19, [65899, 66167, 11387]
43, 11, 16.06, [33297, 66166, 11388]
43, 12, 15.76, [33297, 144436, 11388]
43, 13, 15.43, [33297, 100141, 12067]
43, 14, 14.97, [65899, 134365, 11388]
43, 15, 14.82, [33297, 56240, 90]
43, 16, 14.66, [33297, 56240, 11926]
43, 17, 14.48, [33298, 56240, 11387]
43, 18, 14.45, [33299, 100141, 11388]
43, 19, 14.43, [123524, 56240, 11388]
43, 20, 14.38, [65899, 100141, 11926]
43, 21, 14.16, [33299, 98063, 11388]
43, 22, 14.07, [65899, 148118, 12067]
43, 23, 13.92, [70640, 73703, 11388]
43, 24, 13.91, [65899, 98063, 1061]
43, 25, 13.63, [33297, 98063, 11926]
43, 26, 13.55, [33297, 98063, 91276]
43, 27, 13.5, [91276, 100141, 56240]
43, 28, 13.41, [65900, 66059, 11388]
43, 29, 13.21, [65899, 118606, 98062]
43, 30, 13.2, [70639, 56240, 11388]
43, 31, 12.85, [65899, 66059, 11926]
43, 32, 12.8, [148118, 118606, 11388]
43, 33, 12.73, [70640, 100141, 283]
43, 34, 12.01, [70640, 66170, 11388]
43, 35, 11.96, [65900, 66170, 11388]
43, 36, 11.64, [65899, 134365, 56237]
43, 37, 11.6, [70639, 98063, 11387]
43, 38, 11.51, [12067, 33298, 11388]
43, 39, 9.32, [66169, 150015, 11926]
44, 0, 19.71, [65899, 56240, 11388]
44, 1, 19.43, [65899, 100141, 11388]
44, 2, 18.92, [65899, 56240, 11388]
44, 3, 17.91, [65899, 56240, 11387]
44, 4, 17.64, [33297, 56240, 11387]
44, 5, 17.58, [65899, 56241, 11388]
44, 6, 17.57, [65899, 56237, 11388]
44, 7, 17.3, [33297, 113173, 11388]
44, 8, 16.93, [33297, 62858, 11387]
44, 9, 16.85, [33297, 56240, 11387]
44, 10, 16.79, [65899, 56241, 100141]
44, 11, 16.69, [33297, 56237, 11388]
44, 12, 15.75, [33297, 56239, 11387]
44, 13, 15.63, [65899, 56237, 100141]
44, 14, 15.51, [33297, 98065, 100141]
44, 15, 15.27, [33297, 100141, 12067]
44, 16, 15.19, [65899, 56239, 282]
44, 17, 15.18, [65899, 46, 88]
44, 18, 15.02, [33297, 56240, 6376]
44, 19, 14.95, [65899, 56240, 113171]
44, 20, 14.71, [70640, 56240, 11388]
44, 21, 14.42, [65899, 144436, 11387]
44, 22, 14.07, [11387, 100141, 11388]
44, 23, 14.03, [65900, 56240, 11388]
44, 24, 13.82, [65899, 56237, 12067]
44, 25, 13.2, [70639, 148118, 11388]
44, 26, 13.19, [98062, 66170, 11388]
44, 27, 12.88, [70639, 56240, 100141]
44, 28, 12.74, [65899, 144434, 11926]
44, 29, 12.36, [65899, 14223, 91277]
44, 30, 12.25, [65899, 113172, 65901]
44, 31, 12.1, [65897, 62858, 12067]
44, 32, 12.09, [70639, 62858, 11387]
44, 33, 11.93, [33297, 66167, 10375]
44, 34, 11.66, [65899, 113171, 11926]
44, 35, 11.63, [70639, 62858, 11387]
44, 36, 11.2, [123523, 56240, 11925]
44, 37, 10.31, [70639, 100141, 12067]
44, 38, 10.11, [33297, 134365, 150015]
44, 39, 9.89, [100807, 56237, 278]
44, 40, 9.25, [65900, 56240, 11926]
45, 0, 19.71, [65899, 56240, 11388]
45, 1, 19.71, [65899, 56240, 11388]
45, 2, 19.43, [65899, 100141, 11388]
45, 3, 18.87, [65899, 100141, 11387]
45, 4, 18.63, [65899, 100141, 11387]
45, 5, 18.23, [65899, 100141, 11387]
45, 6, 17.98, [65899, 56239, 11388]
45, 7, 17.78, [65899, 56240, 11387]
45, 8, 17.74, [65899, 113173, 11388]
45, 9, 17.35, [65899, 56239, 11388]
45, 10, 17.13, [33298, 56240, 11388]
45, 11, 17.06, [33297, 56237, 11388]
45, 12, 16.98, [33297, 56240, 11387]
45, 13, 16.7, [33297, 66170, 11388]
45, 14, 16.59, [65899, 56239, 11387]
45, 15, 16.38, [33297, 62858, 100141]
45, 16, 16.31, [65899, 62858, 100141]
45, 17, 16.26, [33297, 77358, 11388]
45, 18, 16.15, [65899, 113173, 11387]
45, 19, 16.01, [33297, 62858, 11387]
45, 20, 15.91, [65899, 56240, 11925]
45, 21, 15.79, [65899, 56240, 11925]
45, 22, 15.71, [65899, 56240, 6376]
45, 23, 15.33, [33297, 113171, 11387]
45, 24, 15.05, [33297, 56240, 11925]
45, 25, 14.95, [33299, 100141, 11388]
45, 26, 14.47, [65899, 56241, 113173]
45, 27, 14.38, [65899, 56240, 11926]
45, 28, 13.97, [33297, 98065, 90]
45, 29, 13.87, [123523, 80450, 11388]
45, 30, 13.48, [65899, 56239, 6376]
45, 31, 13.42, [33297, 56237, 12067]
45, 32, 12.98, [33299, 56240, 11387]
45, 33, 12.64, [80450, 56240, 279]
45, 34, 12.36, [65899, 56241, 11926]
45, 35, 12.29, [70639, 113173, 11388]
45, 36, 12.25, [33299, 100141, 62858]
45, 37, 12.22, [65900, 62858, 11387]
45, 38, 12.19, [65900, 62858, 11387]
45, 39, 11.92, [70640, 98065, 100141]
45, 40, 10.01, [70639, 113172, 11388]
45, 41, 9.99, [134365, 56240, 284]
46, 0, 19.71, [65899, 56240, 11388]
46, 1, 19.71, [65899, 56240, 11388]
46, 2, 19.66, [65899, 100141, 11388]
46, 3, 19.46, [65899, 100141, 11388]
46, 4, 18.49, [65899, 100141, 11387]
46, 5, 18.39, [33297, 56240, 11388]
46, 6, 17.9, [65899, 56241, 11388]
46, 7, 17.75, [65899, 56239, 11388]
46, 8, 17.4, [33297, 56240, 11387]
46, 9, 17.37, [33297, 56240, 11387]
46, 10, 17.36, [65899, 56239, 11388]
46, 11, 17.14, [56240, 33296, 11388]
46, 12, 17.13, [33297, 56240, 11387]
46, 13, 16.91, [65899, 56239, 11387]
46, 14, 16.74, [33297, 56240, 100141]
46, 15, 15.96, [65899, 113171, 11388]
46, 16, 15.68, [65899, 56240, 284]
46, 17, 15.52, [65899, 56239, 127089]
46, 18, 15.43, [33297, 56239, 11387]
46, 19, 15.39, [33299, 56240, 11388]
46, 20, 15.16, [33298, 100141, 11387]
46, 21, 15.03, [73700, 62858, 11388]
46, 22, 14.93, [33297, 113171, 11387]
46, 23, 14.86, [65899, 150653, 80656]
46, 24, 14.76, [65899, 118606, 11387]
46, 25, 14.64, [65899, 56240, 11926]
46, 26, 14.57, [156909, 100141, 11388]
46, 27, 14.39, [65899, 279, 11925]
46, 28, 14.29, [65899, 100141, 149059]
46, 29, 14.22, [70639, 56240, 11388]
46, 30, 14.2, [65900, 100141, 11388]
46, 31, 13.93, [65899, 66170, 65901]
46, 32, 13.91, [65899, 14223, 11388]
46, 33, 13.66, [90, 66167, 11388]
46, 34, 13.56, [100140, 56240, 46]
46, 35, 12.91, [65899, 56237, 11926]
46, 36, 12.86, [65899, 118606, 100141]
46, 37, 12.43, [70639, 56240, 11387]
46, 38, 12.2, [66167, 56237, 11388]
46, 39, 11.61, [33297, 77358, 6376]
46, 40, 11.43, [286, 56240, 144436]
46, 41, 10.42, [33299, 77358, 100141]
46, 42, 10.0, [33297, 1927, 134362]
47, 0, 19.71, [65899, 56240, 11388]
47, 1, 19.71, [65899, 56240, 11388]
47, 2, 19.33, [65899, 56240, 11388]
47, 3, 18.68, [33297, 56240, 11388]
47, 4, 18.58, [65899, 100141, 11387]
47, 5, 18.47, [65899, 88, 11387]
47, 6, 18.44, [65899, 62858, 11388]
47, 7, 18.27, [65899, 150652, 11388]
47, 8, 17.35, [65899, 113173, 11388]
47, 9, 17.35, [33297, 56240, 11387]
47, 10, 17.08, [65899, 62858, 11387]
47, 11, 16.46, [65899, 56239, 11387]
47, 12, 16.41, [65899, 56239, 11387]
47, 13, 16.17, [65899, 100141, 11925]
47, 14, 16.15, [33297, 56241, 11387]
47, 15, 15.95, [33297, 113173, 11387]
47, 16, 15.95, [65899, 100141, 12067]
47, 17, 15.7, [33297, 113171, 11387]
47, 18, 15.49, [33297, 56240, 80450]
47, 19, 15.37, [65899, 56240, 113171]
47, 20, 15.19, [70640, 56240, 11388]
47, 21, 15.14, [65899, 56240, 11925]
47, 22, 14.92, [33297, 56240, 6376]
47, 23, 14.78, [65900, 100141, 11388]
47, 24, 14.67, [65899, 86, 279]
47, 25, 14.39, [65899, 56239, 56240]
47, 26, 14.26, [65899, 150015, 12067]
47, 27, 13.54, [33297, 56240, 66166]
47, 28, 13.42, [73700, 113171, 11388]
47, 29, 13.41, [65899, 56240, 127088]
47, 30, 12.9, [134361, 100141, 46]
47, 31, 12.78, [70640, 100141, 127089]
47, 32, 12.74, [134362, 56239, 11388]
47, 33, 12.67, [70639, 56239, 11388]
47, 34, 12.64, [123524, 62858, 11387]
47, 35, 12.49, [65900, 56240, 11387]
47, 36, 12.37, [65899, 10375, 11387]
47, 37, 12.14, [70639, 56239, 11388]
47, 38, 12.02, [67331, 56240, 11388]
47, 39, 11.42, [11388, 65900, 149059]
47, 40, 11.24, [56237, 11387, 134361]
47, 41, 10.97, [65899, 71858, 66059]
47, 42, 8.55, [65900, 134365, 11387]
47, 43, 8.25, [144436, 67331, 11387]
48, 0, 19.71, [65899, 56240, 11388]
48, 1, 19.71, [65899, 56240, 11388]
48, 2, 18.92, [65899, 89, 11387]
48, 3, 18.13, [65899, 62858, 11388]
48, 4, 18.09, [65899, 118602, 11387]
48, 5, 18.09, [65899, 150652, 11388]
48, 6, 17.86, [65899, 118602, 11387]
48, 7, 17.7, [65899, 98062, 11387]
48, 8, 17.54, [65899, 56237, 11388]
48, 9, 17.45, [65899, 113171, 11388]
48, 10, 17.12, [65899, 56237, 11387]
48, 11, 16.9, [65899, 56239, 11387]
48, 12, 16.78, [65899, 56237, 11387]
48, 13, 16.77, [33297, 80656, 11387]
48, 14, 16.7, [65899, 113173, 11388]
48, 15, 16.29, [33297, 66170, 11388]
48, 16, 16.19, [65899, 113173, 11387]
48, 17, 15.81, [33297, 80449, 11387]
48, 18, 15.65, [65899, 65901, 282]
48, 19, 15.46, [65899, 150654, 11387]
48, 20, 15.44, [65899, 56239, 87]
48, 21, 15.24, [33298, 100141, 11387]
48, 22, 15.04, [33297, 150655, 11387]
48, 23, 15.02, [65899, 88, 11925]
48, 24, 15.01, [33297, 56241, 80661]
48, 25, 14.97, [65899, 118606, 11387]
48, 26, 14.46, [123524, 56240, 11388]
48, 27, 14.39, [65899, 62858, 11925]
48, 28, 14.32, [113173, 56240, 11387]
48, 29, 14.27, [33297, 56240, 11926]
48, 30, 13.87, [33297, 33298, 80661]
48, 31, 13.73, [33297, 56240, 70640]
48, 32, 13.63, [70639, 56240, 11388]
48, 33, 13.48, [65899, 56239, 6376]
48, 34, 13.19, [285, 56240, 11925]
48, 35, 13.0, [65900, 150652, 11388]
48, 36, 12.73, [67331, 88, 11388]
48, 37, 12.65, [134362, 90, 11388]
48, 38, 12.64, [65899, 12067, 66166]
48, 39, 11.89, [31634, 56240, 6376]
48, 40, 10.5, [11925, 56240, 12067]
48, 41, 10.14, [1927, 66167, 11387]
48, 42, 9.23, [70639, 56240, 12067]
48, 43, 7.86, [11935, 56239, 12067]
48, 44, 6.11, [280, 65900, 823]
49, 0, 19.71, [65899, 56240, 11388]
49, 1, 19.71, [65899, 56240, 11388]
49, 2, 18.59, [33297, 118602, 11388]
49, 3, 18.2, [65899, 150652, 11388]
49, 4, 17.83, [65899, 98063, 11387]
49, 5, 17.79, [65899, 56240, 11387]
49, 6, 17.69, [65899, 73703, 11387]
49, 7, 17.69, [65899, 150654, 11388]
49, 8, 17.56, [33297, 56240, 11387]
49, 9, 17.51, [33297, 56240, 11387]
49, 10, 17.19, [65899, 56240, 70638]
49, 11, 17.19, [65899, 150654, 11388]
49, 12, 16.94, [65899, 123523, 11388]
49, 13, 16.89, [33297, 56239, 11388]
49, 14, 16.88, [65899, 56239, 11387]
49, 15, 16.86, [80656, 118602, 11388]
49, 16, 16.81, [33297, 127089, 11387]
49, 17, 16.55, [33297, 150654, 11388]
49, 18, 16.35, [65899, 89, 148118]
49, 19, 15.98, [65899, 89, 11925]
49, 20, 15.73, [65899, 66166, 11387]
49, 21, 15.27, [70640, 89, 11388]
49, 22, 15.21, [65899, 56240, 149059]
49, 23, 14.79, [65899, 100141, 1063]
49, 24, 14.77, [65899, 56240, 11925]
49, 25, 14.66, [1062, 89, 11388]
49, 26, 14.51, [65900, 118602, 11388]
49, 27, 14.46, [65899, 80656, 144436]
49, 28, 14.2, [70640, 56239, 11388]
49, 29, 14.18, [65899, 56239, 11925]
49, 30, 14.14, [65899, 56240, 10375]
49, 31, 13.92, [558, 118602, 11388]
49, 32, 13.84, [70640, 56240, 11387]
49, 33, 13.63, [65899, 113171, 11925]
49, 34, 13.55, [65899, 98062, 10375]
49, 35, 13.1, [70639, 56240, 11387]
49, 36, 13.05, [65900, 56239, 11388]
49, 37, 13.03, [65899, 113171, 11925]
49, 38, 12.97, [100141, 66059, 56237]
49, 39, 12.89, [86, 98062, 100140]
49, 40, 12.56, [65899, 98062, 67332]
49, 41, 12.48, [65900, 56240, 11387]
49, 42, 12.02, [70640, 56239, 11387]
49, 43, 11.24, [90, 56240, 118606]
49, 44, 10.75, [70640, 281, 11387]
49, 45, 10.55, [11925, 113173, 11388]
50, 0, 19.71, [65899, 56240, 11388]
50, 1, 19.71, [65899, 56240, 11388]
50, 2, 19.49, [65899, 56240, 11388]
50, 3, 18.8, [33297, 118602, 11388]
50, 4, 17.42, [33297, 56240, 11387]
50, 5, 16.81, [65899, 144436, 11388]
50, 6, 16.81, [33297, 283, 11388]
50, 7, 16.57, [65899, 123523, 11388]
50, 8, 16.44, [65899, 144436, 11388]
50, 9, 16.42, [33297, 56240, 91277]
50, 10, 15.92, [66169, 127089, 11388]
50, 11, 15.76, [33297, 71858, 11388]
50, 12, 15.7, [65899, 118602, 11925]
50, 13, 15.36, [33297, 56237, 11387]
50, 14, 15.31, [33297, 123523, 11387]
50, 15, 15.1, [65899, 89, 12067]
50, 16, 14.88, [148118, 98062, 11388]
50, 17, 14.88, [65899, 56239, 148118]
50, 18, 14.82, [65899, 123523, 100141]
50, 19, 14.76, [221360, 73703, 11387]
50, 20, 14.65, [46, 56240, 11387]
50, 21, 14.62, [65899, 56239, 12067]
50, 22, 14.58, [150652, 80656, 11387]
50, 23, 14.48, [65899, 150015, 33296]
50, 24, 14.44, [62858, 56240, 11388]
50, 25, 14.43, [33298, 118602, 11387]
50, 26, 14.28, [65899, 98063, 77358]
50, 27, 14.22, [66169, 283, 11388]
50, 28, 13.71, [65899, 33298, 11387]
50, 29, 13.69, [65899, 98063, 6376]
50, 30, 13.56, [65899, 31634, 87]
50, 31, 13.44, [65900, 73703, 11388]
50, 32, 13.41, [1060, 56240, 11387]
50, 33, 13.3, [70639, 73703, 11388]
50, 34, 13.25, [33298, 56239, 11387]
50, 35, 13.12, [65900, 56240, 11387]
50, 36, 13.02, [65899, 150654, 150652]
50, 37, 12.82, [46, 123523, 11387]
50, 38, 12.67, [33297, 150654, 11926]
50, 39, 12.52, [33297, 11387, 33299]
50, 40, 11.19, [89, 156909, 80449]
50, 41, 11.16, [66167, 73703, 100807]
50, 42, 10.36, [33299, 56240, 56241]
50, 43, 9.78, [1061, 62858, 150015]
50, 44, 9.7, [281, 100141, 11926]
50, 45, 9.38, [71858, 56240, 149059]
50, 46, 7.78, [823, 150652, 11926]
