n_nodes,influence,n0,n1,n2,n3,n4,n5,n6
7,21.7000,2625,4072,4829,1997,1111,2071,4536
7,21.7000,2625,4072,4829,1997,1111,2071,4536
7,20.9900,2625,4072,4829,1997,1111,2071,4536
7,18.8000,2625,4072,3563,1997,7900,1111,4536
7,18.6200,2625,4072,3563,1997,2071,1111,4536
7,18.6200,2625,4072,3563,1997,2071,1111,4536
7,18.6200,2625,4072,3563,1997,2071,1111,4536
7,18.6200,2625,4072,3563,1997,2071,1111,4536
7,18.6200,2625,4072,3563,1997,2071,1111,4536
7,18.6200,2625,4072,3563,1997,2071,1111,4536
7,18.6200,2625,4072,3563,1997,2071,1111,4536
7,18.6200,2625,4072,3563,1997,2071,1111,4536
7,18.6100,2625,4072,3563,1997,7900,1111,4536
7,18.5100,2625,4072,3563,1997,2071,1111,4536
7,18.5100,2625,4072,3563,1997,2071,1111,4536
7,18.4500,2625,4072,3563,1997,2071,1111,4536
