generation number, pop_size, worst, best, median, avg, std, diversity, improvement, number_of_selections
0, 10, 4.83, 9.38, 7.09, 7.2379999999999995, 1.2725313355670265,0.9777777777777777,0,[1.e-300]
1, 10, 7.81, 10.87, 8.835, 8.858, 0.8267986453786677,0.9,0.15884861407249448,[1.e-300]
2, 10, 6.49, 10.87, 9.2, 9.127, 1.357277053515604,0.8888888888888888,0.0,[1.e-300]
3, 10, 6.37, 10.87, 9.684999999999999, 9.362, 1.3330701406902787,0.8888888888888888,0.0,[1.e-300]
4, 10, 7.92, 10.87, 9.455, 9.346, 1.0346033056200816,0.8888888888888888,0.0,[1.e-300]
5, 10, 6.75, 12.42, 9.215, 9.357, 1.8090442227872705,0.8888888888888888,0.14259429622815095,[1.e-300]
6, 10, 5.93, 12.42, 9.43, 8.992, 2.3332329502216447,0.8888888888888888,0.0,[1.e-300]
7, 10, 6.0, 12.42, 10.559999999999999, 9.92, 2.2278060956914536,0.8111111111111111,0.0,[1.e-300]
8, 10, 5.98, 12.42, 8.120000000000001, 8.824, 2.0518440486547704,0.9,0.0,[1.e-300]
9, 10, 5.17, 12.51, 9.575, 9.355, 2.4556312833974077,0.9333333333333333,0.007246376811594192,[1.e-300]
10, 10, 7.65, 12.51, 11.685, 10.736, 1.8405227518289469,0.8333333333333334,0.0,[1.e-300]
