generation number, individual number, fitness, candidate
0, 0, 2.28, [3736, 3752]
0, 1, 2.13, [3743, 3750]
0, 2, 2.1, [159, 3746]
0, 3, 2.08, [1834, 4131]
0, 4, 2.07, [3756, 3740]
0, 5, 2.06, [3397, 3746]
0, 6, 2.04, [546, 1830]
0, 7, 2.02, [1321, 546]
0, 8, 2.01, [271, 2595]
0, 9, 2.01, [229, 72]
1, 0, 2.28, [3736, 3752]
1, 1, 2.14, [3736, 3744]
1, 2, 2.13, [3736, 3756]
1, 3, 2.13, [3743, 3750]
1, 4, 2.11, [3736, 4130]
1, 5, 2.11, [1834, 3760]
1, 6, 2.09, [4128, 4131]
1, 7, 2.08, [2463, 3752]
1, 8, 2.05, [101, 3740]
1, 9, 2.04, [3756, 4184]
2, 0, 2.28, [3736, 3752]
2, 1, 2.22, [3742, 3752]
2, 2, 2.14, [3736, 3744]
2, 3, 2.13, [4129, 3742]
2, 4, 2.09, [3736, 77]
2, 5, 2.08, [119, 3752]
2, 6, 2.08, [1322, 4128]
2, 7, 2.08, [3736, 1032]
2, 8, 2.07, [3736, 1828]
2, 9, 2.07, [1825, 72]
3, 0, 2.28, [3736, 3752]
3, 1, 2.22, [3742, 3752]
3, 2, 2.14, [3736, 3756]
3, 3, 2.14, [72, 3752]
3, 4, 2.13, [3742, 3754]
3, 5, 2.13, [3760, 3743]
3, 6, 2.09, [3736, 1322]
3, 7, 2.06, [3736, 4184]
3, 8, 2.05, [1605, 77]
3, 9, 2.03, [3105, 1321]
4, 0, 2.28, [3736, 3752]
4, 1, 2.22, [3742, 3752]
4, 2, 2.17, [3736, 3748]
4, 3, 2.15, [293, 3742]
4, 4, 2.15, [2229, 181]
4, 5, 2.14, [3748, 3752]
4, 6, 2.13, [3739, 3758]
4, 7, 2.13, [3742, 285]
4, 8, 2.12, [3744, 1032]
4, 9, 2.11, [271, 3744]
5, 0, 2.28, [3736, 3752]
5, 1, 2.22, [3742, 3752]
5, 2, 2.21, [3736, 2229]
5, 3, 2.15, [3736, 4130]
5, 4, 2.12, [3742, 159]
5, 5, 2.12, [4130, 3752]
5, 6, 2.05, [693, 4128]
5, 7, 2.04, [693, 2229]
5, 8, 2.02, [3777, 3397]
5, 9, 2.02, [359, 3397]
6, 0, 2.28, [3736, 3752]
6, 1, 2.22, [3742, 3752]
6, 2, 2.14, [1830, 3736]
6, 3, 2.11, [159, 3749]
6, 4, 2.1, [3736, 3750]
6, 5, 2.03, [2490, 2463]
6, 6, 2.03, [1830, 2490]
6, 7, 2.03, [3740, 546]
6, 8, 2.03, [285, 3759]
6, 9, 2.03, [4184, 1605]
7, 0, 2.28, [3736, 3752]
7, 1, 2.22, [3742, 3752]
7, 2, 2.15, [3758, 2229]
7, 3, 2.14, [1834, 3752]
7, 4, 2.14, [3740, 3752]
7, 5, 2.13, [2595, 3752]
7, 6, 2.12, [3761, 4130]
7, 7, 2.11, [3754, 1322]
7, 8, 2.1, [3737, 1831]
7, 9, 2.1, [229, 3753]
8, 0, 2.28, [3736, 3752]
8, 1, 2.22, [3742, 3752]
8, 2, 2.15, [3745, 3752]
8, 3, 2.12, [3742, 282]
8, 4, 2.11, [3740, 3755]
8, 5, 2.1, [3758, 3744]
8, 6, 2.1, [3742, 229]
8, 7, 2.07, [3740, 3733]
8, 8, 2.05, [3742, 4131]
8, 9, 2.02, [3761, 1605]
9, 0, 2.28, [3736, 3752]
9, 1, 2.22, [3742, 3752]
9, 2, 2.18, [3733, 3752]
9, 3, 2.18, [3759, 3752]
9, 4, 2.14, [1987, 3752]
9, 5, 2.13, [3753, 3752]
9, 6, 2.12, [3749, 3752]
9, 7, 2.12, [3736, 3748]
9, 8, 2.12, [3748, 3736]
9, 9, 2.07, [3745, 689]
10, 0, 2.28, [3736, 3752]
10, 1, 2.22, [3742, 3752]
10, 2, 2.19, [3736, 1605]
10, 3, 2.12, [3742, 3760]
10, 4, 2.09, [1825, 1834]
10, 5, 2.08, [3742, 3733]
10, 6, 2.06, [3746, 3737]
10, 7, 2.06, [1032, 3752]
10, 8, 2.04, [546, 229]
10, 9, 2.04, [1831, 1834]
