n_nodes,influence,n0,n1,n2,n3,n4,n5,n6,n7,n8,n9,n10,n11,n12,n13,n14
15,28.6200,74937,2072,210848,131474,258407,149671,99427,4308,93652,136673,175912,155904,29910,13840,192547
15,28.6200,74937,2072,210848,131474,258407,149671,99427,4308,93652,136673,175912,155904,29910,13840,192547
15,28.6200,74937,2072,210848,131474,258407,149671,99427,4308,93652,136673,175912,155904,29910,13840,192547
15,28.6200,74937,2072,210848,131474,258407,149671,99427,4308,93652,136673,175912,155904,29910,13840,192547
15,28.6200,74937,2072,210848,131474,258407,149671,99427,4308,93652,136673,175912,155904,29910,13840,192547
15,28.6200,74937,2072,210848,131474,258407,149671,99427,4308,93652,136673,175912,155904,29910,13840,192547
15,28.6200,74937,2072,210848,131474,258407,149671,99427,4308,93652,136673,175912,155904,29910,13840,192547
15,28.6200,74937,2072,210848,131474,258407,149671,99427,4308,93652,136673,175912,155904,29910,13840,192547
15,28.6200,74937,2072,210848,131474,258407,149671,99427,4308,93652,136673,175912,155904,29910,13840,192547
15,28.6200,74937,2072,210848,131474,258407,149671,99427,4308,93652,136673,175912,155904,29910,13840,192547
15,28.6200,74937,2072,210848,131474,258407,149671,99427,4308,93652,136673,175912,155904,29910,13840,192547
15,28.6200,74937,2072,210848,131474,258407,149671,99427,4308,93652,136673,175912,155904,29910,13840,192547
15,28.6200,74937,2072,210848,131474,258407,149671,99427,4308,93652,136673,175912,155904,29910,13840,192547
15,28.4700,74937,2072,210848,131474,258407,149671,99427,4308,93652,136673,175912,155904,29910,13840,192547
15,28.4700,74937,2072,210848,131474,258407,149671,99427,4308,93652,136673,175912,155904,29910,13840,192547
15,28.4700,74937,2072,210848,131474,258407,149671,99427,4308,93652,136673,175912,155904,29910,13840,192547
