generation number, pop_size, worst, best, median, avg, std, diversity, improvement, number_of_selections
0, 10, 2.01, 2.09, 2.035, 2.0389999999999993, 0.0262488094968134,0.9888888888888889,0,[1.e-300]
1, 10, 2.05, 2.12, 2.0700000000000003, 2.075, 0.0250000000000001,0.8888888888888888,0.014354066985646053,[10.]
2, 10, 2.03, 2.18, 2.0949999999999998, 2.096, 0.042237424163885866,0.8666666666666667,0.028301886792452855,[20.]
3, 10, 2.03, 2.18, 2.115, 2.103, 0.04900000000000012,0.9222222222222223,0.0,[30.]
4, 10, 2.01, 2.18, 2.0700000000000003, 2.0799999999999996, 0.05253570214625489,0.9444444444444444,0.0,[40.]
5, 10, 2.03, 2.18, 2.065, 2.087, 0.05100000000000011,0.8555555555555556,0.0,[50.]
6, 10, 2.01, 2.18, 2.0700000000000003, 2.0799999999999996, 0.06244997998398406,0.9333333333333333,0.0,[60.]
7, 10, 2.03, 2.2, 2.12, 2.111, 0.06236184731067559,0.8888888888888888,0.009174311926605512,[70.]
8, 10, 2.04, 2.2, 2.0949999999999998, 2.103, 0.050803543183522204,0.9444444444444444,0.0,[80.]
9, 10, 2.04, 2.2, 2.125, 2.1319999999999997, 0.05617828762075259,0.9333333333333333,0.0,[90.]
10, 10, 2.05, 2.22, 2.085, 2.116, 0.06151422599691891,0.9111111111111111,0.009090909090909097,[100.]
