generation number, individual number, fitness, candidate
0, 0, 11.0, [2332, 1480]
0, 1, 10.0, [1827, 1480]
0, 2, 9.0, [1025, 521]
0, 3, 6.72, [1328, 1402]
0, 4, 5.46, [1223, 1328]
0, 5, 5.0, [1611, 785]
0, 6, 3.49, [1311, 788]
0, 7, 3.0, [1619, 1611]
0, 8, 2.0, [1619, 1149]
0, 9, 2.0, [1767, 1580]
1, 0, 45.92, [6917, 1328]
1, 1, 11.0, [2332, 1480]
1, 2, 10.0, [905, 1480]
1, 3, 10.0, [2320, 1141]
1, 4, 10.0, [1827, 1480]
1, 5, 7.36, [2332, 788]
1, 6, 7.0, [1279, 1480]
1, 7, 7.0, [905, 521]
1, 8, 6.0, [1025, 1580]
1, 9, 5.0, [905, 3124]
2, 0, 46.57, [6917, 1417]
2, 1, 46.5, [6917, 1417]
2, 2, 46.49, [6917, 1417]
2, 3, 45.92, [6917, 1328]
2, 4, 11.0, [2332, 1480]
2, 5, 9.51, [2320, 1328]
2, 6, 9.5, [2320, 1328]
2, 7, 9.43, [2320, 1328]
2, 8, 9.0, [1068, 1417]
2, 9, 6.0, [2332, 1497]
3, 0, 63.28, [1509, 1091]
3, 1, 61.68, [1611, 1509]
3, 2, 46.57, [6917, 1417]
3, 3, 46.5, [6917, 1417]
3, 4, 46.47, [6917, 1141]
3, 5, 44.57, [6917, 1425]
3, 6, 6.0, [775, 1417]
3, 7, 5.0, [749, 1935]
3, 8, 4.0, [1347, 785]
3, 9, 3.0, [1247, 1368]
4, 0, 65.61, [1223, 1509]
4, 1, 63.28, [1509, 1091]
4, 2, 63.07, [1509, 1091]
4, 3, 61.68, [1611, 1509]
4, 4, 12.0, [1090, 1091]
4, 5, 12.0, [1090, 1091]
4, 6, 11.96, [1350, 1417]
4, 7, 8.0, [1146, 576]
4, 8, 8.0, [1401, 585]
4, 9, 5.0, [1090, 1417]
5, 0, 65.61, [1223, 1509]
5, 1, 63.28, [1509, 1091]
5, 2, 62.3, [1368, 1509]
5, 3, 60.9, [1509, 1311]
5, 4, 13.0, [1430, 1401]
5, 5, 12.0, [2989, 1091]
5, 6, 12.0, [1091, 1190]
5, 7, 7.0, [775, 2332]
5, 8, 6.76, [1223, 697]
5, 9, 6.0, [1368, 1430]
6, 0, 65.61, [1223, 1509]
6, 1, 63.28, [1509, 1091]
6, 2, 46.38, [6917, 1417]
6, 3, 10.48, [1407, 2171]
6, 4, 10.0, [1425, 1078]
6, 5, 5.49, [1407, 1906]
6, 6, 3.0, [1580, 975]
6, 7, 3.0, [2094, 1935]
6, 8, 3.0, [1020, 717]
6, 9, 2.0, [1378, 2094]
7, 0, 65.65, [1509, 1141]
7, 1, 65.61, [1223, 1509]
7, 2, 65.28, [1509, 1141]
7, 3, 63.28, [1509, 1091]
7, 4, 61.16, [1201, 1509]
7, 5, 46.54, [6917, 1430]
7, 6, 43.55, [6917, 1078]
7, 7, 12.0, [645, 1091]
7, 8, 6.53, [1223, 1580]
7, 9, 2.47, [697, 2094]
8, 0, 65.65, [1509, 1141]
8, 1, 65.61, [1223, 1509]
8, 2, 65.33, [1509, 1141]
8, 3, 62.65, [1509, 1157]
8, 4, 62.15, [1509, 1368]
8, 5, 15.0, [1091, 1141]
8, 6, 9.0, [695, 785]
8, 7, 5.0, [1146, 1620]
8, 8, 4.32, [1230, 3662]
8, 9, 2.57, [1226, 697]
9, 0, 66.16, [1509, 1068]
9, 1, 65.65, [1509, 1141]
9, 2, 65.61, [1223, 1509]
9, 3, 61.33, [1509, 1351]
9, 4, 61.24, [1509, 1437]
9, 5, 43.41, [6917, 775]
9, 6, 8.0, [1475, 1425]
9, 7, 6.0, [1935, 1141]
9, 8, 6.0, [975, 1141]
9, 9, 3.0, [1064, 1611]
10, 0, 66.16, [1509, 1068]
10, 1, 65.65, [1509, 1141]
10, 2, 10.44, [3124, 1224]
10, 3, 9.0, [1442, 905]
10, 4, 7.0, [140, 831]
10, 5, 6.43, [1223, 4227]
10, 6, 6.0, [1442, 831]
10, 7, 5.0, [1580, 1141]
10, 8, 4.96, [1475, 1230]
10, 9, 4.54, [1328, 831]
