num_genrations,diversity,improvement,best_fitness
0,0.9990740740740741,0,18.48
1,0.8231481481481482,0.0,18.48
2,0.6787037037037037,0.005952380952380922,18.59
3,0.5583333333333333,0.013448090371167294,18.84
4,0.21666666666666656,0.2839702760084927,24.19
5,0.21018518518518514,0.1062422488631666,26.76
6,0.13425925925925908,0.0,26.76
7,0.1425925925925925,0.0,26.76
8,0.13055555555555554,0.011584454409566469,27.07
9,0.2574074074074073,-0.007018840044329564,26.88
10,0.06388888888888888,0.029761904761904788,27.68
