generation number, individual number, fitness, candidate
0, 0, 3.15, [6376, 66171, 56239]
0, 1, 3.14, [1061, 134361, 56241]
0, 2, 3.12, [87, 278, 282]
0, 3, 3.11, [88, 1063, 66170]
0, 4, 3.1, [65901, 144434, 150015]
0, 5, 3.1, [66169, 127089, 33300]
0, 6, 3.08, [98065, 279, 134365]
0, 7, 3.08, [283, 33298, 80662]
0, 8, 3.07, [86, 65897, 95674]
0, 9, 3.07, [90, 66170, 87]
1, 0, 3.19, [87, 286, 66170]
1, 1, 3.16, [1061, 149059, 56239]
1, 2, 3.15, [1061, 66171, 66167]
1, 3, 3.15, [6376, 66171, 56239]
1, 4, 3.14, [1061, 134361, 56241]
1, 5, 3.13, [87, 66171, 62858]
1, 6, 3.12, [6376, 86, 282]
1, 7, 3.11, [11388, 134361, 56241]
1, 8, 3.11, [88, 279, 282]
1, 9, 3.03, [11925, 80661, 123523]
2, 0, 3.2, [1061, 282, 66170]
2, 1, 3.19, [87, 286, 66170]
2, 2, 3.18, [87, 286, 56237]
2, 3, 3.16, [87, 90, 56239]
2, 4, 3.16, [1061, 149059, 56239]
2, 5, 3.15, [1061, 56240, 56239]
2, 6, 3.13, [87, 118602, 56239]
2, 7, 3.12, [1061, 149059, 56239]
2, 8, 3.12, [1061, 66171, 56240]
2, 9, 3.12, [1061, 149059, 56240]
2, 10, 3.1, [90, 66171, 56239]
3, 0, 3.2, [1061, 282, 66170]
3, 1, 3.19, [86, 286, 56239]
3, 2, 3.19, [87, 286, 66170]
3, 3, 3.16, [87, 282, 56240]
3, 4, 3.11, [1061, 90, 62858]
3, 5, 3.1, [118606, 90, 66170]
3, 6, 3.1, [281, 279, 14223]
3, 7, 3.09, [91277, 282, 281]
3, 8, 3.07, [1061, 90, 66170]
3, 9, 3.07, [91277, 282, 286]
3, 10, 3.06, [80656, 86, 80450]
4, 0, 3.2, [1061, 282, 66170]
4, 1, 3.19, [86, 286, 56239]
4, 2, 3.15, [284, 286, 56239]
4, 3, 3.14, [1061, 66059, 150654]
4, 4, 3.13, [1061, 90, 56239]
4, 5, 3.12, [86, 282, 67331]
4, 6, 3.12, [1061, 56241, 66170]
4, 7, 3.12, [87, 282, 80450]
4, 8, 3.11, [87, 282, 66170]
4, 9, 3.1, [1060, 282, 80450]
4, 10, 3.07, [1061, 282, 66170]
5, 0, 3.2, [1061, 286, 56237]
5, 1, 3.2, [1061, 282, 66170]
5, 2, 3.19, [86, 286, 56239]
5, 3, 3.13, [86, 282, 33300]
5, 4, 3.12, [86, 282, 150652]
5, 5, 3.11, [86, 144436, 11387]
5, 6, 3.11, [11388, 282, 46]
5, 7, 3.1, [282, 286, 80449]
5, 8, 3.09, [65901, 286, 118606]
5, 9, 3.07, [65897, 77358, 134362]
5, 10, 3.06, [279, 91276, 73700]
6, 0, 3.2, [1061, 286, 56237]
6, 1, 3.2, [1061, 282, 66170]
6, 2, 3.18, [89, 282, 56237]
6, 3, 3.18, [86, 282, 56240]
6, 4, 3.15, [1061, 286, 33297]
6, 5, 3.15, [1061, 283, 56237]
6, 6, 3.15, [90, 282, 56239]
6, 7, 3.15, [1061, 286, 31634]
6, 8, 3.14, [1061, 282, 56239]
6, 9, 3.12, [86, 282, 80450]
6, 10, 3.11, [1061, 286, 56240]
6, 11, 3.11, [1061, 286, 80450]
7, 0, 3.26, [86, 284, 56237]
7, 1, 3.23, [1061, 1060, 56237]
7, 2, 3.21, [86, 282, 80450]
7, 3, 3.2, [1061, 286, 56237]
7, 4, 3.2, [1061, 282, 66170]
7, 5, 3.18, [1061, 134361, 56237]
7, 6, 3.17, [286, 282, 56237]
7, 7, 3.16, [284, 286, 56237]
7, 8, 3.15, [1061, 80449, 66170]
7, 9, 3.13, [1061, 284, 56239]
7, 10, 3.11, [282, 286, 66170]
7, 11, 3.11, [33296, 282, 66170]
7, 12, 3.11, [1061, 282, 66170]
8, 0, 3.26, [86, 284, 56237]
8, 1, 3.23, [1061, 1060, 56237]
8, 2, 3.22, [70638, 86, 56237]
8, 3, 3.22, [286, 284, 56237]
8, 4, 3.2, [1061, 282, 80449]
8, 5, 3.18, [86, 46, 56237]
8, 6, 3.17, [283, 284, 56237]
8, 7, 3.17, [86, 284, 98063]
8, 8, 3.16, [286, 282, 80450]
8, 9, 3.16, [86, 283, 66170]
8, 10, 3.14, [88, 1060, 56237]
8, 11, 3.14, [1061, 100140, 56237]
8, 12, 3.12, [86, 286, 80656]
8, 13, 3.11, [46, 134361, 56237]
9, 0, 3.26, [86, 284, 56237]
9, 1, 3.23, [1061, 1060, 56237]
9, 2, 3.18, [86, 284, 56239]
9, 3, 3.16, [86, 286, 56237]
9, 4, 3.16, [66171, 150654, 56237]
9, 5, 3.16, [65897, 284, 56240]
9, 6, 3.16, [282, 46, 56237]
9, 7, 3.15, [86, 286, 56237]
9, 8, 3.14, [286, 1061, 56237]
9, 9, 3.12, [67331, 1060, 56240]
9, 10, 3.12, [46, 66170, 144436]
9, 11, 3.11, [279, 86, 56237]
9, 12, 3.11, [65901, 1060, 118602]
9, 13, 3.11, [150655, 100807, 6376]
10, 0, 3.26, [86, 284, 56237]
10, 1, 3.23, [1061, 1060, 56237]
10, 2, 3.17, [65897, 284, 66166]
10, 3, 3.16, [86, 1060, 1063]
10, 4, 3.15, [88, 284, 56237]
10, 5, 3.15, [1061, 284, 56240]
10, 6, 3.15, [86, 118602, 56239]
10, 7, 3.15, [62858, 1060, 56237]
10, 8, 3.14, [86, 283, 56240]
10, 9, 3.14, [282, 1060, 221360]
10, 10, 3.11, [33298, 150654, 56237]
10, 11, 3.1, [86, 150015, 56237]
10, 12, 3.09, [127088, 11387, 56240]
10, 13, 3.08, [283, 284, 56237]
11, 0, 3.26, [86, 284, 56237]
11, 1, 3.23, [1061, 1060, 56237]
11, 2, 3.2, [88, 1060, 56237]
11, 3, 3.2, [89, 284, 56240]
11, 4, 3.2, [62858, 150652, 56237]
11, 5, 3.18, [86, 284, 56237]
11, 6, 3.14, [65897, 1061, 56237]
11, 7, 3.12, [33296, 46, 11935]
11, 8, 3.12, [86, 284, 113173]
11, 9, 3.11, [65897, 284, 56239]
11, 10, 3.11, [1061, 284, 66167]
11, 11, 3.11, [1061, 90, 66166]
11, 12, 3.11, [65897, 283, 56237]
11, 13, 3.09, [86, 286, 1063]
11, 14, 3.09, [62858, 56241, 56240]
12, 0, 3.26, [86, 284, 56237]
12, 1, 3.23, [1061, 1060, 56237]
12, 2, 3.18, [66169, 284, 56237]
12, 3, 3.18, [87, 284, 56240]
12, 4, 3.17, [86, 284, 56237]
12, 5, 3.16, [62858, 283, 56237]
12, 6, 3.16, [89, 1061, 66166]
12, 7, 3.15, [1061, 150015, 56237]
12, 8, 3.15, [89, 284, 66167]
12, 9, 3.13, [86, 282, 56237]
12, 10, 3.11, [1061, 90, 56237]
12, 11, 3.11, [821, 284, 56240]
12, 12, 3.11, [46, 821, 73700]
12, 13, 3.1, [14223, 11387, 33297]
12, 14, 3.1, [1061, 286, 156909]
12, 15, 3.09, [286, 150652, 134361]
13, 0, 3.26, [86, 284, 56237]
13, 1, 3.23, [1061, 1060, 56237]
13, 2, 3.21, [89, 284, 56237]
13, 3, 3.19, [88, 1060, 56237]
13, 4, 3.19, [87, 283, 56237]
13, 5, 3.17, [1061, 46, 56240]
13, 6, 3.15, [65900, 284, 56237]
13, 7, 3.15, [90, 284, 56237]
13, 8, 3.15, [66169, 282, 56240]
13, 9, 3.15, [89, 282, 56237]
13, 10, 3.14, [66169, 282, 56240]
13, 11, 3.13, [66169, 282, 56240]
13, 12, 3.13, [89, 284, 56237]
13, 13, 3.12, [87, 284, 821]
13, 14, 3.12, [1061, 284, 56240]
13, 15, 3.1, [66169, 283, 56237]
13, 16, 3.07, [134362, 149059, 56237]
14, 0, 3.26, [86, 284, 56237]
14, 1, 3.23, [1061, 1060, 56237]
14, 2, 3.18, [286, 284, 56237]
14, 3, 3.17, [86, 1060, 62858]
14, 4, 3.17, [89, 284, 56237]
14, 5, 3.16, [88, 33297, 56237]
14, 6, 3.15, [86, 90, 56240]
14, 7, 3.15, [66169, 284, 66167]
14, 8, 3.15, [1061, 284, 56239]
14, 9, 3.14, [66169, 283, 11935]
14, 10, 3.13, [87, 282, 66170]
14, 11, 3.13, [823, 90, 56237]
14, 12, 3.13, [90, 284, 56237]
14, 13, 3.12, [86, 1060, 149059]
14, 14, 3.11, [1061, 283, 66167]
14, 15, 3.11, [66167, 283, 31634]
14, 16, 3.1, [88, 91277, 56237]
14, 17, 3.1, [86, 90, 56237]
15, 0, 3.26, [86, 284, 56237]
15, 1, 3.23, [1061, 1060, 56237]
15, 2, 3.21, [86, 284, 56240]
15, 3, 3.19, [66167, 284, 148118]
15, 4, 3.18, [89, 46, 62858]
15, 5, 3.18, [87, 284, 56237]
15, 6, 3.18, [286, 1060, 66166]
15, 7, 3.16, [282, 284, 144434]
15, 8, 3.15, [86, 284, 56239]
15, 9, 3.14, [283, 284, 56237]
15, 10, 3.13, [286, 1060, 56239]
15, 11, 3.12, [282, 284, 56237]
15, 12, 3.12, [89, 1060, 56241]
15, 13, 3.11, [1061, 284, 66170]
15, 14, 3.1, [278, 90, 56237]
15, 15, 3.09, [823, 33297, 56240]
15, 16, 3.09, [90, 284, 56237]
15, 17, 3.08, [86, 283, 56237]
15, 18, 3.07, [88, 33297, 100141]
16, 0, 3.26, [86, 284, 56237]
16, 1, 3.23, [1061, 1060, 56237]
16, 2, 3.19, [86, 1061, 62858]
16, 3, 3.19, [46, 1060, 56237]
16, 4, 3.19, [86, 90, 62858]
16, 5, 3.17, [1061, 1060, 98065]
16, 6, 3.16, [86, 150654, 1063]
16, 7, 3.15, [86, 1060, 56240]
16, 8, 3.15, [283, 284, 56237]
16, 9, 3.12, [86, 46, 56237]
16, 10, 3.12, [823, 1061, 56237]
16, 11, 3.12, [283, 284, 56237]
16, 12, 3.11, [46, 1060, 56237]
16, 13, 3.11, [86, 156909, 33296]
16, 14, 3.1, [70639, 284, 56237]
16, 15, 3.1, [1061, 113173, 56240]
16, 16, 3.09, [286, 284, 66167]
16, 17, 3.08, [90, 284, 144434]
16, 18, 3.08, [88, 284, 71858]
16, 19, 3.08, [89, 46, 66167]
17, 0, 3.26, [86, 284, 56237]
17, 1, 3.23, [1061, 1060, 56237]
17, 2, 3.18, [87, 1061, 56237]
17, 3, 3.17, [89, 284, 1063]
17, 4, 3.17, [46, 284, 62858]
17, 5, 3.16, [1061, 286, 56237]
17, 6, 3.16, [86, 90, 56237]
17, 7, 3.15, [46, 284, 33299]
17, 8, 3.15, [89, 284, 56240]
17, 9, 3.14, [1061, 284, 66166]
17, 10, 3.13, [90, 1060, 56237]
17, 11, 3.12, [86, 286, 62858]
17, 12, 3.11, [86, 1061, 33298]
17, 13, 3.11, [86, 56239, 56237]
17, 14, 3.1, [88, 118602, 123523]
17, 15, 3.1, [86, 73703, 1063]
17, 16, 3.1, [86, 62858, 56237]
17, 17, 3.09, [86, 1060, 1927]
17, 18, 3.09, [86, 1060, 821]
17, 19, 3.08, [87, 284, 123524]
17, 20, 3.08, [86, 150654, 80449]
18, 0, 3.26, [86, 284, 56237]
18, 1, 3.23, [1061, 1060, 56237]
18, 2, 3.21, [46, 1061, 33299]
18, 3, 3.19, [87, 1061, 62858]
18, 4, 3.18, [1061, 33296, 56237]
18, 5, 3.18, [46, 284, 56239]
18, 6, 3.17, [89, 284, 56241]
18, 7, 3.15, [89, 100807, 285]
18, 8, 3.15, [46, 1060, 62858]
18, 9, 3.15, [86, 282, 56237]
18, 10, 3.15, [90, 284, 62858]
18, 11, 3.15, [11388, 284, 56240]
18, 12, 3.14, [1061, 56241, 56237]
18, 13, 3.14, [284, 285, 282]
18, 14, 3.13, [46, 284, 62858]
18, 15, 3.13, [86, 286, 56237]
18, 16, 3.12, [86, 46, 66166]
18, 17, 3.12, [86, 144436, 62858]
18, 18, 3.12, [283, 284, 1063]
18, 19, 3.11, [89, 156909, 1063]
18, 20, 3.1, [56240, 11387, 62858]
18, 21, 3.1, [1061, 284, 66167]
19, 0, 3.26, [86, 284, 56237]
19, 1, 3.24, [46, 282, 62858]
19, 2, 3.23, [86, 1060, 56237]
19, 3, 3.23, [87, 1061, 66169]
19, 4, 3.23, [1061, 1060, 56237]
19, 5, 3.22, [1061, 283, 62858]
19, 6, 3.17, [86, 284, 56240]
19, 7, 3.16, [87, 1060, 56241]
19, 8, 3.14, [89, 284, 56237]
19, 9, 3.14, [283, 284, 56241]
19, 10, 3.13, [90, 1060, 56240]
19, 11, 3.13, [46, 1061, 86]
19, 12, 3.13, [46, 282, 56237]
19, 13, 3.13, [86, 282, 33299]
19, 14, 3.13, [89, 65897, 56237]
19, 15, 3.12, [88, 282, 33299]
19, 16, 3.12, [1061, 87, 90]
19, 17, 3.11, [66167, 56239, 56237]
19, 18, 3.1, [283, 284, 62858]
19, 19, 3.1, [90, 282, 56237]
19, 20, 3.07, [89, 100807, 65901]
19, 21, 3.07, [90, 134361, 56237]
19, 22, 3.06, [6376, 134365, 66167]
20, 0, 3.26, [86, 284, 56237]
20, 1, 3.24, [1061, 283, 56237]
20, 2, 3.24, [46, 282, 62858]
20, 3, 3.23, [87, 284, 62858]
20, 4, 3.21, [86, 89, 56240]
20, 5, 3.2, [283, 1060, 56237]
20, 6, 3.19, [87, 284, 56241]
20, 7, 3.18, [87, 284, 56237]
20, 8, 3.17, [87, 1060, 62858]
20, 9, 3.17, [46, 284, 56241]
20, 10, 3.14, [1061, 284, 56240]
20, 11, 3.14, [86, 1060, 66167]
20, 12, 3.14, [86, 1061, 56241]
20, 13, 3.14, [87, 1060, 66166]
20, 14, 3.13, [284, 283, 56237]
20, 15, 3.12, [86, 1060, 62858]
20, 16, 3.12, [86, 46, 56237]
20, 17, 3.11, [86, 283, 11925]
20, 18, 3.1, [86, 127088, 46]
20, 19, 3.1, [87, 284, 56237]
20, 20, 3.1, [86, 284, 67331]
20, 21, 3.09, [90, 284, 62858]
20, 22, 3.07, [87, 1060, 67331]
20, 23, 3.07, [89, 284, 67331]
21, 0, 3.26, [86, 284, 56237]
21, 1, 3.24, [1061, 283, 56237]
21, 2, 3.23, [56241, 283, 56237]
21, 3, 3.22, [87, 286, 56237]
21, 4, 3.21, [86, 283, 56241]
21, 5, 3.18, [46, 282, 62858]
21, 6, 3.18, [283, 282, 62858]
21, 7, 3.17, [46, 284, 62858]
21, 8, 3.16, [86, 280, 56237]
21, 9, 3.16, [87, 150015, 56237]
21, 10, 3.15, [86, 284, 66059]
21, 11, 3.15, [86, 56237, 62858]
21, 12, 3.14, [286, 284, 56237]
21, 13, 3.13, [86, 282, 66166]
21, 14, 3.13, [86, 284, 56237]
21, 15, 3.12, [33296, 284, 56240]
21, 16, 3.11, [46, 282, 123524]
21, 17, 3.11, [11388, 284, 33297]
21, 18, 3.11, [286, 283, 56237]
21, 19, 3.11, [31634, 283, 56237]
21, 20, 3.1, [80662, 283, 56237]
21, 21, 3.1, [1061, 283, 66166]
21, 22, 3.1, [91276, 127088, 56239]
21, 23, 3.09, [87, 1060, 33299]
21, 24, 3.07, [823, 286, 66167]
22, 0, 3.26, [86, 284, 56237]
22, 1, 3.24, [1061, 283, 56237]
22, 2, 3.23, [46, 283, 56237]
22, 3, 3.2, [86, 283, 66167]
22, 4, 3.2, [33299, 282, 62858]
22, 5, 3.2, [285, 56240, 66167]
22, 6, 3.19, [1061, 282, 56237]
22, 7, 3.19, [86, 1061, 56237]
22, 8, 3.17, [283, 46, 56237]
22, 9, 3.16, [87, 1061, 56237]
22, 10, 3.16, [11387, 284, 56237]
22, 11, 3.15, [1061, 286, 56240]
22, 12, 3.15, [90, 56237, 56241]
22, 13, 3.15, [284, 282, 62858]
22, 14, 3.15, [1061, 284, 56239]
22, 15, 3.15, [283, 1060, 56237]
22, 16, 3.14, [46, 283, 56237]
22, 17, 3.14, [71858, 150015, 89]
22, 18, 3.13, [90, 284, 56237]
22, 19, 3.13, [65897, 283, 56237]
22, 20, 3.12, [1061, 283, 56241]
22, 21, 3.12, [1061, 284, 56239]
22, 22, 3.11, [46, 1060, 56237]
22, 23, 3.11, [62858, 286, 98065]
22, 24, 3.1, [1061, 284, 66166]
22, 25, 3.1, [56241, 1061, 62858]
23, 0, 3.26, [86, 284, 56237]
23, 1, 3.24, [1061, 283, 56237]
23, 2, 3.18, [86, 100140, 66167]
23, 3, 3.18, [285, 66170, 56237]
23, 4, 3.18, [87, 221360, 56237]
23, 5, 3.17, [89, 283, 56237]
23, 6, 3.17, [285, 283, 62858]
23, 7, 3.16, [46, 284, 65899]
23, 8, 3.16, [285, 62858, 56237]
23, 9, 3.16, [89, 73700, 56237]
23, 10, 3.16, [1061, 100141, 56237]
23, 11, 3.15, [87, 284, 56237]
23, 12, 3.15, [1061, 66171, 66167]
23, 13, 3.15, [1061, 88, 62858]
23, 14, 3.14, [46, 1061, 33299]
23, 15, 3.13, [65901, 283, 56237]
23, 16, 3.13, [46, 283, 56237]
23, 17, 3.13, [1061, 283, 56240]
23, 18, 3.12, [90, 56240, 66167]
23, 19, 3.12, [86, 88, 56237]
23, 20, 3.12, [88, 283, 56237]
23, 21, 3.12, [86, 283, 62858]
23, 22, 3.09, [86, 286, 62858]
23, 23, 3.09, [73700, 282, 56237]
23, 24, 3.08, [283, 282, 66167]
23, 25, 3.08, [46, 113172, 98065]
23, 26, 3.05, [1061, 70640, 62858]
24, 0, 3.26, [86, 284, 56237]
24, 1, 3.24, [1061, 283, 56237]
24, 2, 3.18, [46, 284, 56239]
24, 3, 3.18, [89, 283, 66166]
24, 4, 3.18, [87, 90, 62858]
24, 5, 3.18, [285, 98062, 56237]
24, 6, 3.17, [56241, 283, 90]
24, 7, 3.16, [1061, 88, 56239]
24, 8, 3.16, [1061, 56240, 56237]
24, 9, 3.16, [282, 283, 62858]
24, 10, 3.15, [33296, 283, 56237]
24, 11, 3.15, [87, 118602, 56237]
24, 12, 3.14, [1061, 88, 56237]
24, 13, 3.14, [86, 88, 56237]
24, 14, 3.14, [282, 88, 56237]
24, 15, 3.13, [12067, 1927, 56237]
24, 16, 3.12, [86, 80662, 62858]
24, 17, 3.11, [86, 73700, 65899]
24, 18, 3.11, [89, 283, 73703]
24, 19, 3.11, [1061, 284, 62858]
24, 20, 3.1, [33298, 88, 56237]
24, 21, 3.1, [285, 62858, 56237]
24, 22, 3.1, [285, 66171, 62858]
24, 23, 3.08, [1061, 80662, 66167]
24, 24, 3.06, [156909, 134362, 66166]
24, 25, 3.06, [144436, 150654, 56237]
24, 26, 3.06, [86, 80662, 1062]
24, 27, 3.05, [1061, 95674, 113173]
25, 0, 3.26, [86, 284, 56237]
25, 1, 3.24, [1061, 283, 56237]
25, 2, 3.23, [285, 284, 62858]
25, 3, 3.18, [86, 284, 62858]
25, 4, 3.18, [1061, 88, 56237]
25, 5, 3.17, [46, 284, 62858]
25, 6, 3.16, [56241, 283, 66167]
25, 7, 3.16, [285, 88, 56237]
25, 8, 3.14, [283, 284, 56237]
25, 9, 3.13, [46, 98062, 56240]
25, 10, 3.13, [89, 283, 284]
25, 11, 3.13, [87, 283, 56237]
25, 12, 3.13, [46, 284, 66166]
25, 13, 3.12, [88, 90, 56237]
25, 14, 3.12, [86, 66169, 56237]
25, 15, 3.12, [90, 284, 56239]
25, 16, 3.11, [1061, 88, 62858]
25, 17, 3.1, [56239, 65897, 149059]
25, 18, 3.1, [1061, 80450, 56237]
25, 19, 3.1, [1061, 56240, 56239]
25, 20, 3.1, [1061, 284, 66166]
25, 21, 3.1, [98062, 144436, 56237]
25, 22, 3.09, [86, 284, 285]
25, 23, 3.09, [90, 88, 56239]
25, 24, 3.09, [123524, 284, 56237]
25, 25, 3.09, [86, 286, 56239]
25, 26, 3.08, [56241, 283, 56240]
25, 27, 3.08, [86, 284, 1063]
25, 28, 3.06, [98063, 56240, 91276]
26, 0, 3.26, [86, 284, 56237]
26, 1, 3.24, [1061, 283, 56237]
26, 2, 3.23, [150655, 80449, 148118]
26, 3, 3.21, [89, 284, 56237]
26, 4, 3.19, [86, 1060, 56237]
26, 5, 3.19, [1061, 88, 62858]
26, 6, 3.19, [86, 286, 56237]
26, 7, 3.18, [285, 88, 66167]
26, 8, 3.17, [282, 284, 56237]
26, 9, 3.17, [90, 88, 56237]
26, 10, 3.16, [285, 283, 56237]
26, 11, 3.16, [86, 1061, 56237]
26, 12, 3.16, [285, 284, 56239]
26, 13, 3.14, [11388, 284, 56237]
26, 14, 3.13, [86, 80450, 56237]
26, 15, 3.13, [283, 1061, 144434]
26, 16, 3.13, [285, 88, 123523]
26, 17, 3.13, [65901, 284, 11387]
26, 18, 3.13, [88, 284, 62858]
26, 19, 3.13, [89, 88, 56237]
26, 20, 3.12, [86, 123523, 33298]
26, 21, 3.12, [1061, 282, 56237]
26, 22, 3.12, [90, 283, 56237]
26, 23, 3.12, [80450, 284, 62858]
26, 24, 3.11, [86, 66169, 56240]
26, 25, 3.11, [1061, 282, 56237]
26, 26, 3.1, [100807, 90, 62858]
26, 27, 3.1, [66169, 33296, 56237]
26, 28, 3.09, [118602, 86, 87893]
26, 29, 3.09, [86, 284, 113173]
27, 0, 3.26, [86, 284, 56237]
27, 1, 3.24, [1061, 283, 56237]
27, 2, 3.22, [86, 282, 148118]
27, 3, 3.18, [150655, 284, 221360]
27, 4, 3.16, [1061, 278, 56237]
27, 5, 3.15, [1061, 282, 56237]
27, 6, 3.15, [88, 1061, 56237]
27, 7, 3.14, [150015, 283, 56237]
27, 8, 3.14, [150655, 70639, 286]
27, 9, 3.14, [280, 88, 62858]
27, 10, 3.14, [285, 88, 11388]
27, 11, 3.13, [86, 46, 66167]
27, 12, 3.13, [86, 88, 56237]
27, 13, 3.12, [282, 283, 56237]
27, 14, 3.12, [127088, 1060, 284]
27, 15, 3.12, [90, 280, 144434]
27, 16, 3.11, [285, 88, 62858]
27, 17, 3.11, [87, 127088, 31634]
27, 18, 3.11, [148118, 66170, 118602]
27, 19, 3.11, [88, 284, 56237]
27, 20, 3.1, [46, 283, 56237]
27, 21, 3.1, [89, 284, 66171]
27, 22, 3.09, [282, 11925, 11387]
27, 23, 3.09, [90, 284, 56237]
27, 24, 3.09, [86, 284, 66166]
27, 25, 3.08, [134361, 91276, 56237]
27, 26, 3.07, [77358, 80449, 148118]
27, 27, 3.07, [149059, 156909, 144436]
27, 28, 3.07, [150655, 71858, 56237]
27, 29, 3.06, [113172, 284, 33297]
27, 30, 3.06, [86, 80662, 56237]
28, 0, 3.27, [86, 46, 150654]
28, 1, 3.26, [86, 284, 56237]
28, 2, 3.24, [1061, 283, 56237]
28, 3, 3.23, [87, 284, 56237]
28, 4, 3.19, [150015, 284, 56240]
28, 5, 3.18, [150655, 284, 66167]
28, 6, 3.18, [150015, 283, 62858]
28, 7, 3.18, [86, 46, 66167]
28, 8, 3.17, [89, 278, 56237]
28, 9, 3.16, [823, 88, 62858]
28, 10, 3.16, [150655, 282, 56237]
28, 11, 3.16, [90, 283, 56237]
28, 12, 3.15, [87, 282, 134361]
28, 13, 3.14, [118602, 282, 148118]
28, 14, 3.14, [150015, 284, 56237]
28, 15, 3.13, [86, 284, 56237]
28, 16, 3.13, [150655, 284, 66167]
28, 17, 3.13, [221360, 46, 56237]
28, 18, 3.13, [86, 283, 56237]
28, 19, 3.13, [88, 284, 80661]
28, 20, 3.13, [286, 284, 278]
28, 21, 3.12, [286, 282, 221360]
28, 22, 3.12, [1061, 282, 127089]
28, 23, 3.12, [87893, 66171, 56237]
28, 24, 3.12, [86, 284, 66169]
28, 25, 3.11, [1061, 46, 100807]
28, 26, 3.11, [86, 144436, 56237]
28, 27, 3.11, [88, 90, 62858]
28, 28, 3.1, [90, 284, 221360]
28, 29, 3.1, [88, 87, 70640]
28, 30, 3.08, [100141, 118602, 65901]
28, 31, 3.06, [284, 127088, 31634]
29, 0, 3.28, [150655, 286, 56237]
29, 1, 3.27, [86, 46, 150654]
29, 2, 3.26, [86, 284, 56237]
29, 3, 3.21, [1061, 46, 150652]
29, 4, 3.2, [156909, 284, 56237]
29, 5, 3.19, [86, 90, 56237]
29, 6, 3.19, [87, 284, 148118]
29, 7, 3.18, [89, 284, 66167]
29, 8, 3.18, [148118, 46, 150654]
29, 9, 3.17, [150015, 90, 56237]
29, 10, 3.17, [90, 46, 56237]
29, 11, 3.16, [86, 46, 66167]
29, 12, 3.15, [86, 283, 66166]
29, 13, 3.15, [86, 90, 150654]
29, 14, 3.15, [278, 284, 56237]
29, 15, 3.15, [89, 278, 66171]
29, 16, 3.14, [87, 286, 62858]
29, 17, 3.14, [150015, 283, 56240]
29, 18, 3.14, [821, 88, 56237]
29, 19, 3.14, [87, 284, 56239]
29, 20, 3.13, [86, 123523, 56237]
29, 21, 3.13, [823, 88, 156909]
29, 22, 3.13, [150015, 283, 150655]
29, 23, 3.13, [87, 46, 62858]
29, 24, 3.12, [150652, 283, 56237]
29, 25, 3.12, [1061, 284, 56240]
29, 26, 3.12, [90, 284, 62858]
29, 27, 3.12, [86, 89, 56237]
29, 28, 3.12, [80449, 278, 148118]
29, 29, 3.11, [88, 284, 56237]
29, 30, 3.11, [221360, 284, 56239]
29, 31, 3.1, [1061, 90, 56240]
29, 32, 3.1, [89, 281, 127089]
30, 0, 3.28, [150655, 286, 56237]
30, 1, 3.27, [86, 46, 150654]
30, 2, 3.22, [86, 284, 56237]
30, 3, 3.22, [150654, 88, 56237]
30, 4, 3.22, [90, 46, 56237]
30, 5, 3.18, [88, 73700, 150652]
30, 6, 3.18, [150655, 282, 56237]
30, 7, 3.17, [1061, 284, 150654]
30, 8, 3.17, [150655, 286, 127089]
30, 9, 3.17, [284, 46, 150654]
30, 10, 3.16, [286, 284, 56237]
30, 11, 3.16, [150015, 283, 150652]
30, 12, 3.16, [11925, 46, 150652]
30, 13, 3.16, [150653, 286, 56237]
30, 14, 3.15, [80450, 286, 148118]
30, 15, 3.14, [86, 284, 62858]
30, 16, 3.14, [1061, 46, 823]
30, 17, 3.14, [821, 286, 56240]
30, 18, 3.14, [90, 46, 56237]
30, 19, 3.14, [86, 90, 148118]
30, 20, 3.14, [87, 284, 66167]
30, 21, 3.13, [87, 86, 150652]
30, 22, 3.13, [46, 284, 150654]
30, 23, 3.12, [282, 284, 56237]
30, 24, 3.12, [88, 46, 56237]
30, 25, 3.12, [87, 286, 56237]
30, 26, 3.12, [1061, 90, 56237]
30, 27, 3.11, [286, 284, 56237]
30, 28, 3.11, [86, 286, 66167]
30, 29, 3.1, [113171, 46, 11387]
30, 30, 3.1, [90, 46, 56237]
30, 31, 3.1, [283, 46, 56237]
30, 32, 3.07, [823, 46, 150652]
31, 0, 3.28, [86, 46, 66167]
31, 1, 3.28, [150655, 286, 56237]
31, 2, 3.27, [86, 46, 150654]
31, 3, 3.22, [86, 89, 150652]
31, 4, 3.21, [150015, 284, 56237]
31, 5, 3.2, [150655, 90, 56237]
31, 6, 3.2, [284, 46, 56240]
31, 7, 3.19, [88, 46, 56237]
31, 8, 3.18, [90, 1061, 56237]
31, 9, 3.18, [283, 284, 56237]
31, 10, 3.17, [80656, 284, 150654]
31, 11, 3.17, [86, 282, 56237]
31, 12, 3.16, [150655, 284, 56237]
31, 13, 3.16, [150655, 1060, 56237]
31, 14, 3.15, [89, 46, 56237]
31, 15, 3.15, [150655, 46, 56237]
31, 16, 3.15, [282, 284, 56237]
31, 17, 3.14, [86, 46, 56240]
31, 18, 3.14, [88, 73700, 56240]
31, 19, 3.14, [283, 56237, 150654]
31, 20, 3.14, [87, 284, 150654]
31, 21, 3.14, [150655, 286, 150652]
31, 22, 3.13, [150655, 282, 156909]
31, 23, 3.13, [1063, 286, 150652]
31, 24, 3.13, [150654, 90, 56237]
31, 25, 3.13, [150652, 282, 56237]
31, 26, 3.1, [86, 10375, 56237]
31, 27, 3.1, [156909, 88, 46]
31, 28, 3.09, [285, 282, 56237]
31, 29, 3.09, [150655, 285, 150654]
31, 30, 3.09, [88, 80656, 150654]
31, 31, 3.08, [156909, 77358, 1062]
31, 32, 3.07, [148118, 88, 56237]
32, 0, 3.28, [86, 46, 66167]
32, 1, 3.28, [150655, 286, 56237]
32, 2, 3.22, [148118, 1060, 56237]
32, 3, 3.22, [150655, 90, 62858]
32, 4, 3.21, [88, 46, 150654]
32, 5, 3.19, [150654, 286, 56237]
32, 6, 3.19, [86, 284, 150655]
32, 7, 3.18, [150655, 46, 148118]
32, 8, 3.17, [86, 283, 56237]
32, 9, 3.15, [86, 1061, 56237]
32, 10, 3.15, [283, 89, 150654]
32, 11, 3.15, [86, 284, 80449]
32, 12, 3.15, [86, 90, 66166]
32, 13, 3.15, [88, 286, 56237]
32, 14, 3.15, [150655, 284, 62858]
32, 15, 3.14, [80449, 46, 56237]
32, 16, 3.14, [150015, 284, 56237]
32, 17, 3.14, [284, 11387, 56237]
32, 18, 3.13, [90, 282, 56237]
32, 19, 3.13, [150654, 46, 56237]
32, 20, 3.13, [86, 1061, 56237]
32, 21, 3.13, [156909, 46, 56237]
32, 22, 3.13, [80661, 89, 150652]
32, 23, 3.12, [150655, 284, 66166]
32, 24, 3.11, [86, 284, 148118]
32, 25, 3.11, [150652, 46, 150654]
32, 26, 3.1, [823, 286, 150654]
32, 27, 3.1, [80656, 87, 66167]
32, 28, 3.1, [86, 280, 56237]
32, 29, 3.1, [88, 286, 56237]
32, 30, 3.09, [150655, 821, 1062]
32, 31, 3.08, [88, 70640, 56237]
32, 32, 3.07, [150655, 90, 66167]
33, 0, 3.28, [86, 46, 66167]
33, 1, 3.28, [150655, 286, 56237]
33, 2, 3.23, [86, 282, 62858]
33, 3, 3.22, [150655, 282, 56237]
33, 4, 3.19, [148118, 90, 62858]
33, 5, 3.18, [150654, 46, 56237]
33, 6, 3.17, [150654, 282, 66167]
33, 7, 3.17, [70640, 46, 56237]
33, 8, 3.16, [148118, 286, 62858]
33, 9, 3.16, [150655, 90, 11925]
33, 10, 3.15, [148118, 282, 56237]
33, 11, 3.15, [90, 56237, 150655]
33, 12, 3.15, [33297, 286, 56237]
33, 13, 3.14, [86, 282, 150654]
33, 14, 3.14, [150655, 1063, 56237]
33, 15, 3.14, [150654, 286, 62858]
33, 16, 3.14, [87, 46, 56237]
33, 17, 3.14, [86, 46, 56237]
33, 18, 3.13, [150654, 46, 33297]
33, 19, 3.13, [86, 56237, 150015]
33, 20, 3.13, [86, 46, 56239]
33, 21, 3.13, [113173, 558, 66169]
33, 22, 3.13, [88, 33300, 1060]
33, 23, 3.12, [150655, 284, 56240]
33, 24, 3.12, [150015, 286, 284]
33, 25, 3.11, [148118, 90, 56237]
33, 26, 3.11, [148118, 46, 66171]
33, 27, 3.1, [148118, 46, 150655]
33, 28, 3.1, [88, 11935, 56237]
33, 29, 3.09, [148118, 286, 87893]
33, 30, 3.09, [279, 286, 150015]
33, 31, 3.08, [90, 46, 56237]
33, 32, 3.08, [150655, 90, 66171]
33, 33, 3.07, [150655, 1061, 33296]
34, 0, 3.28, [86, 46, 66167]
34, 1, 3.28, [150655, 286, 56237]
34, 2, 3.22, [46, 282, 56237]
34, 3, 3.21, [150654, 1060, 56237]
34, 4, 3.19, [150655, 87, 56237]
34, 5, 3.19, [86, 282, 56239]
34, 6, 3.19, [221360, 90, 66167]
34, 7, 3.18, [86, 46, 66169]
34, 8, 3.18, [127089, 56240, 285]
34, 9, 3.18, [33300, 46, 56237]
34, 10, 3.17, [86, 46, 66167]
34, 11, 3.17, [150015, 46, 56237]
34, 12, 3.16, [150655, 87, 56237]
34, 13, 3.16, [150654, 46, 56237]
34, 14, 3.16, [150655, 46, 56239]
34, 15, 3.15, [148118, 11925, 56237]
34, 16, 3.15, [86, 283, 66167]
34, 17, 3.14, [86, 282, 89]
34, 18, 3.14, [150654, 286, 56237]
34, 19, 3.14, [150655, 46, 56240]
34, 20, 3.14, [62858, 11925, 56237]
34, 21, 3.14, [150655, 285, 65897]
34, 22, 3.13, [33297, 285, 62858]
34, 23, 3.13, [284, 56237, 46]
34, 24, 3.13, [87, 282, 56240]
34, 25, 3.13, [148118, 282, 66167]
34, 26, 3.13, [150654, 1063, 62858]
34, 27, 3.13, [87, 46, 11925]
34, 28, 3.12, [150655, 1060, 62858]
34, 29, 3.12, [70640, 1063, 56237]
34, 30, 3.12, [150655, 46, 56239]
34, 31, 3.11, [70640, 1063, 56237]
34, 32, 3.11, [150652, 286, 56237]
34, 33, 3.1, [88, 46, 33298]
34, 34, 3.08, [150015, 150655, 56237]
35, 0, 3.28, [86, 46, 66167]
35, 1, 3.28, [150655, 286, 56237]
35, 2, 3.27, [150655, 46, 56239]
35, 3, 3.21, [150655, 87, 62858]
35, 4, 3.21, [150015, 286, 56237]
35, 5, 3.21, [150655, 1060, 66167]
35, 6, 3.21, [46, 286, 56240]
35, 7, 3.19, [150015, 286, 66167]
35, 8, 3.19, [86, 282, 56237]
35, 9, 3.18, [150655, 46, 62858]
35, 10, 3.18, [86, 87, 56237]
35, 11, 3.18, [86, 282, 66167]
35, 12, 3.17, [150652, 46, 56237]
35, 13, 3.17, [56240, 46, 66167]
35, 14, 3.15, [127089, 46, 56237]
35, 15, 3.15, [148118, 46, 56237]
35, 16, 3.15, [33300, 87, 56240]
35, 17, 3.14, [148118, 11925, 56237]
35, 18, 3.14, [150655, 90, 56237]
35, 19, 3.14, [46, 90, 66167]
35, 20, 3.13, [66169, 90, 56237]
35, 21, 3.13, [88, 282, 66167]
35, 22, 3.13, [150654, 286, 62858]
35, 23, 3.13, [150654, 90, 56237]
35, 24, 3.12, [86, 46, 56237]
35, 25, 3.12, [127089, 1060, 56237]
35, 26, 3.12, [150654, 282, 56239]
35, 27, 3.1, [88, 46, 56239]
35, 28, 3.1, [80450, 56240, 285]
35, 29, 3.1, [150655, 90, 56237]
35, 30, 3.09, [89, 46, 56239]
35, 31, 3.08, [33300, 91276, 56237]
35, 32, 3.08, [86, 77358, 56237]
35, 33, 3.08, [134362, 281, 11387]
35, 34, 3.08, [150655, 1061, 70638]
35, 35, 3.08, [62858, 46, 66167]
36, 0, 3.28, [86, 46, 66167]
36, 1, 3.28, [150655, 286, 56237]
36, 2, 3.23, [46, 286, 56240]
36, 3, 3.22, [150015, 286, 66169]
36, 4, 3.2, [150655, 284, 56237]
36, 5, 3.19, [148118, 87, 56237]
36, 6, 3.18, [11387, 46, 56240]
36, 7, 3.18, [86, 90, 56239]
36, 8, 3.17, [150015, 286, 56239]
36, 9, 3.16, [150655, 46, 66167]
36, 10, 3.16, [90, 46, 56237]
36, 11, 3.16, [46, 286, 56237]
36, 12, 3.16, [113172, 46, 62858]
36, 13, 3.15, [156909, 46, 66167]
36, 14, 3.15, [150655, 88, 66167]
36, 15, 3.14, [150655, 282, 56237]
36, 16, 3.14, [46, 284, 56239]
36, 17, 3.14, [46, 80661, 56239]
36, 18, 3.14, [150655, 46, 56239]
36, 19, 3.14, [156909, 1060, 62858]
36, 20, 3.14, [150015, 46, 66167]
36, 21, 3.14, [150015, 56240, 98065]
36, 22, 3.14, [150655, 282, 62858]
36, 23, 3.13, [150015, 46, 56240]
36, 24, 3.13, [150015, 286, 56239]
36, 25, 3.12, [46, 286, 66167]
36, 26, 3.12, [86, 284, 66167]
36, 27, 3.12, [150655, 46, 56237]
36, 28, 3.12, [86, 87, 56237]
36, 29, 3.12, [150655, 1060, 56237]
36, 30, 3.11, [150015, 46, 56240]
36, 31, 3.11, [150654, 1060, 56239]
36, 32, 3.1, [123523, 71858, 62858]
36, 33, 3.1, [98065, 46, 56239]
36, 34, 3.1, [150655, 282, 66166]
36, 35, 3.09, [89, 87, 62858]
36, 36, 3.08, [86, 286, 80656]
37, 0, 3.28, [86, 46, 66167]
37, 1, 3.28, [150655, 286, 56237]
37, 2, 3.25, [89, 286, 56237]
37, 3, 3.24, [11387, 89, 66167]
37, 4, 3.24, [150015, 46, 56237]
37, 5, 3.22, [150655, 285, 56240]
37, 6, 3.21, [150654, 87, 56237]
37, 7, 3.19, [86, 284, 66169]
37, 8, 3.18, [150655, 90, 66167]
37, 9, 3.18, [150015, 1063, 56237]
37, 10, 3.17, [148118, 284, 66167]
37, 11, 3.17, [86, 56237, 66167]
37, 12, 3.17, [278, 286, 98065]
37, 13, 3.16, [86, 87, 56237]
37, 14, 3.16, [150655, 284, 56240]
37, 15, 3.16, [86, 90, 56240]
37, 16, 3.16, [86, 148118, 66167]
37, 17, 3.15, [11387, 46, 62858]
37, 18, 3.15, [156909, 90, 56240]
37, 19, 3.15, [150654, 90, 56239]
37, 20, 3.15, [46, 286, 66166]
37, 21, 3.14, [150015, 46, 66167]
37, 22, 3.14, [86, 46, 98063]
37, 23, 3.14, [89, 46, 56237]
37, 24, 3.13, [46, 282, 56239]
37, 25, 3.13, [148118, 46, 66167]
37, 26, 3.12, [86, 284, 56237]
37, 27, 3.12, [285, 284, 56237]
37, 28, 3.12, [150655, 46, 66171]
37, 29, 3.12, [66167, 87, 56237]
37, 30, 3.11, [156909, 90, 56237]
37, 31, 3.11, [156909, 88, 66167]
37, 32, 3.11, [46, 1063, 56237]
37, 33, 3.1, [150655, 46, 56237]
37, 34, 3.1, [150015, 56240, 62858]
37, 35, 3.09, [86, 46, 56241]
37, 36, 3.07, [283, 280, 73703]
37, 37, 3.05, [11387, 11925, 62858]
38, 0, 3.28, [86, 46, 66167]
38, 1, 3.28, [150655, 286, 56237]
38, 2, 3.2, [148118, 89, 66167]
38, 3, 3.2, [150655, 46, 66167]
38, 4, 3.19, [62858, 286, 56237]
38, 5, 3.19, [148118, 283, 56237]
38, 6, 3.19, [86, 46, 56241]
38, 7, 3.19, [6376, 46, 66167]
38, 8, 3.18, [150655, 90, 73700]
38, 9, 3.18, [150015, 87, 56240]
38, 10, 3.17, [88, 284, 66167]
38, 11, 3.17, [150015, 46, 62858]
38, 12, 3.17, [150655, 86, 66167]
38, 13, 3.17, [280, 286, 98065]
38, 14, 3.17, [88, 284, 56237]
38, 15, 3.16, [90, 71858, 56240]
38, 16, 3.16, [46, 90, 66167]
38, 17, 3.16, [90, 46, 56237]
38, 18, 3.16, [278, 90, 56237]
38, 19, 3.16, [278, 286, 56240]
38, 20, 3.16, [118606, 286, 56237]
38, 21, 3.15, [150655, 283, 56240]
38, 22, 3.14, [86, 46, 56239]
38, 23, 3.14, [150015, 1063, 56240]
38, 24, 3.13, [149059, 88, 33297]
38, 25, 3.13, [148118, 46, 66167]
38, 26, 3.13, [150654, 1061, 56237]
38, 27, 3.12, [90, 46, 56237]
38, 28, 3.12, [86, 46, 66169]
38, 29, 3.12, [150015, 286, 98065]
38, 30, 3.12, [278, 1062, 56240]
38, 31, 3.11, [86, 286, 150653]
38, 32, 3.11, [89, 148118, 56240]
38, 33, 3.1, [86, 286, 56237]
38, 34, 3.1, [150015, 90, 56240]
38, 35, 3.1, [80449, 150655, 65901]
38, 36, 3.09, [113173, 87, 66169]
38, 37, 3.09, [86, 46, 80449]
38, 38, 3.09, [89, 87, 66167]
39, 0, 3.28, [86, 46, 66167]
39, 1, 3.28, [150655, 286, 56237]
39, 2, 3.21, [88, 89, 66167]
39, 3, 3.21, [150655, 46, 56240]
39, 4, 3.2, [150652, 46, 56237]
39, 5, 3.2, [150655, 88, 66167]
39, 6, 3.19, [280, 286, 56240]
39, 7, 3.19, [150655, 281, 66167]
39, 8, 3.19, [148118, 86, 56237]
39, 9, 3.18, [148118, 46, 56240]
39, 10, 3.18, [148118, 283, 56237]
39, 11, 3.17, [150655, 90, 66171]
39, 12, 3.17, [150652, 86, 66167]
39, 13, 3.17, [148118, 284, 66167]
39, 14, 3.17, [150655, 87, 56237]
39, 15, 3.17, [150655, 90, 62858]
39, 16, 3.16, [88, 284, 56240]
39, 17, 3.15, [86, 46, 62858]
39, 18, 3.15, [88, 90, 56237]
39, 19, 3.15, [46, 286, 56237]
39, 20, 3.14, [62858, 286, 66171]
39, 21, 3.14, [150655, 285, 66167]
39, 22, 3.14, [150015, 89, 66167]
39, 23, 3.14, [86, 87, 66167]
39, 24, 3.13, [62858, 284, 56237]
39, 25, 3.13, [62858, 286, 66171]
39, 26, 3.13, [150015, 46, 56241]
39, 27, 3.12, [86, 88, 66167]
39, 28, 3.11, [148118, 86, 56241]
39, 29, 3.11, [148118, 86, 56237]
39, 30, 3.11, [150655, 282, 66167]
39, 31, 3.11, [86, 90, 56237]
39, 32, 3.11, [823, 286, 56240]
39, 33, 3.1, [156909, 283, 98065]
39, 34, 3.1, [156909, 286, 66167]
39, 35, 3.1, [150655, 1063, 98065]
39, 36, 3.09, [286, 71858, 66167]
39, 37, 3.09, [6376, 46, 66167]
39, 38, 3.08, [88, 46, 56240]
39, 39, 3.06, [88, 46, 73700]
40, 0, 3.28, [86, 46, 66167]
40, 1, 3.28, [150655, 286, 56237]
40, 2, 3.21, [150652, 89, 66167]
40, 3, 3.2, [148118, 88, 66167]
40, 4, 3.19, [150655, 87, 62858]
40, 5, 3.19, [150655, 282, 56237]
40, 6, 3.19, [156909, 283, 56237]
40, 7, 3.19, [88, 90, 56237]
40, 8, 3.18, [86, 90, 66171]
40, 9, 3.17, [148118, 89, 62858]
40, 10, 3.16, [150654, 86, 66167]
40, 11, 3.15, [156909, 89, 66167]
40, 12, 3.15, [86, 46, 66166]
40, 13, 3.14, [88, 46, 62858]
40, 14, 3.14, [127089, 86, 56240]
40, 15, 3.13, [148118, 86, 56237]
40, 16, 3.13, [150655, 87, 66167]
40, 17, 3.13, [148118, 89, 56240]
40, 18, 3.13, [90, 281, 66167]
40, 19, 3.13, [150655, 281, 65900]
40, 20, 3.13, [150655, 46, 66171]
40, 21, 3.13, [150655, 90, 56237]
40, 22, 3.12, [89, 284, 56240]
40, 23, 3.12, [86, 87, 56237]
40, 24, 3.11, [156909, 88, 66167]
40, 25, 3.11, [150652, 284, 66167]
40, 26, 3.11, [86, 46, 66167]
40, 27, 3.11, [148118, 221360, 149059]
40, 28, 3.11, [150655, 67331, 66167]
40, 29, 3.11, [14223, 286, 56237]
40, 30, 3.1, [46, 281, 56237]
40, 31, 3.1, [156909, 86, 66167]
40, 32, 3.1, [150654, 286, 66167]
40, 33, 3.1, [86, 89, 62858]
40, 34, 3.1, [46, 286, 56237]
40, 35, 3.09, [150655, 1063, 56237]
40, 36, 3.08, [86, 46, 98063]
40, 37, 3.07, [80449, 46, 56237]
40, 38, 3.07, [150655, 89, 66171]
40, 39, 3.06, [95674, 73703, 56237]
40, 40, 3.05, [12067, 100141, 66167]
41, 0, 3.28, [86, 46, 66167]
41, 1, 3.28, [150655, 286, 56237]
41, 2, 3.27, [150654, 46, 66167]
41, 3, 3.26, [150654, 89, 56237]
41, 4, 3.25, [150652, 90, 62858]
41, 5, 3.22, [150655, 281, 66167]
41, 6, 3.22, [150655, 90, 66167]
41, 7, 3.21, [148118, 283, 56237]
41, 8, 3.2, [86, 284, 56237]
41, 9, 3.19, [148118, 89, 66171]
41, 10, 3.18, [148118, 90, 66167]
41, 11, 3.18, [150652, 46, 62858]
41, 12, 3.18, [150652, 86, 56239]
41, 13, 3.18, [33296, 150654, 56240]
41, 14, 3.17, [150652, 86, 66167]
41, 15, 3.17, [148118, 86, 62858]
41, 16, 3.17, [150655, 46, 56237]
41, 17, 3.17, [278, 90, 66167]
41, 18, 3.17, [150652, 89, 66170]
41, 19, 3.16, [156909, 282, 56237]
41, 20, 3.16, [150652, 89, 56240]
41, 21, 3.16, [150652, 90, 66171]
41, 22, 3.16, [150655, 286, 67331]
41, 23, 3.16, [282, 89, 66059]
41, 24, 3.15, [278, 90, 66167]
41, 25, 3.15, [148118, 89, 56240]
41, 26, 3.14, [86, 88, 62858]
41, 27, 3.14, [148118, 88, 62858]
41, 28, 3.14, [150655, 286, 56237]
41, 29, 3.13, [156909, 281, 56237]
41, 30, 3.12, [86, 89, 56239]
41, 31, 3.12, [86, 284, 56237]
41, 32, 3.12, [56240, 89, 66169]
41, 33, 3.11, [150654, 281, 66167]
41, 34, 3.11, [150655, 1060, 66171]
41, 35, 3.1, [150652, 89, 56239]
41, 36, 3.1, [156909, 70639, 66167]
41, 37, 3.1, [150652, 66059, 66167]
41, 38, 3.09, [89, 90, 66167]
41, 39, 3.09, [95674, 89, 67332]
41, 40, 3.08, [87, 90, 56237]
41, 41, 3.08, [33299, 89, 12067]
42, 0, 3.28, [86, 46, 66167]
42, 1, 3.28, [150655, 286, 56237]
42, 2, 3.23, [150655, 87, 56237]
42, 3, 3.23, [150655, 282, 56237]
42, 4, 3.22, [150655, 90, 56240]
42, 5, 3.22, [150654, 89, 56237]
42, 6, 3.22, [150655, 283, 56237]
42, 7, 3.21, [150655, 1063, 66167]
42, 8, 3.21, [150652, 46, 66167]
42, 9, 3.2, [86, 283, 66167]
42, 10, 3.2, [284, 46, 66167]
42, 11, 3.2, [150655, 286, 56237]
42, 12, 3.19, [148118, 86, 66167]
42, 13, 3.18, [148118, 283, 56237]
42, 14, 3.18, [148118, 89, 56239]
42, 15, 3.17, [88, 284, 66167]
42, 16, 3.17, [150652, 46, 56237]
42, 17, 3.16, [86, 80450, 66167]
42, 18, 3.16, [150655, 286, 56241]
42, 19, 3.16, [150652, 89, 62858]
42, 20, 3.14, [56240, 86, 66167]
42, 21, 3.13, [150655, 284, 56237]
42, 22, 3.13, [150654, 89, 56237]
42, 23, 3.13, [148118, 282, 56237]
42, 24, 3.12, [150652, 284, 56237]
42, 25, 3.12, [56237, 89, 80450]
42, 26, 3.12, [127089, 90, 56237]
42, 27, 3.12, [86, 100807, 66171]
42, 28, 3.11, [46, 33299, 62858]
42, 29, 3.11, [86, 46, 118602]
42, 30, 3.1, [87, 46, 66167]
42, 31, 3.1, [150654, 90, 62858]
42, 32, 3.1, [148118, 286, 66167]
42, 33, 3.09, [148118, 89, 33300]
42, 34, 3.09, [150655, 1061, 56237]
42, 35, 3.08, [281, 283, 56237]
42, 36, 3.08, [134365, 90, 148118]
42, 37, 3.07, [33296, 150015, 66167]
42, 38, 3.06, [282, 281, 66171]
42, 39, 3.06, [156909, 89, 56237]
42, 40, 3.06, [150652, 46, 73700]
42, 41, 3.05, [86, 65901, 67331]
42, 42, 3.05, [156909, 89, 66059]
43, 0, 3.28, [86, 46, 66167]
43, 1, 3.28, [150655, 286, 56237]
43, 2, 3.22, [86, 283, 62858]
43, 3, 3.22, [150655, 283, 56240]
43, 4, 3.22, [150655, 282, 56237]
43, 5, 3.22, [282, 46, 56237]
43, 6, 3.2, [150655, 88, 66167]
43, 7, 3.2, [150655, 46, 56240]
43, 8, 3.2, [89, 90, 56240]
43, 9, 3.19, [86, 282, 56240]
43, 10, 3.19, [150655, 282, 56237]
43, 11, 3.18, [46, 283, 56237]
43, 12, 3.17, [150655, 285, 56237]
43, 13, 3.17, [127089, 286, 56237]
43, 14, 3.17, [285, 286, 56237]
43, 15, 3.16, [150652, 90, 66167]
43, 16, 3.15, [150654, 282, 56237]
43, 17, 3.14, [150655, 90, 66167]
43, 18, 3.14, [150655, 285, 56240]
43, 19, 3.14, [150654, 86, 66167]
43, 20, 3.13, [89, 46, 56237]
43, 21, 3.13, [150655, 90, 66167]
43, 22, 3.13, [150015, 282, 56240]
43, 23, 3.13, [150655, 221360, 66167]
43, 24, 3.12, [89, 46, 56237]
43, 25, 3.12, [90, 283, 56237]
43, 26, 3.12, [148118, 283, 66167]
43, 27, 3.12, [86, 46, 66166]
43, 28, 3.12, [150655, 98062, 56237]
43, 29, 3.12, [156909, 283, 66167]
43, 30, 3.11, [134362, 282, 66167]
43, 31, 3.11, [148118, 89, 66167]
43, 32, 3.11, [150655, 89, 66167]
43, 33, 3.11, [148118, 286, 66167]
43, 34, 3.11, [86, 90, 66170]
43, 35, 3.11, [90, 1063, 66167]
43, 36, 3.1, [150655, 80661, 56237]
43, 37, 3.09, [86, 282, 66167]
43, 38, 3.09, [144436, 283, 56240]
43, 39, 3.09, [150655, 286, 56237]
43, 40, 3.07, [1927, 283, 113173]
43, 41, 3.07, [150655, 284, 56240]
43, 42, 3.07, [150655, 89, 66166]
43, 43, 3.06, [88, 46, 14223]
44, 0, 3.28, [86, 46, 66167]
44, 1, 3.28, [150655, 286, 56237]
44, 2, 3.25, [89, 283, 56239]
44, 3, 3.22, [150654, 282, 62858]
44, 4, 3.21, [148118, 46, 66167]
44, 5, 3.21, [86, 283, 66169]
44, 6, 3.21, [150654, 285, 56237]
44, 7, 3.21, [150655, 150653, 56240]
44, 8, 3.21, [282, 46, 56237]
44, 9, 3.2, [150654, 88, 56237]
44, 10, 3.2, [150655, 285, 62858]
44, 11, 3.19, [88, 46, 62858]
44, 12, 3.19, [150652, 282, 66167]
44, 13, 3.19, [150655, 90, 66170]
44, 14, 3.18, [88, 285, 56240]
44, 15, 3.18, [86, 88, 56240]
44, 16, 3.18, [86, 283, 66171]
44, 17, 3.18, [150655, 282, 56239]
44, 18, 3.18, [150655, 285, 56240]
44, 19, 3.18, [86, 46, 56241]
44, 20, 3.18, [86, 90, 66167]
44, 21, 3.18, [150655, 284, 56240]
44, 22, 3.17, [150655, 123524, 56240]
44, 23, 3.16, [86, 87, 56240]
44, 24, 3.16, [150652, 282, 56240]
44, 25, 3.15, [150652, 1060, 56237]
44, 26, 3.15, [150655, 286, 66169]
44, 27, 3.15, [150655, 282, 56237]
44, 28, 3.15, [150015, 88, 66167]
44, 29, 3.14, [86, 46, 33297]
44, 30, 3.14, [282, 66167, 56237]
44, 31, 3.14, [91277, 90, 56237]
44, 32, 3.14, [46, 286, 56237]
44, 33, 3.13, [150655, 46, 56240]
44, 34, 3.13, [150655, 46, 1063]
44, 35, 3.13, [150655, 282, 66169]
44, 36, 3.12, [86, 46, 56240]
44, 37, 3.12, [156909, 90, 66167]
44, 38, 3.12, [89, 282, 62858]
44, 39, 3.12, [118602, 90, 56237]
44, 40, 3.11, [150655, 90, 56237]
44, 41, 3.08, [150655, 282, 56240]
44, 42, 3.08, [150015, 282, 56240]
44, 43, 3.07, [118606, 46, 87]
44, 44, 3.06, [33296, 286, 87893]
45, 0, 3.28, [86, 46, 66167]
45, 1, 3.28, [150655, 286, 56237]
45, 2, 3.24, [148118, 286, 56239]
45, 3, 3.22, [150655, 46, 62858]
45, 4, 3.21, [150654, 285, 56239]
45, 5, 3.2, [150655, 285, 66167]
45, 6, 3.2, [150654, 90, 66167]
45, 7, 3.19, [150655, 285, 80450]
45, 8, 3.18, [87, 285, 62858]
45, 9, 3.18, [150655, 282, 66169]
45, 10, 3.18, [98065, 66167, 56239]
45, 11, 3.17, [89, 282, 66167]
45, 12, 3.17, [150654, 90, 66167]
45, 13, 3.17, [86, 87, 56237]
45, 14, 3.17, [150654, 286, 56237]
45, 15, 3.17, [150655, 150652, 56239]
45, 16, 3.16, [282, 286, 56240]
45, 17, 3.16, [150654, 285, 66169]
45, 18, 3.16, [150015, 282, 62858]
45, 19, 3.16, [86, 88, 66167]
45, 20, 3.15, [150652, 46, 56237]
45, 21, 3.15, [150654, 1063, 56237]
45, 22, 3.15, [150654, 283, 56240]
45, 23, 3.15, [1063, 283, 56237]
45, 24, 3.15, [150655, 90, 66169]
45, 25, 3.15, [88, 285, 56237]
45, 26, 3.15, [46, 283, 62858]
45, 27, 3.14, [150654, 46, 56239]
45, 28, 3.14, [150655, 282, 62858]
45, 29, 3.13, [150655, 46, 56237]
45, 30, 3.12, [86, 88, 56237]
45, 31, 3.12, [283, 46, 66170]
45, 32, 3.12, [150654, 148118, 56240]
45, 33, 3.11, [150655, 282, 56241]
45, 34, 3.11, [100140, 46, 56239]
45, 35, 3.1, [156909, 90, 56240]
45, 36, 3.1, [100807, 90, 134365]
45, 37, 3.1, [148118, 46, 66167]
45, 38, 3.1, [86, 89, 66171]
45, 39, 3.09, [12067, 33296, 144434]
45, 40, 3.09, [86, 46, 66171]
45, 41, 3.09, [118606, 87, 33300]
45, 42, 3.09, [89, 284, 62858]
45, 43, 3.08, [56239, 149059, 134361]
45, 44, 3.08, [150655, 91277, 56240]
45, 45, 3.08, [88, 65897, 56240]
46, 0, 3.28, [86, 46, 66167]
46, 1, 3.28, [150655, 286, 56237]
46, 2, 3.25, [150655, 90, 56237]
46, 3, 3.24, [87, 285, 279]
46, 4, 3.23, [150654, 90, 56239]
46, 5, 3.22, [90, 285, 56239]
46, 6, 3.21, [150655, 286, 66167]
46, 7, 3.21, [88, 87, 62858]
46, 8, 3.2, [150655, 286, 56239]
46, 9, 3.2, [148118, 286, 56239]
46, 10, 3.19, [150655, 286, 56241]
46, 11, 3.18, [150654, 285, 66166]
46, 12, 3.18, [150654, 46, 56239]
46, 13, 3.18, [148118, 286, 66167]
46, 14, 3.18, [150655, 285, 100141]
46, 15, 3.18, [150655, 46, 56237]
46, 16, 3.18, [148118, 285, 62858]
46, 17, 3.18, [148118, 285, 56239]
46, 18, 3.17, [150655, 46, 62858]
46, 19, 3.17, [86, 46, 62858]
46, 20, 3.16, [150655, 285, 66167]
46, 21, 3.16, [150015, 286, 56239]
46, 22, 3.16, [46, 282, 66169]
46, 23, 3.15, [150655, 90, 66167]
46, 24, 3.15, [86, 88, 56239]
46, 25, 3.15, [150654, 282, 66167]
46, 26, 3.15, [86, 285, 56240]
46, 27, 3.14, [150654, 150652, 56237]
46, 28, 3.14, [150654, 283, 66167]
46, 29, 3.14, [150655, 282, 62858]
46, 30, 3.13, [150654, 134361, 56237]
46, 31, 3.12, [150654, 90, 98065]
46, 32, 3.12, [150652, 286, 56237]
46, 33, 3.12, [150655, 286, 62858]
46, 34, 3.12, [148118, 77358, 66167]
46, 35, 3.11, [150655, 90, 62858]
46, 36, 3.11, [281, 46, 62858]
46, 37, 3.1, [148118, 286, 118606]
46, 38, 3.1, [33300, 285, 66169]
46, 39, 3.1, [98065, 46, 62858]
46, 40, 3.09, [98065, 66167, 56239]
46, 41, 3.09, [156909, 286, 66167]
46, 42, 3.09, [150655, 150652, 56240]
46, 43, 3.08, [150655, 286, 67331]
46, 44, 3.08, [156909, 90, 56239]
46, 45, 3.08, [156909, 66059, 33298]
46, 46, 3.06, [282, 118606, 123523]
47, 0, 3.28, [86, 46, 66167]
47, 1, 3.28, [150655, 286, 56237]
47, 2, 3.27, [150655, 286, 62858]
47, 3, 3.26, [150654, 87, 66167]
47, 4, 3.25, [87, 285, 62858]
47, 5, 3.24, [156909, 286, 62858]
47, 6, 3.22, [150015, 286, 66167]
47, 7, 3.21, [148118, 90, 62858]
47, 8, 3.2, [150654, 285, 62858]
47, 9, 3.2, [148118, 286, 62858]
47, 10, 3.19, [89, 285, 56239]
47, 11, 3.19, [148118, 286, 66169]
47, 12, 3.18, [150654, 286, 66167]
47, 13, 3.17, [150654, 285, 56241]
47, 14, 3.17, [285, 1927, 56239]
47, 15, 3.17, [73700, 90, 56239]
47, 16, 3.17, [150652, 285, 66167]
47, 17, 3.16, [150655, 90, 56237]
47, 18, 3.16, [90, 285, 88]
47, 19, 3.16, [150652, 286, 279]
47, 20, 3.15, [88, 89, 56239]
47, 21, 3.15, [150652, 46, 62858]
47, 22, 3.15, [150655, 90, 62858]
47, 23, 3.14, [150654, 286, 62858]
47, 24, 3.14, [150655, 46, 56241]
47, 25, 3.14, [87, 285, 56239]
47, 26, 3.14, [148118, 90, 66167]
47, 27, 3.14, [88, 285, 56237]
47, 28, 3.14, [150655, 282, 279]
47, 29, 3.13, [148118, 284, 56239]
47, 30, 3.13, [150655, 286, 56240]
47, 31, 3.13, [86, 46, 66166]
47, 32, 3.12, [148118, 87, 62858]
47, 33, 3.12, [150015, 283, 56239]
47, 34, 3.12, [88, 87, 56240]
47, 35, 3.12, [150015, 285, 279]
47, 36, 3.12, [150652, 90, 56239]
47, 37, 3.12, [150654, 46, 62858]
47, 38, 3.1, [98065, 90, 144434]
47, 39, 3.1, [89, 46, 56239]
47, 40, 3.09, [278, 87, 279]
47, 41, 3.09, [150655, 98062, 56237]
47, 42, 3.09, [65900, 286, 66169]
47, 43, 3.09, [88, 90, 56241]
47, 44, 3.09, [89, 286, 56237]
47, 45, 3.09, [144436, 90, 56237]
47, 46, 3.08, [98063, 286, 66167]
47, 47, 3.08, [87, 283, 56239]
48, 0, 3.28, [86, 46, 66167]
48, 1, 3.28, [150655, 286, 56237]
48, 2, 3.27, [150654, 87, 56239]
48, 3, 3.26, [1060, 285, 66167]
48, 4, 3.24, [150654, 285, 56241]
48, 5, 3.21, [150655, 90, 56240]
48, 6, 3.2, [150655, 283, 62858]
48, 7, 3.2, [150015, 285, 56239]
48, 8, 3.19, [150655, 285, 56237]
48, 9, 3.19, [148118, 286, 56240]
48, 10, 3.19, [148118, 282, 56237]
48, 11, 3.19, [150655, 286, 56239]
48, 12, 3.18, [148118, 89, 56237]
48, 13, 3.18, [150655, 90, 56240]
48, 14, 3.18, [148118, 282, 66167]
48, 15, 3.18, [150654, 286, 62858]
48, 16, 3.17, [150654, 286, 62858]
48, 17, 3.17, [150655, 285, 56237]
48, 18, 3.17, [150015, 285, 66167]
48, 19, 3.17, [150655, 286, 56237]
48, 20, 3.17, [150652, 89, 66167]
48, 21, 3.16, [87, 90, 56237]
48, 22, 3.16, [86, 56240, 66167]
48, 23, 3.16, [150655, 286, 62858]
48, 24, 3.15, [150655, 1063, 62858]
48, 25, 3.15, [150655, 286, 56237]
48, 26, 3.14, [86, 46, 66167]
48, 27, 3.14, [150652, 285, 66167]
48, 28, 3.13, [150654, 87, 56240]
48, 29, 3.13, [150654, 285, 148118]
48, 30, 3.12, [87, 286, 66167]
48, 31, 3.12, [100140, 286, 65899]
48, 32, 3.12, [150652, 286, 66167]
48, 33, 3.12, [88, 46, 66169]
48, 34, 3.12, [150654, 286, 66166]
48, 35, 3.12, [73700, 285, 66167]
48, 36, 3.11, [156909, 286, 66167]
48, 37, 3.11, [150015, 285, 56237]
48, 38, 3.11, [87, 70639, 62858]
48, 39, 3.1, [89, 88, 56241]
48, 40, 3.1, [156909, 285, 56239]
48, 41, 3.09, [150015, 46, 56239]
48, 42, 3.09, [148118, 11935, 56237]
48, 43, 3.08, [71858, 286, 56240]
48, 44, 3.08, [281, 286, 62858]
48, 45, 3.08, [148118, 90, 66166]
48, 46, 3.08, [67331, 144434, 118602]
48, 47, 3.07, [56240, 282, 280]
48, 48, 3.07, [150652, 285, 56241]
49, 0, 3.28, [86, 46, 66167]
49, 1, 3.28, [150655, 286, 56237]
49, 2, 3.24, [150655, 284, 56240]
49, 3, 3.21, [150655, 87, 56239]
49, 4, 3.21, [148118, 286, 62858]
49, 5, 3.2, [150655, 86, 56241]
49, 6, 3.19, [1060, 89, 66167]
49, 7, 3.19, [150655, 285, 56239]
49, 8, 3.18, [148118, 90, 56237]
49, 9, 3.18, [150655, 285, 66169]
49, 10, 3.18, [148118, 284, 62858]
49, 11, 3.17, [150655, 90, 62858]
49, 12, 3.17, [86, 87, 56239]
49, 13, 3.17, [150015, 286, 66167]
49, 14, 3.17, [150655, 285, 56239]
49, 15, 3.17, [150654, 286, 62858]
49, 16, 3.16, [148118, 282, 62858]
49, 17, 3.16, [150655, 88, 56237]
49, 18, 3.15, [86, 285, 56237]
49, 19, 3.15, [150654, 282, 66167]
49, 20, 3.15, [150654, 285, 56237]
49, 21, 3.14, [90, 282, 56237]
49, 22, 3.14, [150654, 285, 56241]
49, 23, 3.14, [87, 282, 56240]
49, 24, 3.14, [86, 285, 66171]
49, 25, 3.14, [156909, 286, 56237]
49, 26, 3.13, [148118, 86, 66167]
49, 27, 3.13, [150655, 285, 56237]
49, 28, 3.13, [148118, 90, 56239]
49, 29, 3.13, [150015, 87, 66167]
49, 30, 3.13, [150654, 286, 56240]
49, 31, 3.13, [150655, 118602, 77358]
49, 32, 3.13, [1060, 90, 56237]
49, 33, 3.12, [1060, 823, 56239]
49, 34, 3.12, [150654, 285, 56239]
49, 35, 3.12, [148118, 282, 66167]
49, 36, 3.12, [150655, 285, 56237]
49, 37, 3.12, [150654, 11387, 62858]
49, 38, 3.12, [150655, 87, 56240]
49, 39, 3.11, [150654, 33300, 56240]
49, 40, 3.11, [1060, 284, 56237]
49, 41, 3.11, [150655, 89, 56239]
49, 42, 3.1, [150655, 285, 66167]
49, 43, 3.09, [150653, 90, 56240]
49, 44, 3.09, [148118, 90, 56240]
49, 45, 3.08, [150654, 286, 1060]
49, 46, 3.08, [150655, 285, 56240]
49, 47, 3.08, [156909, 90, 56237]
49, 48, 3.07, [282, 46, 66167]
49, 49, 3.07, [150655, 285, 56237]
50, 0, 3.28, [86, 46, 66167]
50, 1, 3.28, [150655, 286, 56237]
50, 2, 3.26, [1060, 89, 56239]
50, 3, 3.25, [150654, 282, 56237]
50, 4, 3.23, [148118, 282, 56241]
50, 5, 3.22, [148118, 285, 56241]
50, 6, 3.22, [150655, 86, 56239]
50, 7, 3.22, [87, 286, 56237]
50, 8, 3.21, [150655, 86, 56239]
50, 9, 3.2, [150652, 286, 62858]
50, 10, 3.2, [150015, 286, 66167]
50, 11, 3.2, [148118, 282, 62858]
50, 12, 3.19, [148118, 284, 56239]
50, 13, 3.19, [86, 89, 56239]
50, 14, 3.18, [150655, 90, 56240]
50, 15, 3.18, [150655, 283, 56239]
50, 16, 3.18, [148118, 279, 56237]
50, 17, 3.17, [86, 88, 56237]
50, 18, 3.17, [148118, 89, 66167]
50, 19, 3.17, [150655, 284, 66167]
50, 20, 3.17, [150655, 285, 113173]
50, 21, 3.17, [150654, 286, 62858]
50, 22, 3.17, [150655, 86, 56241]
50, 23, 3.17, [156909, 286, 62858]
50, 24, 3.16, [46, 89, 56239]
50, 25, 3.16, [150655, 284, 56241]
50, 26, 3.15, [150655, 90, 56240]
50, 27, 3.15, [86, 90, 62858]
50, 28, 3.15, [150655, 284, 56240]
50, 29, 3.15, [11387, 46, 66167]
50, 30, 3.15, [73700, 285, 56237]
50, 31, 3.14, [150654, 89, 66167]
50, 32, 3.13, [86, 284, 279]
50, 33, 3.13, [156909, 286, 66167]
50, 34, 3.13, [150655, 88, 62858]
50, 35, 3.13, [65901, 100140, 62858]
50, 36, 3.13, [156909, 284, 56241]
50, 37, 3.12, [156909, 90, 62858]
50, 38, 3.12, [148118, 284, 66170]
50, 39, 3.12, [65899, 87, 56239]
50, 40, 3.12, [150654, 282, 66167]
50, 41, 3.12, [150655, 285, 62858]
50, 42, 3.11, [88, 87, 66167]
50, 43, 3.11, [86, 285, 66167]
50, 44, 3.11, [156909, 90, 66169]
50, 45, 3.11, [150655, 90, 56240]
50, 46, 3.1, [90, 1060, 66171]
50, 47, 3.1, [91277, 46, 62858]
50, 48, 3.1, [1060, 286, 66167]
50, 49, 3.09, [67331, 46, 66167]
50, 50, 3.09, [150654, 286, 56237]
