n_nodes,influence,n0,n1,n2,n3,n4
5,696.9700,736,942,899,484,609
5,696.9700,736,942,899,484,609
5,696.9700,736,942,899,484,609
5,696.9700,736,942,899,484,609
5,696.9700,736,942,899,484,609
5,696.9700,736,942,899,484,609
5,696.9700,736,942,899,484,609
5,696.9700,736,942,899,484,609
5,696.9700,736,942,899,484,609
5,696.9700,736,942,899,484,609
5,696.9700,736,942,899,484,609
5,696.9700,736,942,899,484,609
5,696.9700,736,942,899,484,609
5,696.9700,736,942,899,484,609
5,696.9700,736,942,899,484,609
5,696.9700,736,942,899,484,609
