generation number, pop_size, worst, best, median, avg, std, diversity, improvement, number_of_selections
0, 10, 7.97, 16.68, 11.27, 12.05, 2.9478568486274908,0.9481481481481482,0,[1.e-300]
1, 10, 9.48, 16.95, 13.7, 13.591, 2.4662053847966514,0.7851851851851852,0.016187050359712206,[1.e-300]
2, 10, 9.21, 16.95, 15.57, 14.178, 2.7862943132411546,0.7259259259259259,0.0,[1.e-300]
3, 10, 12.5, 18.34, 15.719999999999999, 15.818999999999999, 1.513191660035172,0.6444444444444445,0.08200589970501479,[1.e-300]
4, 10, 11.71, 18.34, 13.870000000000001, 14.363000000000003, 1.8545514282434983,0.7703703703703704,0.0,[1.e-300]
5, 10, 13.31, 19.12, 16.325, 16.134999999999998, 1.8383321245085176,0.6296296296296297,0.042529989094874654,[1.e-300]
6, 10, 11.22, 19.12, 15.34, 15.318000000000001, 2.8448507869482365,0.7555555555555555,0.0,[1.e-300]
7, 10, 11.77, 19.12, 14.969999999999999, 15.302000000000001, 2.6965896981187187,0.7555555555555555,0.0,[1.e-300]
8, 10, 11.0, 19.12, 17.009999999999998, 15.902000000000001, 2.733206175904043,0.6666666666666666,0.0,[1.e-300]
9, 10, 9.94, 19.31, 15.594999999999999, 15.019, 3.641830446355239,0.6888888888888889,0.00993723849372373,[1.e-300]
10, 10, 13.53, 19.99, 17.965, 17.059, 2.4446449639978396,0.562962962962963,0.03521491455204556,[1.e-300]
