generation number, individual number, fitness, candidate
0, 0, 2.03, [1068, 1906]
0, 1, 2.03, [2171, 1475]
0, 2, 2.02, [1351, 2332]
0, 3, 2.02, [1168, 1935]
0, 4, 2.02, [1518, 1247]
0, 5, 2.01, [1620, 1223]
0, 6, 2.0, [1715, 1230]
0, 7, 2.0, [2989, 3662]
0, 8, 2.0, [1652, 1906]
0, 9, 2.0, [2094, 1201]
1, 0, 2.05, [751, 1350]
1, 1, 2.03, [2171, 1407]
1, 2, 2.03, [1068, 1225]
1, 3, 2.03, [1125, 2332]
1, 4, 2.03, [2171, 2320]
1, 5, 2.03, [1935, 1475]
1, 6, 2.03, [1068, 1906]
1, 7, 2.03, [2171, 1475]
1, 8, 2.02, [1351, 1225]
1, 9, 2.01, [1028, 1068]
2, 0, 2.09, [1125, 1350]
2, 1, 2.09, [1058, 1350]
2, 2, 2.08, [749, 1091]
2, 3, 2.05, [749, 2320]
2, 4, 2.05, [1125, 1350]
2, 5, 2.05, [751, 1350]
2, 6, 2.03, [2171, 1407]
2, 7, 2.02, [751, 1328]
2, 8, 2.02, [1827, 1212]
2, 9, 2.0, [2989, 1378]
3, 0, 2.09, [1125, 1350]
3, 1, 2.09, [1058, 1350]
3, 2, 2.05, [1125, 1351]
3, 3, 2.04, [975, 1350]
3, 4, 2.04, [1125, 1442]
3, 5, 2.03, [831, 1223]
3, 6, 2.01, [1378, 1025]
3, 7, 2.01, [1058, 751]
3, 8, 2.0, [1437, 1279]
3, 9, 2.0, [1125, 695]
4, 0, 2.09, [1125, 1350]
4, 1, 2.09, [1058, 1350]
4, 2, 2.06, [1068, 1230]
4, 3, 2.02, [1125, 1287]
4, 4, 2.02, [1125, 1040]
4, 5, 2.02, [788, 1350]
4, 6, 2.01, [6917, 1064]
4, 7, 2.01, [1068, 1226]
4, 8, 2.0, [1058, 1149]
4, 9, 2.0, [1437, 1620]
5, 0, 2.09, [1125, 1350]
5, 1, 2.09, [1058, 1350]
5, 2, 2.07, [717, 1350]
5, 3, 2.06, [1425, 1091]
5, 4, 2.05, [788, 1332]
5, 5, 2.04, [1068, 788]
5, 6, 2.04, [1058, 1350]
5, 7, 2.03, [1125, 1212]
5, 8, 2.02, [1125, 1652]
5, 9, 2.01, [1025, 1518]
6, 0, 2.09, [1125, 1350]
6, 1, 2.09, [1058, 1350]
6, 2, 2.05, [717, 1350]
6, 3, 2.03, [2094, 751]
6, 4, 2.03, [1368, 1350]
6, 5, 2.03, [1125, 1407]
6, 6, 2.02, [1146, 970]
6, 7, 2.02, [1620, 831]
6, 8, 2.01, [2094, 1935]
6, 9, 2.0, [1424, 1402]
7, 0, 2.22, [1058, 1509]
7, 1, 2.09, [1125, 1350]
7, 2, 2.09, [1058, 1350]
7, 3, 2.06, [1279, 1350]
7, 4, 2.05, [1378, 1350]
7, 5, 2.03, [1906, 1223]
7, 6, 2.02, [1078, 1350]
7, 7, 2.01, [787, 1827]
7, 8, 2.0, [1368, 2989]
7, 9, 2.0, [5684, 140]
8, 0, 2.22, [1058, 1509]
8, 1, 2.09, [1125, 1350]
8, 2, 2.08, [1223, 1350]
8, 3, 2.06, [775, 1990]
8, 4, 2.05, [717, 1350]
8, 5, 2.02, [1652, 1141]
8, 6, 2.02, [831, 2332]
8, 7, 2.01, [1368, 1620]
8, 8, 2.0, [1424, 1146]
8, 9, 2.0, [1131, 1190]
9, 0, 2.22, [1058, 1509]
9, 1, 2.09, [1125, 1350]
9, 2, 2.03, [785, 1715]
9, 3, 2.03, [1990, 1157]
9, 4, 2.03, [1407, 1350]
9, 5, 2.02, [1058, 1407]
9, 6, 2.02, [717, 3662]
9, 7, 2.01, [4227, 326]
9, 8, 2.01, [1368, 1350]
9, 9, 2.0, [1767, 1403]
10, 0, 2.22, [1058, 1509]
10, 1, 2.18, [785, 1509]
10, 2, 2.17, [717, 1509]
10, 3, 2.16, [1131, 1509]
10, 4, 2.09, [1125, 1350]
10, 5, 2.06, [1425, 1040]
10, 6, 2.03, [717, 775]
10, 7, 2.01, [1058, 1403]
10, 8, 2.0, [3662, 1715]
10, 9, 2.0, [751, 1064]
