generation number, pop_size, worst, best, median, avg, std, diversity, improvement, number_of_selections
0, 10, 3.06, 3.17, 3.1, 3.1109999999999998, 0.03299999999999998,0.9555555555555556,0,[1.e-300]
1, 10, 3.06, 3.17, 3.12, 3.1119999999999997, 0.04019950248448355,0.8148148148148148,0.0,[1.e-300]
2, 10, 3.06, 3.17, 3.13, 3.13, 0.03820994634908557,0.8,0.0,[1.e-300]
3, 10, 3.09, 3.19, 3.125, 3.1350000000000002, 0.033241540277189306,0.8,0.006309148264984233,[1.e-300]
4, 10, 3.1, 3.27, 3.13, 3.1470000000000007, 0.049608467019249834,0.837037037037037,0.025078369905956136,[1.e-300]
5, 10, 3.05, 3.27, 3.125, 3.133, 0.059506302187247374,0.874074074074074,0.0,[1.e-300]
6, 10, 3.07, 3.27, 3.14, 3.15, 0.0554977477020465,0.7851851851851852,0.0,[1.e-300]
7, 10, 3.12, 3.27, 3.1799999999999997, 3.185, 0.04080441152620632,0.837037037037037,0.0,[1.e-300]
8, 10, 3.08, 3.27, 3.145, 3.1620000000000004, 0.055821142947811486,0.8074074074074074,0.0,[1.e-300]
9, 10, 3.08, 3.27, 3.135, 3.155, 0.05714017850864669,0.7111111111111111,0.0,[1.e-300]
10, 10, 3.07, 3.27, 3.145, 3.152, 0.05635601121442154,0.8074074074074075,0.0,[1.e-300]
