n_nodes,influence,n0,n1,n2,n3,n4
5,38.9980,193237,117916,243341,89482,221414
5,38.9980,193237,117916,243341,89482,221414
5,38.9980,193237,117916,243341,89482,221414
5,38.3840,193237,117916,243341,89482,221414
5,38.2500,193237,117916,243341,89482,221414
5,38.2200,193237,117916,243341,89482,221414
5,38.2200,193237,117916,243341,89482,221414
5,38.2200,193237,117916,243341,89482,221414
5,38.1880,193237,117916,243341,89482,221414
5,38.1880,193237,117916,243341,89482,221414
5,38.1820,193237,117916,243341,89482,221414
5,38.1820,193237,117916,243341,89482,221414
5,37.9480,193237,117916,243341,89482,221414
5,37.7760,193237,117916,243341,89482,221414
5,37.7760,193237,117916,243341,89482,221414
5,37.6920,193237,117916,243341,89482,221414
