n_nodes,influence,n0,n1,n2,n3,n4
5,25.2000,144641,164614,213584,192119,52414
5,25.2000,144641,164614,213584,192119,52414
5,24.9000,101344,164614,213584,192119,52414
5,24.9000,101344,164614,213584,192119,52414
5,24.9000,101344,164614,213584,192119,52414
5,24.9000,101344,164614,213584,192119,52414
5,24.9000,101344,164614,213584,192119,52414
5,24.9000,101344,164614,213584,192119,52414
5,24.9000,101344,164614,213584,192119,52414
5,24.9000,101344,164614,213584,192119,52414
5,24.9000,101344,164614,213584,192119,52414
5,24.9000,101344,164614,213584,192119,52414
5,24.9000,101344,164614,213584,192119,52414
5,24.9000,101344,164614,213584,192119,52414
5,24.9000,101344,164614,213584,192119,52414
5,24.9000,101344,164614,213584,192119,52414
