num_genrations,diversity,improvement,best_fitness
0,0.9981854838709677,0,440.95
1,0.8782258064516129,0.0,440.95
2,0.8401209677419355,0.11488830933212388,491.61
3,0.4892137096774194,0.05008034824352638,516.23
4,0.5475806451612903,0.11899734614416045,577.66
5,0.4681451612903227,0.1397188657687914,658.37
6,0.4809475806451613,0.003812445889089708,660.88
7,0.23125000000000007,0.0,660.88
8,0.09395161290322585,0.0,660.88
9,0.014415322580645151,0.014526086430214294,670.48
10,0.028830645161290414,0.00456389452332649,673.54
