generation number, individual number, fitness, candidate
0, 0, 2.13, [1353, 5117]
0, 1, 2.06, [247, 694]
0, 2, 2.05, [697, 2070]
0, 3, 2.04, [934, 1025]
0, 4, 2.02, [1574, 741]
0, 5, 2.02, [1580, 1555]
0, 6, 2.02, [450, 780]
0, 7, 2.01, [483, 1289]
0, 8, 2.0, [78, 1378]
0, 9, 2.0, [450, 1394]
1, 0, 2.13, [1353, 5117]
1, 1, 2.1, [216, 5117]
1, 2, 2.07, [1569, 5117]
1, 3, 2.06, [247, 694]
1, 4, 2.05, [216, 694]
1, 5, 2.03, [1574, 710]
1, 6, 2.01, [1569, 1025]
1, 7, 2.01, [798, 2070]
1, 8, 2.01, [1353, 1430]
1, 9, 2.0, [1353, 320]
2, 0, 2.19, [1289, 5117]
2, 1, 2.13, [1353, 5117]
2, 2, 2.11, [15, 5117]
2, 3, 2.1, [216, 5117]
2, 4, 2.09, [15, 5117]
2, 5, 2.06, [2846, 336]
2, 6, 2.03, [751, 1567]
2, 7, 2.03, [694, 1381]
2, 8, 2.02, [785, 1219]
2, 9, 2.01, [690, 1394]
3, 0, 2.19, [1289, 5117]
3, 1, 2.13, [1353, 5117]
3, 2, 2.11, [339, 5117]
3, 3, 2.07, [609, 5117]
3, 4, 2.04, [78, 5117]
3, 5, 2.03, [1567, 3639]
3, 6, 2.03, [841, 3639]
3, 7, 2.01, [15, 2032]
3, 8, 2.01, [1419, 873]
3, 9, 2.0, [716, 1028]
4, 0, 2.19, [1289, 5117]
4, 1, 2.13, [1353, 5117]
4, 2, 2.1, [1603, 5117]
4, 3, 2.05, [1289, 1029]
4, 4, 2.03, [934, 339]
4, 5, 2.03, [785, 1347]
4, 6, 2.03, [587, 3]
4, 7, 2.02, [1289, 1569]
4, 8, 2.01, [429, 873]
4, 9, 2.01, [2667, 990]
5, 0, 2.19, [1289, 5117]
5, 1, 2.13, [1353, 5117]
5, 2, 2.11, [1543, 5117]
5, 3, 2.08, [850, 5117]
5, 4, 2.02, [1225, 850]
5, 5, 2.02, [3639, 2846]
5, 6, 2.02, [816, 819]
5, 7, 2.01, [1430, 816]
5, 8, 2.0, [1289, 831]
5, 9, 2.0, [3639, 1028]
6, 0, 2.19, [1289, 5117]
6, 1, 2.17, [841, 5117]
6, 2, 2.13, [1353, 5117]
6, 3, 2.11, [520, 1229]
6, 4, 2.1, [1378, 5117]
6, 5, 2.07, [785, 922]
6, 6, 2.06, [1543, 495]
6, 7, 2.04, [841, 2032]
6, 8, 2.01, [439, 694]
6, 9, 2.01, [487, 15]
7, 0, 2.19, [1289, 5117]
7, 1, 2.17, [841, 5117]
7, 2, 2.14, [487, 5117]
7, 3, 2.12, [990, 5117]
7, 4, 2.07, [873, 5117]
7, 5, 2.04, [841, 690]
7, 6, 2.03, [439, 922]
7, 7, 2.02, [841, 1353]
7, 8, 2.02, [2667, 662]
7, 9, 2.01, [450, 545]
8, 0, 2.19, [1289, 5117]
8, 1, 2.17, [841, 5117]
8, 2, 2.15, [1543, 5117]
8, 3, 2.14, [809, 5117]
8, 4, 2.04, [487, 2070]
8, 5, 2.03, [1827, 1289]
8, 6, 2.02, [1289, 691]
8, 7, 2.01, [483, 1567]
8, 8, 2.0, [809, 751]
8, 9, 2.0, [339, 1574]
9, 0, 2.19, [1289, 5117]
9, 1, 2.17, [841, 5117]
9, 2, 2.1, [841, 5117]
9, 3, 2.04, [1289, 1414]
9, 4, 2.03, [841, 1967]
9, 5, 2.02, [819, 1394]
9, 6, 2.02, [336, 1514]
9, 7, 2.01, [841, 545]
9, 8, 2.01, [336, 1394]
9, 9, 2.0, [2490, 1580]
10, 0, 2.19, [1289, 5117]
10, 1, 2.17, [841, 5117]
10, 2, 2.14, [710, 5117]
10, 3, 2.04, [841, 1025]
10, 4, 2.02, [819, 2436]
10, 5, 2.01, [1567, 656]
10, 6, 2.0, [320, 690]
10, 7, 2.0, [339, 320]
10, 8, 2.0, [3, 1029]
10, 9, 2.0, [1028, 320]
11, 0, 2.19, [1289, 5117]
11, 1, 2.17, [841, 5117]
11, 2, 2.08, [1028, 5117]
11, 3, 2.08, [1580, 5117]
11, 4, 2.07, [934, 751]
11, 5, 2.04, [841, 751]
11, 6, 2.03, [697, 1540]
11, 7, 2.03, [3, 1569]
11, 8, 2.03, [964, 819]
11, 9, 2.01, [841, 78]
12, 0, 2.19, [1289, 5117]
12, 1, 2.17, [841, 5117]
12, 2, 2.11, [841, 5117]
12, 3, 2.1, [873, 5117]
12, 4, 2.04, [1347, 786]
12, 5, 2.01, [1509, 662]
12, 6, 2.0, [656, 429]
12, 7, 2.0, [850, 1569]
12, 8, 2.0, [1580, 691]
12, 9, 2.0, [3, 15]
13, 0, 2.19, [1289, 5117]
13, 1, 2.17, [841, 5117]
13, 2, 2.11, [1028, 5117]
13, 3, 2.04, [841, 1567]
13, 4, 2.03, [666, 3]
13, 5, 2.02, [690, 834]
13, 6, 2.02, [841, 1574]
13, 7, 2.02, [476, 666]
13, 8, 2.01, [850, 1028]
13, 9, 2.01, [1289, 751]
14, 0, 2.19, [1289, 5117]
14, 1, 2.17, [841, 5117]
14, 2, 2.03, [2070, 785]
14, 3, 2.03, [1289, 2032]
14, 4, 2.02, [2341, 751]
14, 5, 2.02, [741, 3]
14, 6, 2.01, [751, 3]
14, 7, 2.01, [1028, 905]
14, 8, 2.01, [1555, 15]
14, 9, 2.01, [1229, 247]
15, 0, 2.19, [1289, 5117]
15, 1, 2.17, [841, 5117]
15, 2, 2.15, [902, 5117]
15, 3, 2.07, [841, 2070]
15, 4, 2.04, [841, 873]
15, 5, 2.03, [1289, 3639]
15, 6, 2.02, [2340, 1381]
15, 7, 2.02, [841, 1574]
15, 8, 2.01, [1289, 751]
15, 9, 2.01, [1289, 3]
16, 0, 2.19, [1289, 5117]
16, 1, 2.17, [841, 5117]
16, 2, 2.16, [934, 5117]
16, 3, 2.05, [487, 2032]
16, 4, 2.04, [751, 336]
16, 5, 2.04, [476, 751]
16, 6, 2.03, [902, 3147]
16, 7, 2.01, [1141, 1353]
16, 8, 2.01, [841, 798]
16, 9, 2.01, [1289, 1353]
17, 0, 2.19, [1289, 5117]
17, 1, 2.17, [841, 5117]
17, 2, 2.12, [339, 5117]
17, 3, 2.09, [1028, 5117]
17, 4, 2.03, [1225, 1141]
17, 5, 2.03, [786, 1414]
17, 6, 2.02, [841, 3]
17, 7, 2.02, [1289, 1574]
17, 8, 2.01, [1045, 1347]
17, 9, 2.0, [3639, 1378]
18, 0, 2.19, [1289, 5117]
18, 1, 2.17, [841, 5117]
18, 2, 2.14, [841, 5117]
18, 3, 2.05, [1414, 780]
18, 4, 2.05, [1967, 873]
18, 5, 2.03, [1025, 735]
18, 6, 2.02, [339, 247]
18, 7, 2.01, [841, 902]
18, 8, 2.01, [339, 3]
18, 9, 2.01, [450, 1028]
19, 0, 2.19, [1289, 5117]
19, 1, 2.17, [841, 5117]
19, 2, 2.05, [841, 780]
19, 3, 2.05, [990, 841]
19, 4, 2.05, [786, 816]
19, 5, 2.05, [841, 1543]
19, 6, 2.03, [1430, 697]
19, 7, 2.02, [339, 690]
19, 8, 2.0, [1289, 1029]
19, 9, 2.0, [831, 2667]
20, 0, 2.19, [1289, 5117]
20, 1, 2.17, [841, 5117]
20, 2, 2.11, [1003, 5117]
20, 3, 2.05, [1025, 336]
20, 4, 2.05, [934, 1029]
20, 5, 2.04, [841, 780]
20, 6, 2.02, [2436, 450]
20, 7, 2.02, [1289, 339]
20, 8, 2.02, [2340, 716]
20, 9, 2.02, [841, 834]
21, 0, 2.19, [1289, 5117]
21, 1, 2.17, [841, 5117]
21, 2, 2.12, [1028, 5117]
21, 3, 2.09, [841, 5117]
21, 4, 2.09, [990, 841]
21, 5, 2.04, [934, 1567]
21, 6, 2.03, [1289, 439]
21, 7, 2.02, [1025, 1394]
21, 8, 2.01, [2846, 751]
21, 9, 2.01, [1289, 1555]
22, 0, 2.19, [1289, 5117]
22, 1, 2.17, [841, 5117]
22, 2, 2.1, [3147, 5117]
22, 3, 2.09, [339, 5117]
22, 4, 2.04, [850, 2340]
22, 5, 2.03, [841, 1543]
22, 6, 2.02, [1514, 3639]
22, 7, 2.02, [675, 1025]
22, 8, 2.02, [841, 15]
22, 9, 2.01, [1229, 1567]
23, 0, 2.19, [1289, 5117]
23, 1, 2.17, [841, 5117]
23, 2, 2.09, [1028, 5117]
23, 3, 2.08, [3639, 5117]
23, 4, 2.02, [1967, 751]
23, 5, 2.02, [841, 1029]
23, 6, 2.02, [1289, 2340]
23, 7, 2.01, [1028, 1567]
23, 8, 2.01, [1003, 1381]
23, 9, 2.01, [786, 735]
24, 0, 2.19, [1289, 5117]
24, 1, 2.17, [841, 5117]
24, 2, 2.14, [809, 5117]
24, 3, 2.1, [2340, 5117]
24, 4, 2.08, [487, 1580]
24, 5, 2.04, [666, 5117]
24, 6, 2.02, [841, 751]
24, 7, 2.01, [1289, 15]
24, 8, 2.01, [2070, 1555]
24, 9, 2.0, [697, 2667]
25, 0, 2.19, [1289, 5117]
25, 1, 2.17, [841, 5117]
25, 2, 2.15, [850, 5117]
25, 3, 2.11, [339, 5117]
25, 4, 2.08, [1028, 5117]
25, 5, 2.04, [716, 450]
25, 6, 2.02, [970, 2070]
25, 7, 2.02, [1347, 1141]
25, 8, 2.01, [1225, 974]
25, 9, 2.01, [809, 786]
26, 0, 2.19, [1289, 5117]
26, 1, 2.17, [841, 5117]
26, 2, 2.16, [690, 5117]
26, 3, 2.12, [339, 5117]
26, 4, 2.09, [809, 5117]
26, 5, 2.09, [520, 2070]
26, 6, 2.04, [1289, 476]
26, 7, 2.02, [1289, 320]
26, 8, 2.01, [545, 1219]
26, 9, 2.01, [1430, 2341]
27, 0, 2.19, [1289, 5117]
27, 1, 2.17, [841, 5117]
27, 2, 2.14, [841, 5117]
27, 3, 2.08, [841, 5117]
27, 4, 2.03, [476, 2490]
27, 5, 2.02, [1289, 1567]
27, 6, 2.02, [1394, 1567]
27, 7, 2.02, [786, 2846]
27, 8, 2.02, [320, 873]
27, 9, 2.02, [816, 970]
28, 0, 2.19, [1289, 5117]
28, 1, 2.17, [841, 5117]
28, 2, 2.16, [841, 5117]
28, 3, 2.12, [1028, 5117]
28, 4, 2.11, [1381, 520]
28, 5, 2.08, [520, 1045]
28, 6, 2.05, [786, 1141]
28, 7, 2.04, [78, 1414]
28, 8, 2.03, [819, 798]
28, 9, 2.02, [1289, 1225]
29, 0, 2.19, [1289, 5117]
29, 1, 2.17, [841, 5117]
29, 2, 2.12, [922, 5117]
29, 3, 2.12, [731, 5117]
29, 4, 2.04, [1028, 1219]
29, 5, 2.03, [1289, 98]
29, 6, 2.03, [974, 1567]
29, 7, 2.03, [336, 545]
29, 8, 2.02, [1414, 816]
29, 9, 2.01, [1569, 1414]
30, 0, 2.19, [1289, 5117]
30, 1, 2.17, [841, 5117]
30, 2, 2.03, [2070, 1141]
30, 3, 2.03, [439, 1543]
30, 4, 2.02, [1347, 809]
30, 5, 2.01, [731, 751]
30, 6, 2.01, [922, 450]
30, 7, 2.01, [1353, 1381]
30, 8, 2.01, [450, 1419]
30, 9, 2.0, [15, 483]
31, 0, 2.19, [1289, 5117]
31, 1, 2.17, [841, 5117]
31, 2, 2.1, [1225, 5117]
31, 3, 2.07, [731, 5117]
31, 4, 2.05, [1157, 841]
31, 5, 2.03, [439, 1029]
31, 6, 2.02, [1289, 2846]
31, 7, 2.0, [2490, 834]
31, 8, 2.0, [1289, 545]
31, 9, 2.0, [339, 735]
32, 0, 2.19, [1289, 5117]
32, 1, 2.17, [841, 5117]
32, 2, 2.17, [841, 5117]
32, 3, 2.14, [841, 5117]
32, 4, 2.13, [1141, 5117]
32, 5, 2.12, [1378, 5117]
32, 6, 2.1, [735, 520]
32, 7, 2.02, [691, 1555]
32, 8, 2.02, [1045, 690]
32, 9, 2.0, [2667, 1509]
33, 0, 2.19, [1289, 5117]
33, 1, 2.17, [841, 5117]
33, 2, 2.15, [990, 5117]
33, 3, 2.08, [841, 5117]
33, 4, 2.07, [429, 5117]
33, 5, 2.02, [247, 1555]
33, 6, 2.01, [1289, 831]
33, 7, 2.01, [1219, 1138]
33, 8, 2.01, [1003, 1289]
33, 9, 2.0, [1045, 1569]
34, 0, 2.19, [1289, 5117]
34, 1, 2.17, [841, 5117]
34, 2, 2.05, [1289, 1567]
34, 3, 2.03, [1289, 1574]
34, 4, 2.03, [841, 741]
34, 5, 2.02, [1289, 1029]
34, 6, 2.01, [841, 1394]
34, 7, 2.01, [841, 711]
34, 8, 2.0, [731, 1003]
34, 9, 2.0, [691, 1509]
35, 0, 2.19, [1289, 5117]
35, 1, 2.17, [841, 5117]
35, 2, 2.1, [339, 5117]
35, 3, 2.05, [841, 1029]
35, 4, 2.04, [1289, 786]
35, 5, 2.03, [1157, 247]
35, 6, 2.02, [850, 873]
35, 7, 2.02, [1414, 487]
35, 8, 2.01, [691, 751]
35, 9, 2.01, [1025, 841]
36, 0, 2.19, [1289, 5117]
36, 1, 2.17, [841, 5117]
36, 2, 2.17, [841, 5117]
36, 3, 2.08, [2340, 5117]
36, 4, 2.04, [841, 1567]
36, 5, 2.04, [841, 1029]
36, 6, 2.03, [476, 780]
36, 7, 2.03, [841, 1567]
36, 8, 2.02, [1028, 850]
36, 9, 2.02, [656, 990]
37, 0, 2.19, [1289, 5117]
37, 1, 2.17, [841, 5117]
37, 2, 2.04, [656, 1419]
37, 3, 2.03, [1555, 786]
37, 4, 2.02, [1967, 970]
37, 5, 2.01, [495, 339]
37, 6, 2.01, [3, 2070]
37, 7, 2.01, [1289, 905]
37, 8, 2.01, [78, 974]
37, 9, 2.01, [902, 2667]
38, 0, 2.19, [1289, 5117]
38, 1, 2.17, [841, 5117]
38, 2, 2.06, [1289, 336]
38, 3, 2.04, [1414, 1029]
38, 4, 2.03, [1225, 786]
38, 5, 2.02, [1555, 78]
38, 6, 2.02, [1289, 656]
38, 7, 2.02, [1555, 905]
38, 8, 2.01, [1555, 1574]
38, 9, 2.01, [1219, 1353]
39, 0, 2.19, [1289, 5117]
39, 1, 2.17, [841, 5117]
39, 2, 2.17, [841, 5117]
39, 3, 2.03, [1289, 1029]
39, 4, 2.03, [841, 656]
39, 5, 2.02, [735, 970]
39, 6, 2.02, [841, 2032]
39, 7, 2.01, [1048, 2340]
39, 8, 2.0, [339, 1509]
39, 9, 2.0, [841, 1580]
40, 0, 2.19, [1289, 5117]
40, 1, 2.17, [841, 5117]
40, 2, 2.15, [841, 5117]
40, 3, 2.09, [841, 5117]
40, 4, 2.08, [1353, 5117]
40, 5, 2.01, [1353, 970]
40, 6, 2.01, [1289, 2032]
40, 7, 2.0, [2341, 1509]
40, 8, 2.0, [1289, 635]
40, 9, 2.0, [1028, 831]
41, 0, 2.19, [1289, 5117]
41, 1, 2.17, [841, 5117]
41, 2, 2.12, [1028, 5117]
41, 3, 2.11, [78, 520]
41, 4, 2.09, [635, 5117]
41, 5, 2.02, [1394, 841]
41, 6, 2.02, [450, 741]
41, 7, 2.01, [690, 1353]
41, 8, 2.01, [905, 1028]
41, 9, 2.0, [1028, 1569]
42, 0, 2.19, [1289, 5117]
42, 1, 2.17, [841, 5117]
42, 2, 2.07, [666, 5117]
42, 3, 2.04, [1289, 2032]
42, 4, 2.03, [841, 3639]
42, 5, 2.03, [1028, 1029]
42, 6, 2.01, [1569, 970]
42, 7, 2.01, [841, 1028]
42, 8, 2.01, [697, 1574]
42, 9, 2.0, [905, 1045]
43, 0, 2.19, [1289, 5117]
43, 1, 2.17, [841, 5117]
43, 2, 2.1, [1219, 5117]
43, 3, 2.03, [1827, 656]
43, 4, 2.02, [841, 487]
43, 5, 2.02, [798, 697]
43, 6, 2.02, [834, 1514]
43, 7, 2.01, [1555, 675]
43, 8, 2.0, [666, 735]
43, 9, 2.0, [336, 450]
44, 0, 2.19, [1289, 5117]
44, 1, 2.17, [841, 5117]
44, 2, 2.17, [841, 5117]
44, 3, 2.09, [934, 1543]
44, 4, 2.08, [785, 5117]
44, 5, 2.05, [1289, 1567]
44, 6, 2.02, [710, 1569]
44, 7, 2.02, [1603, 656]
44, 8, 2.02, [98, 3639]
44, 9, 2.01, [834, 816]
45, 0, 2.19, [1289, 5117]
45, 1, 2.17, [841, 5117]
45, 2, 2.12, [841, 5117]
45, 3, 2.09, [798, 5117]
45, 4, 2.06, [934, 1225]
45, 5, 2.03, [970, 1347]
45, 6, 2.02, [1289, 635]
45, 7, 2.02, [1378, 2070]
45, 8, 2.02, [691, 841]
45, 9, 2.01, [1028, 1543]
46, 0, 2.28, [520, 5117]
46, 1, 2.19, [1289, 5117]
46, 2, 2.17, [841, 5117]
46, 3, 2.09, [1028, 5117]
46, 4, 2.05, [841, 336]
46, 5, 2.05, [841, 850]
46, 6, 2.02, [1378, 1347]
46, 7, 2.02, [216, 609]
46, 8, 2.01, [1509, 3]
46, 9, 2.0, [3639, 666]
47, 0, 2.28, [520, 5117]
47, 1, 2.19, [1289, 5117]
47, 2, 2.07, [520, 731]
47, 3, 2.06, [841, 3639]
47, 4, 2.03, [1540, 934]
47, 5, 2.03, [1543, 1394]
47, 6, 2.02, [2490, 974]
47, 7, 2.02, [1028, 741]
47, 8, 2.02, [798, 336]
47, 9, 2.02, [841, 1045]
48, 0, 2.28, [520, 5117]
48, 1, 2.19, [1289, 5117]
48, 2, 2.12, [2341, 5117]
48, 3, 2.07, [336, 970]
48, 4, 2.05, [970, 1567]
48, 5, 2.05, [964, 934]
48, 6, 2.04, [1414, 247]
48, 7, 2.03, [1219, 731]
48, 8, 2.01, [2341, 819]
48, 9, 2.01, [850, 3639]
49, 0, 2.28, [520, 5117]
49, 1, 2.19, [1289, 5117]
49, 2, 2.14, [520, 990]
49, 3, 2.14, [1347, 5117]
49, 4, 2.14, [520, 905]
49, 5, 2.11, [1138, 5117]
49, 6, 2.05, [1138, 970]
49, 7, 2.04, [336, 1567]
49, 8, 2.03, [786, 1157]
49, 9, 2.01, [2341, 990]
50, 0, 2.28, [520, 5117]
50, 1, 2.21, [78, 5117]
50, 2, 2.19, [1289, 5117]
50, 3, 2.13, [841, 5117]
50, 4, 2.05, [1414, 741]
50, 5, 2.05, [587, 710]
50, 6, 2.05, [1574, 2846]
50, 7, 2.01, [2436, 819]
50, 8, 2.01, [675, 98]
50, 9, 2.01, [1509, 2340]
