n_nodes,influence,n0,n1,n2,n3,n4
5,2143.5100,353,2663,90,7738,8222
5,2143.5100,353,2663,90,7738,8222
5,2143.5100,353,2663,90,7738,8222
5,2143.5100,353,2663,90,7738,8222
5,2143.5100,353,2663,90,7738,8222
5,2143.5100,353,2663,90,7738,8222
5,2143.5100,353,2663,90,7738,8222
5,2143.5100,353,2663,90,7738,8222
5,2143.5100,353,2663,90,7738,8222
5,2143.5100,353,2663,90,7738,8222
5,2143.5100,353,2663,90,7738,8222
5,2143.5100,353,2663,90,7738,8222
5,2143.5100,353,2663,90,7738,8222
5,2143.5100,353,2663,90,7738,8222
5,2143.5100,353,2663,90,7738,8222
5,2143.5100,353,2663,90,7738,8222
5,2143.5100,353,2663,90,7738,8222
5,2143.5100,353,2663,90,7738,8222
5,2143.5100,353,2663,90,7738,8222
5,2143.5100,353,2663,90,7738,8222
5,2143.5100,353,2663,90,7738,8222
5,2143.5100,353,2663,90,7738,8222
5,2143.5100,353,2663,90,7738,8222
5,2143.5100,353,2663,90,7738,8222
5,2143.5100,353,2663,90,7738,8222
5,2143.5100,353,2663,90,7738,8222
5,2143.5100,353,2663,90,7738,8222
5,2143.5100,353,2663,90,7738,8222
5,2143.5100,353,2663,90,7738,8222
5,2142.7900,353,2663,90,7738,8222
5,2142.7900,353,2663,90,7738,8222
5,2142.6600,353,2663,90,7738,8222
