n_nodes,influence,n0,n1,n2,n3,n4
5,19.7085,5317,5959,3642,6333,3482
5,19.4556,5317,5959,6333,3642,4543
5,19.4556,5317,5959,6333,3642,4543
5,19.4556,5317,5959,6333,3642,4543
5,19.4556,5317,5959,6333,3642,4543
5,19.4556,5317,5959,6333,3642,4543
5,19.4556,5317,5959,6333,3642,4543
5,19.4556,5317,5959,6333,3642,4543
5,19.4556,5317,5959,6333,3642,4543
5,19.4556,5317,5959,6333,3642,4543
5,19.4556,5317,5959,6333,3642,4543
5,19.4556,5317,5959,6333,3642,4543
5,19.4556,5317,5959,6333,3642,4543
5,19.4556,5317,5959,6333,3642,4543
5,19.4556,5317,5959,6333,3642,4543
5,19.3925,1112,5844,3642,5317,4543
