generation number, individual number, fitness, candidate
0, 0, 13.71, [150015, 89, 73703]
0, 1, 12.62, [33297, 1061, 282]
0, 2, 11.92, [89, 1060, 148118]
0, 3, 10.58, [80656, 70639, 66167]
0, 4, 9.56, [285, 56239, 821]
0, 5, 9.23, [70639, 71858, 221360]
0, 6, 8.56, [6376, 56241, 821]
0, 7, 6.99, [62858, 113172, 80662]
0, 8, 6.86, [70639, 1061, 823]
0, 9, 5.59, [67331, 67332, 113173]
1, 0, 15.95, [33297, 86, 73703]
1, 1, 14.67, [33297, 90, 73703]
1, 2, 13.87, [89, 283, 73703]
1, 3, 13.71, [150015, 89, 73703]
1, 4, 13.7, [89, 90, 73703]
1, 5, 12.62, [33297, 1061, 282]
1, 6, 11.84, [285, 56239, 66059]
1, 7, 11.75, [150652, 89, 148118]
1, 8, 11.18, [150653, 89, 148118]
1, 9, 9.7, [150015, 281, 282]
2, 0, 15.95, [33297, 86, 73703]
2, 1, 15.94, [33297, 282, 73703]
2, 2, 14.67, [33297, 90, 73703]
2, 3, 13.74, [33297, 134362, 73703]
2, 4, 13.51, [89, 282, 73703]
2, 5, 12.43, [148118, 86, 73703]
2, 6, 11.79, [33297, 90, 1060]
2, 7, 11.73, [62858, 150015, 80450]
2, 8, 11.29, [98062, 12067, 56239]
2, 9, 10.9, [150654, 56239, 46]
3, 0, 15.95, [33297, 86, 73703]
3, 1, 15.94, [33297, 282, 73703]
3, 2, 15.91, [33297, 284, 73703]
3, 3, 15.38, [33297, 86, 66059]
3, 4, 14.64, [33297, 90, 66059]
3, 5, 13.46, [33297, 127089, 33300]
3, 6, 13.28, [33297, 90, 80662]
3, 7, 12.85, [33297, 88, 279]
3, 8, 11.8, [80450, 46, 150655]
3, 9, 11.54, [33299, 148118, 73703]
4, 0, 16.64, [33297, 46, 73703]
4, 1, 15.95, [33297, 86, 73703]
4, 2, 15.94, [33297, 282, 73703]
4, 3, 15.41, [33297, 46, 73703]
4, 4, 15.3, [33297, 66167, 148118]
4, 5, 14.05, [33296, 86, 73703]
4, 6, 12.48, [56239, 86, 73703]
4, 7, 12.27, [33297, 86, 821]
4, 8, 10.5, [286, 86, 87]
4, 9, 10.4, [150652, 86, 70639]
5, 0, 17.23, [33297, 89, 73703]
5, 1, 16.64, [33297, 46, 73703]
5, 2, 15.95, [33297, 86, 73703]
5, 3, 15.53, [65899, 283, 80656]
5, 4, 14.56, [33297, 90, 150652]
5, 5, 13.71, [33298, 46, 73703]
5, 6, 11.76, [56237, 282, 100140]
5, 7, 11.35, [148118, 86, 1061]
5, 8, 10.94, [33298, 283, 33300]
5, 9, 10.59, [150654, 87, 73703]
6, 0, 17.23, [33297, 89, 73703]
6, 1, 16.64, [33297, 46, 73703]
6, 2, 15.84, [33297, 46, 73703]
6, 3, 15.6, [65899, 46, 73703]
6, 4, 15.31, [33297, 46, 66059]
6, 5, 14.93, [33297, 148118, 98062]
6, 6, 13.77, [33297, 281, 73703]
6, 7, 12.96, [33297, 150655, 65897]
6, 8, 11.55, [281, 100141, 73703]
6, 9, 10.8, [558, 86, 73703]
7, 0, 17.23, [33297, 89, 73703]
7, 1, 16.64, [33297, 46, 73703]
7, 2, 15.57, [33297, 46, 73703]
7, 3, 15.22, [33297, 46, 66059]
7, 4, 14.61, [33298, 89, 73703]
7, 5, 13.75, [150654, 89, 33296]
7, 6, 13.38, [113173, 89, 73703]
7, 7, 13.27, [33297, 46, 1060]
7, 8, 13.27, [65899, 77358, 90]
7, 9, 12.81, [33299, 89, 73703]
8, 0, 17.23, [33297, 89, 73703]
8, 1, 16.64, [33297, 46, 73703]
8, 2, 13.47, [33298, 221360, 86]
8, 3, 13.35, [150655, 89, 73703]
8, 4, 12.55, [65899, 113172, 73703]
8, 5, 11.94, [90, 86, 66059]
8, 6, 11.87, [33297, 46, 134365]
8, 7, 11.82, [284, 148118, 73703]
8, 8, 11.64, [1060, 127089, 66059]
8, 9, 10.52, [87, 46, 80450]
9, 0, 17.47, [33297, 89, 127089]
9, 1, 17.23, [33297, 89, 73703]
9, 2, 16.64, [33297, 46, 73703]
9, 3, 15.08, [11387, 221360, 73703]
9, 4, 15.02, [33298, 89, 73703]
9, 5, 15.01, [33297, 90, 86]
9, 6, 13.54, [33297, 821, 100140]
9, 7, 12.34, [156909, 89, 73703]
9, 8, 11.93, [33297, 46, 65900]
9, 9, 11.86, [33299, 46, 73703]
10, 0, 17.64, [33297, 89, 100141]
10, 1, 17.47, [33297, 89, 127089]
10, 2, 17.23, [33297, 89, 73703]
10, 3, 17.17, [65899, 89, 73703]
10, 4, 15.51, [11387, 89, 127089]
10, 5, 14.82, [33297, 89, 118606]
10, 6, 12.97, [33297, 281, 73703]
10, 7, 12.63, [46, 148118, 80450]
10, 8, 12.21, [1061, 221360, 127089]
10, 9, 11.24, [67332, 89, 73703]
11, 0, 17.64, [33297, 89, 100141]
11, 1, 17.47, [33297, 89, 127089]
11, 2, 17.37, [221360, 89, 11388]
11, 3, 16.88, [33297, 89, 148118]
11, 4, 14.1, [33297, 148118, 127089]
11, 5, 13.15, [33297, 6376, 113173]
11, 6, 13.07, [33297, 281, 127089]
11, 7, 12.82, [11387, 98063, 1063]
11, 8, 11.05, [67331, 89, 31634]
11, 9, 9.91, [123524, 89, 86]
12, 0, 17.64, [33297, 89, 100141]
12, 1, 17.47, [33297, 89, 127089]
12, 2, 16.64, [283, 65899, 100141]
12, 3, 15.09, [65899, 89, 150653]
12, 4, 14.22, [1061, 89, 100141]
12, 5, 13.44, [70638, 89, 80662]
12, 6, 12.59, [98062, 1061, 100141]
12, 7, 11.85, [221360, 66169, 127089]
12, 8, 11.67, [286, 80450, 113171]
12, 9, 11.41, [56240, 284, 113171]
13, 0, 17.64, [33297, 89, 100141]
13, 1, 17.47, [33297, 89, 127089]
13, 2, 15.67, [33297, 11388, 1060]
13, 3, 13.63, [284, 89, 100141]
13, 4, 13.59, [33297, 65899, 113173]
13, 5, 13.11, [33297, 77358, 62858]
13, 6, 13.06, [65901, 88, 100140]
13, 7, 12.59, [283, 89, 150652]
13, 8, 12.58, [33297, 70639, 100141]
13, 9, 12.45, [33298, 56241, 127089]
14, 0, 17.64, [33297, 89, 100141]
14, 1, 17.47, [33297, 89, 127089]
14, 2, 15.99, [33297, 89, 282]
14, 3, 15.62, [56237, 11388, 100141]
14, 4, 15.17, [33299, 11388, 100141]
14, 5, 14.64, [282, 89, 100141]
14, 6, 14.15, [80656, 148118, 33296]
14, 7, 13.81, [33297, 56239, 113173]
14, 8, 13.75, [33297, 46, 113171]
14, 9, 12.56, [33297, 280, 1060]
15, 0, 17.64, [33297, 89, 100141]
15, 1, 17.47, [33297, 89, 127089]
15, 2, 16.95, [80656, 11388, 89]
15, 3, 15.15, [33297, 89, 113173]
15, 4, 13.86, [31634, 11388, 113173]
15, 5, 11.92, [134362, 89, 127089]
15, 6, 11.9, [66059, 89, 123524]
15, 7, 11.73, [821, 89, 33296]
15, 8, 10.83, [279, 86, 284]
15, 9, 10.71, [33299, 283, 127089]
16, 0, 17.82, [33297, 89, 11387]
16, 1, 17.64, [33297, 89, 100141]
16, 2, 17.47, [33297, 89, 127089]
16, 3, 15.47, [80661, 100141, 89]
16, 4, 15.44, [33299, 89, 11388]
16, 5, 15.35, [80656, 33297, 90]
16, 6, 15.01, [221360, 100141, 89]
16, 7, 13.89, [33297, 56240, 66167]
16, 8, 13.64, [33297, 89, 67331]
16, 9, 12.45, [33297, 118606, 150652]
17, 0, 17.82, [33297, 89, 11387]
17, 1, 17.64, [33297, 89, 100141]
17, 2, 16.45, [33297, 89, 150652]
17, 3, 15.82, [33297, 282, 11387]
17, 4, 15.3, [33297, 89, 65901]
17, 5, 14.68, [33297, 46, 150654]
17, 6, 13.54, [33297, 90, 91276]
17, 7, 12.25, [33297, 221360, 31634]
17, 8, 12.2, [33298, 87, 91276]
17, 9, 12.12, [33300, 89, 90]
18, 0, 17.82, [33297, 89, 11387]
18, 1, 17.64, [33297, 89, 100141]
18, 2, 14.66, [65899, 283, 65901]
18, 3, 14.06, [33299, 89, 11387]
18, 4, 13.69, [33297, 282, 91276]
18, 5, 13.6, [33297, 89, 10375]
18, 6, 13.48, [33297, 46, 6376]
18, 7, 12.57, [56240, 89, 6376]
18, 8, 12.47, [33299, 127089, 100141]
18, 9, 9.54, [150654, 56239, 148118]
19, 0, 18.1, [65899, 89, 100141]
19, 1, 17.82, [33297, 89, 11387]
19, 2, 17.69, [33297, 89, 70638]
19, 3, 17.64, [33297, 89, 100141]
19, 4, 17.04, [33297, 86, 100141]
19, 5, 16.11, [65899, 90, 100141]
19, 6, 15.62, [33297, 89, 113171]
19, 7, 14.3, [33297, 91276, 98063]
19, 8, 13.8, [148118, 46, 11387]
19, 9, 12.62, [56240, 821, 11387]
20, 0, 18.55, [33297, 89, 11387]
20, 1, 18.1, [65899, 89, 100141]
20, 2, 17.82, [33297, 89, 11387]
20, 3, 14.96, [98062, 65897, 11387]
20, 4, 14.48, [33297, 12067, 100141]
20, 5, 14.44, [88, 66167, 100141]
20, 6, 14.22, [33297, 98063, 77358]
20, 7, 13.28, [65897, 73703, 282]
20, 8, 12.93, [70639, 70638, 11387]
20, 9, 12.27, [14223, 89, 11387]
21, 0, 18.55, [33297, 89, 11387]
21, 1, 18.1, [65899, 89, 100141]
21, 2, 17.98, [33297, 89, 11387]
21, 3, 17.76, [33297, 89, 11387]
21, 4, 16.14, [33297, 89, 113173]
21, 5, 15.01, [65899, 89, 10375]
21, 6, 13.66, [33299, 89, 100141]
21, 7, 13.37, [33297, 46, 6376]
21, 8, 12.84, [33297, 89, 281]
21, 9, 12.56, [12067, 89, 11387]
22, 0, 18.55, [33297, 89, 11387]
22, 1, 18.1, [65899, 89, 100141]
22, 2, 16.64, [65899, 90, 11387]
22, 3, 14.28, [221360, 80662, 11388]
22, 4, 14.0, [33297, 281, 100141]
22, 5, 13.94, [33297, 89, 10375]
22, 6, 13.74, [66169, 65897, 11387]
22, 7, 13.14, [33297, 89, 113172]
22, 8, 13.05, [150655, 91277, 11387]
22, 9, 12.34, [221360, 283, 286]
23, 0, 19.7, [65899, 89, 11388]
23, 1, 18.55, [33297, 89, 11387]
23, 2, 18.1, [65899, 89, 100141]
23, 3, 16.92, [65899, 65901, 100141]
23, 4, 16.9, [65899, 86, 11387]
23, 5, 16.78, [65899, 285, 100141]
23, 6, 16.09, [65899, 280, 11387]
23, 7, 15.21, [65899, 89, 10375]
23, 8, 13.95, [33299, 89, 100141]
23, 9, 13.71, [33299, 89, 100141]
24, 0, 19.7, [65899, 89, 11388]
24, 1, 18.55, [33297, 89, 11387]
24, 2, 18.47, [65899, 98063, 11388]
24, 3, 17.82, [33297, 89, 100141]
24, 4, 14.79, [127089, 73703, 11387]
24, 5, 13.25, [56239, 33297, 11925]
24, 6, 13.19, [65900, 65901, 11388]
24, 7, 13.06, [118602, 89, 6376]
24, 8, 12.64, [46, 89, 100141]
24, 9, 12.64, [77358, 89, 100141]
25, 0, 19.7, [65899, 89, 11388]
25, 1, 18.55, [33297, 89, 11387]
25, 2, 17.01, [65899, 221360, 100141]
25, 3, 16.34, [33298, 89, 11388]
25, 4, 16.22, [65899, 11388, 11387]
25, 5, 15.8, [65899, 56241, 46]
25, 6, 15.07, [33297, 67332, 11388]
25, 7, 14.47, [90, 98065, 11388]
25, 8, 12.7, [90, 150015, 11387]
25, 9, 12.44, [65899, 281, 1061]
26, 0, 19.7, [65899, 89, 11388]
26, 1, 19.33, [65899, 89, 11388]
26, 2, 18.55, [33297, 89, 11387]
26, 3, 17.88, [33297, 86, 11388]
26, 4, 14.89, [33298, 221360, 100141]
26, 5, 14.39, [65899, 281, 11387]
26, 6, 14.03, [33297, 221360, 113173]
26, 7, 13.9, [65899, 86, 46]
26, 8, 13.44, [1060, 89, 11387]
26, 9, 13.22, [65899, 56241, 11926]
27, 0, 20.02, [65899, 89, 11388]
27, 1, 20.02, [65899, 89, 11388]
27, 2, 19.7, [65899, 89, 11388]
27, 3, 19.33, [65899, 89, 11388]
27, 4, 18.73, [33297, 86, 11388]
27, 5, 18.01, [33297, 89, 11387]
27, 6, 17.81, [65899, 87, 11388]
27, 7, 16.49, [65899, 89, 150655]
27, 8, 15.1, [33297, 89, 11925]
27, 9, 14.91, [65899, 56239, 284]
28, 0, 20.02, [65899, 89, 11388]
28, 1, 20.02, [65899, 89, 11388]
28, 2, 16.16, [56239, 89, 11388]
28, 3, 14.82, [148118, 285, 11388]
28, 4, 14.17, [56237, 150652, 11388]
28, 5, 13.67, [80450, 98063, 11388]
28, 6, 13.61, [285, 89, 127089]
28, 7, 13.14, [282, 283, 11388]
28, 8, 12.64, [56240, 95674, 11388]
28, 9, 8.8, [281, 89, 11925]
29, 0, 20.02, [65899, 89, 11388]
29, 1, 20.02, [65899, 89, 11388]
29, 2, 18.11, [65899, 282, 11388]
29, 3, 15.56, [33297, 89, 150015]
29, 4, 14.09, [56239, 90, 11388]
29, 5, 13.89, [65899, 282, 91276]
29, 6, 13.67, [279, 113173, 33297]
29, 7, 13.42, [56239, 280, 11388]
29, 8, 13.38, [65899, 77358, 283]
29, 9, 11.18, [113172, 90, 11388]
30, 0, 20.02, [65899, 89, 11388]
30, 1, 20.02, [65899, 89, 11388]
30, 2, 17.71, [65899, 127089, 11387]
30, 3, 17.57, [33297, 282, 11388]
30, 4, 16.2, [33298, 89, 11388]
30, 5, 15.72, [65899, 282, 148118]
30, 6, 15.22, [70639, 89, 11388]
30, 7, 15.06, [33297, 89, 12067]
30, 8, 14.24, [65899, 282, 12067]
30, 9, 13.46, [65899, 77358, 150655]
31, 0, 20.02, [65899, 89, 11388]
31, 1, 20.02, [65899, 89, 11388]
31, 2, 18.1, [65899, 284, 11388]
31, 3, 18.09, [65899, 89, 100141]
31, 4, 17.58, [65899, 280, 11388]
31, 5, 17.5, [65899, 148118, 11388]
31, 6, 17.32, [33297, 86, 11388]
31, 7, 15.99, [80656, 86, 11388]
31, 8, 14.15, [33298, 286, 11387]
31, 9, 12.98, [70639, 89, 11387]
32, 0, 20.02, [65899, 89, 11388]
32, 1, 20.02, [65899, 89, 11388]
32, 2, 16.63, [283, 100141, 11388]
32, 3, 15.17, [11388, 89, 150653]
32, 4, 14.69, [70639, 89, 11388]
32, 5, 14.08, [65899, 156909, 73703]
32, 6, 13.93, [65899, 56240, 821]
32, 7, 9.63, [281, 89, 66169]
32, 8, 9.35, [123524, 80662, 86]
32, 9, 9.35, [66167, 221360, 113172]
33, 0, 20.02, [65899, 89, 11388]
33, 1, 20.02, [65899, 89, 11388]
33, 2, 17.35, [65899, 113173, 11388]
33, 3, 15.6, [33297, 71858, 11388]
33, 4, 15.24, [65899, 86, 283]
33, 5, 13.97, [65899, 150655, 12067]
33, 6, 13.83, [65899, 1060, 62858]
33, 7, 13.24, [283, 282, 11388]
33, 8, 11.86, [73703, 281, 56240]
33, 9, 10.48, [70640, 6376, 11388]
34, 0, 20.02, [65899, 89, 11388]
34, 1, 20.02, [65899, 89, 11388]
34, 2, 15.92, [65897, 89, 33297]
34, 3, 14.45, [65900, 89, 11388]
34, 4, 13.93, [98063, 89, 73700]
34, 5, 12.65, [150652, 281, 11388]
34, 6, 12.6, [70639, 46, 11388]
34, 7, 12.43, [65899, 62858, 67331]
34, 8, 11.63, [286, 280, 150652]
34, 9, 10.27, [80662, 150655, 73703]
35, 0, 20.02, [65899, 89, 11388]
35, 1, 20.02, [65899, 89, 11388]
35, 2, 13.14, [88, 89, 90]
35, 3, 12.96, [98063, 89, 12067]
35, 4, 12.79, [65899, 280, 33297]
35, 5, 12.74, [33300, 89, 73700]
35, 6, 12.57, [65897, 89, 11926]
35, 7, 12.35, [65899, 118606, 1061]
35, 8, 12.04, [283, 56241, 100140]
35, 9, 11.29, [1061, 89, 77358]
36, 0, 20.02, [65899, 89, 11388]
36, 1, 20.02, [65899, 89, 11388]
36, 2, 16.35, [33297, 280, 11388]
36, 3, 15.28, [98063, 46, 11388]
36, 4, 15.17, [88, 90, 11388]
36, 5, 14.32, [65899, 89, 823]
36, 6, 12.43, [65899, 281, 33297]
36, 7, 10.71, [65900, 89, 90]
36, 8, 10.43, [65899, 95674, 11926]
36, 9, 9.92, [86, 89, 6376]
37, 0, 20.02, [65899, 89, 11388]
37, 1, 20.02, [65899, 89, 11388]
37, 2, 18.96, [33297, 46, 11388]
37, 3, 17.94, [33297, 86, 11388]
37, 4, 16.89, [98062, 89, 11388]
37, 5, 16.43, [98063, 88, 11388]
37, 6, 14.66, [80662, 89, 11388]
37, 7, 14.44, [33297, 89, 11926]
37, 8, 12.55, [65899, 280, 6376]
37, 9, 11.95, [65900, 280, 11388]
38, 0, 20.02, [65899, 89, 11388]
38, 1, 20.02, [65899, 89, 11388]
38, 2, 18.91, [65899, 282, 11388]
38, 3, 18.43, [65899, 86, 11388]
38, 4, 17.94, [65899, 56237, 11388]
38, 5, 17.56, [33297, 283, 11388]
38, 6, 15.2, [90, 88, 11388]
38, 7, 13.98, [33297, 113173, 150652]
38, 8, 13.47, [286, 134362, 11388]
38, 9, 11.3, [33300, 80656, 12067]
39, 0, 20.02, [65899, 89, 11388]
39, 1, 20.02, [65899, 89, 11388]
39, 2, 18.17, [65899, 86, 11388]
39, 3, 16.05, [150015, 89, 11388]
39, 4, 16.04, [33297, 281, 11388]
39, 5, 15.28, [98062, 282, 33297]
39, 6, 15.0, [65899, 280, 88]
39, 7, 14.32, [70639, 89, 11388]
39, 8, 13.84, [65899, 282, 11926]
39, 9, 12.01, [66169, 46, 148118]
40, 0, 20.02, [65899, 89, 11388]
40, 1, 20.02, [65899, 89, 11388]
40, 2, 17.16, [65899, 86, 11387]
40, 3, 16.06, [150655, 89, 11388]
40, 4, 15.12, [98062, 90, 11388]
40, 5, 15.06, [65899, 113172, 11388]
40, 6, 14.43, [98062, 90, 11388]
40, 7, 14.28, [65899, 90, 33297]
40, 8, 11.52, [86, 46, 98063]
40, 9, 10.75, [11387, 11388, 67332]
41, 0, 20.02, [65899, 89, 11388]
41, 1, 20.02, [65899, 89, 11388]
41, 2, 17.01, [65899, 80450, 11387]
41, 3, 16.48, [65899, 86, 286]
41, 4, 15.91, [285, 89, 11388]
41, 5, 14.88, [65899, 33297, 11387]
41, 6, 14.21, [284, 279, 11388]
41, 7, 11.28, [113173, 90, 56240]
41, 8, 9.45, [821, 90, 66169]
41, 9, 9.4, [70639, 56240, 12067]
42, 0, 20.02, [65899, 89, 11388]
42, 1, 20.02, [65899, 89, 11388]
42, 2, 17.19, [65899, 80450, 11387]
42, 3, 15.73, [91277, 33297, 73703]
42, 4, 15.62, [65899, 280, 11387]
42, 5, 14.33, [65900, 89, 11388]
42, 6, 14.23, [65899, 282, 150653]
42, 7, 13.34, [65899, 282, 821]
42, 8, 12.81, [70640, 89, 62858]
42, 9, 11.96, [66169, 89, 11926]
43, 0, 20.02, [65899, 89, 11388]
43, 1, 20.02, [65899, 89, 11388]
43, 2, 17.35, [65899, 80450, 11387]
43, 3, 16.51, [65899, 56241, 11387]
43, 4, 16.14, [65899, 89, 66167]
43, 5, 14.69, [91277, 33297, 221360]
43, 6, 12.94, [86, 89, 11387]
43, 7, 12.22, [65899, 67332, 66171]
43, 8, 12.13, [100140, 66169, 65901]
43, 9, 12.0, [148118, 89, 134362]
44, 0, 20.02, [65899, 89, 11388]
44, 1, 20.02, [65899, 89, 11388]
44, 2, 16.25, [90, 89, 11388]
44, 3, 16.05, [65899, 11387, 11388]
44, 4, 16.05, [65899, 89, 12067]
44, 5, 15.63, [65899, 56239, 283]
44, 6, 14.95, [65899, 282, 11925]
44, 7, 14.1, [100141, 284, 11387]
44, 8, 10.89, [86, 89, 279]
44, 9, 9.78, [62858, 150654, 66167]
45, 0, 20.02, [65899, 89, 11388]
45, 1, 20.02, [65899, 89, 11388]
45, 2, 18.03, [80656, 89, 11388]
45, 3, 16.66, [56241, 89, 11388]
45, 4, 16.39, [65899, 821, 11388]
45, 5, 15.72, [65899, 46, 62858]
45, 6, 15.43, [65899, 46, 56237]
45, 7, 13.62, [148118, 71858, 11388]
45, 8, 12.61, [65899, 281, 65897]
45, 9, 12.33, [70638, 11387, 823]
46, 0, 20.02, [65899, 89, 11388]
46, 1, 20.02, [65899, 89, 11388]
46, 2, 17.85, [65899, 150652, 11388]
46, 3, 16.59, [80656, 221360, 11388]
46, 4, 15.8, [80656, 150652, 11388]
46, 5, 15.57, [65899, 46, 100140]
46, 6, 14.38, [65899, 89, 11926]
46, 7, 12.35, [285, 283, 11387]
46, 8, 8.45, [65900, 90, 77358]
46, 9, 7.03, [6376, 67331, 282]
47, 0, 20.02, [65899, 89, 11388]
47, 1, 20.02, [65899, 89, 11388]
47, 2, 19.23, [65899, 118602, 11388]
47, 3, 17.02, [65899, 282, 11387]
47, 4, 16.59, [65899, 281, 11388]
47, 5, 15.64, [33297, 77358, 11388]
47, 6, 15.23, [100141, 89, 80450]
47, 7, 13.35, [65899, 90, 285]
47, 8, 12.17, [148118, 89, 6376]
47, 9, 11.57, [73700, 89, 46]
48, 0, 20.02, [65899, 89, 11388]
48, 1, 20.02, [65899, 89, 11388]
48, 2, 17.66, [88, 100141, 11388]
48, 3, 15.47, [65899, 88, 86]
48, 4, 15.18, [65899, 98062, 66059]
48, 5, 14.85, [65899, 113172, 11388]
48, 6, 13.06, [70640, 56239, 11388]
48, 7, 12.61, [70639, 89, 33296]
48, 8, 10.98, [56239, 89, 46]
48, 9, 10.31, [65899, 113172, 118606]
49, 0, 20.02, [65899, 89, 11388]
49, 1, 20.02, [65899, 89, 11388]
49, 2, 18.37, [65899, 46, 11388]
49, 3, 17.87, [65899, 100141, 11387]
49, 4, 17.84, [65899, 89, 100141]
49, 5, 16.85, [65899, 113171, 11388]
49, 6, 15.04, [88, 89, 11387]
49, 7, 14.08, [65899, 56241, 1061]
49, 8, 12.22, [100141, 12067, 11388]
49, 9, 11.55, [65900, 46, 56240]
50, 0, 20.02, [65899, 89, 11388]
50, 1, 20.02, [65899, 89, 11388]
50, 2, 17.12, [65899, 89, 70638]
50, 3, 15.62, [65899, 67332, 11388]
50, 4, 14.32, [65899, 100140, 91276]
50, 5, 13.05, [65899, 87, 6376]
50, 6, 12.8, [65899, 91276, 6376]
50, 7, 11.26, [279, 46, 285]
50, 8, 11.01, [70639, 89, 283]
50, 9, 10.68, [285, 80450, 118606]
