n_nodes,influence,n0,n1,n2,n3,n4,n5,n6,n7,n8,n9,n10,n11,n12,n13,n14,n15,n16,n17,n18,n19
20,70.2600,79109,195851,221836,243736,182567,130088,14744,83254,113720,169146,72130,91851,207573,193882,46810,46697,206445,77042,84340,177531
20,69.1300,79109,195851,221836,243736,182567,130088,14744,83254,113720,169146,72130,91851,207573,193882,46810,46697,206445,77042,84340,177531
20,68.5900,79109,195851,221836,243736,256953,130088,213682,83254,113720,169146,72130,91851,207573,193882,46810,46697,206445,77042,84340,177531
20,68.4700,79109,195851,221836,243736,182567,130088,213682,83254,113720,169146,72130,91851,131027,193882,46810,46697,206445,77042,84340,177531
20,68.4700,79109,195851,221836,243736,182567,130088,213682,83254,113720,169146,72130,91851,131027,193882,46810,46697,206445,77042,84340,177531
20,68.4700,79109,195851,221836,243736,182567,130088,213682,83254,113720,169146,72130,91851,131027,193882,46810,46697,206445,77042,84340,177531
20,68.0200,79109,195851,221836,243736,182567,130088,213682,252736,113720,169146,72130,91851,207573,193882,46810,46697,206445,77042,84340,177531
20,68.0200,79109,195851,221836,243736,182567,130088,213682,252736,113720,169146,72130,91851,207573,193882,46810,46697,206445,77042,84340,177531
20,68.0200,79109,195851,221836,243736,182567,130088,213682,252736,113720,169146,72130,91851,207573,193882,46810,46697,206445,77042,84340,177531
20,67.9000,79109,195851,221836,243736,182567,130088,213682,83254,113720,169146,72130,91851,131027,193882,46810,46697,206445,77042,84340,177531
20,67.9000,79109,195851,221836,243736,182567,130088,213682,83254,113720,169146,72130,91851,131027,193882,46810,46697,206445,77042,84340,177531
20,67.9000,79109,195851,221836,243736,182567,130088,213682,83254,113720,169146,72130,91851,131027,193882,46810,46697,206445,77042,84340,177531
20,67.9000,79109,195851,221836,243736,182567,130088,213682,83254,113720,169146,72130,91851,131027,193882,46810,46697,206445,77042,84340,177531
20,67.9000,79109,195851,221836,243736,182567,130088,213682,83254,113720,169146,72130,91851,131027,193882,46810,46697,206445,77042,84340,177531
20,67.9000,79109,195851,221836,243736,182567,130088,213682,83254,113720,169146,72130,91851,131027,193882,46810,46697,206445,77042,84340,177531
20,67.7100,79109,195851,221836,115781,182567,130088,213682,83254,113720,169146,72130,91851,131027,193882,46810,46697,206445,77042,84340,177531
20,67.6800,79109,195851,221836,243736,182567,130088,213682,83254,113720,169146,72130,91851,131027,193882,46810,46697,206445,77042,84340,177531
20,67.4600,79109,195851,221836,243736,182567,130088,213682,83254,113720,169146,72130,91851,131027,193882,46810,46697,206445,77042,84340,177531
20,67.4100,79109,195851,221836,243736,256953,130088,213682,83254,113720,169146,72130,91851,131027,193882,46810,46697,206445,77042,84340,177531
20,67.3800,79109,195851,221836,243736,182567,130088,213682,83254,113720,169146,72130,91851,131027,193882,46810,46697,206445,77042,84340,177531
20,67.3200,79109,195851,221836,243736,182567,130088,213682,83254,113720,169146,72130,91851,207573,193882,46810,46697,206445,77042,56372,177531
20,67.2900,79109,195851,221836,243736,182567,130088,213682,252736,113720,169146,72130,91851,207573,193882,46810,46697,206445,77042,84340,177531
20,67.2000,79109,195851,221836,243736,182567,130088,213682,83254,113720,169146,72130,91851,207573,193882,46810,46697,206445,77042,84340,177531
20,67.2000,79109,195851,221836,243736,182567,130088,213682,83254,113720,169146,72130,91851,207573,193882,46810,46697,206445,77042,84340,177531
20,67.1500,79109,195851,221836,243736,182567,130088,40877,213682,83254,113720,169146,72130,91851,193882,46810,46697,206445,77042,84340,177531
20,67.1100,79109,195851,221836,243736,182567,130088,213682,83254,113720,169146,72130,91851,207573,193882,46810,46697,206445,77042,84340,177531
20,67.1100,79109,195851,221836,243736,182567,130088,213682,83254,113720,169146,72130,91851,207573,193882,46810,46697,206445,77042,84340,177531
20,67.1100,79109,195851,221836,243736,182567,130088,213682,83254,113720,169146,72130,91851,207573,193882,46810,46697,206445,77042,84340,177531
20,67.0700,79109,195851,221836,243736,182567,130088,213682,83254,81498,169146,72130,91851,207573,193882,46810,46697,206445,77042,84340,177531
20,66.8800,79109,195851,221836,243736,182567,130088,213682,83254,113720,169146,72130,91851,207573,193882,46810,46697,206445,77042,84340,177531
20,66.8800,79109,195851,221836,243736,182567,130088,213682,83254,113720,169146,72130,91851,207573,193882,46810,46697,206445,77042,84340,177531
20,66.8800,79109,195851,221836,243736,182567,130088,213682,83254,113720,169146,72130,91851,207573,193882,46810,46697,206445,77042,84340,177531
