n_nodes,influence,n0,n1,n2,n3,n4
5,1654.7470,187,799,2560,6500,1197
5,1654.6720,3394,3112,6619,1144,187
5,1654.3310,187,799,2560,6500,1197
5,1654.3310,187,799,2560,6500,1197
5,1654.3310,187,799,2560,6500,1197
5,1654.1890,187,3394,3112,1144,1197
5,1654.1890,187,3394,3112,1144,1197
5,1654.1150,187,3394,3112,1144,1197
5,1654.1150,187,3394,3112,1144,1197
5,1654.1150,187,3394,3112,1144,1197
5,1654.0220,187,3394,3112,6500,1197
5,1653.9030,187,3394,3112,1144,1197
5,1653.9030,187,3394,3112,1144,1197
5,1653.6580,187,3394,3112,1144,1197
5,1653.5180,187,3394,3112,1144,1197
5,1653.5180,187,3394,3112,1144,1197
