n_nodes,influence,n0,n1,n2,n3,n4
5,346.0600,3642,3454,2988,5406,5697
5,343.5600,3642,3454,2988,5406,5697
5,343.5600,3642,3454,2988,5406,5697
5,343.5600,3642,3454,2988,5406,5697
5,343.5600,3642,3454,2988,5406,5697
5,343.5600,3642,3454,2988,5406,5697
5,342.8700,3642,3454,2988,5406,5697
5,342.8700,3642,3454,2988,5406,5697
5,341.8700,3642,3454,2988,5406,5697
5,340.8400,3642,3454,2988,5406,5697
5,340.7700,3642,3454,2988,5406,5697
5,340.4900,3642,3454,2988,5406,5697
5,339.5200,3642,3454,2988,5406,5697
5,339.4600,3642,3454,2988,5406,5697
5,339.4100,3642,3454,2988,5406,5697
5,339.4100,3642,3454,2988,5406,5697
5,339.4100,3642,3454,2988,5406,5697
5,339.4100,3642,3454,2988,5406,5697
5,339.4100,3642,3454,2988,5406,5697
5,338.9300,5697,2988,3642,3454,7508
5,337.8000,3642,3454,2988,5406,5697
5,337.8000,3642,3454,2988,5406,5697
5,337.8000,3642,3454,2988,5406,5697
5,337.8000,3642,3454,2988,5406,5697
5,337.6000,3642,3454,2988,5406,5697
5,337.2700,3642,3454,2988,5406,5697
5,337.1900,3642,3454,2988,5406,5697
5,337.1900,3642,3454,2988,5406,5697
5,337.1900,3642,3454,2988,5406,5697
5,337.1900,3642,3454,2988,5406,5697
5,337.1900,3642,3454,2988,5406,5697
5,337.1900,3642,3454,2988,5406,5697
