num_genrations,diversity,improvement,best_fitness
0,0.9977777777777778,0,48.38
1,0.8416666666666667,0.06035551880942527,51.3
2,0.11999999999999988,0.004093567251462005,51.51
3,0.05722222222222206,0.058046981168705145,54.5
4,0.03222222222222215,0.017798165137614657,55.47
5,0.008333333333333304,0.0,55.47
6,0.008333333333333304,0.0,55.47
7,0.016666666666666607,0.0032449972958355816,55.65
8,0.02388888888888885,0.07349505840071884,59.74
9,0.06555555555555537,0.02929360562437228,61.49
10,0.08166666666666655,0.0,61.49
