num_genrations,diversity,improvement,best_fitness
7,0.02388888888888885,0.09925124337323056,402.26
5,0.08611111111111103,0.03043955734519754,365.94
0,1.0,0,223.63
8,0.02833333333333321,-0.09028986227812856,365.94
6,0.05499999999999994,0.0,365.94
1,0.7927777777777778,0.05603004963555874,236.16
9,0.015555555555555545,0.0038530906706018063,367.35
7,0.02388888888888885,0.09925124337323056,402.26
10,0.021666666666666723,0.0,367.35
2,0.3155555555555556,0.37385670731707316,324.45
3,0.546111111111111,0.023609184774233394,332.11
8,0.02833333333333321,-0.09028986227812856,365.94
9,0.015555555555555545,0.0038530906706018063,367.35
4,0.1844444444444444,0.06931438378850376,355.13
5,0.08611111111111103,0.03043955734519754,365.94
10,0.021666666666666723,0.0,367.35
6,0.05499999999999994,0.0,365.94
7,0.02388888888888885,0.09925124337323056,402.26
8,0.02833333333333321,-0.09028986227812856,365.94
9,0.015555555555555545,0.0038530906706018063,367.35
10,0.021666666666666723,0.0,367.35
