num_genrations,diversity,improvement,best_fitness
0,0.9948326771653543,0,138.71
1,0.9714812992125984,0.020113906711845004,141.50000000000003
2,0.9324557086614174,0.1746996466431099,166.22000000000008
3,0.8583661417322834,0.09637829382745743,182.24000000000007
4,0.5766732283464566,0.14881474978050888,209.36
5,0.759005905511811,0.22468475353458167,256.40000000000003
6,0.6445127952755905,0.016497659906396324,260.63000000000005
7,0.5549458661417321,0.06733683766258684,278.18000000000006
8,0.4451771653543307,0.0,278.18000000000006
9,0.40386318897637796,0.0,278.18000000000006
10,0.19251968503937023,0.0,278.18000000000006
