n_nodes,influence,n0,n1,n2,n3,n4,n5,n6,n7,n8,n9,n10,n11,n12,n13,n14,n15,n16,n17,n18,n19,n20
21,90.0300,95744,114221,59269,31367,5005,29217,218404,142119,144423,52650,252080,219195,150972,238272,165958,92751,72544,185827,249061,107238,129135
21,90.0300,95744,114221,59269,31367,5005,29217,218404,142119,144423,52650,252080,219195,150972,238272,165958,92751,72544,185827,249061,107238,129135
21,89.9400,95744,59269,31367,5005,29217,218404,142119,164774,52650,114221,252080,219195,150972,238272,165958,92751,72544,185827,249061,107238,129135
21,89.5100,95744,114221,59269,31367,5005,29217,218404,142119,144423,52650,252080,219195,150972,238272,165958,92751,72544,185827,249061,107238,129135
21,89.5100,95744,114221,59269,31367,5005,29217,218404,142119,144423,52650,252080,219195,150972,238272,165958,92751,72544,185827,249061,107238,129135
21,89.5100,95744,114221,59269,31367,5005,29217,218404,142119,144423,52650,252080,219195,150972,238272,165958,92751,72544,185827,249061,107238,129135
21,89.5100,95744,114221,59269,31367,5005,29217,218404,142119,144423,52650,252080,219195,150972,238272,165958,92751,72544,185827,249061,107238,129135
21,89.5100,95744,114221,59269,31367,5005,29217,218404,142119,144423,52650,252080,219195,150972,238272,165958,92751,72544,185827,249061,107238,129135
21,89.5100,95744,114221,59269,31367,5005,29217,218404,142119,144423,52650,252080,219195,150972,238272,165958,92751,72544,185827,249061,107238,129135
21,89.5100,95744,114221,59269,31367,5005,29217,218404,142119,144423,52650,252080,219195,150972,238272,165958,92751,72544,185827,249061,107238,129135
21,89.5100,95744,114221,59269,31367,5005,29217,218404,142119,144423,52650,252080,219195,150972,238272,165958,92751,72544,185827,249061,107238,129135
21,89.5100,95744,114221,59269,31367,5005,29217,218404,142119,144423,52650,252080,219195,150972,238272,165958,92751,72544,185827,249061,107238,129135
21,89.5100,95744,114221,59269,31367,5005,29217,218404,142119,144423,52650,252080,219195,150972,238272,165958,92751,72544,185827,249061,107238,129135
21,89.5100,95744,114221,59269,31367,5005,29217,218404,142119,144423,52650,252080,219195,150972,238272,165958,92751,72544,185827,249061,107238,129135
21,89.5100,95744,114221,59269,31367,5005,29217,218404,142119,144423,52650,252080,219195,150972,238272,165958,92751,72544,185827,249061,107238,129135
21,89.5100,95744,114221,59269,31367,5005,29217,218404,142119,144423,52650,252080,219195,150972,238272,165958,92751,72544,185827,249061,107238,129135
