num_genrations,diversity,improvement,best_fitness
0,0.9993055555555556,0,193.2599999999999
1,0.9476190476190476,0.0,193.2599999999999
2,0.8928571428571429,0.2527682914208836,242.10999999999984
3,0.8204365079365079,0.4223286935690375,344.35999999999945
4,0.7090277777777778,0.0,344.35999999999945
5,0.6291666666666668,0.19880357765129525,412.81999999999937
6,0.5387896825396826,0.034664018216172716,427.12999999999977
7,0.4902777777777777,0.175028679793036,501.8899999999992
8,0.45019841269841276,0.0,501.8899999999992
9,0.35337301587301595,0.13594612365259368,570.1199999999993
10,0.31517857142857153,0.0,570.1199999999993
