generation number, individual number, fitness, candidate
0, 0, 63.77, [666, 520, 5117]
0, 1, 38.41, [476, 450, 520]
0, 2, 36.62, [520, 545, 902]
0, 3, 36.53, [1157, 520, 216]
0, 4, 31.55, [1289, 1141, 5117]
0, 5, 11.41, [336, 711, 1381]
0, 6, 11.0, [78, 1353, 1138]
0, 7, 10.0, [785, 697, 922]
0, 8, 9.0, [694, 1543, 675]
0, 9, 8.0, [1543, 450, 902]
1, 0, 63.77, [666, 520, 5117]
1, 1, 38.52, [520, 545, 336]
1, 2, 38.41, [476, 450, 520]
1, 3, 36.55, [476, 1048, 5117]
1, 4, 11.59, [1289, 1141, 1138]
1, 5, 10.0, [666, 1138, 902]
1, 6, 9.0, [666, 934, 450]
1, 7, 8.0, [476, 450, 1580]
1, 8, 7.56, [587, 841, 78]
1, 9, 6.22, [731, 1025, 780]
2, 0, 63.77, [666, 520, 5117]
2, 1, 40.99, [476, 741, 5117]
2, 2, 40.77, [666, 520, 934]
2, 3, 38.52, [520, 545, 336]
2, 4, 37.86, [520, 545, 751]
2, 5, 35.32, [520, 545, 1543]
2, 6, 29.76, [666, 1003, 5117]
2, 7, 16.0, [476, 339, 1138]
2, 8, 14.55, [666, 716, 336]
2, 9, 12.0, [476, 609, 656]
3, 0, 63.77, [666, 520, 5117]
3, 1, 42.5, [873, 520, 816]
3, 2, 41.19, [964, 741, 5117]
3, 3, 40.99, [476, 741, 5117]
3, 4, 37.29, [666, 964, 5117]
3, 5, 36.62, [2436, 520, 1029]
3, 6, 31.65, [1225, 98, 5117]
3, 7, 11.0, [476, 831, 905]
3, 8, 11.0, [476, 1543, 429]
3, 9, 6.0, [741, 2667, 1967]
4, 0, 67.69, [1514, 520, 5117]
4, 1, 63.77, [666, 520, 5117]
4, 2, 42.71, [873, 520, 905]
4, 3, 42.5, [873, 520, 816]
4, 4, 39.47, [666, 520, 694]
4, 5, 38.96, [1514, 741, 5117]
4, 6, 17.7, [964, 741, 816]
4, 7, 13.0, [476, 15, 2032]
4, 8, 12.61, [2032, 741, 3]
4, 9, 9.0, [809, 741, 1003]
5, 0, 67.69, [1514, 520, 5117]
5, 1, 65.1, [786, 520, 5117]
5, 2, 63.77, [666, 520, 5117]
5, 3, 44.77, [873, 520, 970]
5, 4, 42.56, [873, 520, 751]
5, 5, 42.47, [439, 520, 905]
5, 6, 41.44, [2340, 520, 905]
5, 7, 41.41, [2340, 520, 1574]
5, 8, 37.28, [1514, 247, 5117]
5, 9, 9.46, [1514, 609, 1430]
6, 0, 67.69, [1514, 520, 5117]
6, 1, 65.1, [786, 520, 5117]
6, 2, 41.38, [656, 520, 751]
6, 3, 34.81, [873, 2490, 5117]
6, 4, 32.29, [1509, 1827, 5117]
6, 5, 32.19, [429, 1289, 5117]
6, 6, 32.06, [666, 3147, 5117]
6, 7, 31.24, [786, 320, 5117]
6, 8, 10.44, [786, 2490, 336]
6, 9, 8.24, [819, 2490, 1025]
7, 0, 67.69, [1514, 520, 5117]
7, 1, 66.67, [816, 520, 5117]
7, 2, 65.1, [786, 520, 5117]
7, 3, 42.03, [2340, 520, 1347]
7, 4, 38.02, [716, 2490, 5117]
7, 5, 37.99, [841, 520, 1229]
7, 6, 36.86, [1514, 1827, 5117]
7, 7, 32.4, [656, 1419, 5117]
7, 8, 31.17, [545, 2436, 5117]
7, 9, 16.7, [1514, 964, 751]
8, 0, 67.69, [1514, 520, 5117]
8, 1, 66.67, [816, 520, 5117]
8, 2, 62.83, [635, 520, 5117]
8, 3, 45.14, [439, 716, 5117]
8, 4, 41.38, [816, 520, 905]
8, 5, 40.5, [1514, 520, 831]
8, 6, 39.44, [786, 520, 1567]
8, 7, 34.94, [816, 990, 5117]
8, 8, 9.0, [786, 751, 1540]
8, 9, 9.0, [786, 816, 974]
9, 0, 67.69, [1514, 520, 5117]
9, 1, 66.67, [816, 520, 5117]
9, 2, 44.14, [1514, 520, 2032]
9, 3, 40.92, [1381, 520, 339]
9, 4, 39.47, [1394, 520, 336]
9, 5, 37.77, [2340, 741, 5117]
9, 6, 34.71, [635, 741, 5117]
9, 7, 34.62, [1514, 2340, 5117]
9, 8, 12.0, [785, 798, 2032]
9, 9, 8.0, [98, 662, 320]
10, 0, 67.69, [1514, 520, 5117]
10, 1, 66.7, [2340, 520, 5117]
10, 2, 66.67, [816, 520, 5117]
10, 3, 40.38, [1394, 520, 990]
10, 4, 35.46, [816, 1347, 5117]
10, 5, 30.78, [2667, 691, 5117]
10, 6, 16.49, [1514, 964, 336]
10, 7, 12.0, [694, 1827, 834]
10, 8, 8.0, [587, 476, 2490]
10, 9, 7.35, [816, 1580, 1289]
11, 0, 67.69, [1514, 520, 5117]
11, 1, 66.8, [2340, 520, 5117]
11, 2, 66.72, [2340, 520, 5117]
11, 3, 66.7, [2340, 520, 5117]
11, 4, 42.1, [1514, 520, 3]
11, 5, 39.68, [1414, 520, 1967]
11, 6, 38.41, [1603, 520, 809]
11, 7, 36.75, [545, 934, 5117]
11, 8, 30.39, [320, 731, 5117]
11, 9, 8.0, [487, 1967, 831]
12, 0, 67.69, [1514, 520, 5117]
12, 1, 66.8, [2340, 520, 5117]
12, 2, 40.5, [1381, 520, 691]
12, 3, 39.5, [1569, 520, 694]
12, 4, 39.5, [1540, 520, 970]
12, 5, 37.47, [711, 964, 5117]
12, 6, 36.08, [1141, 520, 216]
12, 7, 35.33, [1347, 1543, 5117]
12, 8, 34.76, [1514, 2490, 5117]
12, 9, 27.76, [2846, 1555, 450]
13, 0, 68.04, [834, 520, 5117]
13, 1, 67.69, [1514, 520, 5117]
13, 2, 66.8, [2340, 520, 5117]
13, 3, 64.56, [1157, 520, 5117]
13, 4, 41.74, [1514, 520, 1029]
13, 5, 36.62, [2341, 520, 691]
13, 6, 36.47, [2341, 520, 691]
13, 7, 36.01, [1514, 690, 5117]
13, 8, 35.05, [1381, 690, 5117]
13, 9, 14.53, [2340, 990, 336]
14, 0, 68.04, [834, 520, 5117]
14, 1, 67.69, [1514, 520, 5117]
14, 2, 62.52, [711, 520, 5117]
14, 3, 41.0, [834, 964, 5117]
14, 4, 39.47, [834, 520, 1414]
14, 5, 37.85, [1555, 520, 1394]
14, 6, 35.41, [922, 520, 691]
14, 7, 33.49, [1048, 1381, 5117]
14, 8, 32.18, [1045, 850, 5117]
14, 9, 29.05, [1603, 1353, 5117]
15, 0, 68.04, [834, 520, 5117]
15, 1, 67.69, [1514, 520, 5117]
15, 2, 42.43, [476, 520, 336]
15, 3, 38.32, [2490, 520, 816]
15, 4, 36.37, [834, 1430, 5117]
15, 5, 34.92, [2340, 450, 5117]
15, 6, 33.77, [1025, 2436, 5117]
15, 7, 32.59, [2340, 831, 5117]
15, 8, 12.91, [1347, 697, 964]
15, 9, 12.47, [2032, 697, 336]
16, 0, 68.04, [834, 520, 5117]
16, 1, 67.69, [1514, 520, 5117]
16, 2, 66.63, [1414, 520, 5117]
16, 3, 43.63, [476, 1138, 5117]
16, 4, 42.38, [834, 520, 1827]
16, 5, 41.59, [476, 520, 751]
16, 6, 40.35, [1514, 520, 1028]
16, 7, 39.96, [834, 520, 320]
16, 8, 39.53, [2340, 520, 1045]
16, 9, 39.1, [1347, 520, 339]
17, 0, 68.04, [834, 520, 5117]
17, 1, 67.69, [1514, 520, 5117]
17, 2, 42.59, [834, 520, 751]
17, 3, 41.56, [656, 520, 905]
17, 4, 41.53, [1414, 520, 1574]
17, 5, 40.56, [3639, 520, 834]
17, 6, 39.79, [1414, 934, 5117]
17, 7, 39.53, [2340, 520, 1580]
17, 8, 37.92, [439, 1827, 5117]
17, 9, 35.38, [15, 520, 798]
18, 0, 68.04, [834, 520, 5117]
18, 1, 67.69, [1514, 520, 5117]
18, 2, 66.82, [2340, 520, 5117]
18, 3, 64.85, [786, 520, 5117]
18, 4, 40.5, [1514, 520, 1603]
18, 5, 35.24, [1414, 495, 5117]
18, 6, 34.53, [711, 520, 690]
18, 7, 30.89, [1569, 609, 5117]
18, 8, 9.0, [1353, 741, 1827]
18, 9, 8.48, [841, 741, 2341]
19, 0, 68.04, [834, 520, 5117]
19, 1, 67.69, [1514, 520, 5117]
19, 2, 41.35, [834, 520, 850]
19, 3, 40.29, [2340, 520, 780]
19, 4, 39.56, [2340, 520, 2846]
19, 5, 36.32, [1414, 1025, 5117]
19, 6, 34.02, [834, 970, 5117]
19, 7, 33.99, [1514, 1157, 5117]
19, 8, 12.5, [1514, 1540, 336]
19, 9, 9.29, [834, 675, 1025]
20, 0, 68.04, [834, 520, 5117]
20, 1, 67.69, [1514, 520, 5117]
20, 2, 66.75, [2340, 520, 5117]
20, 3, 63.74, [2846, 520, 5117]
20, 4, 40.5, [834, 520, 1509]
20, 5, 38.38, [2340, 520, 15]
20, 6, 37.56, [666, 520, 850]
20, 7, 36.17, [834, 690, 5117]
20, 8, 35.06, [873, 609, 5117]
20, 9, 14.0, [834, 716, 2667]
21, 0, 68.04, [834, 520, 5117]
21, 1, 67.69, [1514, 520, 5117]
21, 2, 64.39, [2070, 520, 5117]
21, 3, 57.05, [2846, 716, 5117]
21, 4, 42.2, [1138, 520, 1347]
21, 5, 41.41, [834, 520, 1029]
21, 6, 38.32, [2340, 520, 15]
21, 7, 33.74, [834, 1225, 5117]
21, 8, 30.47, [15, 1509, 5117]
21, 9, 5.0, [2436, 751, 1048]
22, 0, 68.04, [834, 520, 5117]
22, 1, 67.69, [1514, 520, 5117]
22, 2, 64.63, [98, 520, 5117]
22, 3, 42.2, [834, 716, 5117]
22, 4, 39.56, [834, 520, 15]
22, 5, 36.5, [2846, 520, 831]
22, 6, 35.01, [834, 2490, 5117]
22, 7, 15.41, [1514, 716, 3]
22, 8, 11.0, [1514, 735, 1381]
22, 9, 9.0, [711, 1514, 247]
23, 0, 68.04, [834, 520, 5117]
23, 1, 67.69, [1514, 520, 5117]
23, 2, 66.71, [1381, 520, 5117]
23, 3, 44.5, [834, 520, 2032]
23, 4, 38.83, [98, 520, 841]
23, 5, 35.99, [834, 1157, 5117]
23, 6, 35.44, [1509, 520, 1540]
23, 7, 30.91, [495, 1378, 5117]
23, 8, 8.47, [1430, 216, 1574]
23, 9, 7.0, [735, 741, 635]
24, 0, 68.04, [834, 520, 5117]
24, 1, 67.69, [1514, 520, 5117]
24, 2, 40.87, [834, 476, 5117]
24, 3, 36.35, [666, 520, 3639]
24, 4, 35.12, [609, 741, 5117]
24, 5, 33.23, [1414, 780, 5117]
24, 6, 32.88, [710, 816, 5117]
24, 7, 14.0, [834, 1567, 2070]
24, 8, 13.0, [1514, 1381, 970]
24, 9, 11.0, [690, 697, 476]
25, 0, 68.04, [834, 520, 5117]
25, 1, 67.69, [1514, 520, 5117]
25, 2, 64.83, [98, 520, 5117]
25, 3, 43.47, [834, 520, 1567]
25, 4, 42.59, [834, 520, 905]
25, 5, 42.53, [834, 520, 1574]
25, 6, 39.91, [2340, 476, 5117]
25, 7, 37.85, [1514, 1543, 5117]
25, 8, 37.53, [483, 520, 450]
25, 9, 37.12, [1514, 587, 5117]
26, 0, 68.04, [834, 520, 5117]
26, 1, 67.69, [1514, 520, 5117]
26, 2, 42.41, [1514, 520, 751]
26, 3, 39.47, [831, 520, 336]
26, 4, 38.35, [694, 520, 1419]
26, 5, 37.35, [850, 520, 697]
26, 6, 34.26, [216, 520, 247]
26, 7, 9.0, [1414, 1509, 786]
26, 8, 9.0, [429, 741, 905]
26, 9, 8.0, [656, 247, 3639]
27, 0, 68.04, [834, 520, 5117]
27, 1, 67.69, [1514, 520, 5117]
27, 2, 64.69, [1157, 520, 5117]
27, 3, 40.53, [780, 520, 336]
27, 4, 36.44, [98, 520, 15]
27, 5, 33.77, [2340, 731, 5117]
27, 6, 33.14, [690, 1289, 5117]
27, 7, 33.07, [1025, 675, 5117]
27, 8, 31.72, [495, 483, 5117]
27, 9, 15.46, [2340, 1025, 964]
28, 0, 68.04, [834, 520, 5117]
28, 1, 67.69, [1514, 520, 5117]
28, 2, 40.73, [1414, 1138, 5117]
28, 3, 38.32, [3639, 520, 785]
28, 4, 36.4, [1514, 786, 5117]
28, 5, 35.15, [834, 609, 5117]
28, 6, 16.45, [834, 964, 905]
28, 7, 14.0, [1514, 834, 1567]
28, 8, 9.0, [2070, 780, 1219]
28, 9, 9.0, [834, 970, 1381]
29, 0, 68.04, [834, 520, 5117]
29, 1, 67.69, [1514, 520, 5117]
29, 2, 66.96, [1414, 520, 5117]
29, 3, 39.26, [1381, 520, 635]
29, 4, 38.59, [785, 520, 1225]
29, 5, 36.68, [675, 520, 1580]
29, 6, 36.5, [780, 520, 735]
29, 7, 35.84, [834, 1540, 5117]
29, 8, 14.0, [834, 2436, 716]
29, 9, 10.0, [716, 429, 675]
30, 0, 68.04, [834, 520, 5117]
30, 1, 67.69, [1514, 520, 5117]
30, 2, 64.91, [1157, 520, 5117]
30, 3, 42.5, [834, 520, 905]
30, 4, 39.88, [1514, 520, 320]
30, 5, 30.29, [1225, 2490, 5117]
30, 6, 12.0, [834, 2032, 850]
30, 7, 8.0, [1003, 495, 873]
30, 8, 8.0, [834, 247, 1229]
30, 9, 5.0, [495, 1419, 216]
31, 0, 68.04, [834, 520, 5117]
31, 1, 67.69, [1514, 520, 5117]
31, 2, 66.5, [1414, 520, 5117]
31, 3, 39.44, [809, 520, 78]
31, 4, 38.56, [1827, 831, 520]
31, 5, 38.04, [1514, 662, 5117]
31, 6, 36.71, [1540, 520, 78]
31, 7, 35.24, [1414, 902, 5117]
31, 8, 34.77, [1514, 675, 5117]
31, 9, 9.55, [1430, 741, 666]
32, 0, 68.04, [834, 520, 5117]
32, 1, 67.69, [1514, 520, 5117]
32, 2, 65.02, [3147, 520, 5117]
32, 3, 39.96, [809, 520, 3]
32, 4, 39.59, [798, 520, 816]
32, 5, 39.47, [1414, 520, 1580]
32, 6, 37.5, [741, 520, 78]
32, 7, 35.62, [1028, 520, 922]
32, 8, 30.8, [1028, 798, 5117]
32, 9, 11.0, [834, 216, 1567]
33, 0, 68.04, [834, 520, 5117]
33, 1, 67.69, [1514, 520, 5117]
33, 2, 65.2, [78, 520, 5117]
33, 3, 63.83, [1045, 520, 5117]
33, 4, 43.5, [834, 520, 970]
33, 5, 40.49, [336, 520, 850]
33, 6, 40.14, [850, 520, 1430]
33, 7, 36.23, [834, 1289, 5117]
33, 8, 31.4, [710, 450, 5117]
33, 9, 31.04, [429, 1580, 5117]
34, 0, 68.04, [834, 520, 5117]
34, 1, 67.69, [1514, 520, 5117]
34, 2, 63.79, [697, 520, 5117]
34, 3, 44.74, [1514, 520, 2032]
34, 4, 42.47, [1414, 520, 786]
34, 5, 33.96, [336, 1967, 5117]
34, 6, 17.25, [834, 2340, 964]
34, 7, 11.0, [990, 487, 675]
34, 8, 10.4, [905, 450, 336]
34, 9, 8.51, [834, 635, 3]
35, 0, 68.04, [834, 520, 5117]
35, 1, 67.69, [1514, 520, 5117]
35, 2, 64.04, [697, 520, 5117]
35, 3, 42.22, [1514, 716, 5117]
35, 4, 40.92, [834, 476, 5117]
35, 5, 39.5, [3147, 520, 834]
35, 6, 36.53, [429, 520, 1603]
35, 7, 35.46, [1414, 1430, 5117]
35, 8, 35.04, [834, 2436, 5117]
35, 9, 14.0, [1514, 1138, 691]
36, 0, 68.04, [834, 520, 5117]
36, 1, 67.69, [1514, 520, 5117]
36, 2, 66.9, [1414, 520, 5117]
36, 3, 42.62, [1514, 520, 905]
36, 4, 33.05, [1414, 710, 5117]
36, 5, 30.03, [1003, 2436, 5117]
36, 6, 29.57, [1514, 2846, 691]
36, 7, 13.0, [697, 716, 751]
36, 8, 12.51, [1514, 841, 970]
36, 9, 9.43, [834, 1157, 3]
37, 0, 68.04, [834, 520, 5117]
37, 1, 67.69, [1514, 520, 5117]
37, 2, 66.88, [694, 520, 5117]
37, 3, 42.59, [1414, 520, 2340]
37, 4, 37.75, [1414, 1514, 5117]
37, 5, 36.87, [1141, 520, 429]
37, 6, 35.38, [2436, 520, 1543]
37, 7, 32.4, [1414, 1029, 5117]
37, 8, 11.0, [2340, 1381, 1219]
37, 9, 9.57, [710, 741, 841]
38, 0, 68.04, [834, 520, 5117]
38, 1, 67.69, [1514, 520, 5117]
38, 2, 66.54, [2340, 520, 5117]
38, 3, 40.56, [3639, 520, 1381]
38, 4, 39.53, [1414, 2667, 520]
38, 5, 37.83, [1414, 741, 5117]
38, 6, 37.83, [834, 2340, 5117]
38, 7, 11.0, [834, 873, 831]
38, 8, 11.0, [834, 1003, 2032]
38, 9, 10.0, [834, 1381, 1543]
39, 0, 68.04, [834, 520, 5117]
39, 1, 67.69, [1514, 520, 5117]
39, 2, 64.72, [1157, 520, 5117]
39, 3, 38.15, [2846, 520, 964]
39, 4, 36.47, [691, 520, 1225]
39, 5, 36.19, [2340, 1827, 5117]
39, 6, 35.59, [735, 520, 831]
39, 7, 34.01, [834, 710, 5117]
39, 8, 10.0, [834, 2341, 786]
39, 9, 10.0, [834, 656, 635]
40, 0, 68.04, [834, 520, 5117]
40, 1, 67.69, [1514, 520, 5117]
40, 2, 63.63, [1543, 520, 5117]
40, 3, 41.47, [970, 520, 1219]
40, 4, 41.25, [1138, 520, 964]
40, 5, 38.5, [2340, 520, 2436]
40, 6, 36.71, [697, 520, 1603]
40, 7, 34.03, [1414, 711, 5117]
40, 8, 29.5, [1378, 339, 5117]
40, 9, 11.0, [834, 1827, 905]
41, 0, 68.04, [834, 520, 5117]
41, 1, 67.69, [1514, 520, 5117]
41, 2, 62.51, [609, 520, 5117]
41, 3, 42.41, [2340, 520, 1138]
41, 4, 36.56, [711, 520, 1219]
41, 5, 35.71, [798, 520, 635]
41, 6, 35.13, [816, 819, 5117]
41, 7, 33.47, [1543, 731, 5117]
41, 8, 7.0, [834, 675, 1003]
41, 9, 6.0, [587, 635, 1157]
42, 0, 68.04, [834, 520, 5117]
42, 1, 67.69, [1514, 520, 5117]
42, 2, 44.47, [1514, 520, 439]
42, 3, 43.52, [1514, 520, 336]
42, 4, 41.83, [2340, 520, 751]
42, 5, 36.53, [691, 520, 1378]
42, 6, 36.44, [609, 520, 1029]
42, 7, 29.97, [751, 711, 5117]
42, 8, 14.0, [1414, 1138, 1381]
42, 9, 10.0, [216, 662, 816]
43, 0, 68.04, [834, 520, 5117]
43, 1, 67.69, [1514, 520, 5117]
43, 2, 42.56, [1514, 520, 905]
43, 3, 42.38, [834, 520, 809]
43, 4, 36.04, [1514, 495, 5117]
43, 5, 35.98, [1414, 247, 5117]
43, 6, 35.95, [1414, 336, 5117]
43, 7, 33.4, [2340, 1229, 5117]
43, 8, 30.48, [834, 2846, 710]
43, 9, 29.63, [1580, 1353, 5117]
44, 0, 68.04, [834, 520, 5117]
44, 1, 67.69, [1514, 520, 5117]
44, 2, 62.84, [905, 520, 5117]
44, 3, 42.44, [1414, 520, 656]
44, 4, 39.03, [1514, 741, 5117]
44, 5, 38.29, [439, 934, 5117]
44, 6, 37.04, [834, 809, 5117]
44, 7, 35.37, [834, 786, 5117]
44, 8, 30.02, [731, 1353, 5117]
44, 9, 9.0, [731, 1381, 809]
45, 0, 68.04, [834, 520, 5117]
45, 1, 67.69, [1514, 520, 5117]
45, 2, 66.76, [1414, 520, 5117]
45, 3, 44.29, [1514, 520, 2032]
45, 4, 42.41, [834, 520, 1574]
45, 5, 39.62, [990, 520, 690]
45, 6, 32.95, [429, 587, 5117]
45, 7, 12.39, [834, 741, 3]
45, 8, 8.27, [834, 1555, 15]
45, 9, 7.0, [1514, 483, 339]
46, 0, 68.04, [834, 520, 5117]
46, 1, 67.69, [1514, 520, 5117]
46, 2, 64.7, [3147, 520, 5117]
46, 3, 62.73, [1225, 520, 5117]
46, 4, 43.35, [1414, 520, 2032]
46, 5, 41.99, [1514, 520, 3]
46, 6, 36.62, [798, 520, 666]
46, 7, 32.27, [3147, 1967, 5117]
46, 8, 29.52, [78, 2846, 2340]
46, 9, 12.24, [1025, 785, 1827]
47, 0, 68.04, [834, 520, 5117]
47, 1, 67.69, [1514, 520, 5117]
47, 2, 63.74, [1045, 520, 5117]
47, 3, 43.44, [834, 520, 819]
47, 4, 42.53, [834, 520, 1574]
47, 5, 39.59, [2340, 520, 831]
47, 6, 39.04, [1347, 520, 339]
47, 7, 38.33, [1555, 520, 1347]
47, 8, 34.67, [3147, 2340, 5117]
47, 9, 34.32, [609, 520, 690]
48, 0, 68.04, [834, 520, 5117]
48, 1, 67.69, [1514, 520, 5117]
48, 2, 66.75, [2340, 520, 5117]
48, 3, 39.59, [834, 520, 711]
48, 4, 38.62, [1045, 520, 751]
48, 5, 38.38, [2340, 520, 3639]
48, 6, 36.56, [1045, 520, 1509]
48, 7, 7.14, [1555, 662, 1048]
48, 8, 7.09, [675, 1289, 1567]
48, 9, 6.0, [666, 922, 905]
49, 0, 68.04, [834, 520, 5117]
49, 1, 67.69, [1514, 520, 5117]
49, 2, 63.55, [2341, 520, 5117]
49, 3, 42.55, [2340, 520, 336]
49, 4, 42.47, [834, 520, 1827]
49, 5, 39.41, [1514, 520, 2340]
49, 6, 38.35, [2340, 520, 635]
49, 7, 35.17, [1514, 873, 5117]
49, 8, 33.93, [3, 741, 5117]
49, 9, 33.74, [2667, 2340, 5117]
50, 0, 68.04, [834, 520, 5117]
50, 1, 67.69, [1514, 520, 5117]
50, 2, 41.58, [1574, 520, 336]
50, 3, 37.97, [1569, 520, 3]
50, 4, 36.15, [1514, 690, 5117]
50, 5, 36.13, [834, 786, 5117]
50, 6, 35.0, [1514, 2436, 5117]
50, 7, 34.53, [922, 520, 635]
50, 8, 33.75, [2340, 2490, 5117]
50, 9, 12.0, [1574, 1138, 429]
