generation number, individual number, fitness, candidate
0, 0, 3.14, [66169, 33296, 150653]
0, 1, 3.12, [1061, 91276, 285]
0, 2, 3.1, [283, 89, 1063]
0, 3, 3.09, [118602, 80661, 283]
0, 4, 3.05, [91277, 823, 98065]
0, 5, 3.05, [150015, 150653, 100807]
0, 6, 3.05, [100140, 1927, 150015]
0, 7, 3.03, [67332, 67331, 70639]
0, 8, 3.01, [87893, 66059, 80450]
0, 9, 3.01, [67332, 113172, 70640]
1, 0, 3.18, [91276, 1061, 148118]
1, 1, 3.14, [66169, 33296, 150653]
1, 2, 3.12, [1061, 91276, 285]
1, 3, 3.11, [89, 144434, 285]
1, 4, 3.1, [150653, 283, 80661]
1, 5, 3.1, [33296, 558, 150653]
1, 6, 3.1, [286, 150653, 100807]
1, 7, 3.1, [33296, 150653, 1062]
1, 8, 3.07, [285, 91276, 823]
1, 9, 3.06, [33296, 66169, 1927]
2, 0, 3.18, [91276, 1061, 148118]
2, 1, 3.14, [66169, 33296, 150653]
2, 2, 3.13, [123524, 89, 150653]
2, 3, 3.11, [66169, 144434, 33297]
2, 4, 3.1, [91276, 1061, 823]
2, 5, 3.1, [33296, 286, 150653]
2, 6, 3.09, [73703, 66169, 150653]
2, 7, 3.08, [10375, 1061, 148118]
2, 8, 3.08, [33296, 280, 150653]
2, 9, 3.07, [66169, 149059, 148118]
3, 0, 3.18, [91276, 1061, 148118]
3, 1, 3.14, [91276, 62858, 148118]
3, 2, 3.14, [66169, 33296, 150653]
3, 3, 3.13, [113173, 1061, 148118]
3, 4, 3.12, [33296, 118602, 150653]
3, 5, 3.12, [280, 66169, 150653]
3, 6, 3.11, [56241, 123524, 150653]
3, 7, 3.1, [33296, 66169, 98065]
3, 8, 3.1, [123524, 1061, 148118]
3, 9, 3.06, [91276, 1061, 33296]
4, 0, 3.18, [91276, 1061, 148118]
4, 1, 3.16, [62858, 91276, 66167]
4, 2, 3.14, [89, 1061, 148118]
4, 3, 3.14, [91276, 62858, 148118]
4, 4, 3.12, [118606, 66169, 150653]
4, 5, 3.1, [127088, 66169, 150653]
4, 6, 3.1, [144436, 1061, 148118]
4, 7, 3.09, [1061, 113173, 221360]
5, 0, 3.19, [62858, 46, 148118]
5, 1, 3.18, [91276, 1061, 148118]
5, 2, 3.16, [91276, 1061, 150652]
5, 3, 3.16, [62858, 91276, 66167]
5, 4, 3.14, [86, 1061, 148118]
5, 5, 3.12, [62858, 150015, 66167]
5, 6, 3.12, [62858, 558, 148118]
5, 7, 3.1, [150653, 1061, 66167]
6, 0, 3.23, [66167, 148118, 46]
6, 1, 3.2, [62858, 11387, 46]
6, 2, 3.19, [62858, 46, 148118]
6, 3, 3.18, [91276, 1061, 148118]
6, 4, 3.16, [62858, 1063, 46]
6, 5, 3.15, [62858, 148118, 150653]
6, 6, 3.11, [62858, 89, 46]
6, 7, 3.09, [70640, 1061, 148118]
7, 0, 3.23, [66167, 148118, 46]
7, 1, 3.2, [62858, 11387, 46]
7, 2, 3.17, [70640, 62858, 148118]
7, 3, 3.14, [56241, 11387, 46]
7, 4, 3.14, [46, 558, 148118]
7, 5, 3.09, [148118, 70640, 66167]
7, 6, 3.09, [46, 148118, 1927]
7, 7, 3.08, [46, 113172, 66167]
8, 0, 3.23, [66167, 148118, 46]
8, 1, 3.22, [11387, 148118, 66167]
8, 2, 3.2, [46, 148118, 282]
8, 3, 3.2, [62858, 11387, 46]
8, 4, 3.16, [71858, 46, 66167]
8, 5, 3.13, [148118, 46, 1063]
8, 6, 3.12, [70640, 89, 46]
8, 7, 3.09, [71858, 62858, 148118]
9, 0, 3.23, [66167, 148118, 46]
9, 1, 3.22, [11387, 148118, 66167]
9, 2, 3.17, [148118, 89, 66167]
9, 3, 3.15, [46, 148118, 283]
9, 4, 3.12, [148118, 113173, 66167]
9, 5, 3.12, [148118, 46, 558]
9, 6, 3.11, [11387, 148118, 100141]
9, 7, 3.11, [11387, 148118, 12067]
10, 0, 3.23, [66167, 148118, 46]
10, 1, 3.22, [11387, 148118, 66167]
10, 2, 3.16, [46, 62858, 66167]
10, 3, 3.15, [11387, 33298, 66167]
10, 4, 3.14, [148118, 46, 150652]
10, 5, 3.12, [46, 148118, 279]
10, 6, 3.11, [148118, 46, 100141]
10, 7, 3.1, [11387, 148118, 821]
