n_nodes,influence,n0,n1,n2,n3,n4
5,2037.7300,645,2285,634,763,143
5,2036.5400,645,2285,634,763,143
5,2032.9300,645,2285,634,763,143
5,2018.8900,645,2285,634,763,143
5,2018.8900,645,2285,634,763,143
5,2018.8900,645,2285,634,763,143
5,2018.1300,645,2285,634,763,143
5,2011.2900,645,2285,634,763,143
5,2011.1900,645,2285,634,763,143
5,2011.1900,645,2285,634,763,143
5,2011.1900,645,2285,634,763,143
5,2011.1900,645,2285,634,763,143
5,2011.1900,645,2285,634,763,143
5,2011.1900,645,2285,634,763,143
5,2011.1900,645,2285,634,763,143
5,2011.1900,645,2285,634,763,143
5,2011.1900,645,2285,634,763,143
5,1972.0300,645,2285,65343,634,763
5,1960.1000,645,2285,72357,634,763
5,1958.2800,18,645,634,763,143
5,1958.2800,18,645,634,763,143
5,1958.2800,18,645,634,763,143
5,1958.2800,18,645,634,763,143
5,1958.2800,18,645,634,763,143
5,1955.8300,18,645,634,763,143
5,1955.6500,18,645,634,763,143
5,1955.6500,18,645,634,763,143
5,1955.6500,18,645,634,763,143
5,1955.6500,18,645,634,763,143
5,1953.4100,18,645,634,763,143
5,1952.7100,38062,645,634,763,143
5,1952.7100,38062,645,634,763,143
5,1952.7100,38062,645,634,763,143
5,1952.7100,38062,645,634,763,143
5,1952.7100,38062,645,634,763,143
5,1952.7100,38062,645,634,763,143
5,1952.7100,38062,645,634,763,143
5,1952.7100,38062,645,634,763,143
5,1952.7100,38062,645,634,763,143
5,1952.7100,38062,645,634,763,143
5,1952.7100,38062,645,634,763,143
5,1952.7100,38062,645,634,763,143
5,1952.7100,38062,645,634,763,143
5,1952.7100,38062,645,634,763,143
5,1952.7100,38062,645,634,763,143
5,1952.7100,38062,645,634,763,143
5,1952.7100,38062,645,634,763,143
5,1952.7100,38062,645,634,763,143
5,1952.7100,38062,645,634,763,143
5,1952.7100,38062,645,634,763,143
5,1952.7100,38062,645,634,763,143
5,1952.7100,38062,645,634,763,143
5,1952.7100,38062,645,634,763,143
5,1952.7100,38062,645,634,763,143
5,1952.7100,38062,645,634,763,143
5,1952.7100,38062,645,634,763,143
5,1952.7100,38062,645,634,763,143
5,1952.7100,38062,645,634,763,143
5,1952.7100,38062,645,634,763,143
5,1952.7100,38062,645,634,763,143
5,1952.7100,38062,645,634,763,143
5,1952.7100,38062,645,634,763,143
5,1952.7100,38062,645,634,763,143
5,1952.7100,38062,645,634,763,143
