n_nodes,influence,n0,n1,n2,n3,n4
5,27.7300,67528,222511,243341,232827,95801
5,27.6700,239439,222511,243341,232827,95801
5,27.2600,67528,222511,243341,232827,95801
5,27.2600,67528,222511,243341,232827,95801
5,26.7200,67528,222511,100278,243341,242924
5,26.6700,239439,222511,243341,148530,95801
5,26.6700,239439,222511,243341,148530,95801
5,26.6700,239439,222511,243341,148530,95801
5,26.5500,67528,222511,243341,148530,232827
5,26.5400,67528,171714,243341,222511,232827
5,26.2300,67528,222511,243341,121140,95801
5,26.2100,67528,222511,243341,121140,232827
5,26.1300,67528,222511,89482,243341,95801
5,26.0200,67528,196742,243341,222511,232827
5,26.0200,67528,196742,243341,222511,232827
5,25.9500,67528,222511,100278,243341,95801
5,25.9500,67528,222511,100278,243341,95801
5,25.9500,67528,222511,100278,243341,95801
5,25.9500,67528,222511,100278,243341,95801
5,25.9400,67528,222511,243341,121140,232827
5,25.9400,67528,222511,243341,121140,232827
5,25.9300,67528,222511,243341,121140,240376
5,25.9300,67528,222511,243341,121140,240376
5,25.8700,67528,222511,100278,243341,242924
5,25.8700,67528,222511,100278,243341,242924
5,25.8700,67528,222511,100278,243341,242924
5,25.8700,67528,222511,100278,243341,242924
5,25.8700,67528,222511,100278,243341,242924
5,25.8600,243341,222511,94675,148530,95801
5,25.8400,67528,222511,243341,148530,95801
5,25.7300,258978,222511,243341,89482,232827
5,25.5700,67528,222511,100278,243341,232827
5,25.5700,67528,222511,100278,243341,232827
5,25.5700,67528,222511,100278,243341,232827
5,25.4700,67528,222511,243341,148530,232827
5,25.4600,258978,221414,100278,243341,95801
5,25.4200,67528,222511,243341,121140,240376
5,25.3600,67528,222511,100278,243341,242924
5,25.3600,67528,222511,100278,243341,242924
5,25.3400,67528,222511,100278,243341,95801
5,25.3300,6632,242924,243341,222511,100278
5,25.3300,67528,222511,199522,242924,243341
5,25.3000,67528,222511,89482,243341,95801
5,25.3000,67528,222511,243341,89482,242924
5,25.3000,67528,222511,243341,89482,242924
5,25.3000,67528,222511,243341,89482,242924
5,25.3000,67528,222511,243341,89482,242924
5,25.3000,67528,222511,243341,89482,242924
5,25.2800,239439,222511,243341,148530,240376
5,25.2100,67528,236143,243341,222511,232827
5,25.2100,67528,222511,243341,121140,240376
5,25.2100,67528,222511,243341,121140,240376
5,25.2100,67528,222511,243341,121140,240376
5,25.2100,67528,222511,243341,121140,240376
5,25.2100,67528,222511,243341,121140,240376
5,25.1600,67528,222511,89482,243341,95801
5,25.1600,67528,222511,199522,242924,243341
5,25.1600,67528,222511,199522,242924,243341
5,25.1200,67528,222511,100278,243341,232827
5,25.0800,67528,222511,243341,121140,240376
5,25.0500,67528,243341,222511,252248,232827
5,25.0300,67528,222511,243341,121140,232827
5,25.0200,258978,221414,89482,243341,95801
5,25.0200,258978,221414,89482,243341,95801
5,25.0200,258978,221414,89482,243341,95801
5,25.0200,258978,221414,89482,243341,95801
5,25.0200,258978,221414,89482,243341,95801
5,25.0000,67528,222511,100278,243341,232827
5,24.9900,67528,222511,100278,243341,232827
5,24.9900,67528,222511,100278,243341,232827
5,24.9700,239439,222511,243341,148530,232827
5,24.9700,239439,222511,243341,148530,232827
5,24.9700,239439,222511,243341,148530,232827
5,24.9700,239439,222511,243341,148530,232827
5,24.9700,239439,222511,243341,148530,232827
5,24.9700,239439,222511,243341,148530,232827
5,24.9700,239439,222511,243341,148530,232827
5,24.9400,67528,222511,100278,243341,232827
5,24.9400,67528,222511,100278,243341,232827
5,24.9400,67528,222511,100278,243341,232827
5,24.9400,67528,222511,100278,243341,232827
5,24.9400,67528,222511,100278,243341,232827
5,24.9400,67528,222511,100278,243341,232827
5,24.9400,67528,222511,100278,243341,232827
5,24.9200,67528,222511,100278,243341,232827
5,24.9200,67528,222511,100278,243341,232827
5,24.8600,67528,222511,100278,243341,232827
5,24.8600,67528,222511,100278,243341,232827
5,24.8400,67528,222511,243341,232827,49609
5,24.8400,67528,222511,243341,232827,49609
5,24.8400,67528,222511,243341,232827,49609
5,24.8400,67528,222511,243341,232827,49609
5,24.8400,67528,222511,243341,232827,49609
5,24.8400,67528,222511,243341,232827,49609
5,24.8200,67528,222511,243341,89482,232827
5,24.8200,67528,222511,243341,121140,240376
5,24.7000,67528,222511,100278,243341,232827
5,24.7000,67528,222511,100278,243341,232827
5,24.6800,67528,243341,222511,100278,184857
5,24.6800,67528,243341,222511,100278,184857
5,24.6700,67528,222511,243341,89482,242924
5,24.6000,67528,222511,243341,89482,242924
5,24.5700,239439,222511,100278,243341,232827
5,24.5600,67528,222511,243341,121140,181206
5,24.5500,221414,67528,184492,243341,222511
5,24.5500,221414,67528,184492,243341,222511
5,24.5500,221414,67528,184492,243341,222511
5,24.5400,67528,222511,100278,243341,221414
5,24.5100,67528,222511,243341,232827,49609
5,24.5100,221414,222511,243341,89482,242924
5,24.5100,221414,222511,243341,89482,242924
5,24.5000,67528,222511,243341,232827,49609
5,24.5000,67528,222511,243341,232827,49609
5,24.5000,67528,222511,243341,232827,49609
5,24.5000,67528,222511,243341,232827,49609
5,24.5000,67528,222511,243341,232827,49609
5,24.5000,62288,222511,243341,89482,232827
5,24.5000,67528,222511,243341,232827,49609
5,24.5000,67528,222511,243341,232827,49609
5,24.5000,67528,222511,243341,232827,49609
5,24.5000,67528,222511,243341,232827,49609
5,24.5000,67528,222511,243341,232827,49609
5,24.5000,67528,222511,243341,232827,49609
5,24.5000,67528,222511,243341,232827,49609
5,24.5000,67528,222511,243341,232827,49609
5,24.4900,67528,222511,199522,242924,95801
5,24.4500,67528,222511,243341,89482,95801
5,24.4500,67528,222511,243341,89482,95801
