num_genrations,diversity,improvement,best_fitness
0,0.9999595959595959,0,10.68
1,0.9640606060606061,0.0,10.68
2,0.8154141414141414,0.0,10.68
3,0.44319191919191914,0.0,10.68
4,0.3013939393939391,0.0,10.68
5,0.33331313131313123,0.0009363295880149613,10.69
6,0.32347474747474747,0.0,10.69
7,0.33274747474747457,0.0,10.69
8,0.29254545454545433,0.0028063610851263928,10.72
9,0.07555555555555538,0.0,10.72
10,0.09464646464646465,0.0,10.72
11,0.14955555555555533,0.0,10.72
12,0.14278787878787869,0.0,10.72
13,0.1441818181818184,0.0,10.72
14,0.14545454545454561,0.0,10.72
15,0.14545454545454561,0.0,10.72
16,0.13600000000000012,0.0,10.72
17,0.14545454545454561,0.0,10.72
18,0.13399999999999979,0.0,10.72
19,0.13787878787878816,0.0,10.72
20,0.13963636363636367,0.0,10.72
21,0.1447878787878787,0.0018656716417910048,10.74
22,0.16420202020202024,0.0,10.74
23,0.18664646464646484,0.002793296089385415,10.77
24,0.0867474747474748,0.0,10.77
25,0.121070707070707,0.0,10.77
26,0.13163636363636366,0.0,10.77
27,0.02555555555555533,0.0,10.77
28,0.017959595959596286,0.0,10.77
29,0.019838383838383877,0.0,10.77
30,0.021818181818181626,0.0,10.77
31,0.015939393939393698,0.0,10.77
32,0.01395959595959595,0.0,10.77
33,0.01991919191919178,0.0,10.77
34,0.025878787878787612,0.0,10.77
35,0.029232323232323276,0.0,10.77
36,0.017838383838383876,0.0,10.77
37,0.011979797979797868,0.0,10.77
38,0.019919191919192114,0.0,10.77
39,0.008000000000000451,0.0,10.77
40,0.01597979797979765,0.0,10.77
41,0.015959595959595507,0.0,10.77
42,0.02185858585858569,0.0,10.77
43,0.007959595959596388,0.0,10.77
44,0.01597979797979776,0.0,10.77
45,0.018000000000000238,0.0,10.77
46,0.021939393939393592,0.0,10.77
47,0.017939393939394255,0.0,10.77
48,0.015959595959595507,0.0,10.77
49,0.015757575757575637,0.0,10.77
50,0.013979797979797759,0.0,10.77
51,0.017939393939394144,0.0,10.77
52,0.015919191919191555,0.0,10.77
53,0.021919191919191672,0.0,10.77
54,0.01987878787878794,0.0,10.77
55,0.02387878787878761,0.0,10.77
56,0.017939393939394144,0.0,10.77
57,0.0258787878787875,0.0,10.77
58,0.007919191919192214,0.0,10.77
59,0.003979797979797972,0.0,10.77
60,0.013959595959595728,0.0,10.77
61,0.021818181818181626,0.0,10.77
62,0.015959595959595507,0.0,10.77
63,0.015919191919191555,0.0,10.77
64,0.019919191919191892,0.0,10.77
65,0.021777777777777674,0.0,10.77
66,0.019919191919192114,0.0,10.77
67,0.027797979797979933,0.0,10.77
68,0.01583838383838354,0.0,10.77
69,0.019919191919192114,0.0,10.77
70,0.019919191919192114,0.0,10.77
71,0.011939393939393583,0.0,10.77
72,0.027838383838383884,0.0,10.77
73,0.02189898989898964,0.0,10.77
74,0.015878787878787493,0.0,10.77
75,0.023757575757575755,0.0,10.77
76,0.011939393939393583,0.0,10.77
77,0.009959595959595946,0.0,10.77
78,0.025373737373736938,0.0,10.77
79,0.017939393939394144,0.0,10.77
80,0.01393939393939403,0.0,10.77
81,0.027717171717171585,0.0,10.77
82,0.01393939393939403,0.0,10.77
83,0.019939393939394034,0.0,10.77
84,0.019959595959596066,0.0,10.77
85,0.011939393939393694,0.0,10.77
86,0.006000000000000116,0.0,10.77
87,0.02387878787878761,0.0,10.77
88,0.021818181818181404,0.0,10.77
89,0.013919191919191665,0.0,10.77
90,0.013939393939393807,0.0,10.77
91,0.01795959595959573,0.0,10.77
92,0.02383838383838377,0.0,10.77
93,0.013898989898989855,0.0,10.77
94,0.009979797979798088,0.0,10.77
95,0.023797979797979707,0.0,10.77
96,0.01597979797979765,0.0,10.77
97,0.025797979797979598,0.0,10.77
98,0.011919191919191663,0.0,10.77
99,0.011919191919191663,0.0,10.77
100,0.011898989898989631,0.0,10.77
