n_nodes,influence,n0,n1,n2,n3,n4,n5,n6,n7,n8,n9
10,10.7700,108008,32404,124734,31518,220209,249238,8695,197516,251461,196169
10,10.7700,108008,32404,124734,31518,220209,249238,8695,197516,251461,196169
10,10.7700,108008,32404,124734,31518,220209,249238,8695,197516,251461,196169
10,10.7700,108008,32404,124734,31518,220209,249238,8695,197516,251461,196169
10,10.7700,108008,32404,124734,31518,220209,249238,8695,197516,251461,196169
10,10.7700,108008,32404,124734,31518,220209,249238,8695,197516,251461,196169
10,10.7700,108008,32404,124734,31518,220209,249238,8695,197516,251461,196169
10,10.7700,108008,32404,124734,31518,220209,249238,8695,197516,251461,196169
10,10.7700,108008,32404,124734,31518,220209,249238,8695,197516,251461,196169
10,10.7700,108008,32404,124734,31518,220209,249238,8695,197516,251461,196169
10,10.7700,108008,32404,124734,31518,220209,249238,8695,197516,251461,196169
10,10.7700,108008,32404,124734,31518,220209,249238,8695,197516,251461,196169
10,10.7700,108008,32404,124734,31518,220209,249238,8695,197516,251461,196169
10,10.7700,108008,32404,124734,31518,220209,249238,8695,197516,251461,196169
10,10.7700,108008,32404,124734,31518,220209,249238,8695,197516,251461,196169
10,10.7700,108008,32404,124734,31518,220209,249238,8695,197516,251461,196169
10,10.7700,108008,32404,124734,31518,220209,249238,8695,197516,251461,196169
10,10.7700,108008,32404,124734,31518,220209,249238,8695,197516,251461,196169
10,10.7700,108008,32404,124734,31518,220209,249238,8695,197516,251461,196169
10,10.7700,108008,32404,124734,31518,220209,249238,8695,197516,251461,196169
10,10.7700,108008,32404,124734,31518,220209,249238,8695,197516,251461,196169
10,10.7700,108008,32404,124734,31518,220209,249238,8695,197516,251461,196169
10,10.7700,108008,32404,124734,31518,220209,249238,8695,197516,251461,196169
10,10.7700,108008,32404,124734,31518,220209,249238,8695,197516,251461,196169
10,10.7700,108008,32404,124734,31518,220209,249238,8695,197516,251461,196169
10,10.7700,108008,32404,124734,31518,220209,249238,8695,197516,251461,196169
10,10.7700,108008,32404,124734,31518,220209,249238,8695,197516,251461,196169
10,10.7700,108008,32404,124734,31518,220209,249238,8695,197516,251461,196169
10,10.7700,108008,32404,124734,31518,220209,249238,8695,197516,251461,196169
10,10.7700,108008,32404,124734,31518,220209,249238,8695,197516,251461,196169
10,10.7700,108008,32404,124734,31518,220209,249238,8695,197516,251461,196169
10,10.7700,108008,32404,124734,31518,220209,249238,8695,197516,251461,196169
10,10.7700,108008,32404,124734,31518,220209,249238,8695,197516,251461,196169
10,10.7700,108008,32404,124734,31518,220209,249238,8695,197516,251461,196169
10,10.7700,108008,32404,124734,31518,220209,249238,8695,197516,251461,196169
10,10.7700,108008,32404,124734,31518,220209,249238,8695,197516,251461,196169
10,10.7700,108008,32404,124734,31518,220209,249238,8695,197516,251461,196169
10,10.7700,108008,32404,124734,31518,220209,249238,8695,197516,251461,196169
10,10.7700,108008,32404,124734,31518,220209,249238,8695,197516,251461,196169
10,10.7700,108008,32404,124734,31518,220209,249238,8695,197516,251461,196169
10,10.7700,108008,32404,124734,31518,220209,249238,8695,197516,251461,196169
10,10.7700,108008,32404,124734,31518,220209,249238,8695,197516,251461,196169
10,10.7700,108008,32404,124734,31518,220209,249238,8695,197516,251461,196169
10,10.7700,108008,32404,124734,31518,220209,249238,8695,197516,251461,196169
10,10.7700,108008,32404,124734,31518,220209,249238,8695,197516,251461,196169
10,10.7700,108008,32404,124734,31518,220209,249238,8695,197516,251461,196169
10,10.7700,108008,32404,124734,31518,220209,249238,8695,197516,251461,196169
10,10.7700,108008,32404,124734,31518,220209,249238,8695,197516,251461,196169
10,10.7300,108008,32404,124734,31518,220209,249238,8695,197516,251461,196169
10,10.6400,200244,108008,196169,197516,31518,220209,32404,249238,8695,124734
10,10.6200,108008,32404,124734,31518,220209,249238,8695,197516,251461,196169
10,10.6000,108008,32404,124734,31518,220209,249238,8695,197516,251461,196169
10,10.5700,108008,32404,124734,31518,220209,249238,8695,197516,251461,196169
10,10.5500,108008,32404,124734,31518,220209,249238,8695,197516,251461,196169
10,10.5400,108008,32404,124734,31518,220209,249238,8695,197516,251461,196169
10,10.5400,108008,32404,124734,31518,220209,249238,8695,197516,251461,196169
10,10.5400,108008,32404,124734,31518,220209,249238,8695,197516,251461,196169
10,10.5300,108008,32404,124734,31518,220209,249238,8695,197516,251461,196169
10,10.5200,108008,32404,124734,31518,220209,249238,8695,197516,251461,196169
10,10.5200,108008,32404,124734,31518,220209,249238,8695,197516,251461,196169
10,10.5200,108008,32404,124734,31518,220209,249238,8695,197516,251461,196169
10,10.5200,251461,108008,216240,197516,31518,220209,32404,249238,8695,124734
10,10.5200,251461,108008,196169,197516,31518,124734,220209,32404,249238,8695
10,10.5200,108008,32404,124734,31518,220209,249238,8695,197516,251461,196169
10,10.5200,108008,32404,124734,31518,220209,249238,8695,197516,251461,196169
10,10.5100,108008,32404,124734,31518,220209,249238,8695,197516,251461,196169
10,10.5000,108008,32404,124734,31518,220209,249238,8695,197516,251461,196169
10,10.5000,108008,32404,200244,31518,124734,196169,249238,8695,220209,197516
10,10.4900,108008,32404,124734,31518,220209,249238,8695,197516,251461,196169
10,10.4900,108008,32404,124734,31518,220209,249238,8695,197516,251461,196169
10,10.4900,108008,32404,124734,31518,220209,249238,8695,197516,251461,196169
10,10.4900,251461,108008,196169,197516,31518,220209,32404,249238,147280,124734
10,10.4800,108008,32404,124734,31518,220209,249238,8695,197516,251461,196169
10,10.4800,108008,32404,124734,31518,220209,249238,8695,197516,251461,196169
10,10.4800,108008,32404,124734,31518,220209,249238,8695,197516,251461,196169
10,10.4800,108008,32404,124734,31518,220209,249238,8695,197516,251461,196169
10,10.4800,108008,32404,124734,31518,220209,249238,8695,197516,251461,196169
10,10.4700,108008,32404,124734,31518,220209,249238,8695,197516,251461,196169
10,10.4700,108008,32404,124734,31518,220209,249238,8695,197516,251461,196169
10,10.4700,108008,32404,124734,31518,220209,249238,8695,197516,251461,196169
10,10.4700,108008,32404,124734,31518,220209,249238,8695,197516,251461,196169
10,10.4700,108008,32404,124734,31518,220209,249238,8695,197516,251461,196169
10,10.4600,108008,32404,124734,31518,220209,249238,8695,197516,251461,196169
10,10.4600,108008,32404,124734,31518,220209,249238,8695,197516,251461,196169
10,10.4500,108008,32404,124734,31518,220209,249238,8695,197516,251461,196169
10,10.4500,108008,32404,124734,31518,220209,249238,8695,197516,251461,196169
10,10.4500,108008,32404,124734,31518,220209,249238,8695,197516,251461,196169
10,10.4400,108008,32404,124734,31518,220209,249238,8695,197516,251461,196169
10,10.4400,108008,32404,124734,31518,220209,249238,8695,197516,251461,196169
10,10.4400,108008,32404,124734,31518,220209,249238,8695,197516,251461,196169
10,10.4400,108008,32404,124734,31518,220209,249238,8695,197516,251461,196169
10,10.4400,108008,32404,124734,31518,220209,249238,8695,197516,251461,196169
10,10.4300,128000,108008,196169,197516,31518,220209,32404,249238,8695,124734
10,10.4300,108008,32404,124734,31518,220209,249238,8695,197516,251461,196169
10,10.4300,108008,32404,124734,31518,220209,249238,8695,197516,251461,196169
10,10.4200,108008,32404,124734,31518,220209,249238,8695,197516,251461,196169
10,10.4200,251461,108008,17504,197516,31518,220209,32404,249238,8695,124734
10,10.4200,108008,32404,124734,31518,220209,249238,8695,197516,251461,196169
10,10.4100,108008,32404,124734,31518,220209,249238,8695,197516,251461,196169
10,10.4100,108008,32404,124734,31518,220209,249238,8695,197516,251461,196169
