n_nodes,influence,n0,n1,n2,n3,n4,n5,n6,n7,n8,n9,n10,n11,n12,n13,n14,n15,n16,n17,n18,n19
20,3419.6900,18,645,634,763,143,737,44,790,34,136,1179,71399,27,1719,1516,118,1,637,3924,40
20,3419.6900,18,645,634,763,143,737,44,790,34,136,1179,71399,27,1719,1516,118,1,637,3924,40
20,3419.6900,18,645,634,763,143,737,44,790,34,136,1179,71399,27,1719,1516,118,1,637,3924,40
20,3419.6900,18,645,634,763,143,737,44,790,34,136,1179,71399,27,1719,1516,118,1,637,3924,40
20,3419.6900,18,645,634,763,143,737,44,790,34,136,1179,71399,27,1719,1516,118,1,637,3924,40
20,3419.6900,18,645,634,763,143,737,44,790,34,136,1179,71399,27,1719,1516,118,1,637,3924,40
20,3419.6900,18,645,634,763,143,737,44,790,34,136,1179,71399,27,1719,1516,118,1,637,3924,40
20,3419.6900,18,645,634,763,143,737,44,790,34,136,1179,71399,27,1719,1516,118,1,637,3924,40
20,3419.6900,18,645,634,763,143,737,44,790,34,136,1179,71399,27,1719,1516,118,1,637,3924,40
20,3419.6900,18,645,634,763,143,737,44,790,34,136,1179,71399,27,1719,1516,118,1,637,3924,40
20,3419.6900,18,645,634,763,143,737,44,790,34,136,1179,71399,27,1719,1516,118,1,637,3924,40
20,3419.6900,18,645,634,763,143,737,44,790,34,136,1179,71399,27,1719,1516,118,1,637,3924,40
20,3419.6900,18,645,634,763,143,737,44,790,34,136,1179,71399,27,1719,1516,118,1,637,3924,40
20,3419.6900,18,645,634,763,143,737,44,790,34,136,1179,71399,27,1719,1516,118,1,637,3924,40
20,3419.6900,18,645,634,763,143,737,44,790,34,136,1179,71399,27,1719,1516,118,1,637,3924,40
20,3419.6900,18,645,634,763,143,737,44,790,34,136,1179,71399,27,1719,1516,118,1,637,3924,40
20,3419.6900,18,645,634,763,143,737,44,790,34,136,1179,71399,27,1719,1516,118,1,637,3924,40
20,3419.6900,18,645,634,763,143,737,44,790,34,136,1179,71399,27,1719,1516,118,1,637,3924,40
20,3419.6900,18,645,634,763,143,737,44,790,34,136,1179,71399,27,1719,1516,118,1,637,3924,40
20,3419.6900,18,645,634,763,143,737,44,790,34,136,1179,71399,27,1719,1516,118,1,637,3924,40
20,3419.6900,18,645,634,763,143,737,44,790,34,136,1179,71399,27,1719,1516,118,1,637,3924,40
20,3419.6900,18,645,634,763,143,737,44,790,34,136,1179,71399,27,1719,1516,118,1,637,3924,40
20,3419.6900,18,645,634,763,143,737,44,790,34,136,1179,71399,27,1719,1516,118,1,637,3924,40
20,3419.6900,18,645,634,763,143,737,44,790,34,136,1179,71399,27,1719,1516,118,1,637,3924,40
20,3419.6900,18,645,634,763,143,737,44,790,34,136,1179,71399,27,1719,1516,118,1,637,3924,40
20,3419.6900,18,645,634,763,143,737,44,790,34,136,1179,71399,27,1719,1516,118,1,637,3924,40
20,3413.6600,18,645,634,763,143,737,44,790,34,136,1179,71399,27,1719,1516,118,1,637,3924,40
20,3413.6600,18,645,634,763,143,737,44,790,34,136,1179,71399,27,1719,1516,118,1,637,3924,40
20,3413.5600,18,645,634,763,143,737,44,790,34,136,1179,71399,27,1719,1516,118,1,637,3924,40
20,3413.4100,18,645,634,763,143,737,44,790,34,136,1179,71399,27,1719,1516,118,1,637,3924,40
20,3407.3500,18,645,634,763,143,737,44,790,34,136,1179,71399,27,1719,1516,118,1,637,3924,40
20,3406.8300,18,645,634,763,143,737,44,790,34,136,1179,71399,27,1719,1516,118,1,637,3924,40
