num_genrations,diversity,improvement,best_fitness
0,0.9880952380952381,0,26.200000000000003
1,0.7428571428571429,0.0,26.200000000000003
2,0.5809523809523809,0.021755725190839702,26.770000000000003
3,0.29999999999999993,0.36159880463205074,36.45
4,0.2511904761904763,0.0,36.45
5,0.0,0.0,36.45
6,0.050000000000000044,0.017009602194787112,37.06999999999999
7,0.08690476190476182,-0.0024278392230911577,36.980000000000004
8,0.0702380952380951,0.0,36.980000000000004
9,0.05119047619047623,0.0,36.980000000000004
10,0.05119047619047623,0.0,36.980000000000004
