generation number, pop_size, worst, best, median, avg, std, diversity, improvement, number_of_selections
0, 10, 2.0, 2.01, 2.0, 2.002, 0.003999999999999915,0.9888888888888889,0,[1.e-300]
1, 10, 2.01, 2.08, 2.02, 2.026, 0.019595917942265482,0.8888888888888888,0.034825870646766316,[1.e-300]
2, 10, 2.0, 2.08, 2.03, 2.032, 0.022715633383201126,0.8777777777777778,0.0,[1.e-300]
3, 10, 2.0, 2.08, 2.025, 2.034, 0.025768197453450263,0.9444444444444444,0.0,[1.e-300]
4, 10, 2.0, 2.08, 2.025, 2.028, 0.024819347291981767,0.9111111111111111,0.0,[1.e-300]
5, 10, 2.0, 2.08, 2.04, 2.0409999999999995, 0.026627053911388764,0.8777777777777778,0.0,[1.e-300]
6, 10, 2.0, 2.08, 2.01, 2.029, 0.029816103031751216,0.9222222222222223,0.0,[1.e-300]
7, 10, 2.0, 2.19, 2.0199999999999996, 2.0460000000000003, 0.05695612346359259,0.9333333333333333,0.05288461538461532,[1.e-300]
8, 10, 2.0, 2.19, 2.05, 2.0769999999999995, 0.07170076708097349,0.9444444444444444,0.0,[1.e-300]
9, 10, 2.0, 2.25, 2.05, 2.089, 0.0841961994391671,0.9222222222222223,0.02739726027397263,[1.e-300]
10, 10, 2.0, 2.25, 2.03, 2.0769999999999995, 0.08729833904490975,0.9555555555555556,0.0,[1.e-300]
