n_nodes,influence,n0,n1,n2,n3,n4
5,995.2900,515,347,947,180,507
5,995.2900,515,347,947,180,507
5,995.2900,515,347,947,180,507
5,994.9200,515,165,947,180,232
5,994.9200,515,165,947,180,232
5,994.9200,515,165,947,180,232
5,994.8400,515,165,947,180,507
5,994.8300,515,165,261,520,232
5,994.8300,515,165,261,520,232
5,994.8200,515,165,947,180,507
5,994.8200,515,165,947,180,507
5,994.8200,515,165,947,180,507
5,994.8200,515,165,947,180,507
5,994.8200,515,165,947,180,507
5,994.8200,515,165,947,180,507
5,994.8200,515,165,947,180,507
5,994.8200,515,165,947,180,507
5,994.8200,515,165,947,180,507
5,994.8200,515,165,947,180,507
5,994.8200,515,165,947,180,507
5,994.7700,520,215,947,515,507
5,994.7100,515,165,966,180,507
5,994.6600,520,232,966,515,165
5,994.6600,520,232,966,515,165
5,994.6600,520,232,966,515,165
5,994.6500,515,165,454,865,232
5,994.6500,658,165,454,966,232
5,994.6500,515,165,966,454,232
5,994.6500,515,165,966,454,232
5,994.6500,515,165,966,454,232
5,994.6500,515,165,966,454,232
5,994.6500,515,165,966,454,232
5,994.6500,515,165,966,454,232
5,994.6500,515,165,966,454,232
5,994.6500,515,165,966,454,232
5,994.6500,515,165,966,454,232
5,994.6500,515,165,966,454,232
5,994.6500,515,165,966,454,232
5,994.6500,515,165,966,454,232
5,994.6500,515,165,966,454,232
5,994.6500,515,165,966,454,232
5,994.6500,515,165,966,454,232
5,994.6300,515,850,947,180,507
5,994.6300,515,850,947,180,507
5,994.5900,515,165,966,454,232
5,994.5800,520,347,947,180,507
5,994.5400,520,232,966,515,165
5,994.5400,520,232,966,515,165
5,994.5100,515,165,947,180,507
5,994.5000,515,165,947,180,7
5,994.5000,520,232,966,515,165
5,994.4900,520,232,966,515,165
5,994.4700,515,165,947,180,809
5,994.4000,520,232,966,515,165
5,994.3700,515,165,966,965,232
5,994.3600,520,215,947,515,507
5,994.3600,520,215,947,515,507
5,994.3600,520,215,947,515,507
5,994.3600,520,215,947,515,507
5,994.3600,520,215,947,515,507
5,994.3500,520,232,966,515,507
5,994.3500,520,232,966,515,507
5,994.3300,520,232,966,515,165
5,994.3300,520,232,966,515,165
