generation number, individual number, fitness, candidate
0, 0, 8.09, [87, 127089]
0, 1, 6.71, [73700, 33300]
0, 2, 6.62, [33299, 279]
0, 3, 5.52, [67331, 73703]
0, 4, 5.11, [11926, 278]
0, 5, 5.05, [77358, 113171]
0, 6, 4.93, [70640, 70639]
0, 7, 3.39, [80662, 134365]
0, 8, 2.57, [87893, 67332]
0, 9, 2.0, [87893, 95674]
1, 0, 11.28, [65899, 80450]
1, 1, 10.46, [87, 33297]
1, 2, 9.16, [118602, 283]
1, 3, 9.15, [73700, 88]
1, 4, 8.09, [66059, 80450]
1, 5, 8.09, [87, 127089]
1, 6, 7.97, [66170, 89]
1, 7, 7.5, [286, 123523]
1, 8, 7.03, [33299, 31634]
1, 9, 6.71, [73700, 33300]
2, 0, 11.28, [65899, 80450]
2, 1, 11.14, [33297, 283]
2, 2, 10.46, [87, 33297]
2, 3, 10.01, [88, 80450]
2, 4, 9.69, [65899, 33299]
2, 5, 9.58, [65899, 33299]
2, 6, 9.22, [80656, 80450]
2, 7, 8.88, [46, 80450]
2, 8, 8.84, [65899, 33298]
2, 9, 7.75, [87, 80449]
3, 0, 12.05, [33297, 86]
3, 1, 11.36, [65899, 87]
3, 2, 11.28, [65899, 80450]
3, 3, 11.24, [118602, 11387]
3, 4, 11.14, [33297, 283]
3, 5, 9.69, [123524, 33297]
3, 6, 9.08, [286, 100141]
3, 7, 8.22, [65897, 66169]
3, 8, 7.61, [86, 283]
3, 9, 7.29, [33299, 80450]
4, 0, 12.05, [33297, 11387]
4, 1, 12.05, [33297, 86]
4, 2, 12.02, [33297, 89]
4, 3, 11.36, [65899, 87]
4, 4, 9.93, [33297, 12067]
4, 5, 8.35, [118602, 90]
4, 6, 6.56, [127088, 56240]
4, 7, 5.85, [70639, 86]
4, 8, 5.49, [71858, 66171]
4, 9, 5.44, [80450, 14223]
5, 0, 12.72, [65899, 11387]
5, 1, 12.22, [33297, 11387]
5, 2, 12.05, [33297, 11387]
5, 3, 12.05, [33297, 86]
5, 4, 10.72, [33297, 46]
5, 5, 9.37, [11388, 66166]
5, 6, 8.23, [150654, 100141]
5, 7, 8.02, [33298, 87]
5, 8, 7.28, [33299, 86]
5, 9, 6.16, [73700, 149059]
6, 0, 12.72, [65899, 11387]
6, 1, 12.22, [33297, 11387]
6, 2, 12.16, [33297, 88]
6, 3, 11.05, [65899, 90]
6, 4, 10.68, [33298, 11387]
6, 5, 10.06, [33296, 285]
6, 6, 8.35, [33297, 10375]
6, 7, 6.91, [46, 6376]
6, 8, 6.28, [100807, 80449]
6, 9, 6.16, [144436, 46]
7, 0, 13.13, [65899, 11387]
7, 1, 12.72, [65899, 11387]
7, 2, 12.22, [33297, 11387]
7, 3, 10.58, [11387, 88]
7, 4, 9.78, [98062, 11387]
7, 5, 9.64, [33298, 11387]
7, 6, 6.61, [66059, 91276]
7, 7, 6.32, [1927, 33296]
7, 8, 5.8, [80661, 127088]
7, 9, 4.95, [148118, 1927]
8, 0, 13.13, [65899, 11387]
8, 1, 12.72, [65899, 11387]
8, 2, 10.04, [221360, 80656]
8, 3, 9.86, [33297, 150655]
8, 4, 9.13, [11387, 87]
8, 5, 7.69, [46, 91277]
8, 6, 6.87, [282, 11925]
8, 7, 6.4, [65901, 6376]
8, 8, 6.31, [71858, 12067]
8, 9, 5.56, [70639, 279]
9, 0, 13.13, [65899, 11387]
9, 1, 12.72, [65899, 11387]
9, 2, 9.84, [33298, 11387]
9, 3, 9.7, [11387, 80661]
9, 4, 9.45, [91277, 11387]
9, 5, 7.8, [12067, 70638]
9, 6, 7.74, [31634, 284]
9, 7, 7.74, [73700, 90]
9, 8, 7.37, [65900, 80656]
9, 9, 6.95, [62858, 87]
10, 0, 14.38, [65899, 11388]
10, 1, 13.13, [65899, 11387]
10, 2, 12.72, [65899, 11387]
10, 3, 11.1, [65899, 87]
10, 4, 10.81, [65899, 11925]
10, 5, 10.0, [80656, 118602]
10, 6, 8.36, [285, 62858]
10, 7, 8.11, [11388, 134365]
10, 8, 6.88, [1062, 73703]
10, 9, 6.7, [73700, 156909]
