generation number, pop_size, worst, best, median, avg, std, diversity, improvement, number_of_selections
0, 10, 2.98, 13.79, 5.22, 6.791000000000001, 3.2641122836079033,0.9888888888888889,0,[1.e-300]
1, 10, 6.42, 16.23, 9.41, 10.341, 3.384826288009475,0.9666666666666667,0.17693981145757806,[1.e-300]
2, 10, 4.72, 20.81, 12.96, 11.939, 5.414041835819151,0.8666666666666667,0.28219346888478114,[1.e-300]
3, 10, 5.38, 20.81, 9.559999999999999, 10.849999999999998, 4.329845262824065,0.9,0.0,[1.e-300]
4, 10, 4.65, 20.81, 8.285, 10.65, 5.405698844737838,0.9222222222222223,0.0,[1.e-300]
5, 10, 6.02, 20.81, 11.15, 11.898, 4.750801616569565,0.9111111111111111,0.0,[1.e-300]
6, 10, 5.06, 20.81, 9.225, 11.899, 6.522452682848685,0.9111111111111111,0.0,[1.e-300]
7, 10, 5.29, 20.81, 12.0, 12.726, 5.5210926454824145,0.9,0.0,[1.e-300]
8, 10, 4.95, 20.81, 10.23, 12.515000000000002, 6.069072828694677,0.9111111111111111,0.0,[1.e-300]
9, 10, 4.83, 20.81, 8.95, 11.663, 5.758769052497243,0.9,0.0,[1.e-300]
10, 10, 5.37, 20.81, 8.715, 11.099, 5.869545893849029,0.9444444444444444,0.0,[1.e-300]
