n_nodes,influence,n0,n1,n2,n3,n4
5,8.7100,188689,70286,178392,261826,64244
5,8.7100,70286,120703,64244,48597,127543
5,8.7000,188689,70286,233216,76988,64244
5,8.7000,178678,70286,84752,48597,64244
5,8.7000,127543,70286,178392,261826,48597
5,8.7000,233216,215419,178392,261826,48597
5,8.7000,188689,102124,70286,261826,64244
5,8.7000,178678,215419,178392,76988,64244
5,8.7000,233216,70286,84752,48597,64244
5,8.7000,127543,70286,84752,48597,64244
5,8.7000,178678,70286,233216,76988,64244
5,8.7000,178678,70286,84752,48597,64244
5,8.7000,178678,70286,84752,48597,64244
5,8.7000,158672,70286,188689,48597,178392
5,8.7000,83885,84752,64244,48597,178678
5,8.7000,178678,70286,84752,48597,64244
5,8.7000,233216,64244,178392,90778,76988
5,8.7000,196796,70286,84752,48597,64244
5,8.7000,178678,70286,178392,261826,48597
5,8.7000,196796,70286,178392,261826,48597
5,8.7000,178678,70286,84752,48597,64244
5,8.7000,193964,231719,102932,76988,231581
5,8.7000,178678,70286,84752,48597,64244
5,8.7000,188689,70286,178392,261826,48597
5,8.7000,178678,70286,84752,48597,64244
5,8.7000,188689,70286,178392,261826,48597
5,8.7000,188689,70286,178392,76988,64244
5,8.7000,178678,70286,233216,76988,64244
5,8.7000,188689,70286,178392,261826,48597
5,8.7000,196796,70286,178392,261826,48597
5,8.7000,178678,70286,84752,48597,64244
5,8.7000,233216,215419,178392,261826,48597
5,8.7000,127543,70286,178392,261826,48597
5,8.7000,178678,70286,84752,48597,64244
5,8.7000,233216,215419,178392,261826,48597
5,8.7000,127543,70286,84752,48597,64244
5,8.7000,178678,70286,84752,48597,64244
5,8.7000,233216,215419,178392,76988,64244
5,8.7000,178678,70286,84752,48597,64244
5,8.7000,178678,70286,84752,48597,64244
5,8.7000,188689,216430,70286,93282,64244
5,8.7000,178678,70286,84752,48597,64244
5,8.7000,178678,70286,84752,48597,64244
5,8.7000,127543,70286,233216,76988,64244
5,8.7000,178678,70286,84752,48597,64244
5,8.7000,178678,70286,84752,48597,64244
5,8.7000,178678,70286,84752,48597,64244
5,8.7000,178678,70286,84752,48597,64244
5,8.7000,188689,70286,178392,261826,48597
5,8.7000,233216,215419,178392,261826,48597
5,8.7000,178678,70286,84752,48597,64244
5,8.7000,233216,215419,178392,76988,64244
5,8.7000,188689,216430,70286,93282,64244
5,8.7000,178678,70286,84752,48597,64244
5,8.7000,193964,231719,102932,76988,231581
5,8.7000,233216,215419,178392,76988,64244
5,8.7000,193964,231719,102932,76988,231581
5,8.7000,188689,70286,178392,261826,48597
5,8.7000,178678,70286,84752,48597,64244
5,8.7000,196796,70286,178392,261826,48597
5,8.7000,178678,70286,84752,48597,64244
5,8.7000,188689,70286,178392,261826,48597
5,8.6900,17220,70286,233216,76988,64244
5,8.6900,17220,70286,233216,76988,64244
