generation number, individual number, fitness, candidate
0, 0, 18.84, [2593, 295]
0, 1, 8.45, [103, 265]
0, 2, 8.05, [615, 2593]
0, 3, 7.03, [1082, 609]
0, 4, 7.0, [222, 1095]
0, 5, 6.36, [91, 1088]
0, 6, 4.63, [256, 149]
0, 7, 3.92, [285, 219]
0, 8, 3.56, [244, 191]
0, 9, 3.48, [2532, 2525]
1, 0, 18.84, [2593, 295]
1, 1, 9.73, [103, 2530]
1, 2, 9.53, [279, 4849]
1, 3, 8.54, [103, 4602]
1, 4, 8.45, [103, 265]
1, 5, 7.23, [380, 265]
1, 6, 6.44, [615, 609]
1, 7, 5.59, [2593, 2762]
1, 8, 5.49, [2515, 2512]
1, 9, 5.05, [264, 2770]
2, 0, 22.11, [259, 295]
2, 1, 21.47, [279, 295]
2, 2, 18.84, [2593, 295]
2, 3, 18.55, [2593, 295]
2, 4, 17.09, [537, 295]
2, 5, 11.12, [103, 193]
2, 6, 10.11, [103, 2514]
2, 7, 9.73, [103, 2530]
2, 8, 6.34, [4602, 2530]
2, 9, 6.19, [191, 335]
3, 0, 22.11, [259, 295]
3, 1, 21.47, [279, 295]
3, 2, 20.35, [2595, 295]
3, 3, 18.23, [2770, 295]
3, 4, 17.91, [280, 295]
3, 5, 17.63, [3716, 295]
3, 6, 9.46, [279, 296]
3, 7, 9.18, [259, 265]
3, 8, 5.76, [2514, 534]
3, 9, 5.12, [343, 81]
4, 0, 22.11, [259, 295]
4, 1, 21.47, [279, 295]
4, 2, 17.88, [280, 295]
4, 3, 16.78, [295, 2513]
4, 4, 9.9, [279, 283]
4, 5, 8.35, [2512, 2514]
4, 6, 6.69, [335, 2764]
4, 7, 5.81, [264, 2764]
4, 8, 5.7, [876, 2514]
4, 9, 5.37, [343, 91]
5, 0, 22.11, [259, 295]
5, 1, 21.47, [279, 295]
5, 2, 16.05, [2532, 295]
5, 3, 12.86, [259, 2595]
5, 4, 9.49, [259, 876]
5, 5, 7.55, [209, 263]
5, 6, 7.39, [226, 265]
5, 7, 7.39, [280, 159]
5, 8, 7.11, [280, 2514]
5, 9, 6.34, [2764, 2712]
6, 0, 22.11, [259, 295]
6, 1, 21.47, [279, 295]
6, 2, 18.87, [81, 295]
6, 3, 18.78, [260, 295]
6, 4, 18.05, [265, 295]
6, 5, 16.03, [244, 295]
6, 6, 11.5, [259, 615]
6, 7, 11.4, [269, 3334]
6, 8, 8.96, [279, 615]
6, 9, 7.74, [2762, 1811]
7, 0, 22.11, [259, 295]
7, 1, 21.47, [279, 295]
7, 2, 19.91, [193, 295]
7, 3, 17.24, [4602, 295]
7, 4, 16.1, [616, 295]
7, 5, 10.0, [2711, 98]
7, 6, 7.42, [380, 191]
7, 7, 6.93, [260, 2530]
7, 8, 6.54, [2593, 280]
7, 9, 6.27, [81, 4602]
8, 0, 22.11, [259, 295]
8, 1, 21.47, [279, 295]
8, 2, 13.31, [279, 300]
8, 3, 12.19, [77, 226]
8, 4, 11.78, [102, 269]
8, 5, 8.77, [4602, 103]
8, 6, 8.31, [874, 81]
8, 7, 7.71, [193, 537]
8, 8, 7.67, [280, 159]
8, 9, 6.5, [2530, 876]
9, 0, 22.11, [259, 295]
9, 1, 21.47, [279, 295]
9, 2, 12.59, [259, 103]
9, 3, 9.42, [259, 302]
9, 4, 9.39, [279, 876]
9, 5, 9.17, [259, 876]
9, 6, 8.71, [380, 1080]
9, 7, 8.24, [2597, 222]
9, 8, 6.73, [2525, 283]
9, 9, 6.29, [2527, 81]
10, 0, 22.11, [259, 295]
10, 1, 21.47, [279, 295]
10, 2, 18.78, [81, 295]
10, 3, 18.3, [260, 295]
10, 4, 17.1, [280, 295]
10, 5, 12.58, [259, 300]
10, 6, 9.14, [279, 537]
10, 7, 7.11, [2514, 2770]
10, 8, 7.02, [154, 4849]
10, 9, 6.44, [275, 2513]
