n_nodes,influence,n0,n1,n2,n3,n4,n5,n6,n7,n8,n9,n10,n11,n12,n13,n14
15,1195.4700,6624,795,5508,1221,7238,617,42,2397,1712,7481,5818,5532,3908,798,922
15,1114.9600,6624,5508,1221,7238,1030,5513,2397,7298,7481,5818,795,5532,5245,798,922
15,1109.0900,6624,795,5508,1221,7238,1030,5513,1712,5245,7481,5818,5532,2397,798,922
15,1109.0900,6624,795,5508,1221,7238,1030,5513,1712,5245,7481,5818,5532,2397,798,922
15,1109.0900,6624,795,5508,1221,7238,1030,5513,1712,5245,7481,5818,5532,2397,798,922
15,1109.0900,6624,795,5508,1221,7238,1030,5513,1712,5245,7481,5818,5532,2397,798,922
15,1094.5600,6624,5508,1221,7238,1030,5513,2397,1712,2146,5818,795,5532,5245,798,922
15,1087.3600,6624,5508,1221,7238,1030,1830,1712,561,6293,7481,5818,795,5245,798,922
15,1087.3600,6624,5508,1221,7238,1030,1830,1712,561,6293,7481,5818,795,5245,798,922
15,1085.4200,6624,5508,1221,7238,1030,1830,1712,561,6293,4742,5818,795,5245,798,922
15,1081.0500,6624,1633,5508,7238,1030,617,1712,42,5245,7481,5818,5532,2397,798,922
15,1081.0500,6624,1633,5508,7238,1030,617,1712,42,5245,7481,5818,5532,2397,798,922
15,1074.6500,6624,1633,5508,7238,5513,617,42,2397,6293,4481,5818,795,5245,798,922
15,1073.4900,6624,5508,1221,7238,1030,5513,1712,561,6293,4481,5818,795,5245,798,922
15,1072.6800,6624,1633,5508,7238,1030,617,1712,42,5245,7481,5818,5532,2397,798,922
15,1071.5900,6624,795,5508,1221,7238,1030,5513,1712,561,6293,7481,5818,5245,798,922
