n_nodes,influence,n0,n1,n2,n3,n4
5,22.6500,10487,53751,142657,55200,106807
5,22.6500,10487,53751,142657,55200,106807
5,22.6500,10487,53751,142657,55200,106807
5,22.6200,11411,212754,142657,69875,79362
5,22.5100,11411,53751,142657,55200,106807
5,22.5100,11411,53751,142657,55200,106807
5,22.5100,11411,53751,142657,55200,106807
5,22.5100,11411,53751,142657,55200,106807
5,22.5100,11411,53751,142657,55200,106807
5,22.5100,11411,53751,142657,55200,106807
5,22.5100,11411,53751,142657,55200,106807
5,22.5100,11411,53751,142657,55200,106807
5,22.4700,10487,212754,142657,55200,106807
5,22.4700,10487,212754,142657,69875,79362
5,22.4700,10487,212754,142657,69875,79362
5,22.4700,10487,212754,142657,69875,79362
