num_genrations,diversity,improvement,best_fitness
0,0.9852941176470589,0,47.76999999999999
1,0.794607843137255,0.12162445049194093,53.580000000000005
2,0.40294117647058836,0.00018663680477773244,53.589999999999996
3,0.6598039215686274,0.004665049449524165,53.839999999999996
4,0.39460784313725505,0.0,53.839999999999996
5,0.22401960784313724,0.004829123328380482,54.1
6,0.38088235294117645,0.011275415896487975,54.71
7,0.35882352941176465,0.08444525680862713,59.32999999999999
8,0.34019607843137256,0.02106859935951458,60.57999999999999
9,0.21764705882352953,0.04902608121492229,63.54999999999998
10,0.13088235294117645,0.0,63.54999999999998
