n_nodes,influence,n0,n1,n2,n3,n4,n5,n6,n7,n8,n9,n10,n11,n12,n13,n14
15,94.3400,2213,8,1098,3180,4045,813,2128,1236,789,4982,5079,4824,4441,5181,6334
15,93.8100,3589,71,8,4045,813,2128,5079,317,789,4982,6327,4824,4441,5181,6334
15,93.4700,6327,3589,71,8,4045,813,5552,1236,789,4982,5079,4824,4441,5181,6334
15,92.7100,2213,8,1098,3180,5002,813,5552,1236,789,4982,5079,4824,4441,5181,6334
15,91.0000,6327,3589,71,8,4045,813,5552,1236,789,4982,5079,4824,4441,5181,6334
15,91.0000,6327,3589,71,8,4045,813,5552,1236,789,4982,5079,4824,4441,5181,6334
15,91.0000,6327,3589,71,8,4045,813,5552,1236,789,4982,5079,4824,4441,5181,6334
15,90.9700,6327,3589,71,8,4045,813,2128,1236,789,4982,5079,4824,4441,5181,6334
15,90.7100,6327,3589,71,8,4045,813,2128,1236,789,4982,5079,4824,4441,5181,6334
15,90.6600,6327,3589,71,8,4045,813,5552,1236,789,4982,5079,4824,4441,5181,6334
15,90.5200,6327,3589,71,8,4045,813,2128,1236,789,4982,5079,4824,4441,5181,6334
15,89.2800,6327,3589,71,8,4045,813,2128,1236,789,4982,5079,4824,4441,5181,6334
15,89.2800,6327,3589,71,8,4045,813,2128,1236,789,4982,5079,4824,4441,5181,6334
15,89.2800,6327,3589,71,8,4045,813,2128,1236,789,4982,5079,4824,4441,5181,6334
15,89.2800,6327,3589,71,8,4045,813,2128,1236,789,4982,5079,4824,4441,5181,6334
15,89.2800,6327,3589,71,8,4045,813,2128,1236,789,4982,5079,4824,4441,5181,6334
15,89.2300,6327,3589,71,8,4045,813,2128,1236,789,4982,5079,4824,4441,5181,6334
15,89.1900,6327,3589,71,8,4045,813,2128,1236,789,4982,5079,4824,4441,5181,6334
15,89.1700,6327,3589,71,8,4045,813,5552,1236,789,4982,5079,4824,4441,5181,6334
15,88.7300,2213,8,1098,3180,813,5775,1201,1236,789,4982,5079,4824,4441,5181,6334
15,88.7300,2213,8,1098,3180,813,5775,1201,1236,789,4982,5079,4824,4441,5181,6334
15,88.7300,2213,8,1098,3180,813,5775,1201,1236,789,4982,5079,4824,4441,5181,6334
15,88.5700,6327,3589,71,8,4045,813,5552,1236,789,4982,5079,4824,4441,5181,6334
15,88.5600,6327,3589,71,8,4045,813,2128,1236,789,4982,5079,4824,4441,5181,6334
15,88.4600,6327,3589,71,8,4045,813,2128,1236,789,4982,5079,4824,4441,5181,6334
15,88.4600,6327,3589,71,8,4045,813,2128,1236,789,4982,5079,4824,4441,5181,6334
15,88.4600,6327,3589,71,8,4045,813,2128,1236,789,4982,5079,4824,4441,5181,6334
15,88.4600,6327,3589,71,8,4045,813,2128,1236,789,4982,5079,4824,4441,5181,6334
15,88.4600,6327,3589,71,8,4045,813,2128,1236,789,4982,5079,4824,4441,5181,6334
15,88.4600,6327,3589,71,8,4045,813,2128,1236,789,4982,5079,4824,4441,5181,6334
15,88.4600,6327,3589,71,8,4045,813,2128,1236,789,4982,5079,4824,4441,5181,6334
15,88.4600,6327,3589,71,8,4045,813,2128,1236,789,4982,5079,4824,4441,5181,6334
