num_genrations,diversity,improvement,best_fitness
0,0.9994586614173229,0,1254.31
1,0.9732283464566929,-0.06102957004249345,1177.76
2,0.8963090551181102,0.15528630620839567,1360.65
3,0.7346210629921259,0.0,1360.65
4,0.4624015748031498,0.01567633116525185,1381.98
5,0.5316437007874018,0.007112982821748453,1391.81
6,0.4259350393700787,0.12481588722598633,1565.53
7,0.1838336614173226,0.0,1565.53
8,0.3529281496062995,0.0018140821319297096,1568.37
9,0.3224163385826774,0.01652033640021174,1594.28
10,0.2248031496062992,0.00912010437313393,1608.82
