generation number, individual number, fitness, candidate
0, 0, 3.17, [1060, 12067, 77358]
0, 1, 3.16, [80450, 90, 282]
0, 2, 3.14, [66167, 87, 33297]
0, 3, 3.14, [56237, 80661, 89]
0, 4, 3.08, [150653, 127089, 1063]
0, 5, 3.08, [150015, 80450, 71858]
0, 6, 3.06, [98062, 134361, 67332]
0, 7, 3.06, [11926, 281, 56237]
0, 8, 3.04, [283, 11935, 12067]
0, 9, 3.03, [95674, 113172, 73700]
1, 0, 3.17, [80449, 90, 89]
1, 1, 3.17, [1060, 12067, 77358]
1, 2, 3.16, [80450, 90, 282]
1, 3, 3.14, [46, 12067, 33297]
1, 4, 3.11, [1060, 283, 282]
1, 5, 3.11, [66167, 87, 91277]
1, 6, 3.08, [1060, 87893, 11925]
1, 7, 3.07, [1060, 12067, 65901]
1, 8, 3.05, [98065, 12067, 77358]
1, 9, 3.05, [62858, 80661, 282]
2, 0, 3.18, [1060, 12067, 86]
2, 1, 3.17, [80449, 90, 89]
2, 2, 3.17, [1060, 12067, 77358]
2, 3, 3.11, [280, 150654, 33299]
2, 4, 3.11, [1060, 10375, 77358]
2, 5, 3.1, [73700, 90, 150653]
2, 6, 3.09, [1063, 285, 88]
2, 7, 3.09, [65897, 90, 77358]
2, 8, 3.09, [70638, 283, 282]
2, 9, 3.07, [80449, 127088, 148118]
3, 0, 3.18, [1060, 12067, 86]
3, 1, 3.17, [80449, 90, 89]
3, 2, 3.12, [1060, 14223, 86]
3, 3, 3.11, [65900, 91277, 86]
3, 4, 3.11, [90, 12067, 558]
3, 5, 3.09, [67331, 12067, 46]
3, 6, 3.09, [65901, 14223, 66167]
3, 7, 3.09, [33300, 98063, 11387]
3, 8, 3.08, [284, 1927, 148118]
3, 9, 3.07, [90, 12067, 86]
4, 0, 3.19, [284, 14223, 89]
4, 1, 3.18, [1060, 12067, 86]
4, 2, 3.17, [80449, 90, 89]
4, 3, 3.12, [80661, 12067, 46]
4, 4, 3.11, [150654, 90, 91276]
4, 5, 3.1, [144436, 90, 1927]
4, 6, 3.1, [73703, 90, 33300]
4, 7, 3.09, [98063, 90, 86]
4, 8, 3.09, [1060, 14223, 80449]
4, 9, 3.08, [280, 282, 62858]
5, 0, 3.19, [284, 14223, 89]
5, 1, 3.18, [1060, 12067, 86]
5, 2, 3.16, [284, 98065, 86]
5, 3, 3.14, [98062, 90, 86]
5, 4, 3.14, [90, 56240, 33296]
5, 5, 3.11, [46, 12067, 89]
5, 6, 3.11, [284, 90, 280]
5, 7, 3.09, [80449, 90, 89]
5, 8, 3.09, [149059, 90, 89]
5, 9, 3.08, [148118, 11387, 86]
6, 0, 3.19, [284, 14223, 89]
6, 1, 3.18, [284, 98065, 88]
6, 2, 3.18, [284, 12067, 88]
6, 3, 3.18, [1060, 12067, 86]
6, 4, 3.15, [1060, 279, 86]
6, 5, 3.15, [90, 56240, 280]
6, 6, 3.12, [284, 89, 73700]
6, 7, 3.11, [100141, 14223, 86]
6, 8, 3.09, [284, 14223, 86]
6, 9, 3.09, [1060, 90, 89]
7, 0, 3.19, [284, 98065, 46]
7, 1, 3.19, [284, 14223, 89]
7, 2, 3.18, [284, 98065, 88]
7, 3, 3.17, [283, 98065, 89]
7, 4, 3.17, [284, 1060, 281]
7, 5, 3.15, [283, 148118, 118606]
7, 6, 3.11, [283, 10375, 149059]
7, 7, 3.09, [284, 14223, 86]
7, 8, 3.08, [283, 127089, 91277]
7, 9, 3.07, [283, 821, 31634]
8, 0, 3.21, [286, 98065, 89]
8, 1, 3.19, [284, 98065, 46]
8, 2, 3.19, [284, 14223, 89]
8, 3, 3.15, [283, 80449, 46]
8, 4, 3.14, [284, 98065, 66171]
8, 5, 3.14, [284, 80450, 89]
8, 6, 3.14, [284, 98065, 95674]
8, 7, 3.13, [286, 14223, 46]
8, 8, 3.11, [282, 14223, 46]
8, 9, 3.11, [284, 14223, 77358]
9, 0, 3.21, [286, 98065, 89]
9, 1, 3.19, [284, 98065, 46]
9, 2, 3.18, [284, 80449, 46]
9, 3, 3.16, [286, 283, 33299]
9, 4, 3.16, [284, 80449, 89]
9, 5, 3.15, [286, 98062, 46]
9, 6, 3.13, [1061, 98065, 89]
9, 7, 3.11, [284, 56239, 90]
9, 8, 3.11, [286, 123524, 89]
9, 9, 3.09, [286, 156909, 113173]
10, 0, 3.21, [286, 98065, 89]
10, 1, 3.19, [284, 98065, 46]
10, 2, 3.15, [284, 80450, 46]
10, 3, 3.15, [282, 98065, 46]
10, 4, 3.15, [286, 80450, 46]
10, 5, 3.14, [73703, 80450, 89]
10, 6, 3.13, [284, 98065, 86]
10, 7, 3.13, [284, 148118, 89]
10, 8, 3.1, [31634, 98065, 148118]
10, 9, 3.09, [286, 98062, 11388]
