generation number, individual number, fitness, candidate
0, 0, 3.19, [3147, 1414, 520]
0, 1, 3.12, [1827, 520, 697]
0, 2, 3.11, [520, 487, 1514]
0, 3, 3.06, [873, 741, 2032]
0, 4, 3.06, [934, 970, 1138]
0, 5, 3.06, [841, 970, 905]
0, 6, 3.04, [841, 3, 666]
0, 7, 3.03, [710, 495, 819]
0, 8, 3.03, [1555, 819, 834]
0, 9, 3.02, [2667, 741, 690]
1, 0, 3.19, [3147, 1414, 520]
1, 1, 3.16, [1045, 697, 520]
1, 2, 3.15, [841, 3147, 520]
1, 3, 3.12, [1045, 697, 520]
1, 4, 3.12, [1827, 520, 697]
1, 5, 3.1, [1827, 520, 1229]
1, 6, 3.08, [1827, 520, 3147]
1, 7, 3.05, [3147, 1514, 495]
1, 8, 3.04, [3147, 970, 710]
1, 9, 3.03, [2436, 487, 1414]
2, 0, 3.19, [3147, 1414, 520]
2, 1, 3.17, [1045, 675, 520]
2, 2, 3.16, [1045, 697, 520]
2, 3, 3.15, [850, 1414, 520]
2, 4, 3.14, [1045, 697, 520]
2, 5, 3.13, [1045, 3639, 520]
2, 6, 3.12, [710, 697, 520]
2, 7, 3.12, [1045, 1229, 520]
2, 8, 3.12, [3147, 1569, 520]
2, 9, 3.12, [339, 1414, 520]
3, 0, 3.19, [3147, 1414, 520]
3, 1, 3.17, [1045, 675, 520]
3, 2, 3.15, [476, 1414, 520]
3, 3, 3.13, [1045, 675, 520]
3, 4, 3.09, [3147, 320, 520]
3, 5, 3.09, [741, 675, 520]
3, 6, 3.09, [3147, 1569, 520]
3, 7, 3.09, [1045, 3147, 520]
3, 8, 3.07, [1045, 1414, 495]
3, 9, 3.05, [1045, 1414, 247]
4, 0, 3.19, [3147, 1414, 520]
4, 1, 3.17, [78, 1414, 520]
4, 2, 3.17, [1045, 675, 520]
4, 3, 3.16, [1045, 675, 520]
4, 4, 3.11, [809, 1414, 520]
4, 5, 3.08, [2490, 780, 520]
4, 6, 3.06, [1430, 1414, 1138]
4, 7, 3.04, [3147, 1003, 716]
4, 8, 3.03, [3147, 675, 1555]
4, 9, 3.02, [1045, 1414, 662]
5, 0, 3.19, [3147, 1414, 520]
5, 1, 3.17, [78, 1414, 520]
5, 2, 3.12, [2032, 609, 520]
5, 3, 3.1, [1045, 741, 520]
5, 4, 3.09, [1045, 675, 520]
5, 5, 3.07, [974, 1414, 520]
5, 6, 3.06, [666, 780, 934]
5, 7, 3.05, [809, 1414, 2490]
5, 8, 3.02, [78, 675, 662]
5, 9, 3.02, [1045, 1414, 339]
6, 0, 3.27, [429, 5117, 520]
6, 1, 3.19, [3147, 1414, 520]
6, 2, 3.17, [78, 1414, 520]
6, 3, 3.16, [964, 1414, 520]
6, 4, 3.12, [3147, 1229, 520]
6, 5, 3.11, [3147, 5117, 247]
6, 6, 3.07, [922, 1414, 934]
6, 7, 3.04, [751, 873, 1414]
6, 8, 3.03, [716, 2490, 1540]
6, 9, 3.03, [1045, 1414, 487]
7, 0, 3.27, [429, 5117, 520]
7, 1, 3.22, [1045, 5117, 520]
7, 2, 3.19, [3147, 1414, 520]
7, 3, 3.14, [78, 5117, 662]
7, 4, 3.12, [487, 439, 922]
7, 5, 3.11, [429, 1580, 520]
7, 6, 3.11, [1045, 5117, 520]
7, 7, 3.09, [1569, 1414, 520]
7, 8, 3.06, [429, 691, 520]
7, 9, 3.05, [3147, 1157, 905]
8, 0, 3.27, [429, 5117, 520]
8, 1, 3.22, [1045, 5117, 520]
8, 2, 3.18, [1414, 819, 520]
8, 3, 3.15, [1225, 5117, 1540]
8, 4, 3.14, [78, 5117, 609]
8, 5, 3.13, [429, 675, 520]
8, 6, 3.09, [429, 5117, 339]
8, 7, 3.07, [3147, 5117, 662]
8, 8, 3.07, [2341, 5117, 1157]
8, 9, 3.05, [429, 934, 1414]
9, 0, 3.27, [429, 5117, 520]
9, 1, 3.22, [1045, 5117, 520]
9, 2, 3.16, [635, 5117, 520]
9, 3, 3.14, [429, 780, 520]
9, 4, 3.1, [1045, 5117, 2490]
9, 5, 3.09, [1025, 476, 78]
9, 6, 3.04, [429, 780, 1540]
9, 7, 3.02, [3, 731, 429]
9, 8, 3.0, [429, 751, 339]
9, 9, 3.0, [429, 1419, 1028]
10, 0, 3.27, [429, 5117, 520]
10, 1, 3.22, [1045, 5117, 520]
10, 2, 3.16, [1045, 1567, 520]
10, 3, 3.11, [429, 5117, 3639]
10, 4, 3.11, [429, 5117, 1540]
10, 5, 3.07, [429, 656, 934]
10, 6, 3.05, [1045, 5117, 970]
10, 7, 3.05, [819, 2846, 247]
10, 8, 3.03, [1045, 487, 785]
10, 9, 3.02, [990, 247, 690]
11, 0, 3.27, [429, 5117, 520]
11, 1, 3.22, [1045, 5117, 520]
11, 2, 3.21, [902, 2070, 520]
11, 3, 3.12, [1045, 5117, 716]
11, 4, 3.11, [1045, 970, 520]
11, 5, 3.11, [1157, 1514, 520]
11, 6, 3.1, [15, 1394, 520]
11, 7, 3.08, [1045, 1567, 520]
11, 8, 3.02, [429, 1567, 2490]
11, 9, 3.02, [905, 902, 1138]
12, 0, 3.27, [429, 5117, 520]
12, 1, 3.22, [1045, 5117, 520]
12, 2, 3.18, [902, 2846, 520]
12, 3, 3.15, [1157, 5117, 1540]
12, 4, 3.15, [1045, 691, 520]
12, 5, 3.15, [1045, 1567, 520]
12, 6, 3.12, [2070, 5117, 1603]
12, 7, 3.1, [1045, 675, 520]
12, 8, 3.06, [429, 834, 520]
12, 9, 3.06, [902, 5117, 741]
13, 0, 3.27, [429, 5117, 520]
13, 1, 3.22, [1045, 5117, 520]
13, 2, 3.19, [1045, 5117, 520]
13, 3, 3.17, [429, 1543, 520]
13, 4, 3.16, [429, 697, 520]
13, 5, 3.14, [1045, 5117, 483]
13, 6, 3.12, [429, 5117, 834]
13, 7, 3.1, [483, 5117, 711]
13, 8, 3.08, [690, 1029, 520]
13, 9, 3.06, [1414, 5117, 2490]
14, 0, 3.27, [429, 5117, 520]
14, 1, 3.26, [902, 5117, 520]
14, 2, 3.22, [710, 5117, 520]
14, 3, 3.22, [1045, 5117, 520]
14, 4, 3.18, [1540, 1378, 520]
14, 5, 3.16, [1430, 970, 520]
14, 6, 3.09, [873, 5117, 2490]
14, 7, 3.09, [2341, 1967, 520]
14, 8, 3.08, [247, 841, 520]
14, 9, 3.07, [429, 5117, 990]
15, 0, 3.27, [429, 5117, 520]
15, 1, 3.26, [902, 5117, 520]
15, 2, 3.18, [1045, 476, 520]
15, 3, 3.15, [902, 1603, 520]
15, 4, 3.13, [1045, 5117, 741]
15, 5, 3.1, [666, 1353, 520]
15, 6, 3.08, [2032, 336, 520]
15, 7, 3.05, [902, 2846, 1029]
15, 8, 3.02, [429, 1574, 1509]
15, 9, 3.02, [98, 974, 247]
16, 0, 3.27, [429, 5117, 520]
16, 1, 3.26, [902, 5117, 520]
16, 2, 3.16, [809, 5117, 2490]
16, 3, 3.13, [429, 439, 520]
16, 4, 3.1, [2341, 5117, 691]
16, 5, 3.08, [1580, 5117, 786]
16, 6, 3.04, [675, 1347, 716]
16, 7, 3.03, [3639, 2032, 520]
16, 8, 3.02, [429, 1603, 450]
16, 9, 3.02, [990, 1353, 691]
17, 0, 3.27, [429, 5117, 520]
17, 1, 3.26, [902, 5117, 520]
17, 2, 3.25, [902, 5117, 785]
17, 3, 3.19, [850, 5117, 520]
17, 4, 3.13, [809, 5117, 711]
17, 5, 3.12, [2490, 98, 520]
17, 6, 3.11, [2341, 5117, 970]
17, 7, 3.11, [731, 5117, 3639]
17, 8, 3.09, [711, 5117, 2490]
17, 9, 3.07, [429, 5117, 690]
18, 0, 3.27, [429, 5117, 520]
18, 1, 3.26, [902, 5117, 520]
18, 2, 3.21, [1543, 5117, 520]
18, 3, 3.15, [902, 3, 520]
18, 4, 3.14, [902, 751, 520]
18, 5, 3.14, [902, 5117, 3]
18, 6, 3.13, [3639, 5117, 970]
18, 7, 3.13, [1028, 5117, 711]
18, 8, 3.12, [15, 691, 520]
18, 9, 3.11, [809, 5117, 735]
19, 0, 3.28, [1048, 5117, 520]
19, 1, 3.27, [1580, 5117, 520]
19, 2, 3.27, [429, 5117, 520]
19, 3, 3.26, [902, 5117, 520]
19, 4, 3.19, [990, 5117, 520]
19, 5, 3.18, [2341, 5117, 15]
19, 6, 3.18, [902, 5117, 1028]
19, 7, 3.12, [902, 1567, 520]
19, 8, 3.09, [798, 1028, 520]
19, 9, 3.03, [247, 697, 483]
20, 0, 3.28, [1048, 5117, 520]
20, 1, 3.27, [1580, 5117, 520]
20, 2, 3.19, [990, 5117, 964]
20, 3, 3.14, [1229, 5117, 1378]
20, 4, 3.11, [902, 587, 520]
20, 5, 3.11, [1048, 3, 520]
20, 6, 3.1, [429, 5117, 1219]
20, 7, 3.03, [1378, 690, 1514]
20, 8, 3.02, [1289, 1543, 741]
20, 9, 3.02, [1414, 2340, 716]
21, 0, 3.28, [1048, 5117, 520]
21, 1, 3.27, [1580, 5117, 520]
21, 2, 3.24, [710, 5117, 520]
21, 3, 3.15, [656, 5117, 1540]
21, 4, 3.15, [2032, 5117, 1048]
21, 5, 3.12, [1580, 5117, 247]
21, 6, 3.1, [1048, 5117, 716]
21, 7, 3.1, [1229, 5117, 78]
21, 8, 3.1, [545, 5117, 609]
21, 9, 3.03, [990, 1567, 690]
22, 0, 3.3, [1509, 5117, 520]
22, 1, 3.28, [1048, 5117, 520]
22, 2, 3.27, [1580, 5117, 520]
22, 3, 3.21, [609, 5117, 520]
22, 4, 3.13, [675, 5117, 520]
22, 5, 3.12, [990, 5117, 711]
22, 6, 3.12, [1580, 5117, 587]
22, 7, 3.11, [1048, 1574, 520]
22, 8, 3.04, [1048, 780, 216]
22, 9, 3.01, [691, 1138, 662]
23, 0, 3.3, [1509, 5117, 520]
23, 1, 3.28, [1048, 5117, 520]
23, 2, 3.17, [1580, 5117, 964]
23, 3, 3.17, [1509, 5117, 741]
23, 4, 3.09, [1580, 1003, 520]
23, 5, 3.08, [1394, 1540, 520]
23, 6, 3.04, [1028, 98, 990]
23, 7, 3.02, [1141, 1225, 1378]
23, 8, 3.01, [710, 656, 741]
23, 9, 3.01, [1603, 691, 1543]
24, 0, 3.3, [1509, 5117, 520]
24, 1, 3.28, [1048, 5117, 520]
24, 2, 3.12, [1509, 5117, 476]
24, 3, 3.12, [520, 495, 1569]
24, 4, 3.11, [1580, 5117, 1540]
24, 5, 3.1, [1580, 831, 520]
24, 6, 3.09, [786, 1353, 520]
24, 7, 3.06, [1509, 5117, 2436]
24, 8, 3.02, [1048, 2436, 741]
24, 9, 3.02, [1048, 905, 964]
25, 0, 3.3, [1509, 5117, 520]
25, 1, 3.28, [1048, 5117, 520]
25, 2, 3.13, [1138, 5117, 520]
25, 3, 3.1, [520, 662, 841]
25, 4, 3.09, [2340, 809, 520]
25, 5, 3.07, [710, 1347, 964]
25, 6, 3.05, [716, 3, 487]
25, 7, 3.03, [1509, 990, 1157]
25, 8, 3.03, [819, 609, 1569]
25, 9, 3.03, [1048, 1827, 691]
26, 0, 3.3, [1509, 5117, 520]
26, 1, 3.28, [1048, 5117, 520]
26, 2, 3.2, [841, 990, 520]
26, 3, 3.16, [1029, 1219, 520]
26, 4, 3.14, [1353, 5117, 1003]
26, 5, 3.13, [483, 1574, 520]
26, 6, 3.13, [1509, 831, 520]
26, 7, 3.12, [1509, 1567, 520]
26, 8, 3.08, [1509, 751, 520]
26, 9, 3.07, [1543, 905, 2846]
27, 0, 3.31, [520, 5117, 809]
27, 1, 3.3, [1509, 5117, 520]
27, 2, 3.28, [1048, 5117, 520]
27, 3, 3.2, [339, 5117, 520]
27, 4, 3.15, [1029, 5117, 1555]
27, 5, 3.14, [1029, 751, 520]
27, 6, 3.11, [2667, 5117, 635]
27, 7, 3.1, [1048, 1603, 520]
27, 8, 3.09, [1048, 970, 520]
27, 9, 3.05, [1509, 990, 716]
28, 0, 3.31, [520, 5117, 809]
28, 1, 3.3, [1509, 5117, 520]
28, 2, 3.18, [520, 5117, 216]
28, 3, 3.18, [1509, 1430, 520]
28, 4, 3.14, [1289, 5117, 809]
28, 5, 3.09, [1603, 5117, 1514]
28, 6, 3.08, [922, 905, 520]
28, 7, 3.07, [711, 780, 520]
28, 8, 3.01, [450, 974, 1509]
28, 9, 3.0, [1509, 320, 429]
29, 0, 3.31, [520, 5117, 809]
29, 1, 3.3, [1509, 5117, 520]
29, 2, 3.27, [520, 5117, 922]
29, 3, 3.18, [520, 5117, 850]
29, 4, 3.14, [1509, 5117, 934]
29, 5, 3.12, [2436, 5117, 1347]
29, 6, 3.1, [1569, 5117, 1514]
29, 7, 3.09, [905, 520, 809]
29, 8, 3.06, [3639, 1514, 970]
29, 9, 3.02, [1509, 1567, 809]
30, 0, 3.33, [520, 841, 5117]
30, 1, 3.31, [520, 5117, 809]
30, 2, 3.3, [1509, 5117, 520]
30, 3, 3.22, [520, 5117, 1141]
30, 4, 3.17, [731, 1378, 520]
30, 5, 3.16, [711, 5117, 934]
30, 6, 3.14, [520, 831, 809]
30, 7, 3.13, [1509, 5117, 3639]
30, 8, 3.09, [1509, 5117, 439]
30, 9, 3.08, [439, 850, 520]
31, 0, 3.33, [520, 841, 5117]
31, 1, 3.32, [520, 1219, 5117]
31, 2, 3.31, [520, 5117, 809]
31, 3, 3.16, [520, 5117, 666]
31, 4, 3.14, [587, 5117, 1141]
31, 5, 3.11, [520, 850, 5117]
31, 6, 3.1, [1509, 5117, 1555]
31, 7, 3.1, [1025, 816, 5117]
31, 8, 3.09, [520, 545, 735]
31, 9, 3.09, [635, 5117, 716]
32, 0, 3.33, [520, 841, 5117]
32, 1, 3.32, [520, 1219, 5117]
32, 2, 3.28, [520, 450, 5117]
32, 3, 3.25, [520, 834, 5117]
32, 4, 3.12, [520, 1514, 694]
32, 5, 3.11, [786, 5117, 731]
32, 6, 3.11, [520, 1603, 1225]
32, 7, 3.08, [520, 798, 1378]
32, 8, 3.07, [320, 1229, 5117]
32, 9, 3.03, [780, 873, 905]
33, 0, 3.33, [520, 841, 5117]
33, 1, 3.32, [520, 1219, 5117]
33, 2, 3.23, [520, 1025, 5117]
33, 3, 3.11, [520, 1219, 1567]
33, 4, 3.11, [520, 1514, 1289]
33, 5, 3.07, [1347, 1603, 5117]
33, 6, 3.05, [834, 841, 934]
33, 7, 3.04, [716, 1219, 694]
33, 8, 3.04, [1045, 841, 247]
33, 9, 3.04, [476, 841, 1574]
34, 0, 3.33, [520, 841, 5117]
34, 1, 3.32, [520, 1219, 5117]
34, 2, 3.14, [520, 1603, 1289]
34, 3, 3.14, [520, 2340, 5117]
34, 4, 3.11, [520, 1414, 336]
34, 5, 3.09, [520, 1603, 1394]
34, 6, 3.07, [1029, 1219, 5117]
34, 7, 3.04, [831, 841, 1141]
34, 8, 3.04, [483, 841, 1574]
34, 9, 3.02, [786, 1229, 831]
35, 0, 3.33, [520, 841, 5117]
35, 1, 3.32, [520, 1219, 5117]
35, 2, 3.21, [520, 841, 216]
35, 3, 3.14, [520, 1219, 970]
35, 4, 3.12, [520, 1569, 1028]
35, 5, 3.1, [520, 1603, 1029]
35, 6, 3.05, [1540, 2340, 1289]
35, 7, 3.05, [247, 1430, 2032]
35, 8, 3.04, [711, 990, 850]
35, 9, 3.04, [1540, 841, 675]
36, 0, 3.33, [520, 841, 5117]
36, 1, 3.32, [520, 1219, 5117]
36, 2, 3.27, [520, 3147, 5117]
36, 3, 3.24, [520, 1603, 5117]
36, 4, 3.16, [520, 1219, 1574]
36, 5, 3.16, [520, 841, 2032]
36, 6, 3.12, [520, 1603, 216]
36, 7, 3.11, [520, 339, 970]
36, 8, 3.07, [1138, 841, 1555]
36, 9, 3.06, [816, 1430, 934]
37, 0, 3.33, [520, 990, 5117]
37, 1, 3.33, [520, 841, 5117]
37, 2, 3.32, [520, 1219, 5117]
37, 3, 3.16, [520, 841, 816]
37, 4, 3.14, [520, 1603, 934]
37, 5, 3.13, [520, 635, 873]
37, 6, 3.09, [520, 336, 831]
37, 7, 3.07, [520, 320, 905]
37, 8, 3.04, [711, 841, 1141]
37, 9, 3.04, [2846, 1219, 1045]
38, 0, 3.33, [520, 990, 5117]
38, 1, 3.33, [520, 841, 5117]
38, 2, 3.26, [520, 5117, 587]
38, 3, 3.17, [1138, 841, 5117]
38, 4, 3.15, [520, 1219, 2070]
38, 5, 3.15, [520, 990, 2846]
38, 6, 3.13, [520, 990, 1574]
38, 7, 3.07, [1138, 990, 1289]
38, 8, 3.05, [2032, 1028, 990]
38, 9, 3.05, [520, 675, 1229]
39, 0, 3.33, [520, 990, 5117]
39, 1, 3.33, [520, 841, 5117]
39, 2, 3.16, [520, 902, 1967]
39, 3, 3.16, [520, 439, 905]
39, 4, 3.14, [1540, 841, 5117]
39, 5, 3.12, [520, 741, 635]
39, 6, 3.1, [520, 970, 841]
39, 7, 3.08, [780, 3639, 5117]
39, 8, 3.05, [1138, 1414, 3]
39, 9, 3.03, [1138, 587, 751]
40, 0, 3.33, [520, 990, 5117]
40, 1, 3.33, [520, 841, 5117]
40, 2, 3.22, [520, 1967, 5117]
40, 3, 3.18, [520, 841, 1138]
40, 4, 3.17, [520, 841, 831]
40, 5, 3.13, [3, 902, 5117]
40, 6, 3.12, [711, 990, 5117]
40, 7, 3.09, [1567, 841, 990]
40, 8, 3.09, [520, 1419, 990]
40, 9, 3.08, [520, 841, 1045]
41, 0, 3.33, [520, 990, 5117]
41, 1, 3.33, [520, 841, 5117]
41, 2, 3.23, [520, 735, 5117]
41, 3, 3.19, [520, 1219, 5117]
41, 4, 3.18, [520, 1543, 905]
41, 5, 3.12, [520, 990, 831]
41, 6, 3.1, [1967, 429, 5117]
41, 7, 3.1, [520, 609, 831]
41, 8, 3.04, [710, 990, 831]
41, 9, 3.03, [922, 429, 1567]
42, 0, 3.33, [520, 990, 5117]
42, 1, 3.33, [520, 841, 5117]
42, 2, 3.17, [520, 831, 5117]
42, 3, 3.16, [964, 934, 5117]
42, 4, 3.12, [1003, 1347, 5117]
42, 5, 3.12, [587, 710, 5117]
42, 6, 3.11, [1569, 3, 5117]
42, 7, 3.11, [662, 841, 5117]
42, 8, 3.07, [731, 841, 902]
42, 9, 3.01, [1048, 690, 2032]
43, 0, 3.33, [520, 990, 5117]
43, 1, 3.33, [520, 841, 5117]
43, 2, 3.29, [520, 545, 5117]
43, 3, 3.23, [1138, 990, 5117]
43, 4, 3.22, [520, 798, 5117]
43, 5, 3.21, [339, 816, 5117]
43, 6, 3.15, [741, 990, 5117]
43, 7, 3.13, [964, 1289, 5117]
43, 8, 3.1, [964, 339, 5117]
43, 9, 3.09, [780, 656, 5117]
44, 0, 3.33, [520, 990, 5117]
44, 1, 3.33, [520, 841, 5117]
44, 2, 3.21, [520, 751, 1603]
44, 3, 3.17, [520, 545, 831]
44, 4, 3.16, [520, 841, 990]
44, 5, 3.15, [520, 710, 5117]
44, 6, 3.14, [216, 2032, 5117]
44, 7, 3.08, [520, 1028, 1603]
44, 8, 3.06, [3147, 690, 2032]
44, 9, 3.04, [2490, 990, 1574]
45, 0, 3.33, [520, 990, 5117]
45, 1, 3.33, [520, 841, 5117]
45, 2, 3.22, [520, 990, 751]
45, 3, 3.11, [1540, 1381, 5117]
45, 4, 3.1, [520, 990, 751]
45, 5, 3.08, [741, 2070, 1347]
45, 6, 3.06, [666, 216, 5117]
45, 7, 3.05, [336, 841, 216]
45, 8, 3.05, [2667, 841, 1141]
45, 9, 3.03, [15, 2667, 5117]
46, 0, 3.33, [520, 990, 5117]
46, 1, 3.33, [520, 841, 5117]
46, 2, 3.23, [520, 1003, 5117]
46, 3, 3.14, [520, 1381, 1567]
46, 4, 3.13, [520, 1394, 1028]
46, 5, 3.12, [520, 1003, 5117]
46, 6, 3.11, [1540, 990, 5117]
46, 7, 3.11, [429, 841, 5117]
46, 8, 3.08, [711, 990, 5117]
46, 9, 3.05, [520, 339, 751]
47, 0, 3.33, [520, 990, 5117]
47, 1, 3.33, [520, 841, 5117]
47, 2, 3.16, [520, 1394, 970]
47, 3, 3.16, [520, 1381, 751]
47, 4, 3.14, [520, 697, 1514]
47, 5, 3.13, [520, 339, 1028]
47, 6, 3.13, [520, 990, 922]
47, 7, 3.12, [1045, 1394, 5117]
47, 8, 3.11, [520, 834, 1543]
47, 9, 3.1, [520, 1028, 1567]
48, 0, 3.33, [520, 990, 5117]
48, 1, 3.33, [520, 841, 5117]
48, 2, 3.23, [520, 1430, 5117]
48, 3, 3.21, [520, 834, 5117]
48, 4, 3.16, [1219, 429, 5117]
48, 5, 3.14, [2490, 1414, 5117]
48, 6, 3.13, [520, 697, 2032]
48, 7, 3.12, [520, 819, 2341]
48, 8, 3.11, [520, 1514, 1543]
48, 9, 3.11, [247, 990, 5117]
49, 0, 3.33, [520, 990, 5117]
49, 1, 3.33, [520, 841, 5117]
49, 2, 3.26, [520, 1028, 5117]
49, 3, 3.22, [520, 1028, 5117]
49, 4, 3.16, [1219, 1025, 5117]
49, 5, 3.13, [520, 841, 1567]
49, 6, 3.12, [520, 1219, 786]
49, 7, 3.12, [520, 841, 336]
49, 8, 3.1, [520, 429, 1509]
49, 9, 3.04, [1138, 439, 970]
50, 0, 3.33, [520, 990, 5117]
50, 1, 3.33, [520, 841, 5117]
50, 2, 3.15, [520, 1003, 5117]
50, 3, 3.15, [520, 990, 831]
50, 4, 3.13, [520, 716, 905]
50, 5, 3.12, [520, 1029, 2667]
50, 6, 3.11, [520, 2436, 2070]
50, 7, 3.07, [520, 1157, 902]
50, 8, 3.06, [450, 1569, 5117]
50, 9, 3.05, [809, 691, 873]
