n_nodes,influence,n0,n1,n2,n3,n4
5,261.7000,2276,11302,290,4149,20839
5,253.9000,2276,11302,290,4149,66570
5,252.5000,2276,11302,290,4149,20839
5,249.4000,290,2276,11302,62517,4149
5,246.8000,2276,11302,290,4149,20839
5,246.8000,2276,11302,290,4149,20839
5,246.8000,2276,11302,290,4149,20839
5,243.5000,290,2276,11302,4149,20839
5,240.4000,2276,11302,290,4149,20839
5,240.4000,2276,11302,290,4149,20839
5,240.4000,2276,11302,290,4149,20839
5,237.9000,290,2276,11302,66570,13163
5,237.9000,290,2276,11302,66570,13163
5,223.7000,2276,11302,290,62517,4149
5,223.0000,290,2276,11302,4149,20839
5,218.7000,2276,11302,290,4149,66570
