n_nodes,influence,n0,n1,n2,n3,n4
5,697.4600,444,323,625,633,818
5,697.4600,444,323,625,633,818
5,697.4400,444,323,625,103,362
5,697.4400,444,323,625,103,362
5,697.4400,444,323,625,103,362
5,697.4400,444,323,625,103,362
5,697.4400,444,323,625,103,362
5,697.4400,444,323,625,103,362
5,697.4400,444,323,625,103,362
5,697.4400,444,323,625,103,362
5,697.2300,828,934,655,625,444
5,697.2300,828,934,655,625,444
5,697.2000,444,323,625,103,818
5,697.1700,143,773,97,633,818
5,697.1700,143,773,97,633,818
5,696.6400,444,323,625,655,934
