n_nodes,influence,n0,n1,n2,n3,n4,n5,n6,n7,n8,n9
10,196.8300,8,1166,5524,2972,2658,20,766,2565,310,173
10,196.8300,8,1166,5524,2972,2658,20,766,2565,310,173
10,196.8300,8,1166,5524,2972,2658,20,766,2565,310,173
10,196.8300,8,1166,5524,2972,2658,20,766,2565,310,173
10,196.8300,8,1166,5524,2972,2658,20,766,2565,310,173
10,196.8300,8,1166,5524,2972,2658,20,766,2565,310,173
10,196.8300,8,1166,5524,2972,2658,20,766,2565,310,173
10,196.8300,8,1166,5524,2972,2658,20,766,2565,310,173
10,196.8300,8,1166,5524,2972,2658,20,766,2565,310,173
10,196.8300,8,1166,5524,2972,2658,20,766,2565,310,173
10,196.8300,8,1166,5524,2972,2658,20,766,2565,310,173
10,196.8300,8,1166,5524,2972,2658,20,766,2565,310,173
10,196.8300,8,1166,5524,2972,2658,20,766,2565,310,173
10,196.8300,8,1166,5524,2972,2658,20,766,2565,310,173
10,196.8300,8,1166,5524,2972,2658,20,766,2565,310,173
10,196.8300,8,1166,5524,2972,2658,20,766,2565,310,173
10,196.8300,8,1166,5524,2972,2658,20,766,2565,310,173
10,196.8300,8,1166,5524,2972,2658,20,766,2565,310,173
10,196.8300,8,1166,5524,2972,2658,20,766,2565,310,173
10,196.8300,8,1166,5524,2972,2658,20,766,2565,310,173
10,196.8300,8,1166,5524,2972,2658,20,766,2565,310,173
10,196.8300,8,1166,5524,2972,2658,20,766,2565,310,173
10,196.8300,8,1166,5524,2972,2658,20,766,2565,310,173
10,196.8300,8,1166,5524,2972,2658,20,766,2565,310,173
10,196.8300,8,1166,5524,2972,2658,20,766,2565,310,173
10,196.8300,8,1166,5524,2972,2658,20,766,2565,310,173
10,196.8300,8,1166,5524,2972,2658,20,766,2565,310,173
10,196.8300,8,1166,5524,2972,2658,20,766,2565,310,173
10,196.8300,8,1166,5524,2972,2658,20,766,2565,310,173
10,196.8300,8,1166,5524,2972,2658,20,766,2565,310,173
10,196.8300,8,1166,5524,2972,2658,20,766,2565,310,173
10,196.8300,8,1166,5524,2972,2658,20,766,2565,310,173
10,196.8300,8,1166,5524,2972,2658,20,766,2565,310,173
10,196.8300,8,1166,5524,2972,2658,20,766,2565,310,173
10,196.8300,8,1166,5524,2972,2658,20,766,2565,310,173
10,196.8300,8,1166,5524,2972,2658,20,766,2565,310,173
10,196.8300,8,1166,5524,2972,2658,20,766,2565,310,173
10,196.8300,8,1166,5524,2972,2658,20,766,2565,310,173
10,196.8300,8,1166,5524,2972,2658,20,766,2565,310,173
10,196.8300,8,1166,5524,2972,2658,20,766,2565,310,173
10,196.8300,8,1166,5524,2972,2658,20,766,2565,310,173
10,196.8300,8,1166,5524,2972,2658,20,766,2565,310,173
10,196.8300,8,1166,5524,2972,2658,20,766,2565,310,173
10,196.8300,8,1166,5524,2972,2658,20,766,2565,310,173
10,196.8300,8,1166,5524,2972,2658,20,766,2565,310,173
10,196.8300,8,1166,5524,2972,2658,20,766,2565,310,173
10,196.8300,8,1166,5524,2972,2658,20,766,2565,310,173
10,196.8300,8,1166,5524,2972,2658,20,766,2565,310,173
10,196.8300,8,1166,5524,2972,2658,20,766,2565,310,173
10,193.4300,8,1166,5524,2972,2658,20,766,2565,310,173
10,192.9000,8,1166,5524,2972,2658,20,766,2565,310,173
10,192.8900,8,1166,5524,2972,2658,20,766,2565,310,173
10,192.1400,8,1166,5524,2972,2658,20,766,2565,310,173
10,191.5000,8,1166,5524,2972,2658,20,766,2565,310,173
10,191.3400,8,1166,5524,2972,2658,20,766,2565,310,173
10,191.1000,8,1166,5524,2972,2658,20,766,2565,310,173
10,190.8000,8,1166,5524,2972,2658,20,766,2565,310,173
10,190.7900,8,1166,5524,2972,2658,20,766,2565,310,173
10,190.6700,8,1166,5524,2972,2658,20,766,2565,310,173
10,190.4600,8,1166,5524,2972,2658,20,766,2565,310,173
10,190.2900,8,1166,5524,2972,2658,20,766,2565,310,173
10,190.2800,8,1166,5524,2972,2658,20,766,2565,310,173
10,190.2500,8,1166,5524,2972,2658,20,766,2565,310,173
10,190.1900,8,1166,5524,2972,2658,20,766,2565,310,173
10,189.9300,8,1166,5524,2972,2658,20,766,2565,310,173
10,189.7600,8,1166,5524,2972,2658,20,766,2565,310,173
10,189.6200,8,1166,5524,2972,2658,20,766,2565,310,173
10,189.3600,8,1166,5524,2972,2658,20,766,2565,310,173
10,189.3100,8,1166,5524,2972,2658,20,766,2565,310,173
10,189.0100,8,1166,5524,2972,2658,20,766,2565,310,173
10,188.9700,8,1166,5524,2972,2658,20,766,2565,310,173
10,188.9200,8,1166,5524,2972,2658,20,766,2565,310,173
10,188.9000,8,1166,5524,2972,2658,20,766,2565,310,173
10,188.8500,8,1166,5524,2972,2658,20,766,2565,310,173
10,188.5000,8,1166,5524,2972,2658,20,766,2565,310,173
10,188.2700,8,1166,5524,2972,2658,20,766,2565,310,173
10,188.2400,8,1166,5524,2972,2658,20,766,2565,310,173
10,187.8400,8,1166,5524,2972,2658,20,766,2565,310,173
10,187.7500,8,1166,5524,2972,2658,20,766,2565,310,173
10,187.5700,8,1166,5524,2972,2658,20,766,2565,310,173
10,187.2500,8,1166,5524,2972,2658,20,766,2565,310,173
10,187.1700,8,1166,5524,2972,2658,20,766,2565,310,173
10,186.9300,8,1166,5524,2972,2658,20,766,2565,310,173
10,186.5800,8,1166,5524,2972,2658,20,766,2565,310,173
10,186.4000,8,1166,5524,2972,2658,20,766,2565,310,173
10,186.2400,8,1166,5524,2972,2658,20,766,2565,310,173
10,186.2400,8,1166,5524,2972,2658,20,766,2565,310,173
10,186.0300,8,1166,5524,2972,2658,20,766,2565,310,173
10,186.0100,8,1166,5524,2972,2658,20,766,2565,310,173
10,186.0000,8,1166,5524,2972,2658,20,766,2565,310,173
10,185.9700,8,1166,5524,2972,2658,20,766,2565,310,173
10,185.7400,8,1166,5524,2972,2658,20,766,2565,310,173
10,185.6400,8,1166,5524,2972,2658,20,766,2565,310,173
10,185.4700,8,1166,5524,2972,2658,20,766,2565,310,173
10,185.2600,8,1166,5524,2972,2658,20,766,2565,310,173
10,185.0300,8,1166,5524,2972,2658,20,766,2565,310,173
10,184.9700,8,1166,5524,2972,2658,20,766,2565,310,173
10,184.9000,8,1166,5524,2972,2658,20,766,2565,310,173
10,183.2400,8,1166,5524,2972,2658,20,766,2565,310,173
10,181.3800,8,1166,5524,2972,2658,20,766,2565,310,173
