n_nodes,influence,n0,n1,n2,n3,n4
5,292.8300,5953,3087,43435,4920,831
5,291.9700,5953,5157,64183,4920,831
5,291.9700,5953,5157,64183,4920,831
5,291.9700,5953,5157,64183,4920,831
5,289.9200,831,5953,64183,4920,54682
5,289.9200,831,5953,64183,4920,54682
5,289.9200,831,5953,64183,4920,54682
5,289.9200,831,5953,64183,4920,54682
5,289.5800,5953,7014,64183,4920,831
5,289.5500,5953,5157,64183,4920,831
5,289.4700,5953,5157,32049,4920,831
5,287.7900,5953,3087,64183,4920,831
5,287.7900,5953,3087,64183,4920,831
5,287.7900,5953,3087,64183,4920,831
5,287.7500,5953,5157,64183,4920,831
5,287.7300,831,5953,64183,4920,29051
5,286.1300,831,5953,64183,4920,5157
5,286.1300,831,5953,64183,4920,5157
5,285.6600,5953,57292,4920,54682,831
5,285.4500,831,5953,64183,4920,54682
5,285.0000,5953,7014,64183,4920,831
5,285.0000,5953,7014,64183,4920,831
5,284.5300,5953,38844,64183,4920,831
5,283.6600,831,5953,64183,4920,39803
5,283.4800,5953,7014,64183,4920,831
5,283.4800,5953,7014,64183,4920,831
5,283.4800,5953,7014,64183,4920,831
5,283.4800,5953,7014,64183,4920,831
5,283.4800,5953,7014,64183,4920,831
5,283.2000,831,5953,64183,4920,54682
5,283.2000,831,5953,64183,4920,54682
5,283.2000,831,5953,64183,4920,54682
5,276.7000,831,15213,64183,4920,5157
5,275.2200,831,15213,64183,4920,54682
5,275.2200,831,15213,64183,4920,54682
5,274.7700,831,15213,52439,4920,54682
5,272.7000,11711,64183,4920,54682,831
5,272.2500,831,15213,52439,4920,54682
5,272.2500,831,15213,52439,4920,54682
5,272.1100,15213,64183,4920,58617,831
5,270.5000,831,15213,64183,4920,29051
5,270.5000,831,15213,64183,4920,29051
5,270.5000,831,15213,64183,4920,29051
5,269.3900,15213,64183,4920,1868,831
5,268.7100,14894,64183,4920,29051,831
5,267.0500,29206,64183,4920,29051,831
5,266.8100,29382,52439,4920,54682,831
5,252.5000,5953,5157,48460,4920,54682
5,252.5000,5953,5157,48460,4920,54682
5,252.5000,5953,5157,48460,4920,54682
5,252.5000,5953,5157,48460,4920,54682
5,252.5000,5953,5157,48460,4920,54682
5,249.7300,5953,5157,48460,4920,54682
5,249.5100,5953,5157,48460,4920,54682
5,249.4800,5953,3087,64183,4920,5157
5,249.2300,5953,5157,48460,4920,54682
5,248.9700,5953,5157,3959,4920,54682
5,248.2400,5953,5157,3959,4920,54682
5,248.1900,5953,5157,32049,4920,54682
5,247.9900,5953,5157,32049,4920,54682
5,247.9900,5953,5157,32049,4920,54682
5,247.9900,5953,5157,32049,4920,54682
5,247.9900,5953,5157,32049,4920,54682
5,247.9900,5953,5157,32049,4920,54682
