num_genrations,diversity,improvement,best_fitness
0,1.0,0,153.102
1,0.79,0.3727841569672505,210.176
2,0.28833333333333333,0.011533191230207096,212.6
3,0.19500000000000006,0.16783631232361249,248.282
4,0.1316666666666665,0.005864299465929825,249.738
5,0.02499999999999991,0.001881972306977708,250.208
6,0.02499999999999991,0.371946540478322,343.272
7,0.10499999999999998,0.0,343.272
8,0.17499999999999982,0.01809643664499286,349.484
9,0.02499999999999991,0.012183676505934573,353.742
10,0.0,0.0,353.742
