n_nodes,influence,n0,n1,n2,n3,n4
5,451.2100,1215,4846,2707,3642,988
5,451.2100,1215,4846,2707,3642,988
5,451.2100,1215,4846,2707,3642,988
5,451.2100,1215,4846,2707,3642,988
5,451.2100,1215,4846,2707,3642,988
5,418.6800,2545,4846,988,2707,3642
5,418.6800,2545,4846,988,2707,3642
5,418.6800,2545,4846,988,2707,3642
5,418.6800,2545,4846,2707,3642,988
5,418.6800,2545,4846,988,2707,3642
5,418.6800,2545,4846,988,2707,3642
5,418.6800,2545,4846,988,2707,3642
5,418.6800,2545,4846,988,2707,3642
5,418.6800,2545,4846,988,2707,3642
5,418.6800,2545,4846,988,2707,3642
5,418.6800,2545,4846,988,2707,3642
